0	464	3172	0
1	464	4864	0
1	464	6316	4864
0	464	2312	4864,6316
1	464	9109	4864,6316
1	464	4247	4864,6316,9109
0	464	9580	4864,6316,9109,4247
0	464	7913	4864,6316,9109,4247
0	464	3909	4864,6316,9109,4247
1	464	32837	4864,6316,9109,4247
1	464	32180	4864,6316,9109,4247,32837
0	464	5450	4864,6316,9109,4247,32837,32180
0	464	10372	4864,6316,9109,4247,32837,32180
0	464	7751	4864,6316,9109,4247,32837,32180
0	464	10051	4864,6316,9109,4247,32837,32180
1	464	11573	4864,6316,9109,4247,32837,32180
0	464	11241	4864,6316,9109,4247,32837,32180,11573
0	464	9021	4864,6316,9109,4247,32837,32180,11573
1	464	12037	4864,6316,9109,4247,32837,32180,11573
1	464	32266	4864,6316,9109,4247,32837,32180,11573,12037
1	464	14815	4864,6316,9109,4247,32837,32180,11573,12037,32266
1	464	6210	4864,6316,9109,4247,32837,32180,11573,12037,32266,14815
1	464	16946	4864,6316,9109,4247,32837,32180,11573,12037,32266,14815,6210
1	464	14386	4864,6316,9109,4247,32837,32180,11573,12037,32266,14815,6210,16946
0	464	32224	4864,6316,9109,4247,32837,32180,11573,12037,32266,14815,6210,16946,14386
0	464	10584	4864,6316,9109,4247,32837,32180,11573,12037,32266,14815,6210,16946,14386
1	464	23453	4864,6316,9109,4247,32837,32180,11573,12037,32266,14815,6210,16946,14386
0	464	27393	4864,6316,9109,4247,32837,32180,11573,12037,32266,14815,6210,16946,14386,23453
1	464	21948	4864,6316,9109,4247,32837,32180,11573,12037,32266,14815,6210,16946,14386,23453
