1	834	31962	0
1	834	9497	31962
0	834	66	31962,9497
1	834	1299	31962,9497
0	834	1485	31962,9497,1299
0	834	5678	31962,9497,1299
1	834	8350	31962,9497,1299
1	834	9981	31962,9497,1299,8350
0	834	14514	31962,9497,1299,8350,9981
1	834	17720	31962,9497,1299,8350,9981
1	834	17859	31962,9497,1299,8350,9981,17720
0	834	24827	31962,9497,1299,8350,9981,17720,17859
1	834	15314	31962,9497,1299,8350,9981,17720,17859
0	834	26042	31962,9497,1299,8350,9981,17720,17859,15314
0	834	26204	31962,9497,1299,8350,9981,17720,17859,15314
1	834	4845	31962,9497,1299,8350,9981,17720,17859,15314
1	834	7694	31962,9497,1299,8350,9981,17720,17859,15314,4845
0	834	8600	31962,9497,1299,8350,9981,17720,17859,15314,4845,7694
1	834	18702	31962,9497,1299,8350,9981,17720,17859,15314,4845,7694
1	834	20690	31962,9497,1299,8350,9981,17720,17859,15314,4845,7694,18702
0	834	23889	31962,9497,1299,8350,9981,17720,17859,15314,4845,7694,18702,20690
0	834	26417	31962,9497,1299,8350,9981,17720,17859,15314,4845,7694,18702,20690
0	834	28802	31962,9497,1299,8350,9981,17720,17859,15314,4845,7694,18702,20690
1	834	26105	31962,9497,1299,8350,9981,17720,17859,15314,4845,7694,18702,20690
0	834	19798	31962,9497,1299,8350,9981,17720,17859,15314,4845,7694,18702,20690,26105
