0	1512	2345	0
1	1512	31802	0
0	1512	29572	31802
1	1512	5284	31802
0	1512	14159	31802,5284
0	1512	14482	31802,5284
1	1512	512	31802,5284
1	1512	219	31802,5284,512
1	1512	17448	31802,5284,512,219
1	1512	15641	31802,5284,512,219,17448
1	1512	666	31802,5284,512,219,17448,15641
0	1512	7242	31802,5284,512,219,17448,15641,666
1	1512	3151	31802,5284,512,219,17448,15641,666
0	1512	6499	31802,5284,512,219,17448,15641,666,3151
1	1512	4865	31802,5284,512,219,17448,15641,666,3151
1	1512	212	31802,5284,512,219,17448,15641,666,3151,4865
1	1512	2947	31802,5284,512,219,17448,15641,666,3151,4865,212
1	1512	6993	31802,5284,512,219,17448,15641,666,3151,4865,212,2947
1	1512	6958	31802,5284,512,219,17448,15641,666,3151,4865,212,2947,6993
0	1512	1065	31802,5284,512,219,17448,15641,666,3151,4865,212,2947,6993,6958
1	1512	5703	31802,5284,512,219,17448,15641,666,3151,4865,212,2947,6993,6958
1	1512	5882	31802,5284,512,219,17448,15641,666,3151,4865,212,2947,6993,6958,5703
1	1512	4165	31802,5284,512,219,17448,15641,666,3151,4865,212,2947,6993,6958,5703,5882
1	1512	9581	31802,5284,512,219,17448,15641,666,3151,4865,212,2947,6993,6958,5703,5882,4165
1	1512	22317	31802,5284,512,219,17448,15641,666,3151,4865,212,2947,6993,6958,5703,5882,4165,9581
1	1512	13632	31802,5284,512,219,17448,15641,666,3151,4865,212,2947,6993,6958,5703,5882,4165,9581,22317
1	1512	8761	31802,5284,512,219,17448,15641,666,3151,4865,212,2947,6993,6958,5703,5882,4165,9581,22317,13632
1	1512	14181	31802,5284,512,219,17448,15641,666,3151,4865,212,2947,6993,6958,5703,5882,4165,9581,22317,13632,8761
1	1512	13398	31802,5284,512,219,17448,15641,666,3151,4865,212,2947,6993,6958,5703,5882,4165,9581,22317,13632,8761,14181
1	1512	9477	31802,5284,512,219,17448,15641,666,3151,4865,212,2947,6993,6958,5703,5882,4165,9581,22317,13632,8761,14181,13398
1	1512	5102	31802,5284,512,219,17448,15641,666,3151,4865,212,2947,6993,6958,5703,5882,4165,9581,22317,13632,8761,14181,13398,9477
0	1512	32138	31802,5284,512,219,17448,15641,666,3151,4865,212,2947,6993,6958,5703,5882,4165,9581,22317,13632,8761,14181,13398,9477,5102
1	1512	17016	31802,5284,512,219,17448,15641,666,3151,4865,212,2947,6993,6958,5703,5882,4165,9581,22317,13632,8761,14181,13398,9477,5102
1	1512	31575	31802,5284,512,219,17448,15641,666,3151,4865,212,2947,6993,6958,5703,5882,4165,9581,22317,13632,8761,14181,13398,9477,5102,17016
1	1512	12793	31802,5284,512,219,17448,15641,666,3151,4865,212,2947,6993,6958,5703,5882,4165,9581,22317,13632,8761,14181,13398,9477,5102,17016,31575
0	1512	18156	31802,5284,512,219,17448,15641,666,3151,4865,212,2947,6993,6958,5703,5882,4165,9581,22317,13632,8761,14181,13398,9477,5102,17016,31575,12793
1	1512	18955	31802,5284,512,219,17448,15641,666,3151,4865,212,2947,6993,6958,5703,5882,4165,9581,22317,13632,8761,14181,13398,9477,5102,17016,31575,12793
1	1512	12646	31802,5284,512,219,17448,15641,666,3151,4865,212,2947,6993,6958,5703,5882,4165,9581,22317,13632,8761,14181,13398,9477,5102,17016,31575,12793,18955
1	1512	8981	31802,5284,512,219,17448,15641,666,3151,4865,212,2947,6993,6958,5703,5882,4165,9581,22317,13632,8761,14181,13398,9477,5102,17016,31575,12793,18955,12646
1	1512	11640	31802,5284,512,219,17448,15641,666,3151,4865,212,2947,6993,6958,5703,5882,4165,9581,22317,13632,8761,14181,13398,9477,5102,17016,31575,12793,18955,12646,8981
0	1512	17471	31802,5284,512,219,17448,15641,666,3151,4865,212,2947,6993,6958,5703,5882,4165,9581,22317,13632,8761,14181,13398,9477,5102,17016,31575,12793,18955,12646,8981,11640
1	1512	21273	31802,5284,512,219,17448,15641,666,3151,4865,212,2947,6993,6958,5703,5882,4165,9581,22317,13632,8761,14181,13398,9477,5102,17016,31575,12793,18955,12646,8981,11640
0	1512	19444	31802,5284,512,219,17448,15641,666,3151,4865,212,2947,6993,6958,5703,5882,4165,9581,22317,13632,8761,14181,13398,9477,5102,17016,31575,12793,18955,12646,8981,11640,21273
0	1512	19445	31802,5284,512,219,17448,15641,666,3151,4865,212,2947,6993,6958,5703,5882,4165,9581,22317,13632,8761,14181,13398,9477,5102,17016,31575,12793,18955,12646,8981,11640,21273
1	1512	23490	31802,5284,512,219,17448,15641,666,3151,4865,212,2947,6993,6958,5703,5882,4165,9581,22317,13632,8761,14181,13398,9477,5102,17016,31575,12793,18955,12646,8981,11640,21273
1	1512	17699	31802,5284,512,219,17448,15641,666,3151,4865,212,2947,6993,6958,5703,5882,4165,9581,22317,13632,8761,14181,13398,9477,5102,17016,31575,12793,18955,12646,8981,11640,21273,23490
1	1512	22440	31802,5284,512,219,17448,15641,666,3151,4865,212,2947,6993,6958,5703,5882,4165,9581,22317,13632,8761,14181,13398,9477,5102,17016,31575,12793,18955,12646,8981,11640,21273,23490,17699
1	1512	10852	31802,5284,512,219,17448,15641,666,3151,4865,212,2947,6993,6958,5703,5882,4165,9581,22317,13632,8761,14181,13398,9477,5102,17016,31575,12793,18955,12646,8981,11640,21273,23490,17699,22440
1	1512	11869	31802,5284,512,219,17448,15641,666,3151,4865,212,2947,6993,6958,5703,5882,4165,9581,22317,13632,8761,14181,13398,9477,5102,17016,31575,12793,18955,12646,8981,11640,21273,23490,17699,22440,10852
1	1512	9970	31802,5284,512,219,17448,15641,666,3151,4865,212,2947,6993,6958,5703,5882,4165,9581,22317,13632,8761,14181,13398,9477,5102,17016,31575,12793,18955,12646,8981,11640,21273,23490,17699,22440,10852,11869
1	1512	21162	31802,5284,512,219,17448,15641,666,3151,4865,212,2947,6993,6958,5703,5882,4165,9581,22317,13632,8761,14181,13398,9477,5102,17016,31575,12793,18955,12646,8981,11640,21273,23490,17699,22440,10852,11869,9970
0	1512	24400	31802,5284,512,219,17448,15641,666,3151,4865,212,2947,6993,6958,5703,5882,4165,9581,22317,13632,8761,14181,13398,9477,5102,17016,31575,12793,18955,12646,8981,11640,21273,23490,17699,22440,10852,11869,9970,21162
0	1512	23453	31802,5284,512,219,17448,15641,666,3151,4865,212,2947,6993,6958,5703,5882,4165,9581,22317,13632,8761,14181,13398,9477,5102,17016,31575,12793,18955,12646,8981,11640,21273,23490,17699,22440,10852,11869,9970,21162
1	1512	25161	31802,5284,512,219,17448,15641,666,3151,4865,212,2947,6993,6958,5703,5882,4165,9581,22317,13632,8761,14181,13398,9477,5102,17016,31575,12793,18955,12646,8981,11640,21273,23490,17699,22440,10852,11869,9970,21162
1	1512	19655	31802,5284,512,219,17448,15641,666,3151,4865,212,2947,6993,6958,5703,5882,4165,9581,22317,13632,8761,14181,13398,9477,5102,17016,31575,12793,18955,12646,8981,11640,21273,23490,17699,22440,10852,11869,9970,21162,25161
1	1512	23158	31802,5284,512,219,17448,15641,666,3151,4865,212,2947,6993,6958,5703,5882,4165,9581,22317,13632,8761,14181,13398,9477,5102,17016,31575,12793,18955,12646,8981,11640,21273,23490,17699,22440,10852,11869,9970,21162,25161,19655
1	1512	25810	31802,5284,512,219,17448,15641,666,3151,4865,212,2947,6993,6958,5703,5882,4165,9581,22317,13632,8761,14181,13398,9477,5102,17016,31575,12793,18955,12646,8981,11640,21273,23490,17699,22440,10852,11869,9970,21162,25161,19655,23158
1	1512	2014	31802,5284,512,219,17448,15641,666,3151,4865,212,2947,6993,6958,5703,5882,4165,9581,22317,13632,8761,14181,13398,9477,5102,17016,31575,12793,18955,12646,8981,11640,21273,23490,17699,22440,10852,11869,9970,21162,25161,19655,23158,25810
1	1512	23190	31802,5284,512,219,17448,15641,666,3151,4865,212,2947,6993,6958,5703,5882,4165,9581,22317,13632,8761,14181,13398,9477,5102,17016,31575,12793,18955,12646,8981,11640,21273,23490,17699,22440,10852,11869,9970,21162,25161,19655,23158,25810,2014
1	1512	23452	31802,5284,512,219,17448,15641,666,3151,4865,212,2947,6993,6958,5703,5882,4165,9581,22317,13632,8761,14181,13398,9477,5102,17016,31575,12793,18955,12646,8981,11640,21273,23490,17699,22440,10852,11869,9970,21162,25161,19655,23158,25810,2014,23190
1	1512	20917	31802,5284,512,219,17448,15641,666,3151,4865,212,2947,6993,6958,5703,5882,4165,9581,22317,13632,8761,14181,13398,9477,5102,17016,31575,12793,18955,12646,8981,11640,21273,23490,17699,22440,10852,11869,9970,21162,25161,19655,23158,25810,2014,23190,23452
1	1512	24889	31802,5284,512,219,17448,15641,666,3151,4865,212,2947,6993,6958,5703,5882,4165,9581,22317,13632,8761,14181,13398,9477,5102,17016,31575,12793,18955,12646,8981,11640,21273,23490,17699,22440,10852,11869,9970,21162,25161,19655,23158,25810,2014,23190,23452,20917
1	1512	25945	31802,5284,512,219,17448,15641,666,3151,4865,212,2947,6993,6958,5703,5882,4165,9581,22317,13632,8761,14181,13398,9477,5102,17016,31575,12793,18955,12646,8981,11640,21273,23490,17699,22440,10852,11869,9970,21162,25161,19655,23158,25810,2014,23190,23452,20917,24889
0	1512	7822	31802,5284,512,219,17448,15641,666,3151,4865,212,2947,6993,6958,5703,5882,4165,9581,22317,13632,8761,14181,13398,9477,5102,17016,31575,12793,18955,12646,8981,11640,21273,23490,17699,22440,10852,11869,9970,21162,25161,19655,23158,25810,2014,23190,23452,20917,24889,25945
1	1512	27605	31802,5284,512,219,17448,15641,666,3151,4865,212,2947,6993,6958,5703,5882,4165,9581,22317,13632,8761,14181,13398,9477,5102,17016,31575,12793,18955,12646,8981,11640,21273,23490,17699,22440,10852,11869,9970,21162,25161,19655,23158,25810,2014,23190,23452,20917,24889,25945
1	1512	8557	31802,5284,512,219,17448,15641,666,3151,4865,212,2947,6993,6958,5703,5882,4165,9581,22317,13632,8761,14181,13398,9477,5102,17016,31575,12793,18955,12646,8981,11640,21273,23490,17699,22440,10852,11869,9970,21162,25161,19655,23158,25810,2014,23190,23452,20917,24889,25945,27605
1	1512	11261	31802,5284,512,219,17448,15641,666,3151,4865,212,2947,6993,6958,5703,5882,4165,9581,22317,13632,8761,14181,13398,9477,5102,17016,31575,12793,18955,12646,8981,11640,21273,23490,17699,22440,10852,11869,9970,21162,25161,19655,23158,25810,2014,23190,23452,20917,24889,25945,27605,8557
0	1512	26792	31802,5284,512,219,17448,15641,666,3151,4865,212,2947,6993,6958,5703,5882,4165,9581,22317,13632,8761,14181,13398,9477,5102,17016,31575,12793,18955,12646,8981,11640,21273,23490,17699,22440,10852,11869,9970,21162,25161,19655,23158,25810,2014,23190,23452,20917,24889,25945,27605,8557,11261
