1	1227	1941	0
0	1227	5986	1941
1	1227	31145	1941
1	1227	32138	1941,31145
1	1227	188	1941,31145,32138
1	1227	3078	1941,31145,32138,188
0	1227	10339	1941,31145,32138,188,3078
0	1227	8666	1941,31145,32138,188,3078
1	1227	9595	1941,31145,32138,188,3078
1	1227	10028	1941,31145,32138,188,3078,9595
1	1227	8455	1941,31145,32138,188,3078,9595,10028
1	1227	8152	1941,31145,32138,188,3078,9595,10028,8455
1	1227	12906	1941,31145,32138,188,3078,9595,10028,8455,8152
1	1227	3273	1941,31145,32138,188,3078,9595,10028,8455,8152,12906
1	1227	9450	1941,31145,32138,188,3078,9595,10028,8455,8152,12906,3273
1	1227	7573	1941,31145,32138,188,3078,9595,10028,8455,8152,12906,3273,9450
1	1227	6656	1941,31145,32138,188,3078,9595,10028,8455,8152,12906,3273,9450,7573
1	1227	10428	1941,31145,32138,188,3078,9595,10028,8455,8152,12906,3273,9450,7573,6656
1	1227	13215	1941,31145,32138,188,3078,9595,10028,8455,8152,12906,3273,9450,7573,6656,10428
1	1227	2082	1941,31145,32138,188,3078,9595,10028,8455,8152,12906,3273,9450,7573,6656,10428,13215
0	1227	7521	1941,31145,32138,188,3078,9595,10028,8455,8152,12906,3273,9450,7573,6656,10428,13215,2082
1	1227	1981	1941,31145,32138,188,3078,9595,10028,8455,8152,12906,3273,9450,7573,6656,10428,13215,2082
1	1227	9853	1941,31145,32138,188,3078,9595,10028,8455,8152,12906,3273,9450,7573,6656,10428,13215,2082,1981
1	1227	16397	1941,31145,32138,188,3078,9595,10028,8455,8152,12906,3273,9450,7573,6656,10428,13215,2082,1981,9853
1	1227	4777	1941,31145,32138,188,3078,9595,10028,8455,8152,12906,3273,9450,7573,6656,10428,13215,2082,1981,9853,16397
0	1227	7693	1941,31145,32138,188,3078,9595,10028,8455,8152,12906,3273,9450,7573,6656,10428,13215,2082,1981,9853,16397,4777
1	1227	16866	1941,31145,32138,188,3078,9595,10028,8455,8152,12906,3273,9450,7573,6656,10428,13215,2082,1981,9853,16397,4777
0	1227	12943	1941,31145,32138,188,3078,9595,10028,8455,8152,12906,3273,9450,7573,6656,10428,13215,2082,1981,9853,16397,4777,16866
1	1227	30993	1941,31145,32138,188,3078,9595,10028,8455,8152,12906,3273,9450,7573,6656,10428,13215,2082,1981,9853,16397,4777,16866
1	1227	2064	1941,31145,32138,188,3078,9595,10028,8455,8152,12906,3273,9450,7573,6656,10428,13215,2082,1981,9853,16397,4777,16866,30993
1	1227	16754	1941,31145,32138,188,3078,9595,10028,8455,8152,12906,3273,9450,7573,6656,10428,13215,2082,1981,9853,16397,4777,16866,30993,2064
1	1227	10088	1941,31145,32138,188,3078,9595,10028,8455,8152,12906,3273,9450,7573,6656,10428,13215,2082,1981,9853,16397,4777,16866,30993,2064,16754
1	1227	12433	1941,31145,32138,188,3078,9595,10028,8455,8152,12906,3273,9450,7573,6656,10428,13215,2082,1981,9853,16397,4777,16866,30993,2064,16754,10088
1	1227	13217	1941,31145,32138,188,3078,9595,10028,8455,8152,12906,3273,9450,7573,6656,10428,13215,2082,1981,9853,16397,4777,16866,30993,2064,16754,10088,12433
1	1227	17510	1941,31145,32138,188,3078,9595,10028,8455,8152,12906,3273,9450,7573,6656,10428,13215,2082,1981,9853,16397,4777,16866,30993,2064,16754,10088,12433,13217
1	1227	8718	1941,31145,32138,188,3078,9595,10028,8455,8152,12906,3273,9450,7573,6656,10428,13215,2082,1981,9853,16397,4777,16866,30993,2064,16754,10088,12433,13217,17510
1	1227	13485	1941,31145,32138,188,3078,9595,10028,8455,8152,12906,3273,9450,7573,6656,10428,13215,2082,1981,9853,16397,4777,16866,30993,2064,16754,10088,12433,13217,17510,8718
1	1227	21323	1941,31145,32138,188,3078,9595,10028,8455,8152,12906,3273,9450,7573,6656,10428,13215,2082,1981,9853,16397,4777,16866,30993,2064,16754,10088,12433,13217,17510,8718,13485
1	1227	102	1941,31145,32138,188,3078,9595,10028,8455,8152,12906,3273,9450,7573,6656,10428,13215,2082,1981,9853,16397,4777,16866,30993,2064,16754,10088,12433,13217,17510,8718,13485,21323
1	1227	21856	1941,31145,32138,188,3078,9595,10028,8455,8152,12906,3273,9450,7573,6656,10428,13215,2082,1981,9853,16397,4777,16866,30993,2064,16754,10088,12433,13217,17510,8718,13485,21323,102
1	1227	5726	1941,31145,32138,188,3078,9595,10028,8455,8152,12906,3273,9450,7573,6656,10428,13215,2082,1981,9853,16397,4777,16866,30993,2064,16754,10088,12433,13217,17510,8718,13485,21323,102,21856
0	1227	22308	1941,31145,32138,188,3078,9595,10028,8455,8152,12906,3273,9450,7573,6656,10428,13215,2082,1981,9853,16397,4777,16866,30993,2064,16754,10088,12433,13217,17510,8718,13485,21323,102,21856,5726
0	1227	31238	1941,31145,32138,188,3078,9595,10028,8455,8152,12906,3273,9450,7573,6656,10428,13215,2082,1981,9853,16397,4777,16866,30993,2064,16754,10088,12433,13217,17510,8718,13485,21323,102,21856,5726
0	1227	5685	1941,31145,32138,188,3078,9595,10028,8455,8152,12906,3273,9450,7573,6656,10428,13215,2082,1981,9853,16397,4777,16866,30993,2064,16754,10088,12433,13217,17510,8718,13485,21323,102,21856,5726
0	1227	5870	1941,31145,32138,188,3078,9595,10028,8455,8152,12906,3273,9450,7573,6656,10428,13215,2082,1981,9853,16397,4777,16866,30993,2064,16754,10088,12433,13217,17510,8718,13485,21323,102,21856,5726
0	1227	11999	1941,31145,32138,188,3078,9595,10028,8455,8152,12906,3273,9450,7573,6656,10428,13215,2082,1981,9853,16397,4777,16866,30993,2064,16754,10088,12433,13217,17510,8718,13485,21323,102,21856,5726
0	1227	12651	1941,31145,32138,188,3078,9595,10028,8455,8152,12906,3273,9450,7573,6656,10428,13215,2082,1981,9853,16397,4777,16866,30993,2064,16754,10088,12433,13217,17510,8718,13485,21323,102,21856,5726
0	1227	15674	1941,31145,32138,188,3078,9595,10028,8455,8152,12906,3273,9450,7573,6656,10428,13215,2082,1981,9853,16397,4777,16866,30993,2064,16754,10088,12433,13217,17510,8718,13485,21323,102,21856,5726
1	1227	18048	1941,31145,32138,188,3078,9595,10028,8455,8152,12906,3273,9450,7573,6656,10428,13215,2082,1981,9853,16397,4777,16866,30993,2064,16754,10088,12433,13217,17510,8718,13485,21323,102,21856,5726
1	1227	6245	1941,31145,32138,188,3078,9595,10028,8455,8152,12906,3273,9450,7573,6656,10428,13215,2082,1981,9853,16397,4777,16866,30993,2064,16754,10088,12433,13217,17510,8718,13485,21323,102,21856,5726,18048
1	1227	24050	1941,31145,32138,188,3078,9595,10028,8455,8152,12906,3273,9450,7573,6656,10428,13215,2082,1981,9853,16397,4777,16866,30993,2064,16754,10088,12433,13217,17510,8718,13485,21323,102,21856,5726,18048,6245
0	1227	20922	1941,31145,32138,188,3078,9595,10028,8455,8152,12906,3273,9450,7573,6656,10428,13215,2082,1981,9853,16397,4777,16866,30993,2064,16754,10088,12433,13217,17510,8718,13485,21323,102,21856,5726,18048,6245,24050
1	1227	25815	1941,31145,32138,188,3078,9595,10028,8455,8152,12906,3273,9450,7573,6656,10428,13215,2082,1981,9853,16397,4777,16866,30993,2064,16754,10088,12433,13217,17510,8718,13485,21323,102,21856,5726,18048,6245,24050
0	1227	24967	1941,31145,32138,188,3078,9595,10028,8455,8152,12906,3273,9450,7573,6656,10428,13215,2082,1981,9853,16397,4777,16866,30993,2064,16754,10088,12433,13217,17510,8718,13485,21323,102,21856,5726,18048,6245,24050,25815
0	1227	18781	1941,31145,32138,188,3078,9595,10028,8455,8152,12906,3273,9450,7573,6656,10428,13215,2082,1981,9853,16397,4777,16866,30993,2064,16754,10088,12433,13217,17510,8718,13485,21323,102,21856,5726,18048,6245,24050,25815
0	1227	1136	1941,31145,32138,188,3078,9595,10028,8455,8152,12906,3273,9450,7573,6656,10428,13215,2082,1981,9853,16397,4777,16866,30993,2064,16754,10088,12433,13217,17510,8718,13485,21323,102,21856,5726,18048,6245,24050,25815
0	1227	15575	1941,31145,32138,188,3078,9595,10028,8455,8152,12906,3273,9450,7573,6656,10428,13215,2082,1981,9853,16397,4777,16866,30993,2064,16754,10088,12433,13217,17510,8718,13485,21323,102,21856,5726,18048,6245,24050,25815
0	1227	6182	1941,31145,32138,188,3078,9595,10028,8455,8152,12906,3273,9450,7573,6656,10428,13215,2082,1981,9853,16397,4777,16866,30993,2064,16754,10088,12433,13217,17510,8718,13485,21323,102,21856,5726,18048,6245,24050,25815
0	1227	7558	1941,31145,32138,188,3078,9595,10028,8455,8152,12906,3273,9450,7573,6656,10428,13215,2082,1981,9853,16397,4777,16866,30993,2064,16754,10088,12433,13217,17510,8718,13485,21323,102,21856,5726,18048,6245,24050,25815
0	1227	25852	1941,31145,32138,188,3078,9595,10028,8455,8152,12906,3273,9450,7573,6656,10428,13215,2082,1981,9853,16397,4777,16866,30993,2064,16754,10088,12433,13217,17510,8718,13485,21323,102,21856,5726,18048,6245,24050,25815
