0	1655	5102	0
1	1655	1343	0
1	1655	2720	1343
1	1655	10630	1343,2720
0	1655	10960	1343,2720,10630
0	1655	13825	1343,2720,10630
1	1655	32492	1343,2720,10630
1	1655	15500	1343,2720,10630,32492
0	1655	18488	1343,2720,10630,32492,15500
1	1655	1707	1343,2720,10630,32492,15500
1	1655	18102	1343,2720,10630,32492,15500,1707
1	1655	18915	1343,2720,10630,32492,15500,1707,18102
1	1655	22014	1343,2720,10630,32492,15500,1707,18102,18915
1	1655	25326	1343,2720,10630,32492,15500,1707,18102,18915,22014
1	1655	21339	1343,2720,10630,32492,15500,1707,18102,18915,22014,25326
1	1655	12614	1343,2720,10630,32492,15500,1707,18102,18915,22014,25326,21339
1	1655	26365	1343,2720,10630,32492,15500,1707,18102,18915,22014,25326,21339,12614
1	1655	22976	1343,2720,10630,32492,15500,1707,18102,18915,22014,25326,21339,12614,26365
1	1655	27062	1343,2720,10630,32492,15500,1707,18102,18915,22014,25326,21339,12614,26365,22976
1	1655	18052	1343,2720,10630,32492,15500,1707,18102,18915,22014,25326,21339,12614,26365,22976,27062
1	1655	18911	1343,2720,10630,32492,15500,1707,18102,18915,22014,25326,21339,12614,26365,22976,27062,18052
0	1655	15926	1343,2720,10630,32492,15500,1707,18102,18915,22014,25326,21339,12614,26365,22976,27062,18052,18911
1	1655	27623	1343,2720,10630,32492,15500,1707,18102,18915,22014,25326,21339,12614,26365,22976,27062,18052,18911
1	1655	16415	1343,2720,10630,32492,15500,1707,18102,18915,22014,25326,21339,12614,26365,22976,27062,18052,18911,27623
1	1655	20377	1343,2720,10630,32492,15500,1707,18102,18915,22014,25326,21339,12614,26365,22976,27062,18052,18911,27623,16415
1	1655	15007	1343,2720,10630,32492,15500,1707,18102,18915,22014,25326,21339,12614,26365,22976,27062,18052,18911,27623,16415,20377
1	1655	24330	1343,2720,10630,32492,15500,1707,18102,18915,22014,25326,21339,12614,26365,22976,27062,18052,18911,27623,16415,20377,15007
