0	1410	2836	0
1	1410	11378	0
1	1410	9495	11378
0	1410	10327	11378,9495
1	1410	9526	11378,9495
1	1410	2832	11378,9495,9526
1	1410	16627	11378,9495,9526,2832
1	1410	14172	11378,9495,9526,2832,16627
1	1410	4533	11378,9495,9526,2832,16627,14172
1	1410	13218	11378,9495,9526,2832,16627,14172,4533
0	1410	8945	11378,9495,9526,2832,16627,14172,4533,13218
1	1410	17066	11378,9495,9526,2832,16627,14172,4533,13218
0	1410	19627	11378,9495,9526,2832,16627,14172,4533,13218,17066
0	1410	19174	11378,9495,9526,2832,16627,14172,4533,13218,17066
1	1410	17928	11378,9495,9526,2832,16627,14172,4533,13218,17066
0	1410	22354	11378,9495,9526,2832,16627,14172,4533,13218,17066,17928
0	1410	23451	11378,9495,9526,2832,16627,14172,4533,13218,17066,17928
0	1410	22783	11378,9495,9526,2832,16627,14172,4533,13218,17066,17928
0	1410	20765	11378,9495,9526,2832,16627,14172,4533,13218,17066,17928
1	1410	23622	11378,9495,9526,2832,16627,14172,4533,13218,17066,17928
1	1410	24601	11378,9495,9526,2832,16627,14172,4533,13218,17066,17928,23622
0	1410	10745	11378,9495,9526,2832,16627,14172,4533,13218,17066,17928,23622,24601
1	1410	23153	11378,9495,9526,2832,16627,14172,4533,13218,17066,17928,23622,24601
1	1410	23453	11378,9495,9526,2832,16627,14172,4533,13218,17066,17928,23622,24601,23153
0	1410	25776	11378,9495,9526,2832,16627,14172,4533,13218,17066,17928,23622,24601,23153,23453
0	1410	23154	11378,9495,9526,2832,16627,14172,4533,13218,17066,17928,23622,24601,23153,23453
1	1410	21504	11378,9495,9526,2832,16627,14172,4533,13218,17066,17928,23622,24601,23153,23453
1	1410	23449	11378,9495,9526,2832,16627,14172,4533,13218,17066,17928,23622,24601,23153,23453,21504
0	1410	25658	11378,9495,9526,2832,16627,14172,4533,13218,17066,17928,23622,24601,23153,23453,21504,23449
0	1410	25659	11378,9495,9526,2832,16627,14172,4533,13218,17066,17928,23622,24601,23153,23453,21504,23449
1	1410	23768	11378,9495,9526,2832,16627,14172,4533,13218,17066,17928,23622,24601,23153,23453,21504,23449
1	1410	26678	11378,9495,9526,2832,16627,14172,4533,13218,17066,17928,23622,24601,23153,23453,21504,23449,23768
1	1410	4344	11378,9495,9526,2832,16627,14172,4533,13218,17066,17928,23622,24601,23153,23453,21504,23449,23768,26678
1	1410	25015	11378,9495,9526,2832,16627,14172,4533,13218,17066,17928,23622,24601,23153,23453,21504,23449,23768,26678,4344
1	1410	25016	11378,9495,9526,2832,16627,14172,4533,13218,17066,17928,23622,24601,23153,23453,21504,23449,23768,26678,4344,25015
1	1410	21808	11378,9495,9526,2832,16627,14172,4533,13218,17066,17928,23622,24601,23153,23453,21504,23449,23768,26678,4344,25015,25016
1	1410	9647	11378,9495,9526,2832,16627,14172,4533,13218,17066,17928,23622,24601,23153,23453,21504,23449,23768,26678,4344,25015,25016,21808
0	1410	25367	11378,9495,9526,2832,16627,14172,4533,13218,17066,17928,23622,24601,23153,23453,21504,23449,23768,26678,4344,25015,25016,21808,9647
0	1410	26970	11378,9495,9526,2832,16627,14172,4533,13218,17066,17928,23622,24601,23153,23453,21504,23449,23768,26678,4344,25015,25016,21808,9647
0	1410	26941	11378,9495,9526,2832,16627,14172,4533,13218,17066,17928,23622,24601,23153,23453,21504,23449,23768,26678,4344,25015,25016,21808,9647
0	1410	28000	11378,9495,9526,2832,16627,14172,4533,13218,17066,17928,23622,24601,23153,23453,21504,23449,23768,26678,4344,25015,25016,21808,9647
0	1410	14032	11378,9495,9526,2832,16627,14172,4533,13218,17066,17928,23622,24601,23153,23453,21504,23449,23768,26678,4344,25015,25016,21808,9647
1	1410	20691	11378,9495,9526,2832,16627,14172,4533,13218,17066,17928,23622,24601,23153,23453,21504,23449,23768,26678,4344,25015,25016,21808,9647
1	1410	23899	11378,9495,9526,2832,16627,14172,4533,13218,17066,17928,23622,24601,23153,23453,21504,23449,23768,26678,4344,25015,25016,21808,9647,20691
1	1410	24631	11378,9495,9526,2832,16627,14172,4533,13218,17066,17928,23622,24601,23153,23453,21504,23449,23768,26678,4344,25015,25016,21808,9647,20691,23899
0	1410	25421	11378,9495,9526,2832,16627,14172,4533,13218,17066,17928,23622,24601,23153,23453,21504,23449,23768,26678,4344,25015,25016,21808,9647,20691,23899,24631
1	1410	28973	11378,9495,9526,2832,16627,14172,4533,13218,17066,17928,23622,24601,23153,23453,21504,23449,23768,26678,4344,25015,25016,21808,9647,20691,23899,24631
0	1410	23877	11378,9495,9526,2832,16627,14172,4533,13218,17066,17928,23622,24601,23153,23453,21504,23449,23768,26678,4344,25015,25016,21808,9647,20691,23899,24631,28973
0	1410	28146	11378,9495,9526,2832,16627,14172,4533,13218,17066,17928,23622,24601,23153,23453,21504,23449,23768,26678,4344,25015,25016,21808,9647,20691,23899,24631,28973
0	1410	28489	11378,9495,9526,2832,16627,14172,4533,13218,17066,17928,23622,24601,23153,23453,21504,23449,23768,26678,4344,25015,25016,21808,9647,20691,23899,24631,28973
0	1410	28737	11378,9495,9526,2832,16627,14172,4533,13218,17066,17928,23622,24601,23153,23453,21504,23449,23768,26678,4344,25015,25016,21808,9647,20691,23899,24631,28973
1	1410	29149	11378,9495,9526,2832,16627,14172,4533,13218,17066,17928,23622,24601,23153,23453,21504,23449,23768,26678,4344,25015,25016,21808,9647,20691,23899,24631,28973
1	1410	29394	11378,9495,9526,2832,16627,14172,4533,13218,17066,17928,23622,24601,23153,23453,21504,23449,23768,26678,4344,25015,25016,21808,9647,20691,23899,24631,28973,29149
