1	1379	15137	0
0	1379	16586	15137
1	1379	29758	15137
1	1379	23736	15137,29758
1	1379	32048	15137,29758,23736
0	1379	8889	15137,29758,23736,32048
1	1379	31556	15137,29758,23736,32048
0	1379	1484	15137,29758,23736,32048,31556
1	1379	18309	15137,29758,23736,32048,31556
0	1379	335	15137,29758,23736,32048,31556,18309
0	1379	1013	15137,29758,23736,32048,31556,18309
1	1379	3328	15137,29758,23736,32048,31556,18309
0	1379	7380	15137,29758,23736,32048,31556,18309,3328
0	1379	7381	15137,29758,23736,32048,31556,18309,3328
0	1379	6232	15137,29758,23736,32048,31556,18309,3328
0	1379	7236	15137,29758,23736,32048,31556,18309,3328
0	1379	7018	15137,29758,23736,32048,31556,18309,3328
1	1379	9690	15137,29758,23736,32048,31556,18309,3328
1	1379	4922	15137,29758,23736,32048,31556,18309,3328,9690
1	1379	9285	15137,29758,23736,32048,31556,18309,3328,9690,4922
1	1379	5630	15137,29758,23736,32048,31556,18309,3328,9690,4922,9285
1	1379	7675	15137,29758,23736,32048,31556,18309,3328,9690,4922,9285,5630
0	1379	9616	15137,29758,23736,32048,31556,18309,3328,9690,4922,9285,5630,7675
0	1379	12673	15137,29758,23736,32048,31556,18309,3328,9690,4922,9285,5630,7675
1	1379	6541	15137,29758,23736,32048,31556,18309,3328,9690,4922,9285,5630,7675
0	1379	13878	15137,29758,23736,32048,31556,18309,3328,9690,4922,9285,5630,7675,6541
1	1379	11573	15137,29758,23736,32048,31556,18309,3328,9690,4922,9285,5630,7675,6541
0	1379	13621	15137,29758,23736,32048,31556,18309,3328,9690,4922,9285,5630,7675,6541,11573
1	1379	21634	15137,29758,23736,32048,31556,18309,3328,9690,4922,9285,5630,7675,6541,11573
1	1379	23452	15137,29758,23736,32048,31556,18309,3328,9690,4922,9285,5630,7675,6541,11573,21634
0	1379	25682	15137,29758,23736,32048,31556,18309,3328,9690,4922,9285,5630,7675,6541,11573,21634,23452
0	1379	22521	15137,29758,23736,32048,31556,18309,3328,9690,4922,9285,5630,7675,6541,11573,21634,23452
0	1379	25988	15137,29758,23736,32048,31556,18309,3328,9690,4922,9285,5630,7675,6541,11573,21634,23452
0	1379	26452	15137,29758,23736,32048,31556,18309,3328,9690,4922,9285,5630,7675,6541,11573,21634,23452
1	1379	27586	15137,29758,23736,32048,31556,18309,3328,9690,4922,9285,5630,7675,6541,11573,21634,23452
0	1379	16807	15137,29758,23736,32048,31556,18309,3328,9690,4922,9285,5630,7675,6541,11573,21634,23452,27586
0	1379	25578	15137,29758,23736,32048,31556,18309,3328,9690,4922,9285,5630,7675,6541,11573,21634,23452,27586
0	1379	27295	15137,29758,23736,32048,31556,18309,3328,9690,4922,9285,5630,7675,6541,11573,21634,23452,27586
1	1379	25817	15137,29758,23736,32048,31556,18309,3328,9690,4922,9285,5630,7675,6541,11573,21634,23452,27586
1	1379	27853	15137,29758,23736,32048,31556,18309,3328,9690,4922,9285,5630,7675,6541,11573,21634,23452,27586,25817
0	1379	15091	15137,29758,23736,32048,31556,18309,3328,9690,4922,9285,5630,7675,6541,11573,21634,23452,27586,25817,27853
1	1379	28504	15137,29758,23736,32048,31556,18309,3328,9690,4922,9285,5630,7675,6541,11573,21634,23452,27586,25817,27853
