1	1554	30774	0
0	1554	31304	30774
1	1554	3033	30774
1	1554	5097	30774,3033
0	1554	10759	30774,3033,5097
1	1554	1643	30774,3033,5097
1	1554	4573	30774,3033,5097,1643
0	1554	5087	30774,3033,5097,1643,4573
1	1554	5730	30774,3033,5097,1643,4573
1	1554	8514	30774,3033,5097,1643,4573,5730
0	1554	8386	30774,3033,5097,1643,4573,5730,8514
1	1554	4043	30774,3033,5097,1643,4573,5730,8514
0	1554	8941	30774,3033,5097,1643,4573,5730,8514,4043
1	1554	9716	30774,3033,5097,1643,4573,5730,8514,4043
1	1554	6853	30774,3033,5097,1643,4573,5730,8514,4043,9716
1	1554	11520	30774,3033,5097,1643,4573,5730,8514,4043,9716,6853
0	1554	10736	30774,3033,5097,1643,4573,5730,8514,4043,9716,6853,11520
1	1554	11861	30774,3033,5097,1643,4573,5730,8514,4043,9716,6853,11520
0	1554	8063	30774,3033,5097,1643,4573,5730,8514,4043,9716,6853,11520,11861
1	1554	12043	30774,3033,5097,1643,4573,5730,8514,4043,9716,6853,11520,11861
1	1554	12461	30774,3033,5097,1643,4573,5730,8514,4043,9716,6853,11520,11861,12043
1	1554	11523	30774,3033,5097,1643,4573,5730,8514,4043,9716,6853,11520,11861,12043,12461
1	1554	9907	30774,3033,5097,1643,4573,5730,8514,4043,9716,6853,11520,11861,12043,12461,11523
0	1554	1994	30774,3033,5097,1643,4573,5730,8514,4043,9716,6853,11520,11861,12043,12461,11523,9907
0	1554	5257	30774,3033,5097,1643,4573,5730,8514,4043,9716,6853,11520,11861,12043,12461,11523,9907
1	1554	10315	30774,3033,5097,1643,4573,5730,8514,4043,9716,6853,11520,11861,12043,12461,11523,9907
1	1554	4209	30774,3033,5097,1643,4573,5730,8514,4043,9716,6853,11520,11861,12043,12461,11523,9907,10315
1	1554	10236	30774,3033,5097,1643,4573,5730,8514,4043,9716,6853,11520,11861,12043,12461,11523,9907,10315,4209
1	1554	7791	30774,3033,5097,1643,4573,5730,8514,4043,9716,6853,11520,11861,12043,12461,11523,9907,10315,4209,10236
0	1554	8746	30774,3033,5097,1643,4573,5730,8514,4043,9716,6853,11520,11861,12043,12461,11523,9907,10315,4209,10236,7791
1	1554	3285	30774,3033,5097,1643,4573,5730,8514,4043,9716,6853,11520,11861,12043,12461,11523,9907,10315,4209,10236,7791
0	1554	13620	30774,3033,5097,1643,4573,5730,8514,4043,9716,6853,11520,11861,12043,12461,11523,9907,10315,4209,10236,7791,3285
0	1554	7727	30774,3033,5097,1643,4573,5730,8514,4043,9716,6853,11520,11861,12043,12461,11523,9907,10315,4209,10236,7791,3285
1	1554	13697	30774,3033,5097,1643,4573,5730,8514,4043,9716,6853,11520,11861,12043,12461,11523,9907,10315,4209,10236,7791,3285
0	1554	15324	30774,3033,5097,1643,4573,5730,8514,4043,9716,6853,11520,11861,12043,12461,11523,9907,10315,4209,10236,7791,3285,13697
1	1554	15812	30774,3033,5097,1643,4573,5730,8514,4043,9716,6853,11520,11861,12043,12461,11523,9907,10315,4209,10236,7791,3285,13697
0	1554	11958	30774,3033,5097,1643,4573,5730,8514,4043,9716,6853,11520,11861,12043,12461,11523,9907,10315,4209,10236,7791,3285,13697,15812
1	1554	15092	30774,3033,5097,1643,4573,5730,8514,4043,9716,6853,11520,11861,12043,12461,11523,9907,10315,4209,10236,7791,3285,13697,15812
1	1554	17386	30774,3033,5097,1643,4573,5730,8514,4043,9716,6853,11520,11861,12043,12461,11523,9907,10315,4209,10236,7791,3285,13697,15812,15092
0	1554	15647	30774,3033,5097,1643,4573,5730,8514,4043,9716,6853,11520,11861,12043,12461,11523,9907,10315,4209,10236,7791,3285,13697,15812,15092,17386
0	1554	10861	30774,3033,5097,1643,4573,5730,8514,4043,9716,6853,11520,11861,12043,12461,11523,9907,10315,4209,10236,7791,3285,13697,15812,15092,17386
1	1554	17060	30774,3033,5097,1643,4573,5730,8514,4043,9716,6853,11520,11861,12043,12461,11523,9907,10315,4209,10236,7791,3285,13697,15812,15092,17386
0	1554	16808	30774,3033,5097,1643,4573,5730,8514,4043,9716,6853,11520,11861,12043,12461,11523,9907,10315,4209,10236,7791,3285,13697,15812,15092,17386,17060
0	1554	13472	30774,3033,5097,1643,4573,5730,8514,4043,9716,6853,11520,11861,12043,12461,11523,9907,10315,4209,10236,7791,3285,13697,15812,15092,17386,17060
0	1554	17657	30774,3033,5097,1643,4573,5730,8514,4043,9716,6853,11520,11861,12043,12461,11523,9907,10315,4209,10236,7791,3285,13697,15812,15092,17386,17060
1	1554	18012	30774,3033,5097,1643,4573,5730,8514,4043,9716,6853,11520,11861,12043,12461,11523,9907,10315,4209,10236,7791,3285,13697,15812,15092,17386,17060
1	1554	18876	30774,3033,5097,1643,4573,5730,8514,4043,9716,6853,11520,11861,12043,12461,11523,9907,10315,4209,10236,7791,3285,13697,15812,15092,17386,17060,18012
1	1554	12515	30774,3033,5097,1643,4573,5730,8514,4043,9716,6853,11520,11861,12043,12461,11523,9907,10315,4209,10236,7791,3285,13697,15812,15092,17386,17060,18012,18876
1	1554	17487	30774,3033,5097,1643,4573,5730,8514,4043,9716,6853,11520,11861,12043,12461,11523,9907,10315,4209,10236,7791,3285,13697,15812,15092,17386,17060,18012,18876,12515
1	1554	18181	30774,3033,5097,1643,4573,5730,8514,4043,9716,6853,11520,11861,12043,12461,11523,9907,10315,4209,10236,7791,3285,13697,15812,15092,17386,17060,18012,18876,12515,17487
1	1554	13784	30774,3033,5097,1643,4573,5730,8514,4043,9716,6853,11520,11861,12043,12461,11523,9907,10315,4209,10236,7791,3285,13697,15812,15092,17386,17060,18012,18876,12515,17487,18181
1	1554	15733	30774,3033,5097,1643,4573,5730,8514,4043,9716,6853,11520,11861,12043,12461,11523,9907,10315,4209,10236,7791,3285,13697,15812,15092,17386,17060,18012,18876,12515,17487,18181,13784
0	1554	19176	30774,3033,5097,1643,4573,5730,8514,4043,9716,6853,11520,11861,12043,12461,11523,9907,10315,4209,10236,7791,3285,13697,15812,15092,17386,17060,18012,18876,12515,17487,18181,13784,15733
0	1554	17462	30774,3033,5097,1643,4573,5730,8514,4043,9716,6853,11520,11861,12043,12461,11523,9907,10315,4209,10236,7791,3285,13697,15812,15092,17386,17060,18012,18876,12515,17487,18181,13784,15733
0	1554	17799	30774,3033,5097,1643,4573,5730,8514,4043,9716,6853,11520,11861,12043,12461,11523,9907,10315,4209,10236,7791,3285,13697,15812,15092,17386,17060,18012,18876,12515,17487,18181,13784,15733
0	1554	3092	30774,3033,5097,1643,4573,5730,8514,4043,9716,6853,11520,11861,12043,12461,11523,9907,10315,4209,10236,7791,3285,13697,15812,15092,17386,17060,18012,18876,12515,17487,18181,13784,15733
0	1554	17181	30774,3033,5097,1643,4573,5730,8514,4043,9716,6853,11520,11861,12043,12461,11523,9907,10315,4209,10236,7791,3285,13697,15812,15092,17386,17060,18012,18876,12515,17487,18181,13784,15733
0	1554	20397	30774,3033,5097,1643,4573,5730,8514,4043,9716,6853,11520,11861,12043,12461,11523,9907,10315,4209,10236,7791,3285,13697,15812,15092,17386,17060,18012,18876,12515,17487,18181,13784,15733
1	1554	11575	30774,3033,5097,1643,4573,5730,8514,4043,9716,6853,11520,11861,12043,12461,11523,9907,10315,4209,10236,7791,3285,13697,15812,15092,17386,17060,18012,18876,12515,17487,18181,13784,15733
1	1554	17031	30774,3033,5097,1643,4573,5730,8514,4043,9716,6853,11520,11861,12043,12461,11523,9907,10315,4209,10236,7791,3285,13697,15812,15092,17386,17060,18012,18876,12515,17487,18181,13784,15733,11575
1	1554	15282	30774,3033,5097,1643,4573,5730,8514,4043,9716,6853,11520,11861,12043,12461,11523,9907,10315,4209,10236,7791,3285,13697,15812,15092,17386,17060,18012,18876,12515,17487,18181,13784,15733,11575,17031
1	1554	16599	30774,3033,5097,1643,4573,5730,8514,4043,9716,6853,11520,11861,12043,12461,11523,9907,10315,4209,10236,7791,3285,13697,15812,15092,17386,17060,18012,18876,12515,17487,18181,13784,15733,11575,17031,15282
1	1554	17471	30774,3033,5097,1643,4573,5730,8514,4043,9716,6853,11520,11861,12043,12461,11523,9907,10315,4209,10236,7791,3285,13697,15812,15092,17386,17060,18012,18876,12515,17487,18181,13784,15733,11575,17031,15282,16599
1	1554	21344	30774,3033,5097,1643,4573,5730,8514,4043,9716,6853,11520,11861,12043,12461,11523,9907,10315,4209,10236,7791,3285,13697,15812,15092,17386,17060,18012,18876,12515,17487,18181,13784,15733,11575,17031,15282,16599,17471
1	1554	12552	30774,3033,5097,1643,4573,5730,8514,4043,9716,6853,11520,11861,12043,12461,11523,9907,10315,4209,10236,7791,3285,13697,15812,15092,17386,17060,18012,18876,12515,17487,18181,13784,15733,11575,17031,15282,16599,17471,21344
0	1554	21510	30774,3033,5097,1643,4573,5730,8514,4043,9716,6853,11520,11861,12043,12461,11523,9907,10315,4209,10236,7791,3285,13697,15812,15092,17386,17060,18012,18876,12515,17487,18181,13784,15733,11575,17031,15282,16599,17471,21344,12552
1	1554	16359	30774,3033,5097,1643,4573,5730,8514,4043,9716,6853,11520,11861,12043,12461,11523,9907,10315,4209,10236,7791,3285,13697,15812,15092,17386,17060,18012,18876,12515,17487,18181,13784,15733,11575,17031,15282,16599,17471,21344,12552
1	1554	22718	30774,3033,5097,1643,4573,5730,8514,4043,9716,6853,11520,11861,12043,12461,11523,9907,10315,4209,10236,7791,3285,13697,15812,15092,17386,17060,18012,18876,12515,17487,18181,13784,15733,11575,17031,15282,16599,17471,21344,12552,16359
1	1554	19336	30774,3033,5097,1643,4573,5730,8514,4043,9716,6853,11520,11861,12043,12461,11523,9907,10315,4209,10236,7791,3285,13697,15812,15092,17386,17060,18012,18876,12515,17487,18181,13784,15733,11575,17031,15282,16599,17471,21344,12552,16359,22718
0	1554	21176	30774,3033,5097,1643,4573,5730,8514,4043,9716,6853,11520,11861,12043,12461,11523,9907,10315,4209,10236,7791,3285,13697,15812,15092,17386,17060,18012,18876,12515,17487,18181,13784,15733,11575,17031,15282,16599,17471,21344,12552,16359,22718,19336
0	1554	22314	30774,3033,5097,1643,4573,5730,8514,4043,9716,6853,11520,11861,12043,12461,11523,9907,10315,4209,10236,7791,3285,13697,15812,15092,17386,17060,18012,18876,12515,17487,18181,13784,15733,11575,17031,15282,16599,17471,21344,12552,16359,22718,19336
1	1554	21446	30774,3033,5097,1643,4573,5730,8514,4043,9716,6853,11520,11861,12043,12461,11523,9907,10315,4209,10236,7791,3285,13697,15812,15092,17386,17060,18012,18876,12515,17487,18181,13784,15733,11575,17031,15282,16599,17471,21344,12552,16359,22718,19336
0	1554	23490	30774,3033,5097,1643,4573,5730,8514,4043,9716,6853,11520,11861,12043,12461,11523,9907,10315,4209,10236,7791,3285,13697,15812,15092,17386,17060,18012,18876,12515,17487,18181,13784,15733,11575,17031,15282,16599,17471,21344,12552,16359,22718,19336,21446
0	1554	22161	30774,3033,5097,1643,4573,5730,8514,4043,9716,6853,11520,11861,12043,12461,11523,9907,10315,4209,10236,7791,3285,13697,15812,15092,17386,17060,18012,18876,12515,17487,18181,13784,15733,11575,17031,15282,16599,17471,21344,12552,16359,22718,19336,21446
1	1554	28617	30774,3033,5097,1643,4573,5730,8514,4043,9716,6853,11520,11861,12043,12461,11523,9907,10315,4209,10236,7791,3285,13697,15812,15092,17386,17060,18012,18876,12515,17487,18181,13784,15733,11575,17031,15282,16599,17471,21344,12552,16359,22718,19336,21446
0	1554	19397	30774,3033,5097,1643,4573,5730,8514,4043,9716,6853,11520,11861,12043,12461,11523,9907,10315,4209,10236,7791,3285,13697,15812,15092,17386,17060,18012,18876,12515,17487,18181,13784,15733,11575,17031,15282,16599,17471,21344,12552,16359,22718,19336,21446,28617
0	1554	19402	30774,3033,5097,1643,4573,5730,8514,4043,9716,6853,11520,11861,12043,12461,11523,9907,10315,4209,10236,7791,3285,13697,15812,15092,17386,17060,18012,18876,12515,17487,18181,13784,15733,11575,17031,15282,16599,17471,21344,12552,16359,22718,19336,21446,28617
0	1554	24250	30774,3033,5097,1643,4573,5730,8514,4043,9716,6853,11520,11861,12043,12461,11523,9907,10315,4209,10236,7791,3285,13697,15812,15092,17386,17060,18012,18876,12515,17487,18181,13784,15733,11575,17031,15282,16599,17471,21344,12552,16359,22718,19336,21446,28617
1	1554	24487	30774,3033,5097,1643,4573,5730,8514,4043,9716,6853,11520,11861,12043,12461,11523,9907,10315,4209,10236,7791,3285,13697,15812,15092,17386,17060,18012,18876,12515,17487,18181,13784,15733,11575,17031,15282,16599,17471,21344,12552,16359,22718,19336,21446,28617
0	1554	19189	30774,3033,5097,1643,4573,5730,8514,4043,9716,6853,11520,11861,12043,12461,11523,9907,10315,4209,10236,7791,3285,13697,15812,15092,17386,17060,18012,18876,12515,17487,18181,13784,15733,11575,17031,15282,16599,17471,21344,12552,16359,22718,19336,21446,28617,24487
1	1554	24490	30774,3033,5097,1643,4573,5730,8514,4043,9716,6853,11520,11861,12043,12461,11523,9907,10315,4209,10236,7791,3285,13697,15812,15092,17386,17060,18012,18876,12515,17487,18181,13784,15733,11575,17031,15282,16599,17471,21344,12552,16359,22718,19336,21446,28617,24487
0	1554	15096	30774,3033,5097,1643,4573,5730,8514,4043,9716,6853,11520,11861,12043,12461,11523,9907,10315,4209,10236,7791,3285,13697,15812,15092,17386,17060,18012,18876,12515,17487,18181,13784,15733,11575,17031,15282,16599,17471,21344,12552,16359,22718,19336,21446,28617,24487,24490
0	1554	15097	30774,3033,5097,1643,4573,5730,8514,4043,9716,6853,11520,11861,12043,12461,11523,9907,10315,4209,10236,7791,3285,13697,15812,15092,17386,17060,18012,18876,12515,17487,18181,13784,15733,11575,17031,15282,16599,17471,21344,12552,16359,22718,19336,21446,28617,24487,24490
0	1554	19017	30774,3033,5097,1643,4573,5730,8514,4043,9716,6853,11520,11861,12043,12461,11523,9907,10315,4209,10236,7791,3285,13697,15812,15092,17386,17060,18012,18876,12515,17487,18181,13784,15733,11575,17031,15282,16599,17471,21344,12552,16359,22718,19336,21446,28617,24487,24490
0	1554	19018	30774,3033,5097,1643,4573,5730,8514,4043,9716,6853,11520,11861,12043,12461,11523,9907,10315,4209,10236,7791,3285,13697,15812,15092,17386,17060,18012,18876,12515,17487,18181,13784,15733,11575,17031,15282,16599,17471,21344,12552,16359,22718,19336,21446,28617,24487,24490
0	1554	22816	30774,3033,5097,1643,4573,5730,8514,4043,9716,6853,11520,11861,12043,12461,11523,9907,10315,4209,10236,7791,3285,13697,15812,15092,17386,17060,18012,18876,12515,17487,18181,13784,15733,11575,17031,15282,16599,17471,21344,12552,16359,22718,19336,21446,28617,24487,24490
0	1554	22817	30774,3033,5097,1643,4573,5730,8514,4043,9716,6853,11520,11861,12043,12461,11523,9907,10315,4209,10236,7791,3285,13697,15812,15092,17386,17060,18012,18876,12515,17487,18181,13784,15733,11575,17031,15282,16599,17471,21344,12552,16359,22718,19336,21446,28617,24487,24490
0	1554	15219	30774,3033,5097,1643,4573,5730,8514,4043,9716,6853,11520,11861,12043,12461,11523,9907,10315,4209,10236,7791,3285,13697,15812,15092,17386,17060,18012,18876,12515,17487,18181,13784,15733,11575,17031,15282,16599,17471,21344,12552,16359,22718,19336,21446,28617,24487,24490
0	1554	20088	30774,3033,5097,1643,4573,5730,8514,4043,9716,6853,11520,11861,12043,12461,11523,9907,10315,4209,10236,7791,3285,13697,15812,15092,17386,17060,18012,18876,12515,17487,18181,13784,15733,11575,17031,15282,16599,17471,21344,12552,16359,22718,19336,21446,28617,24487,24490
0	1554	15473	30774,3033,5097,1643,4573,5730,8514,4043,9716,6853,11520,11861,12043,12461,11523,9907,10315,4209,10236,7791,3285,13697,15812,15092,17386,17060,18012,18876,12515,17487,18181,13784,15733,11575,17031,15282,16599,17471,21344,12552,16359,22718,19336,21446,28617,24487,24490
0	1554	22922	30774,3033,5097,1643,4573,5730,8514,4043,9716,6853,11520,11861,12043,12461,11523,9907,10315,4209,10236,7791,3285,13697,15812,15092,17386,17060,18012,18876,12515,17487,18181,13784,15733,11575,17031,15282,16599,17471,21344,12552,16359,22718,19336,21446,28617,24487,24490
0	1554	24549	30774,3033,5097,1643,4573,5730,8514,4043,9716,6853,11520,11861,12043,12461,11523,9907,10315,4209,10236,7791,3285,13697,15812,15092,17386,17060,18012,18876,12515,17487,18181,13784,15733,11575,17031,15282,16599,17471,21344,12552,16359,22718,19336,21446,28617,24487,24490
0	1554	12434	30774,3033,5097,1643,4573,5730,8514,4043,9716,6853,11520,11861,12043,12461,11523,9907,10315,4209,10236,7791,3285,13697,15812,15092,17386,17060,18012,18876,12515,17487,18181,13784,15733,11575,17031,15282,16599,17471,21344,12552,16359,22718,19336,21446,28617,24487,24490
0	1554	22111	30774,3033,5097,1643,4573,5730,8514,4043,9716,6853,11520,11861,12043,12461,11523,9907,10315,4209,10236,7791,3285,13697,15812,15092,17386,17060,18012,18876,12515,17487,18181,13784,15733,11575,17031,15282,16599,17471,21344,12552,16359,22718,19336,21446,28617,24487,24490
0	1554	25671	30774,3033,5097,1643,4573,5730,8514,4043,9716,6853,11520,11861,12043,12461,11523,9907,10315,4209,10236,7791,3285,13697,15812,15092,17386,17060,18012,18876,12515,17487,18181,13784,15733,11575,17031,15282,16599,17471,21344,12552,16359,22718,19336,21446,28617,24487,24490
0	1554	25020	30774,3033,5097,1643,4573,5730,8514,4043,9716,6853,11520,11861,12043,12461,11523,9907,10315,4209,10236,7791,3285,13697,15812,15092,17386,17060,18012,18876,12515,17487,18181,13784,15733,11575,17031,15282,16599,17471,21344,12552,16359,22718,19336,21446,28617,24487,24490
0	1554	19075	30774,3033,5097,1643,4573,5730,8514,4043,9716,6853,11520,11861,12043,12461,11523,9907,10315,4209,10236,7791,3285,13697,15812,15092,17386,17060,18012,18876,12515,17487,18181,13784,15733,11575,17031,15282,16599,17471,21344,12552,16359,22718,19336,21446,28617,24487,24490
0	1554	25778	30774,3033,5097,1643,4573,5730,8514,4043,9716,6853,11520,11861,12043,12461,11523,9907,10315,4209,10236,7791,3285,13697,15812,15092,17386,17060,18012,18876,12515,17487,18181,13784,15733,11575,17031,15282,16599,17471,21344,12552,16359,22718,19336,21446,28617,24487,24490
0	1554	26237	30774,3033,5097,1643,4573,5730,8514,4043,9716,6853,11520,11861,12043,12461,11523,9907,10315,4209,10236,7791,3285,13697,15812,15092,17386,17060,18012,18876,12515,17487,18181,13784,15733,11575,17031,15282,16599,17471,21344,12552,16359,22718,19336,21446,28617,24487,24490
1	1554	15220	30774,3033,5097,1643,4573,5730,8514,4043,9716,6853,11520,11861,12043,12461,11523,9907,10315,4209,10236,7791,3285,13697,15812,15092,17386,17060,18012,18876,12515,17487,18181,13784,15733,11575,17031,15282,16599,17471,21344,12552,16359,22718,19336,21446,28617,24487,24490
1	1554	23760	30774,3033,5097,1643,4573,5730,8514,4043,9716,6853,11520,11861,12043,12461,11523,9907,10315,4209,10236,7791,3285,13697,15812,15092,17386,17060,18012,18876,12515,17487,18181,13784,15733,11575,17031,15282,16599,17471,21344,12552,16359,22718,19336,21446,28617,24487,24490,15220
0	1554	24726	30774,3033,5097,1643,4573,5730,8514,4043,9716,6853,11520,11861,12043,12461,11523,9907,10315,4209,10236,7791,3285,13697,15812,15092,17386,17060,18012,18876,12515,17487,18181,13784,15733,11575,17031,15282,16599,17471,21344,12552,16359,22718,19336,21446,28617,24487,24490,15220,23760
0	1554	24727	30774,3033,5097,1643,4573,5730,8514,4043,9716,6853,11520,11861,12043,12461,11523,9907,10315,4209,10236,7791,3285,13697,15812,15092,17386,17060,18012,18876,12515,17487,18181,13784,15733,11575,17031,15282,16599,17471,21344,12552,16359,22718,19336,21446,28617,24487,24490,15220,23760
0	1554	24730	30774,3033,5097,1643,4573,5730,8514,4043,9716,6853,11520,11861,12043,12461,11523,9907,10315,4209,10236,7791,3285,13697,15812,15092,17386,17060,18012,18876,12515,17487,18181,13784,15733,11575,17031,15282,16599,17471,21344,12552,16359,22718,19336,21446,28617,24487,24490,15220,23760
0	1554	24731	30774,3033,5097,1643,4573,5730,8514,4043,9716,6853,11520,11861,12043,12461,11523,9907,10315,4209,10236,7791,3285,13697,15812,15092,17386,17060,18012,18876,12515,17487,18181,13784,15733,11575,17031,15282,16599,17471,21344,12552,16359,22718,19336,21446,28617,24487,24490,15220,23760
0	1554	24784	30774,3033,5097,1643,4573,5730,8514,4043,9716,6853,11520,11861,12043,12461,11523,9907,10315,4209,10236,7791,3285,13697,15812,15092,17386,17060,18012,18876,12515,17487,18181,13784,15733,11575,17031,15282,16599,17471,21344,12552,16359,22718,19336,21446,28617,24487,24490,15220,23760
1	1554	24789	30774,3033,5097,1643,4573,5730,8514,4043,9716,6853,11520,11861,12043,12461,11523,9907,10315,4209,10236,7791,3285,13697,15812,15092,17386,17060,18012,18876,12515,17487,18181,13784,15733,11575,17031,15282,16599,17471,21344,12552,16359,22718,19336,21446,28617,24487,24490,15220,23760
1	1554	24790	30774,3033,5097,1643,4573,5730,8514,4043,9716,6853,11520,11861,12043,12461,11523,9907,10315,4209,10236,7791,3285,13697,15812,15092,17386,17060,18012,18876,12515,17487,18181,13784,15733,11575,17031,15282,16599,17471,21344,12552,16359,22718,19336,21446,28617,24487,24490,15220,23760,24789
1	1554	24795	30774,3033,5097,1643,4573,5730,8514,4043,9716,6853,11520,11861,12043,12461,11523,9907,10315,4209,10236,7791,3285,13697,15812,15092,17386,17060,18012,18876,12515,17487,18181,13784,15733,11575,17031,15282,16599,17471,21344,12552,16359,22718,19336,21446,28617,24487,24490,15220,23760,24789,24790
0	1554	25418	30774,3033,5097,1643,4573,5730,8514,4043,9716,6853,11520,11861,12043,12461,11523,9907,10315,4209,10236,7791,3285,13697,15812,15092,17386,17060,18012,18876,12515,17487,18181,13784,15733,11575,17031,15282,16599,17471,21344,12552,16359,22718,19336,21446,28617,24487,24490,15220,23760,24789,24790,24795
1	1554	26327	30774,3033,5097,1643,4573,5730,8514,4043,9716,6853,11520,11861,12043,12461,11523,9907,10315,4209,10236,7791,3285,13697,15812,15092,17386,17060,18012,18876,12515,17487,18181,13784,15733,11575,17031,15282,16599,17471,21344,12552,16359,22718,19336,21446,28617,24487,24490,15220,23760,24789,24790,24795
1	1554	23780	30774,3033,5097,1643,4573,5730,8514,4043,9716,6853,11520,11861,12043,12461,11523,9907,10315,4209,10236,7791,3285,13697,15812,15092,17386,17060,18012,18876,12515,17487,18181,13784,15733,11575,17031,15282,16599,17471,21344,12552,16359,22718,19336,21446,28617,24487,24490,15220,23760,24789,24790,24795,26327
1	1554	25634	30774,3033,5097,1643,4573,5730,8514,4043,9716,6853,11520,11861,12043,12461,11523,9907,10315,4209,10236,7791,3285,13697,15812,15092,17386,17060,18012,18876,12515,17487,18181,13784,15733,11575,17031,15282,16599,17471,21344,12552,16359,22718,19336,21446,28617,24487,24490,15220,23760,24789,24790,24795,26327,23780
0	1554	24786	30774,3033,5097,1643,4573,5730,8514,4043,9716,6853,11520,11861,12043,12461,11523,9907,10315,4209,10236,7791,3285,13697,15812,15092,17386,17060,18012,18876,12515,17487,18181,13784,15733,11575,17031,15282,16599,17471,21344,12552,16359,22718,19336,21446,28617,24487,24490,15220,23760,24789,24790,24795,26327,23780,25634
1	1554	837	30774,3033,5097,1643,4573,5730,8514,4043,9716,6853,11520,11861,12043,12461,11523,9907,10315,4209,10236,7791,3285,13697,15812,15092,17386,17060,18012,18876,12515,17487,18181,13784,15733,11575,17031,15282,16599,17471,21344,12552,16359,22718,19336,21446,28617,24487,24490,15220,23760,24789,24790,24795,26327,23780,25634
0	1554	16562	30774,3033,5097,1643,4573,5730,8514,4043,9716,6853,11520,11861,12043,12461,11523,9907,10315,4209,10236,7791,3285,13697,15812,15092,17386,17060,18012,18876,12515,17487,18181,13784,15733,11575,17031,15282,16599,17471,21344,12552,16359,22718,19336,21446,28617,24487,24490,15220,23760,24789,24790,24795,26327,23780,25634,837
0	1554	23768	30774,3033,5097,1643,4573,5730,8514,4043,9716,6853,11520,11861,12043,12461,11523,9907,10315,4209,10236,7791,3285,13697,15812,15092,17386,17060,18012,18876,12515,17487,18181,13784,15733,11575,17031,15282,16599,17471,21344,12552,16359,22718,19336,21446,28617,24487,24490,15220,23760,24789,24790,24795,26327,23780,25634,837
0	1554	26254	30774,3033,5097,1643,4573,5730,8514,4043,9716,6853,11520,11861,12043,12461,11523,9907,10315,4209,10236,7791,3285,13697,15812,15092,17386,17060,18012,18876,12515,17487,18181,13784,15733,11575,17031,15282,16599,17471,21344,12552,16359,22718,19336,21446,28617,24487,24490,15220,23760,24789,24790,24795,26327,23780,25634,837
0	1554	23360	30774,3033,5097,1643,4573,5730,8514,4043,9716,6853,11520,11861,12043,12461,11523,9907,10315,4209,10236,7791,3285,13697,15812,15092,17386,17060,18012,18876,12515,17487,18181,13784,15733,11575,17031,15282,16599,17471,21344,12552,16359,22718,19336,21446,28617,24487,24490,15220,23760,24789,24790,24795,26327,23780,25634,837
0	1554	27280	30774,3033,5097,1643,4573,5730,8514,4043,9716,6853,11520,11861,12043,12461,11523,9907,10315,4209,10236,7791,3285,13697,15812,15092,17386,17060,18012,18876,12515,17487,18181,13784,15733,11575,17031,15282,16599,17471,21344,12552,16359,22718,19336,21446,28617,24487,24490,15220,23760,24789,24790,24795,26327,23780,25634,837
1	1554	2454	30774,3033,5097,1643,4573,5730,8514,4043,9716,6853,11520,11861,12043,12461,11523,9907,10315,4209,10236,7791,3285,13697,15812,15092,17386,17060,18012,18876,12515,17487,18181,13784,15733,11575,17031,15282,16599,17471,21344,12552,16359,22718,19336,21446,28617,24487,24490,15220,23760,24789,24790,24795,26327,23780,25634,837
0	1554	27650	30774,3033,5097,1643,4573,5730,8514,4043,9716,6853,11520,11861,12043,12461,11523,9907,10315,4209,10236,7791,3285,13697,15812,15092,17386,17060,18012,18876,12515,17487,18181,13784,15733,11575,17031,15282,16599,17471,21344,12552,16359,22718,19336,21446,28617,24487,24490,15220,23760,24789,24790,24795,26327,23780,25634,837,2454
1	1554	24048	30774,3033,5097,1643,4573,5730,8514,4043,9716,6853,11520,11861,12043,12461,11523,9907,10315,4209,10236,7791,3285,13697,15812,15092,17386,17060,18012,18876,12515,17487,18181,13784,15733,11575,17031,15282,16599,17471,21344,12552,16359,22718,19336,21446,28617,24487,24490,15220,23760,24789,24790,24795,26327,23780,25634,837,2454
1	1554	27625	30774,3033,5097,1643,4573,5730,8514,4043,9716,6853,11520,11861,12043,12461,11523,9907,10315,4209,10236,7791,3285,13697,15812,15092,17386,17060,18012,18876,12515,17487,18181,13784,15733,11575,17031,15282,16599,17471,21344,12552,16359,22718,19336,21446,28617,24487,24490,15220,23760,24789,24790,24795,26327,23780,25634,837,2454,24048
0	1554	22561	30774,3033,5097,1643,4573,5730,8514,4043,9716,6853,11520,11861,12043,12461,11523,9907,10315,4209,10236,7791,3285,13697,15812,15092,17386,17060,18012,18876,12515,17487,18181,13784,15733,11575,17031,15282,16599,17471,21344,12552,16359,22718,19336,21446,28617,24487,24490,15220,23760,24789,24790,24795,26327,23780,25634,837,2454,24048,27625
0	1554	26781	30774,3033,5097,1643,4573,5730,8514,4043,9716,6853,11520,11861,12043,12461,11523,9907,10315,4209,10236,7791,3285,13697,15812,15092,17386,17060,18012,18876,12515,17487,18181,13784,15733,11575,17031,15282,16599,17471,21344,12552,16359,22718,19336,21446,28617,24487,24490,15220,23760,24789,24790,24795,26327,23780,25634,837,2454,24048,27625
0	1554	28161	30774,3033,5097,1643,4573,5730,8514,4043,9716,6853,11520,11861,12043,12461,11523,9907,10315,4209,10236,7791,3285,13697,15812,15092,17386,17060,18012,18876,12515,17487,18181,13784,15733,11575,17031,15282,16599,17471,21344,12552,16359,22718,19336,21446,28617,24487,24490,15220,23760,24789,24790,24795,26327,23780,25634,837,2454,24048,27625
1	1554	10601	30774,3033,5097,1643,4573,5730,8514,4043,9716,6853,11520,11861,12043,12461,11523,9907,10315,4209,10236,7791,3285,13697,15812,15092,17386,17060,18012,18876,12515,17487,18181,13784,15733,11575,17031,15282,16599,17471,21344,12552,16359,22718,19336,21446,28617,24487,24490,15220,23760,24789,24790,24795,26327,23780,25634,837,2454,24048,27625
0	1554	27624	30774,3033,5097,1643,4573,5730,8514,4043,9716,6853,11520,11861,12043,12461,11523,9907,10315,4209,10236,7791,3285,13697,15812,15092,17386,17060,18012,18876,12515,17487,18181,13784,15733,11575,17031,15282,16599,17471,21344,12552,16359,22718,19336,21446,28617,24487,24490,15220,23760,24789,24790,24795,26327,23780,25634,837,2454,24048,27625,10601
0	1554	28879	30774,3033,5097,1643,4573,5730,8514,4043,9716,6853,11520,11861,12043,12461,11523,9907,10315,4209,10236,7791,3285,13697,15812,15092,17386,17060,18012,18876,12515,17487,18181,13784,15733,11575,17031,15282,16599,17471,21344,12552,16359,22718,19336,21446,28617,24487,24490,15220,23760,24789,24790,24795,26327,23780,25634,837,2454,24048,27625,10601
0	1554	28973	30774,3033,5097,1643,4573,5730,8514,4043,9716,6853,11520,11861,12043,12461,11523,9907,10315,4209,10236,7791,3285,13697,15812,15092,17386,17060,18012,18876,12515,17487,18181,13784,15733,11575,17031,15282,16599,17471,21344,12552,16359,22718,19336,21446,28617,24487,24490,15220,23760,24789,24790,24795,26327,23780,25634,837,2454,24048,27625,10601
0	1554	28593	30774,3033,5097,1643,4573,5730,8514,4043,9716,6853,11520,11861,12043,12461,11523,9907,10315,4209,10236,7791,3285,13697,15812,15092,17386,17060,18012,18876,12515,17487,18181,13784,15733,11575,17031,15282,16599,17471,21344,12552,16359,22718,19336,21446,28617,24487,24490,15220,23760,24789,24790,24795,26327,23780,25634,837,2454,24048,27625,10601
1	1554	24225	30774,3033,5097,1643,4573,5730,8514,4043,9716,6853,11520,11861,12043,12461,11523,9907,10315,4209,10236,7791,3285,13697,15812,15092,17386,17060,18012,18876,12515,17487,18181,13784,15733,11575,17031,15282,16599,17471,21344,12552,16359,22718,19336,21446,28617,24487,24490,15220,23760,24789,24790,24795,26327,23780,25634,837,2454,24048,27625,10601
0	1554	28927	30774,3033,5097,1643,4573,5730,8514,4043,9716,6853,11520,11861,12043,12461,11523,9907,10315,4209,10236,7791,3285,13697,15812,15092,17386,17060,18012,18876,12515,17487,18181,13784,15733,11575,17031,15282,16599,17471,21344,12552,16359,22718,19336,21446,28617,24487,24490,15220,23760,24789,24790,24795,26327,23780,25634,837,2454,24048,27625,10601,24225
