1	1518	22361	0
0	1518	20416	22361
1	1518	2090	22361
0	1518	2508	22361,2090
0	1518	3180	22361,2090
0	1518	3957	22361,2090
0	1518	3922	22361,2090
0	1518	5331	22361,2090
0	1518	3497	22361,2090
0	1518	5925	22361,2090
0	1518	4319	22361,2090
0	1518	5047	22361,2090
0	1518	10741	22361,2090
0	1518	9583	22361,2090
0	1518	11424	22361,2090
0	1518	8934	22361,2090
1	1518	9909	22361,2090
0	1518	10739	22361,2090,9909
0	1518	629	22361,2090,9909
0	1518	2482	22361,2090,9909
0	1518	3751	22361,2090,9909
0	1518	11207	22361,2090,9909
1	1518	12420	22361,2090,9909
0	1518	14642	22361,2090,9909,12420
0	1518	15019	22361,2090,9909,12420
0	1518	14821	22361,2090,9909,12420
0	1518	10011	22361,2090,9909,12420
0	1518	19172	22361,2090,9909,12420
0	1518	15872	22361,2090,9909,12420
1	1518	19445	22361,2090,9909,12420
0	1518	11575	22361,2090,9909,12420,19445
0	1518	20574	22361,2090,9909,12420,19445
0	1518	22073	22361,2090,9909,12420,19445
0	1518	23449	22361,2090,9909,12420,19445
1	1518	706	22361,2090,9909,12420,19445
1	1518	12588	22361,2090,9909,12420,19445,706
1	1518	7475	22361,2090,9909,12420,19445,706,12588
1	1518	15178	22361,2090,9909,12420,19445,706,12588,7475
0	1518	13453	22361,2090,9909,12420,19445,706,12588,7475,15178
0	1518	15650	22361,2090,9909,12420,19445,706,12588,7475,15178
1	1518	26671	22361,2090,9909,12420,19445,706,12588,7475,15178
1	1518	20647	22361,2090,9909,12420,19445,706,12588,7475,15178,26671
0	1518	24461	22361,2090,9909,12420,19445,706,12588,7475,15178,26671,20647
