1	258	30839	0
0	258	28773	30839
1	258	32204	30839
1	258	335	30839,32204
1	258	946	30839,32204,335
1	258	32199	30839,32204,335,946
1	258	5565	30839,32204,335,946,32199
1	258	5450	30839,32204,335,946,32199,5565
1	258	5625	30839,32204,335,946,32199,5565,5450
1	258	690	30839,32204,335,946,32199,5565,5450,5625
1	258	4979	30839,32204,335,946,32199,5565,5450,5625,690
1	258	5708	30839,32204,335,946,32199,5565,5450,5625,690,4979
1	258	32229	30839,32204,335,946,32199,5565,5450,5625,690,4979,5708
1	258	32173	30839,32204,335,946,32199,5565,5450,5625,690,4979,5708,32229
0	258	6170	30839,32204,335,946,32199,5565,5450,5625,690,4979,5708,32229,32173
1	258	6743	30839,32204,335,946,32199,5565,5450,5625,690,4979,5708,32229,32173
1	258	6325	30839,32204,335,946,32199,5565,5450,5625,690,4979,5708,32229,32173,6743
1	258	6916	30839,32204,335,946,32199,5565,5450,5625,690,4979,5708,32229,32173,6743,6325
1	258	6316	30839,32204,335,946,32199,5565,5450,5625,690,4979,5708,32229,32173,6743,6325,6916
1	258	6318	30839,32204,335,946,32199,5565,5450,5625,690,4979,5708,32229,32173,6743,6325,6916,6316
1	258	1696	30839,32204,335,946,32199,5565,5450,5625,690,4979,5708,32229,32173,6743,6325,6916,6316,6318
1	258	6462	30839,32204,335,946,32199,5565,5450,5625,690,4979,5708,32229,32173,6743,6325,6916,6316,6318,1696
1	258	7580	30839,32204,335,946,32199,5565,5450,5625,690,4979,5708,32229,32173,6743,6325,6916,6316,6318,1696,6462
1	258	7493	30839,32204,335,946,32199,5565,5450,5625,690,4979,5708,32229,32173,6743,6325,6916,6316,6318,1696,6462,7580
0	258	8330	30839,32204,335,946,32199,5565,5450,5625,690,4979,5708,32229,32173,6743,6325,6916,6316,6318,1696,6462,7580,7493
1	258	6333	30839,32204,335,946,32199,5565,5450,5625,690,4979,5708,32229,32173,6743,6325,6916,6316,6318,1696,6462,7580,7493
0	258	8654	30839,32204,335,946,32199,5565,5450,5625,690,4979,5708,32229,32173,6743,6325,6916,6316,6318,1696,6462,7580,7493,6333
0	258	9060	30839,32204,335,946,32199,5565,5450,5625,690,4979,5708,32229,32173,6743,6325,6916,6316,6318,1696,6462,7580,7493,6333
1	258	9132	30839,32204,335,946,32199,5565,5450,5625,690,4979,5708,32229,32173,6743,6325,6916,6316,6318,1696,6462,7580,7493,6333
1	258	9162	30839,32204,335,946,32199,5565,5450,5625,690,4979,5708,32229,32173,6743,6325,6916,6316,6318,1696,6462,7580,7493,6333,9132
0	258	9580	30839,32204,335,946,32199,5565,5450,5625,690,4979,5708,32229,32173,6743,6325,6916,6316,6318,1696,6462,7580,7493,6333,9132,9162
1	258	10377	30839,32204,335,946,32199,5565,5450,5625,690,4979,5708,32229,32173,6743,6325,6916,6316,6318,1696,6462,7580,7493,6333,9132,9162
0	258	9986	30839,32204,335,946,32199,5565,5450,5625,690,4979,5708,32229,32173,6743,6325,6916,6316,6318,1696,6462,7580,7493,6333,9132,9162,10377
1	258	9879	30839,32204,335,946,32199,5565,5450,5625,690,4979,5708,32229,32173,6743,6325,6916,6316,6318,1696,6462,7580,7493,6333,9132,9162,10377
1	258	9462	30839,32204,335,946,32199,5565,5450,5625,690,4979,5708,32229,32173,6743,6325,6916,6316,6318,1696,6462,7580,7493,6333,9132,9162,10377,9879
1	258	9824	30839,32204,335,946,32199,5565,5450,5625,690,4979,5708,32229,32173,6743,6325,6916,6316,6318,1696,6462,7580,7493,6333,9132,9162,10377,9879,9462
1	258	7634	30839,32204,335,946,32199,5565,5450,5625,690,4979,5708,32229,32173,6743,6325,6916,6316,6318,1696,6462,7580,7493,6333,9132,9162,10377,9879,9462,9824
0	258	7976	30839,32204,335,946,32199,5565,5450,5625,690,4979,5708,32229,32173,6743,6325,6916,6316,6318,1696,6462,7580,7493,6333,9132,9162,10377,9879,9462,9824,7634
0	258	11861	30839,32204,335,946,32199,5565,5450,5625,690,4979,5708,32229,32173,6743,6325,6916,6316,6318,1696,6462,7580,7493,6333,9132,9162,10377,9879,9462,9824,7634
0	258	9616	30839,32204,335,946,32199,5565,5450,5625,690,4979,5708,32229,32173,6743,6325,6916,6316,6318,1696,6462,7580,7493,6333,9132,9162,10377,9879,9462,9824,7634
1	258	32187	30839,32204,335,946,32199,5565,5450,5625,690,4979,5708,32229,32173,6743,6325,6916,6316,6318,1696,6462,7580,7493,6333,9132,9162,10377,9879,9462,9824,7634
0	258	8729	30839,32204,335,946,32199,5565,5450,5625,690,4979,5708,32229,32173,6743,6325,6916,6316,6318,1696,6462,7580,7493,6333,9132,9162,10377,9879,9462,9824,7634,32187
1	258	11891	30839,32204,335,946,32199,5565,5450,5625,690,4979,5708,32229,32173,6743,6325,6916,6316,6318,1696,6462,7580,7493,6333,9132,9162,10377,9879,9462,9824,7634,32187
0	258	8659	30839,32204,335,946,32199,5565,5450,5625,690,4979,5708,32229,32173,6743,6325,6916,6316,6318,1696,6462,7580,7493,6333,9132,9162,10377,9879,9462,9824,7634,32187,11891
1	258	13323	30839,32204,335,946,32199,5565,5450,5625,690,4979,5708,32229,32173,6743,6325,6916,6316,6318,1696,6462,7580,7493,6333,9132,9162,10377,9879,9462,9824,7634,32187,11891
0	258	10738	30839,32204,335,946,32199,5565,5450,5625,690,4979,5708,32229,32173,6743,6325,6916,6316,6318,1696,6462,7580,7493,6333,9132,9162,10377,9879,9462,9824,7634,32187,11891,13323
1	258	13799	30839,32204,335,946,32199,5565,5450,5625,690,4979,5708,32229,32173,6743,6325,6916,6316,6318,1696,6462,7580,7493,6333,9132,9162,10377,9879,9462,9824,7634,32187,11891,13323
1	258	11869	30839,32204,335,946,32199,5565,5450,5625,690,4979,5708,32229,32173,6743,6325,6916,6316,6318,1696,6462,7580,7493,6333,9132,9162,10377,9879,9462,9824,7634,32187,11891,13323,13799
1	258	11241	30839,32204,335,946,32199,5565,5450,5625,690,4979,5708,32229,32173,6743,6325,6916,6316,6318,1696,6462,7580,7493,6333,9132,9162,10377,9879,9462,9824,7634,32187,11891,13323,13799,11869
1	258	13745	30839,32204,335,946,32199,5565,5450,5625,690,4979,5708,32229,32173,6743,6325,6916,6316,6318,1696,6462,7580,7493,6333,9132,9162,10377,9879,9462,9824,7634,32187,11891,13323,13799,11869,11241
1	258	13276	30839,32204,335,946,32199,5565,5450,5625,690,4979,5708,32229,32173,6743,6325,6916,6316,6318,1696,6462,7580,7493,6333,9132,9162,10377,9879,9462,9824,7634,32187,11891,13323,13799,11869,11241,13745
0	258	13619	30839,32204,335,946,32199,5565,5450,5625,690,4979,5708,32229,32173,6743,6325,6916,6316,6318,1696,6462,7580,7493,6333,9132,9162,10377,9879,9462,9824,7634,32187,11891,13323,13799,11869,11241,13745,13276
1	258	12390	30839,32204,335,946,32199,5565,5450,5625,690,4979,5708,32229,32173,6743,6325,6916,6316,6318,1696,6462,7580,7493,6333,9132,9162,10377,9879,9462,9824,7634,32187,11891,13323,13799,11869,11241,13745,13276
1	258	15521	30839,32204,335,946,32199,5565,5450,5625,690,4979,5708,32229,32173,6743,6325,6916,6316,6318,1696,6462,7580,7493,6333,9132,9162,10377,9879,9462,9824,7634,32187,11891,13323,13799,11869,11241,13745,13276,12390
1	258	15247	30839,32204,335,946,32199,5565,5450,5625,690,4979,5708,32229,32173,6743,6325,6916,6316,6318,1696,6462,7580,7493,6333,9132,9162,10377,9879,9462,9824,7634,32187,11891,13323,13799,11869,11241,13745,13276,12390,15521
0	258	16629	30839,32204,335,946,32199,5565,5450,5625,690,4979,5708,32229,32173,6743,6325,6916,6316,6318,1696,6462,7580,7493,6333,9132,9162,10377,9879,9462,9824,7634,32187,11891,13323,13799,11869,11241,13745,13276,12390,15521,15247
1	258	17131	30839,32204,335,946,32199,5565,5450,5625,690,4979,5708,32229,32173,6743,6325,6916,6316,6318,1696,6462,7580,7493,6333,9132,9162,10377,9879,9462,9824,7634,32187,11891,13323,13799,11869,11241,13745,13276,12390,15521,15247
1	258	17615	30839,32204,335,946,32199,5565,5450,5625,690,4979,5708,32229,32173,6743,6325,6916,6316,6318,1696,6462,7580,7493,6333,9132,9162,10377,9879,9462,9824,7634,32187,11891,13323,13799,11869,11241,13745,13276,12390,15521,15247,17131
0	258	17170	30839,32204,335,946,32199,5565,5450,5625,690,4979,5708,32229,32173,6743,6325,6916,6316,6318,1696,6462,7580,7493,6333,9132,9162,10377,9879,9462,9824,7634,32187,11891,13323,13799,11869,11241,13745,13276,12390,15521,15247,17131,17615
0	258	2379	30839,32204,335,946,32199,5565,5450,5625,690,4979,5708,32229,32173,6743,6325,6916,6316,6318,1696,6462,7580,7493,6333,9132,9162,10377,9879,9462,9824,7634,32187,11891,13323,13799,11869,11241,13745,13276,12390,15521,15247,17131,17615
1	258	17200	30839,32204,335,946,32199,5565,5450,5625,690,4979,5708,32229,32173,6743,6325,6916,6316,6318,1696,6462,7580,7493,6333,9132,9162,10377,9879,9462,9824,7634,32187,11891,13323,13799,11869,11241,13745,13276,12390,15521,15247,17131,17615
1	258	17657	30839,32204,335,946,32199,5565,5450,5625,690,4979,5708,32229,32173,6743,6325,6916,6316,6318,1696,6462,7580,7493,6333,9132,9162,10377,9879,9462,9824,7634,32187,11891,13323,13799,11869,11241,13745,13276,12390,15521,15247,17131,17615,17200
1	258	16322	30839,32204,335,946,32199,5565,5450,5625,690,4979,5708,32229,32173,6743,6325,6916,6316,6318,1696,6462,7580,7493,6333,9132,9162,10377,9879,9462,9824,7634,32187,11891,13323,13799,11869,11241,13745,13276,12390,15521,15247,17131,17615,17200,17657
0	258	17011	30839,32204,335,946,32199,5565,5450,5625,690,4979,5708,32229,32173,6743,6325,6916,6316,6318,1696,6462,7580,7493,6333,9132,9162,10377,9879,9462,9824,7634,32187,11891,13323,13799,11869,11241,13745,13276,12390,15521,15247,17131,17615,17200,17657,16322
1	258	18784	30839,32204,335,946,32199,5565,5450,5625,690,4979,5708,32229,32173,6743,6325,6916,6316,6318,1696,6462,7580,7493,6333,9132,9162,10377,9879,9462,9824,7634,32187,11891,13323,13799,11869,11241,13745,13276,12390,15521,15247,17131,17615,17200,17657,16322
1	258	2836	30839,32204,335,946,32199,5565,5450,5625,690,4979,5708,32229,32173,6743,6325,6916,6316,6318,1696,6462,7580,7493,6333,9132,9162,10377,9879,9462,9824,7634,32187,11891,13323,13799,11869,11241,13745,13276,12390,15521,15247,17131,17615,17200,17657,16322,18784
1	258	18773	30839,32204,335,946,32199,5565,5450,5625,690,4979,5708,32229,32173,6743,6325,6916,6316,6318,1696,6462,7580,7493,6333,9132,9162,10377,9879,9462,9824,7634,32187,11891,13323,13799,11869,11241,13745,13276,12390,15521,15247,17131,17615,17200,17657,16322,18784,2836
0	258	19176	30839,32204,335,946,32199,5565,5450,5625,690,4979,5708,32229,32173,6743,6325,6916,6316,6318,1696,6462,7580,7493,6333,9132,9162,10377,9879,9462,9824,7634,32187,11891,13323,13799,11869,11241,13745,13276,12390,15521,15247,17131,17615,17200,17657,16322,18784,2836,18773
0	258	19238	30839,32204,335,946,32199,5565,5450,5625,690,4979,5708,32229,32173,6743,6325,6916,6316,6318,1696,6462,7580,7493,6333,9132,9162,10377,9879,9462,9824,7634,32187,11891,13323,13799,11869,11241,13745,13276,12390,15521,15247,17131,17615,17200,17657,16322,18784,2836,18773
0	258	7341	30839,32204,335,946,32199,5565,5450,5625,690,4979,5708,32229,32173,6743,6325,6916,6316,6318,1696,6462,7580,7493,6333,9132,9162,10377,9879,9462,9824,7634,32187,11891,13323,13799,11869,11241,13745,13276,12390,15521,15247,17131,17615,17200,17657,16322,18784,2836,18773
1	258	20443	30839,32204,335,946,32199,5565,5450,5625,690,4979,5708,32229,32173,6743,6325,6916,6316,6318,1696,6462,7580,7493,6333,9132,9162,10377,9879,9462,9824,7634,32187,11891,13323,13799,11869,11241,13745,13276,12390,15521,15247,17131,17615,17200,17657,16322,18784,2836,18773
0	258	21063	30839,32204,335,946,32199,5565,5450,5625,690,4979,5708,32229,32173,6743,6325,6916,6316,6318,1696,6462,7580,7493,6333,9132,9162,10377,9879,9462,9824,7634,32187,11891,13323,13799,11869,11241,13745,13276,12390,15521,15247,17131,17615,17200,17657,16322,18784,2836,18773,20443
1	258	20210	30839,32204,335,946,32199,5565,5450,5625,690,4979,5708,32229,32173,6743,6325,6916,6316,6318,1696,6462,7580,7493,6333,9132,9162,10377,9879,9462,9824,7634,32187,11891,13323,13799,11869,11241,13745,13276,12390,15521,15247,17131,17615,17200,17657,16322,18784,2836,18773,20443
1	258	15674	30839,32204,335,946,32199,5565,5450,5625,690,4979,5708,32229,32173,6743,6325,6916,6316,6318,1696,6462,7580,7493,6333,9132,9162,10377,9879,9462,9824,7634,32187,11891,13323,13799,11869,11241,13745,13276,12390,15521,15247,17131,17615,17200,17657,16322,18784,2836,18773,20443,20210
1	258	20614	30839,32204,335,946,32199,5565,5450,5625,690,4979,5708,32229,32173,6743,6325,6916,6316,6318,1696,6462,7580,7493,6333,9132,9162,10377,9879,9462,9824,7634,32187,11891,13323,13799,11869,11241,13745,13276,12390,15521,15247,17131,17615,17200,17657,16322,18784,2836,18773,20443,20210,15674
0	258	22581	30839,32204,335,946,32199,5565,5450,5625,690,4979,5708,32229,32173,6743,6325,6916,6316,6318,1696,6462,7580,7493,6333,9132,9162,10377,9879,9462,9824,7634,32187,11891,13323,13799,11869,11241,13745,13276,12390,15521,15247,17131,17615,17200,17657,16322,18784,2836,18773,20443,20210,15674,20614
1	258	22878	30839,32204,335,946,32199,5565,5450,5625,690,4979,5708,32229,32173,6743,6325,6916,6316,6318,1696,6462,7580,7493,6333,9132,9162,10377,9879,9462,9824,7634,32187,11891,13323,13799,11869,11241,13745,13276,12390,15521,15247,17131,17615,17200,17657,16322,18784,2836,18773,20443,20210,15674,20614
0	258	22132	30839,32204,335,946,32199,5565,5450,5625,690,4979,5708,32229,32173,6743,6325,6916,6316,6318,1696,6462,7580,7493,6333,9132,9162,10377,9879,9462,9824,7634,32187,11891,13323,13799,11869,11241,13745,13276,12390,15521,15247,17131,17615,17200,17657,16322,18784,2836,18773,20443,20210,15674,20614,22878
0	258	21312	30839,32204,335,946,32199,5565,5450,5625,690,4979,5708,32229,32173,6743,6325,6916,6316,6318,1696,6462,7580,7493,6333,9132,9162,10377,9879,9462,9824,7634,32187,11891,13323,13799,11869,11241,13745,13276,12390,15521,15247,17131,17615,17200,17657,16322,18784,2836,18773,20443,20210,15674,20614,22878
0	258	19881	30839,32204,335,946,32199,5565,5450,5625,690,4979,5708,32229,32173,6743,6325,6916,6316,6318,1696,6462,7580,7493,6333,9132,9162,10377,9879,9462,9824,7634,32187,11891,13323,13799,11869,11241,13745,13276,12390,15521,15247,17131,17615,17200,17657,16322,18784,2836,18773,20443,20210,15674,20614,22878
0	258	22349	30839,32204,335,946,32199,5565,5450,5625,690,4979,5708,32229,32173,6743,6325,6916,6316,6318,1696,6462,7580,7493,6333,9132,9162,10377,9879,9462,9824,7634,32187,11891,13323,13799,11869,11241,13745,13276,12390,15521,15247,17131,17615,17200,17657,16322,18784,2836,18773,20443,20210,15674,20614,22878
1	258	20954	30839,32204,335,946,32199,5565,5450,5625,690,4979,5708,32229,32173,6743,6325,6916,6316,6318,1696,6462,7580,7493,6333,9132,9162,10377,9879,9462,9824,7634,32187,11891,13323,13799,11869,11241,13745,13276,12390,15521,15247,17131,17615,17200,17657,16322,18784,2836,18773,20443,20210,15674,20614,22878
1	258	25006	30839,32204,335,946,32199,5565,5450,5625,690,4979,5708,32229,32173,6743,6325,6916,6316,6318,1696,6462,7580,7493,6333,9132,9162,10377,9879,9462,9824,7634,32187,11891,13323,13799,11869,11241,13745,13276,12390,15521,15247,17131,17615,17200,17657,16322,18784,2836,18773,20443,20210,15674,20614,22878,20954
1	258	25132	30839,32204,335,946,32199,5565,5450,5625,690,4979,5708,32229,32173,6743,6325,6916,6316,6318,1696,6462,7580,7493,6333,9132,9162,10377,9879,9462,9824,7634,32187,11891,13323,13799,11869,11241,13745,13276,12390,15521,15247,17131,17615,17200,17657,16322,18784,2836,18773,20443,20210,15674,20614,22878,20954,25006
1	258	19655	30839,32204,335,946,32199,5565,5450,5625,690,4979,5708,32229,32173,6743,6325,6916,6316,6318,1696,6462,7580,7493,6333,9132,9162,10377,9879,9462,9824,7634,32187,11891,13323,13799,11869,11241,13745,13276,12390,15521,15247,17131,17615,17200,17657,16322,18784,2836,18773,20443,20210,15674,20614,22878,20954,25006,25132
1	258	24425	30839,32204,335,946,32199,5565,5450,5625,690,4979,5708,32229,32173,6743,6325,6916,6316,6318,1696,6462,7580,7493,6333,9132,9162,10377,9879,9462,9824,7634,32187,11891,13323,13799,11869,11241,13745,13276,12390,15521,15247,17131,17615,17200,17657,16322,18784,2836,18773,20443,20210,15674,20614,22878,20954,25006,25132,19655
0	258	25778	30839,32204,335,946,32199,5565,5450,5625,690,4979,5708,32229,32173,6743,6325,6916,6316,6318,1696,6462,7580,7493,6333,9132,9162,10377,9879,9462,9824,7634,32187,11891,13323,13799,11869,11241,13745,13276,12390,15521,15247,17131,17615,17200,17657,16322,18784,2836,18773,20443,20210,15674,20614,22878,20954,25006,25132,19655,24425
1	258	26671	30839,32204,335,946,32199,5565,5450,5625,690,4979,5708,32229,32173,6743,6325,6916,6316,6318,1696,6462,7580,7493,6333,9132,9162,10377,9879,9462,9824,7634,32187,11891,13323,13799,11869,11241,13745,13276,12390,15521,15247,17131,17615,17200,17657,16322,18784,2836,18773,20443,20210,15674,20614,22878,20954,25006,25132,19655,24425
1	258	26759	30839,32204,335,946,32199,5565,5450,5625,690,4979,5708,32229,32173,6743,6325,6916,6316,6318,1696,6462,7580,7493,6333,9132,9162,10377,9879,9462,9824,7634,32187,11891,13323,13799,11869,11241,13745,13276,12390,15521,15247,17131,17615,17200,17657,16322,18784,2836,18773,20443,20210,15674,20614,22878,20954,25006,25132,19655,24425,26671
0	258	23624	30839,32204,335,946,32199,5565,5450,5625,690,4979,5708,32229,32173,6743,6325,6916,6316,6318,1696,6462,7580,7493,6333,9132,9162,10377,9879,9462,9824,7634,32187,11891,13323,13799,11869,11241,13745,13276,12390,15521,15247,17131,17615,17200,17657,16322,18784,2836,18773,20443,20210,15674,20614,22878,20954,25006,25132,19655,24425,26671,26759
0	258	23768	30839,32204,335,946,32199,5565,5450,5625,690,4979,5708,32229,32173,6743,6325,6916,6316,6318,1696,6462,7580,7493,6333,9132,9162,10377,9879,9462,9824,7634,32187,11891,13323,13799,11869,11241,13745,13276,12390,15521,15247,17131,17615,17200,17657,16322,18784,2836,18773,20443,20210,15674,20614,22878,20954,25006,25132,19655,24425,26671,26759
1	258	23467	30839,32204,335,946,32199,5565,5450,5625,690,4979,5708,32229,32173,6743,6325,6916,6316,6318,1696,6462,7580,7493,6333,9132,9162,10377,9879,9462,9824,7634,32187,11891,13323,13799,11869,11241,13745,13276,12390,15521,15247,17131,17615,17200,17657,16322,18784,2836,18773,20443,20210,15674,20614,22878,20954,25006,25132,19655,24425,26671,26759
0	258	27151	30839,32204,335,946,32199,5565,5450,5625,690,4979,5708,32229,32173,6743,6325,6916,6316,6318,1696,6462,7580,7493,6333,9132,9162,10377,9879,9462,9824,7634,32187,11891,13323,13799,11869,11241,13745,13276,12390,15521,15247,17131,17615,17200,17657,16322,18784,2836,18773,20443,20210,15674,20614,22878,20954,25006,25132,19655,24425,26671,26759,23467
0	258	27055	30839,32204,335,946,32199,5565,5450,5625,690,4979,5708,32229,32173,6743,6325,6916,6316,6318,1696,6462,7580,7493,6333,9132,9162,10377,9879,9462,9824,7634,32187,11891,13323,13799,11869,11241,13745,13276,12390,15521,15247,17131,17615,17200,17657,16322,18784,2836,18773,20443,20210,15674,20614,22878,20954,25006,25132,19655,24425,26671,26759,23467
0	258	27919	30839,32204,335,946,32199,5565,5450,5625,690,4979,5708,32229,32173,6743,6325,6916,6316,6318,1696,6462,7580,7493,6333,9132,9162,10377,9879,9462,9824,7634,32187,11891,13323,13799,11869,11241,13745,13276,12390,15521,15247,17131,17615,17200,17657,16322,18784,2836,18773,20443,20210,15674,20614,22878,20954,25006,25132,19655,24425,26671,26759,23467
0	258	24048	30839,32204,335,946,32199,5565,5450,5625,690,4979,5708,32229,32173,6743,6325,6916,6316,6318,1696,6462,7580,7493,6333,9132,9162,10377,9879,9462,9824,7634,32187,11891,13323,13799,11869,11241,13745,13276,12390,15521,15247,17131,17615,17200,17657,16322,18784,2836,18773,20443,20210,15674,20614,22878,20954,25006,25132,19655,24425,26671,26759,23467
1	258	29025	30839,32204,335,946,32199,5565,5450,5625,690,4979,5708,32229,32173,6743,6325,6916,6316,6318,1696,6462,7580,7493,6333,9132,9162,10377,9879,9462,9824,7634,32187,11891,13323,13799,11869,11241,13745,13276,12390,15521,15247,17131,17615,17200,17657,16322,18784,2836,18773,20443,20210,15674,20614,22878,20954,25006,25132,19655,24425,26671,26759,23467
0	258	22137	30839,32204,335,946,32199,5565,5450,5625,690,4979,5708,32229,32173,6743,6325,6916,6316,6318,1696,6462,7580,7493,6333,9132,9162,10377,9879,9462,9824,7634,32187,11891,13323,13799,11869,11241,13745,13276,12390,15521,15247,17131,17615,17200,17657,16322,18784,2836,18773,20443,20210,15674,20614,22878,20954,25006,25132,19655,24425,26671,26759,23467,29025
0	258	17570	30839,32204,335,946,32199,5565,5450,5625,690,4979,5708,32229,32173,6743,6325,6916,6316,6318,1696,6462,7580,7493,6333,9132,9162,10377,9879,9462,9824,7634,32187,11891,13323,13799,11869,11241,13745,13276,12390,15521,15247,17131,17615,17200,17657,16322,18784,2836,18773,20443,20210,15674,20614,22878,20954,25006,25132,19655,24425,26671,26759,23467,29025
1	258	28941	30839,32204,335,946,32199,5565,5450,5625,690,4979,5708,32229,32173,6743,6325,6916,6316,6318,1696,6462,7580,7493,6333,9132,9162,10377,9879,9462,9824,7634,32187,11891,13323,13799,11869,11241,13745,13276,12390,15521,15247,17131,17615,17200,17657,16322,18784,2836,18773,20443,20210,15674,20614,22878,20954,25006,25132,19655,24425,26671,26759,23467,29025
1	258	28003	30839,32204,335,946,32199,5565,5450,5625,690,4979,5708,32229,32173,6743,6325,6916,6316,6318,1696,6462,7580,7493,6333,9132,9162,10377,9879,9462,9824,7634,32187,11891,13323,13799,11869,11241,13745,13276,12390,15521,15247,17131,17615,17200,17657,16322,18784,2836,18773,20443,20210,15674,20614,22878,20954,25006,25132,19655,24425,26671,26759,23467,29025,28941
