0	1653	27443	0
1	1653	9879	0
1	1653	6822	9879
1	1653	12041	9879,6822
0	1653	11924	9879,6822,12041
0	1653	10983	9879,6822,12041
0	1653	12438	9879,6822,12041
0	1653	11351	9879,6822,12041
1	1653	13866	9879,6822,12041
0	1653	10781	9879,6822,12041,13866
0	1653	14642	9879,6822,12041,13866
1	1653	16063	9879,6822,12041,13866
1	1653	16460	9879,6822,12041,13866,16063
1	1653	16947	9879,6822,12041,13866,16063,16460
1	1653	16629	9879,6822,12041,13866,16063,16460,16947
0	1653	22399	9879,6822,12041,13866,16063,16460,16947,16629
1	1653	15221	9879,6822,12041,13866,16063,16460,16947,16629
0	1653	19895	9879,6822,12041,13866,16063,16460,16947,16629,15221
0	1653	24788	9879,6822,12041,13866,16063,16460,16947,16629,15221
1	1653	14473	9879,6822,12041,13866,16063,16460,16947,16629,15221
1	1653	24795	9879,6822,12041,13866,16063,16460,16947,16629,15221,14473
1	1653	25248	9879,6822,12041,13866,16063,16460,16947,16629,15221,14473,24795
1	1653	25250	9879,6822,12041,13866,16063,16460,16947,16629,15221,14473,24795,25248
0	1653	27151	9879,6822,12041,13866,16063,16460,16947,16629,15221,14473,24795,25248,25250
0	1653	27227	9879,6822,12041,13866,16063,16460,16947,16629,15221,14473,24795,25248,25250
1	1653	27502	9879,6822,12041,13866,16063,16460,16947,16629,15221,14473,24795,25248,25250
1	1653	25817	9879,6822,12041,13866,16063,16460,16947,16629,15221,14473,24795,25248,25250,27502
0	1653	24048	9879,6822,12041,13866,16063,16460,16947,16629,15221,14473,24795,25248,25250,27502,25817
0	1653	26178	9879,6822,12041,13866,16063,16460,16947,16629,15221,14473,24795,25248,25250,27502,25817
0	1653	26401	9879,6822,12041,13866,16063,16460,16947,16629,15221,14473,24795,25248,25250,27502,25817
0	1653	23316	9879,6822,12041,13866,16063,16460,16947,16629,15221,14473,24795,25248,25250,27502,25817
0	1653	26838	9879,6822,12041,13866,16063,16460,16947,16629,15221,14473,24795,25248,25250,27502,25817
1	1653	26839	9879,6822,12041,13866,16063,16460,16947,16629,15221,14473,24795,25248,25250,27502,25817
1	1653	28600	9879,6822,12041,13866,16063,16460,16947,16629,15221,14473,24795,25248,25250,27502,25817,26839
1	1653	27895	9879,6822,12041,13866,16063,16460,16947,16629,15221,14473,24795,25248,25250,27502,25817,26839,28600
