1	563	11692	0
0	563	31449	11692
1	563	5433	11692
0	563	697	11692,5433
1	563	705	11692,5433
1	563	1342	11692,5433,705
1	563	2906	11692,5433,705,1342
1	563	23969	11692,5433,705,1342,2906
1	563	679	11692,5433,705,1342,2906,23969
1	563	5382	11692,5433,705,1342,2906,23969,679
1	563	3628	11692,5433,705,1342,2906,23969,679,5382
1	563	5172	11692,5433,705,1342,2906,23969,679,5382,3628
0	563	6130	11692,5433,705,1342,2906,23969,679,5382,3628,5172
0	563	32559	11692,5433,705,1342,2906,23969,679,5382,3628,5172
1	563	6292	11692,5433,705,1342,2906,23969,679,5382,3628,5172
1	563	5974	11692,5433,705,1342,2906,23969,679,5382,3628,5172,6292
1	563	28656	11692,5433,705,1342,2906,23969,679,5382,3628,5172,6292,5974
1	563	28773	11692,5433,705,1342,2906,23969,679,5382,3628,5172,6292,5974,28656
1	563	4736	11692,5433,705,1342,2906,23969,679,5382,3628,5172,6292,5974,28656,28773
1	563	7635	11692,5433,705,1342,2906,23969,679,5382,3628,5172,6292,5974,28656,28773,4736
1	563	8283	11692,5433,705,1342,2906,23969,679,5382,3628,5172,6292,5974,28656,28773,4736,7635
1	563	31408	11692,5433,705,1342,2906,23969,679,5382,3628,5172,6292,5974,28656,28773,4736,7635,8283
1	563	32063	11692,5433,705,1342,2906,23969,679,5382,3628,5172,6292,5974,28656,28773,4736,7635,8283,31408
0	563	32582	11692,5433,705,1342,2906,23969,679,5382,3628,5172,6292,5974,28656,28773,4736,7635,8283,31408,32063
0	563	31816	11692,5433,705,1342,2906,23969,679,5382,3628,5172,6292,5974,28656,28773,4736,7635,8283,31408,32063
0	563	32745	11692,5433,705,1342,2906,23969,679,5382,3628,5172,6292,5974,28656,28773,4736,7635,8283,31408,32063
0	563	5715	11692,5433,705,1342,2906,23969,679,5382,3628,5172,6292,5974,28656,28773,4736,7635,8283,31408,32063
1	563	505	11692,5433,705,1342,2906,23969,679,5382,3628,5172,6292,5974,28656,28773,4736,7635,8283,31408,32063
0	563	30107	11692,5433,705,1342,2906,23969,679,5382,3628,5172,6292,5974,28656,28773,4736,7635,8283,31408,32063,505
0	563	30925	11692,5433,705,1342,2906,23969,679,5382,3628,5172,6292,5974,28656,28773,4736,7635,8283,31408,32063,505
0	563	27028	11692,5433,705,1342,2906,23969,679,5382,3628,5172,6292,5974,28656,28773,4736,7635,8283,31408,32063,505
0	563	32423	11692,5433,705,1342,2906,23969,679,5382,3628,5172,6292,5974,28656,28773,4736,7635,8283,31408,32063,505
0	563	2002	11692,5433,705,1342,2906,23969,679,5382,3628,5172,6292,5974,28656,28773,4736,7635,8283,31408,32063,505
0	563	30979	11692,5433,705,1342,2906,23969,679,5382,3628,5172,6292,5974,28656,28773,4736,7635,8283,31408,32063,505
0	563	31198	11692,5433,705,1342,2906,23969,679,5382,3628,5172,6292,5974,28656,28773,4736,7635,8283,31408,32063,505
0	563	31579	11692,5433,705,1342,2906,23969,679,5382,3628,5172,6292,5974,28656,28773,4736,7635,8283,31408,32063,505
0	563	4681	11692,5433,705,1342,2906,23969,679,5382,3628,5172,6292,5974,28656,28773,4736,7635,8283,31408,32063,505
0	563	18976	11692,5433,705,1342,2906,23969,679,5382,3628,5172,6292,5974,28656,28773,4736,7635,8283,31408,32063,505
0	563	8063	11692,5433,705,1342,2906,23969,679,5382,3628,5172,6292,5974,28656,28773,4736,7635,8283,31408,32063,505
0	563	11550	11692,5433,705,1342,2906,23969,679,5382,3628,5172,6292,5974,28656,28773,4736,7635,8283,31408,32063,505
0	563	13825	11692,5433,705,1342,2906,23969,679,5382,3628,5172,6292,5974,28656,28773,4736,7635,8283,31408,32063,505
1	563	22353	11692,5433,705,1342,2906,23969,679,5382,3628,5172,6292,5974,28656,28773,4736,7635,8283,31408,32063,505
0	563	24234	11692,5433,705,1342,2906,23969,679,5382,3628,5172,6292,5974,28656,28773,4736,7635,8283,31408,32063,505,22353
1	563	14898	11692,5433,705,1342,2906,23969,679,5382,3628,5172,6292,5974,28656,28773,4736,7635,8283,31408,32063,505,22353,28448,30842,9852,28067
1	563	14140	11692,5433,705,1342,2906,23969,679,5382,3628,5172,6292,5974,28656,28773,4736,7635,8283,31408,32063,505,22353,28448,30842,9852,28067,14898
1	563	14199	11692,5433,705,1342,2906,23969,679,5382,3628,5172,6292,5974,28656,28773,4736,7635,8283,31408,32063,505,22353,28448,30842,9852,28067,14898,14140
1	563	23274	11692,5433,705,1342,2906,23969,679,5382,3628,5172,6292,5974,28656,28773,4736,7635,8283,31408,32063,505,22353,28448,30842,9852,28067,14898,14140,14199
0	563	17361	11692,5433,705,1342,2906,23969,679,5382,3628,5172,6292,5974,28656,28773,4736,7635,8283,31408,32063,505,22353,28448,30842,9852,28067,14898,14140,14199,23274
0	563	1407	11692,5433,705,1342,2906,23969,679,5382,3628,5172,6292,5974,28656,28773,4736,7635,8283,31408,32063,505,22353,28448,30842,9852,28067,14898,14140,14199,23274
1	563	6840	11692,5433,705,1342,2906,23969,679,5382,3628,5172,6292,5974,28656,28773,4736,7635,8283,31408,32063,505,22353,28448,30842,9852,28067,14898,14140,14199,23274
1	563	6711	11692,5433,705,1342,2906,23969,679,5382,3628,5172,6292,5974,28656,28773,4736,7635,8283,31408,32063,505,22353,28448,30842,9852,28067,14898,14140,14199,23274,6840
0	563	33071	11692,5433,705,1342,2906,23969,679,5382,3628,5172,6292,5974,28656,28773,4736,7635,8283,31408,32063,505,22353,28448,30842,9852,28067,14898,14140,14199,23274,6840,6711
0	563	31712	11692,5433,705,1342,2906,23969,679,5382,3628,5172,6292,5974,28656,28773,4736,7635,8283,31408,32063,505,22353,28448,30842,9852,28067,14898,14140,14199,23274,6840,6711
1	563	8873	11692,5433,705,1342,2906,23969,679,5382,3628,5172,6292,5974,28656,28773,4736,7635,8283,31408,32063,505,22353,28448,30842,9852,28067,14898,14140,14199,23274,6840,6711
1	563	31429	11692,5433,705,1342,2906,23969,679,5382,3628,5172,6292,5974,28656,28773,4736,7635,8283,31408,32063,505,22353,28448,30842,9852,28067,14898,14140,14199,23274,6840,6711,8873
1	563	16962	11692,5433,705,1342,2906,23969,679,5382,3628,5172,6292,5974,28656,28773,4736,7635,8283,31408,32063,505,22353,28448,30842,9852,28067,14898,14140,14199,23274,6840,6711,8873,31429
0	563	12845	11692,5433,705,1342,2906,23969,679,5382,3628,5172,6292,5974,28656,28773,4736,7635,8283,31408,32063,505,22353,28448,30842,9852,28067,14898,14140,14199,23274,6840,6711,8873,31429,16962
1	563	31705	11692,5433,705,1342,2906,23969,679,5382,3628,5172,6292,5974,28656,28773,4736,7635,8283,31408,32063,505,22353,28448,30842,9852,28067,14898,14140,14199,23274,6840,6711,8873,31429,16962
