0	1499	31296	0
0	1499	31845	0
1	1499	32404	0
0	1499	32022	32404
0	1499	8157	32404
0	1499	27794	32404
0	1499	31408	32404
0	1499	17530	32404
1	1499	2161	32404
0	1499	1806	32404,2161
0	1499	31082	32404,2161
0	1499	2487	32404,2161
0	1499	18015	32404,2161
0	1499	32125	32404,2161
0	1499	1849	32404,2161
1	1499	3005	32404,2161
1	1499	29631	32404,2161,3005
0	1499	96	32404,2161,3005,29631
1	1499	3903	32404,2161,3005,29631
1	1499	3117	32404,2161,3005,29631,3903
0	1499	32921	32404,2161,3005,29631,3903,3117
0	1499	3024	32404,2161,3005,29631,3903,3117
0	1499	2616	32404,2161,3005,29631,3903,3117
0	1499	900	32404,2161,3005,29631,3903,3117
1	1499	5642	32404,2161,3005,29631,3903,3117
0	1499	4773	32404,2161,3005,29631,3903,3117,5642
0	1499	2339	32404,2161,3005,29631,3903,3117,5642
0	1499	4177	32404,2161,3005,29631,3903,3117,5642
1	1499	5975	32404,2161,3005,29631,3903,3117,5642
0	1499	7024	32404,2161,3005,29631,3903,3117,5642,5975
1	1499	5227	32404,2161,3005,29631,3903,3117,5642,5975
0	1499	3454	32404,2161,3005,29631,3903,3117,5642,5975,5227
0	1499	6338	32404,2161,3005,29631,3903,3117,5642,5975,5227
0	1499	5831	32404,2161,3005,29631,3903,3117,5642,5975,5227
0	1499	3185	32404,2161,3005,29631,3903,3117,5642,5975,5227
1	1499	6853	32404,2161,3005,29631,3903,3117,5642,5975,5227
0	1499	8108	32404,2161,3005,29631,3903,3117,5642,5975,5227,6853
0	1499	8748	32404,2161,3005,29631,3903,3117,5642,5975,5227,6853
0	1499	8392	32404,2161,3005,29631,3903,3117,5642,5975,5227,6853
0	1499	23363	32404,2161,3005,29631,3903,3117,5642,5975,5227,6853
0	1499	14642	32404,2161,3005,29631,3903,3117,5642,5975,5227,6853
0	1499	15804	32404,2161,3005,29631,3903,3117,5642,5975,5227,6853
1	1499	14177	32404,2161,3005,29631,3903,3117,5642,5975,5227,6853
1	1499	16877	32404,2161,3005,29631,3903,3117,5642,5975,5227,6853,14177
1	1499	18638	32404,2161,3005,29631,3903,3117,5642,5975,5227,6853,14177,16877
0	1499	7988	32404,2161,3005,29631,3903,3117,5642,5975,5227,6853,14177,16877,18638
1	1499	12597	32404,2161,3005,29631,3903,3117,5642,5975,5227,6853,14177,16877,18638
0	1499	18773	32404,2161,3005,29631,3903,3117,5642,5975,5227,6853,14177,16877,18638,12597
0	1499	19238	32404,2161,3005,29631,3903,3117,5642,5975,5227,6853,14177,16877,18638,12597
1	1499	18821	32404,2161,3005,29631,3903,3117,5642,5975,5227,6853,14177,16877,18638,12597
0	1499	23490	32404,2161,3005,29631,3903,3117,5642,5975,5227,6853,14177,16877,18638,12597,18821
0	1499	24563	32404,2161,3005,29631,3903,3117,5642,5975,5227,6853,14177,16877,18638,12597,18821
0	1499	25151	32404,2161,3005,29631,3903,3117,5642,5975,5227,6853,14177,16877,18638,12597,18821
0	1499	26112	32404,2161,3005,29631,3903,3117,5642,5975,5227,6853,14177,16877,18638,12597,18821
0	1499	16038	32404,2161,3005,29631,3903,3117,5642,5975,5227,6853,14177,16877,18638,12597,18821
0	1499	15426	32404,2161,3005,29631,3903,3117,5642,5975,5227,6853,14177,16877,18638,12597,18821
0	1499	13006	32404,2161,3005,29631,3903,3117,5642,5975,5227,6853,14177,16877,18638,12597,18821
0	1499	23780	32404,2161,3005,29631,3903,3117,5642,5975,5227,6853,14177,16877,18638,12597,18821
0	1499	24846	32404,2161,3005,29631,3903,3117,5642,5975,5227,6853,14177,16877,18638,12597,18821
0	1499	23449	32404,2161,3005,29631,3903,3117,5642,5975,5227,6853,14177,16877,18638,12597,18821
0	1499	27770	32404,2161,3005,29631,3903,3117,5642,5975,5227,6853,14177,16877,18638,12597,18821
0	1499	20625	32404,2161,3005,29631,3903,3117,5642,5975,5227,6853,14177,16877,18638,12597,18821
0	1499	27730	32404,2161,3005,29631,3903,3117,5642,5975,5227,6853,14177,16877,18638,12597,18821
0	1499	24097	32404,2161,3005,29631,3903,3117,5642,5975,5227,6853,14177,16877,18638,12597,18821
0	1499	28063	32404,2161,3005,29631,3903,3117,5642,5975,5227,6853,14177,16877,18638,12597,18821
0	1499	10338	32404,2161,3005,29631,3903,3117,5642,5975,5227,6853,14177,16877,18638,12597,18821,28875,29762
0	1499	12602	32404,2161,3005,29631,3903,3117,5642,5975,5227,6853,14177,16877,18638,12597,18821,28875,29762
