0	672	14112	0
0	672	4584	0
0	672	17074	0
0	672	16586	0
0	672	15223	0
0	672	6222	0
0	672	1722	0
1	672	31243	0
0	672	23334	31243
0	672	2278	31243
1	672	23318	31243
1	672	2010	31243,23318
0	672	2528	31243,23318,2010
0	672	31780	31243,23318,2010
0	672	3026	31243,23318,2010
0	672	31256	31243,23318,2010
0	672	3024	31243,23318,2010
0	672	4109	31243,23318,2010
0	672	4110	31243,23318,2010
0	672	5209	31243,23318,2010
0	672	458	31243,23318,2010
1	672	32417	31243,23318,2010
0	672	6416	31243,23318,2010,32417
1	672	31063	31243,23318,2010,32417
1	672	4702	31243,23318,2010,32417,31063
0	672	3208	31243,23318,2010,32417,31063,4702
0	672	9922	31243,23318,2010,32417,31063,4702
1	672	7710	31243,23318,2010,32417,31063,4702
1	672	9909	31243,23318,2010,32417,31063,4702,7710
0	672	11979	31243,23318,2010,32417,31063,4702,7710,9909
0	672	11900	31243,23318,2010,32417,31063,4702,7710,9909
1	672	13897	31243,23318,2010,32417,31063,4702,7710,9909
0	672	13962	31243,23318,2010,32417,31063,4702,7710,9909,13897
0	672	13697	31243,23318,2010,32417,31063,4702,7710,9909,13897
0	672	17483	31243,23318,2010,32417,31063,4702,7710,9909,13897
0	672	17842	31243,23318,2010,32417,31063,4702,7710,9909,13897
0	672	17022	31243,23318,2010,32417,31063,4702,7710,9909,13897
1	672	18876	31243,23318,2010,32417,31063,4702,7710,9909,13897
0	672	17035	31243,23318,2010,32417,31063,4702,7710,9909,13897,18876
0	672	20461	31243,23318,2010,32417,31063,4702,7710,9909,13897,18876
0	672	20464	31243,23318,2010,32417,31063,4702,7710,9909,13897,18876
1	672	21067	31243,23318,2010,32417,31063,4702,7710,9909,13897,18876
1	672	20085	31243,23318,2010,32417,31063,4702,7710,9909,13897,18876,21067
1	672	22317	31243,23318,2010,32417,31063,4702,7710,9909,13897,18876,21067,20085
1	672	13660	31243,23318,2010,32417,31063,4702,7710,9909,13897,18876,21067,20085,22317
1	672	5122	31243,23318,2010,32417,31063,4702,7710,9909,13897,18876,21067,20085,22317,13660
1	672	20102	31243,23318,2010,32417,31063,4702,7710,9909,13897,18876,21067,20085,22317,13660,5122
0	672	19694	31243,23318,2010,32417,31063,4702,7710,9909,13897,18876,21067,20085,22317,13660,5122,20102
1	672	18568	31243,23318,2010,32417,31063,4702,7710,9909,13897,18876,21067,20085,22317,13660,5122,20102
1	672	6380	31243,23318,2010,32417,31063,4702,7710,9909,13897,18876,21067,20085,22317,13660,5122,20102,18568
1	672	12695	31243,23318,2010,32417,31063,4702,7710,9909,13897,18876,21067,20085,22317,13660,5122,20102,18568,6380
1	672	22860	31243,23318,2010,32417,31063,4702,7710,9909,13897,18876,21067,20085,22317,13660,5122,20102,18568,6380,12695
0	672	26114	31243,23318,2010,32417,31063,4702,7710,9909,13897,18876,21067,20085,22317,13660,5122,20102,18568,6380,12695,22860
1	672	26633	31243,23318,2010,32417,31063,4702,7710,9909,13897,18876,21067,20085,22317,13660,5122,20102,18568,6380,12695,22860
1	672	27120	31243,23318,2010,32417,31063,4702,7710,9909,13897,18876,21067,20085,22317,13660,5122,20102,18568,6380,12695,22860,26633
1	672	837	31243,23318,2010,32417,31063,4702,7710,9909,13897,18876,21067,20085,22317,13660,5122,20102,18568,6380,12695,22860,26633,27120
0	672	26759	31243,23318,2010,32417,31063,4702,7710,9909,13897,18876,21067,20085,22317,13660,5122,20102,18568,6380,12695,22860,26633,27120,837
0	672	23768	31243,23318,2010,32417,31063,4702,7710,9909,13897,18876,21067,20085,22317,13660,5122,20102,18568,6380,12695,22860,26633,27120,837
0	672	26751	31243,23318,2010,32417,31063,4702,7710,9909,13897,18876,21067,20085,22317,13660,5122,20102,18568,6380,12695,22860,26633,27120,837
1	672	28225	31243,23318,2010,32417,31063,4702,7710,9909,13897,18876,21067,20085,22317,13660,5122,20102,18568,6380,12695,22860,26633,27120,837
1	672	29021	31243,23318,2010,32417,31063,4702,7710,9909,13897,18876,21067,20085,22317,13660,5122,20102,18568,6380,12695,22860,26633,27120,837,28225
1	672	28387	31243,23318,2010,32417,31063,4702,7710,9909,13897,18876,21067,20085,22317,13660,5122,20102,18568,6380,12695,22860,26633,27120,837,28225,29021
1	672	28739	31243,23318,2010,32417,31063,4702,7710,9909,13897,18876,21067,20085,22317,13660,5122,20102,18568,6380,12695,22860,26633,27120,837,28225,29021,28387
