1	760	11553	0
1	760	5222	11553
1	760	14815	11553,5222
1	760	1365	11553,5222,14815
1	760	1553	11553,5222,14815,1365
1	760	13014	11553,5222,14815,1365,1553
1	760	19510	11553,5222,14815,1365,1553,13014
1	760	1623	11553,5222,14815,1365,1553,13014,19510
0	760	2832	11553,5222,14815,1365,1553,13014,19510,1623
0	760	5196	11553,5222,14815,1365,1553,13014,19510,1623
1	760	5830	11553,5222,14815,1365,1553,13014,19510,1623
0	760	13976	11553,5222,14815,1365,1553,13014,19510,1623,5830
0	760	14365	11553,5222,14815,1365,1553,13014,19510,1623,5830
1	760	19643	11553,5222,14815,1365,1553,13014,19510,1623,5830
0	760	21989	11553,5222,14815,1365,1553,13014,19510,1623,5830,19643
0	760	28874	11553,5222,14815,1365,1553,13014,19510,1623,5830,19643
1	760	2174	11553,5222,14815,1365,1553,13014,19510,1623,5830,19643
1	760	463	11553,5222,14815,1365,1553,13014,19510,1623,5830,19643,2174
1	760	6894	11553,5222,14815,1365,1553,13014,19510,1623,5830,19643,2174,463
1	760	8018	11553,5222,14815,1365,1553,13014,19510,1623,5830,19643,2174,463,6894
1	760	8433	11553,5222,14815,1365,1553,13014,19510,1623,5830,19643,2174,463,6894,8018
1	760	8671	11553,5222,14815,1365,1553,13014,19510,1623,5830,19643,2174,463,6894,8018,8433
1	760	9222	11553,5222,14815,1365,1553,13014,19510,1623,5830,19643,2174,463,6894,8018,8433,8671
1	760	14684	11553,5222,14815,1365,1553,13014,19510,1623,5830,19643,2174,463,6894,8018,8433,8671,9222
1	760	15012	11553,5222,14815,1365,1553,13014,19510,1623,5830,19643,2174,463,6894,8018,8433,8671,9222,14684
1	760	15525	11553,5222,14815,1365,1553,13014,19510,1623,5830,19643,2174,463,6894,8018,8433,8671,9222,14684,15012
1	760	6285	11553,5222,14815,1365,1553,13014,19510,1623,5830,19643,2174,463,6894,8018,8433,8671,9222,14684,15012,15525
1	760	10920	11553,5222,14815,1365,1553,13014,19510,1623,5830,19643,2174,463,6894,8018,8433,8671,9222,14684,15012,15525,6285
0	760	18936	11553,5222,14815,1365,1553,13014,19510,1623,5830,19643,2174,463,6894,8018,8433,8671,9222,14684,15012,15525,6285,10920
0	760	19360	11553,5222,14815,1365,1553,13014,19510,1623,5830,19643,2174,463,6894,8018,8433,8671,9222,14684,15012,15525,6285,10920
1	760	1964	11553,5222,14815,1365,1553,13014,19510,1623,5830,19643,2174,463,6894,8018,8433,8671,9222,14684,15012,15525,6285,10920
0	760	4780	11553,5222,14815,1365,1553,13014,19510,1623,5830,19643,2174,463,6894,8018,8433,8671,9222,14684,15012,15525,6285,10920,1964
1	760	24605	11553,5222,14815,1365,1553,13014,19510,1623,5830,19643,2174,463,6894,8018,8433,8671,9222,14684,15012,15525,6285,10920,1964
1	760	6897	11553,5222,14815,1365,1553,13014,19510,1623,5830,19643,2174,463,6894,8018,8433,8671,9222,14684,15012,15525,6285,10920,1964,24605
0	760	7693	11553,5222,14815,1365,1553,13014,19510,1623,5830,19643,2174,463,6894,8018,8433,8671,9222,14684,15012,15525,6285,10920,1964,24605,6897
0	760	7771	11553,5222,14815,1365,1553,13014,19510,1623,5830,19643,2174,463,6894,8018,8433,8671,9222,14684,15012,15525,6285,10920,1964,24605,6897
1	760	13326	11553,5222,14815,1365,1553,13014,19510,1623,5830,19643,2174,463,6894,8018,8433,8671,9222,14684,15012,15525,6285,10920,1964,24605,6897
0	760	27594	11553,5222,14815,1365,1553,13014,19510,1623,5830,19643,2174,463,6894,8018,8433,8671,9222,14684,15012,15525,6285,10920,1964,24605,6897,13326
0	760	3389	11553,5222,14815,1365,1553,13014,19510,1623,5830,19643,2174,463,6894,8018,8433,8671,9222,14684,15012,15525,6285,10920,1964,24605,6897,13326
