1	220	15519	0
0	220	381	15519
1	220	12603	15519
1	220	4495	15519,12603
1	220	9588	15519,12603,4495
1	220	131	15519,12603,4495,9588
1	220	14185	15519,12603,4495,9588,131
1	220	32478	15519,12603,4495,9588,131,14185
0	220	10658	15519,12603,4495,9588,131,14185,32478
0	220	394	15519,12603,4495,9588,131,14185,32478
1	220	13065	15519,12603,4495,9588,131,14185,32478
1	220	1855	15519,12603,4495,9588,131,14185,32478,13065
1	220	13147	15519,12603,4495,9588,131,14185,32478,13065,1855
1	220	5293	15519,12603,4495,9588,131,14185,32478,13065,1855,13147
1	220	9825	15519,12603,4495,9588,131,14185,32478,13065,1855,13147,5293
0	220	21175	15519,12603,4495,9588,131,14185,32478,13065,1855,13147,5293,9825
1	220	13016	15519,12603,4495,9588,131,14185,32478,13065,1855,13147,5293,9825
0	220	18364	15519,12603,4495,9588,131,14185,32478,13065,1855,13147,5293,9825,13016
1	220	21177	15519,12603,4495,9588,131,14185,32478,13065,1855,13147,5293,9825,13016
0	220	19826	15519,12603,4495,9588,131,14185,32478,13065,1855,13147,5293,9825,13016,21177
0	220	8501	15519,12603,4495,9588,131,14185,32478,13065,1855,13147,5293,9825,13016,21177
0	220	11925	15519,12603,4495,9588,131,14185,32478,13065,1855,13147,5293,9825,13016,21177
0	220	12435	15519,12603,4495,9588,131,14185,32478,13065,1855,13147,5293,9825,13016,21177
1	220	31167	15519,12603,4495,9588,131,14185,32478,13065,1855,13147,5293,9825,13016,21177
1	220	915	15519,12603,4495,9588,131,14185,32478,13065,1855,13147,5293,9825,13016,21177,31167
1	220	11099	15519,12603,4495,9588,131,14185,32478,13065,1855,13147,5293,9825,13016,21177,31167,915
1	220	32362	15519,12603,4495,9588,131,14185,32478,13065,1855,13147,5293,9825,13016,21177,31167,915,11099
1	220	32987	15519,12603,4495,9588,131,14185,32478,13065,1855,13147,5293,9825,13016,21177,31167,915,11099,32362
0	220	9199	15519,12603,4495,9588,131,14185,32478,13065,1855,13147,5293,9825,13016,21177,31167,915,11099,32362,32987
1	220	32790	15519,12603,4495,9588,131,14185,32478,13065,1855,13147,5293,9825,13016,21177,31167,915,11099,32362,32987
1	220	129	15519,12603,4495,9588,131,14185,32478,13065,1855,13147,5293,9825,13016,21177,31167,915,11099,32362,32987,32790
1	220	4353	15519,12603,4495,9588,131,14185,32478,13065,1855,13147,5293,9825,13016,21177,31167,915,11099,32362,32987,32790,129
1	220	5506	15519,12603,4495,9588,131,14185,32478,13065,1855,13147,5293,9825,13016,21177,31167,915,11099,32362,32987,32790,129,4353
0	220	18936	15519,12603,4495,9588,131,14185,32478,13065,1855,13147,5293,9825,13016,21177,31167,915,11099,32362,32987,32790,129,4353,5506
0	220	21049	15519,12603,4495,9588,131,14185,32478,13065,1855,13147,5293,9825,13016,21177,31167,915,11099,32362,32987,32790,129,4353,5506
1	220	13923	15519,12603,4495,9588,131,14185,32478,13065,1855,13147,5293,9825,13016,21177,31167,915,11099,32362,32987,32790,129,4353,5506
