0	810	12337	0
0	810	13557	0
0	810	16373	0
1	810	1379	0
0	810	10764	1379
0	810	15049	1379
0	810	16728	1379
0	810	18348	1379
1	810	19778	1379
0	810	5634	1379,19778
0	810	4909	1379,19778
1	810	10122	1379,19778
0	810	13242	1379,19778,10122
0	810	17162	1379,19778,10122
0	810	18618	1379,19778,10122
0	810	24986	1379,19778,10122
0	810	5372	1379,19778,10122
0	810	14895	1379,19778,10122
1	810	24283	1379,19778,10122
0	810	5684	1379,19778,10122,24283
0	810	7797	1379,19778,10122,24283
1	810	9684	1379,19778,10122,24283
0	810	18556	1379,19778,10122,24283,9684
1	810	23329	1379,19778,10122,24283,9684
0	810	24158	1379,19778,10122,24283,9684,23329
0	810	24638	1379,19778,10122,24283,9684,23329
0	810	25231	1379,19778,10122,24283,9684,23329
