1	659	1499	0
0	659	6841	1499
1	659	6846	1499
0	659	20985	1499,6846
1	659	2552	1499,6846
0	659	9710	1499,6846,2552
1	659	8723	1499,6846,2552
1	659	31071	1499,6846,2552,8723
0	659	11851	1499,6846,2552,8723,31071
0	659	5264	1499,6846,2552,8723,31071
1	659	13511	1499,6846,2552,8723,31071
1	659	1728	1499,6846,2552,8723,31071,13511
1	659	14242	1499,6846,2552,8723,31071,13511,1728
1	659	9512	1499,6846,2552,8723,31071,13511,1728,14242
0	659	14629	1499,6846,2552,8723,31071,13511,1728,14242,9512
1	659	28491	1499,6846,2552,8723,31071,13511,1728,14242,9512
1	659	32843	1499,6846,2552,8723,31071,13511,1728,14242,9512,28491
1	659	16261	1499,6846,2552,8723,31071,13511,1728,14242,9512,28491,32843
1	659	18490	1499,6846,2552,8723,31071,13511,1728,14242,9512,28491,32843,16261
1	659	15108	1499,6846,2552,8723,31071,13511,1728,14242,9512,28491,32843,16261,18490
1	659	9645	1499,6846,2552,8723,31071,13511,1728,14242,9512,28491,32843,16261,18490,15108
1	659	16798	1499,6846,2552,8723,31071,13511,1728,14242,9512,28491,32843,16261,18490,15108,9645
1	659	20915	1499,6846,2552,8723,31071,13511,1728,14242,9512,28491,32843,16261,18490,15108,9645,16798
1	659	25214	1499,6846,2552,8723,31071,13511,1728,14242,9512,28491,32843,16261,18490,15108,9645,16798,20915
1	659	12738	1499,6846,2552,8723,31071,13511,1728,14242,9512,28491,32843,16261,18490,15108,9645,16798,20915,25214
0	659	18890	1499,6846,2552,8723,31071,13511,1728,14242,9512,28491,32843,16261,18490,15108,9645,16798,20915,25214,12738
1	659	19911	1499,6846,2552,8723,31071,13511,1728,14242,9512,28491,32843,16261,18490,15108,9645,16798,20915,25214,12738
0	659	21171	1499,6846,2552,8723,31071,13511,1728,14242,9512,28491,32843,16261,18490,15108,9645,16798,20915,25214,12738,19911
0	659	25254	1499,6846,2552,8723,31071,13511,1728,14242,9512,28491,32843,16261,18490,15108,9645,16798,20915,25214,12738,19911
1	659	1505	1499,6846,2552,8723,31071,13511,1728,14242,9512,28491,32843,16261,18490,15108,9645,16798,20915,25214,12738,19911
1	659	16240	1499,6846,2552,8723,31071,13511,1728,14242,9512,28491,32843,16261,18490,15108,9645,16798,20915,25214,12738,19911,1505
1	659	19617	1499,6846,2552,8723,31071,13511,1728,14242,9512,28491,32843,16261,18490,15108,9645,16798,20915,25214,12738,19911,1505,16240
1	659	22240	1499,6846,2552,8723,31071,13511,1728,14242,9512,28491,32843,16261,18490,15108,9645,16798,20915,25214,12738,19911,1505,16240,19617
0	659	18879	1499,6846,2552,8723,31071,13511,1728,14242,9512,28491,32843,16261,18490,15108,9645,16798,20915,25214,12738,19911,1505,16240,19617,22240
1	659	19448	1499,6846,2552,8723,31071,13511,1728,14242,9512,28491,32843,16261,18490,15108,9645,16798,20915,25214,12738,19911,1505,16240,19617,22240
