1	132	15612	0
1	132	26226	15612
1	132	32568	15612,26226
1	132	3833	15612,26226,32568
1	132	5914	15612,26226,32568,3833
1	132	6896	15612,26226,32568,3833,5914
1	132	7911	15612,26226,32568,3833,5914,6896
1	132	10818	15612,26226,32568,3833,5914,6896,7911
0	132	19576	15612,26226,32568,3833,5914,6896,7911,10818
0	132	11248	15612,26226,32568,3833,5914,6896,7911,10818
0	132	15773	15612,26226,32568,3833,5914,6896,7911,10818
0	132	18697	15612,26226,32568,3833,5914,6896,7911,10818
1	132	20286	15612,26226,32568,3833,5914,6896,7911,10818
1	132	3879	15612,26226,32568,3833,5914,6896,7911,10818,20286
1	132	10657	15612,26226,32568,3833,5914,6896,7911,10818,20286,3879
1	132	14962	15612,26226,32568,3833,5914,6896,7911,10818,20286,3879,10657
1	132	15855	15612,26226,32568,3833,5914,6896,7911,10818,20286,3879,10657,14962
1	132	23491	15612,26226,32568,3833,5914,6896,7911,10818,20286,3879,10657,14962,15855
1	132	9970	15612,26226,32568,3833,5914,6896,7911,10818,20286,3879,10657,14962,15855,23491
1	132	22110	15612,26226,32568,3833,5914,6896,7911,10818,20286,3879,10657,14962,15855,23491,9970
1	132	23863	15612,26226,32568,3833,5914,6896,7911,10818,20286,3879,10657,14962,15855,23491,9970,22110
1	132	21806	15612,26226,32568,3833,5914,6896,7911,10818,20286,3879,10657,14962,15855,23491,9970,22110,23863
1	132	27421	15612,26226,32568,3833,5914,6896,7911,10818,20286,3879,10657,14962,15855,23491,9970,22110,23863,21806
