1	295	31341	0
1	295	23594	31341
1	295	17067	31341,23594
1	295	31282	31341,23594,17067
1	295	6525	31341,23594,17067,31282
1	295	7158	31341,23594,17067,31282,6525
1	295	31395	31341,23594,17067,31282,6525,7158
1	295	8332	31341,23594,17067,31282,6525,7158,31395
1	295	11115	31341,23594,17067,31282,6525,7158,31395,8332
1	295	7237	31341,23594,17067,31282,6525,7158,31395,8332,11115
1	295	28899	31341,23594,17067,31282,6525,7158,31395,8332,11115,7237
1	295	25959	31341,23594,17067,31282,6525,7158,31395,8332,11115,7237,28899
1	295	24570	31341,23594,17067,31282,6525,7158,31395,8332,11115,7237,28899,25959
