1	784	3388	0
1	784	212	3388
1	784	32140	3388,212
1	784	896	3388,212,32140
1	784	7103	3388,212,32140,896
1	784	4513	3388,212,32140,896,7103
0	784	8458	3388,212,32140,896,7103,4513
1	784	13725	3388,212,32140,896,7103,4513
1	784	13656	3388,212,32140,896,7103,4513,13725
1	784	16640	3388,212,32140,896,7103,4513,13725,13656
1	784	8945	3388,212,32140,896,7103,4513,13725,13656,16640
1	784	13629	3388,212,32140,896,7103,4513,13725,13656,16640,8945
1	784	4221	3388,212,32140,896,7103,4513,13725,13656,16640,8945,13629
1	784	10317	3388,212,32140,896,7103,4513,13725,13656,16640,8945,13629,4221
1	784	19427	3388,212,32140,896,7103,4513,13725,13656,16640,8945,13629,4221,10317
1	784	16076	3388,212,32140,896,7103,4513,13725,13656,16640,8945,13629,4221,10317,19427
1	784	13854	3388,212,32140,896,7103,4513,13725,13656,16640,8945,13629,4221,10317,19427,16076
1	784	15259	3388,212,32140,896,7103,4513,13725,13656,16640,8945,13629,4221,10317,19427,16076,13854
0	784	5370	3388,212,32140,896,7103,4513,13725,13656,16640,8945,13629,4221,10317,19427,16076,13854,15259
1	784	8360	3388,212,32140,896,7103,4513,13725,13656,16640,8945,13629,4221,10317,19427,16076,13854,15259
0	784	12708	3388,212,32140,896,7103,4513,13725,13656,16640,8945,13629,4221,10317,19427,16076,13854,15259,8360
1	784	17320	3388,212,32140,896,7103,4513,13725,13656,16640,8945,13629,4221,10317,19427,16076,13854,15259,8360
1	784	8689	3388,212,32140,896,7103,4513,13725,13656,16640,8945,13629,4221,10317,19427,16076,13854,15259,8360,17320
1	784	15771	3388,212,32140,896,7103,4513,13725,13656,16640,8945,13629,4221,10317,19427,16076,13854,15259,8360,17320,8689
1	784	16971	3388,212,32140,896,7103,4513,13725,13656,16640,8945,13629,4221,10317,19427,16076,13854,15259,8360,17320,8689,15771
0	784	18482	3388,212,32140,896,7103,4513,13725,13656,16640,8945,13629,4221,10317,19427,16076,13854,15259,8360,17320,8689,15771,16971
1	784	19757	3388,212,32140,896,7103,4513,13725,13656,16640,8945,13629,4221,10317,19427,16076,13854,15259,8360,17320,8689,15771,16971
1	784	12394	3388,212,32140,896,7103,4513,13725,13656,16640,8945,13629,4221,10317,19427,16076,13854,15259,8360,17320,8689,15771,16971,19757
1	784	18843	3388,212,32140,896,7103,4513,13725,13656,16640,8945,13629,4221,10317,19427,16076,13854,15259,8360,17320,8689,15771,16971,19757,12394
1	784	18561	3388,212,32140,896,7103,4513,13725,13656,16640,8945,13629,4221,10317,19427,16076,13854,15259,8360,17320,8689,15771,16971,19757,12394,18843
1	784	20819	3388,212,32140,896,7103,4513,13725,13656,16640,8945,13629,4221,10317,19427,16076,13854,15259,8360,17320,8689,15771,16971,19757,12394,18843,18561
1	784	15401	3388,212,32140,896,7103,4513,13725,13656,16640,8945,13629,4221,10317,19427,16076,13854,15259,8360,17320,8689,15771,16971,19757,12394,18843,18561,20819
1	784	3644	3388,212,32140,896,7103,4513,13725,13656,16640,8945,13629,4221,10317,19427,16076,13854,15259,8360,17320,8689,15771,16971,19757,12394,18843,18561,20819,15401
1	784	8361	3388,212,32140,896,7103,4513,13725,13656,16640,8945,13629,4221,10317,19427,16076,13854,15259,8360,17320,8689,15771,16971,19757,12394,18843,18561,20819,15401,3644
1	784	23449	3388,212,32140,896,7103,4513,13725,13656,16640,8945,13629,4221,10317,19427,16076,13854,15259,8360,17320,8689,15771,16971,19757,12394,18843,18561,20819,15401,3644,8361
0	784	21504	3388,212,32140,896,7103,4513,13725,13656,16640,8945,13629,4221,10317,19427,16076,13854,15259,8360,17320,8689,15771,16971,19757,12394,18843,18561,20819,15401,3644,8361,23449
1	784	12562	3388,212,32140,896,7103,4513,13725,13656,16640,8945,13629,4221,10317,19427,16076,13854,15259,8360,17320,8689,15771,16971,19757,12394,18843,18561,20819,15401,3644,8361,23449
1	784	13790	3388,212,32140,896,7103,4513,13725,13656,16640,8945,13629,4221,10317,19427,16076,13854,15259,8360,17320,8689,15771,16971,19757,12394,18843,18561,20819,15401,3644,8361,23449,12562
0	784	22377	3388,212,32140,896,7103,4513,13725,13656,16640,8945,13629,4221,10317,19427,16076,13854,15259,8360,17320,8689,15771,16971,19757,12394,18843,18561,20819,15401,3644,8361,23449,12562,13790
1	784	22844	3388,212,32140,896,7103,4513,13725,13656,16640,8945,13629,4221,10317,19427,16076,13854,15259,8360,17320,8689,15771,16971,19757,12394,18843,18561,20819,15401,3644,8361,23449,12562,13790
1	784	10787	3388,212,32140,896,7103,4513,13725,13656,16640,8945,13629,4221,10317,19427,16076,13854,15259,8360,17320,8689,15771,16971,19757,12394,18843,18561,20819,15401,3644,8361,23449,12562,13790,22844
1	784	14064	3388,212,32140,896,7103,4513,13725,13656,16640,8945,13629,4221,10317,19427,16076,13854,15259,8360,17320,8689,15771,16971,19757,12394,18843,18561,20819,15401,3644,8361,23449,12562,13790,22844,10787
1	784	22163	3388,212,32140,896,7103,4513,13725,13656,16640,8945,13629,4221,10317,19427,16076,13854,15259,8360,17320,8689,15771,16971,19757,12394,18843,18561,20819,15401,3644,8361,23449,12562,13790,22844,10787,14064
1	784	2511	3388,212,32140,896,7103,4513,13725,13656,16640,8945,13629,4221,10317,19427,16076,13854,15259,8360,17320,8689,15771,16971,19757,12394,18843,18561,20819,15401,3644,8361,23449,12562,13790,22844,10787,14064,22163
1	784	32977	3388,212,32140,896,7103,4513,13725,13656,16640,8945,13629,4221,10317,19427,16076,13854,15259,8360,17320,8689,15771,16971,19757,12394,18843,18561,20819,15401,3644,8361,23449,12562,13790,22844,10787,14064,22163,2511
1	784	3643	3388,212,32140,896,7103,4513,13725,13656,16640,8945,13629,4221,10317,19427,16076,13854,15259,8360,17320,8689,15771,16971,19757,12394,18843,18561,20819,15401,3644,8361,23449,12562,13790,22844,10787,14064,22163,2511,32977
0	784	5036	3388,212,32140,896,7103,4513,13725,13656,16640,8945,13629,4221,10317,19427,16076,13854,15259,8360,17320,8689,15771,16971,19757,12394,18843,18561,20819,15401,3644,8361,23449,12562,13790,22844,10787,14064,22163,2511,32977,3643
1	784	7585	3388,212,32140,896,7103,4513,13725,13656,16640,8945,13629,4221,10317,19427,16076,13854,15259,8360,17320,8689,15771,16971,19757,12394,18843,18561,20819,15401,3644,8361,23449,12562,13790,22844,10787,14064,22163,2511,32977,3643
1	784	8142	3388,212,32140,896,7103,4513,13725,13656,16640,8945,13629,4221,10317,19427,16076,13854,15259,8360,17320,8689,15771,16971,19757,12394,18843,18561,20819,15401,3644,8361,23449,12562,13790,22844,10787,14064,22163,2511,32977,3643,7585
1	784	8560	3388,212,32140,896,7103,4513,13725,13656,16640,8945,13629,4221,10317,19427,16076,13854,15259,8360,17320,8689,15771,16971,19757,12394,18843,18561,20819,15401,3644,8361,23449,12562,13790,22844,10787,14064,22163,2511,32977,3643,7585,8142
1	784	9970	3388,212,32140,896,7103,4513,13725,13656,16640,8945,13629,4221,10317,19427,16076,13854,15259,8360,17320,8689,15771,16971,19757,12394,18843,18561,20819,15401,3644,8361,23449,12562,13790,22844,10787,14064,22163,2511,32977,3643,7585,8142,8560
1	784	10786	3388,212,32140,896,7103,4513,13725,13656,16640,8945,13629,4221,10317,19427,16076,13854,15259,8360,17320,8689,15771,16971,19757,12394,18843,18561,20819,15401,3644,8361,23449,12562,13790,22844,10787,14064,22163,2511,32977,3643,7585,8142,8560,9970
0	784	11650	3388,212,32140,896,7103,4513,13725,13656,16640,8945,13629,4221,10317,19427,16076,13854,15259,8360,17320,8689,15771,16971,19757,12394,18843,18561,20819,15401,3644,8361,23449,12562,13790,22844,10787,14064,22163,2511,32977,3643,7585,8142,8560,9970,10786
1	784	11842	3388,212,32140,896,7103,4513,13725,13656,16640,8945,13629,4221,10317,19427,16076,13854,15259,8360,17320,8689,15771,16971,19757,12394,18843,18561,20819,15401,3644,8361,23449,12562,13790,22844,10787,14064,22163,2511,32977,3643,7585,8142,8560,9970,10786
1	784	12484	3388,212,32140,896,7103,4513,13725,13656,16640,8945,13629,4221,10317,19427,16076,13854,15259,8360,17320,8689,15771,16971,19757,12394,18843,18561,20819,15401,3644,8361,23449,12562,13790,22844,10787,14064,22163,2511,32977,3643,7585,8142,8560,9970,10786,11842
1	784	13780	3388,212,32140,896,7103,4513,13725,13656,16640,8945,13629,4221,10317,19427,16076,13854,15259,8360,17320,8689,15771,16971,19757,12394,18843,18561,20819,15401,3644,8361,23449,12562,13790,22844,10787,14064,22163,2511,32977,3643,7585,8142,8560,9970,10786,11842,12484
0	784	14095	3388,212,32140,896,7103,4513,13725,13656,16640,8945,13629,4221,10317,19427,16076,13854,15259,8360,17320,8689,15771,16971,19757,12394,18843,18561,20819,15401,3644,8361,23449,12562,13790,22844,10787,14064,22163,2511,32977,3643,7585,8142,8560,9970,10786,11842,12484,13780
1	784	15257	3388,212,32140,896,7103,4513,13725,13656,16640,8945,13629,4221,10317,19427,16076,13854,15259,8360,17320,8689,15771,16971,19757,12394,18843,18561,20819,15401,3644,8361,23449,12562,13790,22844,10787,14064,22163,2511,32977,3643,7585,8142,8560,9970,10786,11842,12484,13780
1	784	15308	3388,212,32140,896,7103,4513,13725,13656,16640,8945,13629,4221,10317,19427,16076,13854,15259,8360,17320,8689,15771,16971,19757,12394,18843,18561,20819,15401,3644,8361,23449,12562,13790,22844,10787,14064,22163,2511,32977,3643,7585,8142,8560,9970,10786,11842,12484,13780,15257
1	784	16919	3388,212,32140,896,7103,4513,13725,13656,16640,8945,13629,4221,10317,19427,16076,13854,15259,8360,17320,8689,15771,16971,19757,12394,18843,18561,20819,15401,3644,8361,23449,12562,13790,22844,10787,14064,22163,2511,32977,3643,7585,8142,8560,9970,10786,11842,12484,13780,15257,15308
1	784	17727	3388,212,32140,896,7103,4513,13725,13656,16640,8945,13629,4221,10317,19427,16076,13854,15259,8360,17320,8689,15771,16971,19757,12394,18843,18561,20819,15401,3644,8361,23449,12562,13790,22844,10787,14064,22163,2511,32977,3643,7585,8142,8560,9970,10786,11842,12484,13780,15257,15308,16919
0	784	17923	3388,212,32140,896,7103,4513,13725,13656,16640,8945,13629,4221,10317,19427,16076,13854,15259,8360,17320,8689,15771,16971,19757,12394,18843,18561,20819,15401,3644,8361,23449,12562,13790,22844,10787,14064,22163,2511,32977,3643,7585,8142,8560,9970,10786,11842,12484,13780,15257,15308,16919,17727
1	784	20980	3388,212,32140,896,7103,4513,13725,13656,16640,8945,13629,4221,10317,19427,16076,13854,15259,8360,17320,8689,15771,16971,19757,12394,18843,18561,20819,15401,3644,8361,23449,12562,13790,22844,10787,14064,22163,2511,32977,3643,7585,8142,8560,9970,10786,11842,12484,13780,15257,15308,16919,17727
0	784	21547	3388,212,32140,896,7103,4513,13725,13656,16640,8945,13629,4221,10317,19427,16076,13854,15259,8360,17320,8689,15771,16971,19757,12394,18843,18561,20819,15401,3644,8361,23449,12562,13790,22844,10787,14064,22163,2511,32977,3643,7585,8142,8560,9970,10786,11842,12484,13780,15257,15308,16919,17727,20980
1	784	22849	3388,212,32140,896,7103,4513,13725,13656,16640,8945,13629,4221,10317,19427,16076,13854,15259,8360,17320,8689,15771,16971,19757,12394,18843,18561,20819,15401,3644,8361,23449,12562,13790,22844,10787,14064,22163,2511,32977,3643,7585,8142,8560,9970,10786,11842,12484,13780,15257,15308,16919,17727,20980
1	784	22872	3388,212,32140,896,7103,4513,13725,13656,16640,8945,13629,4221,10317,19427,16076,13854,15259,8360,17320,8689,15771,16971,19757,12394,18843,18561,20819,15401,3644,8361,23449,12562,13790,22844,10787,14064,22163,2511,32977,3643,7585,8142,8560,9970,10786,11842,12484,13780,15257,15308,16919,17727,20980,22849
1	784	22982	3388,212,32140,896,7103,4513,13725,13656,16640,8945,13629,4221,10317,19427,16076,13854,15259,8360,17320,8689,15771,16971,19757,12394,18843,18561,20819,15401,3644,8361,23449,12562,13790,22844,10787,14064,22163,2511,32977,3643,7585,8142,8560,9970,10786,11842,12484,13780,15257,15308,16919,17727,20980,22849,22872
1	784	22986	3388,212,32140,896,7103,4513,13725,13656,16640,8945,13629,4221,10317,19427,16076,13854,15259,8360,17320,8689,15771,16971,19757,12394,18843,18561,20819,15401,3644,8361,23449,12562,13790,22844,10787,14064,22163,2511,32977,3643,7585,8142,8560,9970,10786,11842,12484,13780,15257,15308,16919,17727,20980,22849,22872,22982
0	784	25059	3388,212,32140,896,7103,4513,13725,13656,16640,8945,13629,4221,10317,19427,16076,13854,15259,8360,17320,8689,15771,16971,19757,12394,18843,18561,20819,15401,3644,8361,23449,12562,13790,22844,10787,14064,22163,2511,32977,3643,7585,8142,8560,9970,10786,11842,12484,13780,15257,15308,16919,17727,20980,22849,22872,22982,22986
