1	1570	310	0
0	1570	2788	310
1	1570	3025	310
1	1570	10673	310,3025
0	1570	4577	310,3025,10673
1	1570	1182	310,3025,10673
1	1570	7853	310,3025,10673,1182
1	1570	3012	310,3025,10673,1182,7853
1	1570	4979	310,3025,10673,1182,7853,3012
1	1570	23334	310,3025,10673,1182,7853,3012,4979
0	1570	9987	310,3025,10673,1182,7853,3012,4979,23334
1	1570	31543	310,3025,10673,1182,7853,3012,4979,23334
1	1570	32458	310,3025,10673,1182,7853,3012,4979,23334,31543
1	1570	3875	310,3025,10673,1182,7853,3012,4979,23334,31543,32458
0	1570	25238	310,3025,10673,1182,7853,3012,4979,23334,31543,32458,3875
0	1570	32368	310,3025,10673,1182,7853,3012,4979,23334,31543,32458,3875
1	1570	2323	310,3025,10673,1182,7853,3012,4979,23334,31543,32458,3875
0	1570	11142	310,3025,10673,1182,7853,3012,4979,23334,31543,32458,3875,2323
1	1570	32801	310,3025,10673,1182,7853,3012,4979,23334,31543,32458,3875,2323
1	1570	2125	310,3025,10673,1182,7853,3012,4979,23334,31543,32458,3875,2323,32801
1	1570	32162	310,3025,10673,1182,7853,3012,4979,23334,31543,32458,3875,2323,32801,2125
1	1570	4012	310,3025,10673,1182,7853,3012,4979,23334,31543,32458,3875,2323,32801,2125,32162
1	1570	2302	310,3025,10673,1182,7853,3012,4979,23334,31543,32458,3875,2323,32801,2125,32162,4012
1	1570	5207	310,3025,10673,1182,7853,3012,4979,23334,31543,32458,3875,2323,32801,2125,32162,4012,2302
1	1570	12001	310,3025,10673,1182,7853,3012,4979,23334,31543,32458,3875,2323,32801,2125,32162,4012,2302,5207
1	1570	18230	310,3025,10673,1182,7853,3012,4979,23334,31543,32458,3875,2323,32801,2125,32162,4012,2302,5207,12001
1	1570	23252	310,3025,10673,1182,7853,3012,4979,23334,31543,32458,3875,2323,32801,2125,32162,4012,2302,5207,12001,18230
1	1570	26235	310,3025,10673,1182,7853,3012,4979,23334,31543,32458,3875,2323,32801,2125,32162,4012,2302,5207,12001,18230,23252
1	1570	18252	310,3025,10673,1182,7853,3012,4979,23334,31543,32458,3875,2323,32801,2125,32162,4012,2302,5207,12001,18230,23252,26235
1	1570	30877	310,3025,10673,1182,7853,3012,4979,23334,31543,32458,3875,2323,32801,2125,32162,4012,2302,5207,12001,18230,23252,26235,18252
1	1570	1849	310,3025,10673,1182,7853,3012,4979,23334,31543,32458,3875,2323,32801,2125,32162,4012,2302,5207,12001,18230,23252,26235,18252,30877
1	1570	32171	310,3025,10673,1182,7853,3012,4979,23334,31543,32458,3875,2323,32801,2125,32162,4012,2302,5207,12001,18230,23252,26235,18252,30877,1849
1	1570	834	310,3025,10673,1182,7853,3012,4979,23334,31543,32458,3875,2323,32801,2125,32162,4012,2302,5207,12001,18230,23252,26235,18252,30877,1849,32171
1	1570	1633	310,3025,10673,1182,7853,3012,4979,23334,31543,32458,3875,2323,32801,2125,32162,4012,2302,5207,12001,18230,23252,26235,18252,30877,1849,32171,834
1	1570	24633	310,3025,10673,1182,7853,3012,4979,23334,31543,32458,3875,2323,32801,2125,32162,4012,2302,5207,12001,18230,23252,26235,18252,30877,1849,32171,834,1633
1	1570	2123	310,3025,10673,1182,7853,3012,4979,23334,31543,32458,3875,2323,32801,2125,32162,4012,2302,5207,12001,18230,23252,26235,18252,30877,1849,32171,834,1633,24633
1	1570	3991	310,3025,10673,1182,7853,3012,4979,23334,31543,32458,3875,2323,32801,2125,32162,4012,2302,5207,12001,18230,23252,26235,18252,30877,1849,32171,834,1633,24633,2123
1	1570	5644	310,3025,10673,1182,7853,3012,4979,23334,31543,32458,3875,2323,32801,2125,32162,4012,2302,5207,12001,18230,23252,26235,18252,30877,1849,32171,834,1633,24633,2123,3991
1	1570	32896	310,3025,10673,1182,7853,3012,4979,23334,31543,32458,3875,2323,32801,2125,32162,4012,2302,5207,12001,18230,23252,26235,18252,30877,1849,32171,834,1633,24633,2123,3991,5644
0	1570	6525	310,3025,10673,1182,7853,3012,4979,23334,31543,32458,3875,2323,32801,2125,32162,4012,2302,5207,12001,18230,23252,26235,18252,30877,1849,32171,834,1633,24633,2123,3991,5644,32896
1	1570	8107	310,3025,10673,1182,7853,3012,4979,23334,31543,32458,3875,2323,32801,2125,32162,4012,2302,5207,12001,18230,23252,26235,18252,30877,1849,32171,834,1633,24633,2123,3991,5644,32896
1	1570	7493	310,3025,10673,1182,7853,3012,4979,23334,31543,32458,3875,2323,32801,2125,32162,4012,2302,5207,12001,18230,23252,26235,18252,30877,1849,32171,834,1633,24633,2123,3991,5644,32896,8107
0	1570	3691	310,3025,10673,1182,7853,3012,4979,23334,31543,32458,3875,2323,32801,2125,32162,4012,2302,5207,12001,18230,23252,26235,18252,30877,1849,32171,834,1633,24633,2123,3991,5644,32896,8107,7493
1	1570	3247	310,3025,10673,1182,7853,3012,4979,23334,31543,32458,3875,2323,32801,2125,32162,4012,2302,5207,12001,18230,23252,26235,18252,30877,1849,32171,834,1633,24633,2123,3991,5644,32896,8107,7493
0	1570	8385	310,3025,10673,1182,7853,3012,4979,23334,31543,32458,3875,2323,32801,2125,32162,4012,2302,5207,12001,18230,23252,26235,18252,30877,1849,32171,834,1633,24633,2123,3991,5644,32896,8107,7493,3247
0	1570	26131	310,3025,10673,1182,7853,3012,4979,23334,31543,32458,3875,2323,32801,2125,32162,4012,2302,5207,12001,18230,23252,26235,18252,30877,1849,32171,834,1633,24633,2123,3991,5644,32896,8107,7493,3247
1	1570	2292	310,3025,10673,1182,7853,3012,4979,23334,31543,32458,3875,2323,32801,2125,32162,4012,2302,5207,12001,18230,23252,26235,18252,30877,1849,32171,834,1633,24633,2123,3991,5644,32896,8107,7493,3247
0	1570	8848	310,3025,10673,1182,7853,3012,4979,23334,31543,32458,3875,2323,32801,2125,32162,4012,2302,5207,12001,18230,23252,26235,18252,30877,1849,32171,834,1633,24633,2123,3991,5644,32896,8107,7493,3247,2292
0	1570	4857	310,3025,10673,1182,7853,3012,4979,23334,31543,32458,3875,2323,32801,2125,32162,4012,2302,5207,12001,18230,23252,26235,18252,30877,1849,32171,834,1633,24633,2123,3991,5644,32896,8107,7493,3247,2292
1	1570	1156	310,3025,10673,1182,7853,3012,4979,23334,31543,32458,3875,2323,32801,2125,32162,4012,2302,5207,12001,18230,23252,26235,18252,30877,1849,32171,834,1633,24633,2123,3991,5644,32896,8107,7493,3247,2292
1	1570	8225	310,3025,10673,1182,7853,3012,4979,23334,31543,32458,3875,2323,32801,2125,32162,4012,2302,5207,12001,18230,23252,26235,18252,30877,1849,32171,834,1633,24633,2123,3991,5644,32896,8107,7493,3247,2292,1156
1	1570	6958	310,3025,10673,1182,7853,3012,4979,23334,31543,32458,3875,2323,32801,2125,32162,4012,2302,5207,12001,18230,23252,26235,18252,30877,1849,32171,834,1633,24633,2123,3991,5644,32896,8107,7493,3247,2292,1156,8225
0	1570	9132	310,3025,10673,1182,7853,3012,4979,23334,31543,32458,3875,2323,32801,2125,32162,4012,2302,5207,12001,18230,23252,26235,18252,30877,1849,32171,834,1633,24633,2123,3991,5644,32896,8107,7493,3247,2292,1156,8225,6958
1	1570	6889	310,3025,10673,1182,7853,3012,4979,23334,31543,32458,3875,2323,32801,2125,32162,4012,2302,5207,12001,18230,23252,26235,18252,30877,1849,32171,834,1633,24633,2123,3991,5644,32896,8107,7493,3247,2292,1156,8225,6958
1	1570	8629	310,3025,10673,1182,7853,3012,4979,23334,31543,32458,3875,2323,32801,2125,32162,4012,2302,5207,12001,18230,23252,26235,18252,30877,1849,32171,834,1633,24633,2123,3991,5644,32896,8107,7493,3247,2292,1156,8225,6958,6889
0	1570	2844	310,3025,10673,1182,7853,3012,4979,23334,31543,32458,3875,2323,32801,2125,32162,4012,2302,5207,12001,18230,23252,26235,18252,30877,1849,32171,834,1633,24633,2123,3991,5644,32896,8107,7493,3247,2292,1156,8225,6958,6889,8629
1	1570	32468	310,3025,10673,1182,7853,3012,4979,23334,31543,32458,3875,2323,32801,2125,32162,4012,2302,5207,12001,18230,23252,26235,18252,30877,1849,32171,834,1633,24633,2123,3991,5644,32896,8107,7493,3247,2292,1156,8225,6958,6889,8629
1	1570	6488	310,3025,10673,1182,7853,3012,4979,23334,31543,32458,3875,2323,32801,2125,32162,4012,2302,5207,12001,18230,23252,26235,18252,30877,1849,32171,834,1633,24633,2123,3991,5644,32896,8107,7493,3247,2292,1156,8225,6958,6889,8629,32468
1	1570	6894	310,3025,10673,1182,7853,3012,4979,23334,31543,32458,3875,2323,32801,2125,32162,4012,2302,5207,12001,18230,23252,26235,18252,30877,1849,32171,834,1633,24633,2123,3991,5644,32896,8107,7493,3247,2292,1156,8225,6958,6889,8629,32468,6488
1	1570	8879	310,3025,10673,1182,7853,3012,4979,23334,31543,32458,3875,2323,32801,2125,32162,4012,2302,5207,12001,18230,23252,26235,18252,30877,1849,32171,834,1633,24633,2123,3991,5644,32896,8107,7493,3247,2292,1156,8225,6958,6889,8629,32468,6488,6894
1	1570	3755	310,3025,10673,1182,7853,3012,4979,23334,31543,32458,3875,2323,32801,2125,32162,4012,2302,5207,12001,18230,23252,26235,18252,30877,1849,32171,834,1633,24633,2123,3991,5644,32896,8107,7493,3247,2292,1156,8225,6958,6889,8629,32468,6488,6894,8879
1	1570	3267	310,3025,10673,1182,7853,3012,4979,23334,31543,32458,3875,2323,32801,2125,32162,4012,2302,5207,12001,18230,23252,26235,18252,30877,1849,32171,834,1633,24633,2123,3991,5644,32896,8107,7493,3247,2292,1156,8225,6958,6889,8629,32468,6488,6894,8879,3755
1	1570	9439	310,3025,10673,1182,7853,3012,4979,23334,31543,32458,3875,2323,32801,2125,32162,4012,2302,5207,12001,18230,23252,26235,18252,30877,1849,32171,834,1633,24633,2123,3991,5644,32896,8107,7493,3247,2292,1156,8225,6958,6889,8629,32468,6488,6894,8879,3755,3267
1	1570	9934	310,3025,10673,1182,7853,3012,4979,23334,31543,32458,3875,2323,32801,2125,32162,4012,2302,5207,12001,18230,23252,26235,18252,30877,1849,32171,834,1633,24633,2123,3991,5644,32896,8107,7493,3247,2292,1156,8225,6958,6889,8629,32468,6488,6894,8879,3755,3267,9439
0	1570	6818	310,3025,10673,1182,7853,3012,4979,23334,31543,32458,3875,2323,32801,2125,32162,4012,2302,5207,12001,18230,23252,26235,18252,30877,1849,32171,834,1633,24633,2123,3991,5644,32896,8107,7493,3247,2292,1156,8225,6958,6889,8629,32468,6488,6894,8879,3755,3267,9439,9934
1	1570	11024	310,3025,10673,1182,7853,3012,4979,23334,31543,32458,3875,2323,32801,2125,32162,4012,2302,5207,12001,18230,23252,26235,18252,30877,1849,32171,834,1633,24633,2123,3991,5644,32896,8107,7493,3247,2292,1156,8225,6958,6889,8629,32468,6488,6894,8879,3755,3267,9439,9934
1	1570	23961	310,3025,10673,1182,7853,3012,4979,23334,31543,32458,3875,2323,32801,2125,32162,4012,2302,5207,12001,18230,23252,26235,18252,30877,1849,32171,834,1633,24633,2123,3991,5644,32896,8107,7493,3247,2292,1156,8225,6958,6889,8629,32468,6488,6894,8879,3755,3267,9439,9934,11024
1	1570	6985	310,3025,10673,1182,7853,3012,4979,23334,31543,32458,3875,2323,32801,2125,32162,4012,2302,5207,12001,18230,23252,26235,18252,30877,1849,32171,834,1633,24633,2123,3991,5644,32896,8107,7493,3247,2292,1156,8225,6958,6889,8629,32468,6488,6894,8879,3755,3267,9439,9934,11024,23961
1	1570	4366	310,3025,10673,1182,7853,3012,4979,23334,31543,32458,3875,2323,32801,2125,32162,4012,2302,5207,12001,18230,23252,26235,18252,30877,1849,32171,834,1633,24633,2123,3991,5644,32896,8107,7493,3247,2292,1156,8225,6958,6889,8629,32468,6488,6894,8879,3755,3267,9439,9934,11024,23961,6985
1	1570	6025	310,3025,10673,1182,7853,3012,4979,23334,31543,32458,3875,2323,32801,2125,32162,4012,2302,5207,12001,18230,23252,26235,18252,30877,1849,32171,834,1633,24633,2123,3991,5644,32896,8107,7493,3247,2292,1156,8225,6958,6889,8629,32468,6488,6894,8879,3755,3267,9439,9934,11024,23961,6985,4366
1	1570	32034	310,3025,10673,1182,7853,3012,4979,23334,31543,32458,3875,2323,32801,2125,32162,4012,2302,5207,12001,18230,23252,26235,18252,30877,1849,32171,834,1633,24633,2123,3991,5644,32896,8107,7493,3247,2292,1156,8225,6958,6889,8629,32468,6488,6894,8879,3755,3267,9439,9934,11024,23961,6985,4366,6025
1	1570	13261	310,3025,10673,1182,7853,3012,4979,23334,31543,32458,3875,2323,32801,2125,32162,4012,2302,5207,12001,18230,23252,26235,18252,30877,1849,32171,834,1633,24633,2123,3991,5644,32896,8107,7493,3247,2292,1156,8225,6958,6889,8629,32468,6488,6894,8879,3755,3267,9439,9934,11024,23961,6985,4366,6025,32034
1	1570	31408	310,3025,10673,1182,7853,3012,4979,23334,31543,32458,3875,2323,32801,2125,32162,4012,2302,5207,12001,18230,23252,26235,18252,30877,1849,32171,834,1633,24633,2123,3991,5644,32896,8107,7493,3247,2292,1156,8225,6958,6889,8629,32468,6488,6894,8879,3755,3267,9439,9934,11024,23961,6985,4366,6025,32034,13261
1	1570	11717	310,3025,10673,1182,7853,3012,4979,23334,31543,32458,3875,2323,32801,2125,32162,4012,2302,5207,12001,18230,23252,26235,18252,30877,1849,32171,834,1633,24633,2123,3991,5644,32896,8107,7493,3247,2292,1156,8225,6958,6889,8629,32468,6488,6894,8879,3755,3267,9439,9934,11024,23961,6985,4366,6025,32034,13261,31408
1	1570	11571	310,3025,10673,1182,7853,3012,4979,23334,31543,32458,3875,2323,32801,2125,32162,4012,2302,5207,12001,18230,23252,26235,18252,30877,1849,32171,834,1633,24633,2123,3991,5644,32896,8107,7493,3247,2292,1156,8225,6958,6889,8629,32468,6488,6894,8879,3755,3267,9439,9934,11024,23961,6985,4366,6025,32034,13261,31408,11717
1	1570	10375	310,3025,10673,1182,7853,3012,4979,23334,31543,32458,3875,2323,32801,2125,32162,4012,2302,5207,12001,18230,23252,26235,18252,30877,1849,32171,834,1633,24633,2123,3991,5644,32896,8107,7493,3247,2292,1156,8225,6958,6889,8629,32468,6488,6894,8879,3755,3267,9439,9934,11024,23961,6985,4366,6025,32034,13261,31408,11717,11571
0	1570	2126	310,3025,10673,1182,7853,3012,4979,23334,31543,32458,3875,2323,32801,2125,32162,4012,2302,5207,12001,18230,23252,26235,18252,30877,1849,32171,834,1633,24633,2123,3991,5644,32896,8107,7493,3247,2292,1156,8225,6958,6889,8629,32468,6488,6894,8879,3755,3267,9439,9934,11024,23961,6985,4366,6025,32034,13261,31408,11717,11571,10375
0	1570	6121	310,3025,10673,1182,7853,3012,4979,23334,31543,32458,3875,2323,32801,2125,32162,4012,2302,5207,12001,18230,23252,26235,18252,30877,1849,32171,834,1633,24633,2123,3991,5644,32896,8107,7493,3247,2292,1156,8225,6958,6889,8629,32468,6488,6894,8879,3755,3267,9439,9934,11024,23961,6985,4366,6025,32034,13261,31408,11717,11571,10375
0	1570	11863	310,3025,10673,1182,7853,3012,4979,23334,31543,32458,3875,2323,32801,2125,32162,4012,2302,5207,12001,18230,23252,26235,18252,30877,1849,32171,834,1633,24633,2123,3991,5644,32896,8107,7493,3247,2292,1156,8225,6958,6889,8629,32468,6488,6894,8879,3755,3267,9439,9934,11024,23961,6985,4366,6025,32034,13261,31408,11717,11571,10375
1	1570	9908	310,3025,10673,1182,7853,3012,4979,23334,31543,32458,3875,2323,32801,2125,32162,4012,2302,5207,12001,18230,23252,26235,18252,30877,1849,32171,834,1633,24633,2123,3991,5644,32896,8107,7493,3247,2292,1156,8225,6958,6889,8629,32468,6488,6894,8879,3755,3267,9439,9934,11024,23961,6985,4366,6025,32034,13261,31408,11717,11571,10375
1	1570	11240	310,3025,10673,1182,7853,3012,4979,23334,31543,32458,3875,2323,32801,2125,32162,4012,2302,5207,12001,18230,23252,26235,18252,30877,1849,32171,834,1633,24633,2123,3991,5644,32896,8107,7493,3247,2292,1156,8225,6958,6889,8629,32468,6488,6894,8879,3755,3267,9439,9934,11024,23961,6985,4366,6025,32034,13261,31408,11717,11571,10375,9908
0	1570	9824	310,3025,10673,1182,7853,3012,4979,23334,31543,32458,3875,2323,32801,2125,32162,4012,2302,5207,12001,18230,23252,26235,18252,30877,1849,32171,834,1633,24633,2123,3991,5644,32896,8107,7493,3247,2292,1156,8225,6958,6889,8629,32468,6488,6894,8879,3755,3267,9439,9934,11024,23961,6985,4366,6025,32034,13261,31408,11717,11571,10375,9908,11240
0	1570	6471	310,3025,10673,1182,7853,3012,4979,23334,31543,32458,3875,2323,32801,2125,32162,4012,2302,5207,12001,18230,23252,26235,18252,30877,1849,32171,834,1633,24633,2123,3991,5644,32896,8107,7493,3247,2292,1156,8225,6958,6889,8629,32468,6488,6894,8879,3755,3267,9439,9934,11024,23961,6985,4366,6025,32034,13261,31408,11717,11571,10375,9908,11240
0	1570	3038	310,3025,10673,1182,7853,3012,4979,23334,31543,32458,3875,2323,32801,2125,32162,4012,2302,5207,12001,18230,23252,26235,18252,30877,1849,32171,834,1633,24633,2123,3991,5644,32896,8107,7493,3247,2292,1156,8225,6958,6889,8629,32468,6488,6894,8879,3755,3267,9439,9934,11024,23961,6985,4366,6025,32034,13261,31408,11717,11571,10375,9908,11240
1	1570	32075	310,3025,10673,1182,7853,3012,4979,23334,31543,32458,3875,2323,32801,2125,32162,4012,2302,5207,12001,18230,23252,26235,18252,30877,1849,32171,834,1633,24633,2123,3991,5644,32896,8107,7493,3247,2292,1156,8225,6958,6889,8629,32468,6488,6894,8879,3755,3267,9439,9934,11024,23961,6985,4366,6025,32034,13261,31408,11717,11571,10375,9908,11240
1	1570	13279	310,3025,10673,1182,7853,3012,4979,23334,31543,32458,3875,2323,32801,2125,32162,4012,2302,5207,12001,18230,23252,26235,18252,30877,1849,32171,834,1633,24633,2123,3991,5644,32896,8107,7493,3247,2292,1156,8225,6958,6889,8629,32468,6488,6894,8879,3755,3267,9439,9934,11024,23961,6985,4366,6025,32034,13261,31408,11717,11571,10375,9908,11240,32075
1	1570	31056	310,3025,10673,1182,7853,3012,4979,23334,31543,32458,3875,2323,32801,2125,32162,4012,2302,5207,12001,18230,23252,26235,18252,30877,1849,32171,834,1633,24633,2123,3991,5644,32896,8107,7493,3247,2292,1156,8225,6958,6889,8629,32468,6488,6894,8879,3755,3267,9439,9934,11024,23961,6985,4366,6025,32034,13261,31408,11717,11571,10375,9908,11240,32075,13279
1	1570	18361	310,3025,10673,1182,7853,3012,4979,23334,31543,32458,3875,2323,32801,2125,32162,4012,2302,5207,12001,18230,23252,26235,18252,30877,1849,32171,834,1633,24633,2123,3991,5644,32896,8107,7493,3247,2292,1156,8225,6958,6889,8629,32468,6488,6894,8879,3755,3267,9439,9934,11024,23961,6985,4366,6025,32034,13261,31408,11717,11571,10375,9908,11240,32075,13279,31056
1	1570	11573	310,3025,10673,1182,7853,3012,4979,23334,31543,32458,3875,2323,32801,2125,32162,4012,2302,5207,12001,18230,23252,26235,18252,30877,1849,32171,834,1633,24633,2123,3991,5644,32896,8107,7493,3247,2292,1156,8225,6958,6889,8629,32468,6488,6894,8879,3755,3267,9439,9934,11024,23961,6985,4366,6025,32034,13261,31408,11717,11571,10375,9908,11240,32075,13279,31056,18361
1	1570	14365	310,3025,10673,1182,7853,3012,4979,23334,31543,32458,3875,2323,32801,2125,32162,4012,2302,5207,12001,18230,23252,26235,18252,30877,1849,32171,834,1633,24633,2123,3991,5644,32896,8107,7493,3247,2292,1156,8225,6958,6889,8629,32468,6488,6894,8879,3755,3267,9439,9934,11024,23961,6985,4366,6025,32034,13261,31408,11717,11571,10375,9908,11240,32075,13279,31056,18361,11573
0	1570	32938	310,3025,10673,1182,7853,3012,4979,23334,31543,32458,3875,2323,32801,2125,32162,4012,2302,5207,12001,18230,23252,26235,18252,30877,1849,32171,834,1633,24633,2123,3991,5644,32896,8107,7493,3247,2292,1156,8225,6958,6889,8629,32468,6488,6894,8879,3755,3267,9439,9934,11024,23961,6985,4366,6025,32034,13261,31408,11717,11571,10375,9908,11240,32075,13279,31056,18361,11573,14365
0	1570	2158	310,3025,10673,1182,7853,3012,4979,23334,31543,32458,3875,2323,32801,2125,32162,4012,2302,5207,12001,18230,23252,26235,18252,30877,1849,32171,834,1633,24633,2123,3991,5644,32896,8107,7493,3247,2292,1156,8225,6958,6889,8629,32468,6488,6894,8879,3755,3267,9439,9934,11024,23961,6985,4366,6025,32034,13261,31408,11717,11571,10375,9908,11240,32075,13279,31056,18361,11573,14365
1	1570	15325	310,3025,10673,1182,7853,3012,4979,23334,31543,32458,3875,2323,32801,2125,32162,4012,2302,5207,12001,18230,23252,26235,18252,30877,1849,32171,834,1633,24633,2123,3991,5644,32896,8107,7493,3247,2292,1156,8225,6958,6889,8629,32468,6488,6894,8879,3755,3267,9439,9934,11024,23961,6985,4366,6025,32034,13261,31408,11717,11571,10375,9908,11240,32075,13279,31056,18361,11573,14365
0	1570	15213	310,3025,10673,1182,7853,3012,4979,23334,31543,32458,3875,2323,32801,2125,32162,4012,2302,5207,12001,18230,23252,26235,18252,30877,1849,32171,834,1633,24633,2123,3991,5644,32896,8107,7493,3247,2292,1156,8225,6958,6889,8629,32468,6488,6894,8879,3755,3267,9439,9934,11024,23961,6985,4366,6025,32034,13261,31408,11717,11571,10375,9908,11240,32075,13279,31056,18361,11573,14365,15325
1	1570	16044	310,3025,10673,1182,7853,3012,4979,23334,31543,32458,3875,2323,32801,2125,32162,4012,2302,5207,12001,18230,23252,26235,18252,30877,1849,32171,834,1633,24633,2123,3991,5644,32896,8107,7493,3247,2292,1156,8225,6958,6889,8629,32468,6488,6894,8879,3755,3267,9439,9934,11024,23961,6985,4366,6025,32034,13261,31408,11717,11571,10375,9908,11240,32075,13279,31056,18361,11573,14365,15325
0	1570	14948	310,3025,10673,1182,7853,3012,4979,23334,31543,32458,3875,2323,32801,2125,32162,4012,2302,5207,12001,18230,23252,26235,18252,30877,1849,32171,834,1633,24633,2123,3991,5644,32896,8107,7493,3247,2292,1156,8225,6958,6889,8629,32468,6488,6894,8879,3755,3267,9439,9934,11024,23961,6985,4366,6025,32034,13261,31408,11717,11571,10375,9908,11240,32075,13279,31056,18361,11573,14365,15325,16044
0	1570	18008	310,3025,10673,1182,7853,3012,4979,23334,31543,32458,3875,2323,32801,2125,32162,4012,2302,5207,12001,18230,23252,26235,18252,30877,1849,32171,834,1633,24633,2123,3991,5644,32896,8107,7493,3247,2292,1156,8225,6958,6889,8629,32468,6488,6894,8879,3755,3267,9439,9934,11024,23961,6985,4366,6025,32034,13261,31408,11717,11571,10375,9908,11240,32075,13279,31056,18361,11573,14365,15325,16044
1	1570	16877	310,3025,10673,1182,7853,3012,4979,23334,31543,32458,3875,2323,32801,2125,32162,4012,2302,5207,12001,18230,23252,26235,18252,30877,1849,32171,834,1633,24633,2123,3991,5644,32896,8107,7493,3247,2292,1156,8225,6958,6889,8629,32468,6488,6894,8879,3755,3267,9439,9934,11024,23961,6985,4366,6025,32034,13261,31408,11717,11571,10375,9908,11240,32075,13279,31056,18361,11573,14365,15325,16044
0	1570	19029	310,3025,10673,1182,7853,3012,4979,23334,31543,32458,3875,2323,32801,2125,32162,4012,2302,5207,12001,18230,23252,26235,18252,30877,1849,32171,834,1633,24633,2123,3991,5644,32896,8107,7493,3247,2292,1156,8225,6958,6889,8629,32468,6488,6894,8879,3755,3267,9439,9934,11024,23961,6985,4366,6025,32034,13261,31408,11717,11571,10375,9908,11240,32075,13279,31056,18361,11573,14365,15325,16044,16877
1	1570	16880	310,3025,10673,1182,7853,3012,4979,23334,31543,32458,3875,2323,32801,2125,32162,4012,2302,5207,12001,18230,23252,26235,18252,30877,1849,32171,834,1633,24633,2123,3991,5644,32896,8107,7493,3247,2292,1156,8225,6958,6889,8629,32468,6488,6894,8879,3755,3267,9439,9934,11024,23961,6985,4366,6025,32034,13261,31408,11717,11571,10375,9908,11240,32075,13279,31056,18361,11573,14365,15325,16044,16877
0	1570	21512	310,3025,10673,1182,7853,3012,4979,23334,31543,32458,3875,2323,32801,2125,32162,4012,2302,5207,12001,18230,23252,26235,18252,30877,1849,32171,834,1633,24633,2123,3991,5644,32896,8107,7493,3247,2292,1156,8225,6958,6889,8629,32468,6488,6894,8879,3755,3267,9439,9934,11024,23961,6985,4366,6025,32034,13261,31408,11717,11571,10375,9908,11240,32075,13279,31056,18361,11573,14365,15325,16044,16877,16880
1	1570	9940	310,3025,10673,1182,7853,3012,4979,23334,31543,32458,3875,2323,32801,2125,32162,4012,2302,5207,12001,18230,23252,26235,18252,30877,1849,32171,834,1633,24633,2123,3991,5644,32896,8107,7493,3247,2292,1156,8225,6958,6889,8629,32468,6488,6894,8879,3755,3267,9439,9934,11024,23961,6985,4366,6025,32034,13261,31408,11717,11571,10375,9908,11240,32075,13279,31056,18361,11573,14365,15325,16044,16877,16880
0	1570	21525	310,3025,10673,1182,7853,3012,4979,23334,31543,32458,3875,2323,32801,2125,32162,4012,2302,5207,12001,18230,23252,26235,18252,30877,1849,32171,834,1633,24633,2123,3991,5644,32896,8107,7493,3247,2292,1156,8225,6958,6889,8629,32468,6488,6894,8879,3755,3267,9439,9934,11024,23961,6985,4366,6025,32034,13261,31408,11717,11571,10375,9908,11240,32075,13279,31056,18361,11573,14365,15325,16044,16877,16880,9940
1	1570	20614	310,3025,10673,1182,7853,3012,4979,23334,31543,32458,3875,2323,32801,2125,32162,4012,2302,5207,12001,18230,23252,26235,18252,30877,1849,32171,834,1633,24633,2123,3991,5644,32896,8107,7493,3247,2292,1156,8225,6958,6889,8629,32468,6488,6894,8879,3755,3267,9439,9934,11024,23961,6985,4366,6025,32034,13261,31408,11717,11571,10375,9908,11240,32075,13279,31056,18361,11573,14365,15325,16044,16877,16880,9940
1	1570	31263	310,3025,10673,1182,7853,3012,4979,23334,31543,32458,3875,2323,32801,2125,32162,4012,2302,5207,12001,18230,23252,26235,18252,30877,1849,32171,834,1633,24633,2123,3991,5644,32896,8107,7493,3247,2292,1156,8225,6958,6889,8629,32468,6488,6894,8879,3755,3267,9439,9934,11024,23961,6985,4366,6025,32034,13261,31408,11717,11571,10375,9908,11240,32075,13279,31056,18361,11573,14365,15325,16044,16877,16880,9940,20614
1	1570	13453	310,3025,10673,1182,7853,3012,4979,23334,31543,32458,3875,2323,32801,2125,32162,4012,2302,5207,12001,18230,23252,26235,18252,30877,1849,32171,834,1633,24633,2123,3991,5644,32896,8107,7493,3247,2292,1156,8225,6958,6889,8629,32468,6488,6894,8879,3755,3267,9439,9934,11024,23961,6985,4366,6025,32034,13261,31408,11717,11571,10375,9908,11240,32075,13279,31056,18361,11573,14365,15325,16044,16877,16880,9940,20614,31263
1	1570	17132	310,3025,10673,1182,7853,3012,4979,23334,31543,32458,3875,2323,32801,2125,32162,4012,2302,5207,12001,18230,23252,26235,18252,30877,1849,32171,834,1633,24633,2123,3991,5644,32896,8107,7493,3247,2292,1156,8225,6958,6889,8629,32468,6488,6894,8879,3755,3267,9439,9934,11024,23961,6985,4366,6025,32034,13261,31408,11717,11571,10375,9908,11240,32075,13279,31056,18361,11573,14365,15325,16044,16877,16880,9940,20614,31263,13453
0	1570	19568	310,3025,10673,1182,7853,3012,4979,23334,31543,32458,3875,2323,32801,2125,32162,4012,2302,5207,12001,18230,23252,26235,18252,30877,1849,32171,834,1633,24633,2123,3991,5644,32896,8107,7493,3247,2292,1156,8225,6958,6889,8629,32468,6488,6894,8879,3755,3267,9439,9934,11024,23961,6985,4366,6025,32034,13261,31408,11717,11571,10375,9908,11240,32075,13279,31056,18361,11573,14365,15325,16044,16877,16880,9940,20614,31263,13453,17132
1	1570	958	310,3025,10673,1182,7853,3012,4979,23334,31543,32458,3875,2323,32801,2125,32162,4012,2302,5207,12001,18230,23252,26235,18252,30877,1849,32171,834,1633,24633,2123,3991,5644,32896,8107,7493,3247,2292,1156,8225,6958,6889,8629,32468,6488,6894,8879,3755,3267,9439,9934,11024,23961,6985,4366,6025,32034,13261,31408,11717,11571,10375,9908,11240,32075,13279,31056,18361,11573,14365,15325,16044,16877,16880,9940,20614,31263,13453,17132
1	1570	32140	310,3025,10673,1182,7853,3012,4979,23334,31543,32458,3875,2323,32801,2125,32162,4012,2302,5207,12001,18230,23252,26235,18252,30877,1849,32171,834,1633,24633,2123,3991,5644,32896,8107,7493,3247,2292,1156,8225,6958,6889,8629,32468,6488,6894,8879,3755,3267,9439,9934,11024,23961,6985,4366,6025,32034,13261,31408,11717,11571,10375,9908,11240,32075,13279,31056,18361,11573,14365,15325,16044,16877,16880,9940,20614,31263,13453,17132,958
1	1570	18940	310,3025,10673,1182,7853,3012,4979,23334,31543,32458,3875,2323,32801,2125,32162,4012,2302,5207,12001,18230,23252,26235,18252,30877,1849,32171,834,1633,24633,2123,3991,5644,32896,8107,7493,3247,2292,1156,8225,6958,6889,8629,32468,6488,6894,8879,3755,3267,9439,9934,11024,23961,6985,4366,6025,32034,13261,31408,11717,11571,10375,9908,11240,32075,13279,31056,18361,11573,14365,15325,16044,16877,16880,9940,20614,31263,13453,17132,958,32140
1	1570	22747	310,3025,10673,1182,7853,3012,4979,23334,31543,32458,3875,2323,32801,2125,32162,4012,2302,5207,12001,18230,23252,26235,18252,30877,1849,32171,834,1633,24633,2123,3991,5644,32896,8107,7493,3247,2292,1156,8225,6958,6889,8629,32468,6488,6894,8879,3755,3267,9439,9934,11024,23961,6985,4366,6025,32034,13261,31408,11717,11571,10375,9908,11240,32075,13279,31056,18361,11573,14365,15325,16044,16877,16880,9940,20614,31263,13453,17132,958,32140,18940
1	1570	14473	310,3025,10673,1182,7853,3012,4979,23334,31543,32458,3875,2323,32801,2125,32162,4012,2302,5207,12001,18230,23252,26235,18252,30877,1849,32171,834,1633,24633,2123,3991,5644,32896,8107,7493,3247,2292,1156,8225,6958,6889,8629,32468,6488,6894,8879,3755,3267,9439,9934,11024,23961,6985,4366,6025,32034,13261,31408,11717,11571,10375,9908,11240,32075,13279,31056,18361,11573,14365,15325,16044,16877,16880,9940,20614,31263,13453,17132,958,32140,18940,22747
1	1570	20486	310,3025,10673,1182,7853,3012,4979,23334,31543,32458,3875,2323,32801,2125,32162,4012,2302,5207,12001,18230,23252,26235,18252,30877,1849,32171,834,1633,24633,2123,3991,5644,32896,8107,7493,3247,2292,1156,8225,6958,6889,8629,32468,6488,6894,8879,3755,3267,9439,9934,11024,23961,6985,4366,6025,32034,13261,31408,11717,11571,10375,9908,11240,32075,13279,31056,18361,11573,14365,15325,16044,16877,16880,9940,20614,31263,13453,17132,958,32140,18940,22747,14473
0	1570	23156	310,3025,10673,1182,7853,3012,4979,23334,31543,32458,3875,2323,32801,2125,32162,4012,2302,5207,12001,18230,23252,26235,18252,30877,1849,32171,834,1633,24633,2123,3991,5644,32896,8107,7493,3247,2292,1156,8225,6958,6889,8629,32468,6488,6894,8879,3755,3267,9439,9934,11024,23961,6985,4366,6025,32034,13261,31408,11717,11571,10375,9908,11240,32075,13279,31056,18361,11573,14365,15325,16044,16877,16880,9940,20614,31263,13453,17132,958,32140,18940,22747,14473,20486
0	1570	19599	310,3025,10673,1182,7853,3012,4979,23334,31543,32458,3875,2323,32801,2125,32162,4012,2302,5207,12001,18230,23252,26235,18252,30877,1849,32171,834,1633,24633,2123,3991,5644,32896,8107,7493,3247,2292,1156,8225,6958,6889,8629,32468,6488,6894,8879,3755,3267,9439,9934,11024,23961,6985,4366,6025,32034,13261,31408,11717,11571,10375,9908,11240,32075,13279,31056,18361,11573,14365,15325,16044,16877,16880,9940,20614,31263,13453,17132,958,32140,18940,22747,14473,20486
0	1570	22974	310,3025,10673,1182,7853,3012,4979,23334,31543,32458,3875,2323,32801,2125,32162,4012,2302,5207,12001,18230,23252,26235,18252,30877,1849,32171,834,1633,24633,2123,3991,5644,32896,8107,7493,3247,2292,1156,8225,6958,6889,8629,32468,6488,6894,8879,3755,3267,9439,9934,11024,23961,6985,4366,6025,32034,13261,31408,11717,11571,10375,9908,11240,32075,13279,31056,18361,11573,14365,15325,16044,16877,16880,9940,20614,31263,13453,17132,958,32140,18940,22747,14473,20486
1	1570	19519	310,3025,10673,1182,7853,3012,4979,23334,31543,32458,3875,2323,32801,2125,32162,4012,2302,5207,12001,18230,23252,26235,18252,30877,1849,32171,834,1633,24633,2123,3991,5644,32896,8107,7493,3247,2292,1156,8225,6958,6889,8629,32468,6488,6894,8879,3755,3267,9439,9934,11024,23961,6985,4366,6025,32034,13261,31408,11717,11571,10375,9908,11240,32075,13279,31056,18361,11573,14365,15325,16044,16877,16880,9940,20614,31263,13453,17132,958,32140,18940,22747,14473,20486
1	1570	23453	310,3025,10673,1182,7853,3012,4979,23334,31543,32458,3875,2323,32801,2125,32162,4012,2302,5207,12001,18230,23252,26235,18252,30877,1849,32171,834,1633,24633,2123,3991,5644,32896,8107,7493,3247,2292,1156,8225,6958,6889,8629,32468,6488,6894,8879,3755,3267,9439,9934,11024,23961,6985,4366,6025,32034,13261,31408,11717,11571,10375,9908,11240,32075,13279,31056,18361,11573,14365,15325,16044,16877,16880,9940,20614,31263,13453,17132,958,32140,18940,22747,14473,20486,19519
0	1570	24191	310,3025,10673,1182,7853,3012,4979,23334,31543,32458,3875,2323,32801,2125,32162,4012,2302,5207,12001,18230,23252,26235,18252,30877,1849,32171,834,1633,24633,2123,3991,5644,32896,8107,7493,3247,2292,1156,8225,6958,6889,8629,32468,6488,6894,8879,3755,3267,9439,9934,11024,23961,6985,4366,6025,32034,13261,31408,11717,11571,10375,9908,11240,32075,13279,31056,18361,11573,14365,15325,16044,16877,16880,9940,20614,31263,13453,17132,958,32140,18940,22747,14473,20486,19519,23453
0	1570	11883	310,3025,10673,1182,7853,3012,4979,23334,31543,32458,3875,2323,32801,2125,32162,4012,2302,5207,12001,18230,23252,26235,18252,30877,1849,32171,834,1633,24633,2123,3991,5644,32896,8107,7493,3247,2292,1156,8225,6958,6889,8629,32468,6488,6894,8879,3755,3267,9439,9934,11024,23961,6985,4366,6025,32034,13261,31408,11717,11571,10375,9908,11240,32075,13279,31056,18361,11573,14365,15325,16044,16877,16880,9940,20614,31263,13453,17132,958,32140,18940,22747,14473,20486,19519,23453
0	1570	17368	310,3025,10673,1182,7853,3012,4979,23334,31543,32458,3875,2323,32801,2125,32162,4012,2302,5207,12001,18230,23252,26235,18252,30877,1849,32171,834,1633,24633,2123,3991,5644,32896,8107,7493,3247,2292,1156,8225,6958,6889,8629,32468,6488,6894,8879,3755,3267,9439,9934,11024,23961,6985,4366,6025,32034,13261,31408,11717,11571,10375,9908,11240,32075,13279,31056,18361,11573,14365,15325,16044,16877,16880,9940,20614,31263,13453,17132,958,32140,18940,22747,14473,20486,19519,23453
1	1570	4942	310,3025,10673,1182,7853,3012,4979,23334,31543,32458,3875,2323,32801,2125,32162,4012,2302,5207,12001,18230,23252,26235,18252,30877,1849,32171,834,1633,24633,2123,3991,5644,32896,8107,7493,3247,2292,1156,8225,6958,6889,8629,32468,6488,6894,8879,3755,3267,9439,9934,11024,23961,6985,4366,6025,32034,13261,31408,11717,11571,10375,9908,11240,32075,13279,31056,18361,11573,14365,15325,16044,16877,16880,9940,20614,31263,13453,17132,958,32140,18940,22747,14473,20486,19519,23453
0	1570	15863	310,3025,10673,1182,7853,3012,4979,23334,31543,32458,3875,2323,32801,2125,32162,4012,2302,5207,12001,18230,23252,26235,18252,30877,1849,32171,834,1633,24633,2123,3991,5644,32896,8107,7493,3247,2292,1156,8225,6958,6889,8629,32468,6488,6894,8879,3755,3267,9439,9934,11024,23961,6985,4366,6025,32034,13261,31408,11717,11571,10375,9908,11240,32075,13279,31056,18361,11573,14365,15325,16044,16877,16880,9940,20614,31263,13453,17132,958,32140,18940,22747,14473,20486,19519,23453,4942
1	1570	403	310,3025,10673,1182,7853,3012,4979,23334,31543,32458,3875,2323,32801,2125,32162,4012,2302,5207,12001,18230,23252,26235,18252,30877,1849,32171,834,1633,24633,2123,3991,5644,32896,8107,7493,3247,2292,1156,8225,6958,6889,8629,32468,6488,6894,8879,3755,3267,9439,9934,11024,23961,6985,4366,6025,32034,13261,31408,11717,11571,10375,9908,11240,32075,13279,31056,18361,11573,14365,15325,16044,16877,16880,9940,20614,31263,13453,17132,958,32140,18940,22747,14473,20486,19519,23453,4942
1	1570	31377	310,3025,10673,1182,7853,3012,4979,23334,31543,32458,3875,2323,32801,2125,32162,4012,2302,5207,12001,18230,23252,26235,18252,30877,1849,32171,834,1633,24633,2123,3991,5644,32896,8107,7493,3247,2292,1156,8225,6958,6889,8629,32468,6488,6894,8879,3755,3267,9439,9934,11024,23961,6985,4366,6025,32034,13261,31408,11717,11571,10375,9908,11240,32075,13279,31056,18361,11573,14365,15325,16044,16877,16880,9940,20614,31263,13453,17132,958,32140,18940,22747,14473,20486,19519,23453,4942,403
1	1570	21233	310,3025,10673,1182,7853,3012,4979,23334,31543,32458,3875,2323,32801,2125,32162,4012,2302,5207,12001,18230,23252,26235,18252,30877,1849,32171,834,1633,24633,2123,3991,5644,32896,8107,7493,3247,2292,1156,8225,6958,6889,8629,32468,6488,6894,8879,3755,3267,9439,9934,11024,23961,6985,4366,6025,32034,13261,31408,11717,11571,10375,9908,11240,32075,13279,31056,18361,11573,14365,15325,16044,16877,16880,9940,20614,31263,13453,17132,958,32140,18940,22747,14473,20486,19519,23453,4942,403,31377
1	1570	9685	310,3025,10673,1182,7853,3012,4979,23334,31543,32458,3875,2323,32801,2125,32162,4012,2302,5207,12001,18230,23252,26235,18252,30877,1849,32171,834,1633,24633,2123,3991,5644,32896,8107,7493,3247,2292,1156,8225,6958,6889,8629,32468,6488,6894,8879,3755,3267,9439,9934,11024,23961,6985,4366,6025,32034,13261,31408,11717,11571,10375,9908,11240,32075,13279,31056,18361,11573,14365,15325,16044,16877,16880,9940,20614,31263,13453,17132,958,32140,18940,22747,14473,20486,19519,23453,4942,403,31377,21233
1	1570	2891	310,3025,10673,1182,7853,3012,4979,23334,31543,32458,3875,2323,32801,2125,32162,4012,2302,5207,12001,18230,23252,26235,18252,30877,1849,32171,834,1633,24633,2123,3991,5644,32896,8107,7493,3247,2292,1156,8225,6958,6889,8629,32468,6488,6894,8879,3755,3267,9439,9934,11024,23961,6985,4366,6025,32034,13261,31408,11717,11571,10375,9908,11240,32075,13279,31056,18361,11573,14365,15325,16044,16877,16880,9940,20614,31263,13453,17132,958,32140,18940,22747,14473,20486,19519,23453,4942,403,31377,21233,9685
1	1570	9588	310,3025,10673,1182,7853,3012,4979,23334,31543,32458,3875,2323,32801,2125,32162,4012,2302,5207,12001,18230,23252,26235,18252,30877,1849,32171,834,1633,24633,2123,3991,5644,32896,8107,7493,3247,2292,1156,8225,6958,6889,8629,32468,6488,6894,8879,3755,3267,9439,9934,11024,23961,6985,4366,6025,32034,13261,31408,11717,11571,10375,9908,11240,32075,13279,31056,18361,11573,14365,15325,16044,16877,16880,9940,20614,31263,13453,17132,958,32140,18940,22747,14473,20486,19519,23453,4942,403,31377,21233,9685,2891
0	1570	30043	310,3025,10673,1182,7853,3012,4979,23334,31543,32458,3875,2323,32801,2125,32162,4012,2302,5207,12001,18230,23252,26235,18252,30877,1849,32171,834,1633,24633,2123,3991,5644,32896,8107,7493,3247,2292,1156,8225,6958,6889,8629,32468,6488,6894,8879,3755,3267,9439,9934,11024,23961,6985,4366,6025,32034,13261,31408,11717,11571,10375,9908,11240,32075,13279,31056,18361,11573,14365,15325,16044,16877,16880,9940,20614,31263,13453,17132,958,32140,18940,22747,14473,20486,19519,23453,4942,403,31377,21233,9685,2891,9588
1	1570	10764	310,3025,10673,1182,7853,3012,4979,23334,31543,32458,3875,2323,32801,2125,32162,4012,2302,5207,12001,18230,23252,26235,18252,30877,1849,32171,834,1633,24633,2123,3991,5644,32896,8107,7493,3247,2292,1156,8225,6958,6889,8629,32468,6488,6894,8879,3755,3267,9439,9934,11024,23961,6985,4366,6025,32034,13261,31408,11717,11571,10375,9908,11240,32075,13279,31056,18361,11573,14365,15325,16044,16877,16880,9940,20614,31263,13453,17132,958,32140,18940,22747,14473,20486,19519,23453,4942,403,31377,21233,9685,2891,9588
0	1570	8999	310,3025,10673,1182,7853,3012,4979,23334,31543,32458,3875,2323,32801,2125,32162,4012,2302,5207,12001,18230,23252,26235,18252,30877,1849,32171,834,1633,24633,2123,3991,5644,32896,8107,7493,3247,2292,1156,8225,6958,6889,8629,32468,6488,6894,8879,3755,3267,9439,9934,11024,23961,6985,4366,6025,32034,13261,31408,11717,11571,10375,9908,11240,32075,13279,31056,18361,11573,14365,15325,16044,16877,16880,9940,20614,31263,13453,17132,958,32140,18940,22747,14473,20486,19519,23453,4942,403,31377,21233,9685,2891,9588,10764
1	1570	24384	310,3025,10673,1182,7853,3012,4979,23334,31543,32458,3875,2323,32801,2125,32162,4012,2302,5207,12001,18230,23252,26235,18252,30877,1849,32171,834,1633,24633,2123,3991,5644,32896,8107,7493,3247,2292,1156,8225,6958,6889,8629,32468,6488,6894,8879,3755,3267,9439,9934,11024,23961,6985,4366,6025,32034,13261,31408,11717,11571,10375,9908,11240,32075,13279,31056,18361,11573,14365,15325,16044,16877,16880,9940,20614,31263,13453,17132,958,32140,18940,22747,14473,20486,19519,23453,4942,403,31377,21233,9685,2891,9588,10764
1	1570	24726	310,3025,10673,1182,7853,3012,4979,23334,31543,32458,3875,2323,32801,2125,32162,4012,2302,5207,12001,18230,23252,26235,18252,30877,1849,32171,834,1633,24633,2123,3991,5644,32896,8107,7493,3247,2292,1156,8225,6958,6889,8629,32468,6488,6894,8879,3755,3267,9439,9934,11024,23961,6985,4366,6025,32034,13261,31408,11717,11571,10375,9908,11240,32075,13279,31056,18361,11573,14365,15325,16044,16877,16880,9940,20614,31263,13453,17132,958,32140,18940,22747,14473,20486,19519,23453,4942,403,31377,21233,9685,2891,9588,10764,24384
1	1570	24729	310,3025,10673,1182,7853,3012,4979,23334,31543,32458,3875,2323,32801,2125,32162,4012,2302,5207,12001,18230,23252,26235,18252,30877,1849,32171,834,1633,24633,2123,3991,5644,32896,8107,7493,3247,2292,1156,8225,6958,6889,8629,32468,6488,6894,8879,3755,3267,9439,9934,11024,23961,6985,4366,6025,32034,13261,31408,11717,11571,10375,9908,11240,32075,13279,31056,18361,11573,14365,15325,16044,16877,16880,9940,20614,31263,13453,17132,958,32140,18940,22747,14473,20486,19519,23453,4942,403,31377,21233,9685,2891,9588,10764,24384,24726
1	1570	24730	310,3025,10673,1182,7853,3012,4979,23334,31543,32458,3875,2323,32801,2125,32162,4012,2302,5207,12001,18230,23252,26235,18252,30877,1849,32171,834,1633,24633,2123,3991,5644,32896,8107,7493,3247,2292,1156,8225,6958,6889,8629,32468,6488,6894,8879,3755,3267,9439,9934,11024,23961,6985,4366,6025,32034,13261,31408,11717,11571,10375,9908,11240,32075,13279,31056,18361,11573,14365,15325,16044,16877,16880,9940,20614,31263,13453,17132,958,32140,18940,22747,14473,20486,19519,23453,4942,403,31377,21233,9685,2891,9588,10764,24384,24726,24729
1	1570	24791	310,3025,10673,1182,7853,3012,4979,23334,31543,32458,3875,2323,32801,2125,32162,4012,2302,5207,12001,18230,23252,26235,18252,30877,1849,32171,834,1633,24633,2123,3991,5644,32896,8107,7493,3247,2292,1156,8225,6958,6889,8629,32468,6488,6894,8879,3755,3267,9439,9934,11024,23961,6985,4366,6025,32034,13261,31408,11717,11571,10375,9908,11240,32075,13279,31056,18361,11573,14365,15325,16044,16877,16880,9940,20614,31263,13453,17132,958,32140,18940,22747,14473,20486,19519,23453,4942,403,31377,21233,9685,2891,9588,10764,24384,24726,24729,24730
0	1570	24788	310,3025,10673,1182,7853,3012,4979,23334,31543,32458,3875,2323,32801,2125,32162,4012,2302,5207,12001,18230,23252,26235,18252,30877,1849,32171,834,1633,24633,2123,3991,5644,32896,8107,7493,3247,2292,1156,8225,6958,6889,8629,32468,6488,6894,8879,3755,3267,9439,9934,11024,23961,6985,4366,6025,32034,13261,31408,11717,11571,10375,9908,11240,32075,13279,31056,18361,11573,14365,15325,16044,16877,16880,9940,20614,31263,13453,17132,958,32140,18940,22747,14473,20486,19519,23453,4942,403,31377,21233,9685,2891,9588,10764,24384,24726,24729,24730,24791
1	1570	24789	310,3025,10673,1182,7853,3012,4979,23334,31543,32458,3875,2323,32801,2125,32162,4012,2302,5207,12001,18230,23252,26235,18252,30877,1849,32171,834,1633,24633,2123,3991,5644,32896,8107,7493,3247,2292,1156,8225,6958,6889,8629,32468,6488,6894,8879,3755,3267,9439,9934,11024,23961,6985,4366,6025,32034,13261,31408,11717,11571,10375,9908,11240,32075,13279,31056,18361,11573,14365,15325,16044,16877,16880,9940,20614,31263,13453,17132,958,32140,18940,22747,14473,20486,19519,23453,4942,403,31377,21233,9685,2891,9588,10764,24384,24726,24729,24730,24791
0	1570	24797	310,3025,10673,1182,7853,3012,4979,23334,31543,32458,3875,2323,32801,2125,32162,4012,2302,5207,12001,18230,23252,26235,18252,30877,1849,32171,834,1633,24633,2123,3991,5644,32896,8107,7493,3247,2292,1156,8225,6958,6889,8629,32468,6488,6894,8879,3755,3267,9439,9934,11024,23961,6985,4366,6025,32034,13261,31408,11717,11571,10375,9908,11240,32075,13279,31056,18361,11573,14365,15325,16044,16877,16880,9940,20614,31263,13453,17132,958,32140,18940,22747,14473,20486,19519,23453,4942,403,31377,21233,9685,2891,9588,10764,24384,24726,24729,24730,24791,24789
0	1570	26163	310,3025,10673,1182,7853,3012,4979,23334,31543,32458,3875,2323,32801,2125,32162,4012,2302,5207,12001,18230,23252,26235,18252,30877,1849,32171,834,1633,24633,2123,3991,5644,32896,8107,7493,3247,2292,1156,8225,6958,6889,8629,32468,6488,6894,8879,3755,3267,9439,9934,11024,23961,6985,4366,6025,32034,13261,31408,11717,11571,10375,9908,11240,32075,13279,31056,18361,11573,14365,15325,16044,16877,16880,9940,20614,31263,13453,17132,958,32140,18940,22747,14473,20486,19519,23453,4942,403,31377,21233,9685,2891,9588,10764,24384,24726,24729,24730,24791,24789
1	1570	24727	310,3025,10673,1182,7853,3012,4979,23334,31543,32458,3875,2323,32801,2125,32162,4012,2302,5207,12001,18230,23252,26235,18252,30877,1849,32171,834,1633,24633,2123,3991,5644,32896,8107,7493,3247,2292,1156,8225,6958,6889,8629,32468,6488,6894,8879,3755,3267,9439,9934,11024,23961,6985,4366,6025,32034,13261,31408,11717,11571,10375,9908,11240,32075,13279,31056,18361,11573,14365,15325,16044,16877,16880,9940,20614,31263,13453,17132,958,32140,18940,22747,14473,20486,19519,23453,4942,403,31377,21233,9685,2891,9588,10764,24384,24726,24729,24730,24791,24789
1	1570	19955	310,3025,10673,1182,7853,3012,4979,23334,31543,32458,3875,2323,32801,2125,32162,4012,2302,5207,12001,18230,23252,26235,18252,30877,1849,32171,834,1633,24633,2123,3991,5644,32896,8107,7493,3247,2292,1156,8225,6958,6889,8629,32468,6488,6894,8879,3755,3267,9439,9934,11024,23961,6985,4366,6025,32034,13261,31408,11717,11571,10375,9908,11240,32075,13279,31056,18361,11573,14365,15325,16044,16877,16880,9940,20614,31263,13453,17132,958,32140,18940,22747,14473,20486,19519,23453,4942,403,31377,21233,9685,2891,9588,10764,24384,24726,24729,24730,24791,24789,24727
1	1570	15978	310,3025,10673,1182,7853,3012,4979,23334,31543,32458,3875,2323,32801,2125,32162,4012,2302,5207,12001,18230,23252,26235,18252,30877,1849,32171,834,1633,24633,2123,3991,5644,32896,8107,7493,3247,2292,1156,8225,6958,6889,8629,32468,6488,6894,8879,3755,3267,9439,9934,11024,23961,6985,4366,6025,32034,13261,31408,11717,11571,10375,9908,11240,32075,13279,31056,18361,11573,14365,15325,16044,16877,16880,9940,20614,31263,13453,17132,958,32140,18940,22747,14473,20486,19519,23453,4942,403,31377,21233,9685,2891,9588,10764,24384,24726,24729,24730,24791,24789,24727,19955
0	1570	26481	310,3025,10673,1182,7853,3012,4979,23334,31543,32458,3875,2323,32801,2125,32162,4012,2302,5207,12001,18230,23252,26235,18252,30877,1849,32171,834,1633,24633,2123,3991,5644,32896,8107,7493,3247,2292,1156,8225,6958,6889,8629,32468,6488,6894,8879,3755,3267,9439,9934,11024,23961,6985,4366,6025,32034,13261,31408,11717,11571,10375,9908,11240,32075,13279,31056,18361,11573,14365,15325,16044,16877,16880,9940,20614,31263,13453,17132,958,32140,18940,22747,14473,20486,19519,23453,4942,403,31377,21233,9685,2891,9588,10764,24384,24726,24729,24730,24791,24789,24727,19955,15978
0	1570	26113	310,3025,10673,1182,7853,3012,4979,23334,31543,32458,3875,2323,32801,2125,32162,4012,2302,5207,12001,18230,23252,26235,18252,30877,1849,32171,834,1633,24633,2123,3991,5644,32896,8107,7493,3247,2292,1156,8225,6958,6889,8629,32468,6488,6894,8879,3755,3267,9439,9934,11024,23961,6985,4366,6025,32034,13261,31408,11717,11571,10375,9908,11240,32075,13279,31056,18361,11573,14365,15325,16044,16877,16880,9940,20614,31263,13453,17132,958,32140,18940,22747,14473,20486,19519,23453,4942,403,31377,21233,9685,2891,9588,10764,24384,24726,24729,24730,24791,24789,24727,19955,15978
0	1570	24632	310,3025,10673,1182,7853,3012,4979,23334,31543,32458,3875,2323,32801,2125,32162,4012,2302,5207,12001,18230,23252,26235,18252,30877,1849,32171,834,1633,24633,2123,3991,5644,32896,8107,7493,3247,2292,1156,8225,6958,6889,8629,32468,6488,6894,8879,3755,3267,9439,9934,11024,23961,6985,4366,6025,32034,13261,31408,11717,11571,10375,9908,11240,32075,13279,31056,18361,11573,14365,15325,16044,16877,16880,9940,20614,31263,13453,17132,958,32140,18940,22747,14473,20486,19519,23453,4942,403,31377,21233,9685,2891,9588,10764,24384,24726,24729,24730,24791,24789,24727,19955,15978
0	1570	27216	310,3025,10673,1182,7853,3012,4979,23334,31543,32458,3875,2323,32801,2125,32162,4012,2302,5207,12001,18230,23252,26235,18252,30877,1849,32171,834,1633,24633,2123,3991,5644,32896,8107,7493,3247,2292,1156,8225,6958,6889,8629,32468,6488,6894,8879,3755,3267,9439,9934,11024,23961,6985,4366,6025,32034,13261,31408,11717,11571,10375,9908,11240,32075,13279,31056,18361,11573,14365,15325,16044,16877,16880,9940,20614,31263,13453,17132,958,32140,18940,22747,14473,20486,19519,23453,4942,403,31377,21233,9685,2891,9588,10764,24384,24726,24729,24730,24791,24789,24727,19955,15978
1	1570	10877	310,3025,10673,1182,7853,3012,4979,23334,31543,32458,3875,2323,32801,2125,32162,4012,2302,5207,12001,18230,23252,26235,18252,30877,1849,32171,834,1633,24633,2123,3991,5644,32896,8107,7493,3247,2292,1156,8225,6958,6889,8629,32468,6488,6894,8879,3755,3267,9439,9934,11024,23961,6985,4366,6025,32034,13261,31408,11717,11571,10375,9908,11240,32075,13279,31056,18361,11573,14365,15325,16044,16877,16880,9940,20614,31263,13453,17132,958,32140,18940,22747,14473,20486,19519,23453,4942,403,31377,21233,9685,2891,9588,10764,24384,24726,24729,24730,24791,24789,24727,19955,15978
1	1570	6400	310,3025,10673,1182,7853,3012,4979,23334,31543,32458,3875,2323,32801,2125,32162,4012,2302,5207,12001,18230,23252,26235,18252,30877,1849,32171,834,1633,24633,2123,3991,5644,32896,8107,7493,3247,2292,1156,8225,6958,6889,8629,32468,6488,6894,8879,3755,3267,9439,9934,11024,23961,6985,4366,6025,32034,13261,31408,11717,11571,10375,9908,11240,32075,13279,31056,18361,11573,14365,15325,16044,16877,16880,9940,20614,31263,13453,17132,958,32140,18940,22747,14473,20486,19519,23453,4942,403,31377,21233,9685,2891,9588,10764,24384,24726,24729,24730,24791,24789,24727,19955,15978,10877
1	1570	25052	310,3025,10673,1182,7853,3012,4979,23334,31543,32458,3875,2323,32801,2125,32162,4012,2302,5207,12001,18230,23252,26235,18252,30877,1849,32171,834,1633,24633,2123,3991,5644,32896,8107,7493,3247,2292,1156,8225,6958,6889,8629,32468,6488,6894,8879,3755,3267,9439,9934,11024,23961,6985,4366,6025,32034,13261,31408,11717,11571,10375,9908,11240,32075,13279,31056,18361,11573,14365,15325,16044,16877,16880,9940,20614,31263,13453,17132,958,32140,18940,22747,14473,20486,19519,23453,4942,403,31377,21233,9685,2891,9588,10764,24384,24726,24729,24730,24791,24789,24727,19955,15978,10877,6400
1	1570	9647	310,3025,10673,1182,7853,3012,4979,23334,31543,32458,3875,2323,32801,2125,32162,4012,2302,5207,12001,18230,23252,26235,18252,30877,1849,32171,834,1633,24633,2123,3991,5644,32896,8107,7493,3247,2292,1156,8225,6958,6889,8629,32468,6488,6894,8879,3755,3267,9439,9934,11024,23961,6985,4366,6025,32034,13261,31408,11717,11571,10375,9908,11240,32075,13279,31056,18361,11573,14365,15325,16044,16877,16880,9940,20614,31263,13453,17132,958,32140,18940,22747,14473,20486,19519,23453,4942,403,31377,21233,9685,2891,9588,10764,24384,24726,24729,24730,24791,24789,24727,19955,15978,10877,6400,25052
0	1570	14032	310,3025,10673,1182,7853,3012,4979,23334,31543,32458,3875,2323,32801,2125,32162,4012,2302,5207,12001,18230,23252,26235,18252,30877,1849,32171,834,1633,24633,2123,3991,5644,32896,8107,7493,3247,2292,1156,8225,6958,6889,8629,32468,6488,6894,8879,3755,3267,9439,9934,11024,23961,6985,4366,6025,32034,13261,31408,11717,11571,10375,9908,11240,32075,13279,31056,18361,11573,14365,15325,16044,16877,16880,9940,20614,31263,13453,17132,958,32140,18940,22747,14473,20486,19519,23453,4942,403,31377,21233,9685,2891,9588,10764,24384,24726,24729,24730,24791,24789,24727,19955,15978,10877,6400,25052,9647
1	1570	25248	310,3025,10673,1182,7853,3012,4979,23334,31543,32458,3875,2323,32801,2125,32162,4012,2302,5207,12001,18230,23252,26235,18252,30877,1849,32171,834,1633,24633,2123,3991,5644,32896,8107,7493,3247,2292,1156,8225,6958,6889,8629,32468,6488,6894,8879,3755,3267,9439,9934,11024,23961,6985,4366,6025,32034,13261,31408,11717,11571,10375,9908,11240,32075,13279,31056,18361,11573,14365,15325,16044,16877,16880,9940,20614,31263,13453,17132,958,32140,18940,22747,14473,20486,19519,23453,4942,403,31377,21233,9685,2891,9588,10764,24384,24726,24729,24730,24791,24789,24727,19955,15978,10877,6400,25052,9647
1	1570	25250	310,3025,10673,1182,7853,3012,4979,23334,31543,32458,3875,2323,32801,2125,32162,4012,2302,5207,12001,18230,23252,26235,18252,30877,1849,32171,834,1633,24633,2123,3991,5644,32896,8107,7493,3247,2292,1156,8225,6958,6889,8629,32468,6488,6894,8879,3755,3267,9439,9934,11024,23961,6985,4366,6025,32034,13261,31408,11717,11571,10375,9908,11240,32075,13279,31056,18361,11573,14365,15325,16044,16877,16880,9940,20614,31263,13453,17132,958,32140,18940,22747,14473,20486,19519,23453,4942,403,31377,21233,9685,2891,9588,10764,24384,24726,24729,24730,24791,24789,24727,19955,15978,10877,6400,25052,9647,25248
1	1570	25817	310,3025,10673,1182,7853,3012,4979,23334,31543,32458,3875,2323,32801,2125,32162,4012,2302,5207,12001,18230,23252,26235,18252,30877,1849,32171,834,1633,24633,2123,3991,5644,32896,8107,7493,3247,2292,1156,8225,6958,6889,8629,32468,6488,6894,8879,3755,3267,9439,9934,11024,23961,6985,4366,6025,32034,13261,31408,11717,11571,10375,9908,11240,32075,13279,31056,18361,11573,14365,15325,16044,16877,16880,9940,20614,31263,13453,17132,958,32140,18940,22747,14473,20486,19519,23453,4942,403,31377,21233,9685,2891,9588,10764,24384,24726,24729,24730,24791,24789,24727,19955,15978,10877,6400,25052,9647,25248,25250
1	1570	17570	310,3025,10673,1182,7853,3012,4979,23334,31543,32458,3875,2323,32801,2125,32162,4012,2302,5207,12001,18230,23252,26235,18252,30877,1849,32171,834,1633,24633,2123,3991,5644,32896,8107,7493,3247,2292,1156,8225,6958,6889,8629,32468,6488,6894,8879,3755,3267,9439,9934,11024,23961,6985,4366,6025,32034,13261,31408,11717,11571,10375,9908,11240,32075,13279,31056,18361,11573,14365,15325,16044,16877,16880,9940,20614,31263,13453,17132,958,32140,18940,22747,14473,20486,19519,23453,4942,403,31377,21233,9685,2891,9588,10764,24384,24726,24729,24730,24791,24789,24727,19955,15978,10877,6400,25052,9647,25248,25250,25817
0	1570	27215	310,3025,10673,1182,7853,3012,4979,23334,31543,32458,3875,2323,32801,2125,32162,4012,2302,5207,12001,18230,23252,26235,18252,30877,1849,32171,834,1633,24633,2123,3991,5644,32896,8107,7493,3247,2292,1156,8225,6958,6889,8629,32468,6488,6894,8879,3755,3267,9439,9934,11024,23961,6985,4366,6025,32034,13261,31408,11717,11571,10375,9908,11240,32075,13279,31056,18361,11573,14365,15325,16044,16877,16880,9940,20614,31263,13453,17132,958,32140,18940,22747,14473,20486,19519,23453,4942,403,31377,21233,9685,2891,9588,10764,24384,24726,24729,24730,24791,24789,24727,19955,15978,10877,6400,25052,9647,25248,25250,25817,17570
1	1570	28555	310,3025,10673,1182,7853,3012,4979,23334,31543,32458,3875,2323,32801,2125,32162,4012,2302,5207,12001,18230,23252,26235,18252,30877,1849,32171,834,1633,24633,2123,3991,5644,32896,8107,7493,3247,2292,1156,8225,6958,6889,8629,32468,6488,6894,8879,3755,3267,9439,9934,11024,23961,6985,4366,6025,32034,13261,31408,11717,11571,10375,9908,11240,32075,13279,31056,18361,11573,14365,15325,16044,16877,16880,9940,20614,31263,13453,17132,958,32140,18940,22747,14473,20486,19519,23453,4942,403,31377,21233,9685,2891,9588,10764,24384,24726,24729,24730,24791,24789,24727,19955,15978,10877,6400,25052,9647,25248,25250,25817,17570
0	1570	28886	310,3025,10673,1182,7853,3012,4979,23334,31543,32458,3875,2323,32801,2125,32162,4012,2302,5207,12001,18230,23252,26235,18252,30877,1849,32171,834,1633,24633,2123,3991,5644,32896,8107,7493,3247,2292,1156,8225,6958,6889,8629,32468,6488,6894,8879,3755,3267,9439,9934,11024,23961,6985,4366,6025,32034,13261,31408,11717,11571,10375,9908,11240,32075,13279,31056,18361,11573,14365,15325,16044,16877,16880,9940,20614,31263,13453,17132,958,32140,18940,22747,14473,20486,19519,23453,4942,403,31377,21233,9685,2891,9588,10764,24384,24726,24729,24730,24791,24789,24727,19955,15978,10877,6400,25052,9647,25248,25250,25817,17570,28555
0	1570	22607	310,3025,10673,1182,7853,3012,4979,23334,31543,32458,3875,2323,32801,2125,32162,4012,2302,5207,12001,18230,23252,26235,18252,30877,1849,32171,834,1633,24633,2123,3991,5644,32896,8107,7493,3247,2292,1156,8225,6958,6889,8629,32468,6488,6894,8879,3755,3267,9439,9934,11024,23961,6985,4366,6025,32034,13261,31408,11717,11571,10375,9908,11240,32075,13279,31056,18361,11573,14365,15325,16044,16877,16880,9940,20614,31263,13453,17132,958,32140,18940,22747,14473,20486,19519,23453,4942,403,31377,21233,9685,2891,9588,10764,24384,24726,24729,24730,24791,24789,24727,19955,15978,10877,6400,25052,9647,25248,25250,25817,17570,28555
