0	1276	31971	0
1	1276	12258	0
1	1276	3478	12258
0	1276	4525	12258,3478
0	1276	30297	12258,3478
1	1276	5585	12258,3478
1	1276	33012	12258,3478,5585
1	1276	8780	12258,3478,5585,33012
0	1276	30999	12258,3478,5585,33012,8780
1	1276	7285	12258,3478,5585,33012,8780
0	1276	9126	12258,3478,5585,33012,8780,7285
0	1276	9143	12258,3478,5585,33012,8780,7285
0	1276	9191	12258,3478,5585,33012,8780,7285
1	1276	32406	12258,3478,5585,33012,8780,7285
0	1276	9194	12258,3478,5585,33012,8780,7285,32406
0	1276	9462	12258,3478,5585,33012,8780,7285,32406
0	1276	9909	12258,3478,5585,33012,8780,7285,32406
0	1276	31364	12258,3478,5585,33012,8780,7285,32406
0	1276	13228	12258,3478,5585,33012,8780,7285,32406
0	1276	9917	12258,3478,5585,33012,8780,7285,32406
1	1276	10713	12258,3478,5585,33012,8780,7285,32406
0	1276	12291	12258,3478,5585,33012,8780,7285,32406,10713
1	1276	15904	12258,3478,5585,33012,8780,7285,32406,10713
1	1276	4519	12258,3478,5585,33012,8780,7285,32406,10713,15904
1	1276	15674	12258,3478,5585,33012,8780,7285,32406,10713,15904,4519
0	1276	18936	12258,3478,5585,33012,8780,7285,32406,10713,15904,4519,15674
1	1276	18955	12258,3478,5585,33012,8780,7285,32406,10713,15904,4519,15674
0	1276	19871	12258,3478,5585,33012,8780,7285,32406,10713,15904,4519,15674,18955
1	1276	19395	12258,3478,5585,33012,8780,7285,32406,10713,15904,4519,15674,18955
0	1276	18937	12258,3478,5585,33012,8780,7285,32406,10713,15904,4519,15674,18955,19395
0	1276	19653	12258,3478,5585,33012,8780,7285,32406,10713,15904,4519,15674,18955,19395
0	1276	22354	12258,3478,5585,33012,8780,7285,32406,10713,15904,4519,15674,18955,19395
0	1276	17677	12258,3478,5585,33012,8780,7285,32406,10713,15904,4519,15674,18955,19395
0	1276	17673	12258,3478,5585,33012,8780,7285,32406,10713,15904,4519,15674,18955,19395
0	1276	19558	12258,3478,5585,33012,8780,7285,32406,10713,15904,4519,15674,18955,19395
0	1276	22217	12258,3478,5585,33012,8780,7285,32406,10713,15904,4519,15674,18955,19395
1	1276	21573	12258,3478,5585,33012,8780,7285,32406,10713,15904,4519,15674,18955,19395
0	1276	23768	12258,3478,5585,33012,8780,7285,32406,10713,15904,4519,15674,18955,19395,21573
0	1276	15419	12258,3478,5585,33012,8780,7285,32406,10713,15904,4519,15674,18955,19395,21573
0	1276	26822	12258,3478,5585,33012,8780,7285,32406,10713,15904,4519,15674,18955,19395,21573
1	1276	28235	12258,3478,5585,33012,8780,7285,32406,10713,15904,4519,15674,18955,19395,21573
1	1276	11544	12258,3478,5585,33012,8780,7285,32406,10713,15904,4519,15674,18955,19395,21573,28235
