0	821	31568	0
0	821	611	0
0	821	31408	0
0	821	2953	0
0	821	3733	0
0	821	1645	0
0	821	1375	0
0	821	23503	0
1	821	2784	0
1	821	6853	2784
0	821	7534	2784,6853
0	821	8806	2784,6853
0	821	17384	2784,6853
1	821	6745	2784,6853
1	821	17387	2784,6853,6745
0	821	4270	2784,6853,6745,17387
1	821	11866	2784,6853,6745,17387
0	821	6608	2784,6853,6745,17387,11866
1	821	15922	2784,6853,6745,17387,11866
0	821	9109	2784,6853,6745,17387,11866,15922
1	821	10881	2784,6853,6745,17387,11866,15922
0	821	22227	2784,6853,6745,17387,11866,15922,10881
0	821	23472	2784,6853,6745,17387,11866,15922,10881
0	821	20869	2784,6853,6745,17387,11866,15922,10881
0	821	26739	2784,6853,6745,17387,11866,15922,10881
0	821	24712	2784,6853,6745,17387,11866,15922,10881
1	821	25982	2784,6853,6745,17387,11866,15922,10881
1	821	10437	2784,6853,6745,17387,11866,15922,10881,25982
1	821	22641	2784,6853,6745,17387,11866,15922,10881,25982,10437
1	821	28356	2784,6853,6745,17387,11866,15922,10881,25982,10437,22641
1	821	24106	2784,6853,6745,17387,11866,15922,10881,25982,10437,22641,28356
