1	1566	6975	0
1	1566	6449	6975
1	1566	8360	6975,6449
1	1566	6911	6975,6449,8360
1	1566	8357	6975,6449,8360,6911
1	1566	12441	6975,6449,8360,6911,8357
1	1566	22353	6975,6449,8360,6911,8357,12441
1	1566	18243	6975,6449,8360,6911,8357,12441,22353
1	1566	2620	6975,6449,8360,6911,8357,12441,22353,18243
1	1566	5425	6975,6449,8360,6911,8357,12441,22353,18243,2620
1	1566	6897	6975,6449,8360,6911,8357,12441,22353,18243,2620,5425
1	1566	14679	6975,6449,8360,6911,8357,12441,22353,18243,2620,5425,6897
1	1566	16806	6975,6449,8360,6911,8357,12441,22353,18243,2620,5425,6897,14679
1	1566	17786	6975,6449,8360,6911,8357,12441,22353,18243,2620,5425,6897,14679,16806
1	1566	31669	6975,6449,8360,6911,8357,12441,22353,18243,2620,5425,6897,14679,16806,17786
1	1566	1440	6975,6449,8360,6911,8357,12441,22353,18243,2620,5425,6897,14679,16806,17786,31669
1	1566	6485	6975,6449,8360,6911,8357,12441,22353,18243,2620,5425,6897,14679,16806,17786,31669,1440
0	1566	12794	6975,6449,8360,6911,8357,12441,22353,18243,2620,5425,6897,14679,16806,17786,31669,1440,6485
0	1566	16105	6975,6449,8360,6911,8357,12441,22353,18243,2620,5425,6897,14679,16806,17786,31669,1440,6485
1	1566	1543	6975,6449,8360,6911,8357,12441,22353,18243,2620,5425,6897,14679,16806,17786,31669,1440,6485
1	1566	1964	6975,6449,8360,6911,8357,12441,22353,18243,2620,5425,6897,14679,16806,17786,31669,1440,6485,1543
1	1566	6006	6975,6449,8360,6911,8357,12441,22353,18243,2620,5425,6897,14679,16806,17786,31669,1440,6485,1543,1964
1	1566	11390	6975,6449,8360,6911,8357,12441,22353,18243,2620,5425,6897,14679,16806,17786,31669,1440,6485,1543,1964,6006
1	1566	13204	6975,6449,8360,6911,8357,12441,22353,18243,2620,5425,6897,14679,16806,17786,31669,1440,6485,1543,1964,6006,11390
1	1566	15345	6975,6449,8360,6911,8357,12441,22353,18243,2620,5425,6897,14679,16806,17786,31669,1440,6485,1543,1964,6006,11390,13204
1	1566	19055	6975,6449,8360,6911,8357,12441,22353,18243,2620,5425,6897,14679,16806,17786,31669,1440,6485,1543,1964,6006,11390,13204,15345
1	1566	25146	6975,6449,8360,6911,8357,12441,22353,18243,2620,5425,6897,14679,16806,17786,31669,1440,6485,1543,1964,6006,11390,13204,15345,19055
1	1566	9508	6975,6449,8360,6911,8357,12441,22353,18243,2620,5425,6897,14679,16806,17786,31669,1440,6485,1543,1964,6006,11390,13204,15345,19055,25146
1	1566	21235	6975,6449,8360,6911,8357,12441,22353,18243,2620,5425,6897,14679,16806,17786,31669,1440,6485,1543,1964,6006,11390,13204,15345,19055,25146,9508
0	1566	26287	6975,6449,8360,6911,8357,12441,22353,18243,2620,5425,6897,14679,16806,17786,31669,1440,6485,1543,1964,6006,11390,13204,15345,19055,25146,9508,21235
1	1566	23398	6975,6449,8360,6911,8357,12441,22353,18243,2620,5425,6897,14679,16806,17786,31669,1440,6485,1543,1964,6006,11390,13204,15345,19055,25146,9508,21235
1	1566	26768	6975,6449,8360,6911,8357,12441,22353,18243,2620,5425,6897,14679,16806,17786,31669,1440,6485,1543,1964,6006,11390,13204,15345,19055,25146,9508,21235,23398
1	1566	9135	6975,6449,8360,6911,8357,12441,22353,18243,2620,5425,6897,14679,16806,17786,31669,1440,6485,1543,1964,6006,11390,13204,15345,19055,25146,9508,21235,23398,26768
0	1566	21150	6975,6449,8360,6911,8357,12441,22353,18243,2620,5425,6897,14679,16806,17786,31669,1440,6485,1543,1964,6006,11390,13204,15345,19055,25146,9508,21235,23398,26768,9135
1	1566	21216	6975,6449,8360,6911,8357,12441,22353,18243,2620,5425,6897,14679,16806,17786,31669,1440,6485,1543,1964,6006,11390,13204,15345,19055,25146,9508,21235,23398,26768,9135
1	1566	22293	6975,6449,8360,6911,8357,12441,22353,18243,2620,5425,6897,14679,16806,17786,31669,1440,6485,1543,1964,6006,11390,13204,15345,19055,25146,9508,21235,23398,26768,9135,21216
1	1566	22910	6975,6449,8360,6911,8357,12441,22353,18243,2620,5425,6897,14679,16806,17786,31669,1440,6485,1543,1964,6006,11390,13204,15345,19055,25146,9508,21235,23398,26768,9135,21216,22293
1	1566	22982	6975,6449,8360,6911,8357,12441,22353,18243,2620,5425,6897,14679,16806,17786,31669,1440,6485,1543,1964,6006,11390,13204,15345,19055,25146,9508,21235,23398,26768,9135,21216,22293,22910
1	1566	25645	6975,6449,8360,6911,8357,12441,22353,18243,2620,5425,6897,14679,16806,17786,31669,1440,6485,1543,1964,6006,11390,13204,15345,19055,25146,9508,21235,23398,26768,9135,21216,22293,22910,22982
1	1566	27180	6975,6449,8360,6911,8357,12441,22353,18243,2620,5425,6897,14679,16806,17786,31669,1440,6485,1543,1964,6006,11390,13204,15345,19055,25146,9508,21235,23398,26768,9135,21216,22293,22910,22982,25645
1	1566	27302	6975,6449,8360,6911,8357,12441,22353,18243,2620,5425,6897,14679,16806,17786,31669,1440,6485,1543,1964,6006,11390,13204,15345,19055,25146,9508,21235,23398,26768,9135,21216,22293,22910,22982,25645,27180
1	1566	24112	6975,6449,8360,6911,8357,12441,22353,18243,2620,5425,6897,14679,16806,17786,31669,1440,6485,1543,1964,6006,11390,13204,15345,19055,25146,9508,21235,23398,26768,9135,21216,22293,22910,22982,25645,27180,27302
1	1566	27132	6975,6449,8360,6911,8357,12441,22353,18243,2620,5425,6897,14679,16806,17786,31669,1440,6485,1543,1964,6006,11390,13204,15345,19055,25146,9508,21235,23398,26768,9135,21216,22293,22910,22982,25645,27180,27302,24112
1	1566	28017	6975,6449,8360,6911,8357,12441,22353,18243,2620,5425,6897,14679,16806,17786,31669,1440,6485,1543,1964,6006,11390,13204,15345,19055,25146,9508,21235,23398,26768,9135,21216,22293,22910,22982,25645,27180,27302,24112,27132
