0	1751	32049	0
0	1751	4021	0
0	1751	5629	0
0	1751	3085	0
0	1751	7379	0
0	1751	31178	0
0	1751	4874	0
1	1751	11242	0
0	1751	12041	11242
0	1751	11179	11242
0	1751	4567	11242
1	1751	14642	11242
0	1751	14348	11242,14642
0	1751	15811	11242,14642
0	1751	16117	11242,14642
0	1751	17891	11242,14642
0	1751	17541	11242,14642
1	1751	16262	11242,14642
0	1751	16084	11242,14642,16262
0	1751	16808	11242,14642,16262
0	1751	19251	11242,14642,16262
0	1751	17471	11242,14642,16262
1	1751	19862	11242,14642,16262
0	1751	16463	11242,14642,16262,19862
0	1751	19445	11242,14642,16262,19862
1	1751	23490	11242,14642,16262,19862
1	1751	23452	11242,14642,16262,19862,23490
0	1751	23153	11242,14642,16262,19862,23490,23452
1	1751	25802	11242,14642,16262,19862,23490,23452
0	1751	23453	11242,14642,16262,19862,23490,23452,25802
0	1751	23768	11242,14642,16262,19862,23490,23452,25802
0	1751	22432	11242,14642,16262,19862,23490,23452,25802
0	1751	27393	11242,14642,16262,19862,23490,23452,25802
0	1751	26750	11242,14642,16262,19862,23490,23452,25802
0	1751	27378	11242,14642,16262,19862,23490,23452,25802
0	1751	27965	11242,14642,16262,19862,23490,23452,25802
0	1751	28341	11242,14642,16262,19862,23490,23452,25802
1	1751	28600	11242,14642,16262,19862,23490,23452,25802
