0	1051	21350	0
1	1051	17404	0
0	1051	30811	17404
0	1051	1307	17404
0	1051	2002	17404
0	1051	1090	17404
0	1051	30925	17404
1	1051	23562	17404
0	1051	28019	17404,23562
0	1051	1859	17404,23562
0	1051	2066	17404,23562
1	1051	6346	17404,23562
0	1051	4583	17404,23562,6346
1	1051	2981	17404,23562,6346
0	1051	10194	17404,23562,6346,2981
1	1051	3267	17404,23562,6346,2981
0	1051	5941	17404,23562,6346,2981,3267
0	1051	5237	17404,23562,6346,2981,3267
0	1051	6450	17404,23562,6346,2981,3267
1	1051	6690	17404,23562,6346,2981,3267
1	1051	28888	17404,23562,6346,2981,3267,6690
0	1051	5118	17404,23562,6346,2981,3267,6690,28888
1	1051	3322	17404,23562,6346,2981,3267,6690,28888
0	1051	12783	17404,23562,6346,2981,3267,6690,28888,3322
1	1051	15852	17404,23562,6346,2981,3267,6690,28888,3322
0	1051	16107	17404,23562,6346,2981,3267,6690,28888,3322,15852
0	1051	18659	17404,23562,6346,2981,3267,6690,28888,3322,15852
1	1051	14319	17404,23562,6346,2981,3267,6690,28888,3322,15852
1	1051	8560	17404,23562,6346,2981,3267,6690,28888,3322,15852,14319
1	1051	31466	17404,23562,6346,2981,3267,6690,28888,3322,15852,14319,8560
1	1051	3173	17404,23562,6346,2981,3267,6690,28888,3322,15852,14319,8560,31466
0	1051	3307	17404,23562,6346,2981,3267,6690,28888,3322,15852,14319,8560,31466,3173
0	1051	5611	17404,23562,6346,2981,3267,6690,28888,3322,15852,14319,8560,31466,3173
1	1051	9970	17404,23562,6346,2981,3267,6690,28888,3322,15852,14319,8560,31466,3173
0	1051	11870	17404,23562,6346,2981,3267,6690,28888,3322,15852,14319,8560,31466,3173,9970
0	1051	12818	17404,23562,6346,2981,3267,6690,28888,3322,15852,14319,8560,31466,3173,9970
1	1051	12965	17404,23562,6346,2981,3267,6690,28888,3322,15852,14319,8560,31466,3173,9970
0	1051	16187	17404,23562,6346,2981,3267,6690,28888,3322,15852,14319,8560,31466,3173,9970,12965
0	1051	11354	17404,23562,6346,2981,3267,6690,28888,3322,15852,14319,8560,31466,3173,9970,12965
0	1051	12254	17404,23562,6346,2981,3267,6690,28888,3322,15852,14319,8560,31466,3173,9970,12965
0	1051	16016	17404,23562,6346,2981,3267,6690,28888,3322,15852,14319,8560,31466,3173,9970,12965
1	1051	18751	17404,23562,6346,2981,3267,6690,28888,3322,15852,14319,8560,31466,3173,9970,12965
0	1051	6672	17404,23562,6346,2981,3267,6690,28888,3322,15852,14319,8560,31466,3173,9970,12965,18751
0	1051	14795	17404,23562,6346,2981,3267,6690,28888,3322,15852,14319,8560,31466,3173,9970,12965,18751
0	1051	15500	17404,23562,6346,2981,3267,6690,28888,3322,15852,14319,8560,31466,3173,9970,12965,18751
1	1051	16127	17404,23562,6346,2981,3267,6690,28888,3322,15852,14319,8560,31466,3173,9970,12965,18751
1	1051	16238	17404,23562,6346,2981,3267,6690,28888,3322,15852,14319,8560,31466,3173,9970,12965,18751,16127
0	1051	14445	17404,23562,6346,2981,3267,6690,28888,3322,15852,14319,8560,31466,3173,9970,12965,18751,16127,16238
1	1051	22702	17404,23562,6346,2981,3267,6690,28888,3322,15852,14319,8560,31466,3173,9970,12965,18751,16127,16238
1	1051	23329	17404,23562,6346,2981,3267,6690,28888,3322,15852,14319,8560,31466,3173,9970,12965,18751,16127,16238,22702
0	1051	26929	17404,23562,6346,2981,3267,6690,28888,3322,15852,14319,8560,31466,3173,9970,12965,18751,16127,16238,22702,23329
0	1051	25206	17404,23562,6346,2981,3267,6690,28888,3322,15852,14319,8560,31466,3173,9970,12965,18751,16127,16238,22702,23329
0	1051	25892	17404,23562,6346,2981,3267,6690,28888,3322,15852,14319,8560,31466,3173,9970,12965,18751,16127,16238,22702,23329
0	1051	7074	17404,23562,6346,2981,3267,6690,28888,3322,15852,14319,8560,31466,3173,9970,12965,18751,16127,16238,22702,23329
1	1051	8447	17404,23562,6346,2981,3267,6690,28888,3322,15852,14319,8560,31466,3173,9970,12965,18751,16127,16238,22702,23329
0	1051	16786	17404,23562,6346,2981,3267,6690,28888,3322,15852,14319,8560,31466,3173,9970,12965,18751,16127,16238,22702,23329,8447
1	1051	16948	17404,23562,6346,2981,3267,6690,28888,3322,15852,14319,8560,31466,3173,9970,12965,18751,16127,16238,22702,23329,8447
1	1051	18822	17404,23562,6346,2981,3267,6690,28888,3322,15852,14319,8560,31466,3173,9970,12965,18751,16127,16238,22702,23329,8447,16948
1	1051	23143	17404,23562,6346,2981,3267,6690,28888,3322,15852,14319,8560,31466,3173,9970,12965,18751,16127,16238,22702,23329,8447,16948,18822
0	1051	26455	17404,23562,6346,2981,3267,6690,28888,3322,15852,14319,8560,31466,3173,9970,12965,18751,16127,16238,22702,23329,8447,16948,18822,23143
1	1051	2913	17404,23562,6346,2981,3267,6690,28888,3322,15852,14319,8560,31466,3173,9970,12965,18751,16127,16238,22702,23329,8447,16948,18822,23143
1	1051	26924	17404,23562,6346,2981,3267,6690,28888,3322,15852,14319,8560,31466,3173,9970,12965,18751,16127,16238,22702,23329,8447,16948,18822,23143,2913
