1	1504	1201	0
1	1504	1869	1201
1	1504	1431	1201,1869
0	1504	7957	1201,1869,1431
1	1504	22317	1201,1869,1431
1	1504	536	1201,1869,1431,22317
1	1504	6889	1201,1869,1431,22317,536
1	1504	6958	1201,1869,1431,22317,536,6889
1	1504	9690	1201,1869,1431,22317,536,6889,6958
1	1504	6762	1201,1869,1431,22317,536,6889,6958,9690
0	1504	9150	1201,1869,1431,22317,536,6889,6958,9690,6762
0	1504	9725	1201,1869,1431,22317,536,6889,6958,9690,6762
1	1504	9906	1201,1869,1431,22317,536,6889,6958,9690,6762
1	1504	11054	1201,1869,1431,22317,536,6889,6958,9690,6762,9906
0	1504	13326	1201,1869,1431,22317,536,6889,6958,9690,6762,9906,11054
0	1504	12451	1201,1869,1431,22317,536,6889,6958,9690,6762,9906,11054
1	1504	15222	1201,1869,1431,22317,536,6889,6958,9690,6762,9906,11054
1	1504	15220	1201,1869,1431,22317,536,6889,6958,9690,6762,9906,11054,15222
0	1504	15123	1201,1869,1431,22317,536,6889,6958,9690,6762,9906,11054,15222,15220
0	1504	16681	1201,1869,1431,22317,536,6889,6958,9690,6762,9906,11054,15222,15220
0	1504	17591	1201,1869,1431,22317,536,6889,6958,9690,6762,9906,11054,15222,15220
0	1504	15871	1201,1869,1431,22317,536,6889,6958,9690,6762,9906,11054,15222,15220
0	1504	13276	1201,1869,1431,22317,536,6889,6958,9690,6762,9906,11054,15222,15220
1	1504	20386	1201,1869,1431,22317,536,6889,6958,9690,6762,9906,11054,15222,15220
0	1504	18955	1201,1869,1431,22317,536,6889,6958,9690,6762,9906,11054,15222,15220,20386
1	1504	19731	1201,1869,1431,22317,536,6889,6958,9690,6762,9906,11054,15222,15220,20386
1	1504	20627	1201,1869,1431,22317,536,6889,6958,9690,6762,9906,11054,15222,15220,20386,19731
1	1504	17042	1201,1869,1431,22317,536,6889,6958,9690,6762,9906,11054,15222,15220,20386,19731,20627
0	1504	19569	1201,1869,1431,22317,536,6889,6958,9690,6762,9906,11054,15222,15220,20386,19731,20627,17042
0	1504	23757	1201,1869,1431,22317,536,6889,6958,9690,6762,9906,11054,15222,15220,20386,19731,20627,17042
0	1504	22817	1201,1869,1431,22317,536,6889,6958,9690,6762,9906,11054,15222,15220,20386,19731,20627,17042
1	1504	23451	1201,1869,1431,22317,536,6889,6958,9690,6762,9906,11054,15222,15220,20386,19731,20627,17042
0	1504	15219	1201,1869,1431,22317,536,6889,6958,9690,6762,9906,11054,15222,15220,20386,19731,20627,17042,23451
0	1504	16088	1201,1869,1431,22317,536,6889,6958,9690,6762,9906,11054,15222,15220,20386,19731,20627,17042,23451
0	1504	20088	1201,1869,1431,22317,536,6889,6958,9690,6762,9906,11054,15222,15220,20386,19731,20627,17042,23451
0	1504	4282	1201,1869,1431,22317,536,6889,6958,9690,6762,9906,11054,15222,15220,20386,19731,20627,17042,23451
1	1504	15857	1201,1869,1431,22317,536,6889,6958,9690,6762,9906,11054,15222,15220,20386,19731,20627,17042,23451
0	1504	23491	1201,1869,1431,22317,536,6889,6958,9690,6762,9906,11054,15222,15220,20386,19731,20627,17042,23451,15857
1	1504	15218	1201,1869,1431,22317,536,6889,6958,9690,6762,9906,11054,15222,15220,20386,19731,20627,17042,23451,15857
1	1504	25067	1201,1869,1431,22317,536,6889,6958,9690,6762,9906,11054,15222,15220,20386,19731,20627,17042,23451,15857,15218
0	1504	24549	1201,1869,1431,22317,536,6889,6958,9690,6762,9906,11054,15222,15220,20386,19731,20627,17042,23451,15857,15218,25067
0	1504	20456	1201,1869,1431,22317,536,6889,6958,9690,6762,9906,11054,15222,15220,20386,19731,20627,17042,23451,15857,15218,25067
0	1504	23598	1201,1869,1431,22317,536,6889,6958,9690,6762,9906,11054,15222,15220,20386,19731,20627,17042,23451,15857,15218,25067
1	1504	21225	1201,1869,1431,22317,536,6889,6958,9690,6762,9906,11054,15222,15220,20386,19731,20627,17042,23451,15857,15218,25067
0	1504	19942	1201,1869,1431,22317,536,6889,6958,9690,6762,9906,11054,15222,15220,20386,19731,20627,17042,23451,15857,15218,25067,21225
0	1504	26881	1201,1869,1431,22317,536,6889,6958,9690,6762,9906,11054,15222,15220,20386,19731,20627,17042,23451,15857,15218,25067,21225
0	1504	25890	1201,1869,1431,22317,536,6889,6958,9690,6762,9906,11054,15222,15220,20386,19731,20627,17042,23451,15857,15218,25067,21225
1	1504	837	1201,1869,1431,22317,536,6889,6958,9690,6762,9906,11054,15222,15220,20386,19731,20627,17042,23451,15857,15218,25067,21225
0	1504	25418	1201,1869,1431,22317,536,6889,6958,9690,6762,9906,11054,15222,15220,20386,19731,20627,17042,23451,15857,15218,25067,21225,837
1	1504	10601	1201,1869,1431,22317,536,6889,6958,9690,6762,9906,11054,15222,15220,20386,19731,20627,17042,23451,15857,15218,25067,21225,837
1	1504	26941	1201,1869,1431,22317,536,6889,6958,9690,6762,9906,11054,15222,15220,20386,19731,20627,17042,23451,15857,15218,25067,21225,837,10601
1	1504	14497	1201,1869,1431,22317,536,6889,6958,9690,6762,9906,11054,15222,15220,20386,19731,20627,17042,23451,15857,15218,25067,21225,837,10601,26941
1	1504	28892	1201,1869,1431,22317,536,6889,6958,9690,6762,9906,11054,15222,15220,20386,19731,20627,17042,23451,15857,15218,25067,21225,837,10601,26941,14497
0	1504	28722	1201,1869,1431,22317,536,6889,6958,9690,6762,9906,11054,15222,15220,20386,19731,20627,17042,23451,15857,15218,25067,21225,837,10601,26941,14497,28892
