1	1737	30932	0
1	1737	32822	30932
1	1737	740	30932,32822
1	1737	32117	30932,32822,740
0	1737	811	30932,32822,740,32117
1	1737	32173	30932,32822,740,32117
1	1737	17244	30932,32822,740,32117,32173
1	1737	1360	30932,32822,740,32117,32173,17244
0	1737	32665	30932,32822,740,32117,32173,17244,1360
1	1737	4814	30932,32822,740,32117,32173,17244,1360
1	1737	6556	30932,32822,740,32117,32173,17244,1360,4814
1	1737	10175	30932,32822,740,32117,32173,17244,1360,4814,6556
0	1737	9855	30932,32822,740,32117,32173,17244,1360,4814,6556,10175
0	1737	2764	30932,32822,740,32117,32173,17244,1360,4814,6556,10175
1	1737	9805	30932,32822,740,32117,32173,17244,1360,4814,6556,10175
0	1737	1034	30932,32822,740,32117,32173,17244,1360,4814,6556,10175,9805
1	1737	17292	30932,32822,740,32117,32173,17244,1360,4814,6556,10175,9805
1	1737	30849	30932,32822,740,32117,32173,17244,1360,4814,6556,10175,9805,17292
0	1737	19111	30932,32822,740,32117,32173,17244,1360,4814,6556,10175,9805,17292,30849
0	1737	10194	30932,32822,740,32117,32173,17244,1360,4814,6556,10175,9805,17292,30849
0	1737	5134	30932,32822,740,32117,32173,17244,1360,4814,6556,10175,9805,17292,30849
0	1737	24071	30932,32822,740,32117,32173,17244,1360,4814,6556,10175,9805,17292,30849
0	1737	33084	30932,32822,740,32117,32173,17244,1360,4814,6556,10175,9805,17292,30849
1	1737	2760	30932,32822,740,32117,32173,17244,1360,4814,6556,10175,9805,17292,30849
0	1737	966	30932,32822,740,32117,32173,17244,1360,4814,6556,10175,9805,17292,30849,2760
1	1737	387	30932,32822,740,32117,32173,17244,1360,4814,6556,10175,9805,17292,30849,2760
1	1737	31025	30932,32822,740,32117,32173,17244,1360,4814,6556,10175,9805,17292,30849,2760,387
0	1737	2643	30932,32822,740,32117,32173,17244,1360,4814,6556,10175,9805,17292,30849,2760,387,31025
1	1737	9714	30932,32822,740,32117,32173,17244,1360,4814,6556,10175,9805,17292,30849,2760,387,31025
1	1737	4062	30932,32822,740,32117,32173,17244,1360,4814,6556,10175,9805,17292,30849,2760,387,31025,9714
1	1737	13940	30932,32822,740,32117,32173,17244,1360,4814,6556,10175,9805,17292,30849,2760,387,31025,9714,4062
0	1737	180	30932,32822,740,32117,32173,17244,1360,4814,6556,10175,9805,17292,30849,2760,387,31025,9714,4062,13940
1	1737	8464	30932,32822,740,32117,32173,17244,1360,4814,6556,10175,9805,17292,30849,2760,387,31025,9714,4062,13940
0	1737	9908	30932,32822,740,32117,32173,17244,1360,4814,6556,10175,9805,17292,30849,2760,387,31025,9714,4062,13940,8464
0	1737	14610	30932,32822,740,32117,32173,17244,1360,4814,6556,10175,9805,17292,30849,2760,387,31025,9714,4062,13940,8464
1	1737	5059	30932,32822,740,32117,32173,17244,1360,4814,6556,10175,9805,17292,30849,2760,387,31025,9714,4062,13940,8464
0	1737	17872	30932,32822,740,32117,32173,17244,1360,4814,6556,10175,9805,17292,30849,2760,387,31025,9714,4062,13940,8464,5059
0	1737	13139	30932,32822,740,32117,32173,17244,1360,4814,6556,10175,9805,17292,30849,2760,387,31025,9714,4062,13940,8464,5059
0	1737	18428	30932,32822,740,32117,32173,17244,1360,4814,6556,10175,9805,17292,30849,2760,387,31025,9714,4062,13940,8464,5059
0	1737	13792	30932,32822,740,32117,32173,17244,1360,4814,6556,10175,9805,17292,30849,2760,387,31025,9714,4062,13940,8464,5059
1	1737	18558	30932,32822,740,32117,32173,17244,1360,4814,6556,10175,9805,17292,30849,2760,387,31025,9714,4062,13940,8464,5059
1	1737	14226	30932,32822,740,32117,32173,17244,1360,4814,6556,10175,9805,17292,30849,2760,387,31025,9714,4062,13940,8464,5059,18558
0	1737	7807	30932,32822,740,32117,32173,17244,1360,4814,6556,10175,9805,17292,30849,2760,387,31025,9714,4062,13940,8464,5059,18558,14226
0	1737	7839	30932,32822,740,32117,32173,17244,1360,4814,6556,10175,9805,17292,30849,2760,387,31025,9714,4062,13940,8464,5059,18558,14226
0	1737	5793	30932,32822,740,32117,32173,17244,1360,4814,6556,10175,9805,17292,30849,2760,387,31025,9714,4062,13940,8464,5059,18558,14226
0	1737	15732	30932,32822,740,32117,32173,17244,1360,4814,6556,10175,9805,17292,30849,2760,387,31025,9714,4062,13940,8464,5059,18558,14226
0	1737	19015	30932,32822,740,32117,32173,17244,1360,4814,6556,10175,9805,17292,30849,2760,387,31025,9714,4062,13940,8464,5059,18558,14226
1	1737	15574	30932,32822,740,32117,32173,17244,1360,4814,6556,10175,9805,17292,30849,2760,387,31025,9714,4062,13940,8464,5059,18558,14226
0	1737	19236	30932,32822,740,32117,32173,17244,1360,4814,6556,10175,9805,17292,30849,2760,387,31025,9714,4062,13940,8464,5059,18558,14226,15574
1	1737	6519	30932,32822,740,32117,32173,17244,1360,4814,6556,10175,9805,17292,30849,2760,387,31025,9714,4062,13940,8464,5059,18558,14226,15574
0	1737	10824	30932,32822,740,32117,32173,17244,1360,4814,6556,10175,9805,17292,30849,2760,387,31025,9714,4062,13940,8464,5059,18558,14226,15574,6519
0	1737	31931	30932,32822,740,32117,32173,17244,1360,4814,6556,10175,9805,17292,30849,2760,387,31025,9714,4062,13940,8464,5059,18558,14226,15574,6519
1	1737	16217	30932,32822,740,32117,32173,17244,1360,4814,6556,10175,9805,17292,30849,2760,387,31025,9714,4062,13940,8464,5059,18558,14226,15574,6519
0	1737	14188	30932,32822,740,32117,32173,17244,1360,4814,6556,10175,9805,17292,30849,2760,387,31025,9714,4062,13940,8464,5059,18558,14226,15574,6519,16217
1	1737	12769	30932,32822,740,32117,32173,17244,1360,4814,6556,10175,9805,17292,30849,2760,387,31025,9714,4062,13940,8464,5059,18558,14226,15574,6519,16217
0	1737	17677	30932,32822,740,32117,32173,17244,1360,4814,6556,10175,9805,17292,30849,2760,387,31025,9714,4062,13940,8464,5059,18558,14226,15574,6519,16217,12769
1	1737	21640	30932,32822,740,32117,32173,17244,1360,4814,6556,10175,9805,17292,30849,2760,387,31025,9714,4062,13940,8464,5059,18558,14226,15574,6519,16217,12769
0	1737	24251	30932,32822,740,32117,32173,17244,1360,4814,6556,10175,9805,17292,30849,2760,387,31025,9714,4062,13940,8464,5059,18558,14226,15574,6519,16217,12769,21640
0	1737	24399	30932,32822,740,32117,32173,17244,1360,4814,6556,10175,9805,17292,30849,2760,387,31025,9714,4062,13940,8464,5059,18558,14226,15574,6519,16217,12769,21640
0	1737	24668	30932,32822,740,32117,32173,17244,1360,4814,6556,10175,9805,17292,30849,2760,387,31025,9714,4062,13940,8464,5059,18558,14226,15574,6519,16217,12769,21640
1	1737	25006	30932,32822,740,32117,32173,17244,1360,4814,6556,10175,9805,17292,30849,2760,387,31025,9714,4062,13940,8464,5059,18558,14226,15574,6519,16217,12769,21640
0	1737	24191	30932,32822,740,32117,32173,17244,1360,4814,6556,10175,9805,17292,30849,2760,387,31025,9714,4062,13940,8464,5059,18558,14226,15574,6519,16217,12769,21640,25006
0	1737	19403	30932,32822,740,32117,32173,17244,1360,4814,6556,10175,9805,17292,30849,2760,387,31025,9714,4062,13940,8464,5059,18558,14226,15574,6519,16217,12769,21640,25006
1	1737	18785	30932,32822,740,32117,32173,17244,1360,4814,6556,10175,9805,17292,30849,2760,387,31025,9714,4062,13940,8464,5059,18558,14226,15574,6519,16217,12769,21640,25006
0	1737	9824	30932,32822,740,32117,32173,17244,1360,4814,6556,10175,9805,17292,30849,2760,387,31025,9714,4062,13940,8464,5059,18558,14226,15574,6519,16217,12769,21640,25006,18785
1	1737	24807	30932,32822,740,32117,32173,17244,1360,4814,6556,10175,9805,17292,30849,2760,387,31025,9714,4062,13940,8464,5059,18558,14226,15574,6519,16217,12769,21640,25006,18785
0	1737	25085	30932,32822,740,32117,32173,17244,1360,4814,6556,10175,9805,17292,30849,2760,387,31025,9714,4062,13940,8464,5059,18558,14226,15574,6519,16217,12769,21640,25006,18785,24807
0	1737	24458	30932,32822,740,32117,32173,17244,1360,4814,6556,10175,9805,17292,30849,2760,387,31025,9714,4062,13940,8464,5059,18558,14226,15574,6519,16217,12769,21640,25006,18785,24807
1	1737	6940	30932,32822,740,32117,32173,17244,1360,4814,6556,10175,9805,17292,30849,2760,387,31025,9714,4062,13940,8464,5059,18558,14226,15574,6519,16217,12769,21640,25006,18785,24807
0	1737	23820	30932,32822,740,32117,32173,17244,1360,4814,6556,10175,9805,17292,30849,2760,387,31025,9714,4062,13940,8464,5059,18558,14226,15574,6519,16217,12769,21640,25006,18785,24807,6940
0	1737	26936	30932,32822,740,32117,32173,17244,1360,4814,6556,10175,9805,17292,30849,2760,387,31025,9714,4062,13940,8464,5059,18558,14226,15574,6519,16217,12769,21640,25006,18785,24807,6940
1	1737	17334	30932,32822,740,32117,32173,17244,1360,4814,6556,10175,9805,17292,30849,2760,387,31025,9714,4062,13940,8464,5059,18558,14226,15574,6519,16217,12769,21640,25006,18785,24807,6940
1	1737	26036	30932,32822,740,32117,32173,17244,1360,4814,6556,10175,9805,17292,30849,2760,387,31025,9714,4062,13940,8464,5059,18558,14226,15574,6519,16217,12769,21640,25006,18785,24807,6940,17334
0	1737	22890	30932,32822,740,32117,32173,17244,1360,4814,6556,10175,9805,17292,30849,2760,387,31025,9714,4062,13940,8464,5059,18558,14226,15574,6519,16217,12769,21640,25006,18785,24807,6940,17334,26036
1	1737	20172	30932,32822,740,32117,32173,17244,1360,4814,6556,10175,9805,17292,30849,2760,387,31025,9714,4062,13940,8464,5059,18558,14226,15574,6519,16217,12769,21640,25006,18785,24807,6940,17334,26036
0	1737	27429	30932,32822,740,32117,32173,17244,1360,4814,6556,10175,9805,17292,30849,2760,387,31025,9714,4062,13940,8464,5059,18558,14226,15574,6519,16217,12769,21640,25006,18785,24807,6940,17334,26036,20172
0	1737	23599	30932,32822,740,32117,32173,17244,1360,4814,6556,10175,9805,17292,30849,2760,387,31025,9714,4062,13940,8464,5059,18558,14226,15574,6519,16217,12769,21640,25006,18785,24807,6940,17334,26036,20172
0	1737	22900	30932,32822,740,32117,32173,17244,1360,4814,6556,10175,9805,17292,30849,2760,387,31025,9714,4062,13940,8464,5059,18558,14226,15574,6519,16217,12769,21640,25006,18785,24807,6940,17334,26036,20172
0	1737	21166	30932,32822,740,32117,32173,17244,1360,4814,6556,10175,9805,17292,30849,2760,387,31025,9714,4062,13940,8464,5059,18558,14226,15574,6519,16217,12769,21640,25006,18785,24807,6940,17334,26036,20172
1	1737	23226	30932,32822,740,32117,32173,17244,1360,4814,6556,10175,9805,17292,30849,2760,387,31025,9714,4062,13940,8464,5059,18558,14226,15574,6519,16217,12769,21640,25006,18785,24807,6940,17334,26036,20172
1	1737	26072	30932,32822,740,32117,32173,17244,1360,4814,6556,10175,9805,17292,30849,2760,387,31025,9714,4062,13940,8464,5059,18558,14226,15574,6519,16217,12769,21640,25006,18785,24807,6940,17334,26036,20172,23226
1	1737	27585	30932,32822,740,32117,32173,17244,1360,4814,6556,10175,9805,17292,30849,2760,387,31025,9714,4062,13940,8464,5059,18558,14226,15574,6519,16217,12769,21640,25006,18785,24807,6940,17334,26036,20172,23226,26072
0	1737	26945	30932,32822,740,32117,32173,17244,1360,4814,6556,10175,9805,17292,30849,2760,387,31025,9714,4062,13940,8464,5059,18558,14226,15574,6519,16217,12769,21640,25006,18785,24807,6940,17334,26036,20172,23226,26072,27585
0	1737	22022	30932,32822,740,32117,32173,17244,1360,4814,6556,10175,9805,17292,30849,2760,387,31025,9714,4062,13940,8464,5059,18558,14226,15574,6519,16217,12769,21640,25006,18785,24807,6940,17334,26036,20172,23226,26072,27585
0	1737	25744	30932,32822,740,32117,32173,17244,1360,4814,6556,10175,9805,17292,30849,2760,387,31025,9714,4062,13940,8464,5059,18558,14226,15574,6519,16217,12769,21640,25006,18785,24807,6940,17334,26036,20172,23226,26072,27585
0	1737	28318	30932,32822,740,32117,32173,17244,1360,4814,6556,10175,9805,17292,30849,2760,387,31025,9714,4062,13940,8464,5059,18558,14226,15574,6519,16217,12769,21640,25006,18785,24807,6940,17334,26036,20172,23226,26072,27585
1	1737	23317	30932,32822,740,32117,32173,17244,1360,4814,6556,10175,9805,17292,30849,2760,387,31025,9714,4062,13940,8464,5059,18558,14226,15574,6519,16217,12769,21640,25006,18785,24807,6940,17334,26036,20172,23226,26072,27585
0	1737	20691	30932,32822,740,32117,32173,17244,1360,4814,6556,10175,9805,17292,30849,2760,387,31025,9714,4062,13940,8464,5059,18558,14226,15574,6519,16217,12769,21640,25006,18785,24807,6940,17334,26036,20172,23226,26072,27585,23317
0	1737	28879	30932,32822,740,32117,32173,17244,1360,4814,6556,10175,9805,17292,30849,2760,387,31025,9714,4062,13940,8464,5059,18558,14226,15574,6519,16217,12769,21640,25006,18785,24807,6940,17334,26036,20172,23226,26072,27585,23317
0	1737	28706	30932,32822,740,32117,32173,17244,1360,4814,6556,10175,9805,17292,30849,2760,387,31025,9714,4062,13940,8464,5059,18558,14226,15574,6519,16217,12769,21640,25006,18785,24807,6940,17334,26036,20172,23226,26072,27585,23317
1	1737	12451	30932,32822,740,32117,32173,17244,1360,4814,6556,10175,9805,17292,30849,2760,387,31025,9714,4062,13940,8464,5059,18558,14226,15574,6519,16217,12769,21640,25006,18785,24807,6940,17334,26036,20172,23226,26072,27585,23317
0	1737	16427	30932,32822,740,32117,32173,17244,1360,4814,6556,10175,9805,17292,30849,2760,387,31025,9714,4062,13940,8464,5059,18558,14226,15574,6519,16217,12769,21640,25006,18785,24807,6940,17334,26036,20172,23226,26072,27585,23317,12451
1	1737	28429	30932,32822,740,32117,32173,17244,1360,4814,6556,10175,9805,17292,30849,2760,387,31025,9714,4062,13940,8464,5059,18558,14226,15574,6519,16217,12769,21640,25006,18785,24807,6940,17334,26036,20172,23226,26072,27585,23317,12451
0	1737	28905	30932,32822,740,32117,32173,17244,1360,4814,6556,10175,9805,17292,30849,2760,387,31025,9714,4062,13940,8464,5059,18558,14226,15574,6519,16217,12769,21640,25006,18785,24807,6940,17334,26036,20172,23226,26072,27585,23317,12451,28429
1	1737	17739	30932,32822,740,32117,32173,17244,1360,4814,6556,10175,9805,17292,30849,2760,387,31025,9714,4062,13940,8464,5059,18558,14226,15574,6519,16217,12769,21640,25006,18785,24807,6940,17334,26036,20172,23226,26072,27585,23317,12451,28429
1	1737	27865	30932,32822,740,32117,32173,17244,1360,4814,6556,10175,9805,17292,30849,2760,387,31025,9714,4062,13940,8464,5059,18558,14226,15574,6519,16217,12769,21640,25006,18785,24807,6940,17334,26036,20172,23226,26072,27585,23317,12451,28429,17739
0	1737	24225	30932,32822,740,32117,32173,17244,1360,4814,6556,10175,9805,17292,30849,2760,387,31025,9714,4062,13940,8464,5059,18558,14226,15574,6519,16217,12769,21640,25006,18785,24807,6940,17334,26036,20172,23226,26072,27585,23317,12451,28429,17739,27865
