0	1402	16324	0
1	1402	17654	0
0	1402	4532	17654
0	1402	5578	17654
0	1402	4773	17654
1	1402	1787	17654
0	1402	4989	17654,1787
0	1402	7041	17654,1787
1	1402	6333	17654,1787
1	1402	6320	17654,1787,6333
0	1402	1879	17654,1787,6333,6320
0	1402	8527	17654,1787,6333,6320
0	1402	8339	17654,1787,6333,6320
1	1402	6958	17654,1787,6333,6320
0	1402	7787	17654,1787,6333,6320,6958
1	1402	21232	17654,1787,6333,6320,6958
1	1402	8843	17654,1787,6333,6320,6958,21232
0	1402	9428	17654,1787,6333,6320,6958,21232,8843
1	1402	11736	17654,1787,6333,6320,6958,21232,8843
0	1402	14181	17654,1787,6333,6320,6958,21232,8843,11736
0	1402	13801	17654,1787,6333,6320,6958,21232,8843,11736
0	1402	12105	17654,1787,6333,6320,6958,21232,8843,11736
0	1402	14494	17654,1787,6333,6320,6958,21232,8843,11736
0	1402	12525	17654,1787,6333,6320,6958,21232,8843,11736
1	1402	17168	17654,1787,6333,6320,6958,21232,8843,11736
0	1402	13853	17654,1787,6333,6320,6958,21232,8843,11736,17168
1	1402	13688	17654,1787,6333,6320,6958,21232,8843,11736,17168
1	1402	16455	17654,1787,6333,6320,6958,21232,8843,11736,17168,13688
1	1402	15602	17654,1787,6333,6320,6958,21232,8843,11736,17168,13688,16455
0	1402	19627	17654,1787,6333,6320,6958,21232,8843,11736,17168,13688,16455,15602
1	1402	19365	17654,1787,6333,6320,6958,21232,8843,11736,17168,13688,16455,15602
0	1402	20443	17654,1787,6333,6320,6958,21232,8843,11736,17168,13688,16455,15602,19365
0	1402	14463	17654,1787,6333,6320,6958,21232,8843,11736,17168,13688,16455,15602,19365
0	1402	21515	17654,1787,6333,6320,6958,21232,8843,11736,17168,13688,16455,15602,19365
0	1402	22539	17654,1787,6333,6320,6958,21232,8843,11736,17168,13688,16455,15602,19365
1	1402	23453	17654,1787,6333,6320,6958,21232,8843,11736,17168,13688,16455,15602,19365
0	1402	25524	17654,1787,6333,6320,6958,21232,8843,11736,17168,13688,16455,15602,19365,23453
0	1402	24569	17654,1787,6333,6320,6958,21232,8843,11736,17168,13688,16455,15602,19365,23453
0	1402	7051	17654,1787,6333,6320,6958,21232,8843,11736,17168,13688,16455,15602,19365,23453
1	1402	10601	17654,1787,6333,6320,6958,21232,8843,11736,17168,13688,16455,15602,19365,23453
0	1402	25418	17654,1787,6333,6320,6958,21232,8843,11736,17168,13688,16455,15602,19365,23453,10601
0	1402	24362	17654,1787,6333,6320,6958,21232,8843,11736,17168,13688,16455,15602,19365,23453,10601
0	1402	24459	17654,1787,6333,6320,6958,21232,8843,11736,17168,13688,16455,15602,19365,23453,10601
0	1402	19689	17654,1787,6333,6320,6958,21232,8843,11736,17168,13688,16455,15602,19365,23453,10601
0	1402	23760	17654,1787,6333,6320,6958,21232,8843,11736,17168,13688,16455,15602,19365,23453,10601
0	1402	23768	17654,1787,6333,6320,6958,21232,8843,11736,17168,13688,16455,15602,19365,23453,10601
1	1402	9647	17654,1787,6333,6320,6958,21232,8843,11736,17168,13688,16455,15602,19365,23453,10601
1	1402	24048	17654,1787,6333,6320,6958,21232,8843,11736,17168,13688,16455,15602,19365,23453,10601,9647
0	1402	28034	17654,1787,6333,6320,6958,21232,8843,11736,17168,13688,16455,15602,19365,23453,10601,9647,24048
1	1402	14497	17654,1787,6333,6320,6958,21232,8843,11736,17168,13688,16455,15602,19365,23453,10601,9647,24048
0	1402	25738	17654,1787,6333,6320,6958,21232,8843,11736,17168,13688,16455,15602,19365,23453,10601,9647,24048,14497
