0	1838	1289	0
0	1838	9038	0
1	1838	20482	0
0	1838	1320	20482
1	1838	5080	20482
0	1838	18799	20482,5080
0	1838	9351	20482,5080
1	1838	32441	20482,5080
1	1838	8730	20482,5080,32441
0	1838	30055	20482,5080,32441,8730
0	1838	23092	20482,5080,32441,8730
0	1838	16986	20482,5080,32441,8730
0	1838	33052	20482,5080,32441,8730
0	1838	3443	20482,5080,32441,8730
0	1838	3444	20482,5080,32441,8730
0	1838	3449	20482,5080,32441,8730
0	1838	17327	20482,5080,32441,8730
1	1838	23435	20482,5080,32441,8730
1	1838	8404	20482,5080,32441,8730,23435
0	1838	21380	20482,5080,32441,8730,23435,8404
1	1838	26956	20482,5080,32441,8730,23435,8404
1	1838	513	20482,5080,32441,8730,23435,8404,26956
1	1838	21767	20482,5080,32441,8730,23435,8404,26956,513
1	1838	7496	20482,5080,32441,8730,23435,8404,26956,513,21767
1	1838	14719	20482,5080,32441,8730,23435,8404,26956,513,21767,7496
1	1838	3823	20482,5080,32441,8730,23435,8404,26956,513,21767,7496,14719
1	1838	24495	20482,5080,32441,8730,23435,8404,26956,513,21767,7496,14719,3823
1	1838	18324	20482,5080,32441,8730,23435,8404,26956,513,21767,7496,14719,3823,24495
