1	471	13659	0
1	471	6556	13659
1	471	13564	13659,6556
1	471	6743	13659,6556,13564
0	471	17032	13659,6556,13564,6743
1	471	18441	13659,6556,13564,6743
1	471	10831	13659,6556,13564,6743,18441
0	471	16622	13659,6556,13564,6743,18441,10831
1	471	3648	13659,6556,13564,6743,18441,10831
1	471	32229	13659,6556,13564,6743,18441,10831,3648
1	471	3193	13659,6556,13564,6743,18441,10831,3648,32229
1	471	32741	13659,6556,13564,6743,18441,10831,3648,32229,3193
1	471	22934	13659,6556,13564,6743,18441,10831,3648,32229,3193,32741
1	471	9685	13659,6556,13564,6743,18441,10831,3648,32229,3193,32741,22934
1	471	4663	13659,6556,13564,6743,18441,10831,3648,32229,3193,32741,22934,9685
0	471	6548	13659,6556,13564,6743,18441,10831,3648,32229,3193,32741,22934,9685,4663
1	471	15901	13659,6556,13564,6743,18441,10831,3648,32229,3193,32741,22934,9685,4663
1	471	9967	13659,6556,13564,6743,18441,10831,3648,32229,3193,32741,22934,9685,4663,15901
1	471	23829	13659,6556,13564,6743,18441,10831,3648,32229,3193,32741,22934,9685,4663,15901,9967
1	471	4921	13659,6556,13564,6743,18441,10831,3648,32229,3193,32741,22934,9685,4663,15901,9967,23829
0	471	5372	13659,6556,13564,6743,18441,10831,3648,32229,3193,32741,22934,9685,4663,15901,9967,23829,4921
1	471	6021	13659,6556,13564,6743,18441,10831,3648,32229,3193,32741,22934,9685,4663,15901,9967,23829,4921
1	471	15062	13659,6556,13564,6743,18441,10831,3648,32229,3193,32741,22934,9685,4663,15901,9967,23829,4921,6021
1	471	15347	13659,6556,13564,6743,18441,10831,3648,32229,3193,32741,22934,9685,4663,15901,9967,23829,4921,6021,15062
1	471	2183	13659,6556,13564,6743,18441,10831,3648,32229,3193,32741,22934,9685,4663,15901,9967,23829,4921,6021,15062,15347
1	471	32851	13659,6556,13564,6743,18441,10831,3648,32229,3193,32741,22934,9685,4663,15901,9967,23829,4921,6021,15062,15347,2183
1	471	6860	13659,6556,13564,6743,18441,10831,3648,32229,3193,32741,22934,9685,4663,15901,9967,23829,4921,6021,15062,15347,2183,32851
1	471	11306	13659,6556,13564,6743,18441,10831,3648,32229,3193,32741,22934,9685,4663,15901,9967,23829,4921,6021,15062,15347,2183,32851,6860
1	471	31669	13659,6556,13564,6743,18441,10831,3648,32229,3193,32741,22934,9685,4663,15901,9967,23829,4921,6021,15062,15347,2183,32851,6860,11306
0	471	24119	13659,6556,13564,6743,18441,10831,3648,32229,3193,32741,22934,9685,4663,15901,9967,23829,4921,6021,15062,15347,2183,32851,6860,11306,31669
1	471	20980	13659,6556,13564,6743,18441,10831,3648,32229,3193,32741,22934,9685,4663,15901,9967,23829,4921,6021,15062,15347,2183,32851,6860,11306,31669
0	471	11863	13659,6556,13564,6743,18441,10831,3648,32229,3193,32741,22934,9685,4663,15901,9967,23829,4921,6021,15062,15347,2183,32851,6860,11306,31669,20980
1	471	27203	13659,6556,13564,6743,18441,10831,3648,32229,3193,32741,22934,9685,4663,15901,9967,23829,4921,6021,15062,15347,2183,32851,6860,11306,31669,20980
1	471	11365	13659,6556,13564,6743,18441,10831,3648,32229,3193,32741,22934,9685,4663,15901,9967,23829,4921,6021,15062,15347,2183,32851,6860,11306,31669,20980,27203
1	471	18376	13659,6556,13564,6743,18441,10831,3648,32229,3193,32741,22934,9685,4663,15901,9967,23829,4921,6021,15062,15347,2183,32851,6860,11306,31669,20980,27203,11365
