0	1131	32785	0
0	1131	6960	0
0	1131	6958	0
0	1131	9161	0
0	1131	10739	0
0	1131	8729	0
0	1131	11126	0
0	1131	14308	0
1	1131	14658	0
0	1131	15211	14658
0	1131	16628	14658
0	1131	10935	14658
0	1131	17168	14658
0	1131	5106	14658
0	1131	17414	14658
1	1131	15218	14658
1	1131	1511	14658,15218
1	1131	18807	14658,15218,1511
1	1131	8924	14658,15218,1511,18807
1	1131	20442	14658,15218,1511,18807,8924
0	1131	21273	14658,15218,1511,18807,8924,20442
0	1131	19376	14658,15218,1511,18807,8924,20442
0	1131	21241	14658,15218,1511,18807,8924,20442
1	1131	22967	14658,15218,1511,18807,8924,20442
0	1131	11869	14658,15218,1511,18807,8924,20442,22967
1	1131	6573	14658,15218,1511,18807,8924,20442,22967
1	1131	8246	14658,15218,1511,18807,8924,20442,22967,6573
0	1131	25069	14658,15218,1511,18807,8924,20442,22967,6573,8246
0	1131	837	14658,15218,1511,18807,8924,20442,22967,6573,8246
1	1131	22784	14658,15218,1511,18807,8924,20442,22967,6573,8246
0	1131	23760	14658,15218,1511,18807,8924,20442,22967,6573,8246,22784
0	1131	26230	14658,15218,1511,18807,8924,20442,22967,6573,8246,22784
0	1131	18843	14658,15218,1511,18807,8924,20442,22967,6573,8246,22784
1	1131	27326	14658,15218,1511,18807,8924,20442,22967,6573,8246,22784
0	1131	28066	14658,15218,1511,18807,8924,20442,22967,6573,8246,22784,27326
0	1131	16807	14658,15218,1511,18807,8924,20442,22967,6573,8246,22784,27326
0	1131	27831	14658,15218,1511,18807,8924,20442,22967,6573,8246,22784,27326
0	1131	28633	14658,15218,1511,18807,8924,20442,22967,6573,8246,22784,27326
0	1131	27625	14658,15218,1511,18807,8924,20442,22967,6573,8246,22784,27326
0	1131	11544	14658,15218,1511,18807,8924,20442,22967,6573,8246,22784,27326
0	1131	28594	14658,15218,1511,18807,8924,20442,22967,6573,8246,22784,27326
0	1131	1929	14658,15218,1511,18807,8924,20442,22967,6573,8246,22784,27326
