1	737	7279	0
1	737	10828	7279
1	737	10983	7279,10828
1	737	9721	7279,10828,10983
1	737	11923	7279,10828,10983,9721
1	737	9909	7279,10828,10983,9721,11923
1	737	13326	7279,10828,10983,9721,11923,9909
1	737	10555	7279,10828,10983,9721,11923,9909,13326
0	737	8214	7279,10828,10983,9721,11923,9909,13326,10555
1	737	11573	7279,10828,10983,9721,11923,9909,13326,10555
1	737	15521	7279,10828,10983,9721,11923,9909,13326,10555,11573
0	737	16799	7279,10828,10983,9721,11923,9909,13326,10555,11573,15521
0	737	15860	7279,10828,10983,9721,11923,9909,13326,10555,11573,15521
1	737	17657	7279,10828,10983,9721,11923,9909,13326,10555,11573,15521
0	737	21525	7279,10828,10983,9721,11923,9909,13326,10555,11573,15521,17657
0	737	20618	7279,10828,10983,9721,11923,9909,13326,10555,11573,15521,17657
1	737	22140	7279,10828,10983,9721,11923,9909,13326,10555,11573,15521,17657
1	737	18964	7279,10828,10983,9721,11923,9909,13326,10555,11573,15521,17657,22140
1	737	23102	7279,10828,10983,9721,11923,9909,13326,10555,11573,15521,17657,22140,18964
1	737	16161	7279,10828,10983,9721,11923,9909,13326,10555,11573,15521,17657,22140,18964,23102
1	737	24037	7279,10828,10983,9721,11923,9909,13326,10555,11573,15521,17657,22140,18964,23102,16161
1	737	21366	7279,10828,10983,9721,11923,9909,13326,10555,11573,15521,17657,22140,18964,23102,16161,24037
1	737	25183	7279,10828,10983,9721,11923,9909,13326,10555,11573,15521,17657,22140,18964,23102,16161,24037,21366
1	737	20088	7279,10828,10983,9721,11923,9909,13326,10555,11573,15521,17657,22140,18964,23102,16161,24037,21366,25183
1	737	22111	7279,10828,10983,9721,11923,9909,13326,10555,11573,15521,17657,22140,18964,23102,16161,24037,21366,25183,20088
1	737	24929	7279,10828,10983,9721,11923,9909,13326,10555,11573,15521,17657,22140,18964,23102,16161,24037,21366,25183,20088,22111
1	737	25226	7279,10828,10983,9721,11923,9909,13326,10555,11573,15521,17657,22140,18964,23102,16161,24037,21366,25183,20088,22111,24929
1	737	25990	7279,10828,10983,9721,11923,9909,13326,10555,11573,15521,17657,22140,18964,23102,16161,24037,21366,25183,20088,22111,24929,25226
1	737	26471	7279,10828,10983,9721,11923,9909,13326,10555,11573,15521,17657,22140,18964,23102,16161,24037,21366,25183,20088,22111,24929,25226,25990
1	737	25044	7279,10828,10983,9721,11923,9909,13326,10555,11573,15521,17657,22140,18964,23102,16161,24037,21366,25183,20088,22111,24929,25226,25990,26471
1	737	25563	7279,10828,10983,9721,11923,9909,13326,10555,11573,15521,17657,22140,18964,23102,16161,24037,21366,25183,20088,22111,24929,25226,25990,26471,25044
1	737	26361	7279,10828,10983,9721,11923,9909,13326,10555,11573,15521,17657,22140,18964,23102,16161,24037,21366,25183,20088,22111,24929,25226,25990,26471,25044,25563
0	737	26237	7279,10828,10983,9721,11923,9909,13326,10555,11573,15521,17657,22140,18964,23102,16161,24037,21366,25183,20088,22111,24929,25226,25990,26471,25044,25563,26361
1	737	15221	7279,10828,10983,9721,11923,9909,13326,10555,11573,15521,17657,22140,18964,23102,16161,24037,21366,25183,20088,22111,24929,25226,25990,26471,25044,25563,26361
1	737	2023	7279,10828,10983,9721,11923,9909,13326,10555,11573,15521,17657,22140,18964,23102,16161,24037,21366,25183,20088,22111,24929,25226,25990,26471,25044,25563,26361,15221
1	737	25046	7279,10828,10983,9721,11923,9909,13326,10555,11573,15521,17657,22140,18964,23102,16161,24037,21366,25183,20088,22111,24929,25226,25990,26471,25044,25563,26361,15221,2023
1	737	19418	7279,10828,10983,9721,11923,9909,13326,10555,11573,15521,17657,22140,18964,23102,16161,24037,21366,25183,20088,22111,24929,25226,25990,26471,25044,25563,26361,15221,2023,25046
1	737	20681	7279,10828,10983,9721,11923,9909,13326,10555,11573,15521,17657,22140,18964,23102,16161,24037,21366,25183,20088,22111,24929,25226,25990,26471,25044,25563,26361,15221,2023,25046,19418
1	737	23128	7279,10828,10983,9721,11923,9909,13326,10555,11573,15521,17657,22140,18964,23102,16161,24037,21366,25183,20088,22111,24929,25226,25990,26471,25044,25563,26361,15221,2023,25046,19418,20681
0	737	23129	7279,10828,10983,9721,11923,9909,13326,10555,11573,15521,17657,22140,18964,23102,16161,24037,21366,25183,20088,22111,24929,25226,25990,26471,25044,25563,26361,15221,2023,25046,19418,20681,23128
1	737	24389	7279,10828,10983,9721,11923,9909,13326,10555,11573,15521,17657,22140,18964,23102,16161,24037,21366,25183,20088,22111,24929,25226,25990,26471,25044,25563,26361,15221,2023,25046,19418,20681,23128
1	737	24785	7279,10828,10983,9721,11923,9909,13326,10555,11573,15521,17657,22140,18964,23102,16161,24037,21366,25183,20088,22111,24929,25226,25990,26471,25044,25563,26361,15221,2023,25046,19418,20681,23128,24389
1	737	22516	7279,10828,10983,9721,11923,9909,13326,10555,11573,15521,17657,22140,18964,23102,16161,24037,21366,25183,20088,22111,24929,25226,25990,26471,25044,25563,26361,15221,2023,25046,19418,20681,23128,24389,24785
1	737	26794	7279,10828,10983,9721,11923,9909,13326,10555,11573,15521,17657,22140,18964,23102,16161,24037,21366,25183,20088,22111,24929,25226,25990,26471,25044,25563,26361,15221,2023,25046,19418,20681,23128,24389,24785,22516
1	737	24384	7279,10828,10983,9721,11923,9909,13326,10555,11573,15521,17657,22140,18964,23102,16161,24037,21366,25183,20088,22111,24929,25226,25990,26471,25044,25563,26361,15221,2023,25046,19418,20681,23128,24389,24785,22516,26794
1	737	25809	7279,10828,10983,9721,11923,9909,13326,10555,11573,15521,17657,22140,18964,23102,16161,24037,21366,25183,20088,22111,24929,25226,25990,26471,25044,25563,26361,15221,2023,25046,19418,20681,23128,24389,24785,22516,26794,24384
1	737	17009	7279,10828,10983,9721,11923,9909,13326,10555,11573,15521,17657,22140,18964,23102,16161,24037,21366,25183,20088,22111,24929,25226,25990,26471,25044,25563,26361,15221,2023,25046,19418,20681,23128,24389,24785,22516,26794,24384,25809
0	737	25847	7279,10828,10983,9721,11923,9909,13326,10555,11573,15521,17657,22140,18964,23102,16161,24037,21366,25183,20088,22111,24929,25226,25990,26471,25044,25563,26361,15221,2023,25046,19418,20681,23128,24389,24785,22516,26794,24384,25809,17009
1	737	25658	7279,10828,10983,9721,11923,9909,13326,10555,11573,15521,17657,22140,18964,23102,16161,24037,21366,25183,20088,22111,24929,25226,25990,26471,25044,25563,26361,15221,2023,25046,19418,20681,23128,24389,24785,22516,26794,24384,25809,17009
1	737	27261	7279,10828,10983,9721,11923,9909,13326,10555,11573,15521,17657,22140,18964,23102,16161,24037,21366,25183,20088,22111,24929,25226,25990,26471,25044,25563,26361,15221,2023,25046,19418,20681,23128,24389,24785,22516,26794,24384,25809,17009,25658
1	737	27266	7279,10828,10983,9721,11923,9909,13326,10555,11573,15521,17657,22140,18964,23102,16161,24037,21366,25183,20088,22111,24929,25226,25990,26471,25044,25563,26361,15221,2023,25046,19418,20681,23128,24389,24785,22516,26794,24384,25809,17009,25658,27261
1	737	27288	7279,10828,10983,9721,11923,9909,13326,10555,11573,15521,17657,22140,18964,23102,16161,24037,21366,25183,20088,22111,24929,25226,25990,26471,25044,25563,26361,15221,2023,25046,19418,20681,23128,24389,24785,22516,26794,24384,25809,17009,25658,27261,27266
1	737	25881	7279,10828,10983,9721,11923,9909,13326,10555,11573,15521,17657,22140,18964,23102,16161,24037,21366,25183,20088,22111,24929,25226,25990,26471,25044,25563,26361,15221,2023,25046,19418,20681,23128,24389,24785,22516,26794,24384,25809,17009,25658,27261,27266,27288
1	737	20460	7279,10828,10983,9721,11923,9909,13326,10555,11573,15521,17657,22140,18964,23102,16161,24037,21366,25183,20088,22111,24929,25226,25990,26471,25044,25563,26361,15221,2023,25046,19418,20681,23128,24389,24785,22516,26794,24384,25809,17009,25658,27261,27266,27288,25881
1	737	26861	7279,10828,10983,9721,11923,9909,13326,10555,11573,15521,17657,22140,18964,23102,16161,24037,21366,25183,20088,22111,24929,25226,25990,26471,25044,25563,26361,15221,2023,25046,19418,20681,23128,24389,24785,22516,26794,24384,25809,17009,25658,27261,27266,27288,25881,20460
1	737	27091	7279,10828,10983,9721,11923,9909,13326,10555,11573,15521,17657,22140,18964,23102,16161,24037,21366,25183,20088,22111,24929,25226,25990,26471,25044,25563,26361,15221,2023,25046,19418,20681,23128,24389,24785,22516,26794,24384,25809,17009,25658,27261,27266,27288,25881,20460,26861
1	737	27025	7279,10828,10983,9721,11923,9909,13326,10555,11573,15521,17657,22140,18964,23102,16161,24037,21366,25183,20088,22111,24929,25226,25990,26471,25044,25563,26361,15221,2023,25046,19418,20681,23128,24389,24785,22516,26794,24384,25809,17009,25658,27261,27266,27288,25881,20460,26861,27091
1	737	26323	7279,10828,10983,9721,11923,9909,13326,10555,11573,15521,17657,22140,18964,23102,16161,24037,21366,25183,20088,22111,24929,25226,25990,26471,25044,25563,26361,15221,2023,25046,19418,20681,23128,24389,24785,22516,26794,24384,25809,17009,25658,27261,27266,27288,25881,20460,26861,27091,27025
1	737	26325	7279,10828,10983,9721,11923,9909,13326,10555,11573,15521,17657,22140,18964,23102,16161,24037,21366,25183,20088,22111,24929,25226,25990,26471,25044,25563,26361,15221,2023,25046,19418,20681,23128,24389,24785,22516,26794,24384,25809,17009,25658,27261,27266,27288,25881,20460,26861,27091,27025,26323
1	737	26326	7279,10828,10983,9721,11923,9909,13326,10555,11573,15521,17657,22140,18964,23102,16161,24037,21366,25183,20088,22111,24929,25226,25990,26471,25044,25563,26361,15221,2023,25046,19418,20681,23128,24389,24785,22516,26794,24384,25809,17009,25658,27261,27266,27288,25881,20460,26861,27091,27025,26323,26325
1	737	23768	7279,10828,10983,9721,11923,9909,13326,10555,11573,15521,17657,22140,18964,23102,16161,24037,21366,25183,20088,22111,24929,25226,25990,26471,25044,25563,26361,15221,2023,25046,19418,20681,23128,24389,24785,22516,26794,24384,25809,17009,25658,27261,27266,27288,25881,20460,26861,27091,27025,26323,26325,26326
1	737	27951	7279,10828,10983,9721,11923,9909,13326,10555,11573,15521,17657,22140,18964,23102,16161,24037,21366,25183,20088,22111,24929,25226,25990,26471,25044,25563,26361,15221,2023,25046,19418,20681,23128,24389,24785,22516,26794,24384,25809,17009,25658,27261,27266,27288,25881,20460,26861,27091,27025,26323,26325,26326,23768
1	737	21690	7279,10828,10983,9721,11923,9909,13326,10555,11573,15521,17657,22140,18964,23102,16161,24037,21366,25183,20088,22111,24929,25226,25990,26471,25044,25563,26361,15221,2023,25046,19418,20681,23128,24389,24785,22516,26794,24384,25809,17009,25658,27261,27266,27288,25881,20460,26861,27091,27025,26323,26325,26326,23768,27951
1	737	27623	7279,10828,10983,9721,11923,9909,13326,10555,11573,15521,17657,22140,18964,23102,16161,24037,21366,25183,20088,22111,24929,25226,25990,26471,25044,25563,26361,15221,2023,25046,19418,20681,23128,24389,24785,22516,26794,24384,25809,17009,25658,27261,27266,27288,25881,20460,26861,27091,27025,26323,26325,26326,23768,27951,21690
1	737	26464	7279,10828,10983,9721,11923,9909,13326,10555,11573,15521,17657,22140,18964,23102,16161,24037,21366,25183,20088,22111,24929,25226,25990,26471,25044,25563,26361,15221,2023,25046,19418,20681,23128,24389,24785,22516,26794,24384,25809,17009,25658,27261,27266,27288,25881,20460,26861,27091,27025,26323,26325,26326,23768,27951,21690,27623
1	737	28188	7279,10828,10983,9721,11923,9909,13326,10555,11573,15521,17657,22140,18964,23102,16161,24037,21366,25183,20088,22111,24929,25226,25990,26471,25044,25563,26361,15221,2023,25046,19418,20681,23128,24389,24785,22516,26794,24384,25809,17009,25658,27261,27266,27288,25881,20460,26861,27091,27025,26323,26325,26326,23768,27951,21690,27623,26464
0	737	28030	7279,10828,10983,9721,11923,9909,13326,10555,11573,15521,17657,22140,18964,23102,16161,24037,21366,25183,20088,22111,24929,25226,25990,26471,25044,25563,26361,15221,2023,25046,19418,20681,23128,24389,24785,22516,26794,24384,25809,17009,25658,27261,27266,27288,25881,20460,26861,27091,27025,26323,26325,26326,23768,27951,21690,27623,26464,28188
1	737	12256	7279,10828,10983,9721,11923,9909,13326,10555,11573,15521,17657,22140,18964,23102,16161,24037,21366,25183,20088,22111,24929,25226,25990,26471,25044,25563,26361,15221,2023,25046,19418,20681,23128,24389,24785,22516,26794,24384,25809,17009,25658,27261,27266,27288,25881,20460,26861,27091,27025,26323,26325,26326,23768,27951,21690,27623,26464,28188
1	737	23928	7279,10828,10983,9721,11923,9909,13326,10555,11573,15521,17657,22140,18964,23102,16161,24037,21366,25183,20088,22111,24929,25226,25990,26471,25044,25563,26361,15221,2023,25046,19418,20681,23128,24389,24785,22516,26794,24384,25809,17009,25658,27261,27266,27288,25881,20460,26861,27091,27025,26323,26325,26326,23768,27951,21690,27623,26464,28188,12256
1	737	28443	7279,10828,10983,9721,11923,9909,13326,10555,11573,15521,17657,22140,18964,23102,16161,24037,21366,25183,20088,22111,24929,25226,25990,26471,25044,25563,26361,15221,2023,25046,19418,20681,23128,24389,24785,22516,26794,24384,25809,17009,25658,27261,27266,27288,25881,20460,26861,27091,27025,26323,26325,26326,23768,27951,21690,27623,26464,28188,12256,23928
1	737	28173	7279,10828,10983,9721,11923,9909,13326,10555,11573,15521,17657,22140,18964,23102,16161,24037,21366,25183,20088,22111,24929,25226,25990,26471,25044,25563,26361,15221,2023,25046,19418,20681,23128,24389,24785,22516,26794,24384,25809,17009,25658,27261,27266,27288,25881,20460,26861,27091,27025,26323,26325,26326,23768,27951,21690,27623,26464,28188,12256,23928,28443
1	737	28302	7279,10828,10983,9721,11923,9909,13326,10555,11573,15521,17657,22140,18964,23102,16161,24037,21366,25183,20088,22111,24929,25226,25990,26471,25044,25563,26361,15221,2023,25046,19418,20681,23128,24389,24785,22516,26794,24384,25809,17009,25658,27261,27266,27288,25881,20460,26861,27091,27025,26323,26325,26326,23768,27951,21690,27623,26464,28188,12256,23928,28443,28173
0	737	24786	7279,10828,10983,9721,11923,9909,13326,10555,11573,15521,17657,22140,18964,23102,16161,24037,21366,25183,20088,22111,24929,25226,25990,26471,25044,25563,26361,15221,2023,25046,19418,20681,23128,24389,24785,22516,26794,24384,25809,17009,25658,27261,27266,27288,25881,20460,26861,27091,27025,26323,26325,26326,23768,27951,21690,27623,26464,28188,12256,23928,28443,28173,28302
1	737	24788	7279,10828,10983,9721,11923,9909,13326,10555,11573,15521,17657,22140,18964,23102,16161,24037,21366,25183,20088,22111,24929,25226,25990,26471,25044,25563,26361,15221,2023,25046,19418,20681,23128,24389,24785,22516,26794,24384,25809,17009,25658,27261,27266,27288,25881,20460,26861,27091,27025,26323,26325,26326,23768,27951,21690,27623,26464,28188,12256,23928,28443,28173,28302
1	737	24791	7279,10828,10983,9721,11923,9909,13326,10555,11573,15521,17657,22140,18964,23102,16161,24037,21366,25183,20088,22111,24929,25226,25990,26471,25044,25563,26361,15221,2023,25046,19418,20681,23128,24389,24785,22516,26794,24384,25809,17009,25658,27261,27266,27288,25881,20460,26861,27091,27025,26323,26325,26326,23768,27951,21690,27623,26464,28188,12256,23928,28443,28173,28302,24788
1	737	24795	7279,10828,10983,9721,11923,9909,13326,10555,11573,15521,17657,22140,18964,23102,16161,24037,21366,25183,20088,22111,24929,25226,25990,26471,25044,25563,26361,15221,2023,25046,19418,20681,23128,24389,24785,22516,26794,24384,25809,17009,25658,27261,27266,27288,25881,20460,26861,27091,27025,26323,26325,26326,23768,27951,21690,27623,26464,28188,12256,23928,28443,28173,28302,24788,24791
0	737	28514	7279,10828,10983,9721,11923,9909,13326,10555,11573,15521,17657,22140,18964,23102,16161,24037,21366,25183,20088,22111,24929,25226,25990,26471,25044,25563,26361,15221,2023,25046,19418,20681,23128,24389,24785,22516,26794,24384,25809,17009,25658,27261,27266,27288,25881,20460,26861,27091,27025,26323,26325,26326,23768,27951,21690,27623,26464,28188,12256,23928,28443,28173,28302,24788,24791,24795
1	737	28796	7279,10828,10983,9721,11923,9909,13326,10555,11573,15521,17657,22140,18964,23102,16161,24037,21366,25183,20088,22111,24929,25226,25990,26471,25044,25563,26361,15221,2023,25046,19418,20681,23128,24389,24785,22516,26794,24384,25809,17009,25658,27261,27266,27288,25881,20460,26861,27091,27025,26323,26325,26326,23768,27951,21690,27623,26464,28188,12256,23928,28443,28173,28302,24788,24791,24795
1	737	28535	7279,10828,10983,9721,11923,9909,13326,10555,11573,15521,17657,22140,18964,23102,16161,24037,21366,25183,20088,22111,24929,25226,25990,26471,25044,25563,26361,15221,2023,25046,19418,20681,23128,24389,24785,22516,26794,24384,25809,17009,25658,27261,27266,27288,25881,20460,26861,27091,27025,26323,26325,26326,23768,27951,21690,27623,26464,28188,12256,23928,28443,28173,28302,24788,24791,24795,28796
1	737	28920	7279,10828,10983,9721,11923,9909,13326,10555,11573,15521,17657,22140,18964,23102,16161,24037,21366,25183,20088,22111,24929,25226,25990,26471,25044,25563,26361,15221,2023,25046,19418,20681,23128,24389,24785,22516,26794,24384,25809,17009,25658,27261,27266,27288,25881,20460,26861,27091,27025,26323,26325,26326,23768,27951,21690,27623,26464,28188,12256,23928,28443,28173,28302,24788,24791,24795,28796,28535
1	737	28139	7279,10828,10983,9721,11923,9909,13326,10555,11573,15521,17657,22140,18964,23102,16161,24037,21366,25183,20088,22111,24929,25226,25990,26471,25044,25563,26361,15221,2023,25046,19418,20681,23128,24389,24785,22516,26794,24384,25809,17009,25658,27261,27266,27288,25881,20460,26861,27091,27025,26323,26325,26326,23768,27951,21690,27623,26464,28188,12256,23928,28443,28173,28302,24788,24791,24795,28796,28535,28920
1	737	28559	7279,10828,10983,9721,11923,9909,13326,10555,11573,15521,17657,22140,18964,23102,16161,24037,21366,25183,20088,22111,24929,25226,25990,26471,25044,25563,26361,15221,2023,25046,19418,20681,23128,24389,24785,22516,26794,24384,25809,17009,25658,27261,27266,27288,25881,20460,26861,27091,27025,26323,26325,26326,23768,27951,21690,27623,26464,28188,12256,23928,28443,28173,28302,24788,24791,24795,28796,28535,28920,28139
0	737	2975	7279,10828,10983,9721,11923,9909,13326,10555,11573,15521,17657,22140,18964,23102,16161,24037,21366,25183,20088,22111,24929,25226,25990,26471,25044,25563,26361,15221,2023,25046,19418,20681,23128,24389,24785,22516,26794,24384,25809,17009,25658,27261,27266,27288,25881,20460,26861,27091,27025,26323,26325,26326,23768,27951,21690,27623,26464,28188,12256,23928,28443,28173,28302,24788,24791,24795,28796,28535,28920,28139,28559
1	737	20553	7279,10828,10983,9721,11923,9909,13326,10555,11573,15521,17657,22140,18964,23102,16161,24037,21366,25183,20088,22111,24929,25226,25990,26471,25044,25563,26361,15221,2023,25046,19418,20681,23128,24389,24785,22516,26794,24384,25809,17009,25658,27261,27266,27288,25881,20460,26861,27091,27025,26323,26325,26326,23768,27951,21690,27623,26464,28188,12256,23928,28443,28173,28302,24788,24791,24795,28796,28535,28920,28139,28559
0	737	28473	7279,10828,10983,9721,11923,9909,13326,10555,11573,15521,17657,22140,18964,23102,16161,24037,21366,25183,20088,22111,24929,25226,25990,26471,25044,25563,26361,15221,2023,25046,19418,20681,23128,24389,24785,22516,26794,24384,25809,17009,25658,27261,27266,27288,25881,20460,26861,27091,27025,26323,26325,26326,23768,27951,21690,27623,26464,28188,12256,23928,28443,28173,28302,24788,24791,24795,28796,28535,28920,28139,28559,20553
1	737	28649	7279,10828,10983,9721,11923,9909,13326,10555,11573,15521,17657,22140,18964,23102,16161,24037,21366,25183,20088,22111,24929,25226,25990,26471,25044,25563,26361,15221,2023,25046,19418,20681,23128,24389,24785,22516,26794,24384,25809,17009,25658,27261,27266,27288,25881,20460,26861,27091,27025,26323,26325,26326,23768,27951,21690,27623,26464,28188,12256,23928,28443,28173,28302,24788,24791,24795,28796,28535,28920,28139,28559,20553
0	737	28185	7279,10828,10983,9721,11923,9909,13326,10555,11573,15521,17657,22140,18964,23102,16161,24037,21366,25183,20088,22111,24929,25226,25990,26471,25044,25563,26361,15221,2023,25046,19418,20681,23128,24389,24785,22516,26794,24384,25809,17009,25658,27261,27266,27288,25881,20460,26861,27091,27025,26323,26325,26326,23768,27951,21690,27623,26464,28188,12256,23928,28443,28173,28302,24788,24791,24795,28796,28535,28920,28139,28559,20553,28649
1	737	18531	7279,10828,10983,9721,11923,9909,13326,10555,11573,15521,17657,22140,18964,23102,16161,24037,21366,25183,20088,22111,24929,25226,25990,26471,25044,25563,26361,15221,2023,25046,19418,20681,23128,24389,24785,22516,26794,24384,25809,17009,25658,27261,27266,27288,25881,20460,26861,27091,27025,26323,26325,26326,23768,27951,21690,27623,26464,28188,12256,23928,28443,28173,28302,24788,24791,24795,28796,28535,28920,28139,28559,20553,28649
1	737	28752	7279,10828,10983,9721,11923,9909,13326,10555,11573,15521,17657,22140,18964,23102,16161,24037,21366,25183,20088,22111,24929,25226,25990,26471,25044,25563,26361,15221,2023,25046,19418,20681,23128,24389,24785,22516,26794,24384,25809,17009,25658,27261,27266,27288,25881,20460,26861,27091,27025,26323,26325,26326,23768,27951,21690,27623,26464,28188,12256,23928,28443,28173,28302,24788,24791,24795,28796,28535,28920,28139,28559,20553,28649,18531
0	737	24225	7279,10828,10983,9721,11923,9909,13326,10555,11573,15521,17657,22140,18964,23102,16161,24037,21366,25183,20088,22111,24929,25226,25990,26471,25044,25563,26361,15221,2023,25046,19418,20681,23128,24389,24785,22516,26794,24384,25809,17009,25658,27261,27266,27288,25881,20460,26861,27091,27025,26323,26325,26326,23768,27951,21690,27623,26464,28188,12256,23928,28443,28173,28302,24788,24791,24795,28796,28535,28920,28139,28559,20553,28649,18531,28752
