0	183	2559	0
1	183	5505	0
1	183	9904	5505
1	183	3326	5505,9904
1	183	9908	5505,9904,3326
1	183	5003	5505,9904,3326,9908
1	183	12598	5505,9904,3326,9908,5003
1	183	13685	5505,9904,3326,9908,5003,12598
1	183	18576	5505,9904,3326,9908,5003,12598,13685
0	183	18449	5505,9904,3326,9908,5003,12598,13685,18576
1	183	7010	5505,9904,3326,9908,5003,12598,13685,18576
1	183	20341	5505,9904,3326,9908,5003,12598,13685,18576,7010
1	183	20212	5505,9904,3326,9908,5003,12598,13685,18576,7010,20341
0	183	19805	5505,9904,3326,9908,5003,12598,13685,18576,7010,20341,20212
1	183	21364	5505,9904,3326,9908,5003,12598,13685,18576,7010,20341,20212
1	183	1510	5505,9904,3326,9908,5003,12598,13685,18576,7010,20341,20212,21364
1	183	22177	5505,9904,3326,9908,5003,12598,13685,18576,7010,20341,20212,21364,1510
0	183	24181	5505,9904,3326,9908,5003,12598,13685,18576,7010,20341,20212,21364,1510,22177
1	183	24215	5505,9904,3326,9908,5003,12598,13685,18576,7010,20341,20212,21364,1510,22177
1	183	8165	5505,9904,3326,9908,5003,12598,13685,18576,7010,20341,20212,21364,1510,22177,24215
1	183	26190	5505,9904,3326,9908,5003,12598,13685,18576,7010,20341,20212,21364,1510,22177,24215,8165
1	183	23436	5505,9904,3326,9908,5003,12598,13685,18576,7010,20341,20212,21364,1510,22177,24215,8165,26190
0	183	14697	5505,9904,3326,9908,5003,12598,13685,18576,7010,20341,20212,21364,1510,22177,24215,8165,26190,23436
0	183	24425	5505,9904,3326,9908,5003,12598,13685,18576,7010,20341,20212,21364,1510,22177,24215,8165,26190,23436
0	183	26113	5505,9904,3326,9908,5003,12598,13685,18576,7010,20341,20212,21364,1510,22177,24215,8165,26190,23436
1	183	26241	5505,9904,3326,9908,5003,12598,13685,18576,7010,20341,20212,21364,1510,22177,24215,8165,26190,23436
0	183	18736	5505,9904,3326,9908,5003,12598,13685,18576,7010,20341,20212,21364,1510,22177,24215,8165,26190,23436,26241
1	183	24458	5505,9904,3326,9908,5003,12598,13685,18576,7010,20341,20212,21364,1510,22177,24215,8165,26190,23436,26241
1	183	12491	5505,9904,3326,9908,5003,12598,13685,18576,7010,20341,20212,21364,1510,22177,24215,8165,26190,23436,26241,24458
