1	1191	15790	0
1	1191	30933	15790
1	1191	30941	15790,30933
1	1191	31329	15790,30933,30941
0	1191	25773	15790,30933,30941,31329
1	1191	16902	15790,30933,30941,31329
1	1191	3969	15790,30933,30941,31329,16902
0	1191	4588	15790,30933,30941,31329,16902,3969
1	1191	32850	15790,30933,30941,31329,16902,3969
1	1191	680	15790,30933,30941,31329,16902,3969,32850
0	1191	2211	15790,30933,30941,31329,16902,3969,32850,680
1	1191	9255	15790,30933,30941,31329,16902,3969,32850,680
0	1191	11178	15790,30933,30941,31329,16902,3969,32850,680,9255
1	1191	3233	15790,30933,30941,31329,16902,3969,32850,680,9255
0	1191	10685	15790,30933,30941,31329,16902,3969,32850,680,9255,3233
0	1191	12777	15790,30933,30941,31329,16902,3969,32850,680,9255,3233
0	1191	12812	15790,30933,30941,31329,16902,3969,32850,680,9255,3233
0	1191	10959	15790,30933,30941,31329,16902,3969,32850,680,9255,3233
1	1191	13399	15790,30933,30941,31329,16902,3969,32850,680,9255,3233
0	1191	14642	15790,30933,30941,31329,16902,3969,32850,680,9255,3233,13399
1	1191	13620	15790,30933,30941,31329,16902,3969,32850,680,9255,3233,13399
0	1191	15674	15790,30933,30941,31329,16902,3969,32850,680,9255,3233,13399,13620
0	1191	9702	15790,30933,30941,31329,16902,3969,32850,680,9255,3233,13399,13620
0	1191	19583	15790,30933,30941,31329,16902,3969,32850,680,9255,3233,13399,13620
0	1191	18278	15790,30933,30941,31329,16902,3969,32850,680,9255,3233,13399,13620
0	1191	19615	15790,30933,30941,31329,16902,3969,32850,680,9255,3233,13399,13620
0	1191	18356	15790,30933,30941,31329,16902,3969,32850,680,9255,3233,13399,13620
1	1191	19222	15790,30933,30941,31329,16902,3969,32850,680,9255,3233,13399,13620
0	1191	17377	15790,30933,30941,31329,16902,3969,32850,680,9255,3233,13399,13620,19222
0	1191	16048	15790,30933,30941,31329,16902,3969,32850,680,9255,3233,13399,13620,19222
1	1191	22069	15790,30933,30941,31329,16902,3969,32850,680,9255,3233,13399,13620,19222
1	1191	19027	15790,30933,30941,31329,16902,3969,32850,680,9255,3233,13399,13620,19222,22069
1	1191	17014	15790,30933,30941,31329,16902,3969,32850,680,9255,3233,13399,13620,19222,22069,19027
1	1191	21540	15790,30933,30941,31329,16902,3969,32850,680,9255,3233,13399,13620,19222,22069,19027,17014
1	1191	22468	15790,30933,30941,31329,16902,3969,32850,680,9255,3233,13399,13620,19222,22069,19027,17014,21540
1	1191	23306	15790,30933,30941,31329,16902,3969,32850,680,9255,3233,13399,13620,19222,22069,19027,17014,21540,22468
0	1191	23453	15790,30933,30941,31329,16902,3969,32850,680,9255,3233,13399,13620,19222,22069,19027,17014,21540,22468,23306
1	1191	19606	15790,30933,30941,31329,16902,3969,32850,680,9255,3233,13399,13620,19222,22069,19027,17014,21540,22468,23306
0	1191	24926	15790,30933,30941,31329,16902,3969,32850,680,9255,3233,13399,13620,19222,22069,19027,17014,21540,22468,23306,19606
0	1191	24547	15790,30933,30941,31329,16902,3969,32850,680,9255,3233,13399,13620,19222,22069,19027,17014,21540,22468,23306,19606
1	1191	12477	15790,30933,30941,31329,16902,3969,32850,680,9255,3233,13399,13620,19222,22069,19027,17014,21540,22468,23306,19606
0	1191	19746	15790,30933,30941,31329,16902,3969,32850,680,9255,3233,13399,13620,19222,22069,19027,17014,21540,22468,23306,19606,12477
1	1191	24916	15790,30933,30941,31329,16902,3969,32850,680,9255,3233,13399,13620,19222,22069,19027,17014,21540,22468,23306,19606,12477
1	1191	10135	15790,30933,30941,31329,16902,3969,32850,680,9255,3233,13399,13620,19222,22069,19027,17014,21540,22468,23306,19606,12477,24916
0	1191	23677	15790,30933,30941,31329,16902,3969,32850,680,9255,3233,13399,13620,19222,22069,19027,17014,21540,22468,23306,19606,12477,24916,10135
0	1191	27393	15790,30933,30941,31329,16902,3969,32850,680,9255,3233,13399,13620,19222,22069,19027,17014,21540,22468,23306,19606,12477,24916,10135
0	1191	27396	15790,30933,30941,31329,16902,3969,32850,680,9255,3233,13399,13620,19222,22069,19027,17014,21540,22468,23306,19606,12477,24916,10135
0	1191	26776	15790,30933,30941,31329,16902,3969,32850,680,9255,3233,13399,13620,19222,22069,19027,17014,21540,22468,23306,19606,12477,24916,10135
0	1191	28066	15790,30933,30941,31329,16902,3969,32850,680,9255,3233,13399,13620,19222,22069,19027,17014,21540,22468,23306,19606,12477,24916,10135
0	1191	26728	15790,30933,30941,31329,16902,3969,32850,680,9255,3233,13399,13620,19222,22069,19027,17014,21540,22468,23306,19606,12477,24916,10135
0	1191	25892	15790,30933,30941,31329,16902,3969,32850,680,9255,3233,13399,13620,19222,22069,19027,17014,21540,22468,23306,19606,12477,24916,10135
1	1191	6078	15790,30933,30941,31329,16902,3969,32850,680,9255,3233,13399,13620,19222,22069,19027,17014,21540,22468,23306,19606,12477,24916,10135
1	1191	24605	15790,30933,30941,31329,16902,3969,32850,680,9255,3233,13399,13620,19222,22069,19027,17014,21540,22468,23306,19606,12477,24916,10135,6078
1	1191	28554	15790,30933,30941,31329,16902,3969,32850,680,9255,3233,13399,13620,19222,22069,19027,17014,21540,22468,23306,19606,12477,24916,10135,6078,24605
0	1191	28115	15790,30933,30941,31329,16902,3969,32850,680,9255,3233,13399,13620,19222,22069,19027,17014,21540,22468,23306,19606,12477,24916,10135,6078,24605,28554
0	1191	28385	15790,30933,30941,31329,16902,3969,32850,680,9255,3233,13399,13620,19222,22069,19027,17014,21540,22468,23306,19606,12477,24916,10135,6078,24605,28554
1	1191	9647	15790,30933,30941,31329,16902,3969,32850,680,9255,3233,13399,13620,19222,22069,19027,17014,21540,22468,23306,19606,12477,24916,10135,6078,24605,28554
