0	411	31691	0
0	411	23402	0
1	411	3296	0
1	411	2924	3296
0	411	31797	3296,2924
0	411	4265	3296,2924
0	411	309	3296,2924
1	411	18907	3296,2924
1	411	17936	3296,2924,18907
0	411	4898	3296,2924,18907,17936
0	411	6209	3296,2924,18907,17936
1	411	32386	3296,2924,18907,17936
1	411	5706	3296,2924,18907,17936,32386
0	411	7056	3296,2924,18907,17936,32386,5706
0	411	6155	3296,2924,18907,17936,32386,5706
0	411	1272	3296,2924,18907,17936,32386,5706
1	411	6316	3296,2924,18907,17936,32386,5706
0	411	995	3296,2924,18907,17936,32386,5706,6316
0	411	1977	3296,2924,18907,17936,32386,5706,6316
1	411	9895	3296,2924,18907,17936,32386,5706,6316
0	411	9462	3296,2924,18907,17936,32386,5706,6316,9895
0	411	12305	3296,2924,18907,17936,32386,5706,6316,9895
1	411	5940	3296,2924,18907,17936,32386,5706,6316,9895
0	411	19555	3296,2924,18907,17936,32386,5706,6316,9895,5940
1	411	22409	3296,2924,18907,17936,32386,5706,6316,9895,5940
0	411	22229	3296,2924,18907,17936,32386,5706,6316,9895,5940,22409
1	411	18919	3296,2924,18907,17936,32386,5706,6316,9895,5940,22409
1	411	21585	3296,2924,18907,17936,32386,5706,6316,9895,5940,22409,18919
0	411	23483	3296,2924,18907,17936,32386,5706,6316,9895,5940,22409,18919,21585
1	411	25154	3296,2924,18907,17936,32386,5706,6316,9895,5940,22409,18919,21585
0	411	25132	3296,2924,18907,17936,32386,5706,6316,9895,5940,22409,18919,21585,25154
1	411	15218	3296,2924,18907,17936,32386,5706,6316,9895,5940,22409,18919,21585,25154
0	411	23768	3296,2924,18907,17936,32386,5706,6316,9895,5940,22409,18919,21585,25154,15218
0	411	26403	3296,2924,18907,17936,32386,5706,6316,9895,5940,22409,18919,21585,25154,15218
0	411	26181	3296,2924,18907,17936,32386,5706,6316,9895,5940,22409,18919,21585,25154,15218
0	411	26764	3296,2924,18907,17936,32386,5706,6316,9895,5940,22409,18919,21585,25154,15218
