0	688	1828	0
1	688	5041	0
1	688	893	5041
0	688	1585	5041,893
1	688	3040	5041,893
0	688	4186	5041,893,3040
0	688	6443	5041,893,3040
1	688	11112	5041,893,3040
1	688	464	5041,893,3040,11112
1	688	172	5041,893,3040,11112,464
1	688	5408	5041,893,3040,11112,464,172
0	688	21461	5041,893,3040,11112,464,172,5408
0	688	361	5041,893,3040,11112,464,172,5408
0	688	9942	5041,893,3040,11112,464,172,5408
1	688	10516	5041,893,3040,11112,464,172,5408
1	688	16993	5041,893,3040,11112,464,172,5408,10516
0	688	2833	5041,893,3040,11112,464,172,5408,10516,16993
0	688	4307	5041,893,3040,11112,464,172,5408,10516,16993
1	688	9852	5041,893,3040,11112,464,172,5408,10516,16993
0	688	14815	5041,893,3040,11112,464,172,5408,10516,16993,9852
0	688	10406	5041,893,3040,11112,464,172,5408,10516,16993,9852
0	688	11682	5041,893,3040,11112,464,172,5408,10516,16993,9852
1	688	32240	5041,893,3040,11112,464,172,5408,10516,16993,9852
1	688	5374	5041,893,3040,11112,464,172,5408,10516,16993,9852,32240
1	688	20622	5041,893,3040,11112,464,172,5408,10516,16993,9852,32240,5374
1	688	23562	5041,893,3040,11112,464,172,5408,10516,16993,9852,32240,5374,20622
0	688	18440	5041,893,3040,11112,464,172,5408,10516,16993,9852,32240,5374,20622,23562
1	688	31190	5041,893,3040,11112,464,172,5408,10516,16993,9852,32240,5374,20622,23562
1	688	5521	5041,893,3040,11112,464,172,5408,10516,16993,9852,32240,5374,20622,23562,31190
1	688	13678	5041,893,3040,11112,464,172,5408,10516,16993,9852,32240,5374,20622,23562,31190,5521
1	688	6891	5041,893,3040,11112,464,172,5408,10516,16993,9852,32240,5374,20622,23562,31190,5521,13678
1	688	212	5041,893,3040,11112,464,172,5408,10516,16993,9852,32240,5374,20622,23562,31190,5521,13678,6891
1	688	9970	5041,893,3040,11112,464,172,5408,10516,16993,9852,32240,5374,20622,23562,31190,5521,13678,6891,212
1	688	14886	5041,893,3040,11112,464,172,5408,10516,16993,9852,32240,5374,20622,23562,31190,5521,13678,6891,212,9970
1	688	12038	5041,893,3040,11112,464,172,5408,10516,16993,9852,32240,5374,20622,23562,31190,5521,13678,6891,212,9970,14886
1	688	3731	5041,893,3040,11112,464,172,5408,10516,16993,9852,32240,5374,20622,23562,31190,5521,13678,6891,212,9970,14886,12038
1	688	10088	5041,893,3040,11112,464,172,5408,10516,16993,9852,32240,5374,20622,23562,31190,5521,13678,6891,212,9970,14886,12038,3731
1	688	14078	5041,893,3040,11112,464,172,5408,10516,16993,9852,32240,5374,20622,23562,31190,5521,13678,6891,212,9970,14886,12038,3731,10088
1	688	9101	5041,893,3040,11112,464,172,5408,10516,16993,9852,32240,5374,20622,23562,31190,5521,13678,6891,212,9970,14886,12038,3731,10088,14078
0	688	4190	5041,893,3040,11112,464,172,5408,10516,16993,9852,32240,5374,20622,23562,31190,5521,13678,6891,212,9970,14886,12038,3731,10088,14078,9101
1	688	16956	5041,893,3040,11112,464,172,5408,10516,16993,9852,32240,5374,20622,23562,31190,5521,13678,6891,212,9970,14886,12038,3731,10088,14078,9101
1	688	6894	5041,893,3040,11112,464,172,5408,10516,16993,9852,32240,5374,20622,23562,31190,5521,13678,6891,212,9970,14886,12038,3731,10088,14078,9101,16956
1	688	31034	5041,893,3040,11112,464,172,5408,10516,16993,9852,32240,5374,20622,23562,31190,5521,13678,6891,212,9970,14886,12038,3731,10088,14078,9101,16956,6894
1	688	31057	5041,893,3040,11112,464,172,5408,10516,16993,9852,32240,5374,20622,23562,31190,5521,13678,6891,212,9970,14886,12038,3731,10088,14078,9101,16956,6894,31034
1	688	31986	5041,893,3040,11112,464,172,5408,10516,16993,9852,32240,5374,20622,23562,31190,5521,13678,6891,212,9970,14886,12038,3731,10088,14078,9101,16956,6894,31034,31057
1	688	16734	5041,893,3040,11112,464,172,5408,10516,16993,9852,32240,5374,20622,23562,31190,5521,13678,6891,212,9970,14886,12038,3731,10088,14078,9101,16956,6894,31034,31057,31986
0	688	9977	5041,893,3040,11112,464,172,5408,10516,16993,9852,32240,5374,20622,23562,31190,5521,13678,6891,212,9970,14886,12038,3731,10088,14078,9101,16956,6894,31034,31057,31986,16734
0	688	1057	5041,893,3040,11112,464,172,5408,10516,16993,9852,32240,5374,20622,23562,31190,5521,13678,6891,212,9970,14886,12038,3731,10088,14078,9101,16956,6894,31034,31057,31986,16734
1	688	11850	5041,893,3040,11112,464,172,5408,10516,16993,9852,32240,5374,20622,23562,31190,5521,13678,6891,212,9970,14886,12038,3731,10088,14078,9101,16956,6894,31034,31057,31986,16734
0	688	17177	5041,893,3040,11112,464,172,5408,10516,16993,9852,32240,5374,20622,23562,31190,5521,13678,6891,212,9970,14886,12038,3731,10088,14078,9101,16956,6894,31034,31057,31986,16734,11850
0	688	19321	5041,893,3040,11112,464,172,5408,10516,16993,9852,32240,5374,20622,23562,31190,5521,13678,6891,212,9970,14886,12038,3731,10088,14078,9101,16956,6894,31034,31057,31986,16734,11850
1	688	20135	5041,893,3040,11112,464,172,5408,10516,16993,9852,32240,5374,20622,23562,31190,5521,13678,6891,212,9970,14886,12038,3731,10088,14078,9101,16956,6894,31034,31057,31986,16734,11850
1	688	30944	5041,893,3040,11112,464,172,5408,10516,16993,9852,32240,5374,20622,23562,31190,5521,13678,6891,212,9970,14886,12038,3731,10088,14078,9101,16956,6894,31034,31057,31986,16734,11850,20135
1	688	1623	5041,893,3040,11112,464,172,5408,10516,16993,9852,32240,5374,20622,23562,31190,5521,13678,6891,212,9970,14886,12038,3731,10088,14078,9101,16956,6894,31034,31057,31986,16734,11850,20135,30944
0	688	987	5041,893,3040,11112,464,172,5408,10516,16993,9852,32240,5374,20622,23562,31190,5521,13678,6891,212,9970,14886,12038,3731,10088,14078,9101,16956,6894,31034,31057,31986,16734,11850,20135,30944,1623
1	688	2046	5041,893,3040,11112,464,172,5408,10516,16993,9852,32240,5374,20622,23562,31190,5521,13678,6891,212,9970,14886,12038,3731,10088,14078,9101,16956,6894,31034,31057,31986,16734,11850,20135,30944,1623
1	688	26655	5041,893,3040,11112,464,172,5408,10516,16993,9852,32240,5374,20622,23562,31190,5521,13678,6891,212,9970,14886,12038,3731,10088,14078,9101,16956,6894,31034,31057,31986,16734,11850,20135,30944,1623,2046
1	688	1660	5041,893,3040,11112,464,172,5408,10516,16993,9852,32240,5374,20622,23562,31190,5521,13678,6891,212,9970,14886,12038,3731,10088,14078,9101,16956,6894,31034,31057,31986,16734,11850,20135,30944,1623,2046,26655
0	688	22320	5041,893,3040,11112,464,172,5408,10516,16993,9852,32240,5374,20622,23562,31190,5521,13678,6891,212,9970,14886,12038,3731,10088,14078,9101,16956,6894,31034,31057,31986,16734,11850,20135,30944,1623,2046,26655,1660
