0	750	1988	0
1	750	32356	0
1	750	25883	32356
0	750	18865	32356,25883
1	750	31156	32356,25883
0	750	5016	32356,25883,31156
1	750	8495	32356,25883,31156
0	750	11552	32356,25883,31156,8495
1	750	16516	32356,25883,31156,8495
0	750	20523	32356,25883,31156,8495,16516
1	750	22957	32356,25883,31156,8495,16516
1	750	24517	32356,25883,31156,8495,16516,22957
0	750	1523	32356,25883,31156,8495,16516,22957,24517
0	750	4910	32356,25883,31156,8495,16516,22957,24517
0	750	11333	32356,25883,31156,8495,16516,22957,24517
1	750	27050	32356,25883,31156,8495,16516,22957,24517
1	750	18821	32356,25883,31156,8495,16516,22957,24517,27050
1	750	33090	32356,25883,31156,8495,16516,22957,24517,27050,18821
1	750	19185	32356,25883,31156,8495,16516,22957,24517,27050,18821,33090
0	750	25569	32356,25883,31156,8495,16516,22957,24517,27050,18821,33090,19185
0	750	26849	32356,25883,31156,8495,16516,22957,24517,27050,18821,33090,19185
0	750	2122	32356,25883,31156,8495,16516,22957,24517,27050,18821,33090,19185
0	750	33027	32356,25883,31156,8495,16516,22957,24517,27050,18821,33090,19185
0	750	155	32356,25883,31156,8495,16516,22957,24517,27050,18821,33090,19185
0	750	3094	32356,25883,31156,8495,16516,22957,24517,27050,18821,33090,19185
1	750	6967	32356,25883,31156,8495,16516,22957,24517,27050,18821,33090,19185
0	750	13255	32356,25883,31156,8495,16516,22957,24517,27050,18821,33090,19185,6967
1	750	21830	32356,25883,31156,8495,16516,22957,24517,27050,18821,33090,19185,6967
1	750	15045	32356,25883,31156,8495,16516,22957,24517,27050,18821,33090,19185,6967,21830
1	750	6733	32356,25883,31156,8495,16516,22957,24517,27050,18821,33090,19185,6967,21830,15045
1	750	7305	32356,25883,31156,8495,16516,22957,24517,27050,18821,33090,19185,6967,21830,15045,6733
0	750	11641	32356,25883,31156,8495,16516,22957,24517,27050,18821,33090,19185,6967,21830,15045,6733,7305
0	750	17659	32356,25883,31156,8495,16516,22957,24517,27050,18821,33090,19185,6967,21830,15045,6733,7305
0	750	2323	32356,25883,31156,8495,16516,22957,24517,27050,18821,33090,19185,6967,21830,15045,6733,7305
0	750	24323	32356,25883,31156,8495,16516,22957,24517,27050,18821,33090,19185,6967,21830,15045,6733,7305
1	750	13594	32356,25883,31156,8495,16516,22957,24517,27050,18821,33090,19185,6967,21830,15045,6733,7305
1	750	28754	32356,25883,31156,8495,16516,22957,24517,27050,18821,33090,19185,6967,21830,15045,6733,7305,13594
0	750	19254	32356,25883,31156,8495,16516,22957,24517,27050,18821,33090,19185,6967,21830,15045,6733,7305,13594,28754
1	750	8477	32356,25883,31156,8495,16516,22957,24517,27050,18821,33090,19185,6967,21830,15045,6733,7305,13594,28754
1	750	21810	32356,25883,31156,8495,16516,22957,24517,27050,18821,33090,19185,6967,21830,15045,6733,7305,13594,28754,8477
1	750	25725	32356,25883,31156,8495,16516,22957,24517,27050,18821,33090,19185,6967,21830,15045,6733,7305,13594,28754,8477,21810
