1	78	106	0
0	78	4319	106
0	78	517	106
0	78	7668	106
0	78	11218	106
0	78	10888	106
0	78	9968	106
0	78	13778	106
0	78	7490	106
0	78	736	106
0	78	1505	106
0	78	19242	106
0	78	20219	106
0	78	21723	106
0	78	21728	106
1	78	11321	106
0	78	19396	106,11321
0	78	15606	106,11321
1	78	18174	106,11321
1	78	19447	106,11321,18174
0	78	21730	106,11321,18174,19447
1	78	21937	106,11321,18174,19447
0	78	23197	106,11321,18174,19447,21937
0	78	21901	106,11321,18174,19447,21937
0	78	23766	106,11321,18174,19447,21937
0	78	21797	106,11321,18174,19447,21937
1	78	23076	106,11321,18174,19447,21937
1	78	19358	106,11321,18174,19447,21937,23076
0	78	27735	106,11321,18174,19447,21937,23076,19358
0	78	22718	106,11321,18174,19447,21937,23076,19358
1	78	24937	106,11321,18174,19447,21937,23076,19358
1	78	27491	106,11321,18174,19447,21937,23076,19358,24937
1	78	19589	106,11321,18174,19447,21937,23076,19358,24937,27491
0	78	1440	106,11321,18174,19447,21937,23076,19358,24937,27491,19589
0	78	23793	106,11321,18174,19447,21937,23076,19358,24937,27491,19589
0	78	8555	106,11321,18174,19447,21937,23076,19358,24937,27491,19589
0	78	20032	106,11321,18174,19447,21937,23076,19358,24937,27491,19589
0	78	25219	106,11321,18174,19447,21937,23076,19358,24937,27491,19589
0	78	26904	106,11321,18174,19447,21937,23076,19358,24937,27491,19589
