0	1190	9533	0
1	1190	11913	0
1	1190	616	11913
1	1190	2653	11913,616
1	1190	8848	11913,616,2653
1	1190	32860	11913,616,2653,8848
1	1190	6890	11913,616,2653,8848,32860
1	1190	7501	11913,616,2653,8848,32860,6890
1	1190	31071	11913,616,2653,8848,32860,6890,7501
0	1190	9462	11913,616,2653,8848,32860,6890,7501,31071
1	1190	11571	11913,616,2653,8848,32860,6890,7501,31071
0	1190	12291	11913,616,2653,8848,32860,6890,7501,31071,11571
1	1190	12236	11913,616,2653,8848,32860,6890,7501,31071,11571
0	1190	11839	11913,616,2653,8848,32860,6890,7501,31071,11571,12236
1	1190	13958	11913,616,2653,8848,32860,6890,7501,31071,11571,12236
1	1190	1740	11913,616,2653,8848,32860,6890,7501,31071,11571,12236,13958
0	1190	12688	11913,616,2653,8848,32860,6890,7501,31071,11571,12236,13958,1740
1	1190	14365	11913,616,2653,8848,32860,6890,7501,31071,11571,12236,13958,1740
1	1190	13937	11913,616,2653,8848,32860,6890,7501,31071,11571,12236,13958,1740,14365
0	1190	13621	11913,616,2653,8848,32860,6890,7501,31071,11571,12236,13958,1740,14365,13937
0	1190	14501	11913,616,2653,8848,32860,6890,7501,31071,11571,12236,13958,1740,14365,13937
0	1190	14949	11913,616,2653,8848,32860,6890,7501,31071,11571,12236,13958,1740,14365,13937
1	1190	15215	11913,616,2653,8848,32860,6890,7501,31071,11571,12236,13958,1740,14365,13937
0	1190	28306	11913,616,2653,8848,32860,6890,7501,31071,11571,12236,13958,1740,14365,13937,15215
0	1190	15500	11913,616,2653,8848,32860,6890,7501,31071,11571,12236,13958,1740,14365,13937,15215
0	1190	10173	11913,616,2653,8848,32860,6890,7501,31071,11571,12236,13958,1740,14365,13937,15215
1	1190	13141	11913,616,2653,8848,32860,6890,7501,31071,11571,12236,13958,1740,14365,13937,15215
1	1190	9968	11913,616,2653,8848,32860,6890,7501,31071,11571,12236,13958,1740,14365,13937,15215,13141
1	1190	9705	11913,616,2653,8848,32860,6890,7501,31071,11571,12236,13958,1740,14365,13937,15215,13141,9968
0	1190	12621	11913,616,2653,8848,32860,6890,7501,31071,11571,12236,13958,1740,14365,13937,15215,13141,9968,9705
0	1190	16441	11913,616,2653,8848,32860,6890,7501,31071,11571,12236,13958,1740,14365,13937,15215,13141,9968,9705
1	1190	17768	11913,616,2653,8848,32860,6890,7501,31071,11571,12236,13958,1740,14365,13937,15215,13141,9968,9705
1	1190	15467	11913,616,2653,8848,32860,6890,7501,31071,11571,12236,13958,1740,14365,13937,15215,13141,9968,9705,17768
1	1190	16197	11913,616,2653,8848,32860,6890,7501,31071,11571,12236,13958,1740,14365,13937,15215,13141,9968,9705,17768,15467
0	1190	16666	11913,616,2653,8848,32860,6890,7501,31071,11571,12236,13958,1740,14365,13937,15215,13141,9968,9705,17768,15467,16197
1	1190	18485	11913,616,2653,8848,32860,6890,7501,31071,11571,12236,13958,1740,14365,13937,15215,13141,9968,9705,17768,15467,16197
1	1190	11911	11913,616,2653,8848,32860,6890,7501,31071,11571,12236,13958,1740,14365,13937,15215,13141,9968,9705,17768,15467,16197,18485
1	1190	6858	11913,616,2653,8848,32860,6890,7501,31071,11571,12236,13958,1740,14365,13937,15215,13141,9968,9705,17768,15467,16197,18485,11911
1	1190	16242	11913,616,2653,8848,32860,6890,7501,31071,11571,12236,13958,1740,14365,13937,15215,13141,9968,9705,17768,15467,16197,18485,11911,6858
1	1190	19873	11913,616,2653,8848,32860,6890,7501,31071,11571,12236,13958,1740,14365,13937,15215,13141,9968,9705,17768,15467,16197,18485,11911,6858,16242
1	1190	9411	11913,616,2653,8848,32860,6890,7501,31071,11571,12236,13958,1740,14365,13937,15215,13141,9968,9705,17768,15467,16197,18485,11911,6858,16242,19873
1	1190	18805	11913,616,2653,8848,32860,6890,7501,31071,11571,12236,13958,1740,14365,13937,15215,13141,9968,9705,17768,15467,16197,18485,11911,6858,16242,19873,9411
1	1190	17415	11913,616,2653,8848,32860,6890,7501,31071,11571,12236,13958,1740,14365,13937,15215,13141,9968,9705,17768,15467,16197,18485,11911,6858,16242,19873,9411,18805
1	1190	17193	11913,616,2653,8848,32860,6890,7501,31071,11571,12236,13958,1740,14365,13937,15215,13141,9968,9705,17768,15467,16197,18485,11911,6858,16242,19873,9411,18805,17415
0	1190	17181	11913,616,2653,8848,32860,6890,7501,31071,11571,12236,13958,1740,14365,13937,15215,13141,9968,9705,17768,15467,16197,18485,11911,6858,16242,19873,9411,18805,17415,17193
1	1190	31551	11913,616,2653,8848,32860,6890,7501,31071,11571,12236,13958,1740,14365,13937,15215,13141,9968,9705,17768,15467,16197,18485,11911,6858,16242,19873,9411,18805,17415,17193
0	1190	14785	11913,616,2653,8848,32860,6890,7501,31071,11571,12236,13958,1740,14365,13937,15215,13141,9968,9705,17768,15467,16197,18485,11911,6858,16242,19873,9411,18805,17415,17193,31551
1	1190	10315	11913,616,2653,8848,32860,6890,7501,31071,11571,12236,13958,1740,14365,13937,15215,13141,9968,9705,17768,15467,16197,18485,11911,6858,16242,19873,9411,18805,17415,17193,31551
0	1190	20213	11913,616,2653,8848,32860,6890,7501,31071,11571,12236,13958,1740,14365,13937,15215,13141,9968,9705,17768,15467,16197,18485,11911,6858,16242,19873,9411,18805,17415,17193,31551,10315
0	1190	19822	11913,616,2653,8848,32860,6890,7501,31071,11571,12236,13958,1740,14365,13937,15215,13141,9968,9705,17768,15467,16197,18485,11911,6858,16242,19873,9411,18805,17415,17193,31551,10315
1	1190	19428	11913,616,2653,8848,32860,6890,7501,31071,11571,12236,13958,1740,14365,13937,15215,13141,9968,9705,17768,15467,16197,18485,11911,6858,16242,19873,9411,18805,17415,17193,31551,10315
1	1190	21954	11913,616,2653,8848,32860,6890,7501,31071,11571,12236,13958,1740,14365,13937,15215,13141,9968,9705,17768,15467,16197,18485,11911,6858,16242,19873,9411,18805,17415,17193,31551,10315,19428
0	1190	22355	11913,616,2653,8848,32860,6890,7501,31071,11571,12236,13958,1740,14365,13937,15215,13141,9968,9705,17768,15467,16197,18485,11911,6858,16242,19873,9411,18805,17415,17193,31551,10315,19428,21954
1	1190	17168	11913,616,2653,8848,32860,6890,7501,31071,11571,12236,13958,1740,14365,13937,15215,13141,9968,9705,17768,15467,16197,18485,11911,6858,16242,19873,9411,18805,17415,17193,31551,10315,19428,21954
1	1190	23206	11913,616,2653,8848,32860,6890,7501,31071,11571,12236,13958,1740,14365,13937,15215,13141,9968,9705,17768,15467,16197,18485,11911,6858,16242,19873,9411,18805,17415,17193,31551,10315,19428,21954,17168
1	1190	22264	11913,616,2653,8848,32860,6890,7501,31071,11571,12236,13958,1740,14365,13937,15215,13141,9968,9705,17768,15467,16197,18485,11911,6858,16242,19873,9411,18805,17415,17193,31551,10315,19428,21954,17168,23206
1	1190	24386	11913,616,2653,8848,32860,6890,7501,31071,11571,12236,13958,1740,14365,13937,15215,13141,9968,9705,17768,15467,16197,18485,11911,6858,16242,19873,9411,18805,17415,17193,31551,10315,19428,21954,17168,23206,22264
1	1190	23453	11913,616,2653,8848,32860,6890,7501,31071,11571,12236,13958,1740,14365,13937,15215,13141,9968,9705,17768,15467,16197,18485,11911,6858,16242,19873,9411,18805,17415,17193,31551,10315,19428,21954,17168,23206,22264,24386
1	1190	19862	11913,616,2653,8848,32860,6890,7501,31071,11571,12236,13958,1740,14365,13937,15215,13141,9968,9705,17768,15467,16197,18485,11911,6858,16242,19873,9411,18805,17415,17193,31551,10315,19428,21954,17168,23206,22264,24386,23453
0	1190	20747	11913,616,2653,8848,32860,6890,7501,31071,11571,12236,13958,1740,14365,13937,15215,13141,9968,9705,17768,15467,16197,18485,11911,6858,16242,19873,9411,18805,17415,17193,31551,10315,19428,21954,17168,23206,22264,24386,23453,19862
1	1190	15220	11913,616,2653,8848,32860,6890,7501,31071,11571,12236,13958,1740,14365,13937,15215,13141,9968,9705,17768,15467,16197,18485,11911,6858,16242,19873,9411,18805,17415,17193,31551,10315,19428,21954,17168,23206,22264,24386,23453,19862
1	1190	14078	11913,616,2653,8848,32860,6890,7501,31071,11571,12236,13958,1740,14365,13937,15215,13141,9968,9705,17768,15467,16197,18485,11911,6858,16242,19873,9411,18805,17415,17193,31551,10315,19428,21954,17168,23206,22264,24386,23453,19862,15220
1	1190	20625	11913,616,2653,8848,32860,6890,7501,31071,11571,12236,13958,1740,14365,13937,15215,13141,9968,9705,17768,15467,16197,18485,11911,6858,16242,19873,9411,18805,17415,17193,31551,10315,19428,21954,17168,23206,22264,24386,23453,19862,15220,14078
0	1190	13214	11913,616,2653,8848,32860,6890,7501,31071,11571,12236,13958,1740,14365,13937,15215,13141,9968,9705,17768,15467,16197,18485,11911,6858,16242,19873,9411,18805,17415,17193,31551,10315,19428,21954,17168,23206,22264,24386,23453,19862,15220,14078,20625
0	1190	23027	11913,616,2653,8848,32860,6890,7501,31071,11571,12236,13958,1740,14365,13937,15215,13141,9968,9705,17768,15467,16197,18485,11911,6858,16242,19873,9411,18805,17415,17193,31551,10315,19428,21954,17168,23206,22264,24386,23453,19862,15220,14078,20625
1	1190	26445	11913,616,2653,8848,32860,6890,7501,31071,11571,12236,13958,1740,14365,13937,15215,13141,9968,9705,17768,15467,16197,18485,11911,6858,16242,19873,9411,18805,17415,17193,31551,10315,19428,21954,17168,23206,22264,24386,23453,19862,15220,14078,20625
1	1190	27077	11913,616,2653,8848,32860,6890,7501,31071,11571,12236,13958,1740,14365,13937,15215,13141,9968,9705,17768,15467,16197,18485,11911,6858,16242,19873,9411,18805,17415,17193,31551,10315,19428,21954,17168,23206,22264,24386,23453,19862,15220,14078,20625,26445
0	1190	28066	11913,616,2653,8848,32860,6890,7501,31071,11571,12236,13958,1740,14365,13937,15215,13141,9968,9705,17768,15467,16197,18485,11911,6858,16242,19873,9411,18805,17415,17193,31551,10315,19428,21954,17168,23206,22264,24386,23453,19862,15220,14078,20625,26445,27077
1	1190	26751	11913,616,2653,8848,32860,6890,7501,31071,11571,12236,13958,1740,14365,13937,15215,13141,9968,9705,17768,15467,16197,18485,11911,6858,16242,19873,9411,18805,17415,17193,31551,10315,19428,21954,17168,23206,22264,24386,23453,19862,15220,14078,20625,26445,27077
1	1190	25817	11913,616,2653,8848,32860,6890,7501,31071,11571,12236,13958,1740,14365,13937,15215,13141,9968,9705,17768,15467,16197,18485,11911,6858,16242,19873,9411,18805,17415,17193,31551,10315,19428,21954,17168,23206,22264,24386,23453,19862,15220,14078,20625,26445,27077,26751
1	1190	28973	11913,616,2653,8848,32860,6890,7501,31071,11571,12236,13958,1740,14365,13937,15215,13141,9968,9705,17768,15467,16197,18485,11911,6858,16242,19873,9411,18805,17415,17193,31551,10315,19428,21954,17168,23206,22264,24386,23453,19862,15220,14078,20625,26445,27077,26751,25817
1	1190	26401	11913,616,2653,8848,32860,6890,7501,31071,11571,12236,13958,1740,14365,13937,15215,13141,9968,9705,17768,15467,16197,18485,11911,6858,16242,19873,9411,18805,17415,17193,31551,10315,19428,21954,17168,23206,22264,24386,23453,19862,15220,14078,20625,26445,27077,26751,25817,28973
1	1190	20732	11913,616,2653,8848,32860,6890,7501,31071,11571,12236,13958,1740,14365,13937,15215,13141,9968,9705,17768,15467,16197,18485,11911,6858,16242,19873,9411,18805,17415,17193,31551,10315,19428,21954,17168,23206,22264,24386,23453,19862,15220,14078,20625,26445,27077,26751,25817,28973,26401
1	1190	7959	11913,616,2653,8848,32860,6890,7501,31071,11571,12236,13958,1740,14365,13937,15215,13141,9968,9705,17768,15467,16197,18485,11911,6858,16242,19873,9411,18805,17415,17193,31551,10315,19428,21954,17168,23206,22264,24386,23453,19862,15220,14078,20625,26445,27077,26751,25817,28973,26401,20732
0	1190	21866	11913,616,2653,8848,32860,6890,7501,31071,11571,12236,13958,1740,14365,13937,15215,13141,9968,9705,17768,15467,16197,18485,11911,6858,16242,19873,9411,18805,17415,17193,31551,10315,19428,21954,17168,23206,22264,24386,23453,19862,15220,14078,20625,26445,27077,26751,25817,28973,26401,20732,7959
1	1190	25222	11913,616,2653,8848,32860,6890,7501,31071,11571,12236,13958,1740,14365,13937,15215,13141,9968,9705,17768,15467,16197,18485,11911,6858,16242,19873,9411,18805,17415,17193,31551,10315,19428,21954,17168,23206,22264,24386,23453,19862,15220,14078,20625,26445,27077,26751,25817,28973,26401,20732,7959
1	1190	32185	11913,616,2653,8848,32860,6890,7501,31071,11571,12236,13958,1740,14365,13937,15215,13141,9968,9705,17768,15467,16197,18485,11911,6858,16242,19873,9411,18805,17415,17193,31551,10315,19428,21954,17168,23206,22264,24386,23453,19862,15220,14078,20625,26445,27077,26751,25817,28973,26401,20732,7959,25222
1	1190	9647	11913,616,2653,8848,32860,6890,7501,31071,11571,12236,13958,1740,14365,13937,15215,13141,9968,9705,17768,15467,16197,18485,11911,6858,16242,19873,9411,18805,17415,17193,31551,10315,19428,21954,17168,23206,22264,24386,23453,19862,15220,14078,20625,26445,27077,26751,25817,28973,26401,20732,7959,25222,32185
1	1190	11544	11913,616,2653,8848,32860,6890,7501,31071,11571,12236,13958,1740,14365,13937,15215,13141,9968,9705,17768,15467,16197,18485,11911,6858,16242,19873,9411,18805,17415,17193,31551,10315,19428,21954,17168,23206,22264,24386,23453,19862,15220,14078,20625,26445,27077,26751,25817,28973,26401,20732,7959,25222,32185,9647
