1	965	14530	0
1	965	6659	14530
1	965	5634	14530,6659
1	965	5219	14530,6659,5634
1	965	15574	14530,6659,5634,5219
1	965	10639	14530,6659,5634,5219,15574
1	965	12460	14530,6659,5634,5219,15574,10639
0	965	17634	14530,6659,5634,5219,15574,10639,12460
1	965	9296	14530,6659,5634,5219,15574,10639,12460
1	965	13228	14530,6659,5634,5219,15574,10639,12460,9296
1	965	14041	14530,6659,5634,5219,15574,10639,12460,9296,13228
1	965	17389	14530,6659,5634,5219,15574,10639,12460,9296,13228,14041
1	965	11869	14530,6659,5634,5219,15574,10639,12460,9296,13228,14041,17389
1	965	18822	14530,6659,5634,5219,15574,10639,12460,9296,13228,14041,17389,11869
1	965	4722	14530,6659,5634,5219,15574,10639,12460,9296,13228,14041,17389,11869,18822
1	965	15066	14530,6659,5634,5219,15574,10639,12460,9296,13228,14041,17389,11869,18822,4722
1	965	4727	14530,6659,5634,5219,15574,10639,12460,9296,13228,14041,17389,11869,18822,4722,15066
1	965	3325	14530,6659,5634,5219,15574,10639,12460,9296,13228,14041,17389,11869,18822,4722,15066,4727
1	965	10205	14530,6659,5634,5219,15574,10639,12460,9296,13228,14041,17389,11869,18822,4722,15066,4727,3325
1	965	8525	14530,6659,5634,5219,15574,10639,12460,9296,13228,14041,17389,11869,18822,4722,15066,4727,3325,10205
0	965	9970	14530,6659,5634,5219,15574,10639,12460,9296,13228,14041,17389,11869,18822,4722,15066,4727,3325,10205,8525
0	965	28942	14530,6659,5634,5219,15574,10639,12460,9296,13228,14041,17389,11869,18822,4722,15066,4727,3325,10205,8525
0	965	9626	14530,6659,5634,5219,15574,10639,12460,9296,13228,14041,17389,11869,18822,4722,15066,4727,3325,10205,8525
1	965	12015	14530,6659,5634,5219,15574,10639,12460,9296,13228,14041,17389,11869,18822,4722,15066,4727,3325,10205,8525
1	965	7693	14530,6659,5634,5219,15574,10639,12460,9296,13228,14041,17389,11869,18822,4722,15066,4727,3325,10205,8525,12015
1	965	13214	14530,6659,5634,5219,15574,10639,12460,9296,13228,14041,17389,11869,18822,4722,15066,4727,3325,10205,8525,12015,7693
0	965	6804	14530,6659,5634,5219,15574,10639,12460,9296,13228,14041,17389,11869,18822,4722,15066,4727,3325,10205,8525,12015,7693,13214
1	965	6166	14530,6659,5634,5219,15574,10639,12460,9296,13228,14041,17389,11869,18822,4722,15066,4727,3325,10205,8525,12015,7693,13214
1	965	19336	14530,6659,5634,5219,15574,10639,12460,9296,13228,14041,17389,11869,18822,4722,15066,4727,3325,10205,8525,12015,7693,13214,6166
1	965	12451	14530,6659,5634,5219,15574,10639,12460,9296,13228,14041,17389,11869,18822,4722,15066,4727,3325,10205,8525,12015,7693,13214,6166,19336
0	965	6395	14530,6659,5634,5219,15574,10639,12460,9296,13228,14041,17389,11869,18822,4722,15066,4727,3325,10205,8525,12015,7693,13214,6166,19336,12451
1	965	6837	14530,6659,5634,5219,15574,10639,12460,9296,13228,14041,17389,11869,18822,4722,15066,4727,3325,10205,8525,12015,7693,13214,6166,19336,12451
1	965	1628	14530,6659,5634,5219,15574,10639,12460,9296,13228,14041,17389,11869,18822,4722,15066,4727,3325,10205,8525,12015,7693,13214,6166,19336,12451,6837
1	965	26949	14530,6659,5634,5219,15574,10639,12460,9296,13228,14041,17389,11869,18822,4722,15066,4727,3325,10205,8525,12015,7693,13214,6166,19336,12451,6837,1628
1	965	473	14530,6659,5634,5219,15574,10639,12460,9296,13228,14041,17389,11869,18822,4722,15066,4727,3325,10205,8525,12015,7693,13214,6166,19336,12451,6837,1628,26949
0	965	10923	14530,6659,5634,5219,15574,10639,12460,9296,13228,14041,17389,11869,18822,4722,15066,4727,3325,10205,8525,12015,7693,13214,6166,19336,12451,6837,1628,26949,473
1	965	12491	14530,6659,5634,5219,15574,10639,12460,9296,13228,14041,17389,11869,18822,4722,15066,4727,3325,10205,8525,12015,7693,13214,6166,19336,12451,6837,1628,26949,473
1	965	5786	14530,6659,5634,5219,15574,10639,12460,9296,13228,14041,17389,11869,18822,4722,15066,4727,3325,10205,8525,12015,7693,13214,6166,19336,12451,6837,1628,26949,473,12491
1	965	22280	14530,6659,5634,5219,15574,10639,12460,9296,13228,14041,17389,11869,18822,4722,15066,4727,3325,10205,8525,12015,7693,13214,6166,19336,12451,6837,1628,26949,473,12491,5786
1	965	21395	14530,6659,5634,5219,15574,10639,12460,9296,13228,14041,17389,11869,18822,4722,15066,4727,3325,10205,8525,12015,7693,13214,6166,19336,12451,6837,1628,26949,473,12491,5786,22280
1	965	13254	14530,6659,5634,5219,15574,10639,12460,9296,13228,14041,17389,11869,18822,4722,15066,4727,3325,10205,8525,12015,7693,13214,6166,19336,12451,6837,1628,26949,473,12491,5786,22280,21395
1	965	28555	14530,6659,5634,5219,15574,10639,12460,9296,13228,14041,17389,11869,18822,4722,15066,4727,3325,10205,8525,12015,7693,13214,6166,19336,12451,6837,1628,26949,473,12491,5786,22280,21395,13254
