1	348	31201	0
1	348	30970	31201
1	348	4625	31201,30970
1	348	192	31201,30970,4625
1	348	31263	31201,30970,4625,192
1	348	31262	31201,30970,4625,192,31263
1	348	6400	31201,30970,4625,192,31263,31262
1	348	6690	31201,30970,4625,192,31263,31262,6400
1	348	10012	31201,30970,4625,192,31263,31262,6400,6690
1	348	32960	31201,30970,4625,192,31263,31262,6400,6690,10012
1	348	31757	31201,30970,4625,192,31263,31262,6400,6690,10012,32960
1	348	6682	31201,30970,4625,192,31263,31262,6400,6690,10012,32960,31757
1	348	958	31201,30970,4625,192,31263,31262,6400,6690,10012,32960,31757,6682
0	348	1785	31201,30970,4625,192,31263,31262,6400,6690,10012,32960,31757,6682,958
1	348	17788	31201,30970,4625,192,31263,31262,6400,6690,10012,32960,31757,6682,958
0	348	9307	31201,30970,4625,192,31263,31262,6400,6690,10012,32960,31757,6682,958,17788
1	348	16619	31201,30970,4625,192,31263,31262,6400,6690,10012,32960,31757,6682,958,17788
0	348	32140	31201,30970,4625,192,31263,31262,6400,6690,10012,32960,31757,6682,958,17788,16619
0	348	2414	31201,30970,4625,192,31263,31262,6400,6690,10012,32960,31757,6682,958,17788,16619
1	348	1120	31201,30970,4625,192,31263,31262,6400,6690,10012,32960,31757,6682,958,17788,16619
1	348	2389	31201,30970,4625,192,31263,31262,6400,6690,10012,32960,31757,6682,958,17788,16619,1120
1	348	32862	31201,30970,4625,192,31263,31262,6400,6690,10012,32960,31757,6682,958,17788,16619,1120,2389
1	348	5374	31201,30970,4625,192,31263,31262,6400,6690,10012,32960,31757,6682,958,17788,16619,1120,2389,32862
1	348	17165	31201,30970,4625,192,31263,31262,6400,6690,10012,32960,31757,6682,958,17788,16619,1120,2389,32862,5374
1	348	32830	31201,30970,4625,192,31263,31262,6400,6690,10012,32960,31757,6682,958,17788,16619,1120,2389,32862,5374,17165
0	348	1798	31201,30970,4625,192,31263,31262,6400,6690,10012,32960,31757,6682,958,17788,16619,1120,2389,32862,5374,17165,32830
1	348	2237	31201,30970,4625,192,31263,31262,6400,6690,10012,32960,31757,6682,958,17788,16619,1120,2389,32862,5374,17165,32830
0	348	3162	31201,30970,4625,192,31263,31262,6400,6690,10012,32960,31757,6682,958,17788,16619,1120,2389,32862,5374,17165,32830,2237
0	348	4581	31201,30970,4625,192,31263,31262,6400,6690,10012,32960,31757,6682,958,17788,16619,1120,2389,32862,5374,17165,32830,2237
1	348	1097	31201,30970,4625,192,31263,31262,6400,6690,10012,32960,31757,6682,958,17788,16619,1120,2389,32862,5374,17165,32830,2237
1	348	32949	31201,30970,4625,192,31263,31262,6400,6690,10012,32960,31757,6682,958,17788,16619,1120,2389,32862,5374,17165,32830,2237,1097
1	348	3553	31201,30970,4625,192,31263,31262,6400,6690,10012,32960,31757,6682,958,17788,16619,1120,2389,32862,5374,17165,32830,2237,1097,32949
1	348	143	31201,30970,4625,192,31263,31262,6400,6690,10012,32960,31757,6682,958,17788,16619,1120,2389,32862,5374,17165,32830,2237,1097,32949,3553
0	348	28856	31201,30970,4625,192,31263,31262,6400,6690,10012,32960,31757,6682,958,17788,16619,1120,2389,32862,5374,17165,32830,2237,1097,32949,3553,143
1	348	2163	31201,30970,4625,192,31263,31262,6400,6690,10012,32960,31757,6682,958,17788,16619,1120,2389,32862,5374,17165,32830,2237,1097,32949,3553,143
1	348	6231	31201,30970,4625,192,31263,31262,6400,6690,10012,32960,31757,6682,958,17788,16619,1120,2389,32862,5374,17165,32830,2237,1097,32949,3553,143,2163
0	348	2183	31201,30970,4625,192,31263,31262,6400,6690,10012,32960,31757,6682,958,17788,16619,1120,2389,32862,5374,17165,32830,2237,1097,32949,3553,143,2163,6231
0	348	2305	31201,30970,4625,192,31263,31262,6400,6690,10012,32960,31757,6682,958,17788,16619,1120,2389,32862,5374,17165,32830,2237,1097,32949,3553,143,2163,6231
1	348	10160	31201,30970,4625,192,31263,31262,6400,6690,10012,32960,31757,6682,958,17788,16619,1120,2389,32862,5374,17165,32830,2237,1097,32949,3553,143,2163,6231
1	348	7093	31201,30970,4625,192,31263,31262,6400,6690,10012,32960,31757,6682,958,17788,16619,1120,2389,32862,5374,17165,32830,2237,1097,32949,3553,143,2163,6231,10160
0	348	12238	31201,30970,4625,192,31263,31262,6400,6690,10012,32960,31757,6682,958,17788,16619,1120,2389,32862,5374,17165,32830,2237,1097,32949,3553,143,2163,6231,10160,7093
0	348	10839	31201,30970,4625,192,31263,31262,6400,6690,10012,32960,31757,6682,958,17788,16619,1120,2389,32862,5374,17165,32830,2237,1097,32949,3553,143,2163,6231,10160,7093
1	348	14181	31201,30970,4625,192,31263,31262,6400,6690,10012,32960,31757,6682,958,17788,16619,1120,2389,32862,5374,17165,32830,2237,1097,32949,3553,143,2163,6231,10160,7093
0	348	9585	31201,30970,4625,192,31263,31262,6400,6690,10012,32960,31757,6682,958,17788,16619,1120,2389,32862,5374,17165,32830,2237,1097,32949,3553,143,2163,6231,10160,7093,14181
1	348	32307	31201,30970,4625,192,31263,31262,6400,6690,10012,32960,31757,6682,958,17788,16619,1120,2389,32862,5374,17165,32830,2237,1097,32949,3553,143,2163,6231,10160,7093,14181
1	348	1515	31201,30970,4625,192,31263,31262,6400,6690,10012,32960,31757,6682,958,17788,16619,1120,2389,32862,5374,17165,32830,2237,1097,32949,3553,143,2163,6231,10160,7093,14181,32307
1	348	15467	31201,30970,4625,192,31263,31262,6400,6690,10012,32960,31757,6682,958,17788,16619,1120,2389,32862,5374,17165,32830,2237,1097,32949,3553,143,2163,6231,10160,7093,14181,32307,1515
0	348	4965	31201,30970,4625,192,31263,31262,6400,6690,10012,32960,31757,6682,958,17788,16619,1120,2389,32862,5374,17165,32830,2237,1097,32949,3553,143,2163,6231,10160,7093,14181,32307,1515,15467
0	348	10981	31201,30970,4625,192,31263,31262,6400,6690,10012,32960,31757,6682,958,17788,16619,1120,2389,32862,5374,17165,32830,2237,1097,32949,3553,143,2163,6231,10160,7093,14181,32307,1515,15467
1	348	18971	31201,30970,4625,192,31263,31262,6400,6690,10012,32960,31757,6682,958,17788,16619,1120,2389,32862,5374,17165,32830,2237,1097,32949,3553,143,2163,6231,10160,7093,14181,32307,1515,15467
0	348	15887	31201,30970,4625,192,31263,31262,6400,6690,10012,32960,31757,6682,958,17788,16619,1120,2389,32862,5374,17165,32830,2237,1097,32949,3553,143,2163,6231,10160,7093,14181,32307,1515,15467,18971
0	348	21114	31201,30970,4625,192,31263,31262,6400,6690,10012,32960,31757,6682,958,17788,16619,1120,2389,32862,5374,17165,32830,2237,1097,32949,3553,143,2163,6231,10160,7093,14181,32307,1515,15467,18971
1	348	22044	31201,30970,4625,192,31263,31262,6400,6690,10012,32960,31757,6682,958,17788,16619,1120,2389,32862,5374,17165,32830,2237,1097,32949,3553,143,2163,6231,10160,7093,14181,32307,1515,15467,18971
1	348	25057	31201,30970,4625,192,31263,31262,6400,6690,10012,32960,31757,6682,958,17788,16619,1120,2389,32862,5374,17165,32830,2237,1097,32949,3553,143,2163,6231,10160,7093,14181,32307,1515,15467,18971,22044
1	348	23722	31201,30970,4625,192,31263,31262,6400,6690,10012,32960,31757,6682,958,17788,16619,1120,2389,32862,5374,17165,32830,2237,1097,32949,3553,143,2163,6231,10160,7093,14181,32307,1515,15467,18971,22044,25057
1	348	24048	31201,30970,4625,192,31263,31262,6400,6690,10012,32960,31757,6682,958,17788,16619,1120,2389,32862,5374,17165,32830,2237,1097,32949,3553,143,2163,6231,10160,7093,14181,32307,1515,15467,18971,22044,25057,23722
1	348	28554	31201,30970,4625,192,31263,31262,6400,6690,10012,32960,31757,6682,958,17788,16619,1120,2389,32862,5374,17165,32830,2237,1097,32949,3553,143,2163,6231,10160,7093,14181,32307,1515,15467,18971,22044,25057,23722,24048
0	348	26010	31201,30970,4625,192,31263,31262,6400,6690,10012,32960,31757,6682,958,17788,16619,1120,2389,32862,5374,17165,32830,2237,1097,32949,3553,143,2163,6231,10160,7093,14181,32307,1515,15467,18971,22044,25057,23722,24048,28554
1	348	29109	31201,30970,4625,192,31263,31262,6400,6690,10012,32960,31757,6682,958,17788,16619,1120,2389,32862,5374,17165,32830,2237,1097,32949,3553,143,2163,6231,10160,7093,14181,32307,1515,15467,18971,22044,25057,23722,24048,28554
