1	53	24275	0
1	53	1805	24275
1	53	6233	24275,1805
1	53	8490	24275,1805,6233
1	53	8724	24275,1805,6233,8490
1	53	7214	24275,1805,6233,8490,8724
0	53	9616	24275,1805,6233,8490,8724,7214
1	53	11869	24275,1805,6233,8490,8724,7214
1	53	5016	24275,1805,6233,8490,8724,7214,11869
1	53	10203	24275,1805,6233,8490,8724,7214,11869,5016
0	53	14308	24275,1805,6233,8490,8724,7214,11869,5016,10203
1	53	8103	24275,1805,6233,8490,8724,7214,11869,5016,10203
1	53	31059	24275,1805,6233,8490,8724,7214,11869,5016,10203,8103
1	53	6889	24275,1805,6233,8490,8724,7214,11869,5016,10203,8103,31059
0	53	14433	24275,1805,6233,8490,8724,7214,11869,5016,10203,8103,31059,6889
0	53	15280	24275,1805,6233,8490,8724,7214,11869,5016,10203,8103,31059,6889
1	53	15218	24275,1805,6233,8490,8724,7214,11869,5016,10203,8103,31059,6889
0	53	18880	24275,1805,6233,8490,8724,7214,11869,5016,10203,8103,31059,6889,15218
0	53	15603	24275,1805,6233,8490,8724,7214,11869,5016,10203,8103,31059,6889,15218
1	53	1510	24275,1805,6233,8490,8724,7214,11869,5016,10203,8103,31059,6889,15218
1	53	3923	24275,1805,6233,8490,8724,7214,11869,5016,10203,8103,31059,6889,15218,1510
1	53	11744	24275,1805,6233,8490,8724,7214,11869,5016,10203,8103,31059,6889,15218,1510,3923
1	53	20053	24275,1805,6233,8490,8724,7214,11869,5016,10203,8103,31059,6889,15218,1510,3923,11744
0	53	30469	24275,1805,6233,8490,8724,7214,11869,5016,10203,8103,31059,6889,15218,1510,3923,11744,20053
1	53	14175	24275,1805,6233,8490,8724,7214,11869,5016,10203,8103,31059,6889,15218,1510,3923,11744,20053
1	53	16523	24275,1805,6233,8490,8724,7214,11869,5016,10203,8103,31059,6889,15218,1510,3923,11744,20053,14175
1	53	15303	24275,1805,6233,8490,8724,7214,11869,5016,10203,8103,31059,6889,15218,1510,3923,11744,20053,14175,16523
0	53	22803	24275,1805,6233,8490,8724,7214,11869,5016,10203,8103,31059,6889,15218,1510,3923,11744,20053,14175,16523,15303
1	53	23449	24275,1805,6233,8490,8724,7214,11869,5016,10203,8103,31059,6889,15218,1510,3923,11744,20053,14175,16523,15303
0	53	20627	24275,1805,6233,8490,8724,7214,11869,5016,10203,8103,31059,6889,15218,1510,3923,11744,20053,14175,16523,15303,23449
1	53	23662	24275,1805,6233,8490,8724,7214,11869,5016,10203,8103,31059,6889,15218,1510,3923,11744,20053,14175,16523,15303,23449
0	53	23839	24275,1805,6233,8490,8724,7214,11869,5016,10203,8103,31059,6889,15218,1510,3923,11744,20053,14175,16523,15303,23449,23662
0	53	22402	24275,1805,6233,8490,8724,7214,11869,5016,10203,8103,31059,6889,15218,1510,3923,11744,20053,14175,16523,15303,23449,23662
1	53	13798	24275,1805,6233,8490,8724,7214,11869,5016,10203,8103,31059,6889,15218,1510,3923,11744,20053,14175,16523,15303,23449,23662
0	53	17132	24275,1805,6233,8490,8724,7214,11869,5016,10203,8103,31059,6889,15218,1510,3923,11744,20053,14175,16523,15303,23449,23662,13798
1	53	21596	24275,1805,6233,8490,8724,7214,11869,5016,10203,8103,31059,6889,15218,1510,3923,11744,20053,14175,16523,15303,23449,23662,13798
0	53	24507	24275,1805,6233,8490,8724,7214,11869,5016,10203,8103,31059,6889,15218,1510,3923,11744,20053,14175,16523,15303,23449,23662,13798,21596
1	53	23716	24275,1805,6233,8490,8724,7214,11869,5016,10203,8103,31059,6889,15218,1510,3923,11744,20053,14175,16523,15303,23449,23662,13798,21596
1	53	19599	24275,1805,6233,8490,8724,7214,11869,5016,10203,8103,31059,6889,15218,1510,3923,11744,20053,14175,16523,15303,23449,23662,13798,21596,23716
0	53	23768	24275,1805,6233,8490,8724,7214,11869,5016,10203,8103,31059,6889,15218,1510,3923,11744,20053,14175,16523,15303,23449,23662,13798,21596,23716,19599
1	53	837	24275,1805,6233,8490,8724,7214,11869,5016,10203,8103,31059,6889,15218,1510,3923,11744,20053,14175,16523,15303,23449,23662,13798,21596,23716,19599
1	53	10601	24275,1805,6233,8490,8724,7214,11869,5016,10203,8103,31059,6889,15218,1510,3923,11744,20053,14175,16523,15303,23449,23662,13798,21596,23716,19599,837
0	53	25418	24275,1805,6233,8490,8724,7214,11869,5016,10203,8103,31059,6889,15218,1510,3923,11744,20053,14175,16523,15303,23449,23662,13798,21596,23716,19599,837,10601
1	53	25419	24275,1805,6233,8490,8724,7214,11869,5016,10203,8103,31059,6889,15218,1510,3923,11744,20053,14175,16523,15303,23449,23662,13798,21596,23716,19599,837,10601
0	53	25659	24275,1805,6233,8490,8724,7214,11869,5016,10203,8103,31059,6889,15218,1510,3923,11744,20053,14175,16523,15303,23449,23662,13798,21596,23716,19599,837,10601,25419
0	53	24843	24275,1805,6233,8490,8724,7214,11869,5016,10203,8103,31059,6889,15218,1510,3923,11744,20053,14175,16523,15303,23449,23662,13798,21596,23716,19599,837,10601,25419
0	53	26945	24275,1805,6233,8490,8724,7214,11869,5016,10203,8103,31059,6889,15218,1510,3923,11744,20053,14175,16523,15303,23449,23662,13798,21596,23716,19599,837,10601,25419
0	53	27378	24275,1805,6233,8490,8724,7214,11869,5016,10203,8103,31059,6889,15218,1510,3923,11744,20053,14175,16523,15303,23449,23662,13798,21596,23716,19599,837,10601,25419
0	53	16886	24275,1805,6233,8490,8724,7214,11869,5016,10203,8103,31059,6889,15218,1510,3923,11744,20053,14175,16523,15303,23449,23662,13798,21596,23716,19599,837,10601,25419
0	53	24048	24275,1805,6233,8490,8724,7214,11869,5016,10203,8103,31059,6889,15218,1510,3923,11744,20053,14175,16523,15303,23449,23662,13798,21596,23716,19599,837,10601,25419
0	53	24584	24275,1805,6233,8490,8724,7214,11869,5016,10203,8103,31059,6889,15218,1510,3923,11744,20053,14175,16523,15303,23449,23662,13798,21596,23716,19599,837,10601,25419
0	53	28431	24275,1805,6233,8490,8724,7214,11869,5016,10203,8103,31059,6889,15218,1510,3923,11744,20053,14175,16523,15303,23449,23662,13798,21596,23716,19599,837,10601,25419
0	53	28071	24275,1805,6233,8490,8724,7214,11869,5016,10203,8103,31059,6889,15218,1510,3923,11744,20053,14175,16523,15303,23449,23662,13798,21596,23716,19599,837,10601,25419
0	53	27377	24275,1805,6233,8490,8724,7214,11869,5016,10203,8103,31059,6889,15218,1510,3923,11744,20053,14175,16523,15303,23449,23662,13798,21596,23716,19599,837,10601,25419
0	53	27153	24275,1805,6233,8490,8724,7214,11869,5016,10203,8103,31059,6889,15218,1510,3923,11744,20053,14175,16523,15303,23449,23662,13798,21596,23716,19599,837,10601,25419
0	53	28089	24275,1805,6233,8490,8724,7214,11869,5016,10203,8103,31059,6889,15218,1510,3923,11744,20053,14175,16523,15303,23449,23662,13798,21596,23716,19599,837,10601,25419
