1	1384	15415	0
1	1384	16579	15415
0	1384	29880	15415,16579
0	1384	30283	15415,16579
0	1384	1897	15415,16579
1	1384	22317	15415,16579
0	1384	4051	15415,16579,22317
1	1384	4450	15415,16579,22317
1	1384	7107	15415,16579,22317,4450
0	1384	6618	15415,16579,22317,4450,7107
0	1384	8308	15415,16579,22317,4450,7107
1	1384	10273	15415,16579,22317,4450,7107
0	1384	10299	15415,16579,22317,4450,7107,10273
0	1384	12949	15415,16579,22317,4450,7107,10273
0	1384	8960	15415,16579,22317,4450,7107,10273
1	1384	9703	15415,16579,22317,4450,7107,10273
0	1384	16022	15415,16579,22317,4450,7107,10273,9703
0	1384	12143	15415,16579,22317,4450,7107,10273,9703
1	1384	18955	15415,16579,22317,4450,7107,10273,9703
1	1384	11576	15415,16579,22317,4450,7107,10273,9703,18955
0	1384	17943	15415,16579,22317,4450,7107,10273,9703,18955,11576
0	1384	18877	15415,16579,22317,4450,7107,10273,9703,18955,11576
1	1384	20754	15415,16579,22317,4450,7107,10273,9703,18955,11576
0	1384	14252	15415,16579,22317,4450,7107,10273,9703,18955,11576,20754
0	1384	24563	15415,16579,22317,4450,7107,10273,9703,18955,11576,20754
1	1384	24926	15415,16579,22317,4450,7107,10273,9703,18955,11576,20754
0	1384	19420	15415,16579,22317,4450,7107,10273,9703,18955,11576,20754,24926
0	1384	23436	15415,16579,22317,4450,7107,10273,9703,18955,11576,20754,24926
0	1384	23453	15415,16579,22317,4450,7107,10273,9703,18955,11576,20754,24926
1	1384	24789	15415,16579,22317,4450,7107,10273,9703,18955,11576,20754,24926
0	1384	24786	15415,16579,22317,4450,7107,10273,9703,18955,11576,20754,24926,24789
0	1384	26326	15415,16579,22317,4450,7107,10273,9703,18955,11576,20754,24926,24789
0	1384	25994	15415,16579,22317,4450,7107,10273,9703,18955,11576,20754,24926,24789
1	1384	24794	15415,16579,22317,4450,7107,10273,9703,18955,11576,20754,24926,24789
0	1384	10739	15415,16579,22317,4450,7107,10273,9703,18955,11576,20754,24926,24789,24794
0	1384	11977	15415,16579,22317,4450,7107,10273,9703,18955,11576,20754,24926,24789,24794
1	1384	25248	15415,16579,22317,4450,7107,10273,9703,18955,11576,20754,24926,24789,24794
0	1384	26585	15415,16579,22317,4450,7107,10273,9703,18955,11576,20754,24926,24789,24794,25248
0	1384	20785	15415,16579,22317,4450,7107,10273,9703,18955,11576,20754,24926,24789,24794,25248
0	1384	24788	15415,16579,22317,4450,7107,10273,9703,18955,11576,20754,24926,24789,24794,25248
1	1384	25817	15415,16579,22317,4450,7107,10273,9703,18955,11576,20754,24926,24789,24794,25248
0	1384	26823	15415,16579,22317,4450,7107,10273,9703,18955,11576,20754,24926,24789,24794,25248,25817
0	1384	26957	15415,16579,22317,4450,7107,10273,9703,18955,11576,20754,24926,24789,24794,25248,25817
