1	1651	507	0
1	1651	11744	507
1	1651	14364	507,11744
0	1651	17035	507,11744,14364
1	1651	7693	507,11744,14364
1	1651	18371	507,11744,14364,7693
1	1651	7245	507,11744,14364,7693,18371
1	1651	6476	507,11744,14364,7693,18371,7245
1	1651	23794	507,11744,14364,7693,18371,7245,6476
1	1651	1505	507,11744,14364,7693,18371,7245,6476,23794
1	1651	16062	507,11744,14364,7693,18371,7245,6476,23794,1505
1	1651	23795	507,11744,14364,7693,18371,7245,6476,23794,1505,16062
1	1651	19640	507,11744,14364,7693,18371,7245,6476,23794,1505,16062,23795
1	1651	16235	507,11744,14364,7693,18371,7245,6476,23794,1505,16062,23795,19640
1	1651	31190	507,11744,14364,7693,18371,7245,6476,23794,1505,16062,23795,19640,16235
1	1651	25486	507,11744,14364,7693,18371,7245,6476,23794,1505,16062,23795,19640,16235,31190
1	1651	25242	507,11744,14364,7693,18371,7245,6476,23794,1505,16062,23795,19640,16235,31190,25486
0	1651	27190	507,11744,14364,7693,18371,7245,6476,23794,1505,16062,23795,19640,16235,31190,25486,25242
1	1651	26602	507,11744,14364,7693,18371,7245,6476,23794,1505,16062,23795,19640,16235,31190,25486,25242
0	1651	6901	507,11744,14364,7693,18371,7245,6476,23794,1505,16062,23795,19640,16235,31190,25486,25242,26602
1	1651	15053	507,11744,14364,7693,18371,7245,6476,23794,1505,16062,23795,19640,16235,31190,25486,25242,26602
1	1651	22337	507,11744,14364,7693,18371,7245,6476,23794,1505,16062,23795,19640,16235,31190,25486,25242,26602,15053
1	1651	24446	507,11744,14364,7693,18371,7245,6476,23794,1505,16062,23795,19640,16235,31190,25486,25242,26602,15053,22337
1	1651	26274	507,11744,14364,7693,18371,7245,6476,23794,1505,16062,23795,19640,16235,31190,25486,25242,26602,15053,22337,24446
1	1651	26275	507,11744,14364,7693,18371,7245,6476,23794,1505,16062,23795,19640,16235,31190,25486,25242,26602,15053,22337,24446,26274
1	1651	18192	507,11744,14364,7693,18371,7245,6476,23794,1505,16062,23795,19640,16235,31190,25486,25242,26602,15053,22337,24446,26274,26275
1	1651	29208	507,11744,14364,7693,18371,7245,6476,23794,1505,16062,23795,19640,16235,31190,25486,25242,26602,15053,22337,24446,26274,26275,18192
1	1651	21552	507,11744,14364,7693,18371,7245,6476,23794,1505,16062,23795,19640,16235,31190,25486,25242,26602,15053,22337,24446,26274,26275,18192,29208
1	1651	19321	507,11744,14364,7693,18371,7245,6476,23794,1505,16062,23795,19640,16235,31190,25486,25242,26602,15053,22337,24446,26274,26275,18192,29208,21552
0	1651	13611	507,11744,14364,7693,18371,7245,6476,23794,1505,16062,23795,19640,16235,31190,25486,25242,26602,15053,22337,24446,26274,26275,18192,29208,21552,19321
0	1651	13431	507,11744,14364,7693,18371,7245,6476,23794,1505,16062,23795,19640,16235,31190,25486,25242,26602,15053,22337,24446,26274,26275,18192,29208,21552,19321
1	1651	18946	507,11744,14364,7693,18371,7245,6476,23794,1505,16062,23795,19640,16235,31190,25486,25242,26602,15053,22337,24446,26274,26275,18192,29208,21552,19321
1	1651	26637	507,11744,14364,7693,18371,7245,6476,23794,1505,16062,23795,19640,16235,31190,25486,25242,26602,15053,22337,24446,26274,26275,18192,29208,21552,19321,18946
0	1651	3808	507,11744,14364,7693,18371,7245,6476,23794,1505,16062,23795,19640,16235,31190,25486,25242,26602,15053,22337,24446,26274,26275,18192,29208,21552,19321,18946,26637
1	1651	8707	507,11744,14364,7693,18371,7245,6476,23794,1505,16062,23795,19640,16235,31190,25486,25242,26602,15053,22337,24446,26274,26275,18192,29208,21552,19321,18946,26637
1	1651	8697	507,11744,14364,7693,18371,7245,6476,23794,1505,16062,23795,19640,16235,31190,25486,25242,26602,15053,22337,24446,26274,26275,18192,29208,21552,19321,18946,26637,8707
1	1651	24736	507,11744,14364,7693,18371,7245,6476,23794,1505,16062,23795,19640,16235,31190,25486,25242,26602,15053,22337,24446,26274,26275,18192,29208,21552,19321,18946,26637,8707,8697
1	1651	18133	507,11744,14364,7693,18371,7245,6476,23794,1505,16062,23795,19640,16235,31190,25486,25242,26602,15053,22337,24446,26274,26275,18192,29208,21552,19321,18946,26637,8707,8697,24736
1	1651	12051	507,11744,14364,7693,18371,7245,6476,23794,1505,16062,23795,19640,16235,31190,25486,25242,26602,15053,22337,24446,26274,26275,18192,29208,21552,19321,18946,26637,8707,8697,24736,18133
0	1651	22132	507,11744,14364,7693,18371,7245,6476,23794,1505,16062,23795,19640,16235,31190,25486,25242,26602,15053,22337,24446,26274,26275,18192,29208,21552,19321,18946,26637,8707,8697,24736,18133,12051
0	1651	25988	507,11744,14364,7693,18371,7245,6476,23794,1505,16062,23795,19640,16235,31190,25486,25242,26602,15053,22337,24446,26274,26275,18192,29208,21552,19321,18946,26637,8707,8697,24736,18133,12051
