0	682	32135	0
1	682	12391	0
0	682	17620	12391
1	682	31408	12391
0	682	10733	12391,31408
1	682	13226	12391,31408
0	682	9304	12391,31408,13226
0	682	11862	12391,31408,13226
0	682	15219	12391,31408,13226
1	682	17980	12391,31408,13226
0	682	17014	12391,31408,13226,17980
1	682	19251	12391,31408,13226,17980
0	682	19894	12391,31408,13226,17980,19251
1	682	19569	12391,31408,13226,17980,19251
0	682	21063	12391,31408,13226,17980,19251,19569
1	682	22488	12391,31408,13226,17980,19251,19569
0	682	23056	12391,31408,13226,17980,19251,19569,22488
0	682	23490	12391,31408,13226,17980,19251,19569,22488
1	682	11869	12391,31408,13226,17980,19251,19569,22488
0	682	15096	12391,31408,13226,17980,19251,19569,22488,11869
1	682	24703	12391,31408,13226,17980,19251,19569,22488,11869
1	682	9213	12391,31408,13226,17980,19251,19569,22488,11869,24703
1	682	25132	12391,31408,13226,17980,19251,19569,22488,11869,24703,9213
0	682	24841	12391,31408,13226,17980,19251,19569,22488,11869,24703,9213,25132
0	682	23153	12391,31408,13226,17980,19251,19569,22488,11869,24703,9213,25132
0	682	15221	12391,31408,13226,17980,19251,19569,22488,11869,24703,9213,25132
1	682	24908	12391,31408,13226,17980,19251,19569,22488,11869,24703,9213,25132
0	682	15218	12391,31408,13226,17980,19251,19569,22488,11869,24703,9213,25132,24908
0	682	25302	12391,31408,13226,17980,19251,19569,22488,11869,24703,9213,25132,24908
0	682	26515	12391,31408,13226,17980,19251,19569,22488,11869,24703,9213,25132,24908
0	682	25846	12391,31408,13226,17980,19251,19569,22488,11869,24703,9213,25132,24908
0	682	23760	12391,31408,13226,17980,19251,19569,22488,11869,24703,9213,25132,24908
0	682	25248	12391,31408,13226,17980,19251,19569,22488,11869,24703,9213,25132,24908
0	682	25578	12391,31408,13226,17980,19251,19569,22488,11869,24703,9213,25132,24908
0	682	27770	12391,31408,13226,17980,19251,19569,22488,11869,24703,9213,25132,24908
0	682	23577	12391,31408,13226,17980,19251,19569,22488,11869,24703,9213,25132,24908
0	682	28066	12391,31408,13226,17980,19251,19569,22488,11869,24703,9213,25132,24908
0	682	26576	12391,31408,13226,17980,19251,19569,22488,11869,24703,9213,25132,24908
1	682	27774	12391,31408,13226,17980,19251,19569,22488,11869,24703,9213,25132,24908
1	682	28173	12391,31408,13226,17980,19251,19569,22488,11869,24703,9213,25132,24908,27774
0	682	25250	12391,31408,13226,17980,19251,19569,22488,11869,24703,9213,25132,24908,27774,28173
1	682	25817	12391,31408,13226,17980,19251,19569,22488,11869,24703,9213,25132,24908,27774,28173
0	682	28633	12391,31408,13226,17980,19251,19569,22488,11869,24703,9213,25132,24908,27774,28173,25817
1	682	28728	12391,31408,13226,17980,19251,19569,22488,11869,24703,9213,25132,24908,27774,28173,25817
0	682	28973	12391,31408,13226,17980,19251,19569,22488,11869,24703,9213,25132,24908,27774,28173,25817,28728
1	682	28988	12391,31408,13226,17980,19251,19569,22488,11869,24703,9213,25132,24908,27774,28173,25817,28728
0	682	26776	12391,31408,13226,17980,19251,19569,22488,11869,24703,9213,25132,24908,27774,28173,25817,28728,28988
0	682	28437	12391,31408,13226,17980,19251,19569,22488,11869,24703,9213,25132,24908,27774,28173,25817,28728,28988
0	682	26781	12391,31408,13226,17980,19251,19569,22488,11869,24703,9213,25132,24908,27774,28173,25817,28728,28988
1	682	28768	12391,31408,13226,17980,19251,19569,22488,11869,24703,9213,25132,24908,27774,28173,25817,28728,28988
1	682	28878	12391,31408,13226,17980,19251,19569,22488,11869,24703,9213,25132,24908,27774,28173,25817,28728,28988,28768
