1	354	5408	0
1	354	8575	5408
0	354	13750	5408,8575
0	354	14341	5408,8575
1	354	14642	5408,8575
0	354	15203	5408,8575,14642
1	354	11946	5408,8575,14642
0	354	14949	5408,8575,14642,11946
0	354	13620	5408,8575,14642,11946
1	354	15811	5408,8575,14642,11946
0	354	16277	5408,8575,14642,11946,15811
0	354	16628	5408,8575,14642,11946,15811
0	354	13295	5408,8575,14642,11946,15811
0	354	12947	5408,8575,14642,11946,15811
0	354	17669	5408,8575,14642,11946,15811
0	354	19176	5408,8575,14642,11946,15811
0	354	19571	5408,8575,14642,11946,15811
0	354	21382	5408,8575,14642,11946,15811
0	354	19232	5408,8575,14642,11946,15811
1	354	22052	5408,8575,14642,11946,15811
1	354	20658	5408,8575,14642,11946,15811,22052
1	354	23452	5408,8575,14642,11946,15811,22052,20658
0	354	19881	5408,8575,14642,11946,15811,22052,20658,23452
0	354	20088	5408,8575,14642,11946,15811,22052,20658,23452
0	354	21312	5408,8575,14642,11946,15811,22052,20658,23452
1	354	22111	5408,8575,14642,11946,15811,22052,20658,23452
0	354	22631	5408,8575,14642,11946,15811,22052,20658,23452,22111
0	354	24169	5408,8575,14642,11946,15811,22052,20658,23452,22111
1	354	22104	5408,8575,14642,11946,15811,22052,20658,23452,22111
1	354	24425	5408,8575,14642,11946,15811,22052,20658,23452,22111,22104
0	354	25185	5408,8575,14642,11946,15811,22052,20658,23452,22111,22104,24425
1	354	25337	5408,8575,14642,11946,15811,22052,20658,23452,22111,22104,24425
0	354	14177	5408,8575,14642,11946,15811,22052,20658,23452,22111,22104,24425,25337
0	354	21063	5408,8575,14642,11946,15811,22052,20658,23452,22111,22104,24425,25337
1	354	27586	5408,8575,14642,11946,15811,22052,20658,23452,22111,22104,24425,25337
0	354	23913	5408,8575,14642,11946,15811,22052,20658,23452,22111,22104,24425,25337,27586
1	354	26178	5408,8575,14642,11946,15811,22052,20658,23452,22111,22104,24425,25337,27586
1	354	24479	5408,8575,14642,11946,15811,22052,20658,23452,22111,22104,24425,25337,27586,26178
1	354	19933	5408,8575,14642,11946,15811,22052,20658,23452,22111,22104,24425,25337,27586,26178,24479
1	354	28555	5408,8575,14642,11946,15811,22052,20658,23452,22111,22104,24425,25337,27586,26178,24479,19933
0	354	28037	5408,8575,14642,11946,15811,22052,20658,23452,22111,22104,24425,25337,27586,26178,24479,19933,28555
