1	1762	806	0
0	1762	3429	806
1	1762	31318	806
0	1762	3880	806,31318
1	1762	8538	806,31318
1	1762	8341	806,31318,8538
0	1762	10046	806,31318,8538,8341
1	1762	11263	806,31318,8538,8341
1	1762	9723	806,31318,8538,8341,11263
1	1762	8575	806,31318,8538,8341,11263,9723
0	1762	10738	806,31318,8538,8341,11263,9723,8575
0	1762	13866	806,31318,8538,8341,11263,9723,8575
1	1762	9702	806,31318,8538,8341,11263,9723,8575
1	1762	15213	806,31318,8538,8341,11263,9723,8575,9702
0	1762	31445	806,31318,8538,8341,11263,9723,8575,9702,15213
1	1762	15123	806,31318,8538,8341,11263,9723,8575,9702,15213
1	1762	9705	806,31318,8538,8341,11263,9723,8575,9702,15213,15123
1	1762	16545	806,31318,8538,8341,11263,9723,8575,9702,15213,15123,9705
0	1762	15620	806,31318,8538,8341,11263,9723,8575,9702,15213,15123,9705,16545
0	1762	16460	806,31318,8538,8341,11263,9723,8575,9702,15213,15123,9705,16545
0	1762	19615	806,31318,8538,8341,11263,9723,8575,9702,15213,15123,9705,16545
0	1762	19670	806,31318,8538,8341,11263,9723,8575,9702,15213,15123,9705,16545
1	1762	15602	806,31318,8538,8341,11263,9723,8575,9702,15213,15123,9705,16545
0	1762	17181	806,31318,8538,8341,11263,9723,8575,9702,15213,15123,9705,16545,15602
1	1762	20388	806,31318,8538,8341,11263,9723,8575,9702,15213,15123,9705,16545,15602
0	1762	20591	806,31318,8538,8341,11263,9723,8575,9702,15213,15123,9705,16545,15602,20388
0	1762	21956	806,31318,8538,8341,11263,9723,8575,9702,15213,15123,9705,16545,15602,20388
1	1762	17132	806,31318,8538,8341,11263,9723,8575,9702,15213,15123,9705,16545,15602,20388
1	1762	18142	806,31318,8538,8341,11263,9723,8575,9702,15213,15123,9705,16545,15602,20388,17132
0	1762	22098	806,31318,8538,8341,11263,9723,8575,9702,15213,15123,9705,16545,15602,20388,17132,18142
0	1762	22038	806,31318,8538,8341,11263,9723,8575,9702,15213,15123,9705,16545,15602,20388,17132,18142
0	1762	23449	806,31318,8538,8341,11263,9723,8575,9702,15213,15123,9705,16545,15602,20388,17132,18142
0	1762	23636	806,31318,8538,8341,11263,9723,8575,9702,15213,15123,9705,16545,15602,20388,17132,18142
0	1762	22036	806,31318,8538,8341,11263,9723,8575,9702,15213,15123,9705,16545,15602,20388,17132,18142
1	1762	23494	806,31318,8538,8341,11263,9723,8575,9702,15213,15123,9705,16545,15602,20388,17132,18142
0	1762	23587	806,31318,8538,8341,11263,9723,8575,9702,15213,15123,9705,16545,15602,20388,17132,18142,23494
0	1762	24728	806,31318,8538,8341,11263,9723,8575,9702,15213,15123,9705,16545,15602,20388,17132,18142,23494
1	1762	21596	806,31318,8538,8341,11263,9723,8575,9702,15213,15123,9705,16545,15602,20388,17132,18142,23494
0	1762	24948	806,31318,8538,8341,11263,9723,8575,9702,15213,15123,9705,16545,15602,20388,17132,18142,23494,21596
1	1762	23322	806,31318,8538,8341,11263,9723,8575,9702,15213,15123,9705,16545,15602,20388,17132,18142,23494,21596
1	1762	25998	806,31318,8538,8341,11263,9723,8575,9702,15213,15123,9705,16545,15602,20388,17132,18142,23494,21596,23322
0	1762	20625	806,31318,8538,8341,11263,9723,8575,9702,15213,15123,9705,16545,15602,20388,17132,18142,23494,21596,23322,25998
1	1762	24727	806,31318,8538,8341,11263,9723,8575,9702,15213,15123,9705,16545,15602,20388,17132,18142,23494,21596,23322,25998
0	1762	22999	806,31318,8538,8341,11263,9723,8575,9702,15213,15123,9705,16545,15602,20388,17132,18142,23494,21596,23322,25998,24727
0	1762	23453	806,31318,8538,8341,11263,9723,8575,9702,15213,15123,9705,16545,15602,20388,17132,18142,23494,21596,23322,25998,24727
1	1762	26377	806,31318,8538,8341,11263,9723,8575,9702,15213,15123,9705,16545,15602,20388,17132,18142,23494,21596,23322,25998,24727
1	1762	27586	806,31318,8538,8341,11263,9723,8575,9702,15213,15123,9705,16545,15602,20388,17132,18142,23494,21596,23322,25998,24727,26377
0	1762	21017	806,31318,8538,8341,11263,9723,8575,9702,15213,15123,9705,16545,15602,20388,17132,18142,23494,21596,23322,25998,24727,26377,27586
0	1762	26751	806,31318,8538,8341,11263,9723,8575,9702,15213,15123,9705,16545,15602,20388,17132,18142,23494,21596,23322,25998,24727,26377,27586
0	1762	27769	806,31318,8538,8341,11263,9723,8575,9702,15213,15123,9705,16545,15602,20388,17132,18142,23494,21596,23322,25998,24727,26377,27586
0	1762	24048	806,31318,8538,8341,11263,9723,8575,9702,15213,15123,9705,16545,15602,20388,17132,18142,23494,21596,23322,25998,24727,26377,27586
1	1762	28145	806,31318,8538,8341,11263,9723,8575,9702,15213,15123,9705,16545,15602,20388,17132,18142,23494,21596,23322,25998,24727,26377,27586
1	1762	28469	806,31318,8538,8341,11263,9723,8575,9702,15213,15123,9705,16545,15602,20388,17132,18142,23494,21596,23322,25998,24727,26377,27586,28145
1	1762	17570	806,31318,8538,8341,11263,9723,8575,9702,15213,15123,9705,16545,15602,20388,17132,18142,23494,21596,23322,25998,24727,26377,27586,28145,28469
1	1762	29236	806,31318,8538,8341,11263,9723,8575,9702,15213,15123,9705,16545,15602,20388,17132,18142,23494,21596,23322,25998,24727,26377,27586,28145,28469,17570
1	1762	28347	806,31318,8538,8341,11263,9723,8575,9702,15213,15123,9705,16545,15602,20388,17132,18142,23494,21596,23322,25998,24727,26377,27586,28145,28469,17570,29236
1	1762	29108	806,31318,8538,8341,11263,9723,8575,9702,15213,15123,9705,16545,15602,20388,17132,18142,23494,21596,23322,25998,24727,26377,27586,28145,28469,17570,29236,28347
