0	373	6434	0
1	373	6141	0
1	373	7371	6141
1	373	4991	6141,7371
1	373	5698	6141,7371,4991
1	373	7130	6141,7371,4991,5698
1	373	5780	6141,7371,4991,5698,7130
1	373	6687	6141,7371,4991,5698,7130,5780
1	373	8160	6141,7371,4991,5698,7130,5780,6687
0	373	8629	6141,7371,4991,5698,7130,5780,6687,8160
0	373	8985	6141,7371,4991,5698,7130,5780,6687,8160
1	373	1264	6141,7371,4991,5698,7130,5780,6687,8160
1	373	3273	6141,7371,4991,5698,7130,5780,6687,8160,1264
0	373	7902	6141,7371,4991,5698,7130,5780,6687,8160,1264,3273
1	373	6732	6141,7371,4991,5698,7130,5780,6687,8160,1264,3273
0	373	9891	6141,7371,4991,5698,7130,5780,6687,8160,1264,3273,6732
0	373	9725	6141,7371,4991,5698,7130,5780,6687,8160,1264,3273,6732
1	373	10892	6141,7371,4991,5698,7130,5780,6687,8160,1264,3273,6732
0	373	12255	6141,7371,4991,5698,7130,5780,6687,8160,1264,3273,6732,10892
1	373	6283	6141,7371,4991,5698,7130,5780,6687,8160,1264,3273,6732,10892
1	373	12344	6141,7371,4991,5698,7130,5780,6687,8160,1264,3273,6732,10892,6283
1	373	13228	6141,7371,4991,5698,7130,5780,6687,8160,1264,3273,6732,10892,6283,12344
1	373	14367	6141,7371,4991,5698,7130,5780,6687,8160,1264,3273,6732,10892,6283,12344,13228
1	373	11916	6141,7371,4991,5698,7130,5780,6687,8160,1264,3273,6732,10892,6283,12344,13228,14367
1	373	11850	6141,7371,4991,5698,7130,5780,6687,8160,1264,3273,6732,10892,6283,12344,13228,14367,11916
1	373	14341	6141,7371,4991,5698,7130,5780,6687,8160,1264,3273,6732,10892,6283,12344,13228,14367,11916,11850
0	373	15325	6141,7371,4991,5698,7130,5780,6687,8160,1264,3273,6732,10892,6283,12344,13228,14367,11916,11850,14341
0	373	15326	6141,7371,4991,5698,7130,5780,6687,8160,1264,3273,6732,10892,6283,12344,13228,14367,11916,11850,14341
0	373	9086	6141,7371,4991,5698,7130,5780,6687,8160,1264,3273,6732,10892,6283,12344,13228,14367,11916,11850,14341
1	373	10482	6141,7371,4991,5698,7130,5780,6687,8160,1264,3273,6732,10892,6283,12344,13228,14367,11916,11850,14341
0	373	13874	6141,7371,4991,5698,7130,5780,6687,8160,1264,3273,6732,10892,6283,12344,13228,14367,11916,11850,14341,10482
1	373	15292	6141,7371,4991,5698,7130,5780,6687,8160,1264,3273,6732,10892,6283,12344,13228,14367,11916,11850,14341,10482
0	373	15230	6141,7371,4991,5698,7130,5780,6687,8160,1264,3273,6732,10892,6283,12344,13228,14367,11916,11850,14341,10482,15292
0	373	19176	6141,7371,4991,5698,7130,5780,6687,8160,1264,3273,6732,10892,6283,12344,13228,14367,11916,11850,14341,10482,15292
0	373	20477	6141,7371,4991,5698,7130,5780,6687,8160,1264,3273,6732,10892,6283,12344,13228,14367,11916,11850,14341,10482,15292
1	373	20043	6141,7371,4991,5698,7130,5780,6687,8160,1264,3273,6732,10892,6283,12344,13228,14367,11916,11850,14341,10482,15292
0	373	19653	6141,7371,4991,5698,7130,5780,6687,8160,1264,3273,6732,10892,6283,12344,13228,14367,11916,11850,14341,10482,15292,20043
0	373	20319	6141,7371,4991,5698,7130,5780,6687,8160,1264,3273,6732,10892,6283,12344,13228,14367,11916,11850,14341,10482,15292,20043
0	373	20385	6141,7371,4991,5698,7130,5780,6687,8160,1264,3273,6732,10892,6283,12344,13228,14367,11916,11850,14341,10482,15292,20043
0	373	21146	6141,7371,4991,5698,7130,5780,6687,8160,1264,3273,6732,10892,6283,12344,13228,14367,11916,11850,14341,10482,15292,20043
0	373	11958	6141,7371,4991,5698,7130,5780,6687,8160,1264,3273,6732,10892,6283,12344,13228,14367,11916,11850,14341,10482,15292,20043
0	373	22804	6141,7371,4991,5698,7130,5780,6687,8160,1264,3273,6732,10892,6283,12344,13228,14367,11916,11850,14341,10482,15292,20043
0	373	23127	6141,7371,4991,5698,7130,5780,6687,8160,1264,3273,6732,10892,6283,12344,13228,14367,11916,11850,14341,10482,15292,20043
0	373	22111	6141,7371,4991,5698,7130,5780,6687,8160,1264,3273,6732,10892,6283,12344,13228,14367,11916,11850,14341,10482,15292,20043
1	373	19418	6141,7371,4991,5698,7130,5780,6687,8160,1264,3273,6732,10892,6283,12344,13228,14367,11916,11850,14341,10482,15292,20043
0	373	24884	6141,7371,4991,5698,7130,5780,6687,8160,1264,3273,6732,10892,6283,12344,13228,14367,11916,11850,14341,10482,15292,20043,19418
0	373	31489	6141,7371,4991,5698,7130,5780,6687,8160,1264,3273,6732,10892,6283,12344,13228,14367,11916,11850,14341,10482,15292,20043,19418
0	373	18383	6141,7371,4991,5698,7130,5780,6687,8160,1264,3273,6732,10892,6283,12344,13228,14367,11916,11850,14341,10482,15292,20043,19418
1	373	20412	6141,7371,4991,5698,7130,5780,6687,8160,1264,3273,6732,10892,6283,12344,13228,14367,11916,11850,14341,10482,15292,20043,19418
0	373	23436	6141,7371,4991,5698,7130,5780,6687,8160,1264,3273,6732,10892,6283,12344,13228,14367,11916,11850,14341,10482,15292,20043,19418,20412
1	373	26116	6141,7371,4991,5698,7130,5780,6687,8160,1264,3273,6732,10892,6283,12344,13228,14367,11916,11850,14341,10482,15292,20043,19418,20412
0	373	23128	6141,7371,4991,5698,7130,5780,6687,8160,1264,3273,6732,10892,6283,12344,13228,14367,11916,11850,14341,10482,15292,20043,19418,20412,26116
1	373	14697	6141,7371,4991,5698,7130,5780,6687,8160,1264,3273,6732,10892,6283,12344,13228,14367,11916,11850,14341,10482,15292,20043,19418,20412,26116
0	373	26326	6141,7371,4991,5698,7130,5780,6687,8160,1264,3273,6732,10892,6283,12344,13228,14367,11916,11850,14341,10482,15292,20043,19418,20412,26116,14697
1	373	27605	6141,7371,4991,5698,7130,5780,6687,8160,1264,3273,6732,10892,6283,12344,13228,14367,11916,11850,14341,10482,15292,20043,19418,20412,26116,14697
