1	1584	23018	0
0	1584	32010	23018
0	1584	24900	23018
0	1584	4526	23018
0	1584	4773	23018
0	1584	8161	23018
0	1584	9148	23018
1	1584	11473	23018
0	1584	10983	23018,11473
0	1584	11446	23018,11473
1	1584	14006	23018,11473
1	1584	12390	23018,11473,14006
1	1584	15216	23018,11473,14006,12390
1	1584	13453	23018,11473,14006,12390,15216
0	1584	16001	23018,11473,14006,12390,15216,13453
1	1584	16545	23018,11473,14006,12390,15216,13453
0	1584	16023	23018,11473,14006,12390,15216,13453,16545
0	1584	15752	23018,11473,14006,12390,15216,13453,16545
0	1584	17168	23018,11473,14006,12390,15216,13453,16545
0	1584	14431	23018,11473,14006,12390,15216,13453,16545
0	1584	15946	23018,11473,14006,12390,15216,13453,16545
1	1584	18875	23018,11473,14006,12390,15216,13453,16545
0	1584	18903	23018,11473,14006,12390,15216,13453,16545,18875
1	1584	15226	23018,11473,14006,12390,15216,13453,16545,18875
0	1584	17799	23018,11473,14006,12390,15216,13453,16545,18875,15226
0	1584	18576	23018,11473,14006,12390,15216,13453,16545,18875,15226
0	1584	19110	23018,11473,14006,12390,15216,13453,16545,18875,15226
0	1584	19153	23018,11473,14006,12390,15216,13453,16545,18875,15226
0	1584	19251	23018,11473,14006,12390,15216,13453,16545,18875,15226
0	1584	19951	23018,11473,14006,12390,15216,13453,16545,18875,15226
0	1584	20397	23018,11473,14006,12390,15216,13453,16545,18875,15226
0	1584	20388	23018,11473,14006,12390,15216,13453,16545,18875,15226
1	1584	19915	23018,11473,14006,12390,15216,13453,16545,18875,15226
0	1584	19232	23018,11473,14006,12390,15216,13453,16545,18875,15226,19915
0	1584	21512	23018,11473,14006,12390,15216,13453,16545,18875,15226,19915
1	1584	17132	23018,11473,14006,12390,15216,13453,16545,18875,15226,19915
1	1584	20188	23018,11473,14006,12390,15216,13453,16545,18875,15226,19915,17132
0	1584	22803	23018,11473,14006,12390,15216,13453,16545,18875,15226,19915,17132,20188
0	1584	20816	23018,11473,14006,12390,15216,13453,16545,18875,15226,19915,17132,20188
0	1584	25644	23018,11473,14006,12390,15216,13453,16545,18875,15226,19915,17132,20188
0	1584	22591	23018,11473,14006,12390,15216,13453,16545,18875,15226,19915,17132,20188
0	1584	25978	23018,11473,14006,12390,15216,13453,16545,18875,15226,19915,17132,20188
1	1584	23453	23018,11473,14006,12390,15216,13453,16545,18875,15226,19915,17132,20188
0	1584	27247	23018,11473,14006,12390,15216,13453,16545,18875,15226,19915,17132,20188,23453
0	1584	27216	23018,11473,14006,12390,15216,13453,16545,18875,15226,19915,17132,20188,23453
0	1584	27484	23018,11473,14006,12390,15216,13453,16545,18875,15226,19915,17132,20188,23453
0	1584	24048	23018,11473,14006,12390,15216,13453,16545,18875,15226,19915,17132,20188,23453
0	1584	24429	23018,11473,14006,12390,15216,13453,16545,18875,15226,19915,17132,20188,23453
0	1584	28145	23018,11473,14006,12390,15216,13453,16545,18875,15226,19915,17132,20188,23453
0	1584	22137	23018,11473,14006,12390,15216,13453,16545,18875,15226,19915,17132,20188,23453
0	1584	26516	23018,11473,14006,12390,15216,13453,16545,18875,15226,19915,17132,20188,23453
0	1584	28555	23018,11473,14006,12390,15216,13453,16545,18875,15226,19915,17132,20188,23453
0	1584	28146	23018,11473,14006,12390,15216,13453,16545,18875,15226,19915,17132,20188,23453
0	1584	28483	23018,11473,14006,12390,15216,13453,16545,18875,15226,19915,17132,20188,23453
0	1584	26781	23018,11473,14006,12390,15216,13453,16545,18875,15226,19915,17132,20188,23453
