1	1726	4536	0
0	1726	14337	4536
0	1726	10959	4536
1	1726	14396	4536
1	1726	3702	4536,14396
1	1726	11869	4536,14396,3702
0	1726	17234	4536,14396,3702,11869
1	1726	3749	4536,14396,3702,11869
1	1726	14756	4536,14396,3702,11869,3749
0	1726	18181	4536,14396,3702,11869,3749,14756
0	1726	17860	4536,14396,3702,11869,3749,14756
1	1726	23077	4536,14396,3702,11869,3749,14756
1	1726	31038	4536,14396,3702,11869,3749,14756,23077
1	1726	18940	4536,14396,3702,11869,3749,14756,23077,31038
1	1726	33066	4536,14396,3702,11869,3749,14756,23077,31038,18940
0	1726	7316	4536,14396,3702,11869,3749,14756,23077,31038,18940,33066
0	1726	26244	4536,14396,3702,11869,3749,14756,23077,31038,18940,33066
1	1726	24872	4536,14396,3702,11869,3749,14756,23077,31038,18940,33066
1	1726	6094	4536,14396,3702,11869,3749,14756,23077,31038,18940,33066,24872
1	1726	2076	4536,14396,3702,11869,3749,14756,23077,31038,18940,33066,24872,6094
1	1726	6889	4536,14396,3702,11869,3749,14756,23077,31038,18940,33066,24872,6094,2076
1	1726	21504	4536,14396,3702,11869,3749,14756,23077,31038,18940,33066,24872,6094,2076,6889
1	1726	10209	4536,14396,3702,11869,3749,14756,23077,31038,18940,33066,24872,6094,2076,6889,21504
1	1726	11843	4536,14396,3702,11869,3749,14756,23077,31038,18940,33066,24872,6094,2076,6889,21504,10209
1	1726	27181	4536,14396,3702,11869,3749,14756,23077,31038,18940,33066,24872,6094,2076,6889,21504,10209,11843
1	1726	15672	4536,14396,3702,11869,3749,14756,23077,31038,18940,33066,24872,6094,2076,6889,21504,10209,11843,27181
1	1726	17012	4536,14396,3702,11869,3749,14756,23077,31038,18940,33066,24872,6094,2076,6889,21504,10209,11843,27181,15672
0	1726	473	4536,14396,3702,11869,3749,14756,23077,31038,18940,33066,24872,6094,2076,6889,21504,10209,11843,27181,15672,17012
0	1726	14497	4536,14396,3702,11869,3749,14756,23077,31038,18940,33066,24872,6094,2076,6889,21504,10209,11843,27181,15672,17012
1	1726	22440	4536,14396,3702,11869,3749,14756,23077,31038,18940,33066,24872,6094,2076,6889,21504,10209,11843,27181,15672,17012
0	1726	7250	4536,14396,3702,11869,3749,14756,23077,31038,18940,33066,24872,6094,2076,6889,21504,10209,11843,27181,15672,17012,22440
1	1726	25173	4536,14396,3702,11869,3749,14756,23077,31038,18940,33066,24872,6094,2076,6889,21504,10209,11843,27181,15672,17012,22440
1	1726	28555	4536,14396,3702,11869,3749,14756,23077,31038,18940,33066,24872,6094,2076,6889,21504,10209,11843,27181,15672,17012,22440,25173
