0	242	10760	0
0	242	10415	0
1	242	10484	0
0	242	13233	10484
1	242	13778	10484
0	242	14094	10484,13778
1	242	9171	10484,13778
0	242	16018	10484,13778,9171
1	242	14346	10484,13778,9171
0	242	5143	10484,13778,9171,14346
1	242	15606	10484,13778,9171,14346
0	242	14132	10484,13778,9171,14346,15606
1	242	19436	10484,13778,9171,14346,15606
0	242	19600	10484,13778,9171,14346,15606,19436
0	242	19358	10484,13778,9171,14346,15606,19436
1	242	15622	10484,13778,9171,14346,15606,19436
1	242	13780	10484,13778,9171,14346,15606,19436,15622
0	242	19826	10484,13778,9171,14346,15606,19436,15622,13780
0	242	21395	10484,13778,9171,14346,15606,19436,15622,13780
0	242	10757	10484,13778,9171,14346,15606,19436,15622,13780
0	242	21902	10484,13778,9171,14346,15606,19436,15622,13780
0	242	23096	10484,13778,9171,14346,15606,19436,15622,13780
0	242	23494	10484,13778,9171,14346,15606,19436,15622,13780
1	242	2466	10484,13778,9171,14346,15606,19436,15622,13780
1	242	23468	10484,13778,9171,14346,15606,19436,15622,13780,2466
1	242	24373	10484,13778,9171,14346,15606,19436,15622,13780,2466,23468
1	242	25436	10484,13778,9171,14346,15606,19436,15622,13780,2466,23468,24373
0	242	23766	10484,13778,9171,14346,15606,19436,15622,13780,2466,23468,24373,25436
1	242	25438	10484,13778,9171,14346,15606,19436,15622,13780,2466,23468,24373,25436
1	242	24937	10484,13778,9171,14346,15606,19436,15622,13780,2466,23468,24373,25436,25438
1	242	21898	10484,13778,9171,14346,15606,19436,15622,13780,2466,23468,24373,25436,25438,24937
0	242	27096	10484,13778,9171,14346,15606,19436,15622,13780,2466,23468,24373,25436,25438,24937,21898
0	242	25430	10484,13778,9171,14346,15606,19436,15622,13780,2466,23468,24373,25436,25438,24937,21898
0	242	24935	10484,13778,9171,14346,15606,19436,15622,13780,2466,23468,24373,25436,25438,24937,21898
1	242	28776	10484,13778,9171,14346,15606,19436,15622,13780,2466,23468,24373,25436,25438,24937,21898
1	242	11575	10484,13778,9171,14346,15606,19436,15622,13780,2466,23468,24373,25436,25438,24937,21898,28776
1	242	29203	10484,13778,9171,14346,15606,19436,15622,13780,2466,23468,24373,25436,25438,24937,21898,28776,11575
1	242	26903	10484,13778,9171,14346,15606,19436,15622,13780,2466,23468,24373,25436,25438,24937,21898,28776,11575,29203
