0	558	14922	0
1	558	162	0
1	558	32809	162
1	558	33125	162,32809
0	558	6557	162,32809,33125
1	558	8353	162,32809,33125
0	558	9081	162,32809,33125,8353
1	558	11869	162,32809,33125,8353
0	558	12943	162,32809,33125,8353,11869
1	558	14063	162,32809,33125,8353,11869
1	558	14064	162,32809,33125,8353,11869,14063
0	558	18819	162,32809,33125,8353,11869,14063,14064
1	558	20907	162,32809,33125,8353,11869,14063,14064
0	558	21862	162,32809,33125,8353,11869,14063,14064,20907
0	558	22019	162,32809,33125,8353,11869,14063,14064,20907
0	558	547	162,32809,33125,8353,11869,14063,14064,20907
0	558	985	162,32809,33125,8353,11869,14063,14064,20907
1	558	3460	162,32809,33125,8353,11869,14063,14064,20907
1	558	5396	162,32809,33125,8353,11869,14063,14064,20907,3460
0	558	11044	162,32809,33125,8353,11869,14063,14064,20907,3460,5396
0	558	21044	162,32809,33125,8353,11869,14063,14064,20907,3460,5396
0	558	5655	162,32809,33125,8353,11869,14063,14064,20907,3460,5396
0	558	22317	162,32809,33125,8353,11869,14063,14064,20907,3460,5396
0	558	31063	162,32809,33125,8353,11869,14063,14064,20907,3460,5396
0	558	33124	162,32809,33125,8353,11869,14063,14064,20907,3460,5396
0	558	2063	162,32809,33125,8353,11869,14063,14064,20907,3460,5396
0	558	4574	162,32809,33125,8353,11869,14063,14064,20907,3460,5396
0	558	9870	162,32809,33125,8353,11869,14063,14064,20907,3460,5396
0	558	21041	162,32809,33125,8353,11869,14063,14064,20907,3460,5396
1	558	12900	162,32809,33125,8353,11869,14063,14064,20907,3460,5396
1	558	1828	162,32809,33125,8353,11869,14063,14064,20907,3460,5396,12900
1	558	31478	162,32809,33125,8353,11869,14063,14064,20907,3460,5396,12900,1828
0	558	26320	162,32809,33125,8353,11869,14063,14064,20907,3460,5396,12900,1828,31478
0	558	18702	162,32809,33125,8353,11869,14063,14064,20907,3460,5396,12900,1828,31478
1	558	6453	162,32809,33125,8353,11869,14063,14064,20907,3460,5396,12900,1828,31478
0	558	9375	162,32809,33125,8353,11869,14063,14064,20907,3460,5396,12900,1828,31478,6453
1	558	16948	162,32809,33125,8353,11869,14063,14064,20907,3460,5396,12900,1828,31478,6453
1	558	19014	162,32809,33125,8353,11869,14063,14064,20907,3460,5396,12900,1828,31478,6453,16948
1	558	25589	162,32809,33125,8353,11869,14063,14064,20907,3460,5396,12900,1828,31478,6453,16948,19014
0	558	1143	162,32809,33125,8353,11869,14063,14064,20907,3460,5396,12900,1828,31478,6453,16948,19014,25589
0	558	6571	162,32809,33125,8353,11869,14063,14064,20907,3460,5396,12900,1828,31478,6453,16948,19014,25589
0	558	19986	162,32809,33125,8353,11869,14063,14064,20907,3460,5396,12900,1828,31478,6453,16948,19014,25589
0	558	26706	162,32809,33125,8353,11869,14063,14064,20907,3460,5396,12900,1828,31478,6453,16948,19014,25589
1	558	23143	162,32809,33125,8353,11869,14063,14064,20907,3460,5396,12900,1828,31478,6453,16948,19014,25589
