0	607	14693	0
0	607	31431	0
1	607	364	0
1	607	831	364
0	607	2960	364,831
1	607	11198	364,831
1	607	24793	364,831,11198
1	607	32298	364,831,11198,24793
1	607	410	364,831,11198,24793,32298
1	607	24806	364,831,11198,24793,32298,410
1	607	580	364,831,11198,24793,32298,410,24806
1	607	987	364,831,11198,24793,32298,410,24806,580
1	607	11779	364,831,11198,24793,32298,410,24806,580,987
1	607	17440	364,831,11198,24793,32298,410,24806,580,987,11779
1	607	32639	364,831,11198,24793,32298,410,24806,580,987,11779,17440
1	607	32736	364,831,11198,24793,32298,410,24806,580,987,11779,17440,32639
1	607	2946	364,831,11198,24793,32298,410,24806,580,987,11779,17440,32639,32736
1	607	31949	364,831,11198,24793,32298,410,24806,580,987,11779,17440,32639,32736,2946
1	607	32242	364,831,11198,24793,32298,410,24806,580,987,11779,17440,32639,32736,2946,31949
1	607	3079	364,831,11198,24793,32298,410,24806,580,987,11779,17440,32639,32736,2946,31949,32242
1	607	5575	364,831,11198,24793,32298,410,24806,580,987,11779,17440,32639,32736,2946,31949,32242,3079
1	607	3404	364,831,11198,24793,32298,410,24806,580,987,11779,17440,32639,32736,2946,31949,32242,3079,5575
0	607	31957	364,831,11198,24793,32298,410,24806,580,987,11779,17440,32639,32736,2946,31949,32242,3079,5575,3404
1	607	2993	364,831,11198,24793,32298,410,24806,580,987,11779,17440,32639,32736,2946,31949,32242,3079,5575,3404
1	607	6235	364,831,11198,24793,32298,410,24806,580,987,11779,17440,32639,32736,2946,31949,32242,3079,5575,3404,2993
1	607	4756	364,831,11198,24793,32298,410,24806,580,987,11779,17440,32639,32736,2946,31949,32242,3079,5575,3404,2993,6235
0	607	32194	364,831,11198,24793,32298,410,24806,580,987,11779,17440,32639,32736,2946,31949,32242,3079,5575,3404,2993,6235,4756
1	607	5498	364,831,11198,24793,32298,410,24806,580,987,11779,17440,32639,32736,2946,31949,32242,3079,5575,3404,2993,6235,4756
0	607	8462	364,831,11198,24793,32298,410,24806,580,987,11779,17440,32639,32736,2946,31949,32242,3079,5575,3404,2993,6235,4756,5498
0	607	2474	364,831,11198,24793,32298,410,24806,580,987,11779,17440,32639,32736,2946,31949,32242,3079,5575,3404,2993,6235,4756,5498
1	607	5499	364,831,11198,24793,32298,410,24806,580,987,11779,17440,32639,32736,2946,31949,32242,3079,5575,3404,2993,6235,4756,5498
1	607	9271	364,831,11198,24793,32298,410,24806,580,987,11779,17440,32639,32736,2946,31949,32242,3079,5575,3404,2993,6235,4756,5498,5499
1	607	14308	364,831,11198,24793,32298,410,24806,580,987,11779,17440,32639,32736,2946,31949,32242,3079,5575,3404,2993,6235,4756,5498,5499,9271
0	607	6486	364,831,11198,24793,32298,410,24806,580,987,11779,17440,32639,32736,2946,31949,32242,3079,5575,3404,2993,6235,4756,5498,5499,9271,14308
1	607	6849	364,831,11198,24793,32298,410,24806,580,987,11779,17440,32639,32736,2946,31949,32242,3079,5575,3404,2993,6235,4756,5498,5499,9271,14308
1	607	5836	364,831,11198,24793,32298,410,24806,580,987,11779,17440,32639,32736,2946,31949,32242,3079,5575,3404,2993,6235,4756,5498,5499,9271,14308,6849
0	607	2698	364,831,11198,24793,32298,410,24806,580,987,11779,17440,32639,32736,2946,31949,32242,3079,5575,3404,2993,6235,4756,5498,5499,9271,14308,6849,5836
1	607	30793	364,831,11198,24793,32298,410,24806,580,987,11779,17440,32639,32736,2946,31949,32242,3079,5575,3404,2993,6235,4756,5498,5499,9271,14308,6849,5836
1	607	2758	364,831,11198,24793,32298,410,24806,580,987,11779,17440,32639,32736,2946,31949,32242,3079,5575,3404,2993,6235,4756,5498,5499,9271,14308,6849,5836,30793
1	607	15476	364,831,11198,24793,32298,410,24806,580,987,11779,17440,32639,32736,2946,31949,32242,3079,5575,3404,2993,6235,4756,5498,5499,9271,14308,6849,5836,30793,2758
0	607	11534	364,831,11198,24793,32298,410,24806,580,987,11779,17440,32639,32736,2946,31949,32242,3079,5575,3404,2993,6235,4756,5498,5499,9271,14308,6849,5836,30793,2758,15476
1	607	28470	364,831,11198,24793,32298,410,24806,580,987,11779,17440,32639,32736,2946,31949,32242,3079,5575,3404,2993,6235,4756,5498,5499,9271,14308,6849,5836,30793,2758,15476
0	607	7431	364,831,11198,24793,32298,410,24806,580,987,11779,17440,32639,32736,2946,31949,32242,3079,5575,3404,2993,6235,4756,5498,5499,9271,14308,6849,5836,30793,2758,15476,28470
1	607	31323	364,831,11198,24793,32298,410,24806,580,987,11779,17440,32639,32736,2946,31949,32242,3079,5575,3404,2993,6235,4756,5498,5499,9271,14308,6849,5836,30793,2758,15476,28470
0	607	5918	364,831,11198,24793,32298,410,24806,580,987,11779,17440,32639,32736,2946,31949,32242,3079,5575,3404,2993,6235,4756,5498,5499,9271,14308,6849,5836,30793,2758,15476,28470,31323
1	607	15359	364,831,11198,24793,32298,410,24806,580,987,11779,17440,32639,32736,2946,31949,32242,3079,5575,3404,2993,6235,4756,5498,5499,9271,14308,6849,5836,30793,2758,15476,28470,31323
1	607	20219	364,831,11198,24793,32298,410,24806,580,987,11779,17440,32639,32736,2946,31949,32242,3079,5575,3404,2993,6235,4756,5498,5499,9271,14308,6849,5836,30793,2758,15476,28470,31323,15359
1	607	6583	364,831,11198,24793,32298,410,24806,580,987,11779,17440,32639,32736,2946,31949,32242,3079,5575,3404,2993,6235,4756,5498,5499,9271,14308,6849,5836,30793,2758,15476,28470,31323,15359,20219
1	607	17279	364,831,11198,24793,32298,410,24806,580,987,11779,17440,32639,32736,2946,31949,32242,3079,5575,3404,2993,6235,4756,5498,5499,9271,14308,6849,5836,30793,2758,15476,28470,31323,15359,20219,6583
1	607	6226	364,831,11198,24793,32298,410,24806,580,987,11779,17440,32639,32736,2946,31949,32242,3079,5575,3404,2993,6235,4756,5498,5499,9271,14308,6849,5836,30793,2758,15476,28470,31323,15359,20219,6583,17279
0	607	20138	364,831,11198,24793,32298,410,24806,580,987,11779,17440,32639,32736,2946,31949,32242,3079,5575,3404,2993,6235,4756,5498,5499,9271,14308,6849,5836,30793,2758,15476,28470,31323,15359,20219,6583,17279,6226
0	607	19396	364,831,11198,24793,32298,410,24806,580,987,11779,17440,32639,32736,2946,31949,32242,3079,5575,3404,2993,6235,4756,5498,5499,9271,14308,6849,5836,30793,2758,15476,28470,31323,15359,20219,6583,17279,6226
1	607	17419	364,831,11198,24793,32298,410,24806,580,987,11779,17440,32639,32736,2946,31949,32242,3079,5575,3404,2993,6235,4756,5498,5499,9271,14308,6849,5836,30793,2758,15476,28470,31323,15359,20219,6583,17279,6226
1	607	31659	364,831,11198,24793,32298,410,24806,580,987,11779,17440,32639,32736,2946,31949,32242,3079,5575,3404,2993,6235,4756,5498,5499,9271,14308,6849,5836,30793,2758,15476,28470,31323,15359,20219,6583,17279,6226,17419
1	607	1379	364,831,11198,24793,32298,410,24806,580,987,11779,17440,32639,32736,2946,31949,32242,3079,5575,3404,2993,6235,4756,5498,5499,9271,14308,6849,5836,30793,2758,15476,28470,31323,15359,20219,6583,17279,6226,17419,31659
1	607	10610	364,831,11198,24793,32298,410,24806,580,987,11779,17440,32639,32736,2946,31949,32242,3079,5575,3404,2993,6235,4756,5498,5499,9271,14308,6849,5836,30793,2758,15476,28470,31323,15359,20219,6583,17279,6226,17419,31659,1379
1	607	2769	364,831,11198,24793,32298,410,24806,580,987,11779,17440,32639,32736,2946,31949,32242,3079,5575,3404,2993,6235,4756,5498,5499,9271,14308,6849,5836,30793,2758,15476,28470,31323,15359,20219,6583,17279,6226,17419,31659,1379,10610
1	607	6264	364,831,11198,24793,32298,410,24806,580,987,11779,17440,32639,32736,2946,31949,32242,3079,5575,3404,2993,6235,4756,5498,5499,9271,14308,6849,5836,30793,2758,15476,28470,31323,15359,20219,6583,17279,6226,17419,31659,1379,10610,2769
1	607	9588	364,831,11198,24793,32298,410,24806,580,987,11779,17440,32639,32736,2946,31949,32242,3079,5575,3404,2993,6235,4756,5498,5499,9271,14308,6849,5836,30793,2758,15476,28470,31323,15359,20219,6583,17279,6226,17419,31659,1379,10610,2769,6264
1	607	2999	364,831,11198,24793,32298,410,24806,580,987,11779,17440,32639,32736,2946,31949,32242,3079,5575,3404,2993,6235,4756,5498,5499,9271,14308,6849,5836,30793,2758,15476,28470,31323,15359,20219,6583,17279,6226,17419,31659,1379,10610,2769,6264,9588
1	607	11344	364,831,11198,24793,32298,410,24806,580,987,11779,17440,32639,32736,2946,31949,32242,3079,5575,3404,2993,6235,4756,5498,5499,9271,14308,6849,5836,30793,2758,15476,28470,31323,15359,20219,6583,17279,6226,17419,31659,1379,10610,2769,6264,9588,2999
1	607	25646	364,831,11198,24793,32298,410,24806,580,987,11779,17440,32639,32736,2946,31949,32242,3079,5575,3404,2993,6235,4756,5498,5499,9271,14308,6849,5836,30793,2758,15476,28470,31323,15359,20219,6583,17279,6226,17419,31659,1379,10610,2769,6264,9588,2999,11344
1	607	25141	364,831,11198,24793,32298,410,24806,580,987,11779,17440,32639,32736,2946,31949,32242,3079,5575,3404,2993,6235,4756,5498,5499,9271,14308,6849,5836,30793,2758,15476,28470,31323,15359,20219,6583,17279,6226,17419,31659,1379,10610,2769,6264,9588,2999,11344,25646
0	607	22412	364,831,11198,24793,32298,410,24806,580,987,11779,17440,32639,32736,2946,31949,32242,3079,5575,3404,2993,6235,4756,5498,5499,9271,14308,6849,5836,30793,2758,15476,28470,31323,15359,20219,6583,17279,6226,17419,31659,1379,10610,2769,6264,9588,2999,11344,25646,25141
1	607	17430	364,831,11198,24793,32298,410,24806,580,987,11779,17440,32639,32736,2946,31949,32242,3079,5575,3404,2993,6235,4756,5498,5499,9271,14308,6849,5836,30793,2758,15476,28470,31323,15359,20219,6583,17279,6226,17419,31659,1379,10610,2769,6264,9588,2999,11344,25646,25141
1	607	18819	364,831,11198,24793,32298,410,24806,580,987,11779,17440,32639,32736,2946,31949,32242,3079,5575,3404,2993,6235,4756,5498,5499,9271,14308,6849,5836,30793,2758,15476,28470,31323,15359,20219,6583,17279,6226,17419,31659,1379,10610,2769,6264,9588,2999,11344,25646,25141,17430
0	607	16738	364,831,11198,24793,32298,410,24806,580,987,11779,17440,32639,32736,2946,31949,32242,3079,5575,3404,2993,6235,4756,5498,5499,9271,14308,6849,5836,30793,2758,15476,28470,31323,15359,20219,6583,17279,6226,17419,31659,1379,10610,2769,6264,9588,2999,11344,25646,25141,17430,18819
1	607	23374	364,831,11198,24793,32298,410,24806,580,987,11779,17440,32639,32736,2946,31949,32242,3079,5575,3404,2993,6235,4756,5498,5499,9271,14308,6849,5836,30793,2758,15476,28470,31323,15359,20219,6583,17279,6226,17419,31659,1379,10610,2769,6264,9588,2999,11344,25646,25141,17430,18819
1	607	25029	364,831,11198,24793,32298,410,24806,580,987,11779,17440,32639,32736,2946,31949,32242,3079,5575,3404,2993,6235,4756,5498,5499,9271,14308,6849,5836,30793,2758,15476,28470,31323,15359,20219,6583,17279,6226,17419,31659,1379,10610,2769,6264,9588,2999,11344,25646,25141,17430,18819,23374
1	607	25960	364,831,11198,24793,32298,410,24806,580,987,11779,17440,32639,32736,2946,31949,32242,3079,5575,3404,2993,6235,4756,5498,5499,9271,14308,6849,5836,30793,2758,15476,28470,31323,15359,20219,6583,17279,6226,17419,31659,1379,10610,2769,6264,9588,2999,11344,25646,25141,17430,18819,23374,25029
0	607	18106	364,831,11198,24793,32298,410,24806,580,987,11779,17440,32639,32736,2946,31949,32242,3079,5575,3404,2993,6235,4756,5498,5499,9271,14308,6849,5836,30793,2758,15476,28470,31323,15359,20219,6583,17279,6226,17419,31659,1379,10610,2769,6264,9588,2999,11344,25646,25141,17430,18819,23374,25029,25960
1	607	22156	364,831,11198,24793,32298,410,24806,580,987,11779,17440,32639,32736,2946,31949,32242,3079,5575,3404,2993,6235,4756,5498,5499,9271,14308,6849,5836,30793,2758,15476,28470,31323,15359,20219,6583,17279,6226,17419,31659,1379,10610,2769,6264,9588,2999,11344,25646,25141,17430,18819,23374,25029,25960
