1	248	33106	0
0	248	32610	33106
1	248	31541	33106
1	248	33089	33106,31541
0	248	24307	33106,31541,33089
1	248	30942	33106,31541,33089
0	248	769	33106,31541,33089,30942
1	248	1338	33106,31541,33089,30942
1	248	2086	33106,31541,33089,30942,1338
1	248	6498	33106,31541,33089,30942,1338,2086
0	248	3223	33106,31541,33089,30942,1338,2086,6498
1	248	29272	33106,31541,33089,30942,1338,2086,6498
1	248	28773	33106,31541,33089,30942,1338,2086,6498,29272
1	248	11863	33106,31541,33089,30942,1338,2086,6498,29272,28773
1	248	32343	33106,31541,33089,30942,1338,2086,6498,29272,28773,11863
0	248	157	33106,31541,33089,30942,1338,2086,6498,29272,28773,11863,32343
1	248	7480	33106,31541,33089,30942,1338,2086,6498,29272,28773,11863,32343
0	248	9160	33106,31541,33089,30942,1338,2086,6498,29272,28773,11863,32343,7480
0	248	8309	33106,31541,33089,30942,1338,2086,6498,29272,28773,11863,32343,7480
0	248	11861	33106,31541,33089,30942,1338,2086,6498,29272,28773,11863,32343,7480
0	248	8350	33106,31541,33089,30942,1338,2086,6498,29272,28773,11863,32343,7480
0	248	12114	33106,31541,33089,30942,1338,2086,6498,29272,28773,11863,32343,7480
1	248	13866	33106,31541,33089,30942,1338,2086,6498,29272,28773,11863,32343,7480
1	248	10897	33106,31541,33089,30942,1338,2086,6498,29272,28773,11863,32343,7480,13866
0	248	17282	33106,31541,33089,30942,1338,2086,6498,29272,28773,11863,32343,7480,13866,10897
0	248	18449	33106,31541,33089,30942,1338,2086,6498,29272,28773,11863,32343,7480,13866,10897
1	248	4907	33106,31541,33089,30942,1338,2086,6498,29272,28773,11863,32343,7480,13866,10897
0	248	14024	33106,31541,33089,30942,1338,2086,6498,29272,28773,11863,32343,7480,13866,10897,4907
1	248	5921	33106,31541,33089,30942,1338,2086,6498,29272,28773,11863,32343,7480,13866,10897,4907
0	248	17133	33106,31541,33089,30942,1338,2086,6498,29272,28773,11863,32343,7480,13866,10897,4907,5921
0	248	18792	33106,31541,33089,30942,1338,2086,6498,29272,28773,11863,32343,7480,13866,10897,4907,5921
0	248	17306	33106,31541,33089,30942,1338,2086,6498,29272,28773,11863,32343,7480,13866,10897,4907,5921
0	248	19015	33106,31541,33089,30942,1338,2086,6498,29272,28773,11863,32343,7480,13866,10897,4907,5921
1	248	8229	33106,31541,33089,30942,1338,2086,6498,29272,28773,11863,32343,7480,13866,10897,4907,5921
0	248	32328	33106,31541,33089,30942,1338,2086,6498,29272,28773,11863,32343,7480,13866,10897,4907,5921,8229
0	248	23491	33106,31541,33089,30942,1338,2086,6498,29272,28773,11863,32343,7480,13866,10897,4907,5921,8229
0	248	22111	33106,31541,33089,30942,1338,2086,6498,29272,28773,11863,32343,7480,13866,10897,4907,5921,8229
1	248	21797	33106,31541,33089,30942,1338,2086,6498,29272,28773,11863,32343,7480,13866,10897,4907,5921,8229
1	248	10601	33106,31541,33089,30942,1338,2086,6498,29272,28773,11863,32343,7480,13866,10897,4907,5921,8229,21797
0	248	15220	33106,31541,33089,30942,1338,2086,6498,29272,28773,11863,32343,7480,13866,10897,4907,5921,8229,21797,10601
1	248	24384	33106,31541,33089,30942,1338,2086,6498,29272,28773,11863,32343,7480,13866,10897,4907,5921,8229,21797,10601
0	248	23768	33106,31541,33089,30942,1338,2086,6498,29272,28773,11863,32343,7480,13866,10897,4907,5921,8229,21797,10601,24384
1	248	21948	33106,31541,33089,30942,1338,2086,6498,29272,28773,11863,32343,7480,13866,10897,4907,5921,8229,21797,10601,24384
0	248	12732	33106,31541,33089,30942,1338,2086,6498,29272,28773,11863,32343,7480,13866,10897,4907,5921,8229,21797,10601,24384,21948
0	248	14720	33106,31541,33089,30942,1338,2086,6498,29272,28773,11863,32343,7480,13866,10897,4907,5921,8229,21797,10601,24384,21948
1	248	22966	33106,31541,33089,30942,1338,2086,6498,29272,28773,11863,32343,7480,13866,10897,4907,5921,8229,21797,10601,24384,21948
0	248	30396	33106,31541,33089,30942,1338,2086,6498,29272,28773,11863,32343,7480,13866,10897,4907,5921,8229,21797,10601,24384,21948,22966
1	248	27067	33106,31541,33089,30942,1338,2086,6498,29272,28773,11863,32343,7480,13866,10897,4907,5921,8229,21797,10601,24384,21948,22966
