1	1409	16579	0
1	1409	31473	16579
1	1409	32288	16579,31473
1	1409	8724	16579,31473,32288
1	1409	6278	16579,31473,32288,8724
0	1409	12673	16579,31473,32288,8724,6278
1	1409	12344	16579,31473,32288,8724,6278
1	1409	7786	16579,31473,32288,8724,6278,12344
0	1409	31844	16579,31473,32288,8724,6278,12344,7786
1	1409	6724	16579,31473,32288,8724,6278,12344,7786
0	1409	13836	16579,31473,32288,8724,6278,12344,7786,6724
1	1409	9946	16579,31473,32288,8724,6278,12344,7786,6724
1	1409	13416	16579,31473,32288,8724,6278,12344,7786,6724,9946
1	1409	4390	16579,31473,32288,8724,6278,12344,7786,6724,9946,13416
1	1409	31488	16579,31473,32288,8724,6278,12344,7786,6724,9946,13416,4390
1	1409	6353	16579,31473,32288,8724,6278,12344,7786,6724,9946,13416,4390,31488
1	1409	8318	16579,31473,32288,8724,6278,12344,7786,6724,9946,13416,4390,31488,6353
0	1409	5005	16579,31473,32288,8724,6278,12344,7786,6724,9946,13416,4390,31488,6353,8318
1	1409	15248	16579,31473,32288,8724,6278,12344,7786,6724,9946,13416,4390,31488,6353,8318
1	1409	15218	16579,31473,32288,8724,6278,12344,7786,6724,9946,13416,4390,31488,6353,8318,15248
1	1409	11020	16579,31473,32288,8724,6278,12344,7786,6724,9946,13416,4390,31488,6353,8318,15248,15218
1	1409	10651	16579,31473,32288,8724,6278,12344,7786,6724,9946,13416,4390,31488,6353,8318,15248,15218,11020
1	1409	17016	16579,31473,32288,8724,6278,12344,7786,6724,9946,13416,4390,31488,6353,8318,15248,15218,11020,10651
1	1409	15968	16579,31473,32288,8724,6278,12344,7786,6724,9946,13416,4390,31488,6353,8318,15248,15218,11020,10651,17016
1	1409	5016	16579,31473,32288,8724,6278,12344,7786,6724,9946,13416,4390,31488,6353,8318,15248,15218,11020,10651,17016,15968
1	1409	9852	16579,31473,32288,8724,6278,12344,7786,6724,9946,13416,4390,31488,6353,8318,15248,15218,11020,10651,17016,15968,5016
1	1409	2081	16579,31473,32288,8724,6278,12344,7786,6724,9946,13416,4390,31488,6353,8318,15248,15218,11020,10651,17016,15968,5016,9852
1	1409	9827	16579,31473,32288,8724,6278,12344,7786,6724,9946,13416,4390,31488,6353,8318,15248,15218,11020,10651,17016,15968,5016,9852,2081
1	1409	2201	16579,31473,32288,8724,6278,12344,7786,6724,9946,13416,4390,31488,6353,8318,15248,15218,11020,10651,17016,15968,5016,9852,2081,9827
1	1409	2602	16579,31473,32288,8724,6278,12344,7786,6724,9946,13416,4390,31488,6353,8318,15248,15218,11020,10651,17016,15968,5016,9852,2081,9827,2201
1	1409	8317	16579,31473,32288,8724,6278,12344,7786,6724,9946,13416,4390,31488,6353,8318,15248,15218,11020,10651,17016,15968,5016,9852,2081,9827,2201,2602
1	1409	14595	16579,31473,32288,8724,6278,12344,7786,6724,9946,13416,4390,31488,6353,8318,15248,15218,11020,10651,17016,15968,5016,9852,2081,9827,2201,2602,8317
1	1409	12037	16579,31473,32288,8724,6278,12344,7786,6724,9946,13416,4390,31488,6353,8318,15248,15218,11020,10651,17016,15968,5016,9852,2081,9827,2201,2602,8317,14595
1	1409	14062	16579,31473,32288,8724,6278,12344,7786,6724,9946,13416,4390,31488,6353,8318,15248,15218,11020,10651,17016,15968,5016,9852,2081,9827,2201,2602,8317,14595,12037
1	1409	14064	16579,31473,32288,8724,6278,12344,7786,6724,9946,13416,4390,31488,6353,8318,15248,15218,11020,10651,17016,15968,5016,9852,2081,9827,2201,2602,8317,14595,12037,14062
1	1409	9977	16579,31473,32288,8724,6278,12344,7786,6724,9946,13416,4390,31488,6353,8318,15248,15218,11020,10651,17016,15968,5016,9852,2081,9827,2201,2602,8317,14595,12037,14062,14064
1	1409	18793	16579,31473,32288,8724,6278,12344,7786,6724,9946,13416,4390,31488,6353,8318,15248,15218,11020,10651,17016,15968,5016,9852,2081,9827,2201,2602,8317,14595,12037,14062,14064,9977
1	1409	9079	16579,31473,32288,8724,6278,12344,7786,6724,9946,13416,4390,31488,6353,8318,15248,15218,11020,10651,17016,15968,5016,9852,2081,9827,2201,2602,8317,14595,12037,14062,14064,9977,18793
1	1409	2082	16579,31473,32288,8724,6278,12344,7786,6724,9946,13416,4390,31488,6353,8318,15248,15218,11020,10651,17016,15968,5016,9852,2081,9827,2201,2602,8317,14595,12037,14062,14064,9977,18793,9079
1	1409	7558	16579,31473,32288,8724,6278,12344,7786,6724,9946,13416,4390,31488,6353,8318,15248,15218,11020,10651,17016,15968,5016,9852,2081,9827,2201,2602,8317,14595,12037,14062,14064,9977,18793,9079,2082
1	1409	1431	16579,31473,32288,8724,6278,12344,7786,6724,9946,13416,4390,31488,6353,8318,15248,15218,11020,10651,17016,15968,5016,9852,2081,9827,2201,2602,8317,14595,12037,14062,14064,9977,18793,9079,2082,7558
1	1409	8729	16579,31473,32288,8724,6278,12344,7786,6724,9946,13416,4390,31488,6353,8318,15248,15218,11020,10651,17016,15968,5016,9852,2081,9827,2201,2602,8317,14595,12037,14062,14064,9977,18793,9079,2082,7558,1431
1	1409	9468	16579,31473,32288,8724,6278,12344,7786,6724,9946,13416,4390,31488,6353,8318,15248,15218,11020,10651,17016,15968,5016,9852,2081,9827,2201,2602,8317,14595,12037,14062,14064,9977,18793,9079,2082,7558,1431,8729
1	1409	9762	16579,31473,32288,8724,6278,12344,7786,6724,9946,13416,4390,31488,6353,8318,15248,15218,11020,10651,17016,15968,5016,9852,2081,9827,2201,2602,8317,14595,12037,14062,14064,9977,18793,9079,2082,7558,1431,8729,9468
1	1409	32458	16579,31473,32288,8724,6278,12344,7786,6724,9946,13416,4390,31488,6353,8318,15248,15218,11020,10651,17016,15968,5016,9852,2081,9827,2201,2602,8317,14595,12037,14062,14064,9977,18793,9079,2082,7558,1431,8729,9468,9762
1	1409	19376	16579,31473,32288,8724,6278,12344,7786,6724,9946,13416,4390,31488,6353,8318,15248,15218,11020,10651,17016,15968,5016,9852,2081,9827,2201,2602,8317,14595,12037,14062,14064,9977,18793,9079,2082,7558,1431,8729,9468,9762,32458
1	1409	19930	16579,31473,32288,8724,6278,12344,7786,6724,9946,13416,4390,31488,6353,8318,15248,15218,11020,10651,17016,15968,5016,9852,2081,9827,2201,2602,8317,14595,12037,14062,14064,9977,18793,9079,2082,7558,1431,8729,9468,9762,32458,19376
1	1409	5928	16579,31473,32288,8724,6278,12344,7786,6724,9946,13416,4390,31488,6353,8318,15248,15218,11020,10651,17016,15968,5016,9852,2081,9827,2201,2602,8317,14595,12037,14062,14064,9977,18793,9079,2082,7558,1431,8729,9468,9762,32458,19376,19930
1	1409	10525	16579,31473,32288,8724,6278,12344,7786,6724,9946,13416,4390,31488,6353,8318,15248,15218,11020,10651,17016,15968,5016,9852,2081,9827,2201,2602,8317,14595,12037,14062,14064,9977,18793,9079,2082,7558,1431,8729,9468,9762,32458,19376,19930,5928
1	1409	21525	16579,31473,32288,8724,6278,12344,7786,6724,9946,13416,4390,31488,6353,8318,15248,15218,11020,10651,17016,15968,5016,9852,2081,9827,2201,2602,8317,14595,12037,14062,14064,9977,18793,9079,2082,7558,1431,8729,9468,9762,32458,19376,19930,5928,10525
1	1409	23299	16579,31473,32288,8724,6278,12344,7786,6724,9946,13416,4390,31488,6353,8318,15248,15218,11020,10651,17016,15968,5016,9852,2081,9827,2201,2602,8317,14595,12037,14062,14064,9977,18793,9079,2082,7558,1431,8729,9468,9762,32458,19376,19930,5928,10525,21525
1	1409	23490	16579,31473,32288,8724,6278,12344,7786,6724,9946,13416,4390,31488,6353,8318,15248,15218,11020,10651,17016,15968,5016,9852,2081,9827,2201,2602,8317,14595,12037,14062,14064,9977,18793,9079,2082,7558,1431,8729,9468,9762,32458,19376,19930,5928,10525,21525,23299
1	1409	10515	16579,31473,32288,8724,6278,12344,7786,6724,9946,13416,4390,31488,6353,8318,15248,15218,11020,10651,17016,15968,5016,9852,2081,9827,2201,2602,8317,14595,12037,14062,14064,9977,18793,9079,2082,7558,1431,8729,9468,9762,32458,19376,19930,5928,10525,21525,23299,23490
1	1409	2051	16579,31473,32288,8724,6278,12344,7786,6724,9946,13416,4390,31488,6353,8318,15248,15218,11020,10651,17016,15968,5016,9852,2081,9827,2201,2602,8317,14595,12037,14062,14064,9977,18793,9079,2082,7558,1431,8729,9468,9762,32458,19376,19930,5928,10525,21525,23299,23490,10515
1	1409	1555	16579,31473,32288,8724,6278,12344,7786,6724,9946,13416,4390,31488,6353,8318,15248,15218,11020,10651,17016,15968,5016,9852,2081,9827,2201,2602,8317,14595,12037,14062,14064,9977,18793,9079,2082,7558,1431,8729,9468,9762,32458,19376,19930,5928,10525,21525,23299,23490,10515,2051
1	1409	10601	16579,31473,32288,8724,6278,12344,7786,6724,9946,13416,4390,31488,6353,8318,15248,15218,11020,10651,17016,15968,5016,9852,2081,9827,2201,2602,8317,14595,12037,14062,14064,9977,18793,9079,2082,7558,1431,8729,9468,9762,32458,19376,19930,5928,10525,21525,23299,23490,10515,2051,1555
1	1409	23449	16579,31473,32288,8724,6278,12344,7786,6724,9946,13416,4390,31488,6353,8318,15248,15218,11020,10651,17016,15968,5016,9852,2081,9827,2201,2602,8317,14595,12037,14062,14064,9977,18793,9079,2082,7558,1431,8729,9468,9762,32458,19376,19930,5928,10525,21525,23299,23490,10515,2051,1555,10601
1	1409	20625	16579,31473,32288,8724,6278,12344,7786,6724,9946,13416,4390,31488,6353,8318,15248,15218,11020,10651,17016,15968,5016,9852,2081,9827,2201,2602,8317,14595,12037,14062,14064,9977,18793,9079,2082,7558,1431,8729,9468,9762,32458,19376,19930,5928,10525,21525,23299,23490,10515,2051,1555,10601,23449
1	1409	4141	16579,31473,32288,8724,6278,12344,7786,6724,9946,13416,4390,31488,6353,8318,15248,15218,11020,10651,17016,15968,5016,9852,2081,9827,2201,2602,8317,14595,12037,14062,14064,9977,18793,9079,2082,7558,1431,8729,9468,9762,32458,19376,19930,5928,10525,21525,23299,23490,10515,2051,1555,10601,23449,20625
1	1409	17022	16579,31473,32288,8724,6278,12344,7786,6724,9946,13416,4390,31488,6353,8318,15248,15218,11020,10651,17016,15968,5016,9852,2081,9827,2201,2602,8317,14595,12037,14062,14064,9977,18793,9079,2082,7558,1431,8729,9468,9762,32458,19376,19930,5928,10525,21525,23299,23490,10515,2051,1555,10601,23449,20625,4141
1	1409	22784	16579,31473,32288,8724,6278,12344,7786,6724,9946,13416,4390,31488,6353,8318,15248,15218,11020,10651,17016,15968,5016,9852,2081,9827,2201,2602,8317,14595,12037,14062,14064,9977,18793,9079,2082,7558,1431,8729,9468,9762,32458,19376,19930,5928,10525,21525,23299,23490,10515,2051,1555,10601,23449,20625,4141,17022
1	1409	25890	16579,31473,32288,8724,6278,12344,7786,6724,9946,13416,4390,31488,6353,8318,15248,15218,11020,10651,17016,15968,5016,9852,2081,9827,2201,2602,8317,14595,12037,14062,14064,9977,18793,9079,2082,7558,1431,8729,9468,9762,32458,19376,19930,5928,10525,21525,23299,23490,10515,2051,1555,10601,23449,20625,4141,17022,22784
1	1409	20616	16579,31473,32288,8724,6278,12344,7786,6724,9946,13416,4390,31488,6353,8318,15248,15218,11020,10651,17016,15968,5016,9852,2081,9827,2201,2602,8317,14595,12037,14062,14064,9977,18793,9079,2082,7558,1431,8729,9468,9762,32458,19376,19930,5928,10525,21525,23299,23490,10515,2051,1555,10601,23449,20625,4141,17022,22784,25890
1	1409	28469	16579,31473,32288,8724,6278,12344,7786,6724,9946,13416,4390,31488,6353,8318,15248,15218,11020,10651,17016,15968,5016,9852,2081,9827,2201,2602,8317,14595,12037,14062,14064,9977,18793,9079,2082,7558,1431,8729,9468,9762,32458,19376,19930,5928,10525,21525,23299,23490,10515,2051,1555,10601,23449,20625,4141,17022,22784,25890,20616
1	1409	28208	16579,31473,32288,8724,6278,12344,7786,6724,9946,13416,4390,31488,6353,8318,15248,15218,11020,10651,17016,15968,5016,9852,2081,9827,2201,2602,8317,14595,12037,14062,14064,9977,18793,9079,2082,7558,1431,8729,9468,9762,32458,19376,19930,5928,10525,21525,23299,23490,10515,2051,1555,10601,23449,20625,4141,17022,22784,25890,20616,28469
1	1409	28209	16579,31473,32288,8724,6278,12344,7786,6724,9946,13416,4390,31488,6353,8318,15248,15218,11020,10651,17016,15968,5016,9852,2081,9827,2201,2602,8317,14595,12037,14062,14064,9977,18793,9079,2082,7558,1431,8729,9468,9762,32458,19376,19930,5928,10525,21525,23299,23490,10515,2051,1555,10601,23449,20625,4141,17022,22784,25890,20616,28469,28208
1	1409	22937	16579,31473,32288,8724,6278,12344,7786,6724,9946,13416,4390,31488,6353,8318,15248,15218,11020,10651,17016,15968,5016,9852,2081,9827,2201,2602,8317,14595,12037,14062,14064,9977,18793,9079,2082,7558,1431,8729,9468,9762,32458,19376,19930,5928,10525,21525,23299,23490,10515,2051,1555,10601,23449,20625,4141,17022,22784,25890,20616,28469,28208,28209
1	1409	25826	16579,31473,32288,8724,6278,12344,7786,6724,9946,13416,4390,31488,6353,8318,15248,15218,11020,10651,17016,15968,5016,9852,2081,9827,2201,2602,8317,14595,12037,14062,14064,9977,18793,9079,2082,7558,1431,8729,9468,9762,32458,19376,19930,5928,10525,21525,23299,23490,10515,2051,1555,10601,23449,20625,4141,17022,22784,25890,20616,28469,28208,28209,22937
1	1409	27936	16579,31473,32288,8724,6278,12344,7786,6724,9946,13416,4390,31488,6353,8318,15248,15218,11020,10651,17016,15968,5016,9852,2081,9827,2201,2602,8317,14595,12037,14062,14064,9977,18793,9079,2082,7558,1431,8729,9468,9762,32458,19376,19930,5928,10525,21525,23299,23490,10515,2051,1555,10601,23449,20625,4141,17022,22784,25890,20616,28469,28208,28209,22937,25826
1	1409	26864	16579,31473,32288,8724,6278,12344,7786,6724,9946,13416,4390,31488,6353,8318,15248,15218,11020,10651,17016,15968,5016,9852,2081,9827,2201,2602,8317,14595,12037,14062,14064,9977,18793,9079,2082,7558,1431,8729,9468,9762,32458,19376,19930,5928,10525,21525,23299,23490,10515,2051,1555,10601,23449,20625,4141,17022,22784,25890,20616,28469,28208,28209,22937,25826,27936
1	1409	24784	16579,31473,32288,8724,6278,12344,7786,6724,9946,13416,4390,31488,6353,8318,15248,15218,11020,10651,17016,15968,5016,9852,2081,9827,2201,2602,8317,14595,12037,14062,14064,9977,18793,9079,2082,7558,1431,8729,9468,9762,32458,19376,19930,5928,10525,21525,23299,23490,10515,2051,1555,10601,23449,20625,4141,17022,22784,25890,20616,28469,28208,28209,22937,25826,27936,26864
1	1409	29308	16579,31473,32288,8724,6278,12344,7786,6724,9946,13416,4390,31488,6353,8318,15248,15218,11020,10651,17016,15968,5016,9852,2081,9827,2201,2602,8317,14595,12037,14062,14064,9977,18793,9079,2082,7558,1431,8729,9468,9762,32458,19376,19930,5928,10525,21525,23299,23490,10515,2051,1555,10601,23449,20625,4141,17022,22784,25890,20616,28469,28208,28209,22937,25826,27936,26864,24784
1	1409	21045	16579,31473,32288,8724,6278,12344,7786,6724,9946,13416,4390,31488,6353,8318,15248,15218,11020,10651,17016,15968,5016,9852,2081,9827,2201,2602,8317,14595,12037,14062,14064,9977,18793,9079,2082,7558,1431,8729,9468,9762,32458,19376,19930,5928,10525,21525,23299,23490,10515,2051,1555,10601,23449,20625,4141,17022,22784,25890,20616,28469,28208,28209,22937,25826,27936,26864,24784,29308
