1	598	548	0
1	598	4605	548
0	598	11158	548,4605
0	598	13761	548,4605
0	598	19523	548,4605
1	598	22689	548,4605
1	598	23202	548,4605,22689
0	598	14713	548,4605,22689,23202
0	598	15963	548,4605,22689,23202
1	598	19592	548,4605,22689,23202
0	598	24194	548,4605,22689,23202,19592
1	598	32801	548,4605,22689,23202,19592
1	598	105	548,4605,22689,23202,19592,32801
0	598	31390	548,4605,22689,23202,19592,32801,105
1	598	32056	548,4605,22689,23202,19592,32801,105
0	598	31948	548,4605,22689,23202,19592,32801,105,32056
1	598	31049	548,4605,22689,23202,19592,32801,105,32056
0	598	31721	548,4605,22689,23202,19592,32801,105,32056,31049
1	598	13754	548,4605,22689,23202,19592,32801,105,32056,31049
1	598	16378	548,4605,22689,23202,19592,32801,105,32056,31049,13754
1	598	31477	548,4605,22689,23202,19592,32801,105,32056,31049,13754,16378
1	598	3127	548,4605,22689,23202,19592,32801,105,32056,31049,13754,16378,31477
0	598	5276	548,4605,22689,23202,19592,32801,105,32056,31049,13754,16378,31477,3127
1	598	6469	548,4605,22689,23202,19592,32801,105,32056,31049,13754,16378,31477,3127
0	598	4786	548,4605,22689,23202,19592,32801,105,32056,31049,13754,16378,31477,3127,6469
1	598	9817	548,4605,22689,23202,19592,32801,105,32056,31049,13754,16378,31477,3127,6469
0	598	7918	548,4605,22689,23202,19592,32801,105,32056,31049,13754,16378,31477,3127,6469,9817
1	598	15729	548,4605,22689,23202,19592,32801,105,32056,31049,13754,16378,31477,3127,6469,9817
1	598	15779	548,4605,22689,23202,19592,32801,105,32056,31049,13754,16378,31477,3127,6469,9817,15729
0	598	15976	548,4605,22689,23202,19592,32801,105,32056,31049,13754,16378,31477,3127,6469,9817,15729,15779
1	598	15682	548,4605,22689,23202,19592,32801,105,32056,31049,13754,16378,31477,3127,6469,9817,15729,15779
1	598	2054	548,4605,22689,23202,19592,32801,105,32056,31049,13754,16378,31477,3127,6469,9817,15729,15779,15682
0	598	20954	548,4605,22689,23202,19592,32801,105,32056,31049,13754,16378,31477,3127,6469,9817,15729,15779,15682,2054
1	598	7601	548,4605,22689,23202,19592,32801,105,32056,31049,13754,16378,31477,3127,6469,9817,15729,15779,15682,2054
1	598	25568	548,4605,22689,23202,19592,32801,105,32056,31049,13754,16378,31477,3127,6469,9817,15729,15779,15682,2054,7601
1	598	26451	548,4605,22689,23202,19592,32801,105,32056,31049,13754,16378,31477,3127,6469,9817,15729,15779,15682,2054,7601,25568
1	598	28203	548,4605,22689,23202,19592,32801,105,32056,31049,13754,16378,31477,3127,6469,9817,15729,15779,15682,2054,7601,25568,26451
1	598	28004	548,4605,22689,23202,19592,32801,105,32056,31049,13754,16378,31477,3127,6469,9817,15729,15779,15682,2054,7601,25568,26451,28203
