1	664	28001	0
1	664	31793	28001
0	664	3437	28001,31793
1	664	5012	28001,31793
0	664	5324	28001,31793,5012
0	664	5325	28001,31793,5012
1	664	5879	28001,31793,5012
1	664	3005	28001,31793,5012,5879
1	664	33097	28001,31793,5012,5879,3005
1	664	4183	28001,31793,5012,5879,3005,33097
1	664	32307	28001,31793,5012,5879,3005,33097,4183
1	664	4462	28001,31793,5012,5879,3005,33097,4183,32307
1	664	5692	28001,31793,5012,5879,3005,33097,4183,32307,4462
0	664	1049	28001,31793,5012,5879,3005,33097,4183,32307,4462,5692
0	664	6912	28001,31793,5012,5879,3005,33097,4183,32307,4462,5692
1	664	2940	28001,31793,5012,5879,3005,33097,4183,32307,4462,5692
1	664	8488	28001,31793,5012,5879,3005,33097,4183,32307,4462,5692,2940
1	664	21228	28001,31793,5012,5879,3005,33097,4183,32307,4462,5692,2940,8488
1	664	12959	28001,31793,5012,5879,3005,33097,4183,32307,4462,5692,2940,8488,21228
1	664	9440	28001,31793,5012,5879,3005,33097,4183,32307,4462,5692,2940,8488,21228,12959
1	664	2672	28001,31793,5012,5879,3005,33097,4183,32307,4462,5692,2940,8488,21228,12959,9440
1	664	32406	28001,31793,5012,5879,3005,33097,4183,32307,4462,5692,2940,8488,21228,12959,9440,2672
0	664	5749	28001,31793,5012,5879,3005,33097,4183,32307,4462,5692,2940,8488,21228,12959,9440,2672,32406
0	664	9908	28001,31793,5012,5879,3005,33097,4183,32307,4462,5692,2940,8488,21228,12959,9440,2672,32406
0	664	11290	28001,31793,5012,5879,3005,33097,4183,32307,4462,5692,2940,8488,21228,12959,9440,2672,32406
0	664	13731	28001,31793,5012,5879,3005,33097,4183,32307,4462,5692,2940,8488,21228,12959,9440,2672,32406
1	664	10144	28001,31793,5012,5879,3005,33097,4183,32307,4462,5692,2940,8488,21228,12959,9440,2672,32406
1	664	1981	28001,31793,5012,5879,3005,33097,4183,32307,4462,5692,2940,8488,21228,12959,9440,2672,32406,10144
1	664	18384	28001,31793,5012,5879,3005,33097,4183,32307,4462,5692,2940,8488,21228,12959,9440,2672,32406,10144,1981
1	664	2034	28001,31793,5012,5879,3005,33097,4183,32307,4462,5692,2940,8488,21228,12959,9440,2672,32406,10144,1981,18384
1	664	13686	28001,31793,5012,5879,3005,33097,4183,32307,4462,5692,2940,8488,21228,12959,9440,2672,32406,10144,1981,18384,2034
1	664	20534	28001,31793,5012,5879,3005,33097,4183,32307,4462,5692,2940,8488,21228,12959,9440,2672,32406,10144,1981,18384,2034,13686
0	664	12120	28001,31793,5012,5879,3005,33097,4183,32307,4462,5692,2940,8488,21228,12959,9440,2672,32406,10144,1981,18384,2034,13686,20534
1	664	13437	28001,31793,5012,5879,3005,33097,4183,32307,4462,5692,2940,8488,21228,12959,9440,2672,32406,10144,1981,18384,2034,13686,20534
1	664	3627	28001,31793,5012,5879,3005,33097,4183,32307,4462,5692,2940,8488,21228,12959,9440,2672,32406,10144,1981,18384,2034,13686,20534,13437
1	664	15660	28001,31793,5012,5879,3005,33097,4183,32307,4462,5692,2940,8488,21228,12959,9440,2672,32406,10144,1981,18384,2034,13686,20534,13437,3627
1	664	3259	28001,31793,5012,5879,3005,33097,4183,32307,4462,5692,2940,8488,21228,12959,9440,2672,32406,10144,1981,18384,2034,13686,20534,13437,3627,15660
1	664	13223	28001,31793,5012,5879,3005,33097,4183,32307,4462,5692,2940,8488,21228,12959,9440,2672,32406,10144,1981,18384,2034,13686,20534,13437,3627,15660,3259
1	664	18325	28001,31793,5012,5879,3005,33097,4183,32307,4462,5692,2940,8488,21228,12959,9440,2672,32406,10144,1981,18384,2034,13686,20534,13437,3627,15660,3259,13223
0	664	18327	28001,31793,5012,5879,3005,33097,4183,32307,4462,5692,2940,8488,21228,12959,9440,2672,32406,10144,1981,18384,2034,13686,20534,13437,3627,15660,3259,13223,18325
0	664	12588	28001,31793,5012,5879,3005,33097,4183,32307,4462,5692,2940,8488,21228,12959,9440,2672,32406,10144,1981,18384,2034,13686,20534,13437,3627,15660,3259,13223,18325
0	664	18281	28001,31793,5012,5879,3005,33097,4183,32307,4462,5692,2940,8488,21228,12959,9440,2672,32406,10144,1981,18384,2034,13686,20534,13437,3627,15660,3259,13223,18325
0	664	11427	28001,31793,5012,5879,3005,33097,4183,32307,4462,5692,2940,8488,21228,12959,9440,2672,32406,10144,1981,18384,2034,13686,20534,13437,3627,15660,3259,13223,18325
1	664	17823	28001,31793,5012,5879,3005,33097,4183,32307,4462,5692,2940,8488,21228,12959,9440,2672,32406,10144,1981,18384,2034,13686,20534,13437,3627,15660,3259,13223,18325
1	664	1607	28001,31793,5012,5879,3005,33097,4183,32307,4462,5692,2940,8488,21228,12959,9440,2672,32406,10144,1981,18384,2034,13686,20534,13437,3627,15660,3259,13223,18325,17823
0	664	5637	28001,31793,5012,5879,3005,33097,4183,32307,4462,5692,2940,8488,21228,12959,9440,2672,32406,10144,1981,18384,2034,13686,20534,13437,3627,15660,3259,13223,18325,17823,1607
1	664	15626	28001,31793,5012,5879,3005,33097,4183,32307,4462,5692,2940,8488,21228,12959,9440,2672,32406,10144,1981,18384,2034,13686,20534,13437,3627,15660,3259,13223,18325,17823,1607
1	664	1505	28001,31793,5012,5879,3005,33097,4183,32307,4462,5692,2940,8488,21228,12959,9440,2672,32406,10144,1981,18384,2034,13686,20534,13437,3627,15660,3259,13223,18325,17823,1607,15626
1	664	16948	28001,31793,5012,5879,3005,33097,4183,32307,4462,5692,2940,8488,21228,12959,9440,2672,32406,10144,1981,18384,2034,13686,20534,13437,3627,15660,3259,13223,18325,17823,1607,15626,1505
1	664	16267	28001,31793,5012,5879,3005,33097,4183,32307,4462,5692,2940,8488,21228,12959,9440,2672,32406,10144,1981,18384,2034,13686,20534,13437,3627,15660,3259,13223,18325,17823,1607,15626,1505,16948
1	664	9484	28001,31793,5012,5879,3005,33097,4183,32307,4462,5692,2940,8488,21228,12959,9440,2672,32406,10144,1981,18384,2034,13686,20534,13437,3627,15660,3259,13223,18325,17823,1607,15626,1505,16948,16267
1	664	19229	28001,31793,5012,5879,3005,33097,4183,32307,4462,5692,2940,8488,21228,12959,9440,2672,32406,10144,1981,18384,2034,13686,20534,13437,3627,15660,3259,13223,18325,17823,1607,15626,1505,16948,16267,9484
1	664	12033	28001,31793,5012,5879,3005,33097,4183,32307,4462,5692,2940,8488,21228,12959,9440,2672,32406,10144,1981,18384,2034,13686,20534,13437,3627,15660,3259,13223,18325,17823,1607,15626,1505,16948,16267,9484,19229
1	664	20422	28001,31793,5012,5879,3005,33097,4183,32307,4462,5692,2940,8488,21228,12959,9440,2672,32406,10144,1981,18384,2034,13686,20534,13437,3627,15660,3259,13223,18325,17823,1607,15626,1505,16948,16267,9484,19229,12033
0	664	18841	28001,31793,5012,5879,3005,33097,4183,32307,4462,5692,2940,8488,21228,12959,9440,2672,32406,10144,1981,18384,2034,13686,20534,13437,3627,15660,3259,13223,18325,17823,1607,15626,1505,16948,16267,9484,19229,12033,20422
1	664	8854	28001,31793,5012,5879,3005,33097,4183,32307,4462,5692,2940,8488,21228,12959,9440,2672,32406,10144,1981,18384,2034,13686,20534,13437,3627,15660,3259,13223,18325,17823,1607,15626,1505,16948,16267,9484,19229,12033,20422
1	664	9030	28001,31793,5012,5879,3005,33097,4183,32307,4462,5692,2940,8488,21228,12959,9440,2672,32406,10144,1981,18384,2034,13686,20534,13437,3627,15660,3259,13223,18325,17823,1607,15626,1505,16948,16267,9484,19229,12033,20422,8854
0	664	16545	28001,31793,5012,5879,3005,33097,4183,32307,4462,5692,2940,8488,21228,12959,9440,2672,32406,10144,1981,18384,2034,13686,20534,13437,3627,15660,3259,13223,18325,17823,1607,15626,1505,16948,16267,9484,19229,12033,20422,8854,9030
0	664	19398	28001,31793,5012,5879,3005,33097,4183,32307,4462,5692,2940,8488,21228,12959,9440,2672,32406,10144,1981,18384,2034,13686,20534,13437,3627,15660,3259,13223,18325,17823,1607,15626,1505,16948,16267,9484,19229,12033,20422,8854,9030
1	664	23226	28001,31793,5012,5879,3005,33097,4183,32307,4462,5692,2940,8488,21228,12959,9440,2672,32406,10144,1981,18384,2034,13686,20534,13437,3627,15660,3259,13223,18325,17823,1607,15626,1505,16948,16267,9484,19229,12033,20422,8854,9030
1	664	13666	28001,31793,5012,5879,3005,33097,4183,32307,4462,5692,2940,8488,21228,12959,9440,2672,32406,10144,1981,18384,2034,13686,20534,13437,3627,15660,3259,13223,18325,17823,1607,15626,1505,16948,16267,9484,19229,12033,20422,8854,9030,23226
1	664	18936	28001,31793,5012,5879,3005,33097,4183,32307,4462,5692,2940,8488,21228,12959,9440,2672,32406,10144,1981,18384,2034,13686,20534,13437,3627,15660,3259,13223,18325,17823,1607,15626,1505,16948,16267,9484,19229,12033,20422,8854,9030,23226,13666
1	664	16701	28001,31793,5012,5879,3005,33097,4183,32307,4462,5692,2940,8488,21228,12959,9440,2672,32406,10144,1981,18384,2034,13686,20534,13437,3627,15660,3259,13223,18325,17823,1607,15626,1505,16948,16267,9484,19229,12033,20422,8854,9030,23226,13666,18936
1	664	32618	28001,31793,5012,5879,3005,33097,4183,32307,4462,5692,2940,8488,21228,12959,9440,2672,32406,10144,1981,18384,2034,13686,20534,13437,3627,15660,3259,13223,18325,17823,1607,15626,1505,16948,16267,9484,19229,12033,20422,8854,9030,23226,13666,18936,16701
1	664	19702	28001,31793,5012,5879,3005,33097,4183,32307,4462,5692,2940,8488,21228,12959,9440,2672,32406,10144,1981,18384,2034,13686,20534,13437,3627,15660,3259,13223,18325,17823,1607,15626,1505,16948,16267,9484,19229,12033,20422,8854,9030,23226,13666,18936,16701,32618
1	664	19744	28001,31793,5012,5879,3005,33097,4183,32307,4462,5692,2940,8488,21228,12959,9440,2672,32406,10144,1981,18384,2034,13686,20534,13437,3627,15660,3259,13223,18325,17823,1607,15626,1505,16948,16267,9484,19229,12033,20422,8854,9030,23226,13666,18936,16701,32618,19702
1	664	22212	28001,31793,5012,5879,3005,33097,4183,32307,4462,5692,2940,8488,21228,12959,9440,2672,32406,10144,1981,18384,2034,13686,20534,13437,3627,15660,3259,13223,18325,17823,1607,15626,1505,16948,16267,9484,19229,12033,20422,8854,9030,23226,13666,18936,16701,32618,19702,19744
0	664	23430	28001,31793,5012,5879,3005,33097,4183,32307,4462,5692,2940,8488,21228,12959,9440,2672,32406,10144,1981,18384,2034,13686,20534,13437,3627,15660,3259,13223,18325,17823,1607,15626,1505,16948,16267,9484,19229,12033,20422,8854,9030,23226,13666,18936,16701,32618,19702,19744,22212
1	664	18622	28001,31793,5012,5879,3005,33097,4183,32307,4462,5692,2940,8488,21228,12959,9440,2672,32406,10144,1981,18384,2034,13686,20534,13437,3627,15660,3259,13223,18325,17823,1607,15626,1505,16948,16267,9484,19229,12033,20422,8854,9030,23226,13666,18936,16701,32618,19702,19744,22212
0	664	25760	28001,31793,5012,5879,3005,33097,4183,32307,4462,5692,2940,8488,21228,12959,9440,2672,32406,10144,1981,18384,2034,13686,20534,13437,3627,15660,3259,13223,18325,17823,1607,15626,1505,16948,16267,9484,19229,12033,20422,8854,9030,23226,13666,18936,16701,32618,19702,19744,22212,18622
0	664	22957	28001,31793,5012,5879,3005,33097,4183,32307,4462,5692,2940,8488,21228,12959,9440,2672,32406,10144,1981,18384,2034,13686,20534,13437,3627,15660,3259,13223,18325,17823,1607,15626,1505,16948,16267,9484,19229,12033,20422,8854,9030,23226,13666,18936,16701,32618,19702,19744,22212,18622
1	664	1426	28001,31793,5012,5879,3005,33097,4183,32307,4462,5692,2940,8488,21228,12959,9440,2672,32406,10144,1981,18384,2034,13686,20534,13437,3627,15660,3259,13223,18325,17823,1607,15626,1505,16948,16267,9484,19229,12033,20422,8854,9030,23226,13666,18936,16701,32618,19702,19744,22212,18622
0	664	23519	28001,31793,5012,5879,3005,33097,4183,32307,4462,5692,2940,8488,21228,12959,9440,2672,32406,10144,1981,18384,2034,13686,20534,13437,3627,15660,3259,13223,18325,17823,1607,15626,1505,16948,16267,9484,19229,12033,20422,8854,9030,23226,13666,18936,16701,32618,19702,19744,22212,18622,1426
0	664	26759	28001,31793,5012,5879,3005,33097,4183,32307,4462,5692,2940,8488,21228,12959,9440,2672,32406,10144,1981,18384,2034,13686,20534,13437,3627,15660,3259,13223,18325,17823,1607,15626,1505,16948,16267,9484,19229,12033,20422,8854,9030,23226,13666,18936,16701,32618,19702,19744,22212,18622,1426
1	664	22208	28001,31793,5012,5879,3005,33097,4183,32307,4462,5692,2940,8488,21228,12959,9440,2672,32406,10144,1981,18384,2034,13686,20534,13437,3627,15660,3259,13223,18325,17823,1607,15626,1505,16948,16267,9484,19229,12033,20422,8854,9030,23226,13666,18936,16701,32618,19702,19744,22212,18622,1426
0	664	16024	28001,31793,5012,5879,3005,33097,4183,32307,4462,5692,2940,8488,21228,12959,9440,2672,32406,10144,1981,18384,2034,13686,20534,13437,3627,15660,3259,13223,18325,17823,1607,15626,1505,16948,16267,9484,19229,12033,20422,8854,9030,23226,13666,18936,16701,32618,19702,19744,22212,18622,1426,22208
1	664	27682	28001,31793,5012,5879,3005,33097,4183,32307,4462,5692,2940,8488,21228,12959,9440,2672,32406,10144,1981,18384,2034,13686,20534,13437,3627,15660,3259,13223,18325,17823,1607,15626,1505,16948,16267,9484,19229,12033,20422,8854,9030,23226,13666,18936,16701,32618,19702,19744,22212,18622,1426,22208
0	664	26395	28001,31793,5012,5879,3005,33097,4183,32307,4462,5692,2940,8488,21228,12959,9440,2672,32406,10144,1981,18384,2034,13686,20534,13437,3627,15660,3259,13223,18325,17823,1607,15626,1505,16948,16267,9484,19229,12033,20422,8854,9030,23226,13666,18936,16701,32618,19702,19744,22212,18622,1426,22208,27682
1	664	24487	28001,31793,5012,5879,3005,33097,4183,32307,4462,5692,2940,8488,21228,12959,9440,2672,32406,10144,1981,18384,2034,13686,20534,13437,3627,15660,3259,13223,18325,17823,1607,15626,1505,16948,16267,9484,19229,12033,20422,8854,9030,23226,13666,18936,16701,32618,19702,19744,22212,18622,1426,22208,27682
1	664	3174	28001,31793,5012,5879,3005,33097,4183,32307,4462,5692,2940,8488,21228,12959,9440,2672,32406,10144,1981,18384,2034,13686,20534,13437,3627,15660,3259,13223,18325,17823,1607,15626,1505,16948,16267,9484,19229,12033,20422,8854,9030,23226,13666,18936,16701,32618,19702,19744,22212,18622,1426,22208,27682,24487
