1	662	31254	0
1	662	31288	31254
1	662	31743	31254,31288
0	662	16005	31254,31288,31743
1	662	16281	31254,31288,31743
1	662	27238	31254,31288,31743,16281
0	662	31824	31254,31288,31743,16281,27238
1	662	205	31254,31288,31743,16281,27238
1	662	14277	31254,31288,31743,16281,27238,205
1	662	701	31254,31288,31743,16281,27238,205,14277
1	662	2696	31254,31288,31743,16281,27238,205,14277,701
1	662	1040	31254,31288,31743,16281,27238,205,14277,701,2696
0	662	1600	31254,31288,31743,16281,27238,205,14277,701,2696,1040
1	662	4238	31254,31288,31743,16281,27238,205,14277,701,2696,1040
1	662	2086	31254,31288,31743,16281,27238,205,14277,701,2696,1040,4238
0	662	31176	31254,31288,31743,16281,27238,205,14277,701,2696,1040,4238,2086
1	662	7480	31254,31288,31743,16281,27238,205,14277,701,2696,1040,4238,2086
1	662	26809	31254,31288,31743,16281,27238,205,14277,701,2696,1040,4238,2086,7480
0	662	5380	31254,31288,31743,16281,27238,205,14277,701,2696,1040,4238,2086,7480,26809
1	662	8809	31254,31288,31743,16281,27238,205,14277,701,2696,1040,4238,2086,7480,26809
1	662	4704	31254,31288,31743,16281,27238,205,14277,701,2696,1040,4238,2086,7480,26809,8809
0	662	7906	31254,31288,31743,16281,27238,205,14277,701,2696,1040,4238,2086,7480,26809,8809,4704
0	662	8745	31254,31288,31743,16281,27238,205,14277,701,2696,1040,4238,2086,7480,26809,8809,4704
0	662	2138	31254,31288,31743,16281,27238,205,14277,701,2696,1040,4238,2086,7480,26809,8809,4704
1	662	15839	31254,31288,31743,16281,27238,205,14277,701,2696,1040,4238,2086,7480,26809,8809,4704
1	662	2762	31254,31288,31743,16281,27238,205,14277,701,2696,1040,4238,2086,7480,26809,8809,4704,15839
1	662	31478	31254,31288,31743,16281,27238,205,14277,701,2696,1040,4238,2086,7480,26809,8809,4704,15839,2762
0	662	11039	31254,31288,31743,16281,27238,205,14277,701,2696,1040,4238,2086,7480,26809,8809,4704,15839,2762,31478
1	662	13254	31254,31288,31743,16281,27238,205,14277,701,2696,1040,4238,2086,7480,26809,8809,4704,15839,2762,31478
1	662	31932	31254,31288,31743,16281,27238,205,14277,701,2696,1040,4238,2086,7480,26809,8809,4704,15839,2762,31478,13254
1	662	5237	31254,31288,31743,16281,27238,205,14277,701,2696,1040,4238,2086,7480,26809,8809,4704,15839,2762,31478,13254,31932
0	662	7077	31254,31288,31743,16281,27238,205,14277,701,2696,1040,4238,2086,7480,26809,8809,4704,15839,2762,31478,13254,31932,5237
0	662	7115	31254,31288,31743,16281,27238,205,14277,701,2696,1040,4238,2086,7480,26809,8809,4704,15839,2762,31478,13254,31932,5237
1	662	8698	31254,31288,31743,16281,27238,205,14277,701,2696,1040,4238,2086,7480,26809,8809,4704,15839,2762,31478,13254,31932,5237
0	662	6450	31254,31288,31743,16281,27238,205,14277,701,2696,1040,4238,2086,7480,26809,8809,4704,15839,2762,31478,13254,31932,5237,8698
1	662	13952	31254,31288,31743,16281,27238,205,14277,701,2696,1040,4238,2086,7480,26809,8809,4704,15839,2762,31478,13254,31932,5237,8698
1	662	10012	31254,31288,31743,16281,27238,205,14277,701,2696,1040,4238,2086,7480,26809,8809,4704,15839,2762,31478,13254,31932,5237,8698,13952
0	662	5941	31254,31288,31743,16281,27238,205,14277,701,2696,1040,4238,2086,7480,26809,8809,4704,15839,2762,31478,13254,31932,5237,8698,13952,10012
0	662	6226	31254,31288,31743,16281,27238,205,14277,701,2696,1040,4238,2086,7480,26809,8809,4704,15839,2762,31478,13254,31932,5237,8698,13952,10012
1	662	9316	31254,31288,31743,16281,27238,205,14277,701,2696,1040,4238,2086,7480,26809,8809,4704,15839,2762,31478,13254,31932,5237,8698,13952,10012
0	662	16081	31254,31288,31743,16281,27238,205,14277,701,2696,1040,4238,2086,7480,26809,8809,4704,15839,2762,31478,13254,31932,5237,8698,13952,10012,9316
1	662	13920	31254,31288,31743,16281,27238,205,14277,701,2696,1040,4238,2086,7480,26809,8809,4704,15839,2762,31478,13254,31932,5237,8698,13952,10012,9316
1	662	10315	31254,31288,31743,16281,27238,205,14277,701,2696,1040,4238,2086,7480,26809,8809,4704,15839,2762,31478,13254,31932,5237,8698,13952,10012,9316,13920
1	662	16885	31254,31288,31743,16281,27238,205,14277,701,2696,1040,4238,2086,7480,26809,8809,4704,15839,2762,31478,13254,31932,5237,8698,13952,10012,9316,13920,10315
0	662	19878	31254,31288,31743,16281,27238,205,14277,701,2696,1040,4238,2086,7480,26809,8809,4704,15839,2762,31478,13254,31932,5237,8698,13952,10012,9316,13920,10315,16885
0	662	15260	31254,31288,31743,16281,27238,205,14277,701,2696,1040,4238,2086,7480,26809,8809,4704,15839,2762,31478,13254,31932,5237,8698,13952,10012,9316,13920,10315,16885
0	662	13009	31254,31288,31743,16281,27238,205,14277,701,2696,1040,4238,2086,7480,26809,8809,4704,15839,2762,31478,13254,31932,5237,8698,13952,10012,9316,13920,10315,16885
1	662	4689	31254,31288,31743,16281,27238,205,14277,701,2696,1040,4238,2086,7480,26809,8809,4704,15839,2762,31478,13254,31932,5237,8698,13952,10012,9316,13920,10315,16885
1	662	7450	31254,31288,31743,16281,27238,205,14277,701,2696,1040,4238,2086,7480,26809,8809,4704,15839,2762,31478,13254,31932,5237,8698,13952,10012,9316,13920,10315,16885,4689
1	662	10570	31254,31288,31743,16281,27238,205,14277,701,2696,1040,4238,2086,7480,26809,8809,4704,15839,2762,31478,13254,31932,5237,8698,13952,10012,9316,13920,10315,16885,4689,7450
1	662	12857	31254,31288,31743,16281,27238,205,14277,701,2696,1040,4238,2086,7480,26809,8809,4704,15839,2762,31478,13254,31932,5237,8698,13952,10012,9316,13920,10315,16885,4689,7450,10570
1	662	18715	31254,31288,31743,16281,27238,205,14277,701,2696,1040,4238,2086,7480,26809,8809,4704,15839,2762,31478,13254,31932,5237,8698,13952,10012,9316,13920,10315,16885,4689,7450,10570,12857
1	662	23915	31254,31288,31743,16281,27238,205,14277,701,2696,1040,4238,2086,7480,26809,8809,4704,15839,2762,31478,13254,31932,5237,8698,13952,10012,9316,13920,10315,16885,4689,7450,10570,12857,18715
1	662	31263	31254,31288,31743,16281,27238,205,14277,701,2696,1040,4238,2086,7480,26809,8809,4704,15839,2762,31478,13254,31932,5237,8698,13952,10012,9316,13920,10315,16885,4689,7450,10570,12857,18715,23915
1	662	28292	31254,31288,31743,16281,27238,205,14277,701,2696,1040,4238,2086,7480,26809,8809,4704,15839,2762,31478,13254,31932,5237,8698,13952,10012,9316,13920,10315,16885,4689,7450,10570,12857,18715,23915,31263
1	662	16948	31254,31288,31743,16281,27238,205,14277,701,2696,1040,4238,2086,7480,26809,8809,4704,15839,2762,31478,13254,31932,5237,8698,13952,10012,9316,13920,10315,16885,4689,7450,10570,12857,18715,23915,31263,28292
1	662	27490	31254,31288,31743,16281,27238,205,14277,701,2696,1040,4238,2086,7480,26809,8809,4704,15839,2762,31478,13254,31932,5237,8698,13952,10012,9316,13920,10315,16885,4689,7450,10570,12857,18715,23915,31263,28292,16948
1	662	14078	31254,31288,31743,16281,27238,205,14277,701,2696,1040,4238,2086,7480,26809,8809,4704,15839,2762,31478,13254,31932,5237,8698,13952,10012,9316,13920,10315,16885,4689,7450,10570,12857,18715,23915,31263,28292,16948,27490
0	662	24587	31254,31288,31743,16281,27238,205,14277,701,2696,1040,4238,2086,7480,26809,8809,4704,15839,2762,31478,13254,31932,5237,8698,13952,10012,9316,13920,10315,16885,4689,7450,10570,12857,18715,23915,31263,28292,16948,27490,14078
0	662	4472	31254,31288,31743,16281,27238,205,14277,701,2696,1040,4238,2086,7480,26809,8809,4704,15839,2762,31478,13254,31932,5237,8698,13952,10012,9316,13920,10315,16885,4689,7450,10570,12857,18715,23915,31263,28292,16948,27490,14078
1	662	1379	31254,31288,31743,16281,27238,205,14277,701,2696,1040,4238,2086,7480,26809,8809,4704,15839,2762,31478,13254,31932,5237,8698,13952,10012,9316,13920,10315,16885,4689,7450,10570,12857,18715,23915,31263,28292,16948,27490,14078
1	662	2323	31254,31288,31743,16281,27238,205,14277,701,2696,1040,4238,2086,7480,26809,8809,4704,15839,2762,31478,13254,31932,5237,8698,13952,10012,9316,13920,10315,16885,4689,7450,10570,12857,18715,23915,31263,28292,16948,27490,14078,1379
