1	1056	32227	0
1	1056	223	32227
0	1056	5081	32227,223
0	1056	1849	32227,223
0	1056	1620	32227,223
0	1056	7031	32227,223
1	1056	2274	32227,223
0	1056	59	32227,223,2274
0	1056	6786	32227,223,2274
0	1056	32617	32227,223,2274
0	1056	2832	32227,223,2274
0	1056	26608	32227,223,2274
0	1056	8799	32227,223,2274
0	1056	32138	32227,223,2274
0	1056	10329	32227,223,2274
0	1056	7520	32227,223,2274
0	1056	7801	32227,223,2274
1	1056	9976	32227,223,2274
1	1056	32885	32227,223,2274,9976
0	1056	11891	32227,223,2274,9976,32885
0	1056	13696	32227,223,2274,9976,32885
0	1056	14474	32227,223,2274,9976,32885
1	1056	4883	32227,223,2274,9976,32885
1	1056	3702	32227,223,2274,9976,32885,4883
0	1056	10228	32227,223,2274,9976,32885,4883,3702
1	1056	6477	32227,223,2274,9976,32885,4883,3702
1	1056	19793	32227,223,2274,9976,32885,4883,3702,6477
1	1056	18489	32227,223,2274,9976,32885,4883,3702,6477,19793
0	1056	17661	32227,223,2274,9976,32885,4883,3702,6477,19793,18489
0	1056	22657	32227,223,2274,9976,32885,4883,3702,6477,19793,18489
1	1056	14412	32227,223,2274,9976,32885,4883,3702,6477,19793,18489
1	1056	7706	32227,223,2274,9976,32885,4883,3702,6477,19793,18489,14412
0	1056	21363	32227,223,2274,9976,32885,4883,3702,6477,19793,18489,14412,7706
0	1056	24429	32227,223,2274,9976,32885,4883,3702,6477,19793,18489,14412,7706
1	1056	3958	32227,223,2274,9976,32885,4883,3702,6477,19793,18489,14412,7706
0	1056	24055	32227,223,2274,9976,32885,4883,3702,6477,19793,18489,14412,7706,3958
0	1056	17407	32227,223,2274,9976,32885,4883,3702,6477,19793,18489,14412,7706,3958
1	1056	27829	32227,223,2274,9976,32885,4883,3702,6477,19793,18489,14412,7706,3958
0	1056	15477	32227,223,2274,9976,32885,4883,3702,6477,19793,18489,14412,7706,3958,27829
1	1056	28526	32227,223,2274,9976,32885,4883,3702,6477,19793,18489,14412,7706,3958,27829
