1	1128	7507	0
0	1128	7974	7507
1	1128	22606	7507
1	1128	23742	7507,22606
0	1128	1518	7507,22606,23742
0	1128	5151	7507,22606,23742
1	1128	26782	7507,22606,23742
0	1128	28931	7507,22606,23742,26782
1	1128	3368	7507,22606,23742,26782
1	1128	5348	7507,22606,23742,26782,3368
0	1128	3022	7507,22606,23742,26782,3368,5348
0	1128	4708	7507,22606,23742,26782,3368,5348
0	1128	26925	7507,22606,23742,26782,3368,5348
1	1128	6976	7507,22606,23742,26782,3368,5348
0	1128	5627	7507,22606,23742,26782,3368,5348,6976
1	1128	7088	7507,22606,23742,26782,3368,5348,6976
1	1128	30683	7507,22606,23742,26782,3368,5348,6976,7088
0	1128	7711	7507,22606,23742,26782,3368,5348,6976,7088,30683
0	1128	3217	7507,22606,23742,26782,3368,5348,6976,7088,30683
1	1128	7307	7507,22606,23742,26782,3368,5348,6976,7088,30683
0	1128	5116	7507,22606,23742,26782,3368,5348,6976,7088,30683,7307
0	1128	6815	7507,22606,23742,26782,3368,5348,6976,7088,30683,7307
1	1128	958	7507,22606,23742,26782,3368,5348,6976,7088,30683,7307
1	1128	9061	7507,22606,23742,26782,3368,5348,6976,7088,30683,7307,958
1	1128	8724	7507,22606,23742,26782,3368,5348,6976,7088,30683,7307,958,9061
1	1128	10166	7507,22606,23742,26782,3368,5348,6976,7088,30683,7307,958,9061,8724
1	1128	10540	7507,22606,23742,26782,3368,5348,6976,7088,30683,7307,958,9061,8724,10166
0	1128	11952	7507,22606,23742,26782,3368,5348,6976,7088,30683,7307,958,9061,8724,10166,10540
1	1128	4827	7507,22606,23742,26782,3368,5348,6976,7088,30683,7307,958,9061,8724,10166,10540
1	1128	14046	7507,22606,23742,26782,3368,5348,6976,7088,30683,7307,958,9061,8724,10166,10540,4827
1	1128	10964	7507,22606,23742,26782,3368,5348,6976,7088,30683,7307,958,9061,8724,10166,10540,4827,14046
1	1128	15956	7507,22606,23742,26782,3368,5348,6976,7088,30683,7307,958,9061,8724,10166,10540,4827,14046,10964
0	1128	15145	7507,22606,23742,26782,3368,5348,6976,7088,30683,7307,958,9061,8724,10166,10540,4827,14046,10964,15956
0	1128	18449	7507,22606,23742,26782,3368,5348,6976,7088,30683,7307,958,9061,8724,10166,10540,4827,14046,10964,15956
1	1128	13151	7507,22606,23742,26782,3368,5348,6976,7088,30683,7307,958,9061,8724,10166,10540,4827,14046,10964,15956
0	1128	15761	7507,22606,23742,26782,3368,5348,6976,7088,30683,7307,958,9061,8724,10166,10540,4827,14046,10964,15956,13151
0	1128	17541	7507,22606,23742,26782,3368,5348,6976,7088,30683,7307,958,9061,8724,10166,10540,4827,14046,10964,15956,13151
0	1128	18903	7507,22606,23742,26782,3368,5348,6976,7088,30683,7307,958,9061,8724,10166,10540,4827,14046,10964,15956,13151
0	1128	16808	7507,22606,23742,26782,3368,5348,6976,7088,30683,7307,958,9061,8724,10166,10540,4827,14046,10964,15956,13151
1	1128	19428	7507,22606,23742,26782,3368,5348,6976,7088,30683,7307,958,9061,8724,10166,10540,4827,14046,10964,15956,13151
0	1128	22100	7507,22606,23742,26782,3368,5348,6976,7088,30683,7307,958,9061,8724,10166,10540,4827,14046,10964,15956,13151,19428
0	1128	21446	7507,22606,23742,26782,3368,5348,6976,7088,30683,7307,958,9061,8724,10166,10540,4827,14046,10964,15956,13151,19428
1	1128	22459	7507,22606,23742,26782,3368,5348,6976,7088,30683,7307,958,9061,8724,10166,10540,4827,14046,10964,15956,13151,19428
1	1128	17469	7507,22606,23742,26782,3368,5348,6976,7088,30683,7307,958,9061,8724,10166,10540,4827,14046,10964,15956,13151,19428,22459
0	1128	23757	7507,22606,23742,26782,3368,5348,6976,7088,30683,7307,958,9061,8724,10166,10540,4827,14046,10964,15956,13151,19428,22459,17469
0	1128	22063	7507,22606,23742,26782,3368,5348,6976,7088,30683,7307,958,9061,8724,10166,10540,4827,14046,10964,15956,13151,19428,22459,17469
1	1128	23453	7507,22606,23742,26782,3368,5348,6976,7088,30683,7307,958,9061,8724,10166,10540,4827,14046,10964,15956,13151,19428,22459,17469
1	1128	24600	7507,22606,23742,26782,3368,5348,6976,7088,30683,7307,958,9061,8724,10166,10540,4827,14046,10964,15956,13151,19428,22459,17469,23453
1	1128	22967	7507,22606,23742,26782,3368,5348,6976,7088,30683,7307,958,9061,8724,10166,10540,4827,14046,10964,15956,13151,19428,22459,17469,23453,24600
1	1128	5242	7507,22606,23742,26782,3368,5348,6976,7088,30683,7307,958,9061,8724,10166,10540,4827,14046,10964,15956,13151,19428,22459,17469,23453,24600,22967
1	1128	24592	7507,22606,23742,26782,3368,5348,6976,7088,30683,7307,958,9061,8724,10166,10540,4827,14046,10964,15956,13151,19428,22459,17469,23453,24600,22967,5242
0	1128	26409	7507,22606,23742,26782,3368,5348,6976,7088,30683,7307,958,9061,8724,10166,10540,4827,14046,10964,15956,13151,19428,22459,17469,23453,24600,22967,5242,24592
1	1128	26451	7507,22606,23742,26782,3368,5348,6976,7088,30683,7307,958,9061,8724,10166,10540,4827,14046,10964,15956,13151,19428,22459,17469,23453,24600,22967,5242,24592
1	1128	24048	7507,22606,23742,26782,3368,5348,6976,7088,30683,7307,958,9061,8724,10166,10540,4827,14046,10964,15956,13151,19428,22459,17469,23453,24600,22967,5242,24592,26451
1	1128	22137	7507,22606,23742,26782,3368,5348,6976,7088,30683,7307,958,9061,8724,10166,10540,4827,14046,10964,15956,13151,19428,22459,17469,23453,24600,22967,5242,24592,26451,24048
1	1128	27879	7507,22606,23742,26782,3368,5348,6976,7088,30683,7307,958,9061,8724,10166,10540,4827,14046,10964,15956,13151,19428,22459,17469,23453,24600,22967,5242,24592,26451,24048,22137
1	1128	29132	7507,22606,23742,26782,3368,5348,6976,7088,30683,7307,958,9061,8724,10166,10540,4827,14046,10964,15956,13151,19428,22459,17469,23453,24600,22967,5242,24592,26451,24048,22137,27879
1	1128	29330	7507,22606,23742,26782,3368,5348,6976,7088,30683,7307,958,9061,8724,10166,10540,4827,14046,10964,15956,13151,19428,22459,17469,23453,24600,22967,5242,24592,26451,24048,22137,27879,29132
