1	1030	5400	0
1	1030	6318	5400
1	1030	2474	5400,6318
0	1030	6706	5400,6318,2474
1	1030	7911	5400,6318,2474
0	1030	23982	5400,6318,2474,7911
1	1030	24737	5400,6318,2474,7911
1	1030	9900	5400,6318,2474,7911,24737
1	1030	13765	5400,6318,2474,7911,24737,9900
0	1030	13905	5400,6318,2474,7911,24737,9900,13765
1	1030	31679	5400,6318,2474,7911,24737,9900,13765
1	1030	764	5400,6318,2474,7911,24737,9900,13765,31679
0	1030	2891	5400,6318,2474,7911,24737,9900,13765,31679,764
1	1030	3233	5400,6318,2474,7911,24737,9900,13765,31679,764
1	1030	3375	5400,6318,2474,7911,24737,9900,13765,31679,764,3233
1	1030	4752	5400,6318,2474,7911,24737,9900,13765,31679,764,3233,3375
0	1030	8201	5400,6318,2474,7911,24737,9900,13765,31679,764,3233,3375,4752
1	1030	8603	5400,6318,2474,7911,24737,9900,13765,31679,764,3233,3375,4752
1	1030	11296	5400,6318,2474,7911,24737,9900,13765,31679,764,3233,3375,4752,8603
0	1030	12754	5400,6318,2474,7911,24737,9900,13765,31679,764,3233,3375,4752,8603,11296
0	1030	13151	5400,6318,2474,7911,24737,9900,13765,31679,764,3233,3375,4752,8603,11296
0	1030	2736	5400,6318,2474,7911,24737,9900,13765,31679,764,3233,3375,4752,8603,11296
1	1030	18488	5400,6318,2474,7911,24737,9900,13765,31679,764,3233,3375,4752,8603,11296
0	1030	19236	5400,6318,2474,7911,24737,9900,13765,31679,764,3233,3375,4752,8603,11296,18488
1	1030	31836	5400,6318,2474,7911,24737,9900,13765,31679,764,3233,3375,4752,8603,11296,18488
0	1030	8480	5400,6318,2474,7911,24737,9900,13765,31679,764,3233,3375,4752,8603,11296,18488,31836
1	1030	9985	5400,6318,2474,7911,24737,9900,13765,31679,764,3233,3375,4752,8603,11296,18488,31836
1	1030	12588	5400,6318,2474,7911,24737,9900,13765,31679,764,3233,3375,4752,8603,11296,18488,31836,9985
1	1030	18107	5400,6318,2474,7911,24737,9900,13765,31679,764,3233,3375,4752,8603,11296,18488,31836,9985,12588
0	1030	18448	5400,6318,2474,7911,24737,9900,13765,31679,764,3233,3375,4752,8603,11296,18488,31836,9985,12588,18107
1	1030	22331	5400,6318,2474,7911,24737,9900,13765,31679,764,3233,3375,4752,8603,11296,18488,31836,9985,12588,18107
0	1030	21337	5400,6318,2474,7911,24737,9900,13765,31679,764,3233,3375,4752,8603,11296,18488,31836,9985,12588,18107,22331
1	1030	26314	5400,6318,2474,7911,24737,9900,13765,31679,764,3233,3375,4752,8603,11296,18488,31836,9985,12588,18107,22331
0	1030	17419	5400,6318,2474,7911,24737,9900,13765,31679,764,3233,3375,4752,8603,11296,18488,31836,9985,12588,18107,22331,26314
1	1030	21974	5400,6318,2474,7911,24737,9900,13765,31679,764,3233,3375,4752,8603,11296,18488,31836,9985,12588,18107,22331,26314
0	1030	17628	5400,6318,2474,7911,24737,9900,13765,31679,764,3233,3375,4752,8603,11296,18488,31836,9985,12588,18107,22331,26314,21974
0	1030	6445	5400,6318,2474,7911,24737,9900,13765,31679,764,3233,3375,4752,8603,11296,18488,31836,9985,12588,18107,22331,26314,21974
0	1030	24916	5400,6318,2474,7911,24737,9900,13765,31679,764,3233,3375,4752,8603,11296,18488,31836,9985,12588,18107,22331,26314,21974
1	1030	24637	5400,6318,2474,7911,24737,9900,13765,31679,764,3233,3375,4752,8603,11296,18488,31836,9985,12588,18107,22331,26314,21974
1	1030	22126	5400,6318,2474,7911,24737,9900,13765,31679,764,3233,3375,4752,8603,11296,18488,31836,9985,12588,18107,22331,26314,21974,24637
1	1030	25858	5400,6318,2474,7911,24737,9900,13765,31679,764,3233,3375,4752,8603,11296,18488,31836,9985,12588,18107,22331,26314,21974,24637,22126
0	1030	25770	5400,6318,2474,7911,24737,9900,13765,31679,764,3233,3375,4752,8603,11296,18488,31836,9985,12588,18107,22331,26314,21974,24637,22126,25858
