1	1270	1973	0
1	1270	1474	1973
0	1270	6381	1973,1474
0	1270	14363	1973,1474
0	1270	12493	1973,1474
1	1270	19776	1973,1474
0	1270	32848	1973,1474,19776
1	1270	16319	1973,1474,19776
0	1270	3678	1973,1474,19776,16319
1	1270	12998	1973,1474,19776,16319
1	1270	32841	1973,1474,19776,16319,12998
0	1270	7579	1973,1474,19776,16319,12998,32841
1	1270	9484	1973,1474,19776,16319,12998,32841
0	1270	12488	1973,1474,19776,16319,12998,32841,9484
1	1270	13215	1973,1474,19776,16319,12998,32841,9484
0	1270	8216	1973,1474,19776,16319,12998,32841,9484,13215
1	1270	21293	1973,1474,19776,16319,12998,32841,9484,13215
0	1270	6245	1973,1474,19776,16319,12998,32841,9484,13215,21293
1	1270	8945	1973,1474,19776,16319,12998,32841,9484,13215,21293
1	1270	19219	1973,1474,19776,16319,12998,32841,9484,13215,21293,8945
1	1270	14947	1973,1474,19776,16319,12998,32841,9484,13215,21293,8945,19219
1	1270	18048	1973,1474,19776,16319,12998,32841,9484,13215,21293,8945,19219,14947
1	1270	21441	1973,1474,19776,16319,12998,32841,9484,13215,21293,8945,19219,14947,18048
1	1270	21883	1973,1474,19776,16319,12998,32841,9484,13215,21293,8945,19219,14947,18048,21441
0	1270	1011	1973,1474,19776,16319,12998,32841,9484,13215,21293,8945,19219,14947,18048,21441,21883
1	1270	12279	1973,1474,19776,16319,12998,32841,9484,13215,21293,8945,19219,14947,18048,21441,21883
1	1270	14108	1973,1474,19776,16319,12998,32841,9484,13215,21293,8945,19219,14947,18048,21441,21883,12279
1	1270	1228	1973,1474,19776,16319,12998,32841,9484,13215,21293,8945,19219,14947,18048,21441,21883,12279,14108
0	1270	1236	1973,1474,19776,16319,12998,32841,9484,13215,21293,8945,19219,14947,18048,21441,21883,12279,14108,1228
0	1270	9882	1973,1474,19776,16319,12998,32841,9484,13215,21293,8945,19219,14947,18048,21441,21883,12279,14108,1228
0	1270	14036	1973,1474,19776,16319,12998,32841,9484,13215,21293,8945,19219,14947,18048,21441,21883,12279,14108,1228
1	1270	14117	1973,1474,19776,16319,12998,32841,9484,13215,21293,8945,19219,14947,18048,21441,21883,12279,14108,1228
0	1270	18495	1973,1474,19776,16319,12998,32841,9484,13215,21293,8945,19219,14947,18048,21441,21883,12279,14108,1228,14117
0	1270	339	1973,1474,19776,16319,12998,32841,9484,13215,21293,8945,19219,14947,18048,21441,21883,12279,14108,1228,14117
1	1270	16652	1973,1474,19776,16319,12998,32841,9484,13215,21293,8945,19219,14947,18048,21441,21883,12279,14108,1228,14117
1	1270	21306	1973,1474,19776,16319,12998,32841,9484,13215,21293,8945,19219,14947,18048,21441,21883,12279,14108,1228,14117,16652
1	1270	17511	1973,1474,19776,16319,12998,32841,9484,13215,21293,8945,19219,14947,18048,21441,21883,12279,14108,1228,14117,16652,21306
1	1270	19226	1973,1474,19776,16319,12998,32841,9484,13215,21293,8945,19219,14947,18048,21441,21883,12279,14108,1228,14117,16652,21306,17511
1	1270	26906	1973,1474,19776,16319,12998,32841,9484,13215,21293,8945,19219,14947,18048,21441,21883,12279,14108,1228,14117,16652,21306,17511,19226
1	1270	16984	1973,1474,19776,16319,12998,32841,9484,13215,21293,8945,19219,14947,18048,21441,21883,12279,14108,1228,14117,16652,21306,17511,19226,26906
1	1270	26984	1973,1474,19776,16319,12998,32841,9484,13215,21293,8945,19219,14947,18048,21441,21883,12279,14108,1228,14117,16652,21306,17511,19226,26906,16984
1	1270	27163	1973,1474,19776,16319,12998,32841,9484,13215,21293,8945,19219,14947,18048,21441,21883,12279,14108,1228,14117,16652,21306,17511,19226,26906,16984,26984
