1	1011	5354	0
0	1011	31054	5354
1	1011	27249	5354
1	1011	32569	5354,27249
1	1011	32235	5354,27249,32569
0	1011	1874	5354,27249,32569,32235
0	1011	473	5354,27249,32569,32235
1	1011	1870	5354,27249,32569,32235
0	1011	7157	5354,27249,32569,32235,1870
1	1011	6372	5354,27249,32569,32235,1870
1	1011	8231	5354,27249,32569,32235,1870,6372
1	1011	6991	5354,27249,32569,32235,1870,6372,8231
0	1011	11850	5354,27249,32569,32235,1870,6372,8231,6991
0	1011	9419	5354,27249,32569,32235,1870,6372,8231,6991
1	1011	7876	5354,27249,32569,32235,1870,6372,8231,6991
1	1011	11739	5354,27249,32569,32235,1870,6372,8231,6991,7876
1	1011	12750	5354,27249,32569,32235,1870,6372,8231,6991,7876,11739
0	1011	9819	5354,27249,32569,32235,1870,6372,8231,6991,7876,11739,12750
1	1011	12979	5354,27249,32569,32235,1870,6372,8231,6991,7876,11739,12750
1	1011	31545	5354,27249,32569,32235,1870,6372,8231,6991,7876,11739,12750,12979
1	1011	15674	5354,27249,32569,32235,1870,6372,8231,6991,7876,11739,12750,12979,31545
1	1011	18539	5354,27249,32569,32235,1870,6372,8231,6991,7876,11739,12750,12979,31545,15674
1	1011	16014	5354,27249,32569,32235,1870,6372,8231,6991,7876,11739,12750,12979,31545,15674,18539
0	1011	21957	5354,27249,32569,32235,1870,6372,8231,6991,7876,11739,12750,12979,31545,15674,18539,16014
1	1011	19273	5354,27249,32569,32235,1870,6372,8231,6991,7876,11739,12750,12979,31545,15674,18539,16014
1	1011	915	5354,27249,32569,32235,1870,6372,8231,6991,7876,11739,12750,12979,31545,15674,18539,16014,19273
1	1011	16757	5354,27249,32569,32235,1870,6372,8231,6991,7876,11739,12750,12979,31545,15674,18539,16014,19273,915
1	1011	17808	5354,27249,32569,32235,1870,6372,8231,6991,7876,11739,12750,12979,31545,15674,18539,16014,19273,915,16757
1	1011	13730	5354,27249,32569,32235,1870,6372,8231,6991,7876,11739,12750,12979,31545,15674,18539,16014,19273,915,16757,17808
1	1011	19858	5354,27249,32569,32235,1870,6372,8231,6991,7876,11739,12750,12979,31545,15674,18539,16014,19273,915,16757,17808,13730
0	1011	17673	5354,27249,32569,32235,1870,6372,8231,6991,7876,11739,12750,12979,31545,15674,18539,16014,19273,915,16757,17808,13730,19858
1	1011	19585	5354,27249,32569,32235,1870,6372,8231,6991,7876,11739,12750,12979,31545,15674,18539,16014,19273,915,16757,17808,13730,19858
1	1011	23491	5354,27249,32569,32235,1870,6372,8231,6991,7876,11739,12750,12979,31545,15674,18539,16014,19273,915,16757,17808,13730,19858,19585
1	1011	18564	5354,27249,32569,32235,1870,6372,8231,6991,7876,11739,12750,12979,31545,15674,18539,16014,19273,915,16757,17808,13730,19858,19585,23491
1	1011	25988	5354,27249,32569,32235,1870,6372,8231,6991,7876,11739,12750,12979,31545,15674,18539,16014,19273,915,16757,17808,13730,19858,19585,23491,18564
1	1011	26714	5354,27249,32569,32235,1870,6372,8231,6991,7876,11739,12750,12979,31545,15674,18539,16014,19273,915,16757,17808,13730,19858,19585,23491,18564,25988
0	1011	26743	5354,27249,32569,32235,1870,6372,8231,6991,7876,11739,12750,12979,31545,15674,18539,16014,19273,915,16757,17808,13730,19858,19585,23491,18564,25988,26714
1	1011	9647	5354,27249,32569,32235,1870,6372,8231,6991,7876,11739,12750,12979,31545,15674,18539,16014,19273,915,16757,17808,13730,19858,19585,23491,18564,25988,26714
1	1011	26761	5354,27249,32569,32235,1870,6372,8231,6991,7876,11739,12750,12979,31545,15674,18539,16014,19273,915,16757,17808,13730,19858,19585,23491,18564,25988,26714,9647
1	1011	27140	5354,27249,32569,32235,1870,6372,8231,6991,7876,11739,12750,12979,31545,15674,18539,16014,19273,915,16757,17808,13730,19858,19585,23491,18564,25988,26714,9647,26761
0	1011	22784	5354,27249,32569,32235,1870,6372,8231,6991,7876,11739,12750,12979,31545,15674,18539,16014,19273,915,16757,17808,13730,19858,19585,23491,18564,25988,26714,9647,26761,27140
1	1011	26490	5354,27249,32569,32235,1870,6372,8231,6991,7876,11739,12750,12979,31545,15674,18539,16014,19273,915,16757,17808,13730,19858,19585,23491,18564,25988,26714,9647,26761,27140
1	1011	22729	5354,27249,32569,32235,1870,6372,8231,6991,7876,11739,12750,12979,31545,15674,18539,16014,19273,915,16757,17808,13730,19858,19585,23491,18564,25988,26714,9647,26761,27140,26490
1	1011	26230	5354,27249,32569,32235,1870,6372,8231,6991,7876,11739,12750,12979,31545,15674,18539,16014,19273,915,16757,17808,13730,19858,19585,23491,18564,25988,26714,9647,26761,27140,26490,22729
1	1011	4697	5354,27249,32569,32235,1870,6372,8231,6991,7876,11739,12750,12979,31545,15674,18539,16014,19273,915,16757,17808,13730,19858,19585,23491,18564,25988,26714,9647,26761,27140,26490,22729,26230
0	1011	5023	5354,27249,32569,32235,1870,6372,8231,6991,7876,11739,12750,12979,31545,15674,18539,16014,19273,915,16757,17808,13730,19858,19585,23491,18564,25988,26714,9647,26761,27140,26490,22729,26230,4697
0	1011	11686	5354,27249,32569,32235,1870,6372,8231,6991,7876,11739,12750,12979,31545,15674,18539,16014,19273,915,16757,17808,13730,19858,19585,23491,18564,25988,26714,9647,26761,27140,26490,22729,26230,4697
1	1011	20177	5354,27249,32569,32235,1870,6372,8231,6991,7876,11739,12750,12979,31545,15674,18539,16014,19273,915,16757,17808,13730,19858,19585,23491,18564,25988,26714,9647,26761,27140,26490,22729,26230,4697
1	1011	28633	5354,27249,32569,32235,1870,6372,8231,6991,7876,11739,12750,12979,31545,15674,18539,16014,19273,915,16757,17808,13730,19858,19585,23491,18564,25988,26714,9647,26761,27140,26490,22729,26230,4697,20177
1	1011	19451	5354,27249,32569,32235,1870,6372,8231,6991,7876,11739,12750,12979,31545,15674,18539,16014,19273,915,16757,17808,13730,19858,19585,23491,18564,25988,26714,9647,26761,27140,26490,22729,26230,4697,20177,28633
1	1011	27920	5354,27249,32569,32235,1870,6372,8231,6991,7876,11739,12750,12979,31545,15674,18539,16014,19273,915,16757,17808,13730,19858,19585,23491,18564,25988,26714,9647,26761,27140,26490,22729,26230,4697,20177,28633,19451
1	1011	20509	5354,27249,32569,32235,1870,6372,8231,6991,7876,11739,12750,12979,31545,15674,18539,16014,19273,915,16757,17808,13730,19858,19585,23491,18564,25988,26714,9647,26761,27140,26490,22729,26230,4697,20177,28633,19451,27920
