1	43	12037	0
0	43	4864	12037
1	43	15204	12037
1	43	13778	12037,15204
1	43	9900	12037,15204,13778
0	43	142	12037,15204,13778,9900
1	43	5178	12037,15204,13778,9900
0	43	15228	12037,15204,13778,9900,5178
1	43	14801	12037,15204,13778,9900,5178
1	43	6801	12037,15204,13778,9900,5178,14801
1	43	2606	12037,15204,13778,9900,5178,14801,6801
1	43	9220	12037,15204,13778,9900,5178,14801,6801,2606
1	43	5887	12037,15204,13778,9900,5178,14801,6801,2606,9220
1	43	10492	12037,15204,13778,9900,5178,14801,6801,2606,9220,5887
1	43	17447	12037,15204,13778,9900,5178,14801,6801,2606,9220,5887,10492
1	43	10272	12037,15204,13778,9900,5178,14801,6801,2606,9220,5887,10492,17447
1	43	361	12037,15204,13778,9900,5178,14801,6801,2606,9220,5887,10492,17447,10272
1	43	9942	12037,15204,13778,9900,5178,14801,6801,2606,9220,5887,10492,17447,10272,361
1	43	4842	12037,15204,13778,9900,5178,14801,6801,2606,9220,5887,10492,17447,10272,361,9942
1	43	12925	12037,15204,13778,9900,5178,14801,6801,2606,9220,5887,10492,17447,10272,361,9942,4842
1	43	14815	12037,15204,13778,9900,5178,14801,6801,2606,9220,5887,10492,17447,10272,361,9942,4842,12925
1	43	3038	12037,15204,13778,9900,5178,14801,6801,2606,9220,5887,10492,17447,10272,361,9942,4842,12925,14815
1	43	7307	12037,15204,13778,9900,5178,14801,6801,2606,9220,5887,10492,17447,10272,361,9942,4842,12925,14815,3038
0	43	10755	12037,15204,13778,9900,5178,14801,6801,2606,9220,5887,10492,17447,10272,361,9942,4842,12925,14815,3038,7307
1	43	7911	12037,15204,13778,9900,5178,14801,6801,2606,9220,5887,10492,17447,10272,361,9942,4842,12925,14815,3038,7307
1	43	24176	12037,15204,13778,9900,5178,14801,6801,2606,9220,5887,10492,17447,10272,361,9942,4842,12925,14815,3038,7307,7911
1	43	19752	12037,15204,13778,9900,5178,14801,6801,2606,9220,5887,10492,17447,10272,361,9942,4842,12925,14815,3038,7307,7911,24176
0	43	6225	12037,15204,13778,9900,5178,14801,6801,2606,9220,5887,10492,17447,10272,361,9942,4842,12925,14815,3038,7307,7911,24176,19752
1	43	2891	12037,15204,13778,9900,5178,14801,6801,2606,9220,5887,10492,17447,10272,361,9942,4842,12925,14815,3038,7307,7911,24176,19752
1	43	9064	12037,15204,13778,9900,5178,14801,6801,2606,9220,5887,10492,17447,10272,361,9942,4842,12925,14815,3038,7307,7911,24176,19752,2891
1	43	23218	12037,15204,13778,9900,5178,14801,6801,2606,9220,5887,10492,17447,10272,361,9942,4842,12925,14815,3038,7307,7911,24176,19752,2891,9064
1	43	1383	12037,15204,13778,9900,5178,14801,6801,2606,9220,5887,10492,17447,10272,361,9942,4842,12925,14815,3038,7307,7911,24176,19752,2891,9064,23218
1	43	21385	12037,15204,13778,9900,5178,14801,6801,2606,9220,5887,10492,17447,10272,361,9942,4842,12925,14815,3038,7307,7911,24176,19752,2891,9064,23218,1383
1	43	6400	12037,15204,13778,9900,5178,14801,6801,2606,9220,5887,10492,17447,10272,361,9942,4842,12925,14815,3038,7307,7911,24176,19752,2891,9064,23218,1383,21385
1	43	11671	12037,15204,13778,9900,5178,14801,6801,2606,9220,5887,10492,17447,10272,361,9942,4842,12925,14815,3038,7307,7911,24176,19752,2891,9064,23218,1383,21385,6400
1	43	10585	12037,15204,13778,9900,5178,14801,6801,2606,9220,5887,10492,17447,10272,361,9942,4842,12925,14815,3038,7307,7911,24176,19752,2891,9064,23218,1383,21385,6400,11671
1	43	22269	12037,15204,13778,9900,5178,14801,6801,2606,9220,5887,10492,17447,10272,361,9942,4842,12925,14815,3038,7307,7911,24176,19752,2891,9064,23218,1383,21385,6400,11671,10585
1	43	12938	12037,15204,13778,9900,5178,14801,6801,2606,9220,5887,10492,17447,10272,361,9942,4842,12925,14815,3038,7307,7911,24176,19752,2891,9064,23218,1383,21385,6400,11671,10585,22269
1	43	4689	12037,15204,13778,9900,5178,14801,6801,2606,9220,5887,10492,17447,10272,361,9942,4842,12925,14815,3038,7307,7911,24176,19752,2891,9064,23218,1383,21385,6400,11671,10585,22269,12938
1	43	17854	12037,15204,13778,9900,5178,14801,6801,2606,9220,5887,10492,17447,10272,361,9942,4842,12925,14815,3038,7307,7911,24176,19752,2891,9064,23218,1383,21385,6400,11671,10585,22269,12938,4689
0	43	14013	12037,15204,13778,9900,5178,14801,6801,2606,9220,5887,10492,17447,10272,361,9942,4842,12925,14815,3038,7307,7911,24176,19752,2891,9064,23218,1383,21385,6400,11671,10585,22269,12938,4689,17854
1	43	10018	12037,15204,13778,9900,5178,14801,6801,2606,9220,5887,10492,17447,10272,361,9942,4842,12925,14815,3038,7307,7911,24176,19752,2891,9064,23218,1383,21385,6400,11671,10585,22269,12938,4689,17854
1	43	23794	12037,15204,13778,9900,5178,14801,6801,2606,9220,5887,10492,17447,10272,361,9942,4842,12925,14815,3038,7307,7911,24176,19752,2891,9064,23218,1383,21385,6400,11671,10585,22269,12938,4689,17854,10018
1	43	13708	12037,15204,13778,9900,5178,14801,6801,2606,9220,5887,10492,17447,10272,361,9942,4842,12925,14815,3038,7307,7911,24176,19752,2891,9064,23218,1383,21385,6400,11671,10585,22269,12938,4689,17854,10018,23794
1	43	10134	12037,15204,13778,9900,5178,14801,6801,2606,9220,5887,10492,17447,10272,361,9942,4842,12925,14815,3038,7307,7911,24176,19752,2891,9064,23218,1383,21385,6400,11671,10585,22269,12938,4689,17854,10018,23794,13708
