0	121	2236	0
1	121	3219	0
1	121	570	3219
0	121	5664	3219,570
1	121	1682	3219,570
0	121	3216	3219,570,1682
0	121	3880	3219,570,1682
1	121	8930	3219,570,1682
0	121	7978	3219,570,1682,8930
0	121	7033	3219,570,1682,8930
1	121	9109	3219,570,1682,8930
0	121	9462	3219,570,1682,8930,9109
0	121	9905	3219,570,1682,8930,9109
0	121	12899	3219,570,1682,8930,9109
0	121	11379	3219,570,1682,8930,9109
0	121	12689	3219,570,1682,8930,9109
0	121	10884	3219,570,1682,8930,9109
0	121	12515	3219,570,1682,8930,9109
1	121	13666	3219,570,1682,8930,9109
0	121	17729	3219,570,1682,8930,9109,13666
1	121	9853	3219,570,1682,8930,9109,13666
0	121	18943	3219,570,1682,8930,9109,13666,9853
0	121	15949	3219,570,1682,8930,9109,13666,9853
0	121	11720	3219,570,1682,8930,9109,13666,9853
0	121	18114	3219,570,1682,8930,9109,13666,9853
1	121	18793	3219,570,1682,8930,9109,13666,9853
0	121	9394	3219,570,1682,8930,9109,13666,9853,18793
0	121	18182	3219,570,1682,8930,9109,13666,9853,18793
0	121	19335	3219,570,1682,8930,9109,13666,9853,18793
0	121	23127	3219,570,1682,8930,9109,13666,9853,18793
0	121	20980	3219,570,1682,8930,9109,13666,9853,18793
1	121	17637	3219,570,1682,8930,9109,13666,9853,18793
0	121	24360	3219,570,1682,8930,9109,13666,9853,18793,17637
1	121	9647	3219,570,1682,8930,9109,13666,9853,18793,17637
1	121	28020	3219,570,1682,8930,9109,13666,9853,18793,17637,9647
0	121	22137	3219,570,1682,8930,9109,13666,9853,18793,17637,9647,28020
0	121	27577	3219,570,1682,8930,9109,13666,9853,18793,17637,9647,28020
0	121	29308	3219,570,1682,8930,9109,13666,9853,18793,17637,9647,28020
