1	1241	31254	0
1	1241	32065	31254
1	1241	22712	31254,32065
0	1241	723	31254,32065,22712
0	1241	23942	31254,32065,22712
0	1241	1153	31254,32065,22712
0	1241	31537	31254,32065,22712
0	1241	769	31254,32065,22712
0	1241	1050	31254,32065,22712
0	1241	195	31254,32065,22712
0	1241	6107	31254,32065,22712
0	1241	28884	31254,32065,22712
0	1241	6245	31254,32065,22712
0	1241	22439	31254,32065,22712
1	1241	3267	31254,32065,22712
1	1241	28867	31254,32065,22712,3267
0	1241	5350	31254,32065,22712,3267,28867
0	1241	31017	31254,32065,22712,3267,28867
0	1241	7108	31254,32065,22712,3267,28867
1	1241	10944	31254,32065,22712,3267,28867
1	1241	5683	31254,32065,22712,3267,28867,10944
0	1241	19416	31254,32065,22712,3267,28867,10944,5683
0	1241	12338	31254,32065,22712,3267,28867,10944,5683
0	1241	15628	31254,32065,22712,3267,28867,10944,5683
0	1241	31167	31254,32065,22712,3267,28867,10944,5683
0	1241	16698	31254,32065,22712,3267,28867,10944,5683
0	1241	16267	31254,32065,22712,3267,28867,10944,5683
