1	25	11746	0
1	25	6571	11746
0	25	13438	11746,6571
0	25	19427	11746,6571
1	25	4948	11746,6571
1	25	12443	11746,6571,4948
1	25	14783	11746,6571,4948,12443
1	25	17402	11746,6571,4948,12443,14783
1	25	20261	11746,6571,4948,12443,14783,17402
1	25	9968	11746,6571,4948,12443,14783,17402,20261
1	25	18915	11746,6571,4948,12443,14783,17402,20261,9968
1	25	21862	11746,6571,4948,12443,14783,17402,20261,9968,18915
1	25	1214	11746,6571,4948,12443,14783,17402,20261,9968,18915,21862
0	25	7886	11746,6571,4948,12443,14783,17402,20261,9968,18915,21862,1214
0	25	1072	11746,6571,4948,12443,14783,17402,20261,9968,18915,21862,1214
1	25	21691	11746,6571,4948,12443,14783,17402,20261,9968,18915,21862,1214
1	25	18414	11746,6571,4948,12443,14783,17402,20261,9968,18915,21862,1214,21691
1	25	1758	11746,6571,4948,12443,14783,17402,20261,9968,18915,21862,1214,21691,18414
1	25	21096	11746,6571,4948,12443,14783,17402,20261,9968,18915,21862,1214,21691,18414,1758
0	25	21758	11746,6571,4948,12443,14783,17402,20261,9968,18915,21862,1214,21691,18414,1758,21096
1	25	5678	11746,6571,4948,12443,14783,17402,20261,9968,18915,21862,1214,21691,18414,1758,21096
1	25	1964	11746,6571,4948,12443,14783,17402,20261,9968,18915,21862,1214,21691,18414,1758,21096,5678
1	25	9852	11746,6571,4948,12443,14783,17402,20261,9968,18915,21862,1214,21691,18414,1758,21096,5678,1964
1	25	1672	11746,6571,4948,12443,14783,17402,20261,9968,18915,21862,1214,21691,18414,1758,21096,5678,1964,9852
0	25	15381	11746,6571,4948,12443,14783,17402,20261,9968,18915,21862,1214,21691,18414,1758,21096,5678,1964,9852,1672
1	25	19741	11746,6571,4948,12443,14783,17402,20261,9968,18915,21862,1214,21691,18414,1758,21096,5678,1964,9852,1672
0	25	24423	11746,6571,4948,12443,14783,17402,20261,9968,18915,21862,1214,21691,18414,1758,21096,5678,1964,9852,1672,19741
1	25	32557	11746,6571,4948,12443,14783,17402,20261,9968,18915,21862,1214,21691,18414,1758,21096,5678,1964,9852,1672,19741
1	25	3060	11746,6571,4948,12443,14783,17402,20261,9968,18915,21862,1214,21691,18414,1758,21096,5678,1964,9852,1672,19741,32557
1	25	22819	11746,6571,4948,12443,14783,17402,20261,9968,18915,21862,1214,21691,18414,1758,21096,5678,1964,9852,1672,19741,32557,3060
1	25	7049	11746,6571,4948,12443,14783,17402,20261,9968,18915,21862,1214,21691,18414,1758,21096,5678,1964,9852,1672,19741,32557,3060,22819
1	25	7884	11746,6571,4948,12443,14783,17402,20261,9968,18915,21862,1214,21691,18414,1758,21096,5678,1964,9852,1672,19741,32557,3060,22819,7049
1	25	23143	11746,6571,4948,12443,14783,17402,20261,9968,18915,21862,1214,21691,18414,1758,21096,5678,1964,9852,1672,19741,32557,3060,22819,7049,7884
1	25	10096	11746,6571,4948,12443,14783,17402,20261,9968,18915,21862,1214,21691,18414,1758,21096,5678,1964,9852,1672,19741,32557,3060,22819,7049,7884,23143
1	25	28809	11746,6571,4948,12443,14783,17402,20261,9968,18915,21862,1214,21691,18414,1758,21096,5678,1964,9852,1672,19741,32557,3060,22819,7049,7884,23143,10096
