1	1063	6832	0
1	1063	1273	6832
0	1063	2066	6832,1273
0	1063	31196	6832,1273
1	1063	4979	6832,1273
0	1063	6105	6832,1273,4979
1	1063	6325	6832,1273,4979
1	1063	7490	6832,1273,4979,6325
1	1063	6960	6832,1273,4979,6325,7490
0	1063	8848	6832,1273,4979,6325,7490,6960
1	1063	7493	6832,1273,4979,6325,7490,6960
1	1063	7580	6832,1273,4979,6325,7490,6960,7493
0	1063	10540	6832,1273,4979,6325,7490,6960,7493,7580
1	1063	9462	6832,1273,4979,6325,7490,6960,7493,7580
1	1063	13526	6832,1273,4979,6325,7490,6960,7493,7580,9462
0	1063	12515	6832,1273,4979,6325,7490,6960,7493,7580,9462,13526
1	1063	14598	6832,1273,4979,6325,7490,6960,7493,7580,9462,13526
1	1063	15092	6832,1273,4979,6325,7490,6960,7493,7580,9462,13526,14598
0	1063	16862	6832,1273,4979,6325,7490,6960,7493,7580,9462,13526,14598,15092
1	1063	11424	6832,1273,4979,6325,7490,6960,7493,7580,9462,13526,14598,15092
1	1063	17806	6832,1273,4979,6325,7490,6960,7493,7580,9462,13526,14598,15092,11424
0	1063	2542	6832,1273,4979,6325,7490,6960,7493,7580,9462,13526,14598,15092,11424,17806
1	1063	18005	6832,1273,4979,6325,7490,6960,7493,7580,9462,13526,14598,15092,11424,17806
0	1063	19793	6832,1273,4979,6325,7490,6960,7493,7580,9462,13526,14598,15092,11424,17806,18005
1	1063	19015	6832,1273,4979,6325,7490,6960,7493,7580,9462,13526,14598,15092,11424,17806,18005
1	1063	21525	6832,1273,4979,6325,7490,6960,7493,7580,9462,13526,14598,15092,11424,17806,18005,19015
0	1063	21632	6832,1273,4979,6325,7490,6960,7493,7580,9462,13526,14598,15092,11424,17806,18005,19015,21525
0	1063	25711	6832,1273,4979,6325,7490,6960,7493,7580,9462,13526,14598,15092,11424,17806,18005,19015,21525
1	1063	15096	6832,1273,4979,6325,7490,6960,7493,7580,9462,13526,14598,15092,11424,17806,18005,19015,21525
0	1063	25119	6832,1273,4979,6325,7490,6960,7493,7580,9462,13526,14598,15092,11424,17806,18005,19015,21525,15096
1	1063	20625	6832,1273,4979,6325,7490,6960,7493,7580,9462,13526,14598,15092,11424,17806,18005,19015,21525,15096
0	1063	26759	6832,1273,4979,6325,7490,6960,7493,7580,9462,13526,14598,15092,11424,17806,18005,19015,21525,15096,20625
1	1063	25997	6832,1273,4979,6325,7490,6960,7493,7580,9462,13526,14598,15092,11424,17806,18005,19015,21525,15096,20625
1	1063	9647	6832,1273,4979,6325,7490,6960,7493,7580,9462,13526,14598,15092,11424,17806,18005,19015,21525,15096,20625,25997
1	1063	26942	6832,1273,4979,6325,7490,6960,7493,7580,9462,13526,14598,15092,11424,17806,18005,19015,21525,15096,20625,25997,9647
1	1063	26822	6832,1273,4979,6325,7490,6960,7493,7580,9462,13526,14598,15092,11424,17806,18005,19015,21525,15096,20625,25997,9647,26942
1	1063	32084	6832,1273,4979,6325,7490,6960,7493,7580,9462,13526,14598,15092,11424,17806,18005,19015,21525,15096,20625,25997,9647,26942,26822
1	1063	27750	6832,1273,4979,6325,7490,6960,7493,7580,9462,13526,14598,15092,11424,17806,18005,19015,21525,15096,20625,25997,9647,26942,26822,32084
1	1063	28659	6832,1273,4979,6325,7490,6960,7493,7580,9462,13526,14598,15092,11424,17806,18005,19015,21525,15096,20625,25997,9647,26942,26822,32084,27750
1	1063	28667	6832,1273,4979,6325,7490,6960,7493,7580,9462,13526,14598,15092,11424,17806,18005,19015,21525,15096,20625,25997,9647,26942,26822,32084,27750,28659
