1	718	8950	0
1	718	32370	8950
1	718	31382	8950,32370
1	718	13474	8950,32370,31382
1	718	26420	8950,32370,31382,13474
1	718	6255	8950,32370,31382,13474,26420
1	718	8992	8950,32370,31382,13474,26420,6255
1	718	8703	8950,32370,31382,13474,26420,6255,8992
0	718	6324	8950,32370,31382,13474,26420,6255,8992,8703
1	718	16719	8950,32370,31382,13474,26420,6255,8992,8703
0	718	16957	8950,32370,31382,13474,26420,6255,8992,8703,16719
1	718	22603	8950,32370,31382,13474,26420,6255,8992,8703,16719
0	718	22899	8950,32370,31382,13474,26420,6255,8992,8703,16719,22603
0	718	19338	8950,32370,31382,13474,26420,6255,8992,8703,16719,22603
0	718	16381	8950,32370,31382,13474,26420,6255,8992,8703,16719,22603
1	718	13404	8950,32370,31382,13474,26420,6255,8992,8703,16719,22603
1	718	11816	8950,32370,31382,13474,26420,6255,8992,8703,16719,22603,13404
1	718	19321	8950,32370,31382,13474,26420,6255,8992,8703,16719,22603,13404,11816
1	718	17386	8950,32370,31382,13474,26420,6255,8992,8703,16719,22603,13404,11816,19321
1	718	22750	8950,32370,31382,13474,26420,6255,8992,8703,16719,22603,13404,11816,19321,17386
1	718	6015	8950,32370,31382,13474,26420,6255,8992,8703,16719,22603,13404,11816,19321,17386,22750
1	718	25625	8950,32370,31382,13474,26420,6255,8992,8703,16719,22603,13404,11816,19321,17386,22750,6015
1	718	31079	8950,32370,31382,13474,26420,6255,8992,8703,16719,22603,13404,11816,19321,17386,22750,6015,25625
1	718	5891	8950,32370,31382,13474,26420,6255,8992,8703,16719,22603,13404,11816,19321,17386,22750,6015,25625,31079
0	718	21955	8950,32370,31382,13474,26420,6255,8992,8703,16719,22603,13404,11816,19321,17386,22750,6015,25625,31079,5891
1	718	22158	8950,32370,31382,13474,26420,6255,8992,8703,16719,22603,13404,11816,19321,17386,22750,6015,25625,31079,5891
1	718	31156	8950,32370,31382,13474,26420,6255,8992,8703,16719,22603,13404,11816,19321,17386,22750,6015,25625,31079,5891,22158
1	718	142	8950,32370,31382,13474,26420,6255,8992,8703,16719,22603,13404,11816,19321,17386,22750,6015,25625,31079,5891,22158,31156
1	718	5016	8950,32370,31382,13474,26420,6255,8992,8703,16719,22603,13404,11816,19321,17386,22750,6015,25625,31079,5891,22158,31156,142
1	718	11464	8950,32370,31382,13474,26420,6255,8992,8703,16719,22603,13404,11816,19321,17386,22750,6015,25625,31079,5891,22158,31156,142,5016
1	718	23859	8950,32370,31382,13474,26420,6255,8992,8703,16719,22603,13404,11816,19321,17386,22750,6015,25625,31079,5891,22158,31156,142,5016,11464
0	718	1981	8950,32370,31382,13474,26420,6255,8992,8703,16719,22603,13404,11816,19321,17386,22750,6015,25625,31079,5891,22158,31156,142,5016,11464,23859
1	718	23448	8950,32370,31382,13474,26420,6255,8992,8703,16719,22603,13404,11816,19321,17386,22750,6015,25625,31079,5891,22158,31156,142,5016,11464,23859
0	718	25242	8950,32370,31382,13474,26420,6255,8992,8703,16719,22603,13404,11816,19321,17386,22750,6015,25625,31079,5891,22158,31156,142,5016,11464,23859,23448
1	718	10043	8950,32370,31382,13474,26420,6255,8992,8703,16719,22603,13404,11816,19321,17386,22750,6015,25625,31079,5891,22158,31156,142,5016,11464,23859,23448
1	718	16346	8950,32370,31382,13474,26420,6255,8992,8703,16719,22603,13404,11816,19321,17386,22750,6015,25625,31079,5891,22158,31156,142,5016,11464,23859,23448,10043
1	718	24225	8950,32370,31382,13474,26420,6255,8992,8703,16719,22603,13404,11816,19321,17386,22750,6015,25625,31079,5891,22158,31156,142,5016,11464,23859,23448,10043,16346
1	718	9968	8950,32370,31382,13474,26420,6255,8992,8703,16719,22603,13404,11816,19321,17386,22750,6015,25625,31079,5891,22158,31156,142,5016,11464,23859,23448,10043,16346,24225
0	718	14990	8950,32370,31382,13474,26420,6255,8992,8703,16719,22603,13404,11816,19321,17386,22750,6015,25625,31079,5891,22158,31156,142,5016,11464,23859,23448,10043,16346,24225,9968
0	718	29361	8950,32370,31382,13474,26420,6255,8992,8703,16719,22603,13404,11816,19321,17386,22750,6015,25625,31079,5891,22158,31156,142,5016,11464,23859,23448,10043,16346,24225,9968
