0	1069	5877	0
1	1069	31882	0
1	1069	5081	31882
1	1069	2946	31882,5081
1	1069	3076	31882,5081,2946
0	1069	6501	31882,5081,2946,3076
0	1069	7155	31882,5081,2946,3076
0	1069	8564	31882,5081,2946,3076
1	1069	156	31882,5081,2946,3076
1	1069	7902	31882,5081,2946,3076,156
0	1069	13215	31882,5081,2946,3076,156,7902
0	1069	13217	31882,5081,2946,3076,156,7902
1	1069	1089	31882,5081,2946,3076,156,7902
0	1069	13867	31882,5081,2946,3076,156,7902,1089
0	1069	14325	31882,5081,2946,3076,156,7902,1089
0	1069	1745	31882,5081,2946,3076,156,7902,1089
1	1069	10034	31882,5081,2946,3076,156,7902,1089
0	1069	16929	31882,5081,2946,3076,156,7902,1089,10034
0	1069	15859	31882,5081,2946,3076,156,7902,1089,10034
1	1069	10113	31882,5081,2946,3076,156,7902,1089,10034
0	1069	17387	31882,5081,2946,3076,156,7902,1089,10034,10113
0	1069	19463	31882,5081,2946,3076,156,7902,1089,10034,10113
1	1069	19001	31882,5081,2946,3076,156,7902,1089,10034,10113
0	1069	21956	31882,5081,2946,3076,156,7902,1089,10034,10113,19001
0	1069	22228	31882,5081,2946,3076,156,7902,1089,10034,10113,19001
0	1069	22491	31882,5081,2946,3076,156,7902,1089,10034,10113,19001
0	1069	10768	31882,5081,2946,3076,156,7902,1089,10034,10113,19001
0	1069	14697	31882,5081,2946,3076,156,7902,1089,10034,10113,19001
1	1069	20625	31882,5081,2946,3076,156,7902,1089,10034,10113,19001
0	1069	23675	31882,5081,2946,3076,156,7902,1089,10034,10113,19001,20625
0	1069	21578	31882,5081,2946,3076,156,7902,1089,10034,10113,19001,20625
0	1069	25658	31882,5081,2946,3076,156,7902,1089,10034,10113,19001,20625
0	1069	21225	31882,5081,2946,3076,156,7902,1089,10034,10113,19001,20625
0	1069	27703	31882,5081,2946,3076,156,7902,1089,10034,10113,19001,20625
0	1069	27906	31882,5081,2946,3076,156,7902,1089,10034,10113,19001,20625
0	1069	27775	31882,5081,2946,3076,156,7902,1089,10034,10113,19001,20625
0	1069	27750	31882,5081,2946,3076,156,7902,1089,10034,10113,19001,20625
0	1069	26184	31882,5081,2946,3076,156,7902,1089,10034,10113,19001,20625
1	1069	26906	31882,5081,2946,3076,156,7902,1089,10034,10113,19001,20625
1	1069	27369	31882,5081,2946,3076,156,7902,1089,10034,10113,19001,20625,26906
0	1069	23462	31882,5081,2946,3076,156,7902,1089,10034,10113,19001,20625,26906,27369
