1	1569	938	0
1	1569	1658	938
0	1569	12535	938,1658
1	1569	31379	938,1658
1	1569	31381	938,1658,31379
1	1569	31204	938,1658,31379,31381
1	1569	378	938,1658,31379,31381,31204
0	1569	31937	938,1658,31379,31381,31204,378
1	1569	1988	938,1658,31379,31381,31204,378
0	1569	2258	938,1658,31379,31381,31204,378,1988
0	1569	31348	938,1658,31379,31381,31204,378,1988
0	1569	4585	938,1658,31379,31381,31204,378,1988
0	1569	31959	938,1658,31379,31381,31204,378,1988
1	1569	7392	938,1658,31379,31381,31204,378,1988
1	1569	8316	938,1658,31379,31381,31204,378,1988,7392
1	1569	11841	938,1658,31379,31381,31204,378,1988,7392,8316
1	1569	14145	938,1658,31379,31381,31204,378,1988,7392,8316,11841
1	1569	15212	938,1658,31379,31381,31204,378,1988,7392,8316,11841,14145
0	1569	12269	938,1658,31379,31381,31204,378,1988,7392,8316,11841,14145,15212
1	1569	13866	938,1658,31379,31381,31204,378,1988,7392,8316,11841,14145,15212
1	1569	15373	938,1658,31379,31381,31204,378,1988,7392,8316,11841,14145,15212,13866
1	1569	15375	938,1658,31379,31381,31204,378,1988,7392,8316,11841,14145,15212,13866,15373
1	1569	15533	938,1658,31379,31381,31204,378,1988,7392,8316,11841,14145,15212,13866,15373,15375
1	1569	18875	938,1658,31379,31381,31204,378,1988,7392,8316,11841,14145,15212,13866,15373,15375,15533
0	1569	11424	938,1658,31379,31381,31204,378,1988,7392,8316,11841,14145,15212,13866,15373,15375,15533,18875
0	1569	18933	938,1658,31379,31381,31204,378,1988,7392,8316,11841,14145,15212,13866,15373,15375,15533,18875
0	1569	19118	938,1658,31379,31381,31204,378,1988,7392,8316,11841,14145,15212,13866,15373,15375,15533,18875
0	1569	19571	938,1658,31379,31381,31204,378,1988,7392,8316,11841,14145,15212,13866,15373,15375,15533,18875
0	1569	14177	938,1658,31379,31381,31204,378,1988,7392,8316,11841,14145,15212,13866,15373,15375,15533,18875
1	1569	14064	938,1658,31379,31381,31204,378,1988,7392,8316,11841,14145,15212,13866,15373,15375,15533,18875
1	1569	19560	938,1658,31379,31381,31204,378,1988,7392,8316,11841,14145,15212,13866,15373,15375,15533,18875,14064
1	1569	22016	938,1658,31379,31381,31204,378,1988,7392,8316,11841,14145,15212,13866,15373,15375,15533,18875,14064,19560
1	1569	9791	938,1658,31379,31381,31204,378,1988,7392,8316,11841,14145,15212,13866,15373,15375,15533,18875,14064,19560,22016
0	1569	9548	938,1658,31379,31381,31204,378,1988,7392,8316,11841,14145,15212,13866,15373,15375,15533,18875,14064,19560,22016,9791
0	1569	15891	938,1658,31379,31381,31204,378,1988,7392,8316,11841,14145,15212,13866,15373,15375,15533,18875,14064,19560,22016,9791
0	1569	22264	938,1658,31379,31381,31204,378,1988,7392,8316,11841,14145,15212,13866,15373,15375,15533,18875,14064,19560,22016,9791
1	1569	24737	938,1658,31379,31381,31204,378,1988,7392,8316,11841,14145,15212,13866,15373,15375,15533,18875,14064,19560,22016,9791
0	1569	33044	938,1658,31379,31381,31204,378,1988,7392,8316,11841,14145,15212,13866,15373,15375,15533,18875,14064,19560,22016,9791,24737
1	1569	19070	938,1658,31379,31381,31204,378,1988,7392,8316,11841,14145,15212,13866,15373,15375,15533,18875,14064,19560,22016,9791,24737
0	1569	20681	938,1658,31379,31381,31204,378,1988,7392,8316,11841,14145,15212,13866,15373,15375,15533,18875,14064,19560,22016,9791,24737,19070
0	1569	24564	938,1658,31379,31381,31204,378,1988,7392,8316,11841,14145,15212,13866,15373,15375,15533,18875,14064,19560,22016,9791,24737,19070
1	1569	24192	938,1658,31379,31381,31204,378,1988,7392,8316,11841,14145,15212,13866,15373,15375,15533,18875,14064,19560,22016,9791,24737,19070
0	1569	24198	938,1658,31379,31381,31204,378,1988,7392,8316,11841,14145,15212,13866,15373,15375,15533,18875,14064,19560,22016,9791,24737,19070,24192
1	1569	25802	938,1658,31379,31381,31204,378,1988,7392,8316,11841,14145,15212,13866,15373,15375,15533,18875,14064,19560,22016,9791,24737,19070,24192
0	1569	23152	938,1658,31379,31381,31204,378,1988,7392,8316,11841,14145,15212,13866,15373,15375,15533,18875,14064,19560,22016,9791,24737,19070,24192,25802
1	1569	22590	938,1658,31379,31381,31204,378,1988,7392,8316,11841,14145,15212,13866,15373,15375,15533,18875,14064,19560,22016,9791,24737,19070,24192,25802
0	1569	25915	938,1658,31379,31381,31204,378,1988,7392,8316,11841,14145,15212,13866,15373,15375,15533,18875,14064,19560,22016,9791,24737,19070,24192,25802,22590
1	1569	20597	938,1658,31379,31381,31204,378,1988,7392,8316,11841,14145,15212,13866,15373,15375,15533,18875,14064,19560,22016,9791,24737,19070,24192,25802,22590
0	1569	23768	938,1658,31379,31381,31204,378,1988,7392,8316,11841,14145,15212,13866,15373,15375,15533,18875,14064,19560,22016,9791,24737,19070,24192,25802,22590,20597
1	1569	27742	938,1658,31379,31381,31204,378,1988,7392,8316,11841,14145,15212,13866,15373,15375,15533,18875,14064,19560,22016,9791,24737,19070,24192,25802,22590,20597
1	1569	13494	938,1658,31379,31381,31204,378,1988,7392,8316,11841,14145,15212,13866,15373,15375,15533,18875,14064,19560,22016,9791,24737,19070,24192,25802,22590,20597,27742
1	1569	28145	938,1658,31379,31381,31204,378,1988,7392,8316,11841,14145,15212,13866,15373,15375,15533,18875,14064,19560,22016,9791,24737,19070,24192,25802,22590,20597,27742,13494
1	1569	25250	938,1658,31379,31381,31204,378,1988,7392,8316,11841,14145,15212,13866,15373,15375,15533,18875,14064,19560,22016,9791,24737,19070,24192,25802,22590,20597,27742,13494,28145
0	1569	4436	938,1658,31379,31381,31204,378,1988,7392,8316,11841,14145,15212,13866,15373,15375,15533,18875,14064,19560,22016,9791,24737,19070,24192,25802,22590,20597,27742,13494,28145,25250
1	1569	28902	938,1658,31379,31381,31204,378,1988,7392,8316,11841,14145,15212,13866,15373,15375,15533,18875,14064,19560,22016,9791,24737,19070,24192,25802,22590,20597,27742,13494,28145,25250
1	1569	29310	938,1658,31379,31381,31204,378,1988,7392,8316,11841,14145,15212,13866,15373,15375,15533,18875,14064,19560,22016,9791,24737,19070,24192,25802,22590,20597,27742,13494,28145,25250,28902
