0	1443	1333	0
0	1443	32991	0
0	1443	675	0
1	1443	753	0
0	1443	2066	753
1	1443	267	753
1	1443	410	753,267
1	1443	3114	753,267,410
0	1443	3679	753,267,410,3114
0	1443	1272	753,267,410,3114
1	1443	4451	753,267,410,3114
0	1443	15704	753,267,410,3114,4451
0	1443	31271	753,267,410,3114,4451
0	1443	1208	753,267,410,3114,4451
1	1443	1038	753,267,410,3114,4451
1	1443	5484	753,267,410,3114,4451,1038
1	1443	16879	753,267,410,3114,4451,1038,5484
1	1443	32033	753,267,410,3114,4451,1038,5484,16879
1	1443	2063	753,267,410,3114,4451,1038,5484,16879,32033
1	1443	3508	753,267,410,3114,4451,1038,5484,16879,32033,2063
1	1443	3346	753,267,410,3114,4451,1038,5484,16879,32033,2063,3508
0	1443	1645	753,267,410,3114,4451,1038,5484,16879,32033,2063,3508,3346
0	1443	7067	753,267,410,3114,4451,1038,5484,16879,32033,2063,3508,3346
1	1443	4305	753,267,410,3114,4451,1038,5484,16879,32033,2063,3508,3346
1	1443	6776	753,267,410,3114,4451,1038,5484,16879,32033,2063,3508,3346,4305
1	1443	2058	753,267,410,3114,4451,1038,5484,16879,32033,2063,3508,3346,4305,6776
1	1443	30901	753,267,410,3114,4451,1038,5484,16879,32033,2063,3508,3346,4305,6776,2058
1	1443	4076	753,267,410,3114,4451,1038,5484,16879,32033,2063,3508,3346,4305,6776,2058,30901
1	1443	22317	753,267,410,3114,4451,1038,5484,16879,32033,2063,3508,3346,4305,6776,2058,30901,4076
0	1443	6722	753,267,410,3114,4451,1038,5484,16879,32033,2063,3508,3346,4305,6776,2058,30901,4076,22317
0	1443	3304	753,267,410,3114,4451,1038,5484,16879,32033,2063,3508,3346,4305,6776,2058,30901,4076,22317
1	1443	9069	753,267,410,3114,4451,1038,5484,16879,32033,2063,3508,3346,4305,6776,2058,30901,4076,22317
1	1443	6959	753,267,410,3114,4451,1038,5484,16879,32033,2063,3508,3346,4305,6776,2058,30901,4076,22317,9069
1	1443	4229	753,267,410,3114,4451,1038,5484,16879,32033,2063,3508,3346,4305,6776,2058,30901,4076,22317,9069,6959
1	1443	6853	753,267,410,3114,4451,1038,5484,16879,32033,2063,3508,3346,4305,6776,2058,30901,4076,22317,9069,6959,4229
1	1443	18048	753,267,410,3114,4451,1038,5484,16879,32033,2063,3508,3346,4305,6776,2058,30901,4076,22317,9069,6959,4229,6853
1	1443	24362	753,267,410,3114,4451,1038,5484,16879,32033,2063,3508,3346,4305,6776,2058,30901,4076,22317,9069,6959,4229,6853,18048
0	1443	26196	753,267,410,3114,4451,1038,5484,16879,32033,2063,3508,3346,4305,6776,2058,30901,4076,22317,9069,6959,4229,6853,18048,24362
0	1443	26881	753,267,410,3114,4451,1038,5484,16879,32033,2063,3508,3346,4305,6776,2058,30901,4076,22317,9069,6959,4229,6853,18048,24362
0	1443	25183	753,267,410,3114,4451,1038,5484,16879,32033,2063,3508,3346,4305,6776,2058,30901,4076,22317,9069,6959,4229,6853,18048,24362
1	1443	19185	753,267,410,3114,4451,1038,5484,16879,32033,2063,3508,3346,4305,6776,2058,30901,4076,22317,9069,6959,4229,6853,18048,24362
1	1443	6226	753,267,410,3114,4451,1038,5484,16879,32033,2063,3508,3346,4305,6776,2058,30901,4076,22317,9069,6959,4229,6853,18048,24362,19185
1	1443	556	753,267,410,3114,4451,1038,5484,16879,32033,2063,3508,3346,4305,6776,2058,30901,4076,22317,9069,6959,4229,6853,18048,24362,19185,6226
1	1443	28881	753,267,410,3114,4451,1038,5484,16879,32033,2063,3508,3346,4305,6776,2058,30901,4076,22317,9069,6959,4229,6853,18048,24362,19185,6226,556
0	1443	28258	753,267,410,3114,4451,1038,5484,16879,32033,2063,3508,3346,4305,6776,2058,30901,4076,22317,9069,6959,4229,6853,18048,24362,19185,6226,556,28881
1	1443	9647	753,267,410,3114,4451,1038,5484,16879,32033,2063,3508,3346,4305,6776,2058,30901,4076,22317,9069,6959,4229,6853,18048,24362,19185,6226,556,28881
