0	797	195	0
0	797	2861	0
1	797	610	0
1	797	1369	610
0	797	2268	610,1369
1	797	32134	610,1369
0	797	5975	610,1369,32134
1	797	8666	610,1369,32134
0	797	32543	610,1369,32134,8666
0	797	7621	610,1369,32134,8666
0	797	7181	610,1369,32134,8666
0	797	5666	610,1369,32134,8666
0	797	3295	610,1369,32134,8666
1	797	10184	610,1369,32134,8666
1	797	6324	610,1369,32134,8666,10184
1	797	7771	610,1369,32134,8666,10184,6324
0	797	4861	610,1369,32134,8666,10184,6324,7771
0	797	8960	610,1369,32134,8666,10184,6324,7771
0	797	4726	610,1369,32134,8666,10184,6324,7771
1	797	6894	610,1369,32134,8666,10184,6324,7771
1	797	8656	610,1369,32134,8666,10184,6324,7771,6894
0	797	6269	610,1369,32134,8666,10184,6324,7771,6894,8656
0	797	172	610,1369,32134,8666,10184,6324,7771,6894,8656
1	797	33048	610,1369,32134,8666,10184,6324,7771,6894,8656
1	797	2070	610,1369,32134,8666,10184,6324,7771,6894,8656,33048
1	797	2771	610,1369,32134,8666,10184,6324,7771,6894,8656,33048,2070
0	797	5353	610,1369,32134,8666,10184,6324,7771,6894,8656,33048,2070,2771
1	797	1701	610,1369,32134,8666,10184,6324,7771,6894,8656,33048,2070,2771
0	797	31478	610,1369,32134,8666,10184,6324,7771,6894,8656,33048,2070,2771,1701
0	797	12441	610,1369,32134,8666,10184,6324,7771,6894,8656,33048,2070,2771,1701
1	797	32891	610,1369,32134,8666,10184,6324,7771,6894,8656,33048,2070,2771,1701
0	797	12575	610,1369,32134,8666,10184,6324,7771,6894,8656,33048,2070,2771,1701,32891
0	797	8995	610,1369,32134,8666,10184,6324,7771,6894,8656,33048,2070,2771,1701,32891
0	797	18468	610,1369,32134,8666,10184,6324,7771,6894,8656,33048,2070,2771,1701,32891
0	797	21089	610,1369,32134,8666,10184,6324,7771,6894,8656,33048,2070,2771,1701,32891
1	797	22730	610,1369,32134,8666,10184,6324,7771,6894,8656,33048,2070,2771,1701,32891
0	797	2588	610,1369,32134,8666,10184,6324,7771,6894,8656,33048,2070,2771,1701,32891,22730
1	797	1505	610,1369,32134,8666,10184,6324,7771,6894,8656,33048,2070,2771,1701,32891,22730
1	797	3068	610,1369,32134,8666,10184,6324,7771,6894,8656,33048,2070,2771,1701,32891,22730,1505
1	797	20200	610,1369,32134,8666,10184,6324,7771,6894,8656,33048,2070,2771,1701,32891,22730,1505,3068
