0	1084	32868	0
0	1084	2306	0
0	1084	7109	0
0	1084	10652	0
1	1084	11568	0
0	1084	3069	11568
1	1084	703	11568
1	1084	1577	11568,703
1	1084	15760	11568,703,1577
1	1084	2574	11568,703,1577,15760
1	1084	21645	11568,703,1577,15760,2574
0	1084	26835	11568,703,1577,15760,2574,21645
0	1084	212	11568,703,1577,15760,2574,21645
1	1084	5168	11568,703,1577,15760,2574,21645
0	1084	4177	11568,703,1577,15760,2574,21645,5168
0	1084	6774	11568,703,1577,15760,2574,21645,5168
1	1084	3885	11568,703,1577,15760,2574,21645,5168
1	1084	6993	11568,703,1577,15760,2574,21645,5168,3885
1	1084	9909	11568,703,1577,15760,2574,21645,5168,3885,6993
0	1084	11473	11568,703,1577,15760,2574,21645,5168,3885,6993,9909
0	1084	403	11568,703,1577,15760,2574,21645,5168,3885,6993,9909
1	1084	8224	11568,703,1577,15760,2574,21645,5168,3885,6993,9909
0	1084	11141	11568,703,1577,15760,2574,21645,5168,3885,6993,9909,8224
0	1084	8425	11568,703,1577,15760,2574,21645,5168,3885,6993,9909,8224
1	1084	12390	11568,703,1577,15760,2574,21645,5168,3885,6993,9909,8224
1	1084	16626	11568,703,1577,15760,2574,21645,5168,3885,6993,9909,8224,12390
0	1084	13949	11568,703,1577,15760,2574,21645,5168,3885,6993,9909,8224,12390,16626
1	1084	17980	11568,703,1577,15760,2574,21645,5168,3885,6993,9909,8224,12390,16626
1	1084	10123	11568,703,1577,15760,2574,21645,5168,3885,6993,9909,8224,12390,16626,17980
0	1084	17168	11568,703,1577,15760,2574,21645,5168,3885,6993,9909,8224,12390,16626,17980,10123
0	1084	6326	11568,703,1577,15760,2574,21645,5168,3885,6993,9909,8224,12390,16626,17980,10123
0	1084	18114	11568,703,1577,15760,2574,21645,5168,3885,6993,9909,8224,12390,16626,17980,10123
0	1084	18876	11568,703,1577,15760,2574,21645,5168,3885,6993,9909,8224,12390,16626,17980,10123
0	1084	21410	11568,703,1577,15760,2574,21645,5168,3885,6993,9909,8224,12390,16626,17980,10123
0	1084	13798	11568,703,1577,15760,2574,21645,5168,3885,6993,9909,8224,12390,16626,17980,10123
0	1084	22596	11568,703,1577,15760,2574,21645,5168,3885,6993,9909,8224,12390,16626,17980,10123
1	1084	18094	11568,703,1577,15760,2574,21645,5168,3885,6993,9909,8224,12390,16626,17980,10123
0	1084	13197	11568,703,1577,15760,2574,21645,5168,3885,6993,9909,8224,12390,16626,17980,10123,18094
0	1084	20397	11568,703,1577,15760,2574,21645,5168,3885,6993,9909,8224,12390,16626,17980,10123,18094
0	1084	22221	11568,703,1577,15760,2574,21645,5168,3885,6993,9909,8224,12390,16626,17980,10123,18094
0	1084	24762	11568,703,1577,15760,2574,21645,5168,3885,6993,9909,8224,12390,16626,17980,10123,18094
0	1084	23760	11568,703,1577,15760,2574,21645,5168,3885,6993,9909,8224,12390,16626,17980,10123,18094
0	1084	25866	11568,703,1577,15760,2574,21645,5168,3885,6993,9909,8224,12390,16626,17980,10123,18094
0	1084	28066	11568,703,1577,15760,2574,21645,5168,3885,6993,9909,8224,12390,16626,17980,10123,18094
0	1084	27213	11568,703,1577,15760,2574,21645,5168,3885,6993,9909,8224,12390,16626,17980,10123,18094
0	1084	24631	11568,703,1577,15760,2574,21645,5168,3885,6993,9909,8224,12390,16626,17980,10123,18094
0	1084	3289	11568,703,1577,15760,2574,21645,5168,3885,6993,9909,8224,12390,16626,17980,10123,18094
0	1084	27215	11568,703,1577,15760,2574,21645,5168,3885,6993,9909,8224,12390,16626,17980,10123,18094
1	1084	28555	11568,703,1577,15760,2574,21645,5168,3885,6993,9909,8224,12390,16626,17980,10123,18094
