1	1292	12946	0
1	1292	32801	12946
1	1292	1805	12946,32801
1	1292	1645	12946,32801,1805
1	1292	2010	12946,32801,1805,1645
1	1292	3005	12946,32801,1805,1645,2010
0	1292	2528	12946,32801,1805,1645,2010,3005
1	1292	3026	12946,32801,1805,1645,2010,3005
0	1292	3024	12946,32801,1805,1645,2010,3005,3026
1	1292	3374	12946,32801,1805,1645,2010,3005,3026
0	1292	2281	12946,32801,1805,1645,2010,3005,3026,3374
0	1292	3050	12946,32801,1805,1645,2010,3005,3026,3374
0	1292	1755	12946,32801,1805,1645,2010,3005,3026,3374
0	1292	5209	12946,32801,1805,1645,2010,3005,3026,3374
0	1292	4177	12946,32801,1805,1645,2010,3005,3026,3374
0	1292	4773	12946,32801,1805,1645,2010,3005,3026,3374
1	1292	6035	12946,32801,1805,1645,2010,3005,3026,3374
0	1292	4925	12946,32801,1805,1645,2010,3005,3026,3374,6035
1	1292	4926	12946,32801,1805,1645,2010,3005,3026,3374,6035
1	1292	8396	12946,32801,1805,1645,2010,3005,3026,3374,6035,4926
0	1292	8960	12946,32801,1805,1645,2010,3005,3026,3374,6035,4926,8396
0	1292	4110	12946,32801,1805,1645,2010,3005,3026,3374,6035,4926,8396
0	1292	10083	12946,32801,1805,1645,2010,3005,3026,3374,6035,4926,8396
0	1292	6499	12946,32801,1805,1645,2010,3005,3026,3374,6035,4926,8396
0	1292	7381	12946,32801,1805,1645,2010,3005,3026,3374,6035,4926,8396
0	1292	12043	12946,32801,1805,1645,2010,3005,3026,3374,6035,4926,8396
1	1292	7557	12946,32801,1805,1645,2010,3005,3026,3374,6035,4926,8396
0	1292	9912	12946,32801,1805,1645,2010,3005,3026,3374,6035,4926,8396,7557
0	1292	12899	12946,32801,1805,1645,2010,3005,3026,3374,6035,4926,8396,7557
0	1292	8729	12946,32801,1805,1645,2010,3005,3026,3374,6035,4926,8396,7557
0	1292	12449	12946,32801,1805,1645,2010,3005,3026,3374,6035,4926,8396,7557
0	1292	3733	12946,32801,1805,1645,2010,3005,3026,3374,6035,4926,8396,7557
1	1292	8488	12946,32801,1805,1645,2010,3005,3026,3374,6035,4926,8396,7557
1	1292	13455	12946,32801,1805,1645,2010,3005,3026,3374,6035,4926,8396,7557,8488
0	1292	14949	12946,32801,1805,1645,2010,3005,3026,3374,6035,4926,8396,7557,8488,13455
1	1292	12458	12946,32801,1805,1645,2010,3005,3026,3374,6035,4926,8396,7557,8488,13455
1	1292	15811	12946,32801,1805,1645,2010,3005,3026,3374,6035,4926,8396,7557,8488,13455,12458
1	1292	17842	12946,32801,1805,1645,2010,3005,3026,3374,6035,4926,8396,7557,8488,13455,12458,15811
1	1292	13666	12946,32801,1805,1645,2010,3005,3026,3374,6035,4926,8396,7557,8488,13455,12458,15811,17842
0	1292	15251	12946,32801,1805,1645,2010,3005,3026,3374,6035,4926,8396,7557,8488,13455,12458,15811,17842,13666
0	1292	17018	12946,32801,1805,1645,2010,3005,3026,3374,6035,4926,8396,7557,8488,13455,12458,15811,17842,13666
0	1292	14146	12946,32801,1805,1645,2010,3005,3026,3374,6035,4926,8396,7557,8488,13455,12458,15811,17842,13666
0	1292	18773	12946,32801,1805,1645,2010,3005,3026,3374,6035,4926,8396,7557,8488,13455,12458,15811,17842,13666
1	1292	15615	12946,32801,1805,1645,2010,3005,3026,3374,6035,4926,8396,7557,8488,13455,12458,15811,17842,13666
0	1292	17540	12946,32801,1805,1645,2010,3005,3026,3374,6035,4926,8396,7557,8488,13455,12458,15811,17842,13666,15615
0	1292	15872	12946,32801,1805,1645,2010,3005,3026,3374,6035,4926,8396,7557,8488,13455,12458,15811,17842,13666,15615
1	1292	19612	12946,32801,1805,1645,2010,3005,3026,3374,6035,4926,8396,7557,8488,13455,12458,15811,17842,13666,15615
0	1292	20393	12946,32801,1805,1645,2010,3005,3026,3374,6035,4926,8396,7557,8488,13455,12458,15811,17842,13666,15615,19612
1	1292	15981	12946,32801,1805,1645,2010,3005,3026,3374,6035,4926,8396,7557,8488,13455,12458,15811,17842,13666,15615,19612
1	1292	21634	12946,32801,1805,1645,2010,3005,3026,3374,6035,4926,8396,7557,8488,13455,12458,15811,17842,13666,15615,19612,15981
0	1292	22314	12946,32801,1805,1645,2010,3005,3026,3374,6035,4926,8396,7557,8488,13455,12458,15811,17842,13666,15615,19612,15981,21634
0	1292	23491	12946,32801,1805,1645,2010,3005,3026,3374,6035,4926,8396,7557,8488,13455,12458,15811,17842,13666,15615,19612,15981,21634
1	1292	13356	12946,32801,1805,1645,2010,3005,3026,3374,6035,4926,8396,7557,8488,13455,12458,15811,17842,13666,15615,19612,15981,21634
1	1292	21508	12946,32801,1805,1645,2010,3005,3026,3374,6035,4926,8396,7557,8488,13455,12458,15811,17842,13666,15615,19612,15981,21634,13356
0	1292	22107	12946,32801,1805,1645,2010,3005,3026,3374,6035,4926,8396,7557,8488,13455,12458,15811,17842,13666,15615,19612,15981,21634,13356,21508
0	1292	18673	12946,32801,1805,1645,2010,3005,3026,3374,6035,4926,8396,7557,8488,13455,12458,15811,17842,13666,15615,19612,15981,21634,13356,21508
0	1292	21596	12946,32801,1805,1645,2010,3005,3026,3374,6035,4926,8396,7557,8488,13455,12458,15811,17842,13666,15615,19612,15981,21634,13356,21508
0	1292	20011	12946,32801,1805,1645,2010,3005,3026,3374,6035,4926,8396,7557,8488,13455,12458,15811,17842,13666,15615,19612,15981,21634,13356,21508
0	1292	19463	12946,32801,1805,1645,2010,3005,3026,3374,6035,4926,8396,7557,8488,13455,12458,15811,17842,13666,15615,19612,15981,21634,13356,21508
1	1292	20999	12946,32801,1805,1645,2010,3005,3026,3374,6035,4926,8396,7557,8488,13455,12458,15811,17842,13666,15615,19612,15981,21634,13356,21508
1	1292	20954	12946,32801,1805,1645,2010,3005,3026,3374,6035,4926,8396,7557,8488,13455,12458,15811,17842,13666,15615,19612,15981,21634,13356,21508,20999
0	1292	22683	12946,32801,1805,1645,2010,3005,3026,3374,6035,4926,8396,7557,8488,13455,12458,15811,17842,13666,15615,19612,15981,21634,13356,21508,20999,20954
0	1292	24648	12946,32801,1805,1645,2010,3005,3026,3374,6035,4926,8396,7557,8488,13455,12458,15811,17842,13666,15615,19612,15981,21634,13356,21508,20999,20954
1	1292	13765	12946,32801,1805,1645,2010,3005,3026,3374,6035,4926,8396,7557,8488,13455,12458,15811,17842,13666,15615,19612,15981,21634,13356,21508,20999,20954
1	1292	20625	12946,32801,1805,1645,2010,3005,3026,3374,6035,4926,8396,7557,8488,13455,12458,15811,17842,13666,15615,19612,15981,21634,13356,21508,20999,20954,13765
0	1292	24186	12946,32801,1805,1645,2010,3005,3026,3374,6035,4926,8396,7557,8488,13455,12458,15811,17842,13666,15615,19612,15981,21634,13356,21508,20999,20954,13765,20625
0	1292	25419	12946,32801,1805,1645,2010,3005,3026,3374,6035,4926,8396,7557,8488,13455,12458,15811,17842,13666,15615,19612,15981,21634,13356,21508,20999,20954,13765,20625
1	1292	22784	12946,32801,1805,1645,2010,3005,3026,3374,6035,4926,8396,7557,8488,13455,12458,15811,17842,13666,15615,19612,15981,21634,13356,21508,20999,20954,13765,20625
0	1292	23780	12946,32801,1805,1645,2010,3005,3026,3374,6035,4926,8396,7557,8488,13455,12458,15811,17842,13666,15615,19612,15981,21634,13356,21508,20999,20954,13765,20625,22784
1	1292	24020	12946,32801,1805,1645,2010,3005,3026,3374,6035,4926,8396,7557,8488,13455,12458,15811,17842,13666,15615,19612,15981,21634,13356,21508,20999,20954,13765,20625,22784
1	1292	21690	12946,32801,1805,1645,2010,3005,3026,3374,6035,4926,8396,7557,8488,13455,12458,15811,17842,13666,15615,19612,15981,21634,13356,21508,20999,20954,13765,20625,22784,24020
0	1292	25578	12946,32801,1805,1645,2010,3005,3026,3374,6035,4926,8396,7557,8488,13455,12458,15811,17842,13666,15615,19612,15981,21634,13356,21508,20999,20954,13765,20625,22784,24020,21690
0	1292	28291	12946,32801,1805,1645,2010,3005,3026,3374,6035,4926,8396,7557,8488,13455,12458,15811,17842,13666,15615,19612,15981,21634,13356,21508,20999,20954,13765,20625,22784,24020,21690
0	1292	26751	12946,32801,1805,1645,2010,3005,3026,3374,6035,4926,8396,7557,8488,13455,12458,15811,17842,13666,15615,19612,15981,21634,13356,21508,20999,20954,13765,20625,22784,24020,21690
0	1292	27708	12946,32801,1805,1645,2010,3005,3026,3374,6035,4926,8396,7557,8488,13455,12458,15811,17842,13666,15615,19612,15981,21634,13356,21508,20999,20954,13765,20625,22784,24020,21690
1	1292	27664	12946,32801,1805,1645,2010,3005,3026,3374,6035,4926,8396,7557,8488,13455,12458,15811,17842,13666,15615,19612,15981,21634,13356,21508,20999,20954,13765,20625,22784,24020,21690
0	1292	14497	12946,32801,1805,1645,2010,3005,3026,3374,6035,4926,8396,7557,8488,13455,12458,15811,17842,13666,15615,19612,15981,21634,13356,21508,20999,20954,13765,20625,22784,24020,21690,27664
0	1292	26816	12946,32801,1805,1645,2010,3005,3026,3374,6035,4926,8396,7557,8488,13455,12458,15811,17842,13666,15615,19612,15981,21634,13356,21508,20999,20954,13765,20625,22784,24020,21690,27664
0	1292	27416	12946,32801,1805,1645,2010,3005,3026,3374,6035,4926,8396,7557,8488,13455,12458,15811,17842,13666,15615,19612,15981,21634,13356,21508,20999,20954,13765,20625,22784,24020,21690,27664
1	1292	28535	12946,32801,1805,1645,2010,3005,3026,3374,6035,4926,8396,7557,8488,13455,12458,15811,17842,13666,15615,19612,15981,21634,13356,21508,20999,20954,13765,20625,22784,24020,21690,27664
0	1292	27808	12946,32801,1805,1645,2010,3005,3026,3374,6035,4926,8396,7557,8488,13455,12458,15811,17842,13666,15615,19612,15981,21634,13356,21508,20999,20954,13765,20625,22784,24020,21690,27664,28535
1	1292	27401	12946,32801,1805,1645,2010,3005,3026,3374,6035,4926,8396,7557,8488,13455,12458,15811,17842,13666,15615,19612,15981,21634,13356,21508,20999,20954,13765,20625,22784,24020,21690,27664,28535
1	1292	29037	12946,32801,1805,1645,2010,3005,3026,3374,6035,4926,8396,7557,8488,13455,12458,15811,17842,13666,15615,19612,15981,21634,13356,21508,20999,20954,13765,20625,22784,24020,21690,27664,28535,27401
0	1292	27803	12946,32801,1805,1645,2010,3005,3026,3374,6035,4926,8396,7557,8488,13455,12458,15811,17842,13666,15615,19612,15981,21634,13356,21508,20999,20954,13765,20625,22784,24020,21690,27664,28535,27401,29037
0	1292	26578	12946,32801,1805,1645,2010,3005,3026,3374,6035,4926,8396,7557,8488,13455,12458,15811,17842,13666,15615,19612,15981,21634,13356,21508,20999,20954,13765,20625,22784,24020,21690,27664,28535,27401,29037
1	1292	26451	12946,32801,1805,1645,2010,3005,3026,3374,6035,4926,8396,7557,8488,13455,12458,15811,17842,13666,15615,19612,15981,21634,13356,21508,20999,20954,13765,20625,22784,24020,21690,27664,28535,27401,29037
1	1292	28937	12946,32801,1805,1645,2010,3005,3026,3374,6035,4926,8396,7557,8488,13455,12458,15811,17842,13666,15615,19612,15981,21634,13356,21508,20999,20954,13765,20625,22784,24020,21690,27664,28535,27401,29037,26451
1	1292	23462	12946,32801,1805,1645,2010,3005,3026,3374,6035,4926,8396,7557,8488,13455,12458,15811,17842,13666,15615,19612,15981,21634,13356,21508,20999,20954,13765,20625,22784,24020,21690,27664,28535,27401,29037,26451,28937
1	1292	29363	12946,32801,1805,1645,2010,3005,3026,3374,6035,4926,8396,7557,8488,13455,12458,15811,17842,13666,15615,19612,15981,21634,13356,21508,20999,20954,13765,20625,22784,24020,21690,27664,28535,27401,29037,26451,28937,23462
0	1292	26781	12946,32801,1805,1645,2010,3005,3026,3374,6035,4926,8396,7557,8488,13455,12458,15811,17842,13666,15615,19612,15981,21634,13356,21508,20999,20954,13765,20625,22784,24020,21690,27664,28535,27401,29037,26451,28937,23462,29363
