0	599	32977	0
0	599	31613	0
0	599	33060	0
1	599	28155	0
0	599	20662	28155
0	599	20896	28155
0	599	3731	28155
1	599	31063	28155
0	599	8395	28155,31063
1	599	13227	28155,31063
0	599	13543	28155,31063,13227
0	599	17134	28155,31063,13227
1	599	19015	28155,31063,13227
0	599	25110	28155,31063,13227,19015
0	599	32875	28155,31063,13227,19015
0	599	1801	28155,31063,13227,19015
0	599	6894	28155,31063,13227,19015
1	599	11149	28155,31063,13227,19015
0	599	18828	28155,31063,13227,19015,11149
0	599	2798	28155,31063,13227,19015,11149
0	599	7883	28155,31063,13227,19015,11149
0	599	9793	28155,31063,13227,19015,11149
1	599	21349	28155,31063,13227,19015,11149
0	599	125	28155,31063,13227,19015,11149,21349
