0	964	4961	0
1	964	12727	0
0	964	17309	12727
1	964	18230	12727
0	964	31255	12727,18230
0	964	32226	12727,18230
0	964	8960	12727,18230
0	964	15220	12727,18230
0	964	15222	12727,18230
0	964	15219	12727,18230
1	964	16006	12727,18230
0	964	15218	12727,18230,16006
0	964	15247	12727,18230,16006
0	964	13874	12727,18230,16006
0	964	9852	12727,18230,16006
0	964	17415	12727,18230,16006
0	964	18972	12727,18230,16006
0	964	18971	12727,18230,16006
0	964	14066	12727,18230,16006
0	964	11407	12727,18230,16006
0	964	18622	12727,18230,16006
0	964	18930	12727,18230,16006
0	964	20384	12727,18230,16006
0	964	21109	12727,18230,16006
0	964	22273	12727,18230,16006
0	964	19862	12727,18230,16006
0	964	20711	12727,18230,16006
0	964	22878	12727,18230,16006
0	964	23230	12727,18230,16006
0	964	23449	12727,18230,16006
0	964	1673	12727,18230,16006
1	964	11869	12727,18230,16006
1	964	22991	12727,18230,16006,11869
1	964	20598	12727,18230,16006,11869,22991
1	964	25055	12727,18230,16006,11869,22991,20598
1	964	5156	12727,18230,16006,11869,22991,20598,25055
1	964	19896	12727,18230,16006,11869,22991,20598,25055,5156
1	964	25057	12727,18230,16006,11869,22991,20598,25055,5156,19896
1	964	24468	12727,18230,16006,11869,22991,20598,25055,5156,19896,25057
1	964	25189	12727,18230,16006,11869,22991,20598,25055,5156,19896,25057,24468
1	964	9647	12727,18230,16006,11869,22991,20598,25055,5156,19896,25057,24468,25189
0	964	23389	12727,18230,16006,11869,22991,20598,25055,5156,19896,25057,24468,25189,9647
0	964	22784	12727,18230,16006,11869,22991,20598,25055,5156,19896,25057,24468,25189,9647
0	964	23768	12727,18230,16006,11869,22991,20598,25055,5156,19896,25057,24468,25189,9647
1	964	26181	12727,18230,16006,11869,22991,20598,25055,5156,19896,25057,24468,25189,9647
0	964	25825	12727,18230,16006,11869,22991,20598,25055,5156,19896,25057,24468,25189,9647,26181
0	964	27797	12727,18230,16006,11869,22991,20598,25055,5156,19896,25057,24468,25189,9647,26181
0	964	28469	12727,18230,16006,11869,22991,20598,25055,5156,19896,25057,24468,25189,9647,26181
1	964	20004	12727,18230,16006,11869,22991,20598,25055,5156,19896,25057,24468,25189,9647,26181
0	964	28879	12727,18230,16006,11869,22991,20598,25055,5156,19896,25057,24468,25189,9647,26181,20004
1	964	28706	12727,18230,16006,11869,22991,20598,25055,5156,19896,25057,24468,25189,9647,26181,20004
1	964	28984	12727,18230,16006,11869,22991,20598,25055,5156,19896,25057,24468,25189,9647,26181,20004,28706
1	964	29132	12727,18230,16006,11869,22991,20598,25055,5156,19896,25057,24468,25189,9647,26181,20004,28706,28984
