1	573	33129	0
1	573	13168	33129
1	573	10926	33129,13168
0	573	4926	33129,13168,10926
1	573	31508	33129,13168,10926
0	573	10805	33129,13168,10926,31508
1	573	14364	33129,13168,10926,31508
0	573	15603	33129,13168,10926,31508,14364
1	573	16318	33129,13168,10926,31508,14364
0	573	13255	33129,13168,10926,31508,14364,16318
1	573	262	33129,13168,10926,31508,14364,16318
1	573	12500	33129,13168,10926,31508,14364,16318,262
0	573	17419	33129,13168,10926,31508,14364,16318,262,12500
1	573	7953	33129,13168,10926,31508,14364,16318,262,12500
1	573	19440	33129,13168,10926,31508,14364,16318,262,12500,7953
1	573	11906	33129,13168,10926,31508,14364,16318,262,12500,7953,19440
1	573	12501	33129,13168,10926,31508,14364,16318,262,12500,7953,19440,11906
1	573	13740	33129,13168,10926,31508,14364,16318,262,12500,7953,19440,11906,12501
0	573	19880	33129,13168,10926,31508,14364,16318,262,12500,7953,19440,11906,12501,13740
1	573	13384	33129,13168,10926,31508,14364,16318,262,12500,7953,19440,11906,12501,13740
0	573	21867	33129,13168,10926,31508,14364,16318,262,12500,7953,19440,11906,12501,13740,13384
1	573	21995	33129,13168,10926,31508,14364,16318,262,12500,7953,19440,11906,12501,13740,13384
1	573	22466	33129,13168,10926,31508,14364,16318,262,12500,7953,19440,11906,12501,13740,13384,21995
1	573	22465	33129,13168,10926,31508,14364,16318,262,12500,7953,19440,11906,12501,13740,13384,21995,22466
0	573	13131	33129,13168,10926,31508,14364,16318,262,12500,7953,19440,11906,12501,13740,13384,21995,22466,22465
1	573	23143	33129,13168,10926,31508,14364,16318,262,12500,7953,19440,11906,12501,13740,13384,21995,22466,22465
1	573	17132	33129,13168,10926,31508,14364,16318,262,12500,7953,19440,11906,12501,13740,13384,21995,22466,22465,23143
1	573	12344	33129,13168,10926,31508,14364,16318,262,12500,7953,19440,11906,12501,13740,13384,21995,22466,22465,23143,17132
0	573	20215	33129,13168,10926,31508,14364,16318,262,12500,7953,19440,11906,12501,13740,13384,21995,22466,22465,23143,17132,12344
1	573	1440	33129,13168,10926,31508,14364,16318,262,12500,7953,19440,11906,12501,13740,13384,21995,22466,22465,23143,17132,12344
0	573	14816	33129,13168,10926,31508,14364,16318,262,12500,7953,19440,11906,12501,13740,13384,21995,22466,22465,23143,17132,12344,1440
1	573	25933	33129,13168,10926,31508,14364,16318,262,12500,7953,19440,11906,12501,13740,13384,21995,22466,22465,23143,17132,12344,1440
0	573	23739	33129,13168,10926,31508,14364,16318,262,12500,7953,19440,11906,12501,13740,13384,21995,22466,22465,23143,17132,12344,1440,25933
1	573	2809	33129,13168,10926,31508,14364,16318,262,12500,7953,19440,11906,12501,13740,13384,21995,22466,22465,23143,17132,12344,1440,25933
1	573	21923	33129,13168,10926,31508,14364,16318,262,12500,7953,19440,11906,12501,13740,13384,21995,22466,22465,23143,17132,12344,1440,25933,2809
0	573	14138	33129,13168,10926,31508,14364,16318,262,12500,7953,19440,11906,12501,13740,13384,21995,22466,22465,23143,17132,12344,1440,25933,2809,21923
1	573	11901	33129,13168,10926,31508,14364,16318,262,12500,7953,19440,11906,12501,13740,13384,21995,22466,22465,23143,17132,12344,1440,25933,2809,21923
0	573	26145	33129,13168,10926,31508,14364,16318,262,12500,7953,19440,11906,12501,13740,13384,21995,22466,22465,23143,17132,12344,1440,25933,2809,21923,11901
