1	343	7451	0
0	343	7563	7451
1	343	4670	7451
1	343	10932	7451,4670
1	343	21073	7451,4670,10932
1	343	28441	7451,4670,10932,21073
1	343	32140	7451,4670,10932,21073,28441
0	343	866	7451,4670,10932,21073,28441,32140
1	343	24697	7451,4670,10932,21073,28441,32140
1	343	32435	7451,4670,10932,21073,28441,32140,24697
1	343	32744	7451,4670,10932,21073,28441,32140,24697,32435
1	343	23531	7451,4670,10932,21073,28441,32140,24697,32435,32744
0	343	1951	7451,4670,10932,21073,28441,32140,24697,32435,32744,23531
1	343	2090	7451,4670,10932,21073,28441,32140,24697,32435,32744,23531
1	343	23974	7451,4670,10932,21073,28441,32140,24697,32435,32744,23531,2090
1	343	23602	7451,4670,10932,21073,28441,32140,24697,32435,32744,23531,2090,23974
1	343	16762	7451,4670,10932,21073,28441,32140,24697,32435,32744,23531,2090,23974,23602
1	343	31242	7451,4670,10932,21073,28441,32140,24697,32435,32744,23531,2090,23974,23602,16762
1	343	31317	7451,4670,10932,21073,28441,32140,24697,32435,32744,23531,2090,23974,23602,16762,31242
1	343	11671	7451,4670,10932,21073,28441,32140,24697,32435,32744,23531,2090,23974,23602,16762,31242,31317
1	343	15528	7451,4670,10932,21073,28441,32140,24697,32435,32744,23531,2090,23974,23602,16762,31242,31317,11671
1	343	32960	7451,4670,10932,21073,28441,32140,24697,32435,32744,23531,2090,23974,23602,16762,31242,31317,11671,15528
0	343	32822	7451,4670,10932,21073,28441,32140,24697,32435,32744,23531,2090,23974,23602,16762,31242,31317,11671,15528,32960
1	343	30943	7451,4670,10932,21073,28441,32140,24697,32435,32744,23531,2090,23974,23602,16762,31242,31317,11671,15528,32960
1	343	913	7451,4670,10932,21073,28441,32140,24697,32435,32744,23531,2090,23974,23602,16762,31242,31317,11671,15528,32960,30943
1	343	6682	7451,4670,10932,21073,28441,32140,24697,32435,32744,23531,2090,23974,23602,16762,31242,31317,11671,15528,32960,30943,913
1	343	31249	7451,4670,10932,21073,28441,32140,24697,32435,32744,23531,2090,23974,23602,16762,31242,31317,11671,15528,32960,30943,913,6682
1	343	5128	7451,4670,10932,21073,28441,32140,24697,32435,32744,23531,2090,23974,23602,16762,31242,31317,11671,15528,32960,30943,913,6682,31249
1	343	6918	7451,4670,10932,21073,28441,32140,24697,32435,32744,23531,2090,23974,23602,16762,31242,31317,11671,15528,32960,30943,913,6682,31249,5128
1	343	6907	7451,4670,10932,21073,28441,32140,24697,32435,32744,23531,2090,23974,23602,16762,31242,31317,11671,15528,32960,30943,913,6682,31249,5128,6918
1	343	4249	7451,4670,10932,21073,28441,32140,24697,32435,32744,23531,2090,23974,23602,16762,31242,31317,11671,15528,32960,30943,913,6682,31249,5128,6918,6907
0	343	2389	7451,4670,10932,21073,28441,32140,24697,32435,32744,23531,2090,23974,23602,16762,31242,31317,11671,15528,32960,30943,913,6682,31249,5128,6918,6907,4249
0	343	2737	7451,4670,10932,21073,28441,32140,24697,32435,32744,23531,2090,23974,23602,16762,31242,31317,11671,15528,32960,30943,913,6682,31249,5128,6918,6907,4249
1	343	1713	7451,4670,10932,21073,28441,32140,24697,32435,32744,23531,2090,23974,23602,16762,31242,31317,11671,15528,32960,30943,913,6682,31249,5128,6918,6907,4249
1	343	33056	7451,4670,10932,21073,28441,32140,24697,32435,32744,23531,2090,23974,23602,16762,31242,31317,11671,15528,32960,30943,913,6682,31249,5128,6918,6907,4249,1713
1	343	23962	7451,4670,10932,21073,28441,32140,24697,32435,32744,23531,2090,23974,23602,16762,31242,31317,11671,15528,32960,30943,913,6682,31249,5128,6918,6907,4249,1713,33056
1	343	21761	7451,4670,10932,21073,28441,32140,24697,32435,32744,23531,2090,23974,23602,16762,31242,31317,11671,15528,32960,30943,913,6682,31249,5128,6918,6907,4249,1713,33056,23962
1	343	18417	7451,4670,10932,21073,28441,32140,24697,32435,32744,23531,2090,23974,23602,16762,31242,31317,11671,15528,32960,30943,913,6682,31249,5128,6918,6907,4249,1713,33056,23962,21761
1	343	11820	7451,4670,10932,21073,28441,32140,24697,32435,32744,23531,2090,23974,23602,16762,31242,31317,11671,15528,32960,30943,913,6682,31249,5128,6918,6907,4249,1713,33056,23962,21761,18417
1	343	14370	7451,4670,10932,21073,28441,32140,24697,32435,32744,23531,2090,23974,23602,16762,31242,31317,11671,15528,32960,30943,913,6682,31249,5128,6918,6907,4249,1713,33056,23962,21761,18417,11820
1	343	16890	7451,4670,10932,21073,28441,32140,24697,32435,32744,23531,2090,23974,23602,16762,31242,31317,11671,15528,32960,30943,913,6682,31249,5128,6918,6907,4249,1713,33056,23962,21761,18417,11820,14370
1	343	20596	7451,4670,10932,21073,28441,32140,24697,32435,32744,23531,2090,23974,23602,16762,31242,31317,11671,15528,32960,30943,913,6682,31249,5128,6918,6907,4249,1713,33056,23962,21761,18417,11820,14370,16890
1	343	23324	7451,4670,10932,21073,28441,32140,24697,32435,32744,23531,2090,23974,23602,16762,31242,31317,11671,15528,32960,30943,913,6682,31249,5128,6918,6907,4249,1713,33056,23962,21761,18417,11820,14370,16890,20596
1	343	23582	7451,4670,10932,21073,28441,32140,24697,32435,32744,23531,2090,23974,23602,16762,31242,31317,11671,15528,32960,30943,913,6682,31249,5128,6918,6907,4249,1713,33056,23962,21761,18417,11820,14370,16890,20596,23324
1	343	23794	7451,4670,10932,21073,28441,32140,24697,32435,32744,23531,2090,23974,23602,16762,31242,31317,11671,15528,32960,30943,913,6682,31249,5128,6918,6907,4249,1713,33056,23962,21761,18417,11820,14370,16890,20596,23324,23582
1	343	11880	7451,4670,10932,21073,28441,32140,24697,32435,32744,23531,2090,23974,23602,16762,31242,31317,11671,15528,32960,30943,913,6682,31249,5128,6918,6907,4249,1713,33056,23962,21761,18417,11820,14370,16890,20596,23324,23582,23794
1	343	25598	7451,4670,10932,21073,28441,32140,24697,32435,32744,23531,2090,23974,23602,16762,31242,31317,11671,15528,32960,30943,913,6682,31249,5128,6918,6907,4249,1713,33056,23962,21761,18417,11820,14370,16890,20596,23324,23582,23794,11880
1	343	20574	7451,4670,10932,21073,28441,32140,24697,32435,32744,23531,2090,23974,23602,16762,31242,31317,11671,15528,32960,30943,913,6682,31249,5128,6918,6907,4249,1713,33056,23962,21761,18417,11820,14370,16890,20596,23324,23582,23794,11880,25598
1	343	23745	7451,4670,10932,21073,28441,32140,24697,32435,32744,23531,2090,23974,23602,16762,31242,31317,11671,15528,32960,30943,913,6682,31249,5128,6918,6907,4249,1713,33056,23962,21761,18417,11820,14370,16890,20596,23324,23582,23794,11880,25598,20574
0	343	3307	7451,4670,10932,21073,28441,32140,24697,32435,32744,23531,2090,23974,23602,16762,31242,31317,11671,15528,32960,30943,913,6682,31249,5128,6918,6907,4249,1713,33056,23962,21761,18417,11820,14370,16890,20596,23324,23582,23794,11880,25598,20574,23745
1	343	8138	7451,4670,10932,21073,28441,32140,24697,32435,32744,23531,2090,23974,23602,16762,31242,31317,11671,15528,32960,30943,913,6682,31249,5128,6918,6907,4249,1713,33056,23962,21761,18417,11820,14370,16890,20596,23324,23582,23794,11880,25598,20574,23745
