1	1284	31100	0
0	1284	31481	31100
0	1284	12577	31100
0	1284	31486	31100
1	1284	31113	31100
1	1284	31618	31100,31113
1	1284	32279	31100,31113,31618
1	1284	31721	31100,31113,31618,32279
0	1284	31070	31100,31113,31618,32279,31721
1	1284	865	31100,31113,31618,32279,31721
1	1284	2274	31100,31113,31618,32279,31721,865
1	1284	4247	31100,31113,31618,32279,31721,865,2274
1	1284	245	31100,31113,31618,32279,31721,865,2274,4247
1	1284	5511	31100,31113,31618,32279,31721,865,2274,4247,245
1	1284	1247	31100,31113,31618,32279,31721,865,2274,4247,245,5511
1	1284	4702	31100,31113,31618,32279,31721,865,2274,4247,245,5511,1247
1	1284	11008	31100,31113,31618,32279,31721,865,2274,4247,245,5511,1247,4702
1	1284	14322	31100,31113,31618,32279,31721,865,2274,4247,245,5511,1247,4702,11008
1	1284	4646	31100,31113,31618,32279,31721,865,2274,4247,245,5511,1247,4702,11008,14322
1	1284	7755	31100,31113,31618,32279,31721,865,2274,4247,245,5511,1247,4702,11008,14322,4646
0	1284	12296	31100,31113,31618,32279,31721,865,2274,4247,245,5511,1247,4702,11008,14322,4646,7755
1	1284	12655	31100,31113,31618,32279,31721,865,2274,4247,245,5511,1247,4702,11008,14322,4646,7755
1	1284	31049	31100,31113,31618,32279,31721,865,2274,4247,245,5511,1247,4702,11008,14322,4646,7755,12655
1	1284	11626	31100,31113,31618,32279,31721,865,2274,4247,245,5511,1247,4702,11008,14322,4646,7755,12655,31049
0	1284	18889	31100,31113,31618,32279,31721,865,2274,4247,245,5511,1247,4702,11008,14322,4646,7755,12655,31049,11626
1	1284	6936	31100,31113,31618,32279,31721,865,2274,4247,245,5511,1247,4702,11008,14322,4646,7755,12655,31049,11626
1	1284	11917	31100,31113,31618,32279,31721,865,2274,4247,245,5511,1247,4702,11008,14322,4646,7755,12655,31049,11626,6936
1	1284	31851	31100,31113,31618,32279,31721,865,2274,4247,245,5511,1247,4702,11008,14322,4646,7755,12655,31049,11626,6936,11917
1	1284	3414	31100,31113,31618,32279,31721,865,2274,4247,245,5511,1247,4702,11008,14322,4646,7755,12655,31049,11626,6936,11917,31851
1	1284	6889	31100,31113,31618,32279,31721,865,2274,4247,245,5511,1247,4702,11008,14322,4646,7755,12655,31049,11626,6936,11917,31851,3414
1	1284	12768	31100,31113,31618,32279,31721,865,2274,4247,245,5511,1247,4702,11008,14322,4646,7755,12655,31049,11626,6936,11917,31851,3414,6889
1	1284	14363	31100,31113,31618,32279,31721,865,2274,4247,245,5511,1247,4702,11008,14322,4646,7755,12655,31049,11626,6936,11917,31851,3414,6889,12768
1	1284	15260	31100,31113,31618,32279,31721,865,2274,4247,245,5511,1247,4702,11008,14322,4646,7755,12655,31049,11626,6936,11917,31851,3414,6889,12768,14363
1	1284	23837	31100,31113,31618,32279,31721,865,2274,4247,245,5511,1247,4702,11008,14322,4646,7755,12655,31049,11626,6936,11917,31851,3414,6889,12768,14363,15260
1	1284	24878	31100,31113,31618,32279,31721,865,2274,4247,245,5511,1247,4702,11008,14322,4646,7755,12655,31049,11626,6936,11917,31851,3414,6889,12768,14363,15260,23837
1	1284	21787	31100,31113,31618,32279,31721,865,2274,4247,245,5511,1247,4702,11008,14322,4646,7755,12655,31049,11626,6936,11917,31851,3414,6889,12768,14363,15260,23837,24878
1	1284	22697	31100,31113,31618,32279,31721,865,2274,4247,245,5511,1247,4702,11008,14322,4646,7755,12655,31049,11626,6936,11917,31851,3414,6889,12768,14363,15260,23837,24878,21787
1	1284	27337	31100,31113,31618,32279,31721,865,2274,4247,245,5511,1247,4702,11008,14322,4646,7755,12655,31049,11626,6936,11917,31851,3414,6889,12768,14363,15260,23837,24878,21787,22697
1	1284	15682	31100,31113,31618,32279,31721,865,2274,4247,245,5511,1247,4702,11008,14322,4646,7755,12655,31049,11626,6936,11917,31851,3414,6889,12768,14363,15260,23837,24878,21787,22697,27337
1	1284	19392	31100,31113,31618,32279,31721,865,2274,4247,245,5511,1247,4702,11008,14322,4646,7755,12655,31049,11626,6936,11917,31851,3414,6889,12768,14363,15260,23837,24878,21787,22697,27337,15682
