1	257	2009	0
0	257	1579	2009
0	257	17210	2009
0	257	4585	2009
1	257	6189	2009
1	257	7380	2009,6189
0	257	28773	2009,6189,7380
1	257	6053	2009,6189,7380
0	257	8049	2009,6189,7380,6053
1	257	7789	2009,6189,7380,6053
1	257	7787	2009,6189,7380,6053,7789
0	257	9318	2009,6189,7380,6053,7789,7787
1	257	8230	2009,6189,7380,6053,7789,7787
1	257	7634	2009,6189,7380,6053,7789,7787,8230
0	257	12237	2009,6189,7380,6053,7789,7787,8230,7634
0	257	13467	2009,6189,7380,6053,7789,7787,8230,7634
1	257	13630	2009,6189,7380,6053,7789,7787,8230,7634
1	257	10758	2009,6189,7380,6053,7789,7787,8230,7634,13630
1	257	12109	2009,6189,7380,6053,7789,7787,8230,7634,13630,10758
1	257	15707	2009,6189,7380,6053,7789,7787,8230,7634,13630,10758,12109
1	257	6096	2009,6189,7380,6053,7789,7787,8230,7634,13630,10758,12109,15707
1	257	14535	2009,6189,7380,6053,7789,7787,8230,7634,13630,10758,12109,15707,6096
1	257	17759	2009,6189,7380,6053,7789,7787,8230,7634,13630,10758,12109,15707,6096,14535
0	257	17707	2009,6189,7380,6053,7789,7787,8230,7634,13630,10758,12109,15707,6096,14535,17759
0	257	19070	2009,6189,7380,6053,7789,7787,8230,7634,13630,10758,12109,15707,6096,14535,17759
1	257	18181	2009,6189,7380,6053,7789,7787,8230,7634,13630,10758,12109,15707,6096,14535,17759
1	257	6334	2009,6189,7380,6053,7789,7787,8230,7634,13630,10758,12109,15707,6096,14535,17759,18181
0	257	19615	2009,6189,7380,6053,7789,7787,8230,7634,13630,10758,12109,15707,6096,14535,17759,18181,6334
1	257	19403	2009,6189,7380,6053,7789,7787,8230,7634,13630,10758,12109,15707,6096,14535,17759,18181,6334
1	257	19894	2009,6189,7380,6053,7789,7787,8230,7634,13630,10758,12109,15707,6096,14535,17759,18181,6334,19403
0	257	19694	2009,6189,7380,6053,7789,7787,8230,7634,13630,10758,12109,15707,6096,14535,17759,18181,6334,19403,19894
1	257	14101	2009,6189,7380,6053,7789,7787,8230,7634,13630,10758,12109,15707,6096,14535,17759,18181,6334,19403,19894
1	257	15316	2009,6189,7380,6053,7789,7787,8230,7634,13630,10758,12109,15707,6096,14535,17759,18181,6334,19403,19894,14101
1	257	17992	2009,6189,7380,6053,7789,7787,8230,7634,13630,10758,12109,15707,6096,14535,17759,18181,6334,19403,19894,14101,15316
1	257	19634	2009,6189,7380,6053,7789,7787,8230,7634,13630,10758,12109,15707,6096,14535,17759,18181,6334,19403,19894,14101,15316,17992
0	257	9552	2009,6189,7380,6053,7789,7787,8230,7634,13630,10758,12109,15707,6096,14535,17759,18181,6334,19403,19894,14101,15316,17992,19634
1	257	14821	2009,6189,7380,6053,7789,7787,8230,7634,13630,10758,12109,15707,6096,14535,17759,18181,6334,19403,19894,14101,15316,17992,19634
0	257	19858	2009,6189,7380,6053,7789,7787,8230,7634,13630,10758,12109,15707,6096,14535,17759,18181,6334,19403,19894,14101,15316,17992,19634,14821
0	257	22229	2009,6189,7380,6053,7789,7787,8230,7634,13630,10758,12109,15707,6096,14535,17759,18181,6334,19403,19894,14101,15316,17992,19634,14821
0	257	22402	2009,6189,7380,6053,7789,7787,8230,7634,13630,10758,12109,15707,6096,14535,17759,18181,6334,19403,19894,14101,15316,17992,19634,14821
1	257	18216	2009,6189,7380,6053,7789,7787,8230,7634,13630,10758,12109,15707,6096,14535,17759,18181,6334,19403,19894,14101,15316,17992,19634,14821
1	257	22278	2009,6189,7380,6053,7789,7787,8230,7634,13630,10758,12109,15707,6096,14535,17759,18181,6334,19403,19894,14101,15316,17992,19634,14821,18216
1	257	22816	2009,6189,7380,6053,7789,7787,8230,7634,13630,10758,12109,15707,6096,14535,17759,18181,6334,19403,19894,14101,15316,17992,19634,14821,18216,22278
0	257	20649	2009,6189,7380,6053,7789,7787,8230,7634,13630,10758,12109,15707,6096,14535,17759,18181,6334,19403,19894,14101,15316,17992,19634,14821,18216,22278,22816
1	257	23718	2009,6189,7380,6053,7789,7787,8230,7634,13630,10758,12109,15707,6096,14535,17759,18181,6334,19403,19894,14101,15316,17992,19634,14821,18216,22278,22816
1	257	9200	2009,6189,7380,6053,7789,7787,8230,7634,13630,10758,12109,15707,6096,14535,17759,18181,6334,19403,19894,14101,15316,17992,19634,14821,18216,22278,22816,23718
1	257	23822	2009,6189,7380,6053,7789,7787,8230,7634,13630,10758,12109,15707,6096,14535,17759,18181,6334,19403,19894,14101,15316,17992,19634,14821,18216,22278,22816,23718,9200
1	257	20634	2009,6189,7380,6053,7789,7787,8230,7634,13630,10758,12109,15707,6096,14535,17759,18181,6334,19403,19894,14101,15316,17992,19634,14821,18216,22278,22816,23718,9200,23822
1	257	23957	2009,6189,7380,6053,7789,7787,8230,7634,13630,10758,12109,15707,6096,14535,17759,18181,6334,19403,19894,14101,15316,17992,19634,14821,18216,22278,22816,23718,9200,23822,20634
1	257	24948	2009,6189,7380,6053,7789,7787,8230,7634,13630,10758,12109,15707,6096,14535,17759,18181,6334,19403,19894,14101,15316,17992,19634,14821,18216,22278,22816,23718,9200,23822,20634,23957
1	257	25154	2009,6189,7380,6053,7789,7787,8230,7634,13630,10758,12109,15707,6096,14535,17759,18181,6334,19403,19894,14101,15316,17992,19634,14821,18216,22278,22816,23718,9200,23822,20634,23957,24948
0	257	14371	2009,6189,7380,6053,7789,7787,8230,7634,13630,10758,12109,15707,6096,14535,17759,18181,6334,19403,19894,14101,15316,17992,19634,14821,18216,22278,22816,23718,9200,23822,20634,23957,24948,25154
1	257	24034	2009,6189,7380,6053,7789,7787,8230,7634,13630,10758,12109,15707,6096,14535,17759,18181,6334,19403,19894,14101,15316,17992,19634,14821,18216,22278,22816,23718,9200,23822,20634,23957,24948,25154
0	257	24386	2009,6189,7380,6053,7789,7787,8230,7634,13630,10758,12109,15707,6096,14535,17759,18181,6334,19403,19894,14101,15316,17992,19634,14821,18216,22278,22816,23718,9200,23822,20634,23957,24948,25154,24034
0	257	25765	2009,6189,7380,6053,7789,7787,8230,7634,13630,10758,12109,15707,6096,14535,17759,18181,6334,19403,19894,14101,15316,17992,19634,14821,18216,22278,22816,23718,9200,23822,20634,23957,24948,25154,24034
1	257	13631	2009,6189,7380,6053,7789,7787,8230,7634,13630,10758,12109,15707,6096,14535,17759,18181,6334,19403,19894,14101,15316,17992,19634,14821,18216,22278,22816,23718,9200,23822,20634,23957,24948,25154,24034
0	257	15842	2009,6189,7380,6053,7789,7787,8230,7634,13630,10758,12109,15707,6096,14535,17759,18181,6334,19403,19894,14101,15316,17992,19634,14821,18216,22278,22816,23718,9200,23822,20634,23957,24948,25154,24034,13631
1	257	26759	2009,6189,7380,6053,7789,7787,8230,7634,13630,10758,12109,15707,6096,14535,17759,18181,6334,19403,19894,14101,15316,17992,19634,14821,18216,22278,22816,23718,9200,23822,20634,23957,24948,25154,24034,13631
1	257	23430	2009,6189,7380,6053,7789,7787,8230,7634,13630,10758,12109,15707,6096,14535,17759,18181,6334,19403,19894,14101,15316,17992,19634,14821,18216,22278,22816,23718,9200,23822,20634,23957,24948,25154,24034,13631,26759
0	257	26867	2009,6189,7380,6053,7789,7787,8230,7634,13630,10758,12109,15707,6096,14535,17759,18181,6334,19403,19894,14101,15316,17992,19634,14821,18216,22278,22816,23718,9200,23822,20634,23957,24948,25154,24034,13631,26759,23430
1	257	27250	2009,6189,7380,6053,7789,7787,8230,7634,13630,10758,12109,15707,6096,14535,17759,18181,6334,19403,19894,14101,15316,17992,19634,14821,18216,22278,22816,23718,9200,23822,20634,23957,24948,25154,24034,13631,26759,23430
1	257	26824	2009,6189,7380,6053,7789,7787,8230,7634,13630,10758,12109,15707,6096,14535,17759,18181,6334,19403,19894,14101,15316,17992,19634,14821,18216,22278,22816,23718,9200,23822,20634,23957,24948,25154,24034,13631,26759,23430,27250
1	257	9401	2009,6189,7380,6053,7789,7787,8230,7634,13630,10758,12109,15707,6096,14535,17759,18181,6334,19403,19894,14101,15316,17992,19634,14821,18216,22278,22816,23718,9200,23822,20634,23957,24948,25154,24034,13631,26759,23430,27250,26824
1	257	27217	2009,6189,7380,6053,7789,7787,8230,7634,13630,10758,12109,15707,6096,14535,17759,18181,6334,19403,19894,14101,15316,17992,19634,14821,18216,22278,22816,23718,9200,23822,20634,23957,24948,25154,24034,13631,26759,23430,27250,26824,9401
0	257	20054	2009,6189,7380,6053,7789,7787,8230,7634,13630,10758,12109,15707,6096,14535,17759,18181,6334,19403,19894,14101,15316,17992,19634,14821,18216,22278,22816,23718,9200,23822,20634,23957,24948,25154,24034,13631,26759,23430,27250,26824,9401,27217
1	257	27418	2009,6189,7380,6053,7789,7787,8230,7634,13630,10758,12109,15707,6096,14535,17759,18181,6334,19403,19894,14101,15316,17992,19634,14821,18216,22278,22816,23718,9200,23822,20634,23957,24948,25154,24034,13631,26759,23430,27250,26824,9401,27217
1	257	27586	2009,6189,7380,6053,7789,7787,8230,7634,13630,10758,12109,15707,6096,14535,17759,18181,6334,19403,19894,14101,15316,17992,19634,14821,18216,22278,22816,23718,9200,23822,20634,23957,24948,25154,24034,13631,26759,23430,27250,26824,9401,27217,27418
0	257	27548	2009,6189,7380,6053,7789,7787,8230,7634,13630,10758,12109,15707,6096,14535,17759,18181,6334,19403,19894,14101,15316,17992,19634,14821,18216,22278,22816,23718,9200,23822,20634,23957,24948,25154,24034,13631,26759,23430,27250,26824,9401,27217,27418,27586
0	257	27549	2009,6189,7380,6053,7789,7787,8230,7634,13630,10758,12109,15707,6096,14535,17759,18181,6334,19403,19894,14101,15316,17992,19634,14821,18216,22278,22816,23718,9200,23822,20634,23957,24948,25154,24034,13631,26759,23430,27250,26824,9401,27217,27418,27586
0	257	28066	2009,6189,7380,6053,7789,7787,8230,7634,13630,10758,12109,15707,6096,14535,17759,18181,6334,19403,19894,14101,15316,17992,19634,14821,18216,22278,22816,23718,9200,23822,20634,23957,24948,25154,24034,13631,26759,23430,27250,26824,9401,27217,27418,27586
1	257	28145	2009,6189,7380,6053,7789,7787,8230,7634,13630,10758,12109,15707,6096,14535,17759,18181,6334,19403,19894,14101,15316,17992,19634,14821,18216,22278,22816,23718,9200,23822,20634,23957,24948,25154,24034,13631,26759,23430,27250,26824,9401,27217,27418,27586
1	257	26826	2009,6189,7380,6053,7789,7787,8230,7634,13630,10758,12109,15707,6096,14535,17759,18181,6334,19403,19894,14101,15316,17992,19634,14821,18216,22278,22816,23718,9200,23822,20634,23957,24948,25154,24034,13631,26759,23430,27250,26824,9401,27217,27418,27586,28145
1	257	837	2009,6189,7380,6053,7789,7787,8230,7634,13630,10758,12109,15707,6096,14535,17759,18181,6334,19403,19894,14101,15316,17992,19634,14821,18216,22278,22816,23718,9200,23822,20634,23957,24948,25154,24034,13631,26759,23430,27250,26824,9401,27217,27418,27586,28145,26826
1	257	17570	2009,6189,7380,6053,7789,7787,8230,7634,13630,10758,12109,15707,6096,14535,17759,18181,6334,19403,19894,14101,15316,17992,19634,14821,18216,22278,22816,23718,9200,23822,20634,23957,24948,25154,24034,13631,26759,23430,27250,26824,9401,27217,27418,27586,28145,26826,837
1	257	28504	2009,6189,7380,6053,7789,7787,8230,7634,13630,10758,12109,15707,6096,14535,17759,18181,6334,19403,19894,14101,15316,17992,19634,14821,18216,22278,22816,23718,9200,23822,20634,23957,24948,25154,24034,13631,26759,23430,27250,26824,9401,27217,27418,27586,28145,26826,837,17570
1	257	25385	2009,6189,7380,6053,7789,7787,8230,7634,13630,10758,12109,15707,6096,14535,17759,18181,6334,19403,19894,14101,15316,17992,19634,14821,18216,22278,22816,23718,9200,23822,20634,23957,24948,25154,24034,13631,26759,23430,27250,26824,9401,27217,27418,27586,28145,26826,837,17570,28504
1	257	28879	2009,6189,7380,6053,7789,7787,8230,7634,13630,10758,12109,15707,6096,14535,17759,18181,6334,19403,19894,14101,15316,17992,19634,14821,18216,22278,22816,23718,9200,23822,20634,23957,24948,25154,24034,13631,26759,23430,27250,26824,9401,27217,27418,27586,28145,26826,837,17570,28504,25385
0	257	28437	2009,6189,7380,6053,7789,7787,8230,7634,13630,10758,12109,15707,6096,14535,17759,18181,6334,19403,19894,14101,15316,17992,19634,14821,18216,22278,22816,23718,9200,23822,20634,23957,24948,25154,24034,13631,26759,23430,27250,26824,9401,27217,27418,27586,28145,26826,837,17570,28504,25385,28879
1	257	28424	2009,6189,7380,6053,7789,7787,8230,7634,13630,10758,12109,15707,6096,14535,17759,18181,6334,19403,19894,14101,15316,17992,19634,14821,18216,22278,22816,23718,9200,23822,20634,23957,24948,25154,24034,13631,26759,23430,27250,26824,9401,27217,27418,27586,28145,26826,837,17570,28504,25385,28879
1	257	21578	2009,6189,7380,6053,7789,7787,8230,7634,13630,10758,12109,15707,6096,14535,17759,18181,6334,19403,19894,14101,15316,17992,19634,14821,18216,22278,22816,23718,9200,23822,20634,23957,24948,25154,24034,13631,26759,23430,27250,26824,9401,27217,27418,27586,28145,26826,837,17570,28504,25385,28879,28424
1	257	11544	2009,6189,7380,6053,7789,7787,8230,7634,13630,10758,12109,15707,6096,14535,17759,18181,6334,19403,19894,14101,15316,17992,19634,14821,18216,22278,22816,23718,9200,23822,20634,23957,24948,25154,24034,13631,26759,23430,27250,26824,9401,27217,27418,27586,28145,26826,837,17570,28504,25385,28879,28424,21578
1	257	26781	2009,6189,7380,6053,7789,7787,8230,7634,13630,10758,12109,15707,6096,14535,17759,18181,6334,19403,19894,14101,15316,17992,19634,14821,18216,22278,22816,23718,9200,23822,20634,23957,24948,25154,24034,13631,26759,23430,27250,26824,9401,27217,27418,27586,28145,26826,837,17570,28504,25385,28879,28424,21578,11544
1	257	28829	2009,6189,7380,6053,7789,7787,8230,7634,13630,10758,12109,15707,6096,14535,17759,18181,6334,19403,19894,14101,15316,17992,19634,14821,18216,22278,22816,23718,9200,23822,20634,23957,24948,25154,24034,13631,26759,23430,27250,26824,9401,27217,27418,27586,28145,26826,837,17570,28504,25385,28879,28424,21578,11544,26781
0	257	29391	2009,6189,7380,6053,7789,7787,8230,7634,13630,10758,12109,15707,6096,14535,17759,18181,6334,19403,19894,14101,15316,17992,19634,14821,18216,22278,22816,23718,9200,23822,20634,23957,24948,25154,24034,13631,26759,23430,27250,26824,9401,27217,27418,27586,28145,26826,837,17570,28504,25385,28879,28424,21578,11544,26781,28829
0	257	4032	2009,6189,7380,6053,7789,7787,8230,7634,13630,10758,12109,15707,6096,14535,17759,18181,6334,19403,19894,14101,15316,17992,19634,14821,18216,22278,22816,23718,9200,23822,20634,23957,24948,25154,24034,13631,26759,23430,27250,26824,9401,27217,27418,27586,28145,26826,837,17570,28504,25385,28879,28424,21578,11544,26781,28829
