1	1784	3779	0
1	1784	16807	3779
0	1784	31520	3779,16807
1	1784	2815	3779,16807
0	1784	9710	3779,16807,2815
0	1784	10429	3779,16807,2815
0	1784	10920	3779,16807,2815
1	1784	11867	3779,16807,2815
1	1784	13666	3779,16807,2815,11867
1	1784	14067	3779,16807,2815,11867,13666
1	1784	15178	3779,16807,2815,11867,13666,14067
1	1784	15715	3779,16807,2815,11867,13666,14067,15178
0	1784	16757	3779,16807,2815,11867,13666,14067,15178,15715
0	1784	17508	3779,16807,2815,11867,13666,14067,15178,15715
1	1784	17541	3779,16807,2815,11867,13666,14067,15178,15715
1	1784	18941	3779,16807,2815,11867,13666,14067,15178,15715,17541
0	1784	20372	3779,16807,2815,11867,13666,14067,15178,15715,17541,18941
0	1784	20521	3779,16807,2815,11867,13666,14067,15178,15715,17541,18941
0	1784	20522	3779,16807,2815,11867,13666,14067,15178,15715,17541,18941
0	1784	21155	3779,16807,2815,11867,13666,14067,15178,15715,17541,18941
0	1784	22346	3779,16807,2815,11867,13666,14067,15178,15715,17541,18941
1	1784	22440	3779,16807,2815,11867,13666,14067,15178,15715,17541,18941
1	1784	22461	3779,16807,2815,11867,13666,14067,15178,15715,17541,18941,22440
0	1784	24119	3779,16807,2815,11867,13666,14067,15178,15715,17541,18941,22440,22461
0	1784	24490	3779,16807,2815,11867,13666,14067,15178,15715,17541,18941,22440,22461
0	1784	25055	3779,16807,2815,11867,13666,14067,15178,15715,17541,18941,22440,22461
0	1784	25428	3779,16807,2815,11867,13666,14067,15178,15715,17541,18941,22440,22461
1	1784	26013	3779,16807,2815,11867,13666,14067,15178,15715,17541,18941,22440,22461
0	1784	26014	3779,16807,2815,11867,13666,14067,15178,15715,17541,18941,22440,22461,26013
1	1784	26095	3779,16807,2815,11867,13666,14067,15178,15715,17541,18941,22440,22461,26013
1	1784	26096	3779,16807,2815,11867,13666,14067,15178,15715,17541,18941,22440,22461,26013,26095
1	1784	26411	3779,16807,2815,11867,13666,14067,15178,15715,17541,18941,22440,22461,26013,26095,26096
1	1784	26769	3779,16807,2815,11867,13666,14067,15178,15715,17541,18941,22440,22461,26013,26095,26096,26411
1	1784	27005	3779,16807,2815,11867,13666,14067,15178,15715,17541,18941,22440,22461,26013,26095,26096,26411,26769
1	1784	27087	3779,16807,2815,11867,13666,14067,15178,15715,17541,18941,22440,22461,26013,26095,26096,26411,26769,27005
0	1784	27124	3779,16807,2815,11867,13666,14067,15178,15715,17541,18941,22440,22461,26013,26095,26096,26411,26769,27005,27087
1	1784	28619	3779,16807,2815,11867,13666,14067,15178,15715,17541,18941,22440,22461,26013,26095,26096,26411,26769,27005,27087
