1	547	2025	0
0	547	5276	2025
0	547	16066	2025
1	547	15787	2025
1	547	31669	2025,15787
0	547	13112	2025,15787,31669
1	547	16293	2025,15787,31669
1	547	15199	2025,15787,31669,16293
1	547	162	2025,15787,31669,16293,15199
1	547	32307	2025,15787,31669,16293,15199,162
1	547	1449	2025,15787,31669,16293,15199,162,32307
0	547	2809	2025,15787,31669,16293,15199,162,32307,1449
1	547	3298	2025,15787,31669,16293,15199,162,32307,1449
1	547	3445	2025,15787,31669,16293,15199,162,32307,1449,3298
1	547	3983	2025,15787,31669,16293,15199,162,32307,1449,3298,3445
1	547	4319	2025,15787,31669,16293,15199,162,32307,1449,3298,3445,3983
0	547	5676	2025,15787,31669,16293,15199,162,32307,1449,3298,3445,3983,4319
1	547	9981	2025,15787,31669,16293,15199,162,32307,1449,3298,3445,3983,4319
1	547	11749	2025,15787,31669,16293,15199,162,32307,1449,3298,3445,3983,4319,9981
0	547	12080	2025,15787,31669,16293,15199,162,32307,1449,3298,3445,3983,4319,9981,11749
1	547	14354	2025,15787,31669,16293,15199,162,32307,1449,3298,3445,3983,4319,9981,11749
1	547	14955	2025,15787,31669,16293,15199,162,32307,1449,3298,3445,3983,4319,9981,11749,14354
1	547	15232	2025,15787,31669,16293,15199,162,32307,1449,3298,3445,3983,4319,9981,11749,14354,14955
1	547	15686	2025,15787,31669,16293,15199,162,32307,1449,3298,3445,3983,4319,9981,11749,14354,14955,15232
1	547	16232	2025,15787,31669,16293,15199,162,32307,1449,3298,3445,3983,4319,9981,11749,14354,14955,15232,15686
1	547	16918	2025,15787,31669,16293,15199,162,32307,1449,3298,3445,3983,4319,9981,11749,14354,14955,15232,15686,16232
1	547	17132	2025,15787,31669,16293,15199,162,32307,1449,3298,3445,3983,4319,9981,11749,14354,14955,15232,15686,16232,16918
0	547	17134	2025,15787,31669,16293,15199,162,32307,1449,3298,3445,3983,4319,9981,11749,14354,14955,15232,15686,16232,16918,17132
1	547	17176	2025,15787,31669,16293,15199,162,32307,1449,3298,3445,3983,4319,9981,11749,14354,14955,15232,15686,16232,16918,17132
0	547	17234	2025,15787,31669,16293,15199,162,32307,1449,3298,3445,3983,4319,9981,11749,14354,14955,15232,15686,16232,16918,17132,17176
0	547	17942	2025,15787,31669,16293,15199,162,32307,1449,3298,3445,3983,4319,9981,11749,14354,14955,15232,15686,16232,16918,17132,17176
1	547	19930	2025,15787,31669,16293,15199,162,32307,1449,3298,3445,3983,4319,9981,11749,14354,14955,15232,15686,16232,16918,17132,17176
1	547	21547	2025,15787,31669,16293,15199,162,32307,1449,3298,3445,3983,4319,9981,11749,14354,14955,15232,15686,16232,16918,17132,17176,19930
1	547	22019	2025,15787,31669,16293,15199,162,32307,1449,3298,3445,3983,4319,9981,11749,14354,14955,15232,15686,16232,16918,17132,17176,19930,21547
1	547	24590	2025,15787,31669,16293,15199,162,32307,1449,3298,3445,3983,4319,9981,11749,14354,14955,15232,15686,16232,16918,17132,17176,19930,21547,22019
0	547	24708	2025,15787,31669,16293,15199,162,32307,1449,3298,3445,3983,4319,9981,11749,14354,14955,15232,15686,16232,16918,17132,17176,19930,21547,22019,24590
1	547	25035	2025,15787,31669,16293,15199,162,32307,1449,3298,3445,3983,4319,9981,11749,14354,14955,15232,15686,16232,16918,17132,17176,19930,21547,22019,24590
0	547	25455	2025,15787,31669,16293,15199,162,32307,1449,3298,3445,3983,4319,9981,11749,14354,14955,15232,15686,16232,16918,17132,17176,19930,21547,22019,24590,25035
1	547	20118	2025,15787,31669,16293,15199,162,32307,1449,3298,3445,3983,4319,9981,11749,14354,14955,15232,15686,16232,16918,17132,17176,19930,21547,22019,24590,25035
1	547	9852	2025,15787,31669,16293,15199,162,32307,1449,3298,3445,3983,4319,9981,11749,14354,14955,15232,15686,16232,16918,17132,17176,19930,21547,22019,24590,25035,20118
1	547	16807	2025,15787,31669,16293,15199,162,32307,1449,3298,3445,3983,4319,9981,11749,14354,14955,15232,15686,16232,16918,17132,17176,19930,21547,22019,24590,25035,20118,9852
0	547	21055	2025,15787,31669,16293,15199,162,32307,1449,3298,3445,3983,4319,9981,11749,14354,14955,15232,15686,16232,16918,17132,17176,19930,21547,22019,24590,25035,20118,9852,16807
1	547	23143	2025,15787,31669,16293,15199,162,32307,1449,3298,3445,3983,4319,9981,11749,14354,14955,15232,15686,16232,16918,17132,17176,19930,21547,22019,24590,25035,20118,9852,16807
1	547	26316	2025,15787,31669,16293,15199,162,32307,1449,3298,3445,3983,4319,9981,11749,14354,14955,15232,15686,16232,16918,17132,17176,19930,21547,22019,24590,25035,20118,9852,16807,23143
1	547	27781	2025,15787,31669,16293,15199,162,32307,1449,3298,3445,3983,4319,9981,11749,14354,14955,15232,15686,16232,16918,17132,17176,19930,21547,22019,24590,25035,20118,9852,16807,23143,26316
