0	1125	31074	0
0	1125	31410	0
1	1125	43	0
1	1125	212	43
0	1125	31701	43,212
0	1125	33135	43,212
0	1125	2596	43,212
0	1125	4443	43,212
0	1125	7475	43,212
0	1125	5815	43,212
0	1125	32492	43,212
1	1125	9222	43,212
1	1125	16348	43,212,9222
0	1125	10688	43,212,9222,16348
0	1125	22719	43,212,9222,16348
0	1125	22061	43,212,9222,16348
1	1125	21779	43,212,9222,16348
0	1125	22300	43,212,9222,16348,21779
0	1125	22949	43,212,9222,16348,21779
1	1125	10163	43,212,9222,16348,21779
0	1125	15574	43,212,9222,16348,21779,10163
0	1125	20026	43,212,9222,16348,21779,10163
0	1125	21305	43,212,9222,16348,21779,10163
1	1125	21332	43,212,9222,16348,21779,10163
0	1125	22244	43,212,9222,16348,21779,10163,21332
0	1125	22419	43,212,9222,16348,21779,10163,21332
0	1125	24228	43,212,9222,16348,21779,10163,21332
0	1125	14486	43,212,9222,16348,21779,10163,21332
1	1125	1185	43,212,9222,16348,21779,10163,21332
0	1125	7278	43,212,9222,16348,21779,10163,21332,1185
1	1125	10326	43,212,9222,16348,21779,10163,21332,1185
1	1125	18002	43,212,9222,16348,21779,10163,21332,1185,10326
1	1125	18555	43,212,9222,16348,21779,10163,21332,1185,10326,18002
1	1125	23061	43,212,9222,16348,21779,10163,21332,1185,10326,18002,18555
1	1125	26092	43,212,9222,16348,21779,10163,21332,1185,10326,18002,18555,23061
0	1125	12435	43,212,9222,16348,21779,10163,21332,1185,10326,18002,18555,23061,26092
0	1125	26985	43,212,9222,16348,21779,10163,21332,1185,10326,18002,18555,23061,26092
1	1125	33125	43,212,9222,16348,21779,10163,21332,1185,10326,18002,18555,23061,26092
0	1125	7452	43,212,9222,16348,21779,10163,21332,1185,10326,18002,18555,23061,26092,33125
1	1125	8142	43,212,9222,16348,21779,10163,21332,1185,10326,18002,18555,23061,26092,33125
1	1125	8806	43,212,9222,16348,21779,10163,21332,1185,10326,18002,18555,23061,26092,33125,8142
1	1125	21339	43,212,9222,16348,21779,10163,21332,1185,10326,18002,18555,23061,26092,33125,8142,8806
0	1125	21561	43,212,9222,16348,21779,10163,21332,1185,10326,18002,18555,23061,26092,33125,8142,8806,21339
0	1125	22553	43,212,9222,16348,21779,10163,21332,1185,10326,18002,18555,23061,26092,33125,8142,8806,21339
0	1125	26097	43,212,9222,16348,21779,10163,21332,1185,10326,18002,18555,23061,26092,33125,8142,8806,21339
1	1125	22212	43,212,9222,16348,21779,10163,21332,1185,10326,18002,18555,23061,26092,33125,8142,8806,21339
0	1125	2402	43,212,9222,16348,21779,10163,21332,1185,10326,18002,18555,23061,26092,33125,8142,8806,21339,22212
0	1125	19331	43,212,9222,16348,21779,10163,21332,1185,10326,18002,18555,23061,26092,33125,8142,8806,21339,22212
1	1125	23593	43,212,9222,16348,21779,10163,21332,1185,10326,18002,18555,23061,26092,33125,8142,8806,21339,22212
0	1125	4992	43,212,9222,16348,21779,10163,21332,1185,10326,18002,18555,23061,26092,33125,8142,8806,21339,22212,23593
0	1125	25550	43,212,9222,16348,21779,10163,21332,1185,10326,18002,18555,23061,26092,33125,8142,8806,21339,22212,23593
0	1125	10033	43,212,9222,16348,21779,10163,21332,1185,10326,18002,18555,23061,26092,33125,8142,8806,21339,22212,23593
0	1125	12034	43,212,9222,16348,21779,10163,21332,1185,10326,18002,18555,23061,26092,33125,8142,8806,21339,22212,23593
