1	1691	11218	0
0	1691	30921	11218
1	1691	8771	11218
0	1691	17928	11218,8771
1	1691	14616	11218,8771
1	1691	13214	11218,8771,14616
1	1691	9375	11218,8771,14616,13214
0	1691	4248	11218,8771,14616,13214,9375
0	1691	17627	11218,8771,14616,13214,9375
1	1691	23887	11218,8771,14616,13214,9375
1	1691	18205	11218,8771,14616,13214,9375,23887
1	1691	30149	11218,8771,14616,13214,9375,23887,18205
1	1691	9811	11218,8771,14616,13214,9375,23887,18205,30149
1	1691	10187	11218,8771,14616,13214,9375,23887,18205,30149,9811
1	1691	16925	11218,8771,14616,13214,9375,23887,18205,30149,9811,10187
1	1691	1553	11218,8771,14616,13214,9375,23887,18205,30149,9811,10187,16925
1	1691	16766	11218,8771,14616,13214,9375,23887,18205,30149,9811,10187,16925,1553
1	1691	18561	11218,8771,14616,13214,9375,23887,18205,30149,9811,10187,16925,1553,16766
1	1691	25312	11218,8771,14616,13214,9375,23887,18205,30149,9811,10187,16925,1553,16766,18561
0	1691	19266	11218,8771,14616,13214,9375,23887,18205,30149,9811,10187,16925,1553,16766,18561,25312
1	1691	25558	11218,8771,14616,13214,9375,23887,18205,30149,9811,10187,16925,1553,16766,18561,25312
1	1691	28080	11218,8771,14616,13214,9375,23887,18205,30149,9811,10187,16925,1553,16766,18561,25312,25558
