1	1435	31699	0
1	1435	32688	31699
1	1435	31705	31699,32688
1	1435	33131	31699,32688,31705
1	1435	3579	31699,32688,31705,33131
1	1435	3589	31699,32688,31705,33131,3579
1	1435	4468	31699,32688,31705,33131,3579,3589
1	1435	6572	31699,32688,31705,33131,3579,3589,4468
1	1435	19575	31699,32688,31705,33131,3579,3589,4468,6572
0	1435	27514	31699,32688,31705,33131,3579,3589,4468,6572,19575
0	1435	30963	31699,32688,31705,33131,3579,3589,4468,6572,19575
1	1435	31209	31699,32688,31705,33131,3579,3589,4468,6572,19575
1	1435	31075	31699,32688,31705,33131,3579,3589,4468,6572,19575,31209
1	1435	32042	31699,32688,31705,33131,3579,3589,4468,6572,19575,31209,31075
1	1435	38	31699,32688,31705,33131,3579,3589,4468,6572,19575,31209,31075,32042
0	1435	32059	31699,32688,31705,33131,3579,3589,4468,6572,19575,31209,31075,32042,38
1	1435	27967	31699,32688,31705,33131,3579,3589,4468,6572,19575,31209,31075,32042,38
0	1435	3052	31699,32688,31705,33131,3579,3589,4468,6572,19575,31209,31075,32042,38,27967
0	1435	1090	31699,32688,31705,33131,3579,3589,4468,6572,19575,31209,31075,32042,38,27967
0	1435	2782	31699,32688,31705,33131,3579,3589,4468,6572,19575,31209,31075,32042,38,27967
0	1435	4773	31699,32688,31705,33131,3579,3589,4468,6572,19575,31209,31075,32042,38,27967
0	1435	3591	31699,32688,31705,33131,3579,3589,4468,6572,19575,31209,31075,32042,38,27967
1	1435	3501	31699,32688,31705,33131,3579,3589,4468,6572,19575,31209,31075,32042,38,27967
1	1435	4450	31699,32688,31705,33131,3579,3589,4468,6572,19575,31209,31075,32042,38,27967,3501
0	1435	5457	31699,32688,31705,33131,3579,3589,4468,6572,19575,31209,31075,32042,38,27967,3501,4450
0	1435	6778	31699,32688,31705,33131,3579,3589,4468,6572,19575,31209,31075,32042,38,27967,3501,4450
1	1435	7085	31699,32688,31705,33131,3579,3589,4468,6572,19575,31209,31075,32042,38,27967,3501,4450
0	1435	6155	31699,32688,31705,33131,3579,3589,4468,6572,19575,31209,31075,32042,38,27967,3501,4450,7085
1	1435	5666	31699,32688,31705,33131,3579,3589,4468,6572,19575,31209,31075,32042,38,27967,3501,4450,7085
0	1435	6231	31699,32688,31705,33131,3579,3589,4468,6572,19575,31209,31075,32042,38,27967,3501,4450,7085,5666
0	1435	6229	31699,32688,31705,33131,3579,3589,4468,6572,19575,31209,31075,32042,38,27967,3501,4450,7085,5666
0	1435	8339	31699,32688,31705,33131,3579,3589,4468,6572,19575,31209,31075,32042,38,27967,3501,4450,7085,5666
0	1435	5053	31699,32688,31705,33131,3579,3589,4468,6572,19575,31209,31075,32042,38,27967,3501,4450,7085,5666
0	1435	9162	31699,32688,31705,33131,3579,3589,4468,6572,19575,31209,31075,32042,38,27967,3501,4450,7085,5666
1	1435	6623	31699,32688,31705,33131,3579,3589,4468,6572,19575,31209,31075,32042,38,27967,3501,4450,7085,5666
0	1435	28974	31699,32688,31705,33131,3579,3589,4468,6572,19575,31209,31075,32042,38,27967,3501,4450,7085,5666,6623
1	1435	8616	31699,32688,31705,33131,3579,3589,4468,6572,19575,31209,31075,32042,38,27967,3501,4450,7085,5666,6623
1	1435	10047	31699,32688,31705,33131,3579,3589,4468,6572,19575,31209,31075,32042,38,27967,3501,4450,7085,5666,6623,8616
1	1435	7008	31699,32688,31705,33131,3579,3589,4468,6572,19575,31209,31075,32042,38,27967,3501,4450,7085,5666,6623,8616,10047
0	1435	11978	31699,32688,31705,33131,3579,3589,4468,6572,19575,31209,31075,32042,38,27967,3501,4450,7085,5666,6623,8616,10047,7008
1	1435	32307	31699,32688,31705,33131,3579,3589,4468,6572,19575,31209,31075,32042,38,27967,3501,4450,7085,5666,6623,8616,10047,7008
1	1435	14744	31699,32688,31705,33131,3579,3589,4468,6572,19575,31209,31075,32042,38,27967,3501,4450,7085,5666,6623,8616,10047,7008,32307
0	1435	6170	31699,32688,31705,33131,3579,3589,4468,6572,19575,31209,31075,32042,38,27967,3501,4450,7085,5666,6623,8616,10047,7008,32307,14744
1	1435	12768	31699,32688,31705,33131,3579,3589,4468,6572,19575,31209,31075,32042,38,27967,3501,4450,7085,5666,6623,8616,10047,7008,32307,14744
1	1435	31445	31699,32688,31705,33131,3579,3589,4468,6572,19575,31209,31075,32042,38,27967,3501,4450,7085,5666,6623,8616,10047,7008,32307,14744,12768
1	1435	15956	31699,32688,31705,33131,3579,3589,4468,6572,19575,31209,31075,32042,38,27967,3501,4450,7085,5666,6623,8616,10047,7008,32307,14744,12768,31445
0	1435	15674	31699,32688,31705,33131,3579,3589,4468,6572,19575,31209,31075,32042,38,27967,3501,4450,7085,5666,6623,8616,10047,7008,32307,14744,12768,31445,15956
1	1435	17133	31699,32688,31705,33131,3579,3589,4468,6572,19575,31209,31075,32042,38,27967,3501,4450,7085,5666,6623,8616,10047,7008,32307,14744,12768,31445,15956
0	1435	15974	31699,32688,31705,33131,3579,3589,4468,6572,19575,31209,31075,32042,38,27967,3501,4450,7085,5666,6623,8616,10047,7008,32307,14744,12768,31445,15956,17133
0	1435	17541	31699,32688,31705,33131,3579,3589,4468,6572,19575,31209,31075,32042,38,27967,3501,4450,7085,5666,6623,8616,10047,7008,32307,14744,12768,31445,15956,17133
1	1435	19238	31699,32688,31705,33131,3579,3589,4468,6572,19575,31209,31075,32042,38,27967,3501,4450,7085,5666,6623,8616,10047,7008,32307,14744,12768,31445,15956,17133
0	1435	19319	31699,32688,31705,33131,3579,3589,4468,6572,19575,31209,31075,32042,38,27967,3501,4450,7085,5666,6623,8616,10047,7008,32307,14744,12768,31445,15956,17133,19238
1	1435	20116	31699,32688,31705,33131,3579,3589,4468,6572,19575,31209,31075,32042,38,27967,3501,4450,7085,5666,6623,8616,10047,7008,32307,14744,12768,31445,15956,17133,19238
1	1435	20693	31699,32688,31705,33131,3579,3589,4468,6572,19575,31209,31075,32042,38,27967,3501,4450,7085,5666,6623,8616,10047,7008,32307,14744,12768,31445,15956,17133,19238,20116
0	1435	21497	31699,32688,31705,33131,3579,3589,4468,6572,19575,31209,31075,32042,38,27967,3501,4450,7085,5666,6623,8616,10047,7008,32307,14744,12768,31445,15956,17133,19238,20116,20693
0	1435	21363	31699,32688,31705,33131,3579,3589,4468,6572,19575,31209,31075,32042,38,27967,3501,4450,7085,5666,6623,8616,10047,7008,32307,14744,12768,31445,15956,17133,19238,20116,20693
0	1435	22459	31699,32688,31705,33131,3579,3589,4468,6572,19575,31209,31075,32042,38,27967,3501,4450,7085,5666,6623,8616,10047,7008,32307,14744,12768,31445,15956,17133,19238,20116,20693
0	1435	22870	31699,32688,31705,33131,3579,3589,4468,6572,19575,31209,31075,32042,38,27967,3501,4450,7085,5666,6623,8616,10047,7008,32307,14744,12768,31445,15956,17133,19238,20116,20693
1	1435	24547	31699,32688,31705,33131,3579,3589,4468,6572,19575,31209,31075,32042,38,27967,3501,4450,7085,5666,6623,8616,10047,7008,32307,14744,12768,31445,15956,17133,19238,20116,20693
0	1435	25226	31699,32688,31705,33131,3579,3589,4468,6572,19575,31209,31075,32042,38,27967,3501,4450,7085,5666,6623,8616,10047,7008,32307,14744,12768,31445,15956,17133,19238,20116,20693,24547
0	1435	15211	31699,32688,31705,33131,3579,3589,4468,6572,19575,31209,31075,32042,38,27967,3501,4450,7085,5666,6623,8616,10047,7008,32307,14744,12768,31445,15956,17133,19238,20116,20693,24547
1	1435	25838	31699,32688,31705,33131,3579,3589,4468,6572,19575,31209,31075,32042,38,27967,3501,4450,7085,5666,6623,8616,10047,7008,32307,14744,12768,31445,15956,17133,19238,20116,20693,24547
1	1435	23718	31699,32688,31705,33131,3579,3589,4468,6572,19575,31209,31075,32042,38,27967,3501,4450,7085,5666,6623,8616,10047,7008,32307,14744,12768,31445,15956,17133,19238,20116,20693,24547,25838
1	1435	24461	31699,32688,31705,33131,3579,3589,4468,6572,19575,31209,31075,32042,38,27967,3501,4450,7085,5666,6623,8616,10047,7008,32307,14744,12768,31445,15956,17133,19238,20116,20693,24547,25838,23718
0	1435	18970	31699,32688,31705,33131,3579,3589,4468,6572,19575,31209,31075,32042,38,27967,3501,4450,7085,5666,6623,8616,10047,7008,32307,14744,12768,31445,15956,17133,19238,20116,20693,24547,25838,23718,24461
0	1435	26000	31699,32688,31705,33131,3579,3589,4468,6572,19575,31209,31075,32042,38,27967,3501,4450,7085,5666,6623,8616,10047,7008,32307,14744,12768,31445,15956,17133,19238,20116,20693,24547,25838,23718,24461
0	1435	27296	31699,32688,31705,33131,3579,3589,4468,6572,19575,31209,31075,32042,38,27967,3501,4450,7085,5666,6623,8616,10047,7008,32307,14744,12768,31445,15956,17133,19238,20116,20693,24547,25838,23718,24461
1	1435	25235	31699,32688,31705,33131,3579,3589,4468,6572,19575,31209,31075,32042,38,27967,3501,4450,7085,5666,6623,8616,10047,7008,32307,14744,12768,31445,15956,17133,19238,20116,20693,24547,25838,23718,24461
0	1435	27299	31699,32688,31705,33131,3579,3589,4468,6572,19575,31209,31075,32042,38,27967,3501,4450,7085,5666,6623,8616,10047,7008,32307,14744,12768,31445,15956,17133,19238,20116,20693,24547,25838,23718,24461,25235
1	1435	27271	31699,32688,31705,33131,3579,3589,4468,6572,19575,31209,31075,32042,38,27967,3501,4450,7085,5666,6623,8616,10047,7008,32307,14744,12768,31445,15956,17133,19238,20116,20693,24547,25838,23718,24461,25235
0	1435	27471	31699,32688,31705,33131,3579,3589,4468,6572,19575,31209,31075,32042,38,27967,3501,4450,7085,5666,6623,8616,10047,7008,32307,14744,12768,31445,15956,17133,19238,20116,20693,24547,25838,23718,24461,25235,27271
0	1435	27853	31699,32688,31705,33131,3579,3589,4468,6572,19575,31209,31075,32042,38,27967,3501,4450,7085,5666,6623,8616,10047,7008,32307,14744,12768,31445,15956,17133,19238,20116,20693,24547,25838,23718,24461,25235,27271
1	1435	19855	31699,32688,31705,33131,3579,3589,4468,6572,19575,31209,31075,32042,38,27967,3501,4450,7085,5666,6623,8616,10047,7008,32307,14744,12768,31445,15956,17133,19238,20116,20693,24547,25838,23718,24461,25235,27271
0	1435	27442	31699,32688,31705,33131,3579,3589,4468,6572,19575,31209,31075,32042,38,27967,3501,4450,7085,5666,6623,8616,10047,7008,32307,14744,12768,31445,15956,17133,19238,20116,20693,24547,25838,23718,24461,25235,27271,19855
1	1435	8873	31699,32688,31705,33131,3579,3589,4468,6572,19575,31209,31075,32042,38,27967,3501,4450,7085,5666,6623,8616,10047,7008,32307,14744,12768,31445,15956,17133,19238,20116,20693,24547,25838,23718,24461,25235,27271,19855,28196,22686,29774
