0	1220	693	0
1	1220	5031	0
1	1220	7308	5031
0	1220	5466	5031,7308
1	1220	32272	5031,7308
0	1220	5227	5031,7308,32272
0	1220	5231	5031,7308,32272
0	1220	5232	5031,7308,32272
0	1220	6199	5031,7308,32272
1	1220	3173	5031,7308,32272
1	1220	32902	5031,7308,32272,3173
0	1220	15262	5031,7308,32272,3173,32902
0	1220	9647	5031,7308,32272,3173,32902
1	1220	11139	5031,7308,32272,3173,32902
0	1220	17133	5031,7308,32272,3173,32902,11139
0	1220	20543	5031,7308,32272,3173,32902,11139
1	1220	1674	5031,7308,32272,3173,32902,11139
1	1220	14154	5031,7308,32272,3173,32902,11139,1674
0	1220	17748	5031,7308,32272,3173,32902,11139,1674,14154
1	1220	20950	5031,7308,32272,3173,32902,11139,1674,14154
1	1220	18061	5031,7308,32272,3173,32902,11139,1674,14154,20950
1	1220	24805	5031,7308,32272,3173,32902,11139,1674,14154,20950,18061
0	1220	18457	5031,7308,32272,3173,32902,11139,1674,14154,20950,18061,24805
1	1220	10304	5031,7308,32272,3173,32902,11139,1674,14154,20950,18061,24805
0	1220	27701	5031,7308,32272,3173,32902,11139,1674,14154,20950,18061,24805,10304
0	1220	28635	5031,7308,32272,3173,32902,11139,1674,14154,20950,18061,24805,10304
0	1220	29116	5031,7308,32272,3173,32902,11139,1674,14154,20950,18061,24805,10304
