1	1734	25307	0
0	1734	27706	25307
1	1734	31254	25307
1	1734	31200	25307,31254
0	1734	31886	25307,31254,31200
1	1734	32011	25307,31254,31200
1	1734	19327	25307,31254,31200,32011
0	1734	2086	25307,31254,31200,32011,19327
0	1734	922	25307,31254,31200,32011,19327
0	1734	1405	25307,31254,31200,32011,19327
0	1734	4756	25307,31254,31200,32011,19327
1	1734	32117	25307,31254,31200,32011,19327
0	1734	1004	25307,31254,31200,32011,19327,32117
1	1734	6916	25307,31254,31200,32011,19327,32117
0	1734	5020	25307,31254,31200,32011,19327,32117,6916
0	1734	7140	25307,31254,31200,32011,19327,32117,6916
1	1734	2414	25307,31254,31200,32011,19327,32117,6916
0	1734	8814	25307,31254,31200,32011,19327,32117,6916,2414
1	1734	6889	25307,31254,31200,32011,19327,32117,6916,2414
0	1734	9064	25307,31254,31200,32011,19327,32117,6916,2414,6889
0	1734	17244	25307,31254,31200,32011,19327,32117,6916,2414,6889
1	1734	7714	25307,31254,31200,32011,19327,32117,6916,2414,6889
1	1734	9894	25307,31254,31200,32011,19327,32117,6916,2414,6889,7714
0	1734	10923	25307,31254,31200,32011,19327,32117,6916,2414,6889,7714,9894
0	1734	10273	25307,31254,31200,32011,19327,32117,6916,2414,6889,7714,9894
1	1734	13217	25307,31254,31200,32011,19327,32117,6916,2414,6889,7714,9894
0	1734	9462	25307,31254,31200,32011,19327,32117,6916,2414,6889,7714,9894,13217
0	1734	12150	25307,31254,31200,32011,19327,32117,6916,2414,6889,7714,9894,13217
0	1734	11213	25307,31254,31200,32011,19327,32117,6916,2414,6889,7714,9894,13217
0	1734	13931	25307,31254,31200,32011,19327,32117,6916,2414,6889,7714,9894,13217
0	1734	8729	25307,31254,31200,32011,19327,32117,6916,2414,6889,7714,9894,13217
0	1734	13666	25307,31254,31200,32011,19327,32117,6916,2414,6889,7714,9894,13217
1	1734	11866	25307,31254,31200,32011,19327,32117,6916,2414,6889,7714,9894,13217
0	1734	10740	25307,31254,31200,32011,19327,32117,6916,2414,6889,7714,9894,13217,11866
1	1734	15230	25307,31254,31200,32011,19327,32117,6916,2414,6889,7714,9894,13217,11866
0	1734	15606	25307,31254,31200,32011,19327,32117,6916,2414,6889,7714,9894,13217,11866,15230
0	1734	18226	25307,31254,31200,32011,19327,32117,6916,2414,6889,7714,9894,13217,11866,15230
1	1734	19365	25307,31254,31200,32011,19327,32117,6916,2414,6889,7714,9894,13217,11866,15230
0	1734	11869	25307,31254,31200,32011,19327,32117,6916,2414,6889,7714,9894,13217,11866,15230,19365
0	1734	20295	25307,31254,31200,32011,19327,32117,6916,2414,6889,7714,9894,13217,11866,15230,19365
0	1734	22263	25307,31254,31200,32011,19327,32117,6916,2414,6889,7714,9894,13217,11866,15230,19365
0	1734	18222	25307,31254,31200,32011,19327,32117,6916,2414,6889,7714,9894,13217,11866,15230,19365
1	1734	23491	25307,31254,31200,32011,19327,32117,6916,2414,6889,7714,9894,13217,11866,15230,19365
1	1734	31263	25307,31254,31200,32011,19327,32117,6916,2414,6889,7714,9894,13217,11866,15230,19365,23491
1	1734	23794	25307,31254,31200,32011,19327,32117,6916,2414,6889,7714,9894,13217,11866,15230,19365,23491,31263
0	1734	23644	25307,31254,31200,32011,19327,32117,6916,2414,6889,7714,9894,13217,11866,15230,19365,23491,31263,23794
0	1734	22636	25307,31254,31200,32011,19327,32117,6916,2414,6889,7714,9894,13217,11866,15230,19365,23491,31263,23794
0	1734	24930	25307,31254,31200,32011,19327,32117,6916,2414,6889,7714,9894,13217,11866,15230,19365,23491,31263,23794
0	1734	11671	25307,31254,31200,32011,19327,32117,6916,2414,6889,7714,9894,13217,11866,15230,19365,23491,31263,23794
0	1734	25331	25307,31254,31200,32011,19327,32117,6916,2414,6889,7714,9894,13217,11866,15230,19365,23491,31263,23794
1	1734	25784	25307,31254,31200,32011,19327,32117,6916,2414,6889,7714,9894,13217,11866,15230,19365,23491,31263,23794
1	1734	6667	25307,31254,31200,32011,19327,32117,6916,2414,6889,7714,9894,13217,11866,15230,19365,23491,31263,23794,25784
1	1734	22618	25307,31254,31200,32011,19327,32117,6916,2414,6889,7714,9894,13217,11866,15230,19365,23491,31263,23794,25784,6667
0	1734	21465	25307,31254,31200,32011,19327,32117,6916,2414,6889,7714,9894,13217,11866,15230,19365,23491,31263,23794,25784,6667,22618
0	1734	16017	25307,31254,31200,32011,19327,32117,6916,2414,6889,7714,9894,13217,11866,15230,19365,23491,31263,23794,25784,6667,22618
0	1734	21171	25307,31254,31200,32011,19327,32117,6916,2414,6889,7714,9894,13217,11866,15230,19365,23491,31263,23794,25784,6667,22618
1	1734	21504	25307,31254,31200,32011,19327,32117,6916,2414,6889,7714,9894,13217,11866,15230,19365,23491,31263,23794,25784,6667,22618
0	1734	2891	25307,31254,31200,32011,19327,32117,6916,2414,6889,7714,9894,13217,11866,15230,19365,23491,31263,23794,25784,6667,22618,21504
1	1734	14240	25307,31254,31200,32011,19327,32117,6916,2414,6889,7714,9894,13217,11866,15230,19365,23491,31263,23794,25784,6667,22618,21504
0	1734	21930	25307,31254,31200,32011,19327,32117,6916,2414,6889,7714,9894,13217,11866,15230,19365,23491,31263,23794,25784,6667,22618,21504,14240
0	1734	26824	25307,31254,31200,32011,19327,32117,6916,2414,6889,7714,9894,13217,11866,15230,19365,23491,31263,23794,25784,6667,22618,21504,14240
0	1734	29740	25307,31254,31200,32011,19327,32117,6916,2414,6889,7714,9894,13217,11866,15230,19365,23491,31263,23794,25784,6667,22618,21504,14240
0	1734	28194	25307,31254,31200,32011,19327,32117,6916,2414,6889,7714,9894,13217,11866,15230,19365,23491,31263,23794,25784,6667,22618,21504,14240
0	1734	22775	25307,31254,31200,32011,19327,32117,6916,2414,6889,7714,9894,13217,11866,15230,19365,23491,31263,23794,25784,6667,22618,21504,14240
1	1734	28514	25307,31254,31200,32011,19327,32117,6916,2414,6889,7714,9894,13217,11866,15230,19365,23491,31263,23794,25784,6667,22618,21504,14240
0	1734	27642	25307,31254,31200,32011,19327,32117,6916,2414,6889,7714,9894,13217,11866,15230,19365,23491,31263,23794,25784,6667,22618,21504,14240,28514
1	1734	28523	25307,31254,31200,32011,19327,32117,6916,2414,6889,7714,9894,13217,11866,15230,19365,23491,31263,23794,25784,6667,22618,21504,14240,28514
1	1734	28524	25307,31254,31200,32011,19327,32117,6916,2414,6889,7714,9894,13217,11866,15230,19365,23491,31263,23794,25784,6667,22618,21504,14240,28514,28523
0	1734	28038	25307,31254,31200,32011,19327,32117,6916,2414,6889,7714,9894,13217,11866,15230,19365,23491,31263,23794,25784,6667,22618,21504,14240,28514,28523,28524
0	1734	29402	25307,31254,31200,32011,19327,32117,6916,2414,6889,7714,9894,13217,11866,15230,19365,23491,31263,23794,25784,6667,22618,21504,14240,28514,28523,28524
0	1734	29201	25307,31254,31200,32011,19327,32117,6916,2414,6889,7714,9894,13217,11866,15230,19365,23491,31263,23794,25784,6667,22618,21504,14240,28514,28523,28524
