1	475	23096	0
1	475	21407	23096
0	475	7406	23096,21407
1	475	17615	23096,21407
0	475	9001	23096,21407,17615
0	475	10542	23096,21407,17615
1	475	23098	23096,21407,17615
1	475	23766	23096,21407,17615,23098
0	475	24501	23096,21407,17615,23098,23766
1	475	21450	23096,21407,17615,23098,23766
0	475	24373	23096,21407,17615,23098,23766,21450
0	475	5377	23096,21407,17615,23098,23766,21450
0	475	5383	23096,21407,17615,23098,23766,21450
1	475	13603	23096,21407,17615,23098,23766,21450
1	475	13831	23096,21407,17615,23098,23766,21450,13603
0	475	17162	23096,21407,17615,23098,23766,21450,13603,13831
1	475	17334	23096,21407,17615,23098,23766,21450,13603,13831
0	475	23899	23096,21407,17615,23098,23766,21450,13603,13831,17334
1	475	25346	23096,21407,17615,23098,23766,21450,13603,13831,17334
1	475	101	23096,21407,17615,23098,23766,21450,13603,13831,17334,25346
0	475	13190	23096,21407,17615,23098,23766,21450,13603,13831,17334,25346,101
1	475	16291	23096,21407,17615,23098,23766,21450,13603,13831,17334,25346,101
1	475	14815	23096,21407,17615,23098,23766,21450,13603,13831,17334,25346,101,16291
0	475	6743	23096,21407,17615,23098,23766,21450,13603,13831,17334,25346,101,16291,14815
1	475	14562	23096,21407,17615,23098,23766,21450,13603,13831,17334,25346,101,16291,14815
1	475	16751	23096,21407,17615,23098,23766,21450,13603,13831,17334,25346,101,16291,14815,14562
0	475	30781	23096,21407,17615,23098,23766,21450,13603,13831,17334,25346,101,16291,14815,14562,16751
0	475	3225	23096,21407,17615,23098,23766,21450,13603,13831,17334,25346,101,16291,14815,14562,16751
1	475	8289	23096,21407,17615,23098,23766,21450,13603,13831,17334,25346,101,16291,14815,14562,16751
1	475	9138	23096,21407,17615,23098,23766,21450,13603,13831,17334,25346,101,16291,14815,14562,16751,8289
0	475	12458	23096,21407,17615,23098,23766,21450,13603,13831,17334,25346,101,16291,14815,14562,16751,8289,9138
0	475	18760	23096,21407,17615,23098,23766,21450,13603,13831,17334,25346,101,16291,14815,14562,16751,8289,9138
1	475	23819	23096,21407,17615,23098,23766,21450,13603,13831,17334,25346,101,16291,14815,14562,16751,8289,9138
0	475	14386	23096,21407,17615,23098,23766,21450,13603,13831,17334,25346,101,16291,14815,14562,16751,8289,9138,23819
0	475	15709	23096,21407,17615,23098,23766,21450,13603,13831,17334,25346,101,16291,14815,14562,16751,8289,9138,23819
1	475	23887	23096,21407,17615,23098,23766,21450,13603,13831,17334,25346,101,16291,14815,14562,16751,8289,9138,23819
1	475	27474	23096,21407,17615,23098,23766,21450,13603,13831,17334,25346,101,16291,14815,14562,16751,8289,9138,23819,23887
0	475	3666	23096,21407,17615,23098,23766,21450,13603,13831,17334,25346,101,16291,14815,14562,16751,8289,9138,23819,23887,27474
0	475	26951	23096,21407,17615,23098,23766,21450,13603,13831,17334,25346,101,16291,14815,14562,16751,8289,9138,23819,23887,27474
1	475	32253	23096,21407,17615,23098,23766,21450,13603,13831,17334,25346,101,16291,14815,14562,16751,8289,9138,23819,23887,27474
1	475	12009	23096,21407,17615,23098,23766,21450,13603,13831,17334,25346,101,16291,14815,14562,16751,8289,9138,23819,23887,27474,32253
0	475	27596	23096,21407,17615,23098,23766,21450,13603,13831,17334,25346,101,16291,14815,14562,16751,8289,9138,23819,23887,27474,32253,12009
0	475	21898	23096,21407,17615,23098,23766,21450,13603,13831,17334,25346,101,16291,14815,14562,16751,8289,9138,23819,23887,27474,32253,12009
0	475	25214	23096,21407,17615,23098,23766,21450,13603,13831,17334,25346,101,16291,14815,14562,16751,8289,9138,23819,23887,27474,32253,12009
1	475	25814	23096,21407,17615,23098,23766,21450,13603,13831,17334,25346,101,16291,14815,14562,16751,8289,9138,23819,23887,27474,32253,12009
0	475	14901	23096,21407,17615,23098,23766,21450,13603,13831,17334,25346,101,16291,14815,14562,16751,8289,9138,23819,23887,27474,32253,12009,25814
0	475	17435	23096,21407,17615,23098,23766,21450,13603,13831,17334,25346,101,16291,14815,14562,16751,8289,9138,23819,23887,27474,32253,12009,25814
1	475	18581	23096,21407,17615,23098,23766,21450,13603,13831,17334,25346,101,16291,14815,14562,16751,8289,9138,23819,23887,27474,32253,12009,25814
0	475	29279	23096,21407,17615,23098,23766,21450,13603,13831,17334,25346,101,16291,14815,14562,16751,8289,9138,23819,23887,27474,32253,12009,25814,18581
