0	268	10225	0
1	268	31242	0
1	268	23531	31242
0	268	1182	31242,23531
0	268	8758	31242,23531
0	268	3042	31242,23531
1	268	32495	31242,23531
0	268	11838	31242,23531,32495
1	268	9314	31242,23531,32495
0	268	9652	31242,23531,32495,9314
0	268	14229	31242,23531,32495,9314
1	268	9642	31242,23531,32495,9314
1	268	9939	31242,23531,32495,9314,9642
0	268	14151	31242,23531,32495,9314,9642,9939
1	268	1951	31242,23531,32495,9314,9642,9939
0	268	16379	31242,23531,32495,9314,9642,9939,1951
1	268	9139	31242,23531,32495,9314,9642,9939,1951
1	268	9045	31242,23531,32495,9314,9642,9939,1951,9139
1	268	9082	31242,23531,32495,9314,9642,9939,1951,9139,9045
0	268	16131	31242,23531,32495,9314,9642,9939,1951,9139,9045,9082
1	268	15378	31242,23531,32495,9314,9642,9939,1951,9139,9045,9082
1	268	14468	31242,23531,32495,9314,9642,9939,1951,9139,9045,9082,15378
0	268	8742	31242,23531,32495,9314,9642,9939,1951,9139,9045,9082,15378,14468
0	268	3128	31242,23531,32495,9314,9642,9939,1951,9139,9045,9082,15378,14468
1	268	5128	31242,23531,32495,9314,9642,9939,1951,9139,9045,9082,15378,14468
1	268	9138	31242,23531,32495,9314,9642,9939,1951,9139,9045,9082,15378,14468,5128
1	268	22159	31242,23531,32495,9314,9642,9939,1951,9139,9045,9082,15378,14468,5128,9138
1	268	4831	31242,23531,32495,9314,9642,9939,1951,9139,9045,9082,15378,14468,5128,9138,22159
0	268	11671	31242,23531,32495,9314,9642,9939,1951,9139,9045,9082,15378,14468,5128,9138,22159,4831
1	268	31262	31242,23531,32495,9314,9642,9939,1951,9139,9045,9082,15378,14468,5128,9138,22159,4831
0	268	4670	31242,23531,32495,9314,9642,9939,1951,9139,9045,9082,15378,14468,5128,9138,22159,4831,31262
0	268	6400	31242,23531,32495,9314,9642,9939,1951,9139,9045,9082,15378,14468,5128,9138,22159,4831,31262
0	268	31074	31242,23531,32495,9314,9642,9939,1951,9139,9045,9082,15378,14468,5128,9138,22159,4831,31262
0	268	31176	31242,23531,32495,9314,9642,9939,1951,9139,9045,9082,15378,14468,5128,9138,22159,4831,31262
1	268	2129	31242,23531,32495,9314,9642,9939,1951,9139,9045,9082,15378,14468,5128,9138,22159,4831,31262
1	268	30894	31242,23531,32495,9314,9642,9939,1951,9139,9045,9082,15378,14468,5128,9138,22159,4831,31262,2129
1	268	30899	31242,23531,32495,9314,9642,9939,1951,9139,9045,9082,15378,14468,5128,9138,22159,4831,31262,2129,30894
0	268	10012	31242,23531,32495,9314,9642,9939,1951,9139,9045,9082,15378,14468,5128,9138,22159,4831,31262,2129,30894,30899
0	268	5403	31242,23531,32495,9314,9642,9939,1951,9139,9045,9082,15378,14468,5128,9138,22159,4831,31262,2129,30894,30899
1	268	12009	31242,23531,32495,9314,9642,9939,1951,9139,9045,9082,15378,14468,5128,9138,22159,4831,31262,2129,30894,30899
1	268	31263	31242,23531,32495,9314,9642,9939,1951,9139,9045,9082,15378,14468,5128,9138,22159,4831,31262,2129,30894,30899,12009
0	268	18561	31242,23531,32495,9314,9642,9939,1951,9139,9045,9082,15378,14468,5128,9138,22159,4831,31262,2129,30894,30899,12009,31263
0	268	20911	31242,23531,32495,9314,9642,9939,1951,9139,9045,9082,15378,14468,5128,9138,22159,4831,31262,2129,30894,30899,12009,31263
1	268	7877	31242,23531,32495,9314,9642,9939,1951,9139,9045,9082,15378,14468,5128,9138,22159,4831,31262,2129,30894,30899,12009,31263
1	268	23310	31242,23531,32495,9314,9642,9939,1951,9139,9045,9082,15378,14468,5128,9138,22159,4831,31262,2129,30894,30899,12009,31263,7877
1	268	24183	31242,23531,32495,9314,9642,9939,1951,9139,9045,9082,15378,14468,5128,9138,22159,4831,31262,2129,30894,30899,12009,31263,7877,23310
1	268	22983	31242,23531,32495,9314,9642,9939,1951,9139,9045,9082,15378,14468,5128,9138,22159,4831,31262,2129,30894,30899,12009,31263,7877,23310,24183
0	268	13265	31242,23531,32495,9314,9642,9939,1951,9139,9045,9082,15378,14468,5128,9138,22159,4831,31262,2129,30894,30899,12009,31263,7877,23310,24183,22983
0	268	32004	31242,23531,32495,9314,9642,9939,1951,9139,9045,9082,15378,14468,5128,9138,22159,4831,31262,2129,30894,30899,12009,31263,7877,23310,24183,22983
0	268	13606	31242,23531,32495,9314,9642,9939,1951,9139,9045,9082,15378,14468,5128,9138,22159,4831,31262,2129,30894,30899,12009,31263,7877,23310,24183,22983
1	268	19426	31242,23531,32495,9314,9642,9939,1951,9139,9045,9082,15378,14468,5128,9138,22159,4831,31262,2129,30894,30899,12009,31263,7877,23310,24183,22983
0	268	20710	31242,23531,32495,9314,9642,9939,1951,9139,9045,9082,15378,14468,5128,9138,22159,4831,31262,2129,30894,30899,12009,31263,7877,23310,24183,22983,19426
1	268	25440	31242,23531,32495,9314,9642,9939,1951,9139,9045,9082,15378,14468,5128,9138,22159,4831,31262,2129,30894,30899,12009,31263,7877,23310,24183,22983,19426
0	268	2589	31242,23531,32495,9314,9642,9939,1951,9139,9045,9082,15378,14468,5128,9138,22159,4831,31262,2129,30894,30899,12009,31263,7877,23310,24183,22983,19426,25440
0	268	24922	31242,23531,32495,9314,9642,9939,1951,9139,9045,9082,15378,14468,5128,9138,22159,4831,31262,2129,30894,30899,12009,31263,7877,23310,24183,22983,19426,25440
1	268	24801	31242,23531,32495,9314,9642,9939,1951,9139,9045,9082,15378,14468,5128,9138,22159,4831,31262,2129,30894,30899,12009,31263,7877,23310,24183,22983,19426,25440
1	268	24956	31242,23531,32495,9314,9642,9939,1951,9139,9045,9082,15378,14468,5128,9138,22159,4831,31262,2129,30894,30899,12009,31263,7877,23310,24183,22983,19426,25440,24801
1	268	10559	31242,23531,32495,9314,9642,9939,1951,9139,9045,9082,15378,14468,5128,9138,22159,4831,31262,2129,30894,30899,12009,31263,7877,23310,24183,22983,19426,25440,24801,24956
0	268	26271	31242,23531,32495,9314,9642,9939,1951,9139,9045,9082,15378,14468,5128,9138,22159,4831,31262,2129,30894,30899,12009,31263,7877,23310,24183,22983,19426,25440,24801,24956,10559
0	268	11376	31242,23531,32495,9314,9642,9939,1951,9139,9045,9082,15378,14468,5128,9138,22159,4831,31262,2129,30894,30899,12009,31263,7877,23310,24183,22983,19426,25440,24801,24956,10559
1	268	21275	31242,23531,32495,9314,9642,9939,1951,9139,9045,9082,15378,14468,5128,9138,22159,4831,31262,2129,30894,30899,12009,31263,7877,23310,24183,22983,19426,25440,24801,24956,10559
0	268	18309	31242,23531,32495,9314,9642,9939,1951,9139,9045,9082,15378,14468,5128,9138,22159,4831,31262,2129,30894,30899,12009,31263,7877,23310,24183,22983,19426,25440,24801,24956,10559,21275
1	268	1570	31242,23531,32495,9314,9642,9939,1951,9139,9045,9082,15378,14468,5128,9138,22159,4831,31262,2129,30894,30899,12009,31263,7877,23310,24183,22983,19426,25440,24801,24956,10559,21275
0	268	9064	31242,23531,32495,9314,9642,9939,1951,9139,9045,9082,15378,14468,5128,9138,22159,4831,31262,2129,30894,30899,12009,31263,7877,23310,24183,22983,19426,25440,24801,24956,10559,21275,1570
0	268	23795	31242,23531,32495,9314,9642,9939,1951,9139,9045,9082,15378,14468,5128,9138,22159,4831,31262,2129,30894,30899,12009,31263,7877,23310,24183,22983,19426,25440,24801,24956,10559,21275,1570
0	268	27737	31242,23531,32495,9314,9642,9939,1951,9139,9045,9082,15378,14468,5128,9138,22159,4831,31262,2129,30894,30899,12009,31263,7877,23310,24183,22983,19426,25440,24801,24956,10559,21275,1570
1	268	11194	31242,23531,32495,9314,9642,9939,1951,9139,9045,9082,15378,14468,5128,9138,22159,4831,31262,2129,30894,30899,12009,31263,7877,23310,24183,22983,19426,25440,24801,24956,10559,21275,1570
0	268	16149	31242,23531,32495,9314,9642,9939,1951,9139,9045,9082,15378,14468,5128,9138,22159,4831,31262,2129,30894,30899,12009,31263,7877,23310,24183,22983,19426,25440,24801,24956,10559,21275,1570,11194
0	268	27738	31242,23531,32495,9314,9642,9939,1951,9139,9045,9082,15378,14468,5128,9138,22159,4831,31262,2129,30894,30899,12009,31263,7877,23310,24183,22983,19426,25440,24801,24956,10559,21275,1570,11194
1	268	26880	31242,23531,32495,9314,9642,9939,1951,9139,9045,9082,15378,14468,5128,9138,22159,4831,31262,2129,30894,30899,12009,31263,7877,23310,24183,22983,19426,25440,24801,24956,10559,21275,1570,11194
1	268	25853	31242,23531,32495,9314,9642,9939,1951,9139,9045,9082,15378,14468,5128,9138,22159,4831,31262,2129,30894,30899,12009,31263,7877,23310,24183,22983,19426,25440,24801,24956,10559,21275,1570,11194,26880
1	268	28780	31242,23531,32495,9314,9642,9939,1951,9139,9045,9082,15378,14468,5128,9138,22159,4831,31262,2129,30894,30899,12009,31263,7877,23310,24183,22983,19426,25440,24801,24956,10559,21275,1570,11194,26880,25853
0	268	29308	31242,23531,32495,9314,9642,9939,1951,9139,9045,9082,15378,14468,5128,9138,22159,4831,31262,2129,30894,30899,12009,31263,7877,23310,24183,22983,19426,25440,24801,24956,10559,21275,1570,11194,26880,25853,28780
1	268	26721	31242,23531,32495,9314,9642,9939,1951,9139,9045,9082,15378,14468,5128,9138,22159,4831,31262,2129,30894,30899,12009,31263,7877,23310,24183,22983,19426,25440,24801,24956,10559,21275,1570,11194,26880,25853,28780
