0	1372	15799	0
0	1372	31797	0
1	1372	9569	0
0	1372	1128	9569
0	1372	3895	9569
0	1372	31967	9569
0	1372	4144	9569
0	1372	15817	9569
1	1372	454	9569
1	1372	31935	9569,454
0	1372	22895	9569,454,31935
1	1372	12255	9569,454,31935
1	1372	7561	9569,454,31935,12255
1	1372	3298	9569,454,31935,12255,7561
1	1372	6760	9569,454,31935,12255,7561,3298
1	1372	20416	9569,454,31935,12255,7561,3298,6760
1	1372	9462	9569,454,31935,12255,7561,3298,6760,20416
1	1372	7618	9569,454,31935,12255,7561,3298,6760,20416,9462
0	1372	7727	9569,454,31935,12255,7561,3298,6760,20416,9462,7618
1	1372	4314	9569,454,31935,12255,7561,3298,6760,20416,9462,7618
1	1372	4567	9569,454,31935,12255,7561,3298,6760,20416,9462,7618,4314
1	1372	1412	9569,454,31935,12255,7561,3298,6760,20416,9462,7618,4314,4567
1	1372	9158	9569,454,31935,12255,7561,3298,6760,20416,9462,7618,4314,4567,1412
1	1372	9903	9569,454,31935,12255,7561,3298,6760,20416,9462,7618,4314,4567,1412,9158
1	1372	6200	9569,454,31935,12255,7561,3298,6760,20416,9462,7618,4314,4567,1412,9158,9903
1	1372	12162	9569,454,31935,12255,7561,3298,6760,20416,9462,7618,4314,4567,1412,9158,9903,6200
1	1372	8545	9569,454,31935,12255,7561,3298,6760,20416,9462,7618,4314,4567,1412,9158,9903,6200,12162
1	1372	325	9569,454,31935,12255,7561,3298,6760,20416,9462,7618,4314,4567,1412,9158,9903,6200,12162,8545
1	1372	24066	9569,454,31935,12255,7561,3298,6760,20416,9462,7618,4314,4567,1412,9158,9903,6200,12162,8545,325
0	1372	9409	9569,454,31935,12255,7561,3298,6760,20416,9462,7618,4314,4567,1412,9158,9903,6200,12162,8545,325,24066
0	1372	20487	9569,454,31935,12255,7561,3298,6760,20416,9462,7618,4314,4567,1412,9158,9903,6200,12162,8545,325,24066
1	1372	7758	9569,454,31935,12255,7561,3298,6760,20416,9462,7618,4314,4567,1412,9158,9903,6200,12162,8545,325,24066
1	1372	3438	9569,454,31935,12255,7561,3298,6760,20416,9462,7618,4314,4567,1412,9158,9903,6200,12162,8545,325,24066,7758
0	1372	5141	9569,454,31935,12255,7561,3298,6760,20416,9462,7618,4314,4567,1412,9158,9903,6200,12162,8545,325,24066,7758,3438
0	1372	8546	9569,454,31935,12255,7561,3298,6760,20416,9462,7618,4314,4567,1412,9158,9903,6200,12162,8545,325,24066,7758,3438
1	1372	1353	9569,454,31935,12255,7561,3298,6760,20416,9462,7618,4314,4567,1412,9158,9903,6200,12162,8545,325,24066,7758,3438
0	1372	2478	9569,454,31935,12255,7561,3298,6760,20416,9462,7618,4314,4567,1412,9158,9903,6200,12162,8545,325,24066,7758,3438,1353
0	1372	7304	9569,454,31935,12255,7561,3298,6760,20416,9462,7618,4314,4567,1412,9158,9903,6200,12162,8545,325,24066,7758,3438,1353
1	1372	7529	9569,454,31935,12255,7561,3298,6760,20416,9462,7618,4314,4567,1412,9158,9903,6200,12162,8545,325,24066,7758,3438,1353
0	1372	10959	9569,454,31935,12255,7561,3298,6760,20416,9462,7618,4314,4567,1412,9158,9903,6200,12162,8545,325,24066,7758,3438,1353,7529
1	1372	6054	9569,454,31935,12255,7561,3298,6760,20416,9462,7618,4314,4567,1412,9158,9903,6200,12162,8545,325,24066,7758,3438,1353,7529
1	1372	11366	9569,454,31935,12255,7561,3298,6760,20416,9462,7618,4314,4567,1412,9158,9903,6200,12162,8545,325,24066,7758,3438,1353,7529,6054
0	1372	15442	9569,454,31935,12255,7561,3298,6760,20416,9462,7618,4314,4567,1412,9158,9903,6200,12162,8545,325,24066,7758,3438,1353,7529,6054,11366
1	1372	4767	9569,454,31935,12255,7561,3298,6760,20416,9462,7618,4314,4567,1412,9158,9903,6200,12162,8545,325,24066,7758,3438,1353,7529,6054,11366
1	1372	13488	9569,454,31935,12255,7561,3298,6760,20416,9462,7618,4314,4567,1412,9158,9903,6200,12162,8545,325,24066,7758,3438,1353,7529,6054,11366,4767
1	1372	14672	9569,454,31935,12255,7561,3298,6760,20416,9462,7618,4314,4567,1412,9158,9903,6200,12162,8545,325,24066,7758,3438,1353,7529,6054,11366,4767,13488
1	1372	14496	9569,454,31935,12255,7561,3298,6760,20416,9462,7618,4314,4567,1412,9158,9903,6200,12162,8545,325,24066,7758,3438,1353,7529,6054,11366,4767,13488,14672
0	1372	14177	9569,454,31935,12255,7561,3298,6760,20416,9462,7618,4314,4567,1412,9158,9903,6200,12162,8545,325,24066,7758,3438,1353,7529,6054,11366,4767,13488,14672,14496
1	1372	15523	9569,454,31935,12255,7561,3298,6760,20416,9462,7618,4314,4567,1412,9158,9903,6200,12162,8545,325,24066,7758,3438,1353,7529,6054,11366,4767,13488,14672,14496
1	1372	15063	9569,454,31935,12255,7561,3298,6760,20416,9462,7618,4314,4567,1412,9158,9903,6200,12162,8545,325,24066,7758,3438,1353,7529,6054,11366,4767,13488,14672,14496,15523
1	1372	6336	9569,454,31935,12255,7561,3298,6760,20416,9462,7618,4314,4567,1412,9158,9903,6200,12162,8545,325,24066,7758,3438,1353,7529,6054,11366,4767,13488,14672,14496,15523,15063
0	1372	31063	9569,454,31935,12255,7561,3298,6760,20416,9462,7618,4314,4567,1412,9158,9903,6200,12162,8545,325,24066,7758,3438,1353,7529,6054,11366,4767,13488,14672,14496,15523,15063,6336
1	1372	6328	9569,454,31935,12255,7561,3298,6760,20416,9462,7618,4314,4567,1412,9158,9903,6200,12162,8545,325,24066,7758,3438,1353,7529,6054,11366,4767,13488,14672,14496,15523,15063,6336
0	1372	22353	9569,454,31935,12255,7561,3298,6760,20416,9462,7618,4314,4567,1412,9158,9903,6200,12162,8545,325,24066,7758,3438,1353,7529,6054,11366,4767,13488,14672,14496,15523,15063,6336,6328
1	1372	2888	9569,454,31935,12255,7561,3298,6760,20416,9462,7618,4314,4567,1412,9158,9903,6200,12162,8545,325,24066,7758,3438,1353,7529,6054,11366,4767,13488,14672,14496,15523,15063,6336,6328
0	1372	17414	9569,454,31935,12255,7561,3298,6760,20416,9462,7618,4314,4567,1412,9158,9903,6200,12162,8545,325,24066,7758,3438,1353,7529,6054,11366,4767,13488,14672,14496,15523,15063,6336,6328,2888
1	1372	18675	9569,454,31935,12255,7561,3298,6760,20416,9462,7618,4314,4567,1412,9158,9903,6200,12162,8545,325,24066,7758,3438,1353,7529,6054,11366,4767,13488,14672,14496,15523,15063,6336,6328,2888
0	1372	10053	9569,454,31935,12255,7561,3298,6760,20416,9462,7618,4314,4567,1412,9158,9903,6200,12162,8545,325,24066,7758,3438,1353,7529,6054,11366,4767,13488,14672,14496,15523,15063,6336,6328,2888,18675
1	1372	12569	9569,454,31935,12255,7561,3298,6760,20416,9462,7618,4314,4567,1412,9158,9903,6200,12162,8545,325,24066,7758,3438,1353,7529,6054,11366,4767,13488,14672,14496,15523,15063,6336,6328,2888,18675
0	1372	9869	9569,454,31935,12255,7561,3298,6760,20416,9462,7618,4314,4567,1412,9158,9903,6200,12162,8545,325,24066,7758,3438,1353,7529,6054,11366,4767,13488,14672,14496,15523,15063,6336,6328,2888,18675,12569
0	1372	15867	9569,454,31935,12255,7561,3298,6760,20416,9462,7618,4314,4567,1412,9158,9903,6200,12162,8545,325,24066,7758,3438,1353,7529,6054,11366,4767,13488,14672,14496,15523,15063,6336,6328,2888,18675,12569
1	1372	7691	9569,454,31935,12255,7561,3298,6760,20416,9462,7618,4314,4567,1412,9158,9903,6200,12162,8545,325,24066,7758,3438,1353,7529,6054,11366,4767,13488,14672,14496,15523,15063,6336,6328,2888,18675,12569
0	1372	11620	9569,454,31935,12255,7561,3298,6760,20416,9462,7618,4314,4567,1412,9158,9903,6200,12162,8545,325,24066,7758,3438,1353,7529,6054,11366,4767,13488,14672,14496,15523,15063,6336,6328,2888,18675,12569,7691
0	1372	22317	9569,454,31935,12255,7561,3298,6760,20416,9462,7618,4314,4567,1412,9158,9903,6200,12162,8545,325,24066,7758,3438,1353,7529,6054,11366,4767,13488,14672,14496,15523,15063,6336,6328,2888,18675,12569,7691
0	1372	8327	9569,454,31935,12255,7561,3298,6760,20416,9462,7618,4314,4567,1412,9158,9903,6200,12162,8545,325,24066,7758,3438,1353,7529,6054,11366,4767,13488,14672,14496,15523,15063,6336,6328,2888,18675,12569,7691
0	1372	19636	9569,454,31935,12255,7561,3298,6760,20416,9462,7618,4314,4567,1412,9158,9903,6200,12162,8545,325,24066,7758,3438,1353,7529,6054,11366,4767,13488,14672,14496,15523,15063,6336,6328,2888,18675,12569,7691
1	1372	818	9569,454,31935,12255,7561,3298,6760,20416,9462,7618,4314,4567,1412,9158,9903,6200,12162,8545,325,24066,7758,3438,1353,7529,6054,11366,4767,13488,14672,14496,15523,15063,6336,6328,2888,18675,12569,7691
0	1372	19376	9569,454,31935,12255,7561,3298,6760,20416,9462,7618,4314,4567,1412,9158,9903,6200,12162,8545,325,24066,7758,3438,1353,7529,6054,11366,4767,13488,14672,14496,15523,15063,6336,6328,2888,18675,12569,7691,818
1	1372	20341	9569,454,31935,12255,7561,3298,6760,20416,9462,7618,4314,4567,1412,9158,9903,6200,12162,8545,325,24066,7758,3438,1353,7529,6054,11366,4767,13488,14672,14496,15523,15063,6336,6328,2888,18675,12569,7691,818
1	1372	11869	9569,454,31935,12255,7561,3298,6760,20416,9462,7618,4314,4567,1412,9158,9903,6200,12162,8545,325,24066,7758,3438,1353,7529,6054,11366,4767,13488,14672,14496,15523,15063,6336,6328,2888,18675,12569,7691,818,20341
1	1372	12435	9569,454,31935,12255,7561,3298,6760,20416,9462,7618,4314,4567,1412,9158,9903,6200,12162,8545,325,24066,7758,3438,1353,7529,6054,11366,4767,13488,14672,14496,15523,15063,6336,6328,2888,18675,12569,7691,818,20341,11869
0	1372	18821	9569,454,31935,12255,7561,3298,6760,20416,9462,7618,4314,4567,1412,9158,9903,6200,12162,8545,325,24066,7758,3438,1353,7529,6054,11366,4767,13488,14672,14496,15523,15063,6336,6328,2888,18675,12569,7691,818,20341,11869,12435
1	1372	14280	9569,454,31935,12255,7561,3298,6760,20416,9462,7618,4314,4567,1412,9158,9903,6200,12162,8545,325,24066,7758,3438,1353,7529,6054,11366,4767,13488,14672,14496,15523,15063,6336,6328,2888,18675,12569,7691,818,20341,11869,12435
0	1372	19825	9569,454,31935,12255,7561,3298,6760,20416,9462,7618,4314,4567,1412,9158,9903,6200,12162,8545,325,24066,7758,3438,1353,7529,6054,11366,4767,13488,14672,14496,15523,15063,6336,6328,2888,18675,12569,7691,818,20341,11869,12435,14280
0	1372	22593	9569,454,31935,12255,7561,3298,6760,20416,9462,7618,4314,4567,1412,9158,9903,6200,12162,8545,325,24066,7758,3438,1353,7529,6054,11366,4767,13488,14672,14496,15523,15063,6336,6328,2888,18675,12569,7691,818,20341,11869,12435,14280
1	1372	22591	9569,454,31935,12255,7561,3298,6760,20416,9462,7618,4314,4567,1412,9158,9903,6200,12162,8545,325,24066,7758,3438,1353,7529,6054,11366,4767,13488,14672,14496,15523,15063,6336,6328,2888,18675,12569,7691,818,20341,11869,12435,14280
0	1372	22539	9569,454,31935,12255,7561,3298,6760,20416,9462,7618,4314,4567,1412,9158,9903,6200,12162,8545,325,24066,7758,3438,1353,7529,6054,11366,4767,13488,14672,14496,15523,15063,6336,6328,2888,18675,12569,7691,818,20341,11869,12435,14280,22591
1	1372	32885	9569,454,31935,12255,7561,3298,6760,20416,9462,7618,4314,4567,1412,9158,9903,6200,12162,8545,325,24066,7758,3438,1353,7529,6054,11366,4767,13488,14672,14496,15523,15063,6336,6328,2888,18675,12569,7691,818,20341,11869,12435,14280,22591
1	1372	23839	9569,454,31935,12255,7561,3298,6760,20416,9462,7618,4314,4567,1412,9158,9903,6200,12162,8545,325,24066,7758,3438,1353,7529,6054,11366,4767,13488,14672,14496,15523,15063,6336,6328,2888,18675,12569,7691,818,20341,11869,12435,14280,22591,32885
0	1372	24181	9569,454,31935,12255,7561,3298,6760,20416,9462,7618,4314,4567,1412,9158,9903,6200,12162,8545,325,24066,7758,3438,1353,7529,6054,11366,4767,13488,14672,14496,15523,15063,6336,6328,2888,18675,12569,7691,818,20341,11869,12435,14280,22591,32885,23839
0	1372	15219	9569,454,31935,12255,7561,3298,6760,20416,9462,7618,4314,4567,1412,9158,9903,6200,12162,8545,325,24066,7758,3438,1353,7529,6054,11366,4767,13488,14672,14496,15523,15063,6336,6328,2888,18675,12569,7691,818,20341,11869,12435,14280,22591,32885,23839
0	1372	23862	9569,454,31935,12255,7561,3298,6760,20416,9462,7618,4314,4567,1412,9158,9903,6200,12162,8545,325,24066,7758,3438,1353,7529,6054,11366,4767,13488,14672,14496,15523,15063,6336,6328,2888,18675,12569,7691,818,20341,11869,12435,14280,22591,32885,23839
1	1372	18819	9569,454,31935,12255,7561,3298,6760,20416,9462,7618,4314,4567,1412,9158,9903,6200,12162,8545,325,24066,7758,3438,1353,7529,6054,11366,4767,13488,14672,14496,15523,15063,6336,6328,2888,18675,12569,7691,818,20341,11869,12435,14280,22591,32885,23839
0	1372	25020	9569,454,31935,12255,7561,3298,6760,20416,9462,7618,4314,4567,1412,9158,9903,6200,12162,8545,325,24066,7758,3438,1353,7529,6054,11366,4767,13488,14672,14496,15523,15063,6336,6328,2888,18675,12569,7691,818,20341,11869,12435,14280,22591,32885,23839,18819
1	1372	15211	9569,454,31935,12255,7561,3298,6760,20416,9462,7618,4314,4567,1412,9158,9903,6200,12162,8545,325,24066,7758,3438,1353,7529,6054,11366,4767,13488,14672,14496,15523,15063,6336,6328,2888,18675,12569,7691,818,20341,11869,12435,14280,22591,32885,23839,18819
0	1372	24929	9569,454,31935,12255,7561,3298,6760,20416,9462,7618,4314,4567,1412,9158,9903,6200,12162,8545,325,24066,7758,3438,1353,7529,6054,11366,4767,13488,14672,14496,15523,15063,6336,6328,2888,18675,12569,7691,818,20341,11869,12435,14280,22591,32885,23839,18819,15211
1	1372	16676	9569,454,31935,12255,7561,3298,6760,20416,9462,7618,4314,4567,1412,9158,9903,6200,12162,8545,325,24066,7758,3438,1353,7529,6054,11366,4767,13488,14672,14496,15523,15063,6336,6328,2888,18675,12569,7691,818,20341,11869,12435,14280,22591,32885,23839,18819,15211
0	1372	26237	9569,454,31935,12255,7561,3298,6760,20416,9462,7618,4314,4567,1412,9158,9903,6200,12162,8545,325,24066,7758,3438,1353,7529,6054,11366,4767,13488,14672,14496,15523,15063,6336,6328,2888,18675,12569,7691,818,20341,11869,12435,14280,22591,32885,23839,18819,15211,16676
0	1372	15221	9569,454,31935,12255,7561,3298,6760,20416,9462,7618,4314,4567,1412,9158,9903,6200,12162,8545,325,24066,7758,3438,1353,7529,6054,11366,4767,13488,14672,14496,15523,15063,6336,6328,2888,18675,12569,7691,818,20341,11869,12435,14280,22591,32885,23839,18819,15211,16676
0	1372	8528	9569,454,31935,12255,7561,3298,6760,20416,9462,7618,4314,4567,1412,9158,9903,6200,12162,8545,325,24066,7758,3438,1353,7529,6054,11366,4767,13488,14672,14496,15523,15063,6336,6328,2888,18675,12569,7691,818,20341,11869,12435,14280,22591,32885,23839,18819,15211,16676
1	1372	25189	9569,454,31935,12255,7561,3298,6760,20416,9462,7618,4314,4567,1412,9158,9903,6200,12162,8545,325,24066,7758,3438,1353,7529,6054,11366,4767,13488,14672,14496,15523,15063,6336,6328,2888,18675,12569,7691,818,20341,11869,12435,14280,22591,32885,23839,18819,15211,16676
0	1372	4515	9569,454,31935,12255,7561,3298,6760,20416,9462,7618,4314,4567,1412,9158,9903,6200,12162,8545,325,24066,7758,3438,1353,7529,6054,11366,4767,13488,14672,14496,15523,15063,6336,6328,2888,18675,12569,7691,818,20341,11869,12435,14280,22591,32885,23839,18819,15211,16676,25189
0	1372	26113	9569,454,31935,12255,7561,3298,6760,20416,9462,7618,4314,4567,1412,9158,9903,6200,12162,8545,325,24066,7758,3438,1353,7529,6054,11366,4767,13488,14672,14496,15523,15063,6336,6328,2888,18675,12569,7691,818,20341,11869,12435,14280,22591,32885,23839,18819,15211,16676,25189
1	1372	26633	9569,454,31935,12255,7561,3298,6760,20416,9462,7618,4314,4567,1412,9158,9903,6200,12162,8545,325,24066,7758,3438,1353,7529,6054,11366,4767,13488,14672,14496,15523,15063,6336,6328,2888,18675,12569,7691,818,20341,11869,12435,14280,22591,32885,23839,18819,15211,16676,25189
0	1372	27444	9569,454,31935,12255,7561,3298,6760,20416,9462,7618,4314,4567,1412,9158,9903,6200,12162,8545,325,24066,7758,3438,1353,7529,6054,11366,4767,13488,14672,14496,15523,15063,6336,6328,2888,18675,12569,7691,818,20341,11869,12435,14280,22591,32885,23839,18819,15211,16676,25189,26633
0	1372	25409	9569,454,31935,12255,7561,3298,6760,20416,9462,7618,4314,4567,1412,9158,9903,6200,12162,8545,325,24066,7758,3438,1353,7529,6054,11366,4767,13488,14672,14496,15523,15063,6336,6328,2888,18675,12569,7691,818,20341,11869,12435,14280,22591,32885,23839,18819,15211,16676,25189,26633
1	1372	2323	9569,454,31935,12255,7561,3298,6760,20416,9462,7618,4314,4567,1412,9158,9903,6200,12162,8545,325,24066,7758,3438,1353,7529,6054,11366,4767,13488,14672,14496,15523,15063,6336,6328,2888,18675,12569,7691,818,20341,11869,12435,14280,22591,32885,23839,18819,15211,16676,25189,26633
0	1372	23768	9569,454,31935,12255,7561,3298,6760,20416,9462,7618,4314,4567,1412,9158,9903,6200,12162,8545,325,24066,7758,3438,1353,7529,6054,11366,4767,13488,14672,14496,15523,15063,6336,6328,2888,18675,12569,7691,818,20341,11869,12435,14280,22591,32885,23839,18819,15211,16676,25189,26633,2323
0	1372	26326	9569,454,31935,12255,7561,3298,6760,20416,9462,7618,4314,4567,1412,9158,9903,6200,12162,8545,325,24066,7758,3438,1353,7529,6054,11366,4767,13488,14672,14496,15523,15063,6336,6328,2888,18675,12569,7691,818,20341,11869,12435,14280,22591,32885,23839,18819,15211,16676,25189,26633,2323
0	1372	26970	9569,454,31935,12255,7561,3298,6760,20416,9462,7618,4314,4567,1412,9158,9903,6200,12162,8545,325,24066,7758,3438,1353,7529,6054,11366,4767,13488,14672,14496,15523,15063,6336,6328,2888,18675,12569,7691,818,20341,11869,12435,14280,22591,32885,23839,18819,15211,16676,25189,26633,2323
1	1372	23881	9569,454,31935,12255,7561,3298,6760,20416,9462,7618,4314,4567,1412,9158,9903,6200,12162,8545,325,24066,7758,3438,1353,7529,6054,11366,4767,13488,14672,14496,15523,15063,6336,6328,2888,18675,12569,7691,818,20341,11869,12435,14280,22591,32885,23839,18819,15211,16676,25189,26633,2323
0	1372	17693	9569,454,31935,12255,7561,3298,6760,20416,9462,7618,4314,4567,1412,9158,9903,6200,12162,8545,325,24066,7758,3438,1353,7529,6054,11366,4767,13488,14672,14496,15523,15063,6336,6328,2888,18675,12569,7691,818,20341,11869,12435,14280,22591,32885,23839,18819,15211,16676,25189,26633,2323,23881
1	1372	26959	9569,454,31935,12255,7561,3298,6760,20416,9462,7618,4314,4567,1412,9158,9903,6200,12162,8545,325,24066,7758,3438,1353,7529,6054,11366,4767,13488,14672,14496,15523,15063,6336,6328,2888,18675,12569,7691,818,20341,11869,12435,14280,22591,32885,23839,18819,15211,16676,25189,26633,2323,23881
1	1372	24048	9569,454,31935,12255,7561,3298,6760,20416,9462,7618,4314,4567,1412,9158,9903,6200,12162,8545,325,24066,7758,3438,1353,7529,6054,11366,4767,13488,14672,14496,15523,15063,6336,6328,2888,18675,12569,7691,818,20341,11869,12435,14280,22591,32885,23839,18819,15211,16676,25189,26633,2323,23881,26959
0	1372	7644	9569,454,31935,12255,7561,3298,6760,20416,9462,7618,4314,4567,1412,9158,9903,6200,12162,8545,325,24066,7758,3438,1353,7529,6054,11366,4767,13488,14672,14496,15523,15063,6336,6328,2888,18675,12569,7691,818,20341,11869,12435,14280,22591,32885,23839,18819,15211,16676,25189,26633,2323,23881,26959,24048
0	1372	25493	9569,454,31935,12255,7561,3298,6760,20416,9462,7618,4314,4567,1412,9158,9903,6200,12162,8545,325,24066,7758,3438,1353,7529,6054,11366,4767,13488,14672,14496,15523,15063,6336,6328,2888,18675,12569,7691,818,20341,11869,12435,14280,22591,32885,23839,18819,15211,16676,25189,26633,2323,23881,26959,24048
1	1372	28071	9569,454,31935,12255,7561,3298,6760,20416,9462,7618,4314,4567,1412,9158,9903,6200,12162,8545,325,24066,7758,3438,1353,7529,6054,11366,4767,13488,14672,14496,15523,15063,6336,6328,2888,18675,12569,7691,818,20341,11869,12435,14280,22591,32885,23839,18819,15211,16676,25189,26633,2323,23881,26959,24048
0	1372	29099	9569,454,31935,12255,7561,3298,6760,20416,9462,7618,4314,4567,1412,9158,9903,6200,12162,8545,325,24066,7758,3438,1353,7529,6054,11366,4767,13488,14672,14496,15523,15063,6336,6328,2888,18675,12569,7691,818,20341,11869,12435,14280,22591,32885,23839,18819,15211,16676,25189,26633,2323,23881,26959,24048,28071
0	1372	29407	9569,454,31935,12255,7561,3298,6760,20416,9462,7618,4314,4567,1412,9158,9903,6200,12162,8545,325,24066,7758,3438,1353,7529,6054,11366,4767,13488,14672,14496,15523,15063,6336,6328,2888,18675,12569,7691,818,20341,11869,12435,14280,22591,32885,23839,18819,15211,16676,25189,26633,2323,23881,26959,24048,28071
1	1372	29123	9569,454,31935,12255,7561,3298,6760,20416,9462,7618,4314,4567,1412,9158,9903,6200,12162,8545,325,24066,7758,3438,1353,7529,6054,11366,4767,13488,14672,14496,15523,15063,6336,6328,2888,18675,12569,7691,818,20341,11869,12435,14280,22591,32885,23839,18819,15211,16676,25189,26633,2323,23881,26959,24048,28071
