0	52	11473	0
1	52	7175	0
0	52	11785	7175
1	52	13350	7175
1	52	8245	7175,13350
1	52	15840	7175,13350,8245
1	52	17722	7175,13350,8245,15840
0	52	13122	7175,13350,8245,15840,17722
0	52	16790	7175,13350,8245,15840,17722
0	52	19404	7175,13350,8245,15840,17722
0	52	14660	7175,13350,8245,15840,17722
1	52	15336	7175,13350,8245,15840,17722
1	52	11843	7175,13350,8245,15840,17722,15336
1	52	13526	7175,13350,8245,15840,17722,15336,11843
0	52	11415	7175,13350,8245,15840,17722,15336,11843,13526
0	52	16329	7175,13350,8245,15840,17722,15336,11843,13526
1	52	21862	7175,13350,8245,15840,17722,15336,11843,13526
0	52	23586	7175,13350,8245,15840,17722,15336,11843,13526,21862
1	52	27942	7175,13350,8245,15840,17722,15336,11843,13526,21862
1	52	6712	7175,13350,8245,15840,17722,15336,11843,13526,21862,27942
1	52	26057	7175,13350,8245,15840,17722,15336,11843,13526,21862,27942,6712
1	52	26797	7175,13350,8245,15840,17722,15336,11843,13526,21862,27942,6712,26057
1	52	22893	7175,13350,8245,15840,17722,15336,11843,13526,21862,27942,6712,26057,26797
0	52	24616	7175,13350,8245,15840,17722,15336,11843,13526,21862,27942,6712,26057,26797,22893
1	52	32933	7175,13350,8245,15840,17722,15336,11843,13526,21862,27942,6712,26057,26797,22893
1	52	26058	7175,13350,8245,15840,17722,15336,11843,13526,21862,27942,6712,26057,26797,22893,32933
1	52	19448	7175,13350,8245,15840,17722,15336,11843,13526,21862,27942,6712,26057,26797,22893,32933,26058
1	52	25214	7175,13350,8245,15840,17722,15336,11843,13526,21862,27942,6712,26057,26797,22893,32933,26058,19448
