0	1522	1778	0
0	1522	5975	0
0	1522	4973	0
0	1522	8465	0
1	1522	9088	0
0	1522	8729	9088
0	1522	10781	9088
0	1522	3374	9088
0	1522	6663	9088
0	1522	8290	9088
1	1522	7077	9088
0	1522	5983	9088,7077
0	1522	9707	9088,7077
0	1522	5093	9088,7077
0	1522	9151	9088,7077
0	1522	16341	9088,7077
0	1522	3333	9088,7077
0	1522	3972	9088,7077
1	1522	15759	9088,7077
0	1522	11731	9088,7077,15759
1	1522	17387	9088,7077,15759
0	1522	18792	9088,7077,15759,17387
0	1522	18107	9088,7077,15759,17387
0	1522	20483	9088,7077,15759,17387
0	1522	20443	9088,7077,15759,17387
1	1522	21166	9088,7077,15759,17387
1	1522	28837	9088,7077,15759,17387,21166
0	1522	12254	9088,7077,15759,17387,21166,28837
0	1522	21773	9088,7077,15759,17387,21166,28837
1	1522	24365	9088,7077,15759,17387,21166,28837
1	1522	24666	9088,7077,15759,17387,21166,28837,24365
1	1522	28009	9088,7077,15759,17387,21166,28837,24365,24666
