1	610	4618	0
1	610	11190	4618
1	610	9281	4618,11190
0	610	2737	4618,11190,9281
0	610	5928	4618,11190,9281
1	610	4305	4618,11190,9281
0	610	31025	4618,11190,9281,4305
1	610	11498	4618,11190,9281,4305
0	610	16485	4618,11190,9281,4305,11498
1	610	31190	4618,11190,9281,4305,11498
0	610	15828	4618,11190,9281,4305,11498,31190
0	610	12892	4618,11190,9281,4305,11498,31190
1	610	11825	4618,11190,9281,4305,11498,31190
0	610	19657	4618,11190,9281,4305,11498,31190,11825
0	610	7355	4618,11190,9281,4305,11498,31190,11825
0	610	12161	4618,11190,9281,4305,11498,31190,11825
1	610	18275	4618,11190,9281,4305,11498,31190,11825
1	610	12649	4618,11190,9281,4305,11498,31190,11825,18275
1	610	2191	4618,11190,9281,4305,11498,31190,11825,18275,12649
0	610	14078	4618,11190,9281,4305,11498,31190,11825,18275,12649,2191
1	610	3058	4618,11190,9281,4305,11498,31190,11825,18275,12649,2191
1	610	6485	4618,11190,9281,4305,11498,31190,11825,18275,12649,2191,3058
0	610	8340	4618,11190,9281,4305,11498,31190,11825,18275,12649,2191,3058,6485
1	610	831	4618,11190,9281,4305,11498,31190,11825,18275,12649,2191,3058,6485
1	610	22735	4618,11190,9281,4305,11498,31190,11825,18275,12649,2191,3058,6485,831
1	610	20682	4618,11190,9281,4305,11498,31190,11825,18275,12649,2191,3058,6485,831,22735
1	610	10582	4618,11190,9281,4305,11498,31190,11825,18275,12649,2191,3058,6485,831,22735,20682
1	610	15926	4618,11190,9281,4305,11498,31190,11825,18275,12649,2191,3058,6485,831,22735,20682,10582
1	610	25324	4618,11190,9281,4305,11498,31190,11825,18275,12649,2191,3058,6485,831,22735,20682,10582,15926
1	610	23608	4618,11190,9281,4305,11498,31190,11825,18275,12649,2191,3058,6485,831,22735,20682,10582,15926,25324
0	610	10074	4618,11190,9281,4305,11498,31190,11825,18275,12649,2191,3058,6485,831,22735,20682,10582,15926,25324,23608
1	610	18379	4618,11190,9281,4305,11498,31190,11825,18275,12649,2191,3058,6485,831,22735,20682,10582,15926,25324,23608
0	610	116	4618,11190,9281,4305,11498,31190,11825,18275,12649,2191,3058,6485,831,22735,20682,10582,15926,25324,23608,18379
0	610	9647	4618,11190,9281,4305,11498,31190,11825,18275,12649,2191,3058,6485,831,22735,20682,10582,15926,25324,23608,18379
1	610	16506	4618,11190,9281,4305,11498,31190,11825,18275,12649,2191,3058,6485,831,22735,20682,10582,15926,25324,23608,18379
1	610	1964	4618,11190,9281,4305,11498,31190,11825,18275,12649,2191,3058,6485,831,22735,20682,10582,15926,25324,23608,18379,16506
1	610	19093	4618,11190,9281,4305,11498,31190,11825,18275,12649,2191,3058,6485,831,22735,20682,10582,15926,25324,23608,18379,16506,1964
1	610	20781	4618,11190,9281,4305,11498,31190,11825,18275,12649,2191,3058,6485,831,22735,20682,10582,15926,25324,23608,18379,16506,1964,19093
0	610	22676	4618,11190,9281,4305,11498,31190,11825,18275,12649,2191,3058,6485,831,22735,20682,10582,15926,25324,23608,18379,16506,1964,19093,20781
0	610	24279	4618,11190,9281,4305,11498,31190,11825,18275,12649,2191,3058,6485,831,22735,20682,10582,15926,25324,23608,18379,16506,1964,19093,20781
1	610	27571	4618,11190,9281,4305,11498,31190,11825,18275,12649,2191,3058,6485,831,22735,20682,10582,15926,25324,23608,18379,16506,1964,19093,20781
