0	522	32416	0
1	522	1039	0
1	522	6783	1039
0	522	2482	1039,6783
0	522	33057	1039,6783
1	522	1418	1039,6783
0	522	23439	1039,6783,1418
1	522	32117	1039,6783,1418
1	522	2414	1039,6783,1418,32117
1	522	5893	1039,6783,1418,32117,2414
0	522	6229	1039,6783,1418,32117,2414,5893
0	522	8941	1039,6783,1418,32117,2414,5893
0	522	10121	1039,6783,1418,32117,2414,5893
0	522	9895	1039,6783,1418,32117,2414,5893
0	522	16333	1039,6783,1418,32117,2414,5893
0	522	10557	1039,6783,1418,32117,2414,5893
1	522	11241	1039,6783,1418,32117,2414,5893
0	522	15138	1039,6783,1418,32117,2414,5893,11241
1	522	9705	1039,6783,1418,32117,2414,5893,11241
1	522	15620	1039,6783,1418,32117,2414,5893,11241,9705
0	522	19153	1039,6783,1418,32117,2414,5893,11241,9705,15620
0	522	20105	1039,6783,1418,32117,2414,5893,11241,9705,15620
0	522	11420	1039,6783,1418,32117,2414,5893,11241,9705,15620
1	522	19583	1039,6783,1418,32117,2414,5893,11241,9705,15620
1	522	19640	1039,6783,1418,32117,2414,5893,11241,9705,15620,19583
0	522	19513	1039,6783,1418,32117,2414,5893,11241,9705,15620,19583,19640
0	522	22068	1039,6783,1418,32117,2414,5893,11241,9705,15620,19583,19640
0	522	14976	1039,6783,1418,32117,2414,5893,11241,9705,15620,19583,19640
1	522	9401	1039,6783,1418,32117,2414,5893,11241,9705,15620,19583,19640
1	522	23491	1039,6783,1418,32117,2414,5893,11241,9705,15620,19583,19640,9401
1	522	25052	1039,6783,1418,32117,2414,5893,11241,9705,15620,19583,19640,9401,23491
1	522	23661	1039,6783,1418,32117,2414,5893,11241,9705,15620,19583,19640,9401,23491,25052
0	522	23389	1039,6783,1418,32117,2414,5893,11241,9705,15620,19583,19640,9401,23491,25052,23661
0	522	23768	1039,6783,1418,32117,2414,5893,11241,9705,15620,19583,19640,9401,23491,25052,23661
1	522	25890	1039,6783,1418,32117,2414,5893,11241,9705,15620,19583,19640,9401,23491,25052,23661
0	522	11544	1039,6783,1418,32117,2414,5893,11241,9705,15620,19583,19640,9401,23491,25052,23661,25890
1	522	29363	1039,6783,1418,32117,2414,5893,11241,9705,15620,19583,19640,9401,23491,25052,23661,25890
