1	871	11001	0
0	871	16019	11001
1	871	14947	11001
1	871	21379	11001,14947
1	871	10437	11001,14947,21379
0	871	33072	11001,14947,21379,10437
1	871	20933	11001,14947,21379,10437
1	871	20272	11001,14947,21379,10437,20933
0	871	17131	11001,14947,21379,10437,20933,20272
1	871	31804	11001,14947,21379,10437,20933,20272
0	871	3722	11001,14947,21379,10437,20933,20272,31804
1	871	12495	11001,14947,21379,10437,20933,20272,31804
1	871	4698	11001,14947,21379,10437,20933,20272,31804,12495
1	871	21926	11001,14947,21379,10437,20933,20272,31804,12495,4698
0	871	9824	11001,14947,21379,10437,20933,20272,31804,12495,4698,21926
1	871	11317	11001,14947,21379,10437,20933,20272,31804,12495,4698,21926
1	871	14562	11001,14947,21379,10437,20933,20272,31804,12495,4698,21926,11317
1	871	24707	11001,14947,21379,10437,20933,20272,31804,12495,4698,21926,11317,14562
1	871	16127	11001,14947,21379,10437,20933,20272,31804,12495,4698,21926,11317,14562,24707
1	871	970	11001,14947,21379,10437,20933,20272,31804,12495,4698,21926,11317,14562,24707,16127
0	871	7316	11001,14947,21379,10437,20933,20272,31804,12495,4698,21926,11317,14562,24707,16127,970
1	871	21974	11001,14947,21379,10437,20933,20272,31804,12495,4698,21926,11317,14562,24707,16127,970
1	871	4780	11001,14947,21379,10437,20933,20272,31804,12495,4698,21926,11317,14562,24707,16127,970,21974
1	871	18566	11001,14947,21379,10437,20933,20272,31804,12495,4698,21926,11317,14562,24707,16127,970,21974,4780
0	871	21449	11001,14947,21379,10437,20933,20272,31804,12495,4698,21926,11317,14562,24707,16127,970,21974,4780,18566
1	871	20122	11001,14947,21379,10437,20933,20272,31804,12495,4698,21926,11317,14562,24707,16127,970,21974,4780,18566
1	871	8480	11001,14947,21379,10437,20933,20272,31804,12495,4698,21926,11317,14562,24707,16127,970,21974,4780,18566,20122
1	871	9729	11001,14947,21379,10437,20933,20272,31804,12495,4698,21926,11317,14562,24707,16127,970,21974,4780,18566,20122,8480
1	871	11866	11001,14947,21379,10437,20933,20272,31804,12495,4698,21926,11317,14562,24707,16127,970,21974,4780,18566,20122,8480,9729
0	871	24945	11001,14947,21379,10437,20933,20272,31804,12495,4698,21926,11317,14562,24707,16127,970,21974,4780,18566,20122,8480,9729,11866
1	871	12541	11001,14947,21379,10437,20933,20272,31804,12495,4698,21926,11317,14562,24707,16127,970,21974,4780,18566,20122,8480,9729,11866
0	871	14078	11001,14947,21379,10437,20933,20272,31804,12495,4698,21926,11317,14562,24707,16127,970,21974,4780,18566,20122,8480,9729,11866,12541
1	871	24269	11001,14947,21379,10437,20933,20272,31804,12495,4698,21926,11317,14562,24707,16127,970,21974,4780,18566,20122,8480,9729,11866,12541
1	871	25297	11001,14947,21379,10437,20933,20272,31804,12495,4698,21926,11317,14562,24707,16127,970,21974,4780,18566,20122,8480,9729,11866,12541,24269
1	871	9564	11001,14947,21379,10437,20933,20272,31804,12495,4698,21926,11317,14562,24707,16127,970,21974,4780,18566,20122,8480,9729,11866,12541,24269,25297
1	871	10776	11001,14947,21379,10437,20933,20272,31804,12495,4698,21926,11317,14562,24707,16127,970,21974,4780,18566,20122,8480,9729,11866,12541,24269,25297,9564
0	871	22440	11001,14947,21379,10437,20933,20272,31804,12495,4698,21926,11317,14562,24707,16127,970,21974,4780,18566,20122,8480,9729,11866,12541,24269,25297,9564,10776
1	871	10154	11001,14947,21379,10437,20933,20272,31804,12495,4698,21926,11317,14562,24707,16127,970,21974,4780,18566,20122,8480,9729,11866,12541,24269,25297,9564,10776
