0	644	8429	0
0	644	30887	0
0	644	4	0
0	644	32660	0
0	644	1418	0
0	644	2642	0
1	644	6520	0
1	644	6583	6520
0	644	7716	6520,6583
1	644	12961	6520,6583
1	644	31940	6520,6583,12961
0	644	2954	6520,6583,12961,31940
1	644	17271	6520,6583,12961,31940
1	644	19783	6520,6583,12961,31940,17271
0	644	21181	6520,6583,12961,31940,17271,19783
0	644	17673	6520,6583,12961,31940,17271,19783
0	644	21573	6520,6583,12961,31940,17271,19783
0	644	1430	6520,6583,12961,31940,17271,19783
0	644	22320	6520,6583,12961,31940,17271,19783
0	644	23158	6520,6583,12961,31940,17271,19783
1	644	20191	6520,6583,12961,31940,17271,19783
1	644	17800	6520,6583,12961,31940,17271,19783,20191
0	644	19110	6520,6583,12961,31940,17271,19783,20191,17800
0	644	24535	6520,6583,12961,31940,17271,19783,20191,17800
0	644	14221	6520,6583,12961,31940,17271,19783,20191,17800
0	644	21039	6520,6583,12961,31940,17271,19783,20191,17800
0	644	11842	6520,6583,12961,31940,17271,19783,20191,17800
1	644	32966	6520,6583,12961,31940,17271,19783,20191,17800
1	644	8395	6520,6583,12961,31940,17271,19783,20191,17800,32966
0	644	23436	6520,6583,12961,31940,17271,19783,20191,17800,32966,8395
0	644	26115	6520,6583,12961,31940,17271,19783,20191,17800,32966,8395
0	644	20625	6520,6583,12961,31940,17271,19783,20191,17800,32966,8395
0	644	23780	6520,6583,12961,31940,17271,19783,20191,17800,32966,8395
0	644	21665	6520,6583,12961,31940,17271,19783,20191,17800,32966,8395
0	644	22006	6520,6583,12961,31940,17271,19783,20191,17800,32966,8395
0	644	24915	6520,6583,12961,31940,17271,19783,20191,17800,32966,8395
1	644	26036	6520,6583,12961,31940,17271,19783,20191,17800,32966,8395
0	644	13721	6520,6583,12961,31940,17271,19783,20191,17800,32966,8395,26036
0	644	915	6520,6583,12961,31940,17271,19783,20191,17800,32966,8395,26036
0	644	5913	6520,6583,12961,31940,17271,19783,20191,17800,32966,8395,26036
1	644	7581	6520,6583,12961,31940,17271,19783,20191,17800,32966,8395,26036
0	644	23768	6520,6583,12961,31940,17271,19783,20191,17800,32966,8395,26036,7581
1	644	26230	6520,6583,12961,31940,17271,19783,20191,17800,32966,8395,26036,7581
0	644	837	6520,6583,12961,31940,17271,19783,20191,17800,32966,8395,26036,7581,26230
1	644	24479	6520,6583,12961,31940,17271,19783,20191,17800,32966,8395,26036,7581,26230
1	644	28064	6520,6583,12961,31940,17271,19783,20191,17800,32966,8395,26036,7581,26230,24479
0	644	28768	6520,6583,12961,31940,17271,19783,20191,17800,32966,8395,26036,7581,26230,24479,28064
0	644	31960	6520,6583,12961,31940,17271,19783,20191,17800,32966,8395,26036,7581,26230,24479,28064
