1	1526	20674	0
1	1526	3220	20674
0	1526	4526	20674,3220
0	1526	4108	20674,3220
0	1526	11573	20674,3220
1	1526	29000	20674,3220
0	1526	11110	20674,3220,29000
0	1526	8922	20674,3220,29000
0	1526	1423	20674,3220,29000
0	1526	17784	20674,3220,29000
0	1526	18673	20674,3220,29000
0	1526	18031	20674,3220,29000
0	1526	19146	20674,3220,29000
1	1526	10197	20674,3220,29000
1	1526	32539	20674,3220,29000,10197
1	1526	18929	20674,3220,29000,10197,32539
1	1526	19041	20674,3220,29000,10197,32539,18929
0	1526	19915	20674,3220,29000,10197,32539,18929,19041
1	1526	21114	20674,3220,29000,10197,32539,18929,19041
1	1526	18805	20674,3220,29000,10197,32539,18929,19041,21114
0	1526	24458	20674,3220,29000,10197,32539,18929,19041,21114,18805
1	1526	15615	20674,3220,29000,10197,32539,18929,19041,21114,18805
0	1526	13252	20674,3220,29000,10197,32539,18929,19041,21114,18805,15615
1	1526	24915	20674,3220,29000,10197,32539,18929,19041,21114,18805,15615
0	1526	10639	20674,3220,29000,10197,32539,18929,19041,21114,18805,15615,24915
1	1526	9647	20674,3220,29000,10197,32539,18929,19041,21114,18805,15615,24915
0	1526	14697	20674,3220,29000,10197,32539,18929,19041,21114,18805,15615,24915,9647
0	1526	25817	20674,3220,29000,10197,32539,18929,19041,21114,18805,15615,24915,9647
1	1526	24632	20674,3220,29000,10197,32539,18929,19041,21114,18805,15615,24915,9647
1	1526	21578	20674,3220,29000,10197,32539,18929,19041,21114,18805,15615,24915,9647,24632
0	1526	22988	20674,3220,29000,10197,32539,18929,19041,21114,18805,15615,24915,9647,24632,21578
1	1526	24048	20674,3220,29000,10197,32539,18929,19041,21114,18805,15615,24915,9647,24632,21578
0	1526	27215	20674,3220,29000,10197,32539,18929,19041,21114,18805,15615,24915,9647,24632,21578,24048
0	1526	27750	20674,3220,29000,10197,32539,18929,19041,21114,18805,15615,24915,9647,24632,21578,24048
1	1526	28905	20674,3220,29000,10197,32539,18929,19041,21114,18805,15615,24915,9647,24632,21578,24048
