0	1673	8315	0
1	1673	3043	0
1	1673	5102	3043
1	1673	16979	3043,5102
1	1673	4780	3043,5102,16979
1	1673	15626	3043,5102,16979,4780
1	1673	2727	3043,5102,16979,4780,15626
1	1673	7679	3043,5102,16979,4780,15626,2727
1	1673	9192	3043,5102,16979,4780,15626,2727,7679
0	1673	11598	3043,5102,16979,4780,15626,2727,7679,9192
1	1673	11987	3043,5102,16979,4780,15626,2727,7679,9192
0	1673	15872	3043,5102,16979,4780,15626,2727,7679,9192,11987
1	1673	23143	3043,5102,16979,4780,15626,2727,7679,9192,11987
1	1673	6278	3043,5102,16979,4780,15626,2727,7679,9192,11987,23143
0	1673	13269	3043,5102,16979,4780,15626,2727,7679,9192,11987,23143,6278
1	1673	6092	3043,5102,16979,4780,15626,2727,7679,9192,11987,23143,6278
1	1673	11372	3043,5102,16979,4780,15626,2727,7679,9192,11987,23143,6278,6092
1	1673	11444	3043,5102,16979,4780,15626,2727,7679,9192,11987,23143,6278,6092,11372
1	1673	13443	3043,5102,16979,4780,15626,2727,7679,9192,11987,23143,6278,6092,11372,11444
1	1673	18328	3043,5102,16979,4780,15626,2727,7679,9192,11987,23143,6278,6092,11372,11444,13443
1	1673	22686	3043,5102,16979,4780,15626,2727,7679,9192,11987,23143,6278,6092,11372,11444,13443,18328
1	1673	22718	3043,5102,16979,4780,15626,2727,7679,9192,11987,23143,6278,6092,11372,11444,13443,18328,22686
1	1673	24282	3043,5102,16979,4780,15626,2727,7679,9192,11987,23143,6278,6092,11372,11444,13443,18328,22686,22718
1	1673	24710	3043,5102,16979,4780,15626,2727,7679,9192,11987,23143,6278,6092,11372,11444,13443,18328,22686,22718,24282
1	1673	27014	3043,5102,16979,4780,15626,2727,7679,9192,11987,23143,6278,6092,11372,11444,13443,18328,22686,22718,24282,24710
1	1673	27759	3043,5102,16979,4780,15626,2727,7679,9192,11987,23143,6278,6092,11372,11444,13443,18328,22686,22718,24282,24710,27014
1	1673	5374	3043,5102,16979,4780,15626,2727,7679,9192,11987,23143,6278,6092,11372,11444,13443,18328,22686,22718,24282,24710,27014,27759
1	1673	27178	3043,5102,16979,4780,15626,2727,7679,9192,11987,23143,6278,6092,11372,11444,13443,18328,22686,22718,24282,24710,27014,27759,5374
1	1673	28409	3043,5102,16979,4780,15626,2727,7679,9192,11987,23143,6278,6092,11372,11444,13443,18328,22686,22718,24282,24710,27014,27759,5374,27178
0	1673	14834	3043,5102,16979,4780,15626,2727,7679,9192,11987,23143,6278,6092,11372,11444,13443,18328,22686,22718,24282,24710,27014,27759,5374,27178,28409,16267,29815,30114,17645,21666,29348,9900,25988,11869
