0	1412	31675	0
1	1412	8374	0
1	1412	19591	8374
1	1412	244	8374,19591
0	1412	11583	8374,19591,244
0	1412	3818	8374,19591,244
0	1412	3865	8374,19591,244
1	1412	5911	8374,19591,244
0	1412	2248	8374,19591,244,5911
0	1412	3856	8374,19591,244,5911
0	1412	7317	8374,19591,244,5911
0	1412	9815	8374,19591,244,5911
0	1412	190	8374,19591,244,5911
0	1412	22633	8374,19591,244,5911
0	1412	26051	8374,19591,244,5911
0	1412	22955	8374,19591,244,5911
0	1412	18011	8374,19591,244,5911
0	1412	31405	8374,19591,244,5911
0	1412	14759	8374,19591,244,5911
0	1412	16199	8374,19591,244,5911
0	1412	32142	8374,19591,244,5911
0	1412	33029	8374,19591,244,5911
0	1412	23606	8374,19591,244,5911
0	1412	31453	8374,19591,244,5911
0	1412	540	8374,19591,244,5911
0	1412	20426	8374,19591,244,5911
0	1412	32565	8374,19591,244,5911
0	1412	775	8374,19591,244,5911
0	1412	1546	8374,19591,244,5911
0	1412	26059	8374,19591,244,5911
0	1412	327	8374,19591,244,5911
1	1412	32350	8374,19591,244,5911
0	1412	2849	8374,19591,244,5911,32350
0	1412	296	8374,19591,244,5911,32350
0	1412	4962	8374,19591,244,5911,32350
0	1412	1622	8374,19591,244,5911,32350
0	1412	3392	8374,19591,244,5911,32350
0	1412	3820	8374,19591,244,5911,32350
0	1412	5403	8374,19591,244,5911,32350
0	1412	7813	8374,19591,244,5911,32350
0	1412	3365	8374,19591,244,5911,32350
0	1412	14324	8374,19591,244,5911,32350
0	1412	9824	8374,19591,244,5911,32350
0	1412	18859	8374,19591,244,5911,32350
0	1412	18400	8374,19591,244,5911,32350
0	1412	25459	8374,19591,244,5911,32350
0	1412	21811	8374,19591,244,5911,32350
0	1412	27848	8374,19591,244,5911,32350
0	1412	5328	8374,19591,244,5911,32350
0	1412	16464	8374,19591,244,5911,32350
1	1412	7911	8374,19591,244,5911,32350
1	1412	22325	8374,19591,244,5911,32350,7911
0	1412	26332	8374,19591,244,5911,32350,7911,22325
0	1412	16702	8374,19591,244,5911,32350,7911,22325
