1	190	31112	0
1	190	31734	31112
1	190	533	31112,31734
1	190	335	31112,31734,533
1	190	342	31112,31734,533,335
1	190	28773	31112,31734,533,335,342
1	190	6556	31112,31734,533,335,342,28773
1	190	9886	31112,31734,533,335,342,28773,6556
1	190	1034	31112,31734,533,335,342,28773,6556,9886
1	190	2827	31112,31734,533,335,342,28773,6556,9886,1034
1	190	1023	31112,31734,533,335,342,28773,6556,9886,1034,2827
1	190	28320	31112,31734,533,335,342,28773,6556,9886,1034,2827,1023
1	190	99	31112,31734,533,335,342,28773,6556,9886,1034,2827,1023,28320
0	190	1317	31112,31734,533,335,342,28773,6556,9886,1034,2827,1023,28320,99
1	190	15641	31112,31734,533,335,342,28773,6556,9886,1034,2827,1023,28320,99
1	190	30713	31112,31734,533,335,342,28773,6556,9886,1034,2827,1023,28320,99,15641
1	190	31582	31112,31734,533,335,342,28773,6556,9886,1034,2827,1023,28320,99,15641,30713
1	190	32855	31112,31734,533,335,342,28773,6556,9886,1034,2827,1023,28320,99,15641,30713,31582
1	190	115	31112,31734,533,335,342,28773,6556,9886,1034,2827,1023,28320,99,15641,30713,31582,32855
1	190	1567	31112,31734,533,335,342,28773,6556,9886,1034,2827,1023,28320,99,15641,30713,31582,32855,115
1	190	13009	31112,31734,533,335,342,28773,6556,9886,1034,2827,1023,28320,99,15641,30713,31582,32855,115,1567
1	190	10342	31112,31734,533,335,342,28773,6556,9886,1034,2827,1023,28320,99,15641,30713,31582,32855,115,1567,13009
0	190	32707	31112,31734,533,335,342,28773,6556,9886,1034,2827,1023,28320,99,15641,30713,31582,32855,115,1567,13009,10342
1	190	32837	31112,31734,533,335,342,28773,6556,9886,1034,2827,1023,28320,99,15641,30713,31582,32855,115,1567,13009,10342
0	190	32845	31112,31734,533,335,342,28773,6556,9886,1034,2827,1023,28320,99,15641,30713,31582,32855,115,1567,13009,10342,32837
1	190	32173	31112,31734,533,335,342,28773,6556,9886,1034,2827,1023,28320,99,15641,30713,31582,32855,115,1567,13009,10342,32837
1	190	4899	31112,31734,533,335,342,28773,6556,9886,1034,2827,1023,28320,99,15641,30713,31582,32855,115,1567,13009,10342,32837,32173
1	190	8498	31112,31734,533,335,342,28773,6556,9886,1034,2827,1023,28320,99,15641,30713,31582,32855,115,1567,13009,10342,32837,32173,4899
0	190	9841	31112,31734,533,335,342,28773,6556,9886,1034,2827,1023,28320,99,15641,30713,31582,32855,115,1567,13009,10342,32837,32173,4899,8498
1	190	12590	31112,31734,533,335,342,28773,6556,9886,1034,2827,1023,28320,99,15641,30713,31582,32855,115,1567,13009,10342,32837,32173,4899,8498
1	190	32039	31112,31734,533,335,342,28773,6556,9886,1034,2827,1023,28320,99,15641,30713,31582,32855,115,1567,13009,10342,32837,32173,4899,8498,12590
1	190	1303	31112,31734,533,335,342,28773,6556,9886,1034,2827,1023,28320,99,15641,30713,31582,32855,115,1567,13009,10342,32837,32173,4899,8498,12590,32039
1	190	2176	31112,31734,533,335,342,28773,6556,9886,1034,2827,1023,28320,99,15641,30713,31582,32855,115,1567,13009,10342,32837,32173,4899,8498,12590,32039,1303
1	190	2237	31112,31734,533,335,342,28773,6556,9886,1034,2827,1023,28320,99,15641,30713,31582,32855,115,1567,13009,10342,32837,32173,4899,8498,12590,32039,1303,2176
1	190	3033	31112,31734,533,335,342,28773,6556,9886,1034,2827,1023,28320,99,15641,30713,31582,32855,115,1567,13009,10342,32837,32173,4899,8498,12590,32039,1303,2176,2237
1	190	260	31112,31734,533,335,342,28773,6556,9886,1034,2827,1023,28320,99,15641,30713,31582,32855,115,1567,13009,10342,32837,32173,4899,8498,12590,32039,1303,2176,2237,3033
1	190	10085	31112,31734,533,335,342,28773,6556,9886,1034,2827,1023,28320,99,15641,30713,31582,32855,115,1567,13009,10342,32837,32173,4899,8498,12590,32039,1303,2176,2237,3033,260
1	190	10364	31112,31734,533,335,342,28773,6556,9886,1034,2827,1023,28320,99,15641,30713,31582,32855,115,1567,13009,10342,32837,32173,4899,8498,12590,32039,1303,2176,2237,3033,260,10085
1	190	12212	31112,31734,533,335,342,28773,6556,9886,1034,2827,1023,28320,99,15641,30713,31582,32855,115,1567,13009,10342,32837,32173,4899,8498,12590,32039,1303,2176,2237,3033,260,10085,10364
0	190	582	31112,31734,533,335,342,28773,6556,9886,1034,2827,1023,28320,99,15641,30713,31582,32855,115,1567,13009,10342,32837,32173,4899,8498,12590,32039,1303,2176,2237,3033,260,10085,10364,12212
1	190	2698	31112,31734,533,335,342,28773,6556,9886,1034,2827,1023,28320,99,15641,30713,31582,32855,115,1567,13009,10342,32837,32173,4899,8498,12590,32039,1303,2176,2237,3033,260,10085,10364,12212
1	190	2877	31112,31734,533,335,342,28773,6556,9886,1034,2827,1023,28320,99,15641,30713,31582,32855,115,1567,13009,10342,32837,32173,4899,8498,12590,32039,1303,2176,2237,3033,260,10085,10364,12212,2698
1	190	3455	31112,31734,533,335,342,28773,6556,9886,1034,2827,1023,28320,99,15641,30713,31582,32855,115,1567,13009,10342,32837,32173,4899,8498,12590,32039,1303,2176,2237,3033,260,10085,10364,12212,2698,2877
1	190	31560	31112,31734,533,335,342,28773,6556,9886,1034,2827,1023,28320,99,15641,30713,31582,32855,115,1567,13009,10342,32837,32173,4899,8498,12590,32039,1303,2176,2237,3033,260,10085,10364,12212,2698,2877,3455
1	190	15906	31112,31734,533,335,342,28773,6556,9886,1034,2827,1023,28320,99,15641,30713,31582,32855,115,1567,13009,10342,32837,32173,4899,8498,12590,32039,1303,2176,2237,3033,260,10085,10364,12212,2698,2877,3455,31560
1	190	21427	31112,31734,533,335,342,28773,6556,9886,1034,2827,1023,28320,99,15641,30713,31582,32855,115,1567,13009,10342,32837,32173,4899,8498,12590,32039,1303,2176,2237,3033,260,10085,10364,12212,2698,2877,3455,31560,15906
1	190	2183	31112,31734,533,335,342,28773,6556,9886,1034,2827,1023,28320,99,15641,30713,31582,32855,115,1567,13009,10342,32837,32173,4899,8498,12590,32039,1303,2176,2237,3033,260,10085,10364,12212,2698,2877,3455,31560,15906,21427
0	190	33076	31112,31734,533,335,342,28773,6556,9886,1034,2827,1023,28320,99,15641,30713,31582,32855,115,1567,13009,10342,32837,32173,4899,8498,12590,32039,1303,2176,2237,3033,260,10085,10364,12212,2698,2877,3455,31560,15906,21427,2183
1	190	30790	31112,31734,533,335,342,28773,6556,9886,1034,2827,1023,28320,99,15641,30713,31582,32855,115,1567,13009,10342,32837,32173,4899,8498,12590,32039,1303,2176,2237,3033,260,10085,10364,12212,2698,2877,3455,31560,15906,21427,2183
1	190	1807	31112,31734,533,335,342,28773,6556,9886,1034,2827,1023,28320,99,15641,30713,31582,32855,115,1567,13009,10342,32837,32173,4899,8498,12590,32039,1303,2176,2237,3033,260,10085,10364,12212,2698,2877,3455,31560,15906,21427,2183,30790
0	190	3328	31112,31734,533,335,342,28773,6556,9886,1034,2827,1023,28320,99,15641,30713,31582,32855,115,1567,13009,10342,32837,32173,4899,8498,12590,32039,1303,2176,2237,3033,260,10085,10364,12212,2698,2877,3455,31560,15906,21427,2183,30790,1807
1	190	4016	31112,31734,533,335,342,28773,6556,9886,1034,2827,1023,28320,99,15641,30713,31582,32855,115,1567,13009,10342,32837,32173,4899,8498,12590,32039,1303,2176,2237,3033,260,10085,10364,12212,2698,2877,3455,31560,15906,21427,2183,30790,1807
1	190	5468	31112,31734,533,335,342,28773,6556,9886,1034,2827,1023,28320,99,15641,30713,31582,32855,115,1567,13009,10342,32837,32173,4899,8498,12590,32039,1303,2176,2237,3033,260,10085,10364,12212,2698,2877,3455,31560,15906,21427,2183,30790,1807,4016
1	190	5951	31112,31734,533,335,342,28773,6556,9886,1034,2827,1023,28320,99,15641,30713,31582,32855,115,1567,13009,10342,32837,32173,4899,8498,12590,32039,1303,2176,2237,3033,260,10085,10364,12212,2698,2877,3455,31560,15906,21427,2183,30790,1807,4016,5468
0	190	278	31112,31734,533,335,342,28773,6556,9886,1034,2827,1023,28320,99,15641,30713,31582,32855,115,1567,13009,10342,32837,32173,4899,8498,12590,32039,1303,2176,2237,3033,260,10085,10364,12212,2698,2877,3455,31560,15906,21427,2183,30790,1807,4016,5468,5951
1	190	30683	31112,31734,533,335,342,28773,6556,9886,1034,2827,1023,28320,99,15641,30713,31582,32855,115,1567,13009,10342,32837,32173,4899,8498,12590,32039,1303,2176,2237,3033,260,10085,10364,12212,2698,2877,3455,31560,15906,21427,2183,30790,1807,4016,5468,5951
1	190	6443	31112,31734,533,335,342,28773,6556,9886,1034,2827,1023,28320,99,15641,30713,31582,32855,115,1567,13009,10342,32837,32173,4899,8498,12590,32039,1303,2176,2237,3033,260,10085,10364,12212,2698,2877,3455,31560,15906,21427,2183,30790,1807,4016,5468,5951,30683
1	190	5255	31112,31734,533,335,342,28773,6556,9886,1034,2827,1023,28320,99,15641,30713,31582,32855,115,1567,13009,10342,32837,32173,4899,8498,12590,32039,1303,2176,2237,3033,260,10085,10364,12212,2698,2877,3455,31560,15906,21427,2183,30790,1807,4016,5468,5951,30683,6443
1	190	8633	31112,31734,533,335,342,28773,6556,9886,1034,2827,1023,28320,99,15641,30713,31582,32855,115,1567,13009,10342,32837,32173,4899,8498,12590,32039,1303,2176,2237,3033,260,10085,10364,12212,2698,2877,3455,31560,15906,21427,2183,30790,1807,4016,5468,5951,30683,6443,5255
1	190	5016	31112,31734,533,335,342,28773,6556,9886,1034,2827,1023,28320,99,15641,30713,31582,32855,115,1567,13009,10342,32837,32173,4899,8498,12590,32039,1303,2176,2237,3033,260,10085,10364,12212,2698,2877,3455,31560,15906,21427,2183,30790,1807,4016,5468,5951,30683,6443,5255,8633
1	190	7834	31112,31734,533,335,342,28773,6556,9886,1034,2827,1023,28320,99,15641,30713,31582,32855,115,1567,13009,10342,32837,32173,4899,8498,12590,32039,1303,2176,2237,3033,260,10085,10364,12212,2698,2877,3455,31560,15906,21427,2183,30790,1807,4016,5468,5951,30683,6443,5255,8633,5016
1	190	8379	31112,31734,533,335,342,28773,6556,9886,1034,2827,1023,28320,99,15641,30713,31582,32855,115,1567,13009,10342,32837,32173,4899,8498,12590,32039,1303,2176,2237,3033,260,10085,10364,12212,2698,2877,3455,31560,15906,21427,2183,30790,1807,4016,5468,5951,30683,6443,5255,8633,5016,7834
1	190	3852	31112,31734,533,335,342,28773,6556,9886,1034,2827,1023,28320,99,15641,30713,31582,32855,115,1567,13009,10342,32837,32173,4899,8498,12590,32039,1303,2176,2237,3033,260,10085,10364,12212,2698,2877,3455,31560,15906,21427,2183,30790,1807,4016,5468,5951,30683,6443,5255,8633,5016,7834,8379
0	190	4864	31112,31734,533,335,342,28773,6556,9886,1034,2827,1023,28320,99,15641,30713,31582,32855,115,1567,13009,10342,32837,32173,4899,8498,12590,32039,1303,2176,2237,3033,260,10085,10364,12212,2698,2877,3455,31560,15906,21427,2183,30790,1807,4016,5468,5951,30683,6443,5255,8633,5016,7834,8379,3852
1	190	20421	31112,31734,533,335,342,28773,6556,9886,1034,2827,1023,28320,99,15641,30713,31582,32855,115,1567,13009,10342,32837,32173,4899,8498,12590,32039,1303,2176,2237,3033,260,10085,10364,12212,2698,2877,3455,31560,15906,21427,2183,30790,1807,4016,5468,5951,30683,6443,5255,8633,5016,7834,8379,3852
0	190	4668	31112,31734,533,335,342,28773,6556,9886,1034,2827,1023,28320,99,15641,30713,31582,32855,115,1567,13009,10342,32837,32173,4899,8498,12590,32039,1303,2176,2237,3033,260,10085,10364,12212,2698,2877,3455,31560,15906,21427,2183,30790,1807,4016,5468,5951,30683,6443,5255,8633,5016,7834,8379,3852,20421
0	190	7319	31112,31734,533,335,342,28773,6556,9886,1034,2827,1023,28320,99,15641,30713,31582,32855,115,1567,13009,10342,32837,32173,4899,8498,12590,32039,1303,2176,2237,3033,260,10085,10364,12212,2698,2877,3455,31560,15906,21427,2183,30790,1807,4016,5468,5951,30683,6443,5255,8633,5016,7834,8379,3852,20421
1	190	10631	31112,31734,533,335,342,28773,6556,9886,1034,2827,1023,28320,99,15641,30713,31582,32855,115,1567,13009,10342,32837,32173,4899,8498,12590,32039,1303,2176,2237,3033,260,10085,10364,12212,2698,2877,3455,31560,15906,21427,2183,30790,1807,4016,5468,5951,30683,6443,5255,8633,5016,7834,8379,3852,20421
0	190	7605	31112,31734,533,335,342,28773,6556,9886,1034,2827,1023,28320,99,15641,30713,31582,32855,115,1567,13009,10342,32837,32173,4899,8498,12590,32039,1303,2176,2237,3033,260,10085,10364,12212,2698,2877,3455,31560,15906,21427,2183,30790,1807,4016,5468,5951,30683,6443,5255,8633,5016,7834,8379,3852,20421,10631
1	190	15514	31112,31734,533,335,342,28773,6556,9886,1034,2827,1023,28320,99,15641,30713,31582,32855,115,1567,13009,10342,32837,32173,4899,8498,12590,32039,1303,2176,2237,3033,260,10085,10364,12212,2698,2877,3455,31560,15906,21427,2183,30790,1807,4016,5468,5951,30683,6443,5255,8633,5016,7834,8379,3852,20421,10631
0	190	9360	31112,31734,533,335,342,28773,6556,9886,1034,2827,1023,28320,99,15641,30713,31582,32855,115,1567,13009,10342,32837,32173,4899,8498,12590,32039,1303,2176,2237,3033,260,10085,10364,12212,2698,2877,3455,31560,15906,21427,2183,30790,1807,4016,5468,5951,30683,6443,5255,8633,5016,7834,8379,3852,20421,10631,15514
1	190	2189	31112,31734,533,335,342,28773,6556,9886,1034,2827,1023,28320,99,15641,30713,31582,32855,115,1567,13009,10342,32837,32173,4899,8498,12590,32039,1303,2176,2237,3033,260,10085,10364,12212,2698,2877,3455,31560,15906,21427,2183,30790,1807,4016,5468,5951,30683,6443,5255,8633,5016,7834,8379,3852,20421,10631,15514
1	190	7404	31112,31734,533,335,342,28773,6556,9886,1034,2827,1023,28320,99,15641,30713,31582,32855,115,1567,13009,10342,32837,32173,4899,8498,12590,32039,1303,2176,2237,3033,260,10085,10364,12212,2698,2877,3455,31560,15906,21427,2183,30790,1807,4016,5468,5951,30683,6443,5255,8633,5016,7834,8379,3852,20421,10631,15514,2189
1	190	7397	31112,31734,533,335,342,28773,6556,9886,1034,2827,1023,28320,99,15641,30713,31582,32855,115,1567,13009,10342,32837,32173,4899,8498,12590,32039,1303,2176,2237,3033,260,10085,10364,12212,2698,2877,3455,31560,15906,21427,2183,30790,1807,4016,5468,5951,30683,6443,5255,8633,5016,7834,8379,3852,20421,10631,15514,2189,7404
1	190	9777	31112,31734,533,335,342,28773,6556,9886,1034,2827,1023,28320,99,15641,30713,31582,32855,115,1567,13009,10342,32837,32173,4899,8498,12590,32039,1303,2176,2237,3033,260,10085,10364,12212,2698,2877,3455,31560,15906,21427,2183,30790,1807,4016,5468,5951,30683,6443,5255,8633,5016,7834,8379,3852,20421,10631,15514,2189,7404,7397
1	190	2283	31112,31734,533,335,342,28773,6556,9886,1034,2827,1023,28320,99,15641,30713,31582,32855,115,1567,13009,10342,32837,32173,4899,8498,12590,32039,1303,2176,2237,3033,260,10085,10364,12212,2698,2877,3455,31560,15906,21427,2183,30790,1807,4016,5468,5951,30683,6443,5255,8633,5016,7834,8379,3852,20421,10631,15514,2189,7404,7397,9777
1	190	5490	31112,31734,533,335,342,28773,6556,9886,1034,2827,1023,28320,99,15641,30713,31582,32855,115,1567,13009,10342,32837,32173,4899,8498,12590,32039,1303,2176,2237,3033,260,10085,10364,12212,2698,2877,3455,31560,15906,21427,2183,30790,1807,4016,5468,5951,30683,6443,5255,8633,5016,7834,8379,3852,20421,10631,15514,2189,7404,7397,9777,2283
0	190	31122	31112,31734,533,335,342,28773,6556,9886,1034,2827,1023,28320,99,15641,30713,31582,32855,115,1567,13009,10342,32837,32173,4899,8498,12590,32039,1303,2176,2237,3033,260,10085,10364,12212,2698,2877,3455,31560,15906,21427,2183,30790,1807,4016,5468,5951,30683,6443,5255,8633,5016,7834,8379,3852,20421,10631,15514,2189,7404,7397,9777,2283,5490
1	190	4663	31112,31734,533,335,342,28773,6556,9886,1034,2827,1023,28320,99,15641,30713,31582,32855,115,1567,13009,10342,32837,32173,4899,8498,12590,32039,1303,2176,2237,3033,260,10085,10364,12212,2698,2877,3455,31560,15906,21427,2183,30790,1807,4016,5468,5951,30683,6443,5255,8633,5016,7834,8379,3852,20421,10631,15514,2189,7404,7397,9777,2283,5490
1	190	32098	31112,31734,533,335,342,28773,6556,9886,1034,2827,1023,28320,99,15641,30713,31582,32855,115,1567,13009,10342,32837,32173,4899,8498,12590,32039,1303,2176,2237,3033,260,10085,10364,12212,2698,2877,3455,31560,15906,21427,2183,30790,1807,4016,5468,5951,30683,6443,5255,8633,5016,7834,8379,3852,20421,10631,15514,2189,7404,7397,9777,2283,5490,4663
1	190	10853	31112,31734,533,335,342,28773,6556,9886,1034,2827,1023,28320,99,15641,30713,31582,32855,115,1567,13009,10342,32837,32173,4899,8498,12590,32039,1303,2176,2237,3033,260,10085,10364,12212,2698,2877,3455,31560,15906,21427,2183,30790,1807,4016,5468,5951,30683,6443,5255,8633,5016,7834,8379,3852,20421,10631,15514,2189,7404,7397,9777,2283,5490,4663,32098
1	190	13157	31112,31734,533,335,342,28773,6556,9886,1034,2827,1023,28320,99,15641,30713,31582,32855,115,1567,13009,10342,32837,32173,4899,8498,12590,32039,1303,2176,2237,3033,260,10085,10364,12212,2698,2877,3455,31560,15906,21427,2183,30790,1807,4016,5468,5951,30683,6443,5255,8633,5016,7834,8379,3852,20421,10631,15514,2189,7404,7397,9777,2283,5490,4663,32098,10853
1	190	123	31112,31734,533,335,342,28773,6556,9886,1034,2827,1023,28320,99,15641,30713,31582,32855,115,1567,13009,10342,32837,32173,4899,8498,12590,32039,1303,2176,2237,3033,260,10085,10364,12212,2698,2877,3455,31560,15906,21427,2183,30790,1807,4016,5468,5951,30683,6443,5255,8633,5016,7834,8379,3852,20421,10631,15514,2189,7404,7397,9777,2283,5490,4663,32098,10853,13157
0	190	5699	31112,31734,533,335,342,28773,6556,9886,1034,2827,1023,28320,99,15641,30713,31582,32855,115,1567,13009,10342,32837,32173,4899,8498,12590,32039,1303,2176,2237,3033,260,10085,10364,12212,2698,2877,3455,31560,15906,21427,2183,30790,1807,4016,5468,5951,30683,6443,5255,8633,5016,7834,8379,3852,20421,10631,15514,2189,7404,7397,9777,2283,5490,4663,32098,10853,13157,123
1	190	5897	31112,31734,533,335,342,28773,6556,9886,1034,2827,1023,28320,99,15641,30713,31582,32855,115,1567,13009,10342,32837,32173,4899,8498,12590,32039,1303,2176,2237,3033,260,10085,10364,12212,2698,2877,3455,31560,15906,21427,2183,30790,1807,4016,5468,5951,30683,6443,5255,8633,5016,7834,8379,3852,20421,10631,15514,2189,7404,7397,9777,2283,5490,4663,32098,10853,13157,123
1	190	32862	31112,31734,533,335,342,28773,6556,9886,1034,2827,1023,28320,99,15641,30713,31582,32855,115,1567,13009,10342,32837,32173,4899,8498,12590,32039,1303,2176,2237,3033,260,10085,10364,12212,2698,2877,3455,31560,15906,21427,2183,30790,1807,4016,5468,5951,30683,6443,5255,8633,5016,7834,8379,3852,20421,10631,15514,2189,7404,7397,9777,2283,5490,4663,32098,10853,13157,123,5897
0	190	32123	31112,31734,533,335,342,28773,6556,9886,1034,2827,1023,28320,99,15641,30713,31582,32855,115,1567,13009,10342,32837,32173,4899,8498,12590,32039,1303,2176,2237,3033,260,10085,10364,12212,2698,2877,3455,31560,15906,21427,2183,30790,1807,4016,5468,5951,30683,6443,5255,8633,5016,7834,8379,3852,20421,10631,15514,2189,7404,7397,9777,2283,5490,4663,32098,10853,13157,123,5897,32862
0	190	5253	31112,31734,533,335,342,28773,6556,9886,1034,2827,1023,28320,99,15641,30713,31582,32855,115,1567,13009,10342,32837,32173,4899,8498,12590,32039,1303,2176,2237,3033,260,10085,10364,12212,2698,2877,3455,31560,15906,21427,2183,30790,1807,4016,5468,5951,30683,6443,5255,8633,5016,7834,8379,3852,20421,10631,15514,2189,7404,7397,9777,2283,5490,4663,32098,10853,13157,123,5897,32862
1	190	4802	31112,31734,533,335,342,28773,6556,9886,1034,2827,1023,28320,99,15641,30713,31582,32855,115,1567,13009,10342,32837,32173,4899,8498,12590,32039,1303,2176,2237,3033,260,10085,10364,12212,2698,2877,3455,31560,15906,21427,2183,30790,1807,4016,5468,5951,30683,6443,5255,8633,5016,7834,8379,3852,20421,10631,15514,2189,7404,7397,9777,2283,5490,4663,32098,10853,13157,123,5897,32862
0	190	5223	31112,31734,533,335,342,28773,6556,9886,1034,2827,1023,28320,99,15641,30713,31582,32855,115,1567,13009,10342,32837,32173,4899,8498,12590,32039,1303,2176,2237,3033,260,10085,10364,12212,2698,2877,3455,31560,15906,21427,2183,30790,1807,4016,5468,5951,30683,6443,5255,8633,5016,7834,8379,3852,20421,10631,15514,2189,7404,7397,9777,2283,5490,4663,32098,10853,13157,123,5897,32862,4802
