1	144	15052	0
1	144	12565	15052
1	144	7613	15052,12565
1	144	13828	15052,12565,7613
1	144	26677	15052,12565,7613,13828
1	144	5229	15052,12565,7613,13828,26677
1	144	9588	15052,12565,7613,13828,26677,5229
1	144	13485	15052,12565,7613,13828,26677,5229,9588
1	144	1078	15052,12565,7613,13828,26677,5229,9588,13485
1	144	4230	15052,12565,7613,13828,26677,5229,9588,13485,1078
1	144	2802	15052,12565,7613,13828,26677,5229,9588,13485,1078,4230
0	144	5021	15052,12565,7613,13828,26677,5229,9588,13485,1078,4230,2802
0	144	8450	15052,12565,7613,13828,26677,5229,9588,13485,1078,4230,2802
1	144	6894	15052,12565,7613,13828,26677,5229,9588,13485,1078,4230,2802
1	144	7983	15052,12565,7613,13828,26677,5229,9588,13485,1078,4230,2802,6894
1	144	5661	15052,12565,7613,13828,26677,5229,9588,13485,1078,4230,2802,6894,7983
1	144	7111	15052,12565,7613,13828,26677,5229,9588,13485,1078,4230,2802,6894,7983,5661
1	144	12623	15052,12565,7613,13828,26677,5229,9588,13485,1078,4230,2802,6894,7983,5661,7111
1	144	18125	15052,12565,7613,13828,26677,5229,9588,13485,1078,4230,2802,6894,7983,5661,7111,12623
0	144	6827	15052,12565,7613,13828,26677,5229,9588,13485,1078,4230,2802,6894,7983,5661,7111,12623,18125
0	144	18843	15052,12565,7613,13828,26677,5229,9588,13485,1078,4230,2802,6894,7983,5661,7111,12623,18125
0	144	5170	15052,12565,7613,13828,26677,5229,9588,13485,1078,4230,2802,6894,7983,5661,7111,12623,18125
0	144	22457	15052,12565,7613,13828,26677,5229,9588,13485,1078,4230,2802,6894,7983,5661,7111,12623,18125
1	144	20808	15052,12565,7613,13828,26677,5229,9588,13485,1078,4230,2802,6894,7983,5661,7111,12623,18125
0	144	8338	15052,12565,7613,13828,26677,5229,9588,13485,1078,4230,2802,6894,7983,5661,7111,12623,18125,20808
1	144	9623	15052,12565,7613,13828,26677,5229,9588,13485,1078,4230,2802,6894,7983,5661,7111,12623,18125,20808
1	144	11944	15052,12565,7613,13828,26677,5229,9588,13485,1078,4230,2802,6894,7983,5661,7111,12623,18125,20808,9623
1	144	10868	15052,12565,7613,13828,26677,5229,9588,13485,1078,4230,2802,6894,7983,5661,7111,12623,18125,20808,9623,11944
1	144	20145	15052,12565,7613,13828,26677,5229,9588,13485,1078,4230,2802,6894,7983,5661,7111,12623,18125,20808,9623,11944,10868
1	144	30893	15052,12565,7613,13828,26677,5229,9588,13485,1078,4230,2802,6894,7983,5661,7111,12623,18125,20808,9623,11944,10868,20145
1	144	8357	15052,12565,7613,13828,26677,5229,9588,13485,1078,4230,2802,6894,7983,5661,7111,12623,18125,20808,9623,11944,10868,20145,30893
1	144	7686	15052,12565,7613,13828,26677,5229,9588,13485,1078,4230,2802,6894,7983,5661,7111,12623,18125,20808,9623,11944,10868,20145,30893,8357
1	144	6187	15052,12565,7613,13828,26677,5229,9588,13485,1078,4230,2802,6894,7983,5661,7111,12623,18125,20808,9623,11944,10868,20145,30893,8357,7686
1	144	13217	15052,12565,7613,13828,26677,5229,9588,13485,1078,4230,2802,6894,7983,5661,7111,12623,18125,20808,9623,11944,10868,20145,30893,8357,7686,6187
1	144	8794	15052,12565,7613,13828,26677,5229,9588,13485,1078,4230,2802,6894,7983,5661,7111,12623,18125,20808,9623,11944,10868,20145,30893,8357,7686,6187,13217
1	144	14595	15052,12565,7613,13828,26677,5229,9588,13485,1078,4230,2802,6894,7983,5661,7111,12623,18125,20808,9623,11944,10868,20145,30893,8357,7686,6187,13217,8794
1	144	16985	15052,12565,7613,13828,26677,5229,9588,13485,1078,4230,2802,6894,7983,5661,7111,12623,18125,20808,9623,11944,10868,20145,30893,8357,7686,6187,13217,8794,14595
1	144	889	15052,12565,7613,13828,26677,5229,9588,13485,1078,4230,2802,6894,7983,5661,7111,12623,18125,20808,9623,11944,10868,20145,30893,8357,7686,6187,13217,8794,14595,16985
1	144	17419	15052,12565,7613,13828,26677,5229,9588,13485,1078,4230,2802,6894,7983,5661,7111,12623,18125,20808,9623,11944,10868,20145,30893,8357,7686,6187,13217,8794,14595,16985,889
1	144	21847	15052,12565,7613,13828,26677,5229,9588,13485,1078,4230,2802,6894,7983,5661,7111,12623,18125,20808,9623,11944,10868,20145,30893,8357,7686,6187,13217,8794,14595,16985,889,17419
1	144	9968	15052,12565,7613,13828,26677,5229,9588,13485,1078,4230,2802,6894,7983,5661,7111,12623,18125,20808,9623,11944,10868,20145,30893,8357,7686,6187,13217,8794,14595,16985,889,17419,21847
1	144	11237	15052,12565,7613,13828,26677,5229,9588,13485,1078,4230,2802,6894,7983,5661,7111,12623,18125,20808,9623,11944,10868,20145,30893,8357,7686,6187,13217,8794,14595,16985,889,17419,21847,9968
1	144	18586	15052,12565,7613,13828,26677,5229,9588,13485,1078,4230,2802,6894,7983,5661,7111,12623,18125,20808,9623,11944,10868,20145,30893,8357,7686,6187,13217,8794,14595,16985,889,17419,21847,9968,11237
1	144	20959	15052,12565,7613,13828,26677,5229,9588,13485,1078,4230,2802,6894,7983,5661,7111,12623,18125,20808,9623,11944,10868,20145,30893,8357,7686,6187,13217,8794,14595,16985,889,17419,21847,9968,11237,18586
1	144	22885	15052,12565,7613,13828,26677,5229,9588,13485,1078,4230,2802,6894,7983,5661,7111,12623,18125,20808,9623,11944,10868,20145,30893,8357,7686,6187,13217,8794,14595,16985,889,17419,21847,9968,11237,18586,20959
1	144	23929	15052,12565,7613,13828,26677,5229,9588,13485,1078,4230,2802,6894,7983,5661,7111,12623,18125,20808,9623,11944,10868,20145,30893,8357,7686,6187,13217,8794,14595,16985,889,17419,21847,9968,11237,18586,20959,22885
1	144	21504	15052,12565,7613,13828,26677,5229,9588,13485,1078,4230,2802,6894,7983,5661,7111,12623,18125,20808,9623,11944,10868,20145,30893,8357,7686,6187,13217,8794,14595,16985,889,17419,21847,9968,11237,18586,20959,22885,23929
1	144	18349	15052,12565,7613,13828,26677,5229,9588,13485,1078,4230,2802,6894,7983,5661,7111,12623,18125,20808,9623,11944,10868,20145,30893,8357,7686,6187,13217,8794,14595,16985,889,17419,21847,9968,11237,18586,20959,22885,23929,21504
1	144	1440	15052,12565,7613,13828,26677,5229,9588,13485,1078,4230,2802,6894,7983,5661,7111,12623,18125,20808,9623,11944,10868,20145,30893,8357,7686,6187,13217,8794,14595,16985,889,17419,21847,9968,11237,18586,20959,22885,23929,21504,18349
1	144	6278	15052,12565,7613,13828,26677,5229,9588,13485,1078,4230,2802,6894,7983,5661,7111,12623,18125,20808,9623,11944,10868,20145,30893,8357,7686,6187,13217,8794,14595,16985,889,17419,21847,9968,11237,18586,20959,22885,23929,21504,18349,1440
1	144	13437	15052,12565,7613,13828,26677,5229,9588,13485,1078,4230,2802,6894,7983,5661,7111,12623,18125,20808,9623,11944,10868,20145,30893,8357,7686,6187,13217,8794,14595,16985,889,17419,21847,9968,11237,18586,20959,22885,23929,21504,18349,1440,6278
1	144	23783	15052,12565,7613,13828,26677,5229,9588,13485,1078,4230,2802,6894,7983,5661,7111,12623,18125,20808,9623,11944,10868,20145,30893,8357,7686,6187,13217,8794,14595,16985,889,17419,21847,9968,11237,18586,20959,22885,23929,21504,18349,1440,6278,13437
1	144	17619	15052,12565,7613,13828,26677,5229,9588,13485,1078,4230,2802,6894,7983,5661,7111,12623,18125,20808,9623,11944,10868,20145,30893,8357,7686,6187,13217,8794,14595,16985,889,17419,21847,9968,11237,18586,20959,22885,23929,21504,18349,1440,6278,13437,23783
1	144	4198	15052,12565,7613,13828,26677,5229,9588,13485,1078,4230,2802,6894,7983,5661,7111,12623,18125,20808,9623,11944,10868,20145,30893,8357,7686,6187,13217,8794,14595,16985,889,17419,21847,9968,11237,18586,20959,22885,23929,21504,18349,1440,6278,13437,23783,17619
1	144	11987	15052,12565,7613,13828,26677,5229,9588,13485,1078,4230,2802,6894,7983,5661,7111,12623,18125,20808,9623,11944,10868,20145,30893,8357,7686,6187,13217,8794,14595,16985,889,17419,21847,9968,11237,18586,20959,22885,23929,21504,18349,1440,6278,13437,23783,17619,4198
1	144	10178	15052,12565,7613,13828,26677,5229,9588,13485,1078,4230,2802,6894,7983,5661,7111,12623,18125,20808,9623,11944,10868,20145,30893,8357,7686,6187,13217,8794,14595,16985,889,17419,21847,9968,11237,18586,20959,22885,23929,21504,18349,1440,6278,13437,23783,17619,4198,11987
1	144	22883	15052,12565,7613,13828,26677,5229,9588,13485,1078,4230,2802,6894,7983,5661,7111,12623,18125,20808,9623,11944,10868,20145,30893,8357,7686,6187,13217,8794,14595,16985,889,17419,21847,9968,11237,18586,20959,22885,23929,21504,18349,1440,6278,13437,23783,17619,4198,11987,10178
1	144	28164	15052,12565,7613,13828,26677,5229,9588,13485,1078,4230,2802,6894,7983,5661,7111,12623,18125,20808,9623,11944,10868,20145,30893,8357,7686,6187,13217,8794,14595,16985,889,17419,21847,9968,11237,18586,20959,22885,23929,21504,18349,1440,6278,13437,23783,17619,4198,11987,10178,22883
1	144	28165	15052,12565,7613,13828,26677,5229,9588,13485,1078,4230,2802,6894,7983,5661,7111,12623,18125,20808,9623,11944,10868,20145,30893,8357,7686,6187,13217,8794,14595,16985,889,17419,21847,9968,11237,18586,20959,22885,23929,21504,18349,1440,6278,13437,23783,17619,4198,11987,10178,22883,28164
1	144	13489	15052,12565,7613,13828,26677,5229,9588,13485,1078,4230,2802,6894,7983,5661,7111,12623,18125,20808,9623,11944,10868,20145,30893,8357,7686,6187,13217,8794,14595,16985,889,17419,21847,9968,11237,18586,20959,22885,23929,21504,18349,1440,6278,13437,23783,17619,4198,11987,10178,22883,28164,28165
1	144	18844	15052,12565,7613,13828,26677,5229,9588,13485,1078,4230,2802,6894,7983,5661,7111,12623,18125,20808,9623,11944,10868,20145,30893,8357,7686,6187,13217,8794,14595,16985,889,17419,21847,9968,11237,18586,20959,22885,23929,21504,18349,1440,6278,13437,23783,17619,4198,11987,10178,22883,28164,28165,13489
1	144	20264	15052,12565,7613,13828,26677,5229,9588,13485,1078,4230,2802,6894,7983,5661,7111,12623,18125,20808,9623,11944,10868,20145,30893,8357,7686,6187,13217,8794,14595,16985,889,17419,21847,9968,11237,18586,20959,22885,23929,21504,18349,1440,6278,13437,23783,17619,4198,11987,10178,22883,28164,28165,13489,18844
1	144	18627	15052,12565,7613,13828,26677,5229,9588,13485,1078,4230,2802,6894,7983,5661,7111,12623,18125,20808,9623,11944,10868,20145,30893,8357,7686,6187,13217,8794,14595,16985,889,17419,21847,9968,11237,18586,20959,22885,23929,21504,18349,1440,6278,13437,23783,17619,4198,11987,10178,22883,28164,28165,13489,18844,20264
1	144	215	15052,12565,7613,13828,26677,5229,9588,13485,1078,4230,2802,6894,7983,5661,7111,12623,18125,20808,9623,11944,10868,20145,30893,8357,7686,6187,13217,8794,14595,16985,889,17419,21847,9968,11237,18586,20959,22885,23929,21504,18349,1440,6278,13437,23783,17619,4198,11987,10178,22883,28164,28165,13489,18844,20264,18627
1	144	26155	15052,12565,7613,13828,26677,5229,9588,13485,1078,4230,2802,6894,7983,5661,7111,12623,18125,20808,9623,11944,10868,20145,30893,8357,7686,6187,13217,8794,14595,16985,889,17419,21847,9968,11237,18586,20959,22885,23929,21504,18349,1440,6278,13437,23783,17619,4198,11987,10178,22883,28164,28165,13489,18844,20264,18627,215
1	144	12835	15052,12565,7613,13828,26677,5229,9588,13485,1078,4230,2802,6894,7983,5661,7111,12623,18125,20808,9623,11944,10868,20145,30893,8357,7686,6187,13217,8794,14595,16985,889,17419,21847,9968,11237,18586,20959,22885,23929,21504,18349,1440,6278,13437,23783,17619,4198,11987,10178,22883,28164,28165,13489,18844,20264,18627,215,26155
1	144	11809	15052,12565,7613,13828,26677,5229,9588,13485,1078,4230,2802,6894,7983,5661,7111,12623,18125,20808,9623,11944,10868,20145,30893,8357,7686,6187,13217,8794,14595,16985,889,17419,21847,9968,11237,18586,20959,22885,23929,21504,18349,1440,6278,13437,23783,17619,4198,11987,10178,22883,28164,28165,13489,18844,20264,18627,215,26155,12835
1	144	27719	15052,12565,7613,13828,26677,5229,9588,13485,1078,4230,2802,6894,7983,5661,7111,12623,18125,20808,9623,11944,10868,20145,30893,8357,7686,6187,13217,8794,14595,16985,889,17419,21847,9968,11237,18586,20959,22885,23929,21504,18349,1440,6278,13437,23783,17619,4198,11987,10178,22883,28164,28165,13489,18844,20264,18627,215,26155,12835,11809
1	144	28988	15052,12565,7613,13828,26677,5229,9588,13485,1078,4230,2802,6894,7983,5661,7111,12623,18125,20808,9623,11944,10868,20145,30893,8357,7686,6187,13217,8794,14595,16985,889,17419,21847,9968,11237,18586,20959,22885,23929,21504,18349,1440,6278,13437,23783,17619,4198,11987,10178,22883,28164,28165,13489,18844,20264,18627,215,26155,12835,11809,27719
