1	1436	20872	0
1	1436	31630	20872
0	1436	33049	20872,31630
0	1436	5890	20872,31630
0	1436	3865	20872,31630
1	1436	581	20872,31630
1	1436	32342	20872,31630,581
1	1436	32461	20872,31630,581,32342
0	1436	21590	20872,31630,581,32342,32461
1	1436	23720	20872,31630,581,32342,32461
0	1436	17157	20872,31630,581,32342,32461,23720
1	1436	16082	20872,31630,581,32342,32461,23720
1	1436	6175	20872,31630,581,32342,32461,23720,16082
1	1436	2066	20872,31630,581,32342,32461,23720,16082,6175
0	1436	3574	20872,31630,581,32342,32461,23720,16082,6175,2066
1	1436	3122	20872,31630,581,32342,32461,23720,16082,6175,2066
0	1436	4711	20872,31630,581,32342,32461,23720,16082,6175,2066,3122
1	1436	8310	20872,31630,581,32342,32461,23720,16082,6175,2066,3122
0	1436	9580	20872,31630,581,32342,32461,23720,16082,6175,2066,3122,8310
0	1436	7381	20872,31630,581,32342,32461,23720,16082,6175,2066,3122,8310
1	1436	3785	20872,31630,581,32342,32461,23720,16082,6175,2066,3122,8310
1	1436	32036	20872,31630,581,32342,32461,23720,16082,6175,2066,3122,8310,3785
0	1436	9227	20872,31630,581,32342,32461,23720,16082,6175,2066,3122,8310,3785,32036
1	1436	10541	20872,31630,581,32342,32461,23720,16082,6175,2066,3122,8310,3785,32036
1	1436	9903	20872,31630,581,32342,32461,23720,16082,6175,2066,3122,8310,3785,32036,10541
1	1436	11133	20872,31630,581,32342,32461,23720,16082,6175,2066,3122,8310,3785,32036,10541,9903
0	1436	11952	20872,31630,581,32342,32461,23720,16082,6175,2066,3122,8310,3785,32036,10541,9903,11133
0	1436	13144	20872,31630,581,32342,32461,23720,16082,6175,2066,3122,8310,3785,32036,10541,9903,11133
1	1436	13252	20872,31630,581,32342,32461,23720,16082,6175,2066,3122,8310,3785,32036,10541,9903,11133
0	1436	10740	20872,31630,581,32342,32461,23720,16082,6175,2066,3122,8310,3785,32036,10541,9903,11133,13252
0	1436	14146	20872,31630,581,32342,32461,23720,16082,6175,2066,3122,8310,3785,32036,10541,9903,11133,13252
1	1436	15217	20872,31630,581,32342,32461,23720,16082,6175,2066,3122,8310,3785,32036,10541,9903,11133,13252
1	1436	16359	20872,31630,581,32342,32461,23720,16082,6175,2066,3122,8310,3785,32036,10541,9903,11133,13252,15217
1	1436	17168	20872,31630,581,32342,32461,23720,16082,6175,2066,3122,8310,3785,32036,10541,9903,11133,13252,15217,16359
1	1436	3749	20872,31630,581,32342,32461,23720,16082,6175,2066,3122,8310,3785,32036,10541,9903,11133,13252,15217,16359,17168
0	1436	10485	20872,31630,581,32342,32461,23720,16082,6175,2066,3122,8310,3785,32036,10541,9903,11133,13252,15217,16359,17168,3749
1	1436	17805	20872,31630,581,32342,32461,23720,16082,6175,2066,3122,8310,3785,32036,10541,9903,11133,13252,15217,16359,17168,3749
0	1436	17066	20872,31630,581,32342,32461,23720,16082,6175,2066,3122,8310,3785,32036,10541,9903,11133,13252,15217,16359,17168,3749,17805
1	1436	13253	20872,31630,581,32342,32461,23720,16082,6175,2066,3122,8310,3785,32036,10541,9903,11133,13252,15217,16359,17168,3749,17805
1	1436	21525	20872,31630,581,32342,32461,23720,16082,6175,2066,3122,8310,3785,32036,10541,9903,11133,13252,15217,16359,17168,3749,17805,13253
1	1436	14756	20872,31630,581,32342,32461,23720,16082,6175,2066,3122,8310,3785,32036,10541,9903,11133,13252,15217,16359,17168,3749,17805,13253,21525
1	1436	15436	20872,31630,581,32342,32461,23720,16082,6175,2066,3122,8310,3785,32036,10541,9903,11133,13252,15217,16359,17168,3749,17805,13253,21525,14756
1	1436	19112	20872,31630,581,32342,32461,23720,16082,6175,2066,3122,8310,3785,32036,10541,9903,11133,13252,15217,16359,17168,3749,17805,13253,21525,14756,15436
1	1436	22179	20872,31630,581,32342,32461,23720,16082,6175,2066,3122,8310,3785,32036,10541,9903,11133,13252,15217,16359,17168,3749,17805,13253,21525,14756,15436,19112
0	1436	24728	20872,31630,581,32342,32461,23720,16082,6175,2066,3122,8310,3785,32036,10541,9903,11133,13252,15217,16359,17168,3749,17805,13253,21525,14756,15436,19112,22179
0	1436	21039	20872,31630,581,32342,32461,23720,16082,6175,2066,3122,8310,3785,32036,10541,9903,11133,13252,15217,16359,17168,3749,17805,13253,21525,14756,15436,19112,22179
1	1436	15615	20872,31630,581,32342,32461,23720,16082,6175,2066,3122,8310,3785,32036,10541,9903,11133,13252,15217,16359,17168,3749,17805,13253,21525,14756,15436,19112,22179
0	1436	17657	20872,31630,581,32342,32461,23720,16082,6175,2066,3122,8310,3785,32036,10541,9903,11133,13252,15217,16359,17168,3749,17805,13253,21525,14756,15436,19112,22179,15615
0	1436	25817	20872,31630,581,32342,32461,23720,16082,6175,2066,3122,8310,3785,32036,10541,9903,11133,13252,15217,16359,17168,3749,17805,13253,21525,14756,15436,19112,22179,15615
1	1436	16807	20872,31630,581,32342,32461,23720,16082,6175,2066,3122,8310,3785,32036,10541,9903,11133,13252,15217,16359,17168,3749,17805,13253,21525,14756,15436,19112,22179,15615
0	1436	22834	20872,31630,581,32342,32461,23720,16082,6175,2066,3122,8310,3785,32036,10541,9903,11133,13252,15217,16359,17168,3749,17805,13253,21525,14756,15436,19112,22179,15615,16807
0	1436	25250	20872,31630,581,32342,32461,23720,16082,6175,2066,3122,8310,3785,32036,10541,9903,11133,13252,15217,16359,17168,3749,17805,13253,21525,14756,15436,19112,22179,15615,16807
1	1436	837	20872,31630,581,32342,32461,23720,16082,6175,2066,3122,8310,3785,32036,10541,9903,11133,13252,15217,16359,17168,3749,17805,13253,21525,14756,15436,19112,22179,15615,16807
1	1436	22098	20872,31630,581,32342,32461,23720,16082,6175,2066,3122,8310,3785,32036,10541,9903,11133,13252,15217,16359,17168,3749,17805,13253,21525,14756,15436,19112,22179,15615,16807,837
0	1436	28489	20872,31630,581,32342,32461,23720,16082,6175,2066,3122,8310,3785,32036,10541,9903,11133,13252,15217,16359,17168,3749,17805,13253,21525,14756,15436,19112,22179,15615,16807,837,22098
0	1436	13685	20872,31630,581,32342,32461,23720,16082,6175,2066,3122,8310,3785,32036,10541,9903,11133,13252,15217,16359,17168,3749,17805,13253,21525,14756,15436,19112,22179,15615,16807,837,22098
0	1436	21345	20872,31630,581,32342,32461,23720,16082,6175,2066,3122,8310,3785,32036,10541,9903,11133,13252,15217,16359,17168,3749,17805,13253,21525,14756,15436,19112,22179,15615,16807,837,22098
1	1436	25915	20872,31630,581,32342,32461,23720,16082,6175,2066,3122,8310,3785,32036,10541,9903,11133,13252,15217,16359,17168,3749,17805,13253,21525,14756,15436,19112,22179,15615,16807,837,22098
1	1436	25010	20872,31630,581,32342,32461,23720,16082,6175,2066,3122,8310,3785,32036,10541,9903,11133,13252,15217,16359,17168,3749,17805,13253,21525,14756,15436,19112,22179,15615,16807,837,22098,25915
0	1436	9902	20872,31630,581,32342,32461,23720,16082,6175,2066,3122,8310,3785,32036,10541,9903,11133,13252,15217,16359,17168,3749,17805,13253,21525,14756,15436,19112,22179,15615,16807,837,22098,25915,25010
0	1436	20504	20872,31630,581,32342,32461,23720,16082,6175,2066,3122,8310,3785,32036,10541,9903,11133,13252,15217,16359,17168,3749,17805,13253,21525,14756,15436,19112,22179,15615,16807,837,22098,25915,25010
1	1436	23651	20872,31630,581,32342,32461,23720,16082,6175,2066,3122,8310,3785,32036,10541,9903,11133,13252,15217,16359,17168,3749,17805,13253,21525,14756,15436,19112,22179,15615,16807,837,22098,25915,25010
0	1436	18418	20872,31630,581,32342,32461,23720,16082,6175,2066,3122,8310,3785,32036,10541,9903,11133,13252,15217,16359,17168,3749,17805,13253,21525,14756,15436,19112,22179,15615,16807,837,22098,25915,25010,23651
1	1436	24783	20872,31630,581,32342,32461,23720,16082,6175,2066,3122,8310,3785,32036,10541,9903,11133,13252,15217,16359,17168,3749,17805,13253,21525,14756,15436,19112,22179,15615,16807,837,22098,25915,25010,23651
1	1436	21040	20872,31630,581,32342,32461,23720,16082,6175,2066,3122,8310,3785,32036,10541,9903,11133,13252,15217,16359,17168,3749,17805,13253,21525,14756,15436,19112,22179,15615,16807,837,22098,25915,25010,23651,24783
1	1436	16016	20872,31630,581,32342,32461,23720,16082,6175,2066,3122,8310,3785,32036,10541,9903,11133,13252,15217,16359,17168,3749,17805,13253,21525,14756,15436,19112,22179,15615,16807,837,22098,25915,25010,23651,24783,21040
0	1436	8873	20872,31630,581,32342,32461,23720,16082,6175,2066,3122,8310,3785,32036,10541,9903,11133,13252,15217,16359,17168,3749,17805,13253,21525,14756,15436,19112,22179,15615,16807,837,22098,25915,25010,23651,24783,21040,16016,28800,27737,21703,30899,1505,1397,28388,29739,11732,20507,31323,29544,29968,28035,8745,25011,30073,25896,13354,17314,18224,12649,23545,28328,6286,12567,28841,28701,30512,26736,28844,30622,27734
