1	476	1142	0
0	476	33079	1142
0	476	23692	1142
0	476	996	1142
0	476	9215	1142
0	476	4209	1142
0	476	31834	1142
0	476	1242	1142
0	476	6773	1142
0	476	8945	1142
0	476	14842	1142
1	476	9797	1142
0	476	13820	1142,9797
0	476	14813	1142,9797
0	476	11136	1142,9797
1	476	5537	1142,9797
1	476	23619	1142,9797,5537
0	476	24006	1142,9797,5537,23619
1	476	26036	1142,9797,5537,23619
1	476	19230	1142,9797,5537,23619,26036
0	476	2054	1142,9797,5537,23619,26036,19230
0	476	13891	1142,9797,5537,23619,26036,19230
0	476	21467	1142,9797,5537,23619,26036,19230
0	476	23169	1142,9797,5537,23619,26036,19230
0	476	1851	1142,9797,5537,23619,26036,19230
0	476	11238	1142,9797,5537,23619,26036,19230
0	476	24172	1142,9797,5537,23619,26036,19230
0	476	9418	1142,9797,5537,23619,26036,19230
0	476	14614	1142,9797,5537,23619,26036,19230
0	476	27735	1142,9797,5537,23619,26036,19230
0	476	24693	1142,9797,5537,23619,26036,19230
1	476	7175	1142,9797,5537,23619,26036,19230
0	476	21726	1142,9797,5537,23619,26036,19230,7175
0	476	12687	1142,9797,5537,23619,26036,19230,7175
0	476	6833	1142,9797,5537,23619,26036,19230,7175
0	476	21276	1142,9797,5537,23619,26036,19230,7175
1	476	19090	1142,9797,5537,23619,26036,19230,7175
1	476	21838	1142,9797,5537,23619,26036,19230,7175,19090
