0	211	3957	0
1	211	7031	0
1	211	1979	7031
0	211	8514	7031,1979
1	211	8043	7031,1979
0	211	8308	7031,1979,8043
1	211	1885	7031,1979,8043
1	211	8960	7031,1979,8043,1885
1	211	10152	7031,1979,8043,1885,8960
0	211	13309	7031,1979,8043,1885,8960,10152
1	211	13633	7031,1979,8043,1885,8960,10152
0	211	15092	7031,1979,8043,1885,8960,10152,13633
1	211	15674	7031,1979,8043,1885,8960,10152,13633
0	211	13620	7031,1979,8043,1885,8960,10152,13633,15674
0	211	15500	7031,1979,8043,1885,8960,10152,13633,15674
0	211	12041	7031,1979,8043,1885,8960,10152,13633,15674
0	211	17634	7031,1979,8043,1885,8960,10152,13633,15674
0	211	15752	7031,1979,8043,1885,8960,10152,13633,15674
0	211	18008	7031,1979,8043,1885,8960,10152,13633,15674
0	211	18005	7031,1979,8043,1885,8960,10152,13633,15674
0	211	13218	7031,1979,8043,1885,8960,10152,13633,15674
0	211	13866	7031,1979,8043,1885,8960,10152,13633,15674
0	211	14145	7031,1979,8043,1885,8960,10152,13633,15674
0	211	17132	7031,1979,8043,1885,8960,10152,13633,15674
0	211	22320	7031,1979,8043,1885,8960,10152,13633,15674
0	211	19951	7031,1979,8043,1885,8960,10152,13633,15674
0	211	22264	7031,1979,8043,1885,8960,10152,13633,15674
0	211	21743	7031,1979,8043,1885,8960,10152,13633,15674
0	211	23152	7031,1979,8043,1885,8960,10152,13633,15674
0	211	25434	7031,1979,8043,1885,8960,10152,13633,15674
0	211	26759	7031,1979,8043,1885,8960,10152,13633,15674
1	211	22539	7031,1979,8043,1885,8960,10152,13633,15674
1	211	22870	7031,1979,8043,1885,8960,10152,13633,15674,22539
0	211	15419	7031,1979,8043,1885,8960,10152,13633,15674,22539,22870
0	211	25367	7031,1979,8043,1885,8960,10152,13633,15674,22539,22870
0	211	27953	7031,1979,8043,1885,8960,10152,13633,15674,22539,22870
0	211	27999	7031,1979,8043,1885,8960,10152,13633,15674,22539,22870
0	211	28071	7031,1979,8043,1885,8960,10152,13633,15674,22539,22870
