0	407	4088	0
1	407	5019	0
1	407	2165	5019
1	407	32269	5019,2165
1	407	2034	5019,2165,32269
0	407	4702	5019,2165,32269,2034
1	407	9537	5019,2165,32269,2034
1	407	8780	5019,2165,32269,2034,9537
1	407	31651	5019,2165,32269,2034,9537,8780
1	407	3004	5019,2165,32269,2034,9537,8780,31651
1	407	4525	5019,2165,32269,2034,9537,8780,31651,3004
1	407	7023	5019,2165,32269,2034,9537,8780,31651,3004,4525
1	407	2136	5019,2165,32269,2034,9537,8780,31651,3004,4525,7023
1	407	2372	5019,2165,32269,2034,9537,8780,31651,3004,4525,7023,2136
1	407	6187	5019,2165,32269,2034,9537,8780,31651,3004,4525,7023,2136,2372
1	407	10878	5019,2165,32269,2034,9537,8780,31651,3004,4525,7023,2136,2372,6187
1	407	4456	5019,2165,32269,2034,9537,8780,31651,3004,4525,7023,2136,2372,6187,10878
1	407	12556	5019,2165,32269,2034,9537,8780,31651,3004,4525,7023,2136,2372,6187,10878,4456
1	407	31781	5019,2165,32269,2034,9537,8780,31651,3004,4525,7023,2136,2372,6187,10878,4456,12556
1	407	796	5019,2165,32269,2034,9537,8780,31651,3004,4525,7023,2136,2372,6187,10878,4456,12556,31781
0	407	5218	5019,2165,32269,2034,9537,8780,31651,3004,4525,7023,2136,2372,6187,10878,4456,12556,31781,796
1	407	5337	5019,2165,32269,2034,9537,8780,31651,3004,4525,7023,2136,2372,6187,10878,4456,12556,31781,796
1	407	6897	5019,2165,32269,2034,9537,8780,31651,3004,4525,7023,2136,2372,6187,10878,4456,12556,31781,796,5337
1	407	11865	5019,2165,32269,2034,9537,8780,31651,3004,4525,7023,2136,2372,6187,10878,4456,12556,31781,796,5337,6897
0	407	15028	5019,2165,32269,2034,9537,8780,31651,3004,4525,7023,2136,2372,6187,10878,4456,12556,31781,796,5337,6897,11865
1	407	6290	5019,2165,32269,2034,9537,8780,31651,3004,4525,7023,2136,2372,6187,10878,4456,12556,31781,796,5337,6897,11865
1	407	10532	5019,2165,32269,2034,9537,8780,31651,3004,4525,7023,2136,2372,6187,10878,4456,12556,31781,796,5337,6897,11865,6290
1	407	8405	5019,2165,32269,2034,9537,8780,31651,3004,4525,7023,2136,2372,6187,10878,4456,12556,31781,796,5337,6897,11865,6290,10532
1	407	16458	5019,2165,32269,2034,9537,8780,31651,3004,4525,7023,2136,2372,6187,10878,4456,12556,31781,796,5337,6897,11865,6290,10532,8405
1	407	24993	5019,2165,32269,2034,9537,8780,31651,3004,4525,7023,2136,2372,6187,10878,4456,12556,31781,796,5337,6897,11865,6290,10532,8405,16458
1	407	28509	5019,2165,32269,2034,9537,8780,31651,3004,4525,7023,2136,2372,6187,10878,4456,12556,31781,796,5337,6897,11865,6290,10532,8405,16458,24993
1	407	3127	5019,2165,32269,2034,9537,8780,31651,3004,4525,7023,2136,2372,6187,10878,4456,12556,31781,796,5337,6897,11865,6290,10532,8405,16458,24993,28509
1	407	7655	5019,2165,32269,2034,9537,8780,31651,3004,4525,7023,2136,2372,6187,10878,4456,12556,31781,796,5337,6897,11865,6290,10532,8405,16458,24993,28509,3127
1	407	18936	5019,2165,32269,2034,9537,8780,31651,3004,4525,7023,2136,2372,6187,10878,4456,12556,31781,796,5337,6897,11865,6290,10532,8405,16458,24993,28509,3127,7655
1	407	151	5019,2165,32269,2034,9537,8780,31651,3004,4525,7023,2136,2372,6187,10878,4456,12556,31781,796,5337,6897,11865,6290,10532,8405,16458,24993,28509,3127,7655,18936
1	407	5659	5019,2165,32269,2034,9537,8780,31651,3004,4525,7023,2136,2372,6187,10878,4456,12556,31781,796,5337,6897,11865,6290,10532,8405,16458,24993,28509,3127,7655,18936,151
1	407	6891	5019,2165,32269,2034,9537,8780,31651,3004,4525,7023,2136,2372,6187,10878,4456,12556,31781,796,5337,6897,11865,6290,10532,8405,16458,24993,28509,3127,7655,18936,151,5659
0	407	8433	5019,2165,32269,2034,9537,8780,31651,3004,4525,7023,2136,2372,6187,10878,4456,12556,31781,796,5337,6897,11865,6290,10532,8405,16458,24993,28509,3127,7655,18936,151,5659,6891
1	407	10244	5019,2165,32269,2034,9537,8780,31651,3004,4525,7023,2136,2372,6187,10878,4456,12556,31781,796,5337,6897,11865,6290,10532,8405,16458,24993,28509,3127,7655,18936,151,5659,6891
1	407	11869	5019,2165,32269,2034,9537,8780,31651,3004,4525,7023,2136,2372,6187,10878,4456,12556,31781,796,5337,6897,11865,6290,10532,8405,16458,24993,28509,3127,7655,18936,151,5659,6891,10244
1	407	12451	5019,2165,32269,2034,9537,8780,31651,3004,4525,7023,2136,2372,6187,10878,4456,12556,31781,796,5337,6897,11865,6290,10532,8405,16458,24993,28509,3127,7655,18936,151,5659,6891,10244,11869
1	407	20770	5019,2165,32269,2034,9537,8780,31651,3004,4525,7023,2136,2372,6187,10878,4456,12556,31781,796,5337,6897,11865,6290,10532,8405,16458,24993,28509,3127,7655,18936,151,5659,6891,10244,11869,12451
1	407	24282	5019,2165,32269,2034,9537,8780,31651,3004,4525,7023,2136,2372,6187,10878,4456,12556,31781,796,5337,6897,11865,6290,10532,8405,16458,24993,28509,3127,7655,18936,151,5659,6891,10244,11869,12451,20770
1	407	22904	5019,2165,32269,2034,9537,8780,31651,3004,4525,7023,2136,2372,6187,10878,4456,12556,31781,796,5337,6897,11865,6290,10532,8405,16458,24993,28509,3127,7655,18936,151,5659,6891,10244,11869,12451,20770,24282
1	407	31846	5019,2165,32269,2034,9537,8780,31651,3004,4525,7023,2136,2372,6187,10878,4456,12556,31781,796,5337,6897,11865,6290,10532,8405,16458,24993,28509,3127,7655,18936,151,5659,6891,10244,11869,12451,20770,24282,22904
1	407	3942	5019,2165,32269,2034,9537,8780,31651,3004,4525,7023,2136,2372,6187,10878,4456,12556,31781,796,5337,6897,11865,6290,10532,8405,16458,24993,28509,3127,7655,18936,151,5659,6891,10244,11869,12451,20770,24282,22904,31846
0	407	11867	5019,2165,32269,2034,9537,8780,31651,3004,4525,7023,2136,2372,6187,10878,4456,12556,31781,796,5337,6897,11865,6290,10532,8405,16458,24993,28509,3127,7655,18936,151,5659,6891,10244,11869,12451,20770,24282,22904,31846,3942
1	407	16935	5019,2165,32269,2034,9537,8780,31651,3004,4525,7023,2136,2372,6187,10878,4456,12556,31781,796,5337,6897,11865,6290,10532,8405,16458,24993,28509,3127,7655,18936,151,5659,6891,10244,11869,12451,20770,24282,22904,31846,3942
