1	1403	621	0
0	1403	5016	621
0	1403	565	621
1	1403	1649	621
0	1403	31721	621,1649
1	1403	30010	621,1649
0	1403	3127	621,1649,30010
0	1403	3050	621,1649,30010
1	1403	5275	621,1649,30010
1	1403	3820	621,1649,30010,5275
0	1403	5523	621,1649,30010,5275,3820
0	1403	23986	621,1649,30010,5275,3820
0	1403	16378	621,1649,30010,5275,3820
1	1403	1798	621,1649,30010,5275,3820
0	1403	4628	621,1649,30010,5275,3820,1798
0	1403	5353	621,1649,30010,5275,3820,1798
0	1403	31314	621,1649,30010,5275,3820,1798
1	1403	666	621,1649,30010,5275,3820,1798
1	1403	1622	621,1649,30010,5275,3820,1798,666
0	1403	4979	621,1649,30010,5275,3820,1798,666,1622
0	1403	6533	621,1649,30010,5275,3820,1798,666,1622
1	1403	1545	621,1649,30010,5275,3820,1798,666,1622
1	1403	3313	621,1649,30010,5275,3820,1798,666,1622,1545
0	1403	6518	621,1649,30010,5275,3820,1798,666,1622,1545,3313
1	1403	6774	621,1649,30010,5275,3820,1798,666,1622,1545,3313
0	1403	7492	621,1649,30010,5275,3820,1798,666,1622,1545,3313,6774
1	1403	5512	621,1649,30010,5275,3820,1798,666,1622,1545,3313,6774
1	1403	7493	621,1649,30010,5275,3820,1798,666,1622,1545,3313,6774,5512
0	1403	7965	621,1649,30010,5275,3820,1798,666,1622,1545,3313,6774,5512,7493
1	1403	6333	621,1649,30010,5275,3820,1798,666,1622,1545,3313,6774,5512,7493
0	1403	9710	621,1649,30010,5275,3820,1798,666,1622,1545,3313,6774,5512,7493,6333
0	1403	7574	621,1649,30010,5275,3820,1798,666,1622,1545,3313,6774,5512,7493,6333
0	1403	9143	621,1649,30010,5275,3820,1798,666,1622,1545,3313,6774,5512,7493,6333
1	1403	8942	621,1649,30010,5275,3820,1798,666,1622,1545,3313,6774,5512,7493,6333
1	1403	6924	621,1649,30010,5275,3820,1798,666,1622,1545,3313,6774,5512,7493,6333,8942
1	1403	22317	621,1649,30010,5275,3820,1798,666,1622,1545,3313,6774,5512,7493,6333,8942,6924
0	1403	9428	621,1649,30010,5275,3820,1798,666,1622,1545,3313,6774,5512,7493,6333,8942,6924,22317
0	1403	6484	621,1649,30010,5275,3820,1798,666,1622,1545,3313,6774,5512,7493,6333,8942,6924,22317
1	1403	8423	621,1649,30010,5275,3820,1798,666,1622,1545,3313,6774,5512,7493,6333,8942,6924,22317
0	1403	8527	621,1649,30010,5275,3820,1798,666,1622,1545,3313,6774,5512,7493,6333,8942,6924,22317,8423
1	1403	8422	621,1649,30010,5275,3820,1798,666,1622,1545,3313,6774,5512,7493,6333,8942,6924,22317,8423
1	1403	11097	621,1649,30010,5275,3820,1798,666,1622,1545,3313,6774,5512,7493,6333,8942,6924,22317,8423,8422
0	1403	9462	621,1649,30010,5275,3820,1798,666,1622,1545,3313,6774,5512,7493,6333,8942,6924,22317,8423,8422,11097
1	1403	11289	621,1649,30010,5275,3820,1798,666,1622,1545,3313,6774,5512,7493,6333,8942,6924,22317,8423,8422,11097
1	1403	11361	621,1649,30010,5275,3820,1798,666,1622,1545,3313,6774,5512,7493,6333,8942,6924,22317,8423,8422,11097,11289
1	1403	21951	621,1649,30010,5275,3820,1798,666,1622,1545,3313,6774,5512,7493,6333,8942,6924,22317,8423,8422,11097,11289,11361
1	1403	5264	621,1649,30010,5275,3820,1798,666,1622,1545,3313,6774,5512,7493,6333,8942,6924,22317,8423,8422,11097,11289,11361,21951
0	1403	325	621,1649,30010,5275,3820,1798,666,1622,1545,3313,6774,5512,7493,6333,8942,6924,22317,8423,8422,11097,11289,11361,21951,5264
0	1403	14121	621,1649,30010,5275,3820,1798,666,1622,1545,3313,6774,5512,7493,6333,8942,6924,22317,8423,8422,11097,11289,11361,21951,5264
0	1403	12754	621,1649,30010,5275,3820,1798,666,1622,1545,3313,6774,5512,7493,6333,8942,6924,22317,8423,8422,11097,11289,11361,21951,5264
0	1403	10808	621,1649,30010,5275,3820,1798,666,1622,1545,3313,6774,5512,7493,6333,8942,6924,22317,8423,8422,11097,11289,11361,21951,5264
1	1403	11869	621,1649,30010,5275,3820,1798,666,1622,1545,3313,6774,5512,7493,6333,8942,6924,22317,8423,8422,11097,11289,11361,21951,5264
1	1403	5278	621,1649,30010,5275,3820,1798,666,1622,1545,3313,6774,5512,7493,6333,8942,6924,22317,8423,8422,11097,11289,11361,21951,5264,11869
0	1403	3370	621,1649,30010,5275,3820,1798,666,1622,1545,3313,6774,5512,7493,6333,8942,6924,22317,8423,8422,11097,11289,11361,21951,5264,11869,5278
1	1403	15092	621,1649,30010,5275,3820,1798,666,1622,1545,3313,6774,5512,7493,6333,8942,6924,22317,8423,8422,11097,11289,11361,21951,5264,11869,5278
1	1403	14948	621,1649,30010,5275,3820,1798,666,1622,1545,3313,6774,5512,7493,6333,8942,6924,22317,8423,8422,11097,11289,11361,21951,5264,11869,5278,15092
0	1403	17634	621,1649,30010,5275,3820,1798,666,1622,1545,3313,6774,5512,7493,6333,8942,6924,22317,8423,8422,11097,11289,11361,21951,5264,11869,5278,15092,14948
1	1403	18008	621,1649,30010,5275,3820,1798,666,1622,1545,3313,6774,5512,7493,6333,8942,6924,22317,8423,8422,11097,11289,11361,21951,5264,11869,5278,15092,14948
1	1403	18671	621,1649,30010,5275,3820,1798,666,1622,1545,3313,6774,5512,7493,6333,8942,6924,22317,8423,8422,11097,11289,11361,21951,5264,11869,5278,15092,14948,18008
1	1403	14431	621,1649,30010,5275,3820,1798,666,1622,1545,3313,6774,5512,7493,6333,8942,6924,22317,8423,8422,11097,11289,11361,21951,5264,11869,5278,15092,14948,18008,18671
1	1403	15753	621,1649,30010,5275,3820,1798,666,1622,1545,3313,6774,5512,7493,6333,8942,6924,22317,8423,8422,11097,11289,11361,21951,5264,11869,5278,15092,14948,18008,18671,14431
0	1403	17738	621,1649,30010,5275,3820,1798,666,1622,1545,3313,6774,5512,7493,6333,8942,6924,22317,8423,8422,11097,11289,11361,21951,5264,11869,5278,15092,14948,18008,18671,14431,15753
1	1403	18793	621,1649,30010,5275,3820,1798,666,1622,1545,3313,6774,5512,7493,6333,8942,6924,22317,8423,8422,11097,11289,11361,21951,5264,11869,5278,15092,14948,18008,18671,14431,15753
1	1403	18062	621,1649,30010,5275,3820,1798,666,1622,1545,3313,6774,5512,7493,6333,8942,6924,22317,8423,8422,11097,11289,11361,21951,5264,11869,5278,15092,14948,18008,18671,14431,15753,18793
0	1403	17841	621,1649,30010,5275,3820,1798,666,1622,1545,3313,6774,5512,7493,6333,8942,6924,22317,8423,8422,11097,11289,11361,21951,5264,11869,5278,15092,14948,18008,18671,14431,15753,18793,18062
0	1403	19646	621,1649,30010,5275,3820,1798,666,1622,1545,3313,6774,5512,7493,6333,8942,6924,22317,8423,8422,11097,11289,11361,21951,5264,11869,5278,15092,14948,18008,18671,14431,15753,18793,18062
0	1403	19608	621,1649,30010,5275,3820,1798,666,1622,1545,3313,6774,5512,7493,6333,8942,6924,22317,8423,8422,11097,11289,11361,21951,5264,11869,5278,15092,14948,18008,18671,14431,15753,18793,18062
0	1403	20439	621,1649,30010,5275,3820,1798,666,1622,1545,3313,6774,5512,7493,6333,8942,6924,22317,8423,8422,11097,11289,11361,21951,5264,11869,5278,15092,14948,18008,18671,14431,15753,18793,18062
1	1403	20477	621,1649,30010,5275,3820,1798,666,1622,1545,3313,6774,5512,7493,6333,8942,6924,22317,8423,8422,11097,11289,11361,21951,5264,11869,5278,15092,14948,18008,18671,14431,15753,18793,18062
1	1403	15212	621,1649,30010,5275,3820,1798,666,1622,1545,3313,6774,5512,7493,6333,8942,6924,22317,8423,8422,11097,11289,11361,21951,5264,11869,5278,15092,14948,18008,18671,14431,15753,18793,18062,20477
0	1403	19399	621,1649,30010,5275,3820,1798,666,1622,1545,3313,6774,5512,7493,6333,8942,6924,22317,8423,8422,11097,11289,11361,21951,5264,11869,5278,15092,14948,18008,18671,14431,15753,18793,18062,20477,15212
1	1403	19612	621,1649,30010,5275,3820,1798,666,1622,1545,3313,6774,5512,7493,6333,8942,6924,22317,8423,8422,11097,11289,11361,21951,5264,11869,5278,15092,14948,18008,18671,14431,15753,18793,18062,20477,15212
1	1403	19401	621,1649,30010,5275,3820,1798,666,1622,1545,3313,6774,5512,7493,6333,8942,6924,22317,8423,8422,11097,11289,11361,21951,5264,11869,5278,15092,14948,18008,18671,14431,15753,18793,18062,20477,15212,19612
0	1403	20922	621,1649,30010,5275,3820,1798,666,1622,1545,3313,6774,5512,7493,6333,8942,6924,22317,8423,8422,11097,11289,11361,21951,5264,11869,5278,15092,14948,18008,18671,14431,15753,18793,18062,20477,15212,19612,19401
0	1403	20921	621,1649,30010,5275,3820,1798,666,1622,1545,3313,6774,5512,7493,6333,8942,6924,22317,8423,8422,11097,11289,11361,21951,5264,11869,5278,15092,14948,18008,18671,14431,15753,18793,18062,20477,15212,19612,19401
0	1403	21962	621,1649,30010,5275,3820,1798,666,1622,1545,3313,6774,5512,7493,6333,8942,6924,22317,8423,8422,11097,11289,11361,21951,5264,11869,5278,15092,14948,18008,18671,14431,15753,18793,18062,20477,15212,19612,19401
0	1403	22440	621,1649,30010,5275,3820,1798,666,1622,1545,3313,6774,5512,7493,6333,8942,6924,22317,8423,8422,11097,11289,11361,21951,5264,11869,5278,15092,14948,18008,18671,14431,15753,18793,18062,20477,15212,19612,19401
0	1403	20627	621,1649,30010,5275,3820,1798,666,1622,1545,3313,6774,5512,7493,6333,8942,6924,22317,8423,8422,11097,11289,11361,21951,5264,11869,5278,15092,14948,18008,18671,14431,15753,18793,18062,20477,15212,19612,19401
1	1403	21047	621,1649,30010,5275,3820,1798,666,1622,1545,3313,6774,5512,7493,6333,8942,6924,22317,8423,8422,11097,11289,11361,21951,5264,11869,5278,15092,14948,18008,18671,14431,15753,18793,18062,20477,15212,19612,19401
1	1403	21440	621,1649,30010,5275,3820,1798,666,1622,1545,3313,6774,5512,7493,6333,8942,6924,22317,8423,8422,11097,11289,11361,21951,5264,11869,5278,15092,14948,18008,18671,14431,15753,18793,18062,20477,15212,19612,19401,21047
0	1403	23920	621,1649,30010,5275,3820,1798,666,1622,1545,3313,6774,5512,7493,6333,8942,6924,22317,8423,8422,11097,11289,11361,21951,5264,11869,5278,15092,14948,18008,18671,14431,15753,18793,18062,20477,15212,19612,19401,21047,21440
1	1403	24774	621,1649,30010,5275,3820,1798,666,1622,1545,3313,6774,5512,7493,6333,8942,6924,22317,8423,8422,11097,11289,11361,21951,5264,11869,5278,15092,14948,18008,18671,14431,15753,18793,18062,20477,15212,19612,19401,21047,21440
1	1403	21439	621,1649,30010,5275,3820,1798,666,1622,1545,3313,6774,5512,7493,6333,8942,6924,22317,8423,8422,11097,11289,11361,21951,5264,11869,5278,15092,14948,18008,18671,14431,15753,18793,18062,20477,15212,19612,19401,21047,21440,24774
0	1403	19331	621,1649,30010,5275,3820,1798,666,1622,1545,3313,6774,5512,7493,6333,8942,6924,22317,8423,8422,11097,11289,11361,21951,5264,11869,5278,15092,14948,18008,18671,14431,15753,18793,18062,20477,15212,19612,19401,21047,21440,24774,21439
0	1403	24842	621,1649,30010,5275,3820,1798,666,1622,1545,3313,6774,5512,7493,6333,8942,6924,22317,8423,8422,11097,11289,11361,21951,5264,11869,5278,15092,14948,18008,18671,14431,15753,18793,18062,20477,15212,19612,19401,21047,21440,24774,21439
0	1403	24359	621,1649,30010,5275,3820,1798,666,1622,1545,3313,6774,5512,7493,6333,8942,6924,22317,8423,8422,11097,11289,11361,21951,5264,11869,5278,15092,14948,18008,18671,14431,15753,18793,18062,20477,15212,19612,19401,21047,21440,24774,21439
0	1403	18073	621,1649,30010,5275,3820,1798,666,1622,1545,3313,6774,5512,7493,6333,8942,6924,22317,8423,8422,11097,11289,11361,21951,5264,11869,5278,15092,14948,18008,18671,14431,15753,18793,18062,20477,15212,19612,19401,21047,21440,24774,21439
0	1403	24297	621,1649,30010,5275,3820,1798,666,1622,1545,3313,6774,5512,7493,6333,8942,6924,22317,8423,8422,11097,11289,11361,21951,5264,11869,5278,15092,14948,18008,18671,14431,15753,18793,18062,20477,15212,19612,19401,21047,21440,24774,21439
1	1403	26841	621,1649,30010,5275,3820,1798,666,1622,1545,3313,6774,5512,7493,6333,8942,6924,22317,8423,8422,11097,11289,11361,21951,5264,11869,5278,15092,14948,18008,18671,14431,15753,18793,18062,20477,15212,19612,19401,21047,21440,24774,21439
0	1403	25891	621,1649,30010,5275,3820,1798,666,1622,1545,3313,6774,5512,7493,6333,8942,6924,22317,8423,8422,11097,11289,11361,21951,5264,11869,5278,15092,14948,18008,18671,14431,15753,18793,18062,20477,15212,19612,19401,21047,21440,24774,21439,26841
1	1403	23768	621,1649,30010,5275,3820,1798,666,1622,1545,3313,6774,5512,7493,6333,8942,6924,22317,8423,8422,11097,11289,11361,21951,5264,11869,5278,15092,14948,18008,18671,14431,15753,18793,18062,20477,15212,19612,19401,21047,21440,24774,21439,26841
1	1403	26181	621,1649,30010,5275,3820,1798,666,1622,1545,3313,6774,5512,7493,6333,8942,6924,22317,8423,8422,11097,11289,11361,21951,5264,11869,5278,15092,14948,18008,18671,14431,15753,18793,18062,20477,15212,19612,19401,21047,21440,24774,21439,26841,23768
0	1403	26751	621,1649,30010,5275,3820,1798,666,1622,1545,3313,6774,5512,7493,6333,8942,6924,22317,8423,8422,11097,11289,11361,21951,5264,11869,5278,15092,14948,18008,18671,14431,15753,18793,18062,20477,15212,19612,19401,21047,21440,24774,21439,26841,23768,26181
0	1403	28021	621,1649,30010,5275,3820,1798,666,1622,1545,3313,6774,5512,7493,6333,8942,6924,22317,8423,8422,11097,11289,11361,21951,5264,11869,5278,15092,14948,18008,18671,14431,15753,18793,18062,20477,15212,19612,19401,21047,21440,24774,21439,26841,23768,26181
1	1403	27624	621,1649,30010,5275,3820,1798,666,1622,1545,3313,6774,5512,7493,6333,8942,6924,22317,8423,8422,11097,11289,11361,21951,5264,11869,5278,15092,14948,18008,18671,14431,15753,18793,18062,20477,15212,19612,19401,21047,21440,24774,21439,26841,23768,26181
1	1403	27533	621,1649,30010,5275,3820,1798,666,1622,1545,3313,6774,5512,7493,6333,8942,6924,22317,8423,8422,11097,11289,11361,21951,5264,11869,5278,15092,14948,18008,18671,14431,15753,18793,18062,20477,15212,19612,19401,21047,21440,24774,21439,26841,23768,26181,27624
1	1403	29363	621,1649,30010,5275,3820,1798,666,1622,1545,3313,6774,5512,7493,6333,8942,6924,22317,8423,8422,11097,11289,11361,21951,5264,11869,5278,15092,14948,18008,18671,14431,15753,18793,18062,20477,15212,19612,19401,21047,21440,24774,21439,26841,23768,26181,27624,27533
1	1403	29494	621,1649,30010,5275,3820,1798,666,1622,1545,3313,6774,5512,7493,6333,8942,6924,22317,8423,8422,11097,11289,11361,21951,5264,11869,5278,15092,14948,18008,18671,14431,15753,18793,18062,20477,15212,19612,19401,21047,21440,24774,21439,26841,23768,26181,27624,27533,29363
