0	1724	31015	0
1	1724	3163	0
1	1724	7041	3163
1	1724	7013	3163,7041
1	1724	5441	3163,7041,7013
1	1724	473	3163,7041,7013,5441
1	1724	6459	3163,7041,7013,5441,473
1	1724	3852	3163,7041,7013,5441,473,6459
0	1724	11698	3163,7041,7013,5441,473,6459,3852
0	1724	7225	3163,7041,7013,5441,473,6459,3852
1	1724	5900	3163,7041,7013,5441,473,6459,3852
0	1724	11408	3163,7041,7013,5441,473,6459,3852,5900
1	1724	11428	3163,7041,7013,5441,473,6459,3852,5900
1	1724	15459	3163,7041,7013,5441,473,6459,3852,5900,11428
0	1724	13962	3163,7041,7013,5441,473,6459,3852,5900,11428,15459
0	1724	14344	3163,7041,7013,5441,473,6459,3852,5900,11428,15459
1	1724	1104	3163,7041,7013,5441,473,6459,3852,5900,11428,15459
0	1724	14906	3163,7041,7013,5441,473,6459,3852,5900,11428,15459,1104
1	1724	17805	3163,7041,7013,5441,473,6459,3852,5900,11428,15459,1104
0	1724	18533	3163,7041,7013,5441,473,6459,3852,5900,11428,15459,1104,17805
1	1724	15732	3163,7041,7013,5441,473,6459,3852,5900,11428,15459,1104,17805
1	1724	14062	3163,7041,7013,5441,473,6459,3852,5900,11428,15459,1104,17805,15732
1	1724	16175	3163,7041,7013,5441,473,6459,3852,5900,11428,15459,1104,17805,15732,14062
1	1724	16756	3163,7041,7013,5441,473,6459,3852,5900,11428,15459,1104,17805,15732,14062,16175
1	1724	15615	3163,7041,7013,5441,473,6459,3852,5900,11428,15459,1104,17805,15732,14062,16175,16756
0	1724	14280	3163,7041,7013,5441,473,6459,3852,5900,11428,15459,1104,17805,15732,14062,16175,16756,15615
1	1724	15769	3163,7041,7013,5441,473,6459,3852,5900,11428,15459,1104,17805,15732,14062,16175,16756,15615
0	1724	22107	3163,7041,7013,5441,473,6459,3852,5900,11428,15459,1104,17805,15732,14062,16175,16756,15615,15769
0	1724	11958	3163,7041,7013,5441,473,6459,3852,5900,11428,15459,1104,17805,15732,14062,16175,16756,15615,15769
1	1724	18964	3163,7041,7013,5441,473,6459,3852,5900,11428,15459,1104,17805,15732,14062,16175,16756,15615,15769
0	1724	23757	3163,7041,7013,5441,473,6459,3852,5900,11428,15459,1104,17805,15732,14062,16175,16756,15615,15769,18964
0	1724	4282	3163,7041,7013,5441,473,6459,3852,5900,11428,15459,1104,17805,15732,14062,16175,16756,15615,15769,18964
0	1724	25409	3163,7041,7013,5441,473,6459,3852,5900,11428,15459,1104,17805,15732,14062,16175,16756,15615,15769,18964
1	1724	19655	3163,7041,7013,5441,473,6459,3852,5900,11428,15459,1104,17805,15732,14062,16175,16756,15615,15769,18964
0	1724	26759	3163,7041,7013,5441,473,6459,3852,5900,11428,15459,1104,17805,15732,14062,16175,16756,15615,15769,18964,19655
1	1724	25094	3163,7041,7013,5441,473,6459,3852,5900,11428,15459,1104,17805,15732,14062,16175,16756,15615,15769,18964,19655
0	1724	25419	3163,7041,7013,5441,473,6459,3852,5900,11428,15459,1104,17805,15732,14062,16175,16756,15615,15769,18964,19655,25094
1	1724	19109	3163,7041,7013,5441,473,6459,3852,5900,11428,15459,1104,17805,15732,14062,16175,16756,15615,15769,18964,19655,25094
1	1724	26938	3163,7041,7013,5441,473,6459,3852,5900,11428,15459,1104,17805,15732,14062,16175,16756,15615,15769,18964,19655,25094,19109
