0	1441	1084	0
1	1441	12566	0
0	1441	9006	12566
0	1441	31429	12566
0	1441	1471	12566
1	1441	32704	12566
0	1441	30885	12566,32704
0	1441	32183	12566,32704
1	1441	105	12566,32704
0	1441	32406	12566,32704,105
1	1441	14763	12566,32704,105
0	1441	59	12566,32704,105,14763
0	1441	767	12566,32704,105,14763
1	1441	10104	12566,32704,105,14763
1	1441	769	12566,32704,105,14763,10104
1	1441	1770	12566,32704,105,14763,10104,769
0	1441	24505	12566,32704,105,14763,10104,769,1770
0	1441	31103	12566,32704,105,14763,10104,769,1770
0	1441	31723	12566,32704,105,14763,10104,769,1770
1	1441	4922	12566,32704,105,14763,10104,769,1770
0	1441	4773	12566,32704,105,14763,10104,769,1770,4922
1	1441	5230	12566,32704,105,14763,10104,769,1770,4922
0	1441	6089	12566,32704,105,14763,10104,769,1770,4922,5230
0	1441	4844	12566,32704,105,14763,10104,769,1770,4922,5230
1	1441	7041	12566,32704,105,14763,10104,769,1770,4922,5230
0	1441	8386	12566,32704,105,14763,10104,769,1770,4922,5230,7041
1	1441	9132	12566,32704,105,14763,10104,769,1770,4922,5230,7041
0	1441	9143	12566,32704,105,14763,10104,769,1770,4922,5230,7041,9132
1	1441	10739	12566,32704,105,14763,10104,769,1770,4922,5230,7041,9132
1	1441	14122	12566,32704,105,14763,10104,769,1770,4922,5230,7041,9132,10739
1	1441	15218	12566,32704,105,14763,10104,769,1770,4922,5230,7041,9132,10739,14122
0	1441	15615	12566,32704,105,14763,10104,769,1770,4922,5230,7041,9132,10739,14122,15218
0	1441	19176	12566,32704,105,14763,10104,769,1770,4922,5230,7041,9132,10739,14122,15218
0	1441	19224	12566,32704,105,14763,10104,769,1770,4922,5230,7041,9132,10739,14122,15218
1	1441	19644	12566,32704,105,14763,10104,769,1770,4922,5230,7041,9132,10739,14122,15218
1	1441	17573	12566,32704,105,14763,10104,769,1770,4922,5230,7041,9132,10739,14122,15218,19644
1	1441	15210	12566,32704,105,14763,10104,769,1770,4922,5230,7041,9132,10739,14122,15218,19644,17573
0	1441	16814	12566,32704,105,14763,10104,769,1770,4922,5230,7041,9132,10739,14122,15218,19644,17573,15210
0	1441	23491	12566,32704,105,14763,10104,769,1770,4922,5230,7041,9132,10739,14122,15218,19644,17573,15210
1	1441	23804	12566,32704,105,14763,10104,769,1770,4922,5230,7041,9132,10739,14122,15218,19644,17573,15210
0	1441	23920	12566,32704,105,14763,10104,769,1770,4922,5230,7041,9132,10739,14122,15218,19644,17573,15210,23804
1	1441	24843	12566,32704,105,14763,10104,769,1770,4922,5230,7041,9132,10739,14122,15218,19644,17573,15210,23804
0	1441	23389	12566,32704,105,14763,10104,769,1770,4922,5230,7041,9132,10739,14122,15218,19644,17573,15210,23804,24843
0	1441	25418	12566,32704,105,14763,10104,769,1770,4922,5230,7041,9132,10739,14122,15218,19644,17573,15210,23804,24843
