1	735	8987	0
1	735	2227	8987
0	735	5588	8987,2227
1	735	10420	8987,2227
1	735	10265	8987,2227,10420
1	735	10335	8987,2227,10420,10265
1	735	10276	8987,2227,10420,10265,10335
1	735	9308	8987,2227,10420,10265,10335,10276
1	735	6140	8987,2227,10420,10265,10335,10276,9308
1	735	10418	8987,2227,10420,10265,10335,10276,9308,6140
1	735	5278	8987,2227,10420,10265,10335,10276,9308,6140,10418
1	735	12055	8987,2227,10420,10265,10335,10276,9308,6140,10418,5278
1	735	5267	8987,2227,10420,10265,10335,10276,9308,6140,10418,5278,12055
1	735	3043	8987,2227,10420,10265,10335,10276,9308,6140,10418,5278,12055,5267
1	735	14166	8987,2227,10420,10265,10335,10276,9308,6140,10418,5278,12055,5267,3043
1	735	9608	8987,2227,10420,10265,10335,10276,9308,6140,10418,5278,12055,5267,3043,14166
0	735	13868	8987,2227,10420,10265,10335,10276,9308,6140,10418,5278,12055,5267,3043,14166,9608
1	735	8951	8987,2227,10420,10265,10335,10276,9308,6140,10418,5278,12055,5267,3043,14166,9608
1	735	11592	8987,2227,10420,10265,10335,10276,9308,6140,10418,5278,12055,5267,3043,14166,9608,8951
0	735	10740	8987,2227,10420,10265,10335,10276,9308,6140,10418,5278,12055,5267,3043,14166,9608,8951,11592
1	735	6525	8987,2227,10420,10265,10335,10276,9308,6140,10418,5278,12055,5267,3043,14166,9608,8951,11592
0	735	10220	8987,2227,10420,10265,10335,10276,9308,6140,10418,5278,12055,5267,3043,14166,9608,8951,11592,6525
1	735	12628	8987,2227,10420,10265,10335,10276,9308,6140,10418,5278,12055,5267,3043,14166,9608,8951,11592,6525
1	735	14092	8987,2227,10420,10265,10335,10276,9308,6140,10418,5278,12055,5267,3043,14166,9608,8951,11592,6525,12628
1	735	11560	8987,2227,10420,10265,10335,10276,9308,6140,10418,5278,12055,5267,3043,14166,9608,8951,11592,6525,12628,14092
1	735	9900	8987,2227,10420,10265,10335,10276,9308,6140,10418,5278,12055,5267,3043,14166,9608,8951,11592,6525,12628,14092,11560
1	735	12957	8987,2227,10420,10265,10335,10276,9308,6140,10418,5278,12055,5267,3043,14166,9608,8951,11592,6525,12628,14092,11560,9900
1	735	12979	8987,2227,10420,10265,10335,10276,9308,6140,10418,5278,12055,5267,3043,14166,9608,8951,11592,6525,12628,14092,11560,9900,12957
0	735	12919	8987,2227,10420,10265,10335,10276,9308,6140,10418,5278,12055,5267,3043,14166,9608,8951,11592,6525,12628,14092,11560,9900,12957,12979
1	735	14170	8987,2227,10420,10265,10335,10276,9308,6140,10418,5278,12055,5267,3043,14166,9608,8951,11592,6525,12628,14092,11560,9900,12957,12979
0	735	9180	8987,2227,10420,10265,10335,10276,9308,6140,10418,5278,12055,5267,3043,14166,9608,8951,11592,6525,12628,14092,11560,9900,12957,12979,14170
1	735	15643	8987,2227,10420,10265,10335,10276,9308,6140,10418,5278,12055,5267,3043,14166,9608,8951,11592,6525,12628,14092,11560,9900,12957,12979,14170
1	735	9320	8987,2227,10420,10265,10335,10276,9308,6140,10418,5278,12055,5267,3043,14166,9608,8951,11592,6525,12628,14092,11560,9900,12957,12979,14170,15643
0	735	10129	8987,2227,10420,10265,10335,10276,9308,6140,10418,5278,12055,5267,3043,14166,9608,8951,11592,6525,12628,14092,11560,9900,12957,12979,14170,15643,9320
1	735	31136	8987,2227,10420,10265,10335,10276,9308,6140,10418,5278,12055,5267,3043,14166,9608,8951,11592,6525,12628,14092,11560,9900,12957,12979,14170,15643,9320
0	735	3595	8987,2227,10420,10265,10335,10276,9308,6140,10418,5278,12055,5267,3043,14166,9608,8951,11592,6525,12628,14092,11560,9900,12957,12979,14170,15643,9320,31136
1	735	3798	8987,2227,10420,10265,10335,10276,9308,6140,10418,5278,12055,5267,3043,14166,9608,8951,11592,6525,12628,14092,11560,9900,12957,12979,14170,15643,9320,31136
1	735	12588	8987,2227,10420,10265,10335,10276,9308,6140,10418,5278,12055,5267,3043,14166,9608,8951,11592,6525,12628,14092,11560,9900,12957,12979,14170,15643,9320,31136,3798
1	735	14091	8987,2227,10420,10265,10335,10276,9308,6140,10418,5278,12055,5267,3043,14166,9608,8951,11592,6525,12628,14092,11560,9900,12957,12979,14170,15643,9320,31136,3798,12588
1	735	10139	8987,2227,10420,10265,10335,10276,9308,6140,10418,5278,12055,5267,3043,14166,9608,8951,11592,6525,12628,14092,11560,9900,12957,12979,14170,15643,9320,31136,3798,12588,14091
1	735	5106	8987,2227,10420,10265,10335,10276,9308,6140,10418,5278,12055,5267,3043,14166,9608,8951,11592,6525,12628,14092,11560,9900,12957,12979,14170,15643,9320,31136,3798,12588,14091,10139
1	735	14099	8987,2227,10420,10265,10335,10276,9308,6140,10418,5278,12055,5267,3043,14166,9608,8951,11592,6525,12628,14092,11560,9900,12957,12979,14170,15643,9320,31136,3798,12588,14091,10139,5106
1	735	31067	8987,2227,10420,10265,10335,10276,9308,6140,10418,5278,12055,5267,3043,14166,9608,8951,11592,6525,12628,14092,11560,9900,12957,12979,14170,15643,9320,31136,3798,12588,14091,10139,5106,14099
1	735	12972	8987,2227,10420,10265,10335,10276,9308,6140,10418,5278,12055,5267,3043,14166,9608,8951,11592,6525,12628,14092,11560,9900,12957,12979,14170,15643,9320,31136,3798,12588,14091,10139,5106,14099,31067
1	735	14253	8987,2227,10420,10265,10335,10276,9308,6140,10418,5278,12055,5267,3043,14166,9608,8951,11592,6525,12628,14092,11560,9900,12957,12979,14170,15643,9320,31136,3798,12588,14091,10139,5106,14099,31067,12972
1	735	14779	8987,2227,10420,10265,10335,10276,9308,6140,10418,5278,12055,5267,3043,14166,9608,8951,11592,6525,12628,14092,11560,9900,12957,12979,14170,15643,9320,31136,3798,12588,14091,10139,5106,14099,31067,12972,14253
1	735	17297	8987,2227,10420,10265,10335,10276,9308,6140,10418,5278,12055,5267,3043,14166,9608,8951,11592,6525,12628,14092,11560,9900,12957,12979,14170,15643,9320,31136,3798,12588,14091,10139,5106,14099,31067,12972,14253,14779
1	735	9631	8987,2227,10420,10265,10335,10276,9308,6140,10418,5278,12055,5267,3043,14166,9608,8951,11592,6525,12628,14092,11560,9900,12957,12979,14170,15643,9320,31136,3798,12588,14091,10139,5106,14099,31067,12972,14253,14779,17297
1	735	17872	8987,2227,10420,10265,10335,10276,9308,6140,10418,5278,12055,5267,3043,14166,9608,8951,11592,6525,12628,14092,11560,9900,12957,12979,14170,15643,9320,31136,3798,12588,14091,10139,5106,14099,31067,12972,14253,14779,17297,9631
1	735	15106	8987,2227,10420,10265,10335,10276,9308,6140,10418,5278,12055,5267,3043,14166,9608,8951,11592,6525,12628,14092,11560,9900,12957,12979,14170,15643,9320,31136,3798,12588,14091,10139,5106,14099,31067,12972,14253,14779,17297,9631,17872
0	735	15474	8987,2227,10420,10265,10335,10276,9308,6140,10418,5278,12055,5267,3043,14166,9608,8951,11592,6525,12628,14092,11560,9900,12957,12979,14170,15643,9320,31136,3798,12588,14091,10139,5106,14099,31067,12972,14253,14779,17297,9631,17872,15106
0	735	13107	8987,2227,10420,10265,10335,10276,9308,6140,10418,5278,12055,5267,3043,14166,9608,8951,11592,6525,12628,14092,11560,9900,12957,12979,14170,15643,9320,31136,3798,12588,14091,10139,5106,14099,31067,12972,14253,14779,17297,9631,17872,15106
0	735	17148	8987,2227,10420,10265,10335,10276,9308,6140,10418,5278,12055,5267,3043,14166,9608,8951,11592,6525,12628,14092,11560,9900,12957,12979,14170,15643,9320,31136,3798,12588,14091,10139,5106,14099,31067,12972,14253,14779,17297,9631,17872,15106
1	735	10986	8987,2227,10420,10265,10335,10276,9308,6140,10418,5278,12055,5267,3043,14166,9608,8951,11592,6525,12628,14092,11560,9900,12957,12979,14170,15643,9320,31136,3798,12588,14091,10139,5106,14099,31067,12972,14253,14779,17297,9631,17872,15106
1	735	14310	8987,2227,10420,10265,10335,10276,9308,6140,10418,5278,12055,5267,3043,14166,9608,8951,11592,6525,12628,14092,11560,9900,12957,12979,14170,15643,9320,31136,3798,12588,14091,10139,5106,14099,31067,12972,14253,14779,17297,9631,17872,15106,10986
0	735	14724	8987,2227,10420,10265,10335,10276,9308,6140,10418,5278,12055,5267,3043,14166,9608,8951,11592,6525,12628,14092,11560,9900,12957,12979,14170,15643,9320,31136,3798,12588,14091,10139,5106,14099,31067,12972,14253,14779,17297,9631,17872,15106,10986,14310
1	735	12974	8987,2227,10420,10265,10335,10276,9308,6140,10418,5278,12055,5267,3043,14166,9608,8951,11592,6525,12628,14092,11560,9900,12957,12979,14170,15643,9320,31136,3798,12588,14091,10139,5106,14099,31067,12972,14253,14779,17297,9631,17872,15106,10986,14310
1	735	22232	8987,2227,10420,10265,10335,10276,9308,6140,10418,5278,12055,5267,3043,14166,9608,8951,11592,6525,12628,14092,11560,9900,12957,12979,14170,15643,9320,31136,3798,12588,14091,10139,5106,14099,31067,12972,14253,14779,17297,9631,17872,15106,10986,14310,12974
1	735	17138	8987,2227,10420,10265,10335,10276,9308,6140,10418,5278,12055,5267,3043,14166,9608,8951,11592,6525,12628,14092,11560,9900,12957,12979,14170,15643,9320,31136,3798,12588,14091,10139,5106,14099,31067,12972,14253,14779,17297,9631,17872,15106,10986,14310,12974,22232
1	735	21805	8987,2227,10420,10265,10335,10276,9308,6140,10418,5278,12055,5267,3043,14166,9608,8951,11592,6525,12628,14092,11560,9900,12957,12979,14170,15643,9320,31136,3798,12588,14091,10139,5106,14099,31067,12972,14253,14779,17297,9631,17872,15106,10986,14310,12974,22232,17138
1	735	21090	8987,2227,10420,10265,10335,10276,9308,6140,10418,5278,12055,5267,3043,14166,9608,8951,11592,6525,12628,14092,11560,9900,12957,12979,14170,15643,9320,31136,3798,12588,14091,10139,5106,14099,31067,12972,14253,14779,17297,9631,17872,15106,10986,14310,12974,22232,17138,21805
1	735	23529	8987,2227,10420,10265,10335,10276,9308,6140,10418,5278,12055,5267,3043,14166,9608,8951,11592,6525,12628,14092,11560,9900,12957,12979,14170,15643,9320,31136,3798,12588,14091,10139,5106,14099,31067,12972,14253,14779,17297,9631,17872,15106,10986,14310,12974,22232,17138,21805,21090
1	735	2000	8987,2227,10420,10265,10335,10276,9308,6140,10418,5278,12055,5267,3043,14166,9608,8951,11592,6525,12628,14092,11560,9900,12957,12979,14170,15643,9320,31136,3798,12588,14091,10139,5106,14099,31067,12972,14253,14779,17297,9631,17872,15106,10986,14310,12974,22232,17138,21805,21090,23529
0	735	11843	8987,2227,10420,10265,10335,10276,9308,6140,10418,5278,12055,5267,3043,14166,9608,8951,11592,6525,12628,14092,11560,9900,12957,12979,14170,15643,9320,31136,3798,12588,14091,10139,5106,14099,31067,12972,14253,14779,17297,9631,17872,15106,10986,14310,12974,22232,17138,21805,21090,23529,2000
1	735	9434	8987,2227,10420,10265,10335,10276,9308,6140,10418,5278,12055,5267,3043,14166,9608,8951,11592,6525,12628,14092,11560,9900,12957,12979,14170,15643,9320,31136,3798,12588,14091,10139,5106,14099,31067,12972,14253,14779,17297,9631,17872,15106,10986,14310,12974,22232,17138,21805,21090,23529,2000
1	735	10357	8987,2227,10420,10265,10335,10276,9308,6140,10418,5278,12055,5267,3043,14166,9608,8951,11592,6525,12628,14092,11560,9900,12957,12979,14170,15643,9320,31136,3798,12588,14091,10139,5106,14099,31067,12972,14253,14779,17297,9631,17872,15106,10986,14310,12974,22232,17138,21805,21090,23529,2000,9434
1	735	18860	8987,2227,10420,10265,10335,10276,9308,6140,10418,5278,12055,5267,3043,14166,9608,8951,11592,6525,12628,14092,11560,9900,12957,12979,14170,15643,9320,31136,3798,12588,14091,10139,5106,14099,31067,12972,14253,14779,17297,9631,17872,15106,10986,14310,12974,22232,17138,21805,21090,23529,2000,9434,10357
1	735	23244	8987,2227,10420,10265,10335,10276,9308,6140,10418,5278,12055,5267,3043,14166,9608,8951,11592,6525,12628,14092,11560,9900,12957,12979,14170,15643,9320,31136,3798,12588,14091,10139,5106,14099,31067,12972,14253,14779,17297,9631,17872,15106,10986,14310,12974,22232,17138,21805,21090,23529,2000,9434,10357,18860
1	735	24024	8987,2227,10420,10265,10335,10276,9308,6140,10418,5278,12055,5267,3043,14166,9608,8951,11592,6525,12628,14092,11560,9900,12957,12979,14170,15643,9320,31136,3798,12588,14091,10139,5106,14099,31067,12972,14253,14779,17297,9631,17872,15106,10986,14310,12974,22232,17138,21805,21090,23529,2000,9434,10357,18860,23244
1	735	25239	8987,2227,10420,10265,10335,10276,9308,6140,10418,5278,12055,5267,3043,14166,9608,8951,11592,6525,12628,14092,11560,9900,12957,12979,14170,15643,9320,31136,3798,12588,14091,10139,5106,14099,31067,12972,14253,14779,17297,9631,17872,15106,10986,14310,12974,22232,17138,21805,21090,23529,2000,9434,10357,18860,23244,24024
1	735	25319	8987,2227,10420,10265,10335,10276,9308,6140,10418,5278,12055,5267,3043,14166,9608,8951,11592,6525,12628,14092,11560,9900,12957,12979,14170,15643,9320,31136,3798,12588,14091,10139,5106,14099,31067,12972,14253,14779,17297,9631,17872,15106,10986,14310,12974,22232,17138,21805,21090,23529,2000,9434,10357,18860,23244,24024,25239
1	735	19185	8987,2227,10420,10265,10335,10276,9308,6140,10418,5278,12055,5267,3043,14166,9608,8951,11592,6525,12628,14092,11560,9900,12957,12979,14170,15643,9320,31136,3798,12588,14091,10139,5106,14099,31067,12972,14253,14779,17297,9631,17872,15106,10986,14310,12974,22232,17138,21805,21090,23529,2000,9434,10357,18860,23244,24024,25239,25319
1	735	19383	8987,2227,10420,10265,10335,10276,9308,6140,10418,5278,12055,5267,3043,14166,9608,8951,11592,6525,12628,14092,11560,9900,12957,12979,14170,15643,9320,31136,3798,12588,14091,10139,5106,14099,31067,12972,14253,14779,17297,9631,17872,15106,10986,14310,12974,22232,17138,21805,21090,23529,2000,9434,10357,18860,23244,24024,25239,25319,19185
1	735	26380	8987,2227,10420,10265,10335,10276,9308,6140,10418,5278,12055,5267,3043,14166,9608,8951,11592,6525,12628,14092,11560,9900,12957,12979,14170,15643,9320,31136,3798,12588,14091,10139,5106,14099,31067,12972,14253,14779,17297,9631,17872,15106,10986,14310,12974,22232,17138,21805,21090,23529,2000,9434,10357,18860,23244,24024,25239,25319,19185,19383
0	735	18951	8987,2227,10420,10265,10335,10276,9308,6140,10418,5278,12055,5267,3043,14166,9608,8951,11592,6525,12628,14092,11560,9900,12957,12979,14170,15643,9320,31136,3798,12588,14091,10139,5106,14099,31067,12972,14253,14779,17297,9631,17872,15106,10986,14310,12974,22232,17138,21805,21090,23529,2000,9434,10357,18860,23244,24024,25239,25319,19185,19383,26380
1	735	21807	8987,2227,10420,10265,10335,10276,9308,6140,10418,5278,12055,5267,3043,14166,9608,8951,11592,6525,12628,14092,11560,9900,12957,12979,14170,15643,9320,31136,3798,12588,14091,10139,5106,14099,31067,12972,14253,14779,17297,9631,17872,15106,10986,14310,12974,22232,17138,21805,21090,23529,2000,9434,10357,18860,23244,24024,25239,25319,19185,19383,26380
1	735	26411	8987,2227,10420,10265,10335,10276,9308,6140,10418,5278,12055,5267,3043,14166,9608,8951,11592,6525,12628,14092,11560,9900,12957,12979,14170,15643,9320,31136,3798,12588,14091,10139,5106,14099,31067,12972,14253,14779,17297,9631,17872,15106,10986,14310,12974,22232,17138,21805,21090,23529,2000,9434,10357,18860,23244,24024,25239,25319,19185,19383,26380,21807
1	735	14934	8987,2227,10420,10265,10335,10276,9308,6140,10418,5278,12055,5267,3043,14166,9608,8951,11592,6525,12628,14092,11560,9900,12957,12979,14170,15643,9320,31136,3798,12588,14091,10139,5106,14099,31067,12972,14253,14779,17297,9631,17872,15106,10986,14310,12974,22232,17138,21805,21090,23529,2000,9434,10357,18860,23244,24024,25239,25319,19185,19383,26380,21807,26411
1	735	9498	8987,2227,10420,10265,10335,10276,9308,6140,10418,5278,12055,5267,3043,14166,9608,8951,11592,6525,12628,14092,11560,9900,12957,12979,14170,15643,9320,31136,3798,12588,14091,10139,5106,14099,31067,12972,14253,14779,17297,9631,17872,15106,10986,14310,12974,22232,17138,21805,21090,23529,2000,9434,10357,18860,23244,24024,25239,25319,19185,19383,26380,21807,26411,14934
1	735	20338	8987,2227,10420,10265,10335,10276,9308,6140,10418,5278,12055,5267,3043,14166,9608,8951,11592,6525,12628,14092,11560,9900,12957,12979,14170,15643,9320,31136,3798,12588,14091,10139,5106,14099,31067,12972,14253,14779,17297,9631,17872,15106,10986,14310,12974,22232,17138,21805,21090,23529,2000,9434,10357,18860,23244,24024,25239,25319,19185,19383,26380,21807,26411,14934,9498
1	735	19353	8987,2227,10420,10265,10335,10276,9308,6140,10418,5278,12055,5267,3043,14166,9608,8951,11592,6525,12628,14092,11560,9900,12957,12979,14170,15643,9320,31136,3798,12588,14091,10139,5106,14099,31067,12972,14253,14779,17297,9631,17872,15106,10986,14310,12974,22232,17138,21805,21090,23529,2000,9434,10357,18860,23244,24024,25239,25319,19185,19383,26380,21807,26411,14934,9498,20338
0	735	2538	8987,2227,10420,10265,10335,10276,9308,6140,10418,5278,12055,5267,3043,14166,9608,8951,11592,6525,12628,14092,11560,9900,12957,12979,14170,15643,9320,31136,3798,12588,14091,10139,5106,14099,31067,12972,14253,14779,17297,9631,17872,15106,10986,14310,12974,22232,17138,21805,21090,23529,2000,9434,10357,18860,23244,24024,25239,25319,19185,19383,26380,21807,26411,14934,9498,20338,19353
1	735	17645	8987,2227,10420,10265,10335,10276,9308,6140,10418,5278,12055,5267,3043,14166,9608,8951,11592,6525,12628,14092,11560,9900,12957,12979,14170,15643,9320,31136,3798,12588,14091,10139,5106,14099,31067,12972,14253,14779,17297,9631,17872,15106,10986,14310,12974,22232,17138,21805,21090,23529,2000,9434,10357,18860,23244,24024,25239,25319,19185,19383,26380,21807,26411,14934,9498,20338,19353
1	735	25241	8987,2227,10420,10265,10335,10276,9308,6140,10418,5278,12055,5267,3043,14166,9608,8951,11592,6525,12628,14092,11560,9900,12957,12979,14170,15643,9320,31136,3798,12588,14091,10139,5106,14099,31067,12972,14253,14779,17297,9631,17872,15106,10986,14310,12974,22232,17138,21805,21090,23529,2000,9434,10357,18860,23244,24024,25239,25319,19185,19383,26380,21807,26411,14934,9498,20338,19353,17645
1	735	28988	8987,2227,10420,10265,10335,10276,9308,6140,10418,5278,12055,5267,3043,14166,9608,8951,11592,6525,12628,14092,11560,9900,12957,12979,14170,15643,9320,31136,3798,12588,14091,10139,5106,14099,31067,12972,14253,14779,17297,9631,17872,15106,10986,14310,12974,22232,17138,21805,21090,23529,2000,9434,10357,18860,23244,24024,25239,25319,19185,19383,26380,21807,26411,14934,9498,20338,19353,17645,25241
1	735	27462	8987,2227,10420,10265,10335,10276,9308,6140,10418,5278,12055,5267,3043,14166,9608,8951,11592,6525,12628,14092,11560,9900,12957,12979,14170,15643,9320,31136,3798,12588,14091,10139,5106,14099,31067,12972,14253,14779,17297,9631,17872,15106,10986,14310,12974,22232,17138,21805,21090,23529,2000,9434,10357,18860,23244,24024,25239,25319,19185,19383,26380,21807,26411,14934,9498,20338,19353,17645,25241,28988
1	735	27948	8987,2227,10420,10265,10335,10276,9308,6140,10418,5278,12055,5267,3043,14166,9608,8951,11592,6525,12628,14092,11560,9900,12957,12979,14170,15643,9320,31136,3798,12588,14091,10139,5106,14099,31067,12972,14253,14779,17297,9631,17872,15106,10986,14310,12974,22232,17138,21805,21090,23529,2000,9434,10357,18860,23244,24024,25239,25319,19185,19383,26380,21807,26411,14934,9498,20338,19353,17645,25241,28988,27462
1	735	21105	8987,2227,10420,10265,10335,10276,9308,6140,10418,5278,12055,5267,3043,14166,9608,8951,11592,6525,12628,14092,11560,9900,12957,12979,14170,15643,9320,31136,3798,12588,14091,10139,5106,14099,31067,12972,14253,14779,17297,9631,17872,15106,10986,14310,12974,22232,17138,21805,21090,23529,2000,9434,10357,18860,23244,24024,25239,25319,19185,19383,26380,21807,26411,14934,9498,20338,19353,17645,25241,28988,27462,27948
0	735	19174	8987,2227,10420,10265,10335,10276,9308,6140,10418,5278,12055,5267,3043,14166,9608,8951,11592,6525,12628,14092,11560,9900,12957,12979,14170,15643,9320,31136,3798,12588,14091,10139,5106,14099,31067,12972,14253,14779,17297,9631,17872,15106,10986,14310,12974,22232,17138,21805,21090,23529,2000,9434,10357,18860,23244,24024,25239,25319,19185,19383,26380,21807,26411,14934,9498,20338,19353,17645,25241,28988,27462,27948,21105
1	735	19041	8987,2227,10420,10265,10335,10276,9308,6140,10418,5278,12055,5267,3043,14166,9608,8951,11592,6525,12628,14092,11560,9900,12957,12979,14170,15643,9320,31136,3798,12588,14091,10139,5106,14099,31067,12972,14253,14779,17297,9631,17872,15106,10986,14310,12974,22232,17138,21805,21090,23529,2000,9434,10357,18860,23244,24024,25239,25319,19185,19383,26380,21807,26411,14934,9498,20338,19353,17645,25241,28988,27462,27948,21105
