0	808	7722	0
0	808	1623	0
1	808	4277	0
0	808	11724	4277
1	808	1440	4277
1	808	2564	4277,1440
1	808	6894	4277,1440,2564
1	808	11206	4277,1440,2564,6894
1	808	14101	4277,1440,2564,6894,11206
1	808	13042	4277,1440,2564,6894,11206,14101
1	808	7355	4277,1440,2564,6894,11206,14101,13042
1	808	3210	4277,1440,2564,6894,11206,14101,13042,7355
1	808	80	4277,1440,2564,6894,11206,14101,13042,7355,3210
1	808	8695	4277,1440,2564,6894,11206,14101,13042,7355,3210,80
1	808	9273	4277,1440,2564,6894,11206,14101,13042,7355,3210,80,8695
1	808	13674	4277,1440,2564,6894,11206,14101,13042,7355,3210,80,8695,9273
1	808	8882	4277,1440,2564,6894,11206,14101,13042,7355,3210,80,8695,9273,13674
0	808	10674	4277,1440,2564,6894,11206,14101,13042,7355,3210,80,8695,9273,13674,8882
1	808	9561	4277,1440,2564,6894,11206,14101,13042,7355,3210,80,8695,9273,13674,8882
0	808	13546	4277,1440,2564,6894,11206,14101,13042,7355,3210,80,8695,9273,13674,8882,9561
1	808	14694	4277,1440,2564,6894,11206,14101,13042,7355,3210,80,8695,9273,13674,8882,9561
1	808	16016	4277,1440,2564,6894,11206,14101,13042,7355,3210,80,8695,9273,13674,8882,9561,14694
0	808	13847	4277,1440,2564,6894,11206,14101,13042,7355,3210,80,8695,9273,13674,8882,9561,14694,16016
1	808	6987	4277,1440,2564,6894,11206,14101,13042,7355,3210,80,8695,9273,13674,8882,9561,14694,16016
1	808	16346	4277,1440,2564,6894,11206,14101,13042,7355,3210,80,8695,9273,13674,8882,9561,14694,16016,6987
1	808	9062	4277,1440,2564,6894,11206,14101,13042,7355,3210,80,8695,9273,13674,8882,9561,14694,16016,6987,16346
0	808	8707	4277,1440,2564,6894,11206,14101,13042,7355,3210,80,8695,9273,13674,8882,9561,14694,16016,6987,16346,9062
0	808	13189	4277,1440,2564,6894,11206,14101,13042,7355,3210,80,8695,9273,13674,8882,9561,14694,16016,6987,16346,9062
1	808	31076	4277,1440,2564,6894,11206,14101,13042,7355,3210,80,8695,9273,13674,8882,9561,14694,16016,6987,16346,9062
1	808	16923	4277,1440,2564,6894,11206,14101,13042,7355,3210,80,8695,9273,13674,8882,9561,14694,16016,6987,16346,9062,31076
1	808	20006	4277,1440,2564,6894,11206,14101,13042,7355,3210,80,8695,9273,13674,8882,9561,14694,16016,6987,16346,9062,31076,16923
1	808	4837	4277,1440,2564,6894,11206,14101,13042,7355,3210,80,8695,9273,13674,8882,9561,14694,16016,6987,16346,9062,31076,16923,20006
1	808	12935	4277,1440,2564,6894,11206,14101,13042,7355,3210,80,8695,9273,13674,8882,9561,14694,16016,6987,16346,9062,31076,16923,20006,4837
1	808	5122	4277,1440,2564,6894,11206,14101,13042,7355,3210,80,8695,9273,13674,8882,9561,14694,16016,6987,16346,9062,31076,16923,20006,4837,12935
1	808	7221	4277,1440,2564,6894,11206,14101,13042,7355,3210,80,8695,9273,13674,8882,9561,14694,16016,6987,16346,9062,31076,16923,20006,4837,12935,5122
1	808	16447	4277,1440,2564,6894,11206,14101,13042,7355,3210,80,8695,9273,13674,8882,9561,14694,16016,6987,16346,9062,31076,16923,20006,4837,12935,5122,7221
1	808	15690	4277,1440,2564,6894,11206,14101,13042,7355,3210,80,8695,9273,13674,8882,9561,14694,16016,6987,16346,9062,31076,16923,20006,4837,12935,5122,7221,16447
0	808	2744	4277,1440,2564,6894,11206,14101,13042,7355,3210,80,8695,9273,13674,8882,9561,14694,16016,6987,16346,9062,31076,16923,20006,4837,12935,5122,7221,16447,15690
1	808	10535	4277,1440,2564,6894,11206,14101,13042,7355,3210,80,8695,9273,13674,8882,9561,14694,16016,6987,16346,9062,31076,16923,20006,4837,12935,5122,7221,16447,15690
0	808	6246	4277,1440,2564,6894,11206,14101,13042,7355,3210,80,8695,9273,13674,8882,9561,14694,16016,6987,16346,9062,31076,16923,20006,4837,12935,5122,7221,16447,15690,10535
0	808	32160	4277,1440,2564,6894,11206,14101,13042,7355,3210,80,8695,9273,13674,8882,9561,14694,16016,6987,16346,9062,31076,16923,20006,4837,12935,5122,7221,16447,15690,10535
0	808	13659	4277,1440,2564,6894,11206,14101,13042,7355,3210,80,8695,9273,13674,8882,9561,14694,16016,6987,16346,9062,31076,16923,20006,4837,12935,5122,7221,16447,15690,10535
1	808	15518	4277,1440,2564,6894,11206,14101,13042,7355,3210,80,8695,9273,13674,8882,9561,14694,16016,6987,16346,9062,31076,16923,20006,4837,12935,5122,7221,16447,15690,10535
1	808	16446	4277,1440,2564,6894,11206,14101,13042,7355,3210,80,8695,9273,13674,8882,9561,14694,16016,6987,16346,9062,31076,16923,20006,4837,12935,5122,7221,16447,15690,10535,15518
1	808	24136	4277,1440,2564,6894,11206,14101,13042,7355,3210,80,8695,9273,13674,8882,9561,14694,16016,6987,16346,9062,31076,16923,20006,4837,12935,5122,7221,16447,15690,10535,15518,16446
1	808	13920	4277,1440,2564,6894,11206,14101,13042,7355,3210,80,8695,9273,13674,8882,9561,14694,16016,6987,16346,9062,31076,16923,20006,4837,12935,5122,7221,16447,15690,10535,15518,16446,24136
0	808	17162	4277,1440,2564,6894,11206,14101,13042,7355,3210,80,8695,9273,13674,8882,9561,14694,16016,6987,16346,9062,31076,16923,20006,4837,12935,5122,7221,16447,15690,10535,15518,16446,24136,13920
0	808	1070	4277,1440,2564,6894,11206,14101,13042,7355,3210,80,8695,9273,13674,8882,9561,14694,16016,6987,16346,9062,31076,16923,20006,4837,12935,5122,7221,16447,15690,10535,15518,16446,24136,13920
1	808	8412	4277,1440,2564,6894,11206,14101,13042,7355,3210,80,8695,9273,13674,8882,9561,14694,16016,6987,16346,9062,31076,16923,20006,4837,12935,5122,7221,16447,15690,10535,15518,16446,24136,13920
1	808	1571	4277,1440,2564,6894,11206,14101,13042,7355,3210,80,8695,9273,13674,8882,9561,14694,16016,6987,16346,9062,31076,16923,20006,4837,12935,5122,7221,16447,15690,10535,15518,16446,24136,13920,8412
1	808	5377	4277,1440,2564,6894,11206,14101,13042,7355,3210,80,8695,9273,13674,8882,9561,14694,16016,6987,16346,9062,31076,16923,20006,4837,12935,5122,7221,16447,15690,10535,15518,16446,24136,13920,8412,1571
1	808	5950	4277,1440,2564,6894,11206,14101,13042,7355,3210,80,8695,9273,13674,8882,9561,14694,16016,6987,16346,9062,31076,16923,20006,4837,12935,5122,7221,16447,15690,10535,15518,16446,24136,13920,8412,1571,5377
0	808	8738	4277,1440,2564,6894,11206,14101,13042,7355,3210,80,8695,9273,13674,8882,9561,14694,16016,6987,16346,9062,31076,16923,20006,4837,12935,5122,7221,16447,15690,10535,15518,16446,24136,13920,8412,1571,5377,5950
1	808	14909	4277,1440,2564,6894,11206,14101,13042,7355,3210,80,8695,9273,13674,8882,9561,14694,16016,6987,16346,9062,31076,16923,20006,4837,12935,5122,7221,16447,15690,10535,15518,16446,24136,13920,8412,1571,5377,5950
1	808	16171	4277,1440,2564,6894,11206,14101,13042,7355,3210,80,8695,9273,13674,8882,9561,14694,16016,6987,16346,9062,31076,16923,20006,4837,12935,5122,7221,16447,15690,10535,15518,16446,24136,13920,8412,1571,5377,5950,14909
1	808	17429	4277,1440,2564,6894,11206,14101,13042,7355,3210,80,8695,9273,13674,8882,9561,14694,16016,6987,16346,9062,31076,16923,20006,4837,12935,5122,7221,16447,15690,10535,15518,16446,24136,13920,8412,1571,5377,5950,14909,16171
0	808	388	4277,1440,2564,6894,11206,14101,13042,7355,3210,80,8695,9273,13674,8882,9561,14694,16016,6987,16346,9062,31076,16923,20006,4837,12935,5122,7221,16447,15690,10535,15518,16446,24136,13920,8412,1571,5377,5950,14909,16171,17429
1	808	9970	4277,1440,2564,6894,11206,14101,13042,7355,3210,80,8695,9273,13674,8882,9561,14694,16016,6987,16346,9062,31076,16923,20006,4837,12935,5122,7221,16447,15690,10535,15518,16446,24136,13920,8412,1571,5377,5950,14909,16171,17429
1	808	24222	4277,1440,2564,6894,11206,14101,13042,7355,3210,80,8695,9273,13674,8882,9561,14694,16016,6987,16346,9062,31076,16923,20006,4837,12935,5122,7221,16447,15690,10535,15518,16446,24136,13920,8412,1571,5377,5950,14909,16171,17429,9970
1	808	18902	4277,1440,2564,6894,11206,14101,13042,7355,3210,80,8695,9273,13674,8882,9561,14694,16016,6987,16346,9062,31076,16923,20006,4837,12935,5122,7221,16447,15690,10535,15518,16446,24136,13920,8412,1571,5377,5950,14909,16171,17429,9970,24222
1	808	16494	4277,1440,2564,6894,11206,14101,13042,7355,3210,80,8695,9273,13674,8882,9561,14694,16016,6987,16346,9062,31076,16923,20006,4837,12935,5122,7221,16447,15690,10535,15518,16446,24136,13920,8412,1571,5377,5950,14909,16171,17429,9970,24222,18902
0	808	13550	4277,1440,2564,6894,11206,14101,13042,7355,3210,80,8695,9273,13674,8882,9561,14694,16016,6987,16346,9062,31076,16923,20006,4837,12935,5122,7221,16447,15690,10535,15518,16446,24136,13920,8412,1571,5377,5950,14909,16171,17429,9970,24222,18902,16494
