0	1727	32462	0
0	1727	32552	0
0	1727	4714	0
1	1727	4046	0
0	1727	3948	4046
1	1727	1042	4046
1	1727	2347	4046,1042
1	1727	1636	4046,1042,2347
0	1727	2175	4046,1042,2347,1636
1	1727	3151	4046,1042,2347,1636
0	1727	8659	4046,1042,2347,1636,3151
0	1727	17023	4046,1042,2347,1636,3151
0	1727	401	4046,1042,2347,1636,3151
0	1727	1812	4046,1042,2347,1636,3151
1	1727	32888	4046,1042,2347,1636,3151
0	1727	10549	4046,1042,2347,1636,3151,32888
0	1727	3731	4046,1042,2347,1636,3151,32888
0	1727	3749	4046,1042,2347,1636,3151,32888
1	1727	12509	4046,1042,2347,1636,3151,32888
0	1727	10147	4046,1042,2347,1636,3151,32888,12509
1	1727	4333	4046,1042,2347,1636,3151,32888,12509
1	1727	6987	4046,1042,2347,1636,3151,32888,12509,4333
0	1727	6410	4046,1042,2347,1636,3151,32888,12509,4333,6987
0	1727	5210	4046,1042,2347,1636,3151,32888,12509,4333,6987
1	1727	18100	4046,1042,2347,1636,3151,32888,12509,4333,6987
1	1727	12331	4046,1042,2347,1636,3151,32888,12509,4333,6987,18100
0	1727	2109	4046,1042,2347,1636,3151,32888,12509,4333,6987,18100,12331
1	1727	15689	4046,1042,2347,1636,3151,32888,12509,4333,6987,18100,12331
0	1727	15769	4046,1042,2347,1636,3151,32888,12509,4333,6987,18100,12331,15689
1	1727	32807	4046,1042,2347,1636,3151,32888,12509,4333,6987,18100,12331,15689
0	1727	23396	4046,1042,2347,1636,3151,32888,12509,4333,6987,18100,12331,15689,32807
1	1727	18096	4046,1042,2347,1636,3151,32888,12509,4333,6987,18100,12331,15689,32807
0	1727	19886	4046,1042,2347,1636,3151,32888,12509,4333,6987,18100,12331,15689,32807,18096
1	1727	10404	4046,1042,2347,1636,3151,32888,12509,4333,6987,18100,12331,15689,32807,18096
1	1727	9968	4046,1042,2347,1636,3151,32888,12509,4333,6987,18100,12331,15689,32807,18096,10404
1	1727	10154	4046,1042,2347,1636,3151,32888,12509,4333,6987,18100,12331,15689,32807,18096,10404,9968
0	1727	19355	4046,1042,2347,1636,3151,32888,12509,4333,6987,18100,12331,15689,32807,18096,10404,9968,10154
1	1727	6269	4046,1042,2347,1636,3151,32888,12509,4333,6987,18100,12331,15689,32807,18096,10404,9968,10154
0	1727	7863	4046,1042,2347,1636,3151,32888,12509,4333,6987,18100,12331,15689,32807,18096,10404,9968,10154,6269
0	1727	9585	4046,1042,2347,1636,3151,32888,12509,4333,6987,18100,12331,15689,32807,18096,10404,9968,10154,6269
1	1727	13780	4046,1042,2347,1636,3151,32888,12509,4333,6987,18100,12331,15689,32807,18096,10404,9968,10154,6269
1	1727	13988	4046,1042,2347,1636,3151,32888,12509,4333,6987,18100,12331,15689,32807,18096,10404,9968,10154,6269,13780
1	1727	14988	4046,1042,2347,1636,3151,32888,12509,4333,6987,18100,12331,15689,32807,18096,10404,9968,10154,6269,13780,13988
1	1727	23143	4046,1042,2347,1636,3151,32888,12509,4333,6987,18100,12331,15689,32807,18096,10404,9968,10154,6269,13780,13988,14988
0	1727	24916	4046,1042,2347,1636,3151,32888,12509,4333,6987,18100,12331,15689,32807,18096,10404,9968,10154,6269,13780,13988,14988,23143
0	1727	20113	4046,1042,2347,1636,3151,32888,12509,4333,6987,18100,12331,15689,32807,18096,10404,9968,10154,6269,13780,13988,14988,23143
1	1727	162	4046,1042,2347,1636,3151,32888,12509,4333,6987,18100,12331,15689,32807,18096,10404,9968,10154,6269,13780,13988,14988,23143
0	1727	105	4046,1042,2347,1636,3151,32888,12509,4333,6987,18100,12331,15689,32807,18096,10404,9968,10154,6269,13780,13988,14988,23143,162
1	1727	20198	4046,1042,2347,1636,3151,32888,12509,4333,6987,18100,12331,15689,32807,18096,10404,9968,10154,6269,13780,13988,14988,23143,162
1	1727	12905	4046,1042,2347,1636,3151,32888,12509,4333,6987,18100,12331,15689,32807,18096,10404,9968,10154,6269,13780,13988,14988,23143,162,20198
0	1727	20239	4046,1042,2347,1636,3151,32888,12509,4333,6987,18100,12331,15689,32807,18096,10404,9968,10154,6269,13780,13988,14988,23143,162,20198,12905
0	1727	5400	4046,1042,2347,1636,3151,32888,12509,4333,6987,18100,12331,15689,32807,18096,10404,9968,10154,6269,13780,13988,14988,23143,162,20198,12905
0	1727	22391	4046,1042,2347,1636,3151,32888,12509,4333,6987,18100,12331,15689,32807,18096,10404,9968,10154,6269,13780,13988,14988,23143,162,20198,12905
0	1727	23765	4046,1042,2347,1636,3151,32888,12509,4333,6987,18100,12331,15689,32807,18096,10404,9968,10154,6269,13780,13988,14988,23143,162,20198,12905
0	1727	10444	4046,1042,2347,1636,3151,32888,12509,4333,6987,18100,12331,15689,32807,18096,10404,9968,10154,6269,13780,13988,14988,23143,162,20198,12905
0	1727	7988	4046,1042,2347,1636,3151,32888,12509,4333,6987,18100,12331,15689,32807,18096,10404,9968,10154,6269,13780,13988,14988,23143,162,20198,12905
0	1727	18067	4046,1042,2347,1636,3151,32888,12509,4333,6987,18100,12331,15689,32807,18096,10404,9968,10154,6269,13780,13988,14988,23143,162,20198,12905
1	1727	18108	4046,1042,2347,1636,3151,32888,12509,4333,6987,18100,12331,15689,32807,18096,10404,9968,10154,6269,13780,13988,14988,23143,162,20198,12905
1	1727	12649	4046,1042,2347,1636,3151,32888,12509,4333,6987,18100,12331,15689,32807,18096,10404,9968,10154,6269,13780,13988,14988,23143,162,20198,12905,18108
0	1727	19826	4046,1042,2347,1636,3151,32888,12509,4333,6987,18100,12331,15689,32807,18096,10404,9968,10154,6269,13780,13988,14988,23143,162,20198,12905,18108,12649
1	1727	10175	4046,1042,2347,1636,3151,32888,12509,4333,6987,18100,12331,15689,32807,18096,10404,9968,10154,6269,13780,13988,14988,23143,162,20198,12905,18108,12649
1	1727	28509	4046,1042,2347,1636,3151,32888,12509,4333,6987,18100,12331,15689,32807,18096,10404,9968,10154,6269,13780,13988,14988,23143,162,20198,12905,18108,12649,10175
0	1727	1660	4046,1042,2347,1636,3151,32888,12509,4333,6987,18100,12331,15689,32807,18096,10404,9968,10154,6269,13780,13988,14988,23143,162,20198,12905,18108,12649,10175,28509
0	1727	6145	4046,1042,2347,1636,3151,32888,12509,4333,6987,18100,12331,15689,32807,18096,10404,9968,10154,6269,13780,13988,14988,23143,162,20198,12905,18108,12649,10175,28509
0	1727	7088	4046,1042,2347,1636,3151,32888,12509,4333,6987,18100,12331,15689,32807,18096,10404,9968,10154,6269,13780,13988,14988,23143,162,20198,12905,18108,12649,10175,28509
1	1727	8512	4046,1042,2347,1636,3151,32888,12509,4333,6987,18100,12331,15689,32807,18096,10404,9968,10154,6269,13780,13988,14988,23143,162,20198,12905,18108,12649,10175,28509
0	1727	9411	4046,1042,2347,1636,3151,32888,12509,4333,6987,18100,12331,15689,32807,18096,10404,9968,10154,6269,13780,13988,14988,23143,162,20198,12905,18108,12649,10175,28509,8512
1	1727	11576	4046,1042,2347,1636,3151,32888,12509,4333,6987,18100,12331,15689,32807,18096,10404,9968,10154,6269,13780,13988,14988,23143,162,20198,12905,18108,12649,10175,28509,8512
0	1727	11745	4046,1042,2347,1636,3151,32888,12509,4333,6987,18100,12331,15689,32807,18096,10404,9968,10154,6269,13780,13988,14988,23143,162,20198,12905,18108,12649,10175,28509,8512,11576
0	1727	15574	4046,1042,2347,1636,3151,32888,12509,4333,6987,18100,12331,15689,32807,18096,10404,9968,10154,6269,13780,13988,14988,23143,162,20198,12905,18108,12649,10175,28509,8512,11576
1	1727	19636	4046,1042,2347,1636,3151,32888,12509,4333,6987,18100,12331,15689,32807,18096,10404,9968,10154,6269,13780,13988,14988,23143,162,20198,12905,18108,12649,10175,28509,8512,11576
0	1727	20035	4046,1042,2347,1636,3151,32888,12509,4333,6987,18100,12331,15689,32807,18096,10404,9968,10154,6269,13780,13988,14988,23143,162,20198,12905,18108,12649,10175,28509,8512,11576,19636
1	1727	8998	4046,1042,2347,1636,3151,32888,12509,4333,6987,18100,12331,15689,32807,18096,10404,9968,10154,6269,13780,13988,14988,23143,162,20198,12905,18108,12649,10175,28509,8512,11576,19636
0	1727	31792	4046,1042,2347,1636,3151,32888,12509,4333,6987,18100,12331,15689,32807,18096,10404,9968,10154,6269,13780,13988,14988,23143,162,20198,12905,18108,12649,10175,28509,8512,11576,19636,8998
0	1727	8346	4046,1042,2347,1636,3151,32888,12509,4333,6987,18100,12331,15689,32807,18096,10404,9968,10154,6269,13780,13988,14988,23143,162,20198,12905,18108,12649,10175,28509,8512,11576,19636,8998
