0	267	30850	0
1	267	32173	0
0	267	31969	32173
0	267	32013	32173
0	267	32089	32173
1	267	32837	32173
0	267	32851	32173,32837
0	267	28856	32173,32837
1	267	31582	32173,32837
1	267	725	32173,32837,31582
1	267	1034	32173,32837,31582,725
1	267	721	32173,32837,31582,725,1034
0	267	32862	32173,32837,31582,725,1034,721
0	267	342	32173,32837,31582,725,1034,721
1	267	29134	32173,32837,31582,725,1034,721
1	267	28888	32173,32837,31582,725,1034,721,29134
0	267	31273	32173,32837,31582,725,1034,721,29134,28888
0	267	32783	32173,32837,31582,725,1034,721,29134,28888
0	267	13868	32173,32837,31582,725,1034,721,29134,28888
0	267	8465	32173,32837,31582,725,1034,721,29134,28888
0	267	6743	32173,32837,31582,725,1034,721,29134,28888
0	267	20684	32173,32837,31582,725,1034,721,29134,28888
0	267	9184	32173,32837,31582,725,1034,721,29134,28888
0	267	28617	32173,32837,31582,725,1034,721,29134,28888
1	267	24338	32173,32837,31582,725,1034,721,29134,28888
1	267	23381	32173,32837,31582,725,1034,721,29134,28888,24338
0	267	24573	32173,32837,31582,725,1034,721,29134,28888,24338,23381
0	267	21291	32173,32837,31582,725,1034,721,29134,28888,24338,23381
0	267	24449	32173,32837,31582,725,1034,721,29134,28888,24338,23381
0	267	23290	32173,32837,31582,725,1034,721,29134,28888,24338,23381
0	267	21039	32173,32837,31582,725,1034,721,29134,28888,24338,23381
0	267	17634	32173,32837,31582,725,1034,721,29134,28888,24338,23381
0	267	21830	32173,32837,31582,725,1034,721,29134,28888,24338,23381
1	267	24268	32173,32837,31582,725,1034,721,29134,28888,24338,23381
0	267	17132	32173,32837,31582,725,1034,721,29134,28888,24338,23381,24268
1	267	20636	32173,32837,31582,725,1034,721,29134,28888,24338,23381,24268
1	267	8490	32173,32837,31582,725,1034,721,29134,28888,24338,23381,24268,20636
0	267	18538	32173,32837,31582,725,1034,721,29134,28888,24338,23381,24268,20636,8490
0	267	20641	32173,32837,31582,725,1034,721,29134,28888,24338,23381,24268,20636,8490
0	267	20806	32173,32837,31582,725,1034,721,29134,28888,24338,23381,24268,20636,8490
0	267	23192	32173,32837,31582,725,1034,721,29134,28888,24338,23381,24268,20636,8490
1	267	26509	32173,32837,31582,725,1034,721,29134,28888,24338,23381,24268,20636,8490
0	267	24095	32173,32837,31582,725,1034,721,29134,28888,24338,23381,24268,20636,8490,26509
0	267	8619	32173,32837,31582,725,1034,721,29134,28888,24338,23381,24268,20636,8490,26509
0	267	20026	32173,32837,31582,725,1034,721,29134,28888,24338,23381,24268,20636,8490,26509
0	267	20787	32173,32837,31582,725,1034,721,29134,28888,24338,23381,24268,20636,8490,26509
1	267	14138	32173,32837,31582,725,1034,721,29134,28888,24338,23381,24268,20636,8490,26509
0	267	24250	32173,32837,31582,725,1034,721,29134,28888,24338,23381,24268,20636,8490,26509,14138
0	267	28576	32173,32837,31582,725,1034,721,29134,28888,24338,23381,24268,20636,8490,26509,14138
0	267	26587	32173,32837,31582,725,1034,721,29134,28888,24338,23381,24268,20636,8490,26509,14138
0	267	26723	32173,32837,31582,725,1034,721,29134,28888,24338,23381,24268,20636,8490,26509,14138
0	267	26036	32173,32837,31582,725,1034,721,29134,28888,24338,23381,24268,20636,8490,26509,14138
0	267	28930	32173,32837,31582,725,1034,721,29134,28888,24338,23381,24268,20636,8490,26509,14138
