1	594	1588	0
0	594	510	1588
1	594	7178	1588
0	594	6832	1588,7178
0	594	26513	1588,7178
0	594	30798	1588,7178
0	594	32774	1588,7178
1	594	4626	1588,7178
0	594	4532	1588,7178,4626
0	594	7080	1588,7178,4626
1	594	11925	1588,7178,4626
1	594	11866	1588,7178,4626,11925
1	594	13401	1588,7178,4626,11925,11866
0	594	16459	1588,7178,4626,11925,11866,13401
0	594	26438	1588,7178,4626,11925,11866,13401
0	594	14120	1588,7178,4626,11925,11866,13401
0	594	17726	1588,7178,4626,11925,11866,13401
0	594	18938	1588,7178,4626,11925,11866,13401
0	594	22448	1588,7178,4626,11925,11866,13401
1	594	19071	1588,7178,4626,11925,11866,13401
1	594	22395	1588,7178,4626,11925,11866,13401,19071
0	594	15220	1588,7178,4626,11925,11866,13401,19071,22395
1	594	23669	1588,7178,4626,11925,11866,13401,19071,22395
0	594	20954	1588,7178,4626,11925,11866,13401,19071,22395,23669
0	594	23452	1588,7178,4626,11925,11866,13401,19071,22395,23669
0	594	24208	1588,7178,4626,11925,11866,13401,19071,22395,23669
0	594	18736	1588,7178,4626,11925,11866,13401,19071,22395,23669
0	594	16807	1588,7178,4626,11925,11866,13401,19071,22395,23669
0	594	27535	1588,7178,4626,11925,11866,13401,19071,22395,23669
1	594	28547	1588,7178,4626,11925,11866,13401,19071,22395,23669
1	594	28052	1588,7178,4626,11925,11866,13401,19071,22395,23669,28547
0	594	27195	1588,7178,4626,11925,11866,13401,19071,22395,23669,28547,28052
0	594	29310	1588,7178,4626,11925,11866,13401,19071,22395,23669,28547,28052
1	594	29108	1588,7178,4626,11925,11866,13401,19071,22395,23669,28547,28052
