1	1180	5264	0
1	1180	14311	5264
1	1180	9322	5264,14311
0	1180	7727	5264,14311,9322
1	1180	6200	5264,14311,9322
1	1180	14330	5264,14311,9322,6200
1	1180	14364	5264,14311,9322,6200,14330
1	1180	12656	5264,14311,9322,6200,14330,14364
0	1180	10114	5264,14311,9322,6200,14330,14364,12656
1	1180	17419	5264,14311,9322,6200,14330,14364,12656
1	1180	18566	5264,14311,9322,6200,14330,14364,12656,17419
0	1180	10644	5264,14311,9322,6200,14330,14364,12656,17419,18566
0	1180	12096	5264,14311,9322,6200,14330,14364,12656,17419,18566
1	1180	12092	5264,14311,9322,6200,14330,14364,12656,17419,18566
0	1180	14400	5264,14311,9322,6200,14330,14364,12656,17419,18566,12092
0	1180	23490	5264,14311,9322,6200,14330,14364,12656,17419,18566,12092
0	1180	17528	5264,14311,9322,6200,14330,14364,12656,17419,18566,12092
1	1180	16235	5264,14311,9322,6200,14330,14364,12656,17419,18566,12092
0	1180	21841	5264,14311,9322,6200,14330,14364,12656,17419,18566,12092,16235
1	1180	8139	5264,14311,9322,6200,14330,14364,12656,17419,18566,12092,16235
1	1180	22205	5264,14311,9322,6200,14330,14364,12656,17419,18566,12092,16235,8139
1	1180	23795	5264,14311,9322,6200,14330,14364,12656,17419,18566,12092,16235,8139,22205
0	1180	11575	5264,14311,9322,6200,14330,14364,12656,17419,18566,12092,16235,8139,22205,23795
0	1180	2353	5264,14311,9322,6200,14330,14364,12656,17419,18566,12092,16235,8139,22205,23795
1	1180	16635	5264,14311,9322,6200,14330,14364,12656,17419,18566,12092,16235,8139,22205,23795
1	1180	17174	5264,14311,9322,6200,14330,14364,12656,17419,18566,12092,16235,8139,22205,23795,16635
1	1180	18843	5264,14311,9322,6200,14330,14364,12656,17419,18566,12092,16235,8139,22205,23795,16635,17174
1	1180	19698	5264,14311,9322,6200,14330,14364,12656,17419,18566,12092,16235,8139,22205,23795,16635,17174,18843
1	1180	3116	5264,14311,9322,6200,14330,14364,12656,17419,18566,12092,16235,8139,22205,23795,16635,17174,18843,19698
0	1180	17908	5264,14311,9322,6200,14330,14364,12656,17419,18566,12092,16235,8139,22205,23795,16635,17174,18843,19698,3116
1	1180	12429	5264,14311,9322,6200,14330,14364,12656,17419,18566,12092,16235,8139,22205,23795,16635,17174,18843,19698,3116
1	1180	19894	5264,14311,9322,6200,14330,14364,12656,17419,18566,12092,16235,8139,22205,23795,16635,17174,18843,19698,3116,12429
1	1180	21464	5264,14311,9322,6200,14330,14364,12656,17419,18566,12092,16235,8139,22205,23795,16635,17174,18843,19698,3116,12429,19894
1	1180	24064	5264,14311,9322,6200,14330,14364,12656,17419,18566,12092,16235,8139,22205,23795,16635,17174,18843,19698,3116,12429,19894,21464
1	1180	3433	5264,14311,9322,6200,14330,14364,12656,17419,18566,12092,16235,8139,22205,23795,16635,17174,18843,19698,3116,12429,19894,21464,24064
1	1180	14151	5264,14311,9322,6200,14330,14364,12656,17419,18566,12092,16235,8139,22205,23795,16635,17174,18843,19698,3116,12429,19894,21464,24064,3433
1	1180	21339	5264,14311,9322,6200,14330,14364,12656,17419,18566,12092,16235,8139,22205,23795,16635,17174,18843,19698,3116,12429,19894,21464,24064,3433,14151
1	1180	21817	5264,14311,9322,6200,14330,14364,12656,17419,18566,12092,16235,8139,22205,23795,16635,17174,18843,19698,3116,12429,19894,21464,24064,3433,14151,21339
1	1180	26016	5264,14311,9322,6200,14330,14364,12656,17419,18566,12092,16235,8139,22205,23795,16635,17174,18843,19698,3116,12429,19894,21464,24064,3433,14151,21339,21817
1	1180	22440	5264,14311,9322,6200,14330,14364,12656,17419,18566,12092,16235,8139,22205,23795,16635,17174,18843,19698,3116,12429,19894,21464,24064,3433,14151,21339,21817,26016
0	1180	28872	5264,14311,9322,6200,14330,14364,12656,17419,18566,12092,16235,8139,22205,23795,16635,17174,18843,19698,3116,12429,19894,21464,24064,3433,14151,21339,21817,26016,22440
