1	1376	25959	0
1	1376	21039	25959
0	1376	24654	25959,21039
1	1376	25765	25959,21039
0	1376	25993	25959,21039,25765
1	1376	20651	25959,21039,25765
1	1376	28446	25959,21039,25765,20651
1	1376	28449	25959,21039,25765,20651,28446
0	1376	15021	25959,21039,25765,20651,28446,28449
0	1376	30965	25959,21039,25765,20651,28446,28449
1	1376	21636	25959,21039,25765,20651,28446,28449
1	1376	28212	25959,21039,25765,20651,28446,28449,21636
1	1376	24920	25959,21039,25765,20651,28446,28449,21636,28212
1	1376	28930	25959,21039,25765,20651,28446,28449,21636,28212,24920
1	1376	4184	25959,21039,25765,20651,28446,28449,21636,28212,24920,28930
1	1376	16708	25959,21039,25765,20651,28446,28449,21636,28212,24920,28930,4184
0	1376	25944	25959,21039,25765,20651,28446,28449,21636,28212,24920,28930,4184,16708
0	1376	26353	25959,21039,25765,20651,28446,28449,21636,28212,24920,28930,4184,16708
1	1376	21105	25959,21039,25765,20651,28446,28449,21636,28212,24920,28930,4184,16708
1	1376	8619	25959,21039,25765,20651,28446,28449,21636,28212,24920,28930,4184,16708,21105
1	1376	9720	25959,21039,25765,20651,28446,28449,21636,28212,24920,28930,4184,16708,21105,8619
1	1376	22726	25959,21039,25765,20651,28446,28449,21636,28212,24920,28930,4184,16708,21105,8619,9720
1	1376	24810	25959,21039,25765,20651,28446,28449,21636,28212,24920,28930,4184,16708,21105,8619,9720,22726
1	1376	22718	25959,21039,25765,20651,28446,28449,21636,28212,24920,28930,4184,16708,21105,8619,9720,22726,24810
0	1376	23251	25959,21039,25765,20651,28446,28449,21636,28212,24920,28930,4184,16708,21105,8619,9720,22726,24810,22718
1	1376	28061	25959,21039,25765,20651,28446,28449,21636,28212,24920,28930,4184,16708,21105,8619,9720,22726,24810,22718
