0	1601	23580	0
1	1601	24239	0
0	1601	282	24239
0	1601	8891	24239
1	1601	7902	24239
1	1601	10659	24239,7902
1	1601	10540	24239,7902,10659
0	1601	11841	24239,7902,10659,10540
1	1601	17132	24239,7902,10659,10540
0	1601	17502	24239,7902,10659,10540,17132
1	1601	14610	24239,7902,10659,10540,17132
1	1601	18876	24239,7902,10659,10540,17132,14610
1	1601	14349	24239,7902,10659,10540,17132,14610,18876
0	1601	19376	24239,7902,10659,10540,17132,14610,18876,14349
1	1601	7335	24239,7902,10659,10540,17132,14610,18876,14349
0	1601	20205	24239,7902,10659,10540,17132,14610,18876,14349,7335
1	1601	21632	24239,7902,10659,10540,17132,14610,18876,14349,7335
0	1601	20438	24239,7902,10659,10540,17132,14610,18876,14349,7335,21632
1	1601	21414	24239,7902,10659,10540,17132,14610,18876,14349,7335,21632
1	1601	23490	24239,7902,10659,10540,17132,14610,18876,14349,7335,21632,21414
1	1601	22435	24239,7902,10659,10540,17132,14610,18876,14349,7335,21632,21414,23490
1	1601	20397	24239,7902,10659,10540,17132,14610,18876,14349,7335,21632,21414,23490,22435
1	1601	25427	24239,7902,10659,10540,17132,14610,18876,14349,7335,21632,21414,23490,22435,20397
1	1601	23453	24239,7902,10659,10540,17132,14610,18876,14349,7335,21632,21414,23490,22435,20397,25427
1	1601	25422	24239,7902,10659,10540,17132,14610,18876,14349,7335,21632,21414,23490,22435,20397,25427,23453
1	1601	24215	24239,7902,10659,10540,17132,14610,18876,14349,7335,21632,21414,23490,22435,20397,25427,23453,25422
1	1601	23449	24239,7902,10659,10540,17132,14610,18876,14349,7335,21632,21414,23490,22435,20397,25427,23453,25422,24215
1	1601	23760	24239,7902,10659,10540,17132,14610,18876,14349,7335,21632,21414,23490,22435,20397,25427,23453,25422,24215,23449
0	1601	26733	24239,7902,10659,10540,17132,14610,18876,14349,7335,21632,21414,23490,22435,20397,25427,23453,25422,24215,23449,23760
1	1601	837	24239,7902,10659,10540,17132,14610,18876,14349,7335,21632,21414,23490,22435,20397,25427,23453,25422,24215,23449,23760
1	1601	16506	24239,7902,10659,10540,17132,14610,18876,14349,7335,21632,21414,23490,22435,20397,25427,23453,25422,24215,23449,23760,837
0	1601	21841	24239,7902,10659,10540,17132,14610,18876,14349,7335,21632,21414,23490,22435,20397,25427,23453,25422,24215,23449,23760,837,16506
1	1601	27077	24239,7902,10659,10540,17132,14610,18876,14349,7335,21632,21414,23490,22435,20397,25427,23453,25422,24215,23449,23760,837,16506
0	1601	27393	24239,7902,10659,10540,17132,14610,18876,14349,7335,21632,21414,23490,22435,20397,25427,23453,25422,24215,23449,23760,837,16506,27077
1	1601	22440	24239,7902,10659,10540,17132,14610,18876,14349,7335,21632,21414,23490,22435,20397,25427,23453,25422,24215,23449,23760,837,16506,27077
0	1601	21017	24239,7902,10659,10540,17132,14610,18876,14349,7335,21632,21414,23490,22435,20397,25427,23453,25422,24215,23449,23760,837,16506,27077,22440
0	1601	24889	24239,7902,10659,10540,17132,14610,18876,14349,7335,21632,21414,23490,22435,20397,25427,23453,25422,24215,23449,23760,837,16506,27077,22440
1	1601	26705	24239,7902,10659,10540,17132,14610,18876,14349,7335,21632,21414,23490,22435,20397,25427,23453,25422,24215,23449,23760,837,16506,27077,22440
1	1601	27879	24239,7902,10659,10540,17132,14610,18876,14349,7335,21632,21414,23490,22435,20397,25427,23453,25422,24215,23449,23760,837,16506,27077,22440,26705
1	1601	22974	24239,7902,10659,10540,17132,14610,18876,14349,7335,21632,21414,23490,22435,20397,25427,23453,25422,24215,23449,23760,837,16506,27077,22440,26705,27879
1	1601	28879	24239,7902,10659,10540,17132,14610,18876,14349,7335,21632,21414,23490,22435,20397,25427,23453,25422,24215,23449,23760,837,16506,27077,22440,26705,27879,22974
1	1601	28902	24239,7902,10659,10540,17132,14610,18876,14349,7335,21632,21414,23490,22435,20397,25427,23453,25422,24215,23449,23760,837,16506,27077,22440,26705,27879,22974,28879
1	1601	29310	24239,7902,10659,10540,17132,14610,18876,14349,7335,21632,21414,23490,22435,20397,25427,23453,25422,24215,23449,23760,837,16506,27077,22440,26705,27879,22974,28879,28902
1	1601	25501	24239,7902,10659,10540,17132,14610,18876,14349,7335,21632,21414,23490,22435,20397,25427,23453,25422,24215,23449,23760,837,16506,27077,22440,26705,27879,22974,28879,28902,29310
1	1601	27758	24239,7902,10659,10540,17132,14610,18876,14349,7335,21632,21414,23490,22435,20397,25427,23453,25422,24215,23449,23760,837,16506,27077,22440,26705,27879,22974,28879,28902,29310,25501
1	1601	29311	24239,7902,10659,10540,17132,14610,18876,14349,7335,21632,21414,23490,22435,20397,25427,23453,25422,24215,23449,23760,837,16506,27077,22440,26705,27879,22974,28879,28902,29310,25501,27758
