0	1187	19623	0
1	1187	22621	0
0	1187	24861	22621
0	1187	9433	22621
0	1187	1823	22621
0	1187	18061	22621
0	1187	19620	22621
0	1187	1644	22621
0	1187	1824	22621
0	1187	12588	22621
0	1187	18067	22621
0	1187	18871	22621
0	1187	19336	22621
0	1187	19402	22621
0	1187	20055	22621
0	1187	20523	22621
0	1187	21744	22621
1	1187	23538	22621
0	1187	24152	22621,23538
0	1187	24280	22621,23538
0	1187	24327	22621,23538
0	1187	5471	22621,23538
0	1187	7250	22621,23538
0	1187	11014	22621,23538
1	1187	17746	22621,23538
0	1187	18606	22621,23538,17746
0	1187	18634	22621,23538,17746
0	1187	20026	22621,23538,17746
0	1187	20628	22621,23538,17746
0	1187	22186	22621,23538,17746
0	1187	5923	22621,23538,17746
0	1187	9762	22621,23538,17746
0	1187	11869	22621,23538,17746
0	1187	13807	22621,23538,17746
0	1187	2580	22621,23538,17746
0	1187	9560	22621,23538,17746
0	1187	25966	22621,23538,17746
0	1187	18936	22621,23538,17746
1	1187	25765	22621,23538,17746
0	1187	27501	22621,23538,17746,25765
0	1187	28077	22621,23538,17746,25765
0	1187	24929	22621,23538,17746,25765
0	1187	27246	22621,23538,17746,25765
