1	632	14127	0
1	632	17054	14127
1	632	13609	14127,17054
1	632	792	14127,17054,13609
1	632	5594	14127,17054,13609,792
0	632	8096	14127,17054,13609,792,5594
0	632	18906	14127,17054,13609,792,5594
1	632	5485	14127,17054,13609,792,5594
1	632	12864	14127,17054,13609,792,5594,5485
1	632	31174	14127,17054,13609,792,5594,5485,12864
1	632	11919	14127,17054,13609,792,5594,5485,12864,31174
1	632	31953	14127,17054,13609,792,5594,5485,12864,31174,11919
1	632	4509	14127,17054,13609,792,5594,5485,12864,31174,11919,31953
1	632	9321	14127,17054,13609,792,5594,5485,12864,31174,11919,31953,4509
1	632	10017	14127,17054,13609,792,5594,5485,12864,31174,11919,31953,4509,9321
0	632	17491	14127,17054,13609,792,5594,5485,12864,31174,11919,31953,4509,9321,10017
1	632	17840	14127,17054,13609,792,5594,5485,12864,31174,11919,31953,4509,9321,10017
1	632	21356	14127,17054,13609,792,5594,5485,12864,31174,11919,31953,4509,9321,10017,17840
1	632	26965	14127,17054,13609,792,5594,5485,12864,31174,11919,31953,4509,9321,10017,17840,21356
0	632	30390	14127,17054,13609,792,5594,5485,12864,31174,11919,31953,4509,9321,10017,17840,21356,26965
0	632	24724	14127,17054,13609,792,5594,5485,12864,31174,11919,31953,4509,9321,10017,17840,21356,26965
1	632	32201	14127,17054,13609,792,5594,5485,12864,31174,11919,31953,4509,9321,10017,17840,21356,26965
1	632	4033	14127,17054,13609,792,5594,5485,12864,31174,11919,31953,4509,9321,10017,17840,21356,26965,32201
1	632	4659	14127,17054,13609,792,5594,5485,12864,31174,11919,31953,4509,9321,10017,17840,21356,26965,32201,4033
1	632	13049	14127,17054,13609,792,5594,5485,12864,31174,11919,31953,4509,9321,10017,17840,21356,26965,32201,4033,4659
1	632	13160	14127,17054,13609,792,5594,5485,12864,31174,11919,31953,4509,9321,10017,17840,21356,26965,32201,4033,4659,13049
1	632	14260	14127,17054,13609,792,5594,5485,12864,31174,11919,31953,4509,9321,10017,17840,21356,26965,32201,4033,4659,13049,13160
1	632	23597	14127,17054,13609,792,5594,5485,12864,31174,11919,31953,4509,9321,10017,17840,21356,26965,32201,4033,4659,13049,13160,14260
0	632	24715	14127,17054,13609,792,5594,5485,12864,31174,11919,31953,4509,9321,10017,17840,21356,26965,32201,4033,4659,13049,13160,14260,23597
1	632	25323	14127,17054,13609,792,5594,5485,12864,31174,11919,31953,4509,9321,10017,17840,21356,26965,32201,4033,4659,13049,13160,14260,23597
0	632	26343	14127,17054,13609,792,5594,5485,12864,31174,11919,31953,4509,9321,10017,17840,21356,26965,32201,4033,4659,13049,13160,14260,23597,25323
