1	1263	28626	0
1	1263	229	28626
0	1263	1747	28626,229
0	1263	5011	28626,229
1	1263	7783	28626,229
1	1263	13543	28626,229,7783
0	1263	15818	28626,229,7783,13543
1	1263	18136	28626,229,7783,13543
0	1263	18368	28626,229,7783,13543,18136
0	1263	19537	28626,229,7783,13543,18136
1	1263	10751	28626,229,7783,13543,18136
1	1263	20418	28626,229,7783,13543,18136,10751
1	1263	9284	28626,229,7783,13543,18136,10751,20418
0	1263	1522	28626,229,7783,13543,18136,10751,20418,9284
0	1263	2070	28626,229,7783,13543,18136,10751,20418,9284
0	1263	12655	28626,229,7783,13543,18136,10751,20418,9284
0	1263	17370	28626,229,7783,13543,18136,10751,20418,9284
1	1263	18817	28626,229,7783,13543,18136,10751,20418,9284
0	1263	20510	28626,229,7783,13543,18136,10751,20418,9284,18817
0	1263	27104	28626,229,7783,13543,18136,10751,20418,9284,18817
0	1263	1145	28626,229,7783,13543,18136,10751,20418,9284,18817
1	1263	3833	28626,229,7783,13543,18136,10751,20418,9284,18817
0	1263	7806	28626,229,7783,13543,18136,10751,20418,9284,18817,3833
1	1263	5059	28626,229,7783,13543,18136,10751,20418,9284,18817,3833
0	1263	6714	28626,229,7783,13543,18136,10751,20418,9284,18817,3833,5059
0	1263	12166	28626,229,7783,13543,18136,10751,20418,9284,18817,3833,5059
1	1263	14078	28626,229,7783,13543,18136,10751,20418,9284,18817,3833,5059
0	1263	16891	28626,229,7783,13543,18136,10751,20418,9284,18817,3833,5059,14078
1	1263	18048	28626,229,7783,13543,18136,10751,20418,9284,18817,3833,5059,14078
1	1263	19226	28626,229,7783,13543,18136,10751,20418,9284,18817,3833,5059,14078,18048
1	1263	21838	28626,229,7783,13543,18136,10751,20418,9284,18817,3833,5059,14078,18048,19226
0	1263	23490	28626,229,7783,13543,18136,10751,20418,9284,18817,3833,5059,14078,18048,19226,21838
1	1263	25608	28626,229,7783,13543,18136,10751,20418,9284,18817,3833,5059,14078,18048,19226,21838
1	1263	25853	28626,229,7783,13543,18136,10751,20418,9284,18817,3833,5059,14078,18048,19226,21838,25608
