0	1370	32732	0
1	1370	26420	0
1	1370	1341	26420
1	1370	89	26420,1341
0	1370	7513	26420,1341,89
1	1370	7887	26420,1341,89
1	1370	9997	26420,1341,89,7887
0	1370	10214	26420,1341,89,7887,9997
0	1370	13296	26420,1341,89,7887,9997
0	1370	10377	26420,1341,89,7887,9997
0	1370	15958	26420,1341,89,7887,9997
0	1370	11977	26420,1341,89,7887,9997
1	1370	14913	26420,1341,89,7887,9997
0	1370	6379	26420,1341,89,7887,9997,14913
0	1370	14463	26420,1341,89,7887,9997,14913
1	1370	8528	26420,1341,89,7887,9997,14913
1	1370	16410	26420,1341,89,7887,9997,14913,8528
0	1370	16736	26420,1341,89,7887,9997,14913,8528,16410
1	1370	22566	26420,1341,89,7887,9997,14913,8528,16410
1	1370	23175	26420,1341,89,7887,9997,14913,8528,16410,22566
1	1370	16093	26420,1341,89,7887,9997,14913,8528,16410,22566,23175
1	1370	17905	26420,1341,89,7887,9997,14913,8528,16410,22566,23175,16093
1	1370	31592	26420,1341,89,7887,9997,14913,8528,16410,22566,23175,16093,17905
1	1370	6493	26420,1341,89,7887,9997,14913,8528,16410,22566,23175,16093,17905,31592
1	1370	17544	26420,1341,89,7887,9997,14913,8528,16410,22566,23175,16093,17905,31592,6493
1	1370	1525	26420,1341,89,7887,9997,14913,8528,16410,22566,23175,16093,17905,31592,6493,17544
1	1370	12372	26420,1341,89,7887,9997,14913,8528,16410,22566,23175,16093,17905,31592,6493,17544,1525
1	1370	24588	26420,1341,89,7887,9997,14913,8528,16410,22566,23175,16093,17905,31592,6493,17544,1525,12372
0	1370	9471	26420,1341,89,7887,9997,14913,8528,16410,22566,23175,16093,17905,31592,6493,17544,1525,12372,24588
0	1370	32977	26420,1341,89,7887,9997,14913,8528,16410,22566,23175,16093,17905,31592,6493,17544,1525,12372,24588
1	1370	25917	26420,1341,89,7887,9997,14913,8528,16410,22566,23175,16093,17905,31592,6493,17544,1525,12372,24588
1	1370	15975	26420,1341,89,7887,9997,14913,8528,16410,22566,23175,16093,17905,31592,6493,17544,1525,12372,24588,25917
1	1370	28220	26420,1341,89,7887,9997,14913,8528,16410,22566,23175,16093,17905,31592,6493,17544,1525,12372,24588,25917,15975
1	1370	6867	26420,1341,89,7887,9997,14913,8528,16410,22566,23175,16093,17905,31592,6493,17544,1525,12372,24588,25917,15975,28220
1	1370	10215	26420,1341,89,7887,9997,14913,8528,16410,22566,23175,16093,17905,31592,6493,17544,1525,12372,24588,25917,15975,28220,6867
1	1370	13816	26420,1341,89,7887,9997,14913,8528,16410,22566,23175,16093,17905,31592,6493,17544,1525,12372,24588,25917,15975,28220,6867,10215
0	1370	15208	26420,1341,89,7887,9997,14913,8528,16410,22566,23175,16093,17905,31592,6493,17544,1525,12372,24588,25917,15975,28220,6867,10215,13816
