0	329	4526	0
1	329	5642	0
0	329	7675	5642
1	329	9905	5642
0	329	10575	5642,9905
0	329	11446	5642,9905
0	329	10737	5642,9905
1	329	13389	5642,9905
1	329	13959	5642,9905,13389
1	329	14949	5642,9905,13389,13959
1	329	15956	5642,9905,13389,13959,14949
1	329	16607	5642,9905,13389,13959,14949,15956
1	329	17422	5642,9905,13389,13959,14949,15956,16607
0	329	19396	5642,9905,13389,13959,14949,15956,16607,17422
1	329	19705	5642,9905,13389,13959,14949,15956,16607,17422
0	329	21185	5642,9905,13389,13959,14949,15956,16607,17422,19705
0	329	22068	5642,9905,13389,13959,14949,15956,16607,17422,19705
0	329	22354	5642,9905,13389,13959,14949,15956,16607,17422,19705
1	329	22217	5642,9905,13389,13959,14949,15956,16607,17422,19705
0	329	23229	5642,9905,13389,13959,14949,15956,16607,17422,19705,22217
0	329	22399	5642,9905,13389,13959,14949,15956,16607,17422,19705,22217
0	329	24458	5642,9905,13389,13959,14949,15956,16607,17422,19705,22217
0	329	26066	5642,9905,13389,13959,14949,15956,16607,17422,19705,22217
1	329	27076	5642,9905,13389,13959,14949,15956,16607,17422,19705,22217
0	329	27746	5642,9905,13389,13959,14949,15956,16607,17422,19705,22217,27076
1	329	20858	5642,9905,13389,13959,14949,15956,16607,17422,19705,22217,27076
1	329	26178	5642,9905,13389,13959,14949,15956,16607,17422,19705,22217,27076,20858
0	329	26401	5642,9905,13389,13959,14949,15956,16607,17422,19705,22217,27076,20858,26178
0	329	27808	5642,9905,13389,13959,14949,15956,16607,17422,19705,22217,27076,20858,26178
0	329	25988	5642,9905,13389,13959,14949,15956,16607,17422,19705,22217,27076,20858,26178
0	329	29129	5642,9905,13389,13959,14949,15956,16607,17422,19705,22217,27076,20858,26178
