0	1445	9211	0
1	1445	9043	0
0	1445	32392	9043
1	1445	9259	9043
1	1445	9296	9043,9259
1	1445	20534	9043,9259,9296
1	1445	1625	9043,9259,9296,20534
0	1445	4319	9043,9259,9296,20534,1625
1	1445	6801	9043,9259,9296,20534,1625
1	1445	15204	9043,9259,9296,20534,1625,6801
0	1445	17522	9043,9259,9296,20534,1625,6801,15204
0	1445	7581	9043,9259,9296,20534,1625,6801,15204
0	1445	9901	9043,9259,9296,20534,1625,6801,15204
1	1445	7175	9043,9259,9296,20534,1625,6801,15204
1	1445	11571	9043,9259,9296,20534,1625,6801,15204,7175
1	1445	2896	9043,9259,9296,20534,1625,6801,15204,7175,11571
0	1445	12259	9043,9259,9296,20534,1625,6801,15204,7175,11571,2896
1	1445	20311	9043,9259,9296,20534,1625,6801,15204,7175,11571,2896
1	1445	31548	9043,9259,9296,20534,1625,6801,15204,7175,11571,2896,20311
0	1445	4688	9043,9259,9296,20534,1625,6801,15204,7175,11571,2896,20311,31548
1	1445	7088	9043,9259,9296,20534,1625,6801,15204,7175,11571,2896,20311,31548
0	1445	2809	9043,9259,9296,20534,1625,6801,15204,7175,11571,2896,20311,31548,7088
1	1445	1505	9043,9259,9296,20534,1625,6801,15204,7175,11571,2896,20311,31548,7088
1	1445	2222	9043,9259,9296,20534,1625,6801,15204,7175,11571,2896,20311,31548,7088,1505
0	1445	388	9043,9259,9296,20534,1625,6801,15204,7175,11571,2896,20311,31548,7088,1505,2222
0	1445	10913	9043,9259,9296,20534,1625,6801,15204,7175,11571,2896,20311,31548,7088,1505,2222
0	1445	24554	9043,9259,9296,20534,1625,6801,15204,7175,11571,2896,20311,31548,7088,1505,2222
1	1445	30896	9043,9259,9296,20534,1625,6801,15204,7175,11571,2896,20311,31548,7088,1505,2222
1	1445	30899	9043,9259,9296,20534,1625,6801,15204,7175,11571,2896,20311,31548,7088,1505,2222,30896
0	1445	30952	9043,9259,9296,20534,1625,6801,15204,7175,11571,2896,20311,31548,7088,1505,2222,30896,30899
0	1445	386	9043,9259,9296,20534,1625,6801,15204,7175,11571,2896,20311,31548,7088,1505,2222,30896,30899
1	1445	6894	9043,9259,9296,20534,1625,6801,15204,7175,11571,2896,20311,31548,7088,1505,2222,30896,30899
1	1445	12858	9043,9259,9296,20534,1625,6801,15204,7175,11571,2896,20311,31548,7088,1505,2222,30896,30899,6894
1	1445	12859	9043,9259,9296,20534,1625,6801,15204,7175,11571,2896,20311,31548,7088,1505,2222,30896,30899,6894,12858
0	1445	14885	9043,9259,9296,20534,1625,6801,15204,7175,11571,2896,20311,31548,7088,1505,2222,30896,30899,6894,12858,12859
1	1445	17479	9043,9259,9296,20534,1625,6801,15204,7175,11571,2896,20311,31548,7088,1505,2222,30896,30899,6894,12858,12859
0	1445	22812	9043,9259,9296,20534,1625,6801,15204,7175,11571,2896,20311,31548,7088,1505,2222,30896,30899,6894,12858,12859,17479
0	1445	306	9043,9259,9296,20534,1625,6801,15204,7175,11571,2896,20311,31548,7088,1505,2222,30896,30899,6894,12858,12859,17479
1	1445	5062	9043,9259,9296,20534,1625,6801,15204,7175,11571,2896,20311,31548,7088,1505,2222,30896,30899,6894,12858,12859,17479
0	1445	9461	9043,9259,9296,20534,1625,6801,15204,7175,11571,2896,20311,31548,7088,1505,2222,30896,30899,6894,12858,12859,17479,5062
0	1445	9679	9043,9259,9296,20534,1625,6801,15204,7175,11571,2896,20311,31548,7088,1505,2222,30896,30899,6894,12858,12859,17479,5062
1	1445	30683	9043,9259,9296,20534,1625,6801,15204,7175,11571,2896,20311,31548,7088,1505,2222,30896,30899,6894,12858,12859,17479,5062
1	1445	199	9043,9259,9296,20534,1625,6801,15204,7175,11571,2896,20311,31548,7088,1505,2222,30896,30899,6894,12858,12859,17479,5062,30683
1	1445	893	9043,9259,9296,20534,1625,6801,15204,7175,11571,2896,20311,31548,7088,1505,2222,30896,30899,6894,12858,12859,17479,5062,30683,199
0	1445	915	9043,9259,9296,20534,1625,6801,15204,7175,11571,2896,20311,31548,7088,1505,2222,30896,30899,6894,12858,12859,17479,5062,30683,199,893
0	1445	13327	9043,9259,9296,20534,1625,6801,15204,7175,11571,2896,20311,31548,7088,1505,2222,30896,30899,6894,12858,12859,17479,5062,30683,199,893
0	1445	18347	9043,9259,9296,20534,1625,6801,15204,7175,11571,2896,20311,31548,7088,1505,2222,30896,30899,6894,12858,12859,17479,5062,30683,199,893
1	1445	20376	9043,9259,9296,20534,1625,6801,15204,7175,11571,2896,20311,31548,7088,1505,2222,30896,30899,6894,12858,12859,17479,5062,30683,199,893
1	1445	32132	9043,9259,9296,20534,1625,6801,15204,7175,11571,2896,20311,31548,7088,1505,2222,30896,30899,6894,12858,12859,17479,5062,30683,199,893,20376
1	1445	11652	9043,9259,9296,20534,1625,6801,15204,7175,11571,2896,20311,31548,7088,1505,2222,30896,30899,6894,12858,12859,17479,5062,30683,199,893,20376,32132
1	1445	19826	9043,9259,9296,20534,1625,6801,15204,7175,11571,2896,20311,31548,7088,1505,2222,30896,30899,6894,12858,12859,17479,5062,30683,199,893,20376,32132,11652
0	1445	11237	9043,9259,9296,20534,1625,6801,15204,7175,11571,2896,20311,31548,7088,1505,2222,30896,30899,6894,12858,12859,17479,5062,30683,199,893,20376,32132,11652,19826
0	1445	23600	9043,9259,9296,20534,1625,6801,15204,7175,11571,2896,20311,31548,7088,1505,2222,30896,30899,6894,12858,12859,17479,5062,30683,199,893,20376,32132,11652,19826
