1	557	21228	0
0	557	23135	21228
0	557	3342	21228
1	557	3983	21228
0	557	9252	21228,3983
0	557	6035	21228,3983
0	557	10730	21228,3983
1	557	33125	21228,3983
1	557	5826	21228,3983,33125
1	557	7435	21228,3983,33125,5826
1	557	8342	21228,3983,33125,5826,7435
1	557	8478	21228,3983,33125,5826,7435,8342
1	557	8560	21228,3983,33125,5826,7435,8342,8478
0	557	8694	21228,3983,33125,5826,7435,8342,8478,8560
0	557	9218	21228,3983,33125,5826,7435,8342,8478,8560
1	557	10298	21228,3983,33125,5826,7435,8342,8478,8560
1	557	10596	21228,3983,33125,5826,7435,8342,8478,8560,10298
1	557	10877	21228,3983,33125,5826,7435,8342,8478,8560,10298,10596
1	557	11987	21228,3983,33125,5826,7435,8342,8478,8560,10298,10596,10877
1	557	15206	21228,3983,33125,5826,7435,8342,8478,8560,10298,10596,10877,11987
1	557	17419	21228,3983,33125,5826,7435,8342,8478,8560,10298,10596,10877,11987,15206
1	557	17420	21228,3983,33125,5826,7435,8342,8478,8560,10298,10596,10877,11987,15206,17419
0	557	18051	21228,3983,33125,5826,7435,8342,8478,8560,10298,10596,10877,11987,15206,17419,17420
1	557	18094	21228,3983,33125,5826,7435,8342,8478,8560,10298,10596,10877,11987,15206,17419,17420
1	557	18332	21228,3983,33125,5826,7435,8342,8478,8560,10298,10596,10877,11987,15206,17419,17420,18094
1	557	19119	21228,3983,33125,5826,7435,8342,8478,8560,10298,10596,10877,11987,15206,17419,17420,18094,18332
0	557	19636	21228,3983,33125,5826,7435,8342,8478,8560,10298,10596,10877,11987,15206,17419,17420,18094,18332,19119
1	557	20282	21228,3983,33125,5826,7435,8342,8478,8560,10298,10596,10877,11987,15206,17419,17420,18094,18332,19119
1	557	22911	21228,3983,33125,5826,7435,8342,8478,8560,10298,10596,10877,11987,15206,17419,17420,18094,18332,19119,20282
1	557	23552	21228,3983,33125,5826,7435,8342,8478,8560,10298,10596,10877,11987,15206,17419,17420,18094,18332,19119,20282,22911
1	557	23750	21228,3983,33125,5826,7435,8342,8478,8560,10298,10596,10877,11987,15206,17419,17420,18094,18332,19119,20282,22911,23552
1	557	242	21228,3983,33125,5826,7435,8342,8478,8560,10298,10596,10877,11987,15206,17419,17420,18094,18332,19119,20282,22911,23552,23750
1	557	1798	21228,3983,33125,5826,7435,8342,8478,8560,10298,10596,10877,11987,15206,17419,17420,18094,18332,19119,20282,22911,23552,23750,242
1	557	1941	21228,3983,33125,5826,7435,8342,8478,8560,10298,10596,10877,11987,15206,17419,17420,18094,18332,19119,20282,22911,23552,23750,242,1798
1	557	1943	21228,3983,33125,5826,7435,8342,8478,8560,10298,10596,10877,11987,15206,17419,17420,18094,18332,19119,20282,22911,23552,23750,242,1798,1941
0	557	2499	21228,3983,33125,5826,7435,8342,8478,8560,10298,10596,10877,11987,15206,17419,17420,18094,18332,19119,20282,22911,23552,23750,242,1798,1941,1943
0	557	3533	21228,3983,33125,5826,7435,8342,8478,8560,10298,10596,10877,11987,15206,17419,17420,18094,18332,19119,20282,22911,23552,23750,242,1798,1941,1943
1	557	6573	21228,3983,33125,5826,7435,8342,8478,8560,10298,10596,10877,11987,15206,17419,17420,18094,18332,19119,20282,22911,23552,23750,242,1798,1941,1943
0	557	8316	21228,3983,33125,5826,7435,8342,8478,8560,10298,10596,10877,11987,15206,17419,17420,18094,18332,19119,20282,22911,23552,23750,242,1798,1941,1943,6573
1	557	8902	21228,3983,33125,5826,7435,8342,8478,8560,10298,10596,10877,11987,15206,17419,17420,18094,18332,19119,20282,22911,23552,23750,242,1798,1941,1943,6573
0	557	9375	21228,3983,33125,5826,7435,8342,8478,8560,10298,10596,10877,11987,15206,17419,17420,18094,18332,19119,20282,22911,23552,23750,242,1798,1941,1943,6573,8902
0	557	9395	21228,3983,33125,5826,7435,8342,8478,8560,10298,10596,10877,11987,15206,17419,17420,18094,18332,19119,20282,22911,23552,23750,242,1798,1941,1943,6573,8902
1	557	13299	21228,3983,33125,5826,7435,8342,8478,8560,10298,10596,10877,11987,15206,17419,17420,18094,18332,19119,20282,22911,23552,23750,242,1798,1941,1943,6573,8902
1	557	13367	21228,3983,33125,5826,7435,8342,8478,8560,10298,10596,10877,11987,15206,17419,17420,18094,18332,19119,20282,22911,23552,23750,242,1798,1941,1943,6573,8902,13299
0	557	13872	21228,3983,33125,5826,7435,8342,8478,8560,10298,10596,10877,11987,15206,17419,17420,18094,18332,19119,20282,22911,23552,23750,242,1798,1941,1943,6573,8902,13299,13367
1	557	15461	21228,3983,33125,5826,7435,8342,8478,8560,10298,10596,10877,11987,15206,17419,17420,18094,18332,19119,20282,22911,23552,23750,242,1798,1941,1943,6573,8902,13299,13367
1	557	15727	21228,3983,33125,5826,7435,8342,8478,8560,10298,10596,10877,11987,15206,17419,17420,18094,18332,19119,20282,22911,23552,23750,242,1798,1941,1943,6573,8902,13299,13367,15461
1	557	16113	21228,3983,33125,5826,7435,8342,8478,8560,10298,10596,10877,11987,15206,17419,17420,18094,18332,19119,20282,22911,23552,23750,242,1798,1941,1943,6573,8902,13299,13367,15461,15727
1	557	17137	21228,3983,33125,5826,7435,8342,8478,8560,10298,10596,10877,11987,15206,17419,17420,18094,18332,19119,20282,22911,23552,23750,242,1798,1941,1943,6573,8902,13299,13367,15461,15727,16113
1	557	17584	21228,3983,33125,5826,7435,8342,8478,8560,10298,10596,10877,11987,15206,17419,17420,18094,18332,19119,20282,22911,23552,23750,242,1798,1941,1943,6573,8902,13299,13367,15461,15727,16113,17137
0	557	19336	21228,3983,33125,5826,7435,8342,8478,8560,10298,10596,10877,11987,15206,17419,17420,18094,18332,19119,20282,22911,23552,23750,242,1798,1941,1943,6573,8902,13299,13367,15461,15727,16113,17137,17584
0	557	19351	21228,3983,33125,5826,7435,8342,8478,8560,10298,10596,10877,11987,15206,17419,17420,18094,18332,19119,20282,22911,23552,23750,242,1798,1941,1943,6573,8902,13299,13367,15461,15727,16113,17137,17584
1	557	20576	21228,3983,33125,5826,7435,8342,8478,8560,10298,10596,10877,11987,15206,17419,17420,18094,18332,19119,20282,22911,23552,23750,242,1798,1941,1943,6573,8902,13299,13367,15461,15727,16113,17137,17584
0	557	21903	21228,3983,33125,5826,7435,8342,8478,8560,10298,10596,10877,11987,15206,17419,17420,18094,18332,19119,20282,22911,23552,23750,242,1798,1941,1943,6573,8902,13299,13367,15461,15727,16113,17137,17584,20576
0	557	4681	21228,3983,33125,5826,7435,8342,8478,8560,10298,10596,10877,11987,15206,17419,17420,18094,18332,19119,20282,22911,23552,23750,242,1798,1941,1943,6573,8902,13299,13367,15461,15727,16113,17137,17584,20576
0	557	6571	21228,3983,33125,5826,7435,8342,8478,8560,10298,10596,10877,11987,15206,17419,17420,18094,18332,19119,20282,22911,23552,23750,242,1798,1941,1943,6573,8902,13299,13367,15461,15727,16113,17137,17584,20576
0	557	22372	21228,3983,33125,5826,7435,8342,8478,8560,10298,10596,10877,11987,15206,17419,17420,18094,18332,19119,20282,22911,23552,23750,242,1798,1941,1943,6573,8902,13299,13367,15461,15727,16113,17137,17584,20576
0	557	23885	21228,3983,33125,5826,7435,8342,8478,8560,10298,10596,10877,11987,15206,17419,17420,18094,18332,19119,20282,22911,23552,23750,242,1798,1941,1943,6573,8902,13299,13367,15461,15727,16113,17137,17584,20576
1	557	24381	21228,3983,33125,5826,7435,8342,8478,8560,10298,10596,10877,11987,15206,17419,17420,18094,18332,19119,20282,22911,23552,23750,242,1798,1941,1943,6573,8902,13299,13367,15461,15727,16113,17137,17584,20576
1	557	26263	21228,3983,33125,5826,7435,8342,8478,8560,10298,10596,10877,11987,15206,17419,17420,18094,18332,19119,20282,22911,23552,23750,242,1798,1941,1943,6573,8902,13299,13367,15461,15727,16113,17137,17584,20576,24381
0	557	27301	21228,3983,33125,5826,7435,8342,8478,8560,10298,10596,10877,11987,15206,17419,17420,18094,18332,19119,20282,22911,23552,23750,242,1798,1941,1943,6573,8902,13299,13367,15461,15727,16113,17137,17584,20576,24381,26263
1	557	162	21228,3983,33125,5826,7435,8342,8478,8560,10298,10596,10877,11987,15206,17419,17420,18094,18332,19119,20282,22911,23552,23750,242,1798,1941,1943,6573,8902,13299,13367,15461,15727,16113,17137,17584,20576,24381,26263
1	557	21770	21228,3983,33125,5826,7435,8342,8478,8560,10298,10596,10877,11987,15206,17419,17420,18094,18332,19119,20282,22911,23552,23750,242,1798,1941,1943,6573,8902,13299,13367,15461,15727,16113,17137,17584,20576,24381,26263,162
1	557	22317	21228,3983,33125,5826,7435,8342,8478,8560,10298,10596,10877,11987,15206,17419,17420,18094,18332,19119,20282,22911,23552,23750,242,1798,1941,1943,6573,8902,13299,13367,15461,15727,16113,17137,17584,20576,24381,26263,162,21770
1	557	22832	21228,3983,33125,5826,7435,8342,8478,8560,10298,10596,10877,11987,15206,17419,17420,18094,18332,19119,20282,22911,23552,23750,242,1798,1941,1943,6573,8902,13299,13367,15461,15727,16113,17137,17584,20576,24381,26263,162,21770,22317
1	557	26930	21228,3983,33125,5826,7435,8342,8478,8560,10298,10596,10877,11987,15206,17419,17420,18094,18332,19119,20282,22911,23552,23750,242,1798,1941,1943,6573,8902,13299,13367,15461,15727,16113,17137,17584,20576,24381,26263,162,21770,22317,22832
1	557	31439	21228,3983,33125,5826,7435,8342,8478,8560,10298,10596,10877,11987,15206,17419,17420,18094,18332,19119,20282,22911,23552,23750,242,1798,1941,1943,6573,8902,13299,13367,15461,15727,16113,17137,17584,20576,24381,26263,162,21770,22317,22832,26930
0	557	32628	21228,3983,33125,5826,7435,8342,8478,8560,10298,10596,10877,11987,15206,17419,17420,18094,18332,19119,20282,22911,23552,23750,242,1798,1941,1943,6573,8902,13299,13367,15461,15727,16113,17137,17584,20576,24381,26263,162,21770,22317,22832,26930,31439
1	557	473	21228,3983,33125,5826,7435,8342,8478,8560,10298,10596,10877,11987,15206,17419,17420,18094,18332,19119,20282,22911,23552,23750,242,1798,1941,1943,6573,8902,13299,13367,15461,15727,16113,17137,17584,20576,24381,26263,162,21770,22317,22832,26930,31439
1	557	1285	21228,3983,33125,5826,7435,8342,8478,8560,10298,10596,10877,11987,15206,17419,17420,18094,18332,19119,20282,22911,23552,23750,242,1798,1941,1943,6573,8902,13299,13367,15461,15727,16113,17137,17584,20576,24381,26263,162,21770,22317,22832,26930,31439,473
1	557	2044	21228,3983,33125,5826,7435,8342,8478,8560,10298,10596,10877,11987,15206,17419,17420,18094,18332,19119,20282,22911,23552,23750,242,1798,1941,1943,6573,8902,13299,13367,15461,15727,16113,17137,17584,20576,24381,26263,162,21770,22317,22832,26930,31439,473,1285
0	557	2564	21228,3983,33125,5826,7435,8342,8478,8560,10298,10596,10877,11987,15206,17419,17420,18094,18332,19119,20282,22911,23552,23750,242,1798,1941,1943,6573,8902,13299,13367,15461,15727,16113,17137,17584,20576,24381,26263,162,21770,22317,22832,26930,31439,473,1285,2044
0	557	2682	21228,3983,33125,5826,7435,8342,8478,8560,10298,10596,10877,11987,15206,17419,17420,18094,18332,19119,20282,22911,23552,23750,242,1798,1941,1943,6573,8902,13299,13367,15461,15727,16113,17137,17584,20576,24381,26263,162,21770,22317,22832,26930,31439,473,1285,2044
1	557	4251	21228,3983,33125,5826,7435,8342,8478,8560,10298,10596,10877,11987,15206,17419,17420,18094,18332,19119,20282,22911,23552,23750,242,1798,1941,1943,6573,8902,13299,13367,15461,15727,16113,17137,17584,20576,24381,26263,162,21770,22317,22832,26930,31439,473,1285,2044
1	557	6091	21228,3983,33125,5826,7435,8342,8478,8560,10298,10596,10877,11987,15206,17419,17420,18094,18332,19119,20282,22911,23552,23750,242,1798,1941,1943,6573,8902,13299,13367,15461,15727,16113,17137,17584,20576,24381,26263,162,21770,22317,22832,26930,31439,473,1285,2044,4251
0	557	6132	21228,3983,33125,5826,7435,8342,8478,8560,10298,10596,10877,11987,15206,17419,17420,18094,18332,19119,20282,22911,23552,23750,242,1798,1941,1943,6573,8902,13299,13367,15461,15727,16113,17137,17584,20576,24381,26263,162,21770,22317,22832,26930,31439,473,1285,2044,4251,6091
0	557	8486	21228,3983,33125,5826,7435,8342,8478,8560,10298,10596,10877,11987,15206,17419,17420,18094,18332,19119,20282,22911,23552,23750,242,1798,1941,1943,6573,8902,13299,13367,15461,15727,16113,17137,17584,20576,24381,26263,162,21770,22317,22832,26930,31439,473,1285,2044,4251,6091
1	557	9710	21228,3983,33125,5826,7435,8342,8478,8560,10298,10596,10877,11987,15206,17419,17420,18094,18332,19119,20282,22911,23552,23750,242,1798,1941,1943,6573,8902,13299,13367,15461,15727,16113,17137,17584,20576,24381,26263,162,21770,22317,22832,26930,31439,473,1285,2044,4251,6091
0	557	9728	21228,3983,33125,5826,7435,8342,8478,8560,10298,10596,10877,11987,15206,17419,17420,18094,18332,19119,20282,22911,23552,23750,242,1798,1941,1943,6573,8902,13299,13367,15461,15727,16113,17137,17584,20576,24381,26263,162,21770,22317,22832,26930,31439,473,1285,2044,4251,6091,9710
0	557	10187	21228,3983,33125,5826,7435,8342,8478,8560,10298,10596,10877,11987,15206,17419,17420,18094,18332,19119,20282,22911,23552,23750,242,1798,1941,1943,6573,8902,13299,13367,15461,15727,16113,17137,17584,20576,24381,26263,162,21770,22317,22832,26930,31439,473,1285,2044,4251,6091,9710
0	557	12895	21228,3983,33125,5826,7435,8342,8478,8560,10298,10596,10877,11987,15206,17419,17420,18094,18332,19119,20282,22911,23552,23750,242,1798,1941,1943,6573,8902,13299,13367,15461,15727,16113,17137,17584,20576,24381,26263,162,21770,22317,22832,26930,31439,473,1285,2044,4251,6091,9710
1	557	18735	21228,3983,33125,5826,7435,8342,8478,8560,10298,10596,10877,11987,15206,17419,17420,18094,18332,19119,20282,22911,23552,23750,242,1798,1941,1943,6573,8902,13299,13367,15461,15727,16113,17137,17584,20576,24381,26263,162,21770,22317,22832,26930,31439,473,1285,2044,4251,6091,9710
1	557	23882	21228,3983,33125,5826,7435,8342,8478,8560,10298,10596,10877,11987,15206,17419,17420,18094,18332,19119,20282,22911,23552,23750,242,1798,1941,1943,6573,8902,13299,13367,15461,15727,16113,17137,17584,20576,24381,26263,162,21770,22317,22832,26930,31439,473,1285,2044,4251,6091,9710,18735
0	557	24612	21228,3983,33125,5826,7435,8342,8478,8560,10298,10596,10877,11987,15206,17419,17420,18094,18332,19119,20282,22911,23552,23750,242,1798,1941,1943,6573,8902,13299,13367,15461,15727,16113,17137,17584,20576,24381,26263,162,21770,22317,22832,26930,31439,473,1285,2044,4251,6091,9710,18735,23882
1	557	25803	21228,3983,33125,5826,7435,8342,8478,8560,10298,10596,10877,11987,15206,17419,17420,18094,18332,19119,20282,22911,23552,23750,242,1798,1941,1943,6573,8902,13299,13367,15461,15727,16113,17137,17584,20576,24381,26263,162,21770,22317,22832,26930,31439,473,1285,2044,4251,6091,9710,18735,23882
