1	773	2340	0
1	773	3028	2340
1	773	5128	2340,3028
1	773	31834	2340,3028,5128
1	773	7469	2340,3028,5128,31834
1	773	10457	2340,3028,5128,31834,7469
1	773	1786	2340,3028,5128,31834,7469,10457
1	773	12923	2340,3028,5128,31834,7469,10457,1786
1	773	13602	2340,3028,5128,31834,7469,10457,1786,12923
1	773	12525	2340,3028,5128,31834,7469,10457,1786,12923,13602
1	773	21050	2340,3028,5128,31834,7469,10457,1786,12923,13602,12525
0	773	16453	2340,3028,5128,31834,7469,10457,1786,12923,13602,12525,21050
1	773	16753	2340,3028,5128,31834,7469,10457,1786,12923,13602,12525,21050
0	773	18930	2340,3028,5128,31834,7469,10457,1786,12923,13602,12525,21050,16753
1	773	17790	2340,3028,5128,31834,7469,10457,1786,12923,13602,12525,21050,16753
0	773	19620	2340,3028,5128,31834,7469,10457,1786,12923,13602,12525,21050,16753,17790
0	773	21601	2340,3028,5128,31834,7469,10457,1786,12923,13602,12525,21050,16753,17790
1	773	17469	2340,3028,5128,31834,7469,10457,1786,12923,13602,12525,21050,16753,17790
0	773	23447	2340,3028,5128,31834,7469,10457,1786,12923,13602,12525,21050,16753,17790,17469
1	773	17389	2340,3028,5128,31834,7469,10457,1786,12923,13602,12525,21050,16753,17790,17469
1	773	21495	2340,3028,5128,31834,7469,10457,1786,12923,13602,12525,21050,16753,17790,17469,17389
1	773	5210	2340,3028,5128,31834,7469,10457,1786,12923,13602,12525,21050,16753,17790,17469,17389,21495
0	773	23306	2340,3028,5128,31834,7469,10457,1786,12923,13602,12525,21050,16753,17790,17469,17389,21495,5210
1	773	23657	2340,3028,5128,31834,7469,10457,1786,12923,13602,12525,21050,16753,17790,17469,17389,21495,5210
0	773	25524	2340,3028,5128,31834,7469,10457,1786,12923,13602,12525,21050,16753,17790,17469,17389,21495,5210,23657
1	773	22240	2340,3028,5128,31834,7469,10457,1786,12923,13602,12525,21050,16753,17790,17469,17389,21495,5210,23657
0	773	25514	2340,3028,5128,31834,7469,10457,1786,12923,13602,12525,21050,16753,17790,17469,17389,21495,5210,23657,22240
0	773	23598	2340,3028,5128,31834,7469,10457,1786,12923,13602,12525,21050,16753,17790,17469,17389,21495,5210,23657,22240
0	773	24787	2340,3028,5128,31834,7469,10457,1786,12923,13602,12525,21050,16753,17790,17469,17389,21495,5210,23657,22240
0	773	25248	2340,3028,5128,31834,7469,10457,1786,12923,13602,12525,21050,16753,17790,17469,17389,21495,5210,23657,22240
0	773	16426	2340,3028,5128,31834,7469,10457,1786,12923,13602,12525,21050,16753,17790,17469,17389,21495,5210,23657,22240
1	773	27464	2340,3028,5128,31834,7469,10457,1786,12923,13602,12525,21050,16753,17790,17469,17389,21495,5210,23657,22240
1	773	33022	2340,3028,5128,31834,7469,10457,1786,12923,13602,12525,21050,16753,17790,17469,17389,21495,5210,23657,22240,27464
1	773	24323	2340,3028,5128,31834,7469,10457,1786,12923,13602,12525,21050,16753,17790,17469,17389,21495,5210,23657,22240,27464,33022
1	773	27055	2340,3028,5128,31834,7469,10457,1786,12923,13602,12525,21050,16753,17790,17469,17389,21495,5210,23657,22240,27464,33022,24323
0	773	26751	2340,3028,5128,31834,7469,10457,1786,12923,13602,12525,21050,16753,17790,17469,17389,21495,5210,23657,22240,27464,33022,24323,27055
1	773	28020	2340,3028,5128,31834,7469,10457,1786,12923,13602,12525,21050,16753,17790,17469,17389,21495,5210,23657,22240,27464,33022,24323,27055
0	773	9546	2340,3028,5128,31834,7469,10457,1786,12923,13602,12525,21050,16753,17790,17469,17389,21495,5210,23657,22240,27464,33022,24323,27055,28020
1	773	27750	2340,3028,5128,31834,7469,10457,1786,12923,13602,12525,21050,16753,17790,17469,17389,21495,5210,23657,22240,27464,33022,24323,27055,28020
1	773	28555	2340,3028,5128,31834,7469,10457,1786,12923,13602,12525,21050,16753,17790,17469,17389,21495,5210,23657,22240,27464,33022,24323,27055,28020,27750
1	773	11843	2340,3028,5128,31834,7469,10457,1786,12923,13602,12525,21050,16753,17790,17469,17389,21495,5210,23657,22240,27464,33022,24323,27055,28020,27750,28555
1	773	28011	2340,3028,5128,31834,7469,10457,1786,12923,13602,12525,21050,16753,17790,17469,17389,21495,5210,23657,22240,27464,33022,24323,27055,28020,27750,28555,11843
1	773	1505	2340,3028,5128,31834,7469,10457,1786,12923,13602,12525,21050,16753,17790,17469,17389,21495,5210,23657,22240,27464,33022,24323,27055,28020,27750,28555,11843,28011
1	773	9617	2340,3028,5128,31834,7469,10457,1786,12923,13602,12525,21050,16753,17790,17469,17389,21495,5210,23657,22240,27464,33022,24323,27055,28020,27750,28555,11843,28011,1505
0	773	16698	2340,3028,5128,31834,7469,10457,1786,12923,13602,12525,21050,16753,17790,17469,17389,21495,5210,23657,22240,27464,33022,24323,27055,28020,27750,28555,11843,28011,1505,9617
0	773	29367	2340,3028,5128,31834,7469,10457,1786,12923,13602,12525,21050,16753,17790,17469,17389,21495,5210,23657,22240,27464,33022,24323,27055,28020,27750,28555,11843,28011,1505,9617
