1	386	6696	0
0	386	15019	6696
1	386	10088	6696
1	386	14158	6696,10088
0	386	19514	6696,10088,14158
1	386	19703	6696,10088,14158
0	386	19401	6696,10088,14158,19703
1	386	19543	6696,10088,14158,19703
0	386	13431	6696,10088,14158,19703,19543
1	386	20130	6696,10088,14158,19703,19543
0	386	7711	6696,10088,14158,19703,19543,20130
1	386	16105	6696,10088,14158,19703,19543,20130
0	386	19224	6696,10088,14158,19703,19543,20130,16105
1	386	19513	6696,10088,14158,19703,19543,20130,16105
1	386	20627	6696,10088,14158,19703,19543,20130,16105,19513
1	386	22348	6696,10088,14158,19703,19543,20130,16105,19513,20627
0	386	21063	6696,10088,14158,19703,19543,20130,16105,19513,20627,22348
1	386	14251	6696,10088,14158,19703,19543,20130,16105,19513,20627,22348
0	386	17672	6696,10088,14158,19703,19543,20130,16105,19513,20627,22348,14251
0	386	24295	6696,10088,14158,19703,19543,20130,16105,19513,20627,22348,14251
0	386	24948	6696,10088,14158,19703,19543,20130,16105,19513,20627,22348,14251
0	386	22399	6696,10088,14158,19703,19543,20130,16105,19513,20627,22348,14251
1	386	19418	6696,10088,14158,19703,19543,20130,16105,19513,20627,22348,14251
0	386	17132	6696,10088,14158,19703,19543,20130,16105,19513,20627,22348,14251,19418
0	386	25100	6696,10088,14158,19703,19543,20130,16105,19513,20627,22348,14251,19418
0	386	15213	6696,10088,14158,19703,19543,20130,16105,19513,20627,22348,14251,19418
0	386	23453	6696,10088,14158,19703,19543,20130,16105,19513,20627,22348,14251,19418
1	386	25067	6696,10088,14158,19703,19543,20130,16105,19513,20627,22348,14251,19418
1	386	12814	6696,10088,14158,19703,19543,20130,16105,19513,20627,22348,14251,19418,25067
0	386	26747	6696,10088,14158,19703,19543,20130,16105,19513,20627,22348,14251,19418,25067,12814
0	386	25578	6696,10088,14158,19703,19543,20130,16105,19513,20627,22348,14251,19418,25067,12814
0	386	25504	6696,10088,14158,19703,19543,20130,16105,19513,20627,22348,14251,19418,25067,12814
0	386	26759	6696,10088,14158,19703,19543,20130,16105,19513,20627,22348,14251,19418,25067,12814
0	386	27113	6696,10088,14158,19703,19543,20130,16105,19513,20627,22348,14251,19418,25067,12814
1	386	27919	6696,10088,14158,19703,19543,20130,16105,19513,20627,22348,14251,19418,25067,12814
0	386	24889	6696,10088,14158,19703,19543,20130,16105,19513,20627,22348,14251,19418,25067,12814,27919
1	386	28161	6696,10088,14158,19703,19543,20130,16105,19513,20627,22348,14251,19418,25067,12814,27919
1	386	27390	6696,10088,14158,19703,19543,20130,16105,19513,20627,22348,14251,19418,25067,12814,27919,28161
1	386	28004	6696,10088,14158,19703,19543,20130,16105,19513,20627,22348,14251,19418,25067,12814,27919,28161,27390
1	386	25826	6696,10088,14158,19703,19543,20130,16105,19513,20627,22348,14251,19418,25067,12814,27919,28161,27390,28004
