1	1788	6557	0
1	1788	11251	6557
1	1788	7541	6557,11251
1	1788	5326	6557,11251,7541
1	1788	3751	6557,11251,7541,5326
1	1788	31934	6557,11251,7541,5326,3751
1	1788	6889	6557,11251,7541,5326,3751,31934
1	1788	2564	6557,11251,7541,5326,3751,31934,6889
1	1788	23318	6557,11251,7541,5326,3751,31934,6889,2564
1	1788	14716	6557,11251,7541,5326,3751,31934,6889,2564,23318
1	1788	32399	6557,11251,7541,5326,3751,31934,6889,2564,23318,14716
1	1788	14077	6557,11251,7541,5326,3751,31934,6889,2564,23318,14716,32399
1	1788	2208	6557,11251,7541,5326,3751,31934,6889,2564,23318,14716,32399,14077
1	1788	32967	6557,11251,7541,5326,3751,31934,6889,2564,23318,14716,32399,14077,2208
1	1788	6897	6557,11251,7541,5326,3751,31934,6889,2564,23318,14716,32399,14077,2208,32967
1	1788	14778	6557,11251,7541,5326,3751,31934,6889,2564,23318,14716,32399,14077,2208,32967,6897
1	1788	15626	6557,11251,7541,5326,3751,31934,6889,2564,23318,14716,32399,14077,2208,32967,6897,14778
1	1788	5163	6557,11251,7541,5326,3751,31934,6889,2564,23318,14716,32399,14077,2208,32967,6897,14778,15626
1	1788	10395	6557,11251,7541,5326,3751,31934,6889,2564,23318,14716,32399,14077,2208,32967,6897,14778,15626,5163
1	1788	13487	6557,11251,7541,5326,3751,31934,6889,2564,23318,14716,32399,14077,2208,32967,6897,14778,15626,5163,10395
1	1788	18470	6557,11251,7541,5326,3751,31934,6889,2564,23318,14716,32399,14077,2208,32967,6897,14778,15626,5163,10395,13487
1	1788	2526	6557,11251,7541,5326,3751,31934,6889,2564,23318,14716,32399,14077,2208,32967,6897,14778,15626,5163,10395,13487,18470
0	1788	18053	6557,11251,7541,5326,3751,31934,6889,2564,23318,14716,32399,14077,2208,32967,6897,14778,15626,5163,10395,13487,18470,2526
1	1788	15683	6557,11251,7541,5326,3751,31934,6889,2564,23318,14716,32399,14077,2208,32967,6897,14778,15626,5163,10395,13487,18470,2526
0	1788	9599	6557,11251,7541,5326,3751,31934,6889,2564,23318,14716,32399,14077,2208,32967,6897,14778,15626,5163,10395,13487,18470,2526,15683
1	1788	12960	6557,11251,7541,5326,3751,31934,6889,2564,23318,14716,32399,14077,2208,32967,6897,14778,15626,5163,10395,13487,18470,2526,15683
1	1788	5463	6557,11251,7541,5326,3751,31934,6889,2564,23318,14716,32399,14077,2208,32967,6897,14778,15626,5163,10395,13487,18470,2526,15683,12960
1	1788	9484	6557,11251,7541,5326,3751,31934,6889,2564,23318,14716,32399,14077,2208,32967,6897,14778,15626,5163,10395,13487,18470,2526,15683,12960,5463
1	1788	11839	6557,11251,7541,5326,3751,31934,6889,2564,23318,14716,32399,14077,2208,32967,6897,14778,15626,5163,10395,13487,18470,2526,15683,12960,5463,9484
1	1788	4319	6557,11251,7541,5326,3751,31934,6889,2564,23318,14716,32399,14077,2208,32967,6897,14778,15626,5163,10395,13487,18470,2526,15683,12960,5463,9484,11839
1	1788	21972	6557,11251,7541,5326,3751,31934,6889,2564,23318,14716,32399,14077,2208,32967,6897,14778,15626,5163,10395,13487,18470,2526,15683,12960,5463,9484,11839,4319
1	1788	9686	6557,11251,7541,5326,3751,31934,6889,2564,23318,14716,32399,14077,2208,32967,6897,14778,15626,5163,10395,13487,18470,2526,15683,12960,5463,9484,11839,4319,21972
1	1788	6226	6557,11251,7541,5326,3751,31934,6889,2564,23318,14716,32399,14077,2208,32967,6897,14778,15626,5163,10395,13487,18470,2526,15683,12960,5463,9484,11839,4319,21972,9686
1	1788	23165	6557,11251,7541,5326,3751,31934,6889,2564,23318,14716,32399,14077,2208,32967,6897,14778,15626,5163,10395,13487,18470,2526,15683,12960,5463,9484,11839,4319,21972,9686,6226
1	1788	9764	6557,11251,7541,5326,3751,31934,6889,2564,23318,14716,32399,14077,2208,32967,6897,14778,15626,5163,10395,13487,18470,2526,15683,12960,5463,9484,11839,4319,21972,9686,6226,23165
0	1788	23925	6557,11251,7541,5326,3751,31934,6889,2564,23318,14716,32399,14077,2208,32967,6897,14778,15626,5163,10395,13487,18470,2526,15683,12960,5463,9484,11839,4319,21972,9686,6226,23165,9764
1	1788	21504	6557,11251,7541,5326,3751,31934,6889,2564,23318,14716,32399,14077,2208,32967,6897,14778,15626,5163,10395,13487,18470,2526,15683,12960,5463,9484,11839,4319,21972,9686,6226,23165,9764
1	1788	1626	6557,11251,7541,5326,3751,31934,6889,2564,23318,14716,32399,14077,2208,32967,6897,14778,15626,5163,10395,13487,18470,2526,15683,12960,5463,9484,11839,4319,21972,9686,6226,23165,9764,21504
0	1788	17207	6557,11251,7541,5326,3751,31934,6889,2564,23318,14716,32399,14077,2208,32967,6897,14778,15626,5163,10395,13487,18470,2526,15683,12960,5463,9484,11839,4319,21972,9686,6226,23165,9764,21504,1626
1	1788	23924	6557,11251,7541,5326,3751,31934,6889,2564,23318,14716,32399,14077,2208,32967,6897,14778,15626,5163,10395,13487,18470,2526,15683,12960,5463,9484,11839,4319,21972,9686,6226,23165,9764,21504,1626
1	1788	24086	6557,11251,7541,5326,3751,31934,6889,2564,23318,14716,32399,14077,2208,32967,6897,14778,15626,5163,10395,13487,18470,2526,15683,12960,5463,9484,11839,4319,21972,9686,6226,23165,9764,21504,1626,23924
