1	1863	2236	0
0	1863	956	2236
1	1863	32211	2236
0	1863	6256	2236,32211
1	1863	7414	2236,32211
1	1863	6446	2236,32211,7414
1	1863	5774	2236,32211,7414,6446
0	1863	6679	2236,32211,7414,6446,5774
0	1863	7197	2236,32211,7414,6446,5774
0	1863	7196	2236,32211,7414,6446,5774
1	1863	8425	2236,32211,7414,6446,5774
0	1863	8330	2236,32211,7414,6446,5774,8425
0	1863	9580	2236,32211,7414,6446,5774,8425
0	1863	4898	2236,32211,7414,6446,5774,8425
1	1863	2390	2236,32211,7414,6446,5774,8425
0	1863	9462	2236,32211,7414,6446,5774,8425,2390
1	1863	10088	2236,32211,7414,6446,5774,8425,2390
1	1863	12311	2236,32211,7414,6446,5774,8425,2390,10088
0	1863	11413	2236,32211,7414,6446,5774,8425,2390,10088,12311
0	1863	12949	2236,32211,7414,6446,5774,8425,2390,10088,12311
0	1863	11110	2236,32211,7414,6446,5774,8425,2390,10088,12311
1	1863	15281	2236,32211,7414,6446,5774,8425,2390,10088,12311
0	1863	15664	2236,32211,7414,6446,5774,8425,2390,10088,12311,15281
1	1863	11420	2236,32211,7414,6446,5774,8425,2390,10088,12311,15281
0	1863	14495	2236,32211,7414,6446,5774,8425,2390,10088,12311,15281,11420
0	1863	9852	2236,32211,7414,6446,5774,8425,2390,10088,12311,15281,11420
1	1863	18955	2236,32211,7414,6446,5774,8425,2390,10088,12311,15281,11420
0	1863	19307	2236,32211,7414,6446,5774,8425,2390,10088,12311,15281,11420,18955
1	1863	18540	2236,32211,7414,6446,5774,8425,2390,10088,12311,15281,11420,18955
0	1863	13431	2236,32211,7414,6446,5774,8425,2390,10088,12311,15281,11420,18955,18540
0	1863	18368	2236,32211,7414,6446,5774,8425,2390,10088,12311,15281,11420,18955,18540
0	1863	17672	2236,32211,7414,6446,5774,8425,2390,10088,12311,15281,11420,18955,18540
1	1863	2365	2236,32211,7414,6446,5774,8425,2390,10088,12311,15281,11420,18955,18540
0	1863	19019	2236,32211,7414,6446,5774,8425,2390,10088,12311,15281,11420,18955,18540,2365
1	1863	22179	2236,32211,7414,6446,5774,8425,2390,10088,12311,15281,11420,18955,18540,2365
0	1863	23822	2236,32211,7414,6446,5774,8425,2390,10088,12311,15281,11420,18955,18540,2365,22179
1	1863	11686	2236,32211,7414,6446,5774,8425,2390,10088,12311,15281,11420,18955,18540,2365,22179
0	1863	20954	2236,32211,7414,6446,5774,8425,2390,10088,12311,15281,11420,18955,18540,2365,22179,11686
0	1863	22197	2236,32211,7414,6446,5774,8425,2390,10088,12311,15281,11420,18955,18540,2365,22179,11686
1	1863	15272	2236,32211,7414,6446,5774,8425,2390,10088,12311,15281,11420,18955,18540,2365,22179,11686
1	1863	20625	2236,32211,7414,6446,5774,8425,2390,10088,12311,15281,11420,18955,18540,2365,22179,11686,15272
1	1863	26759	2236,32211,7414,6446,5774,8425,2390,10088,12311,15281,11420,18955,18540,2365,22179,11686,15272,20625
1	1863	23389	2236,32211,7414,6446,5774,8425,2390,10088,12311,15281,11420,18955,18540,2365,22179,11686,15272,20625,26759
0	1863	25915	2236,32211,7414,6446,5774,8425,2390,10088,12311,15281,11420,18955,18540,2365,22179,11686,15272,20625,26759,23389
0	1863	27248	2236,32211,7414,6446,5774,8425,2390,10088,12311,15281,11420,18955,18540,2365,22179,11686,15272,20625,26759,23389
0	1863	26938	2236,32211,7414,6446,5774,8425,2390,10088,12311,15281,11420,18955,18540,2365,22179,11686,15272,20625,26759,23389
1	1863	25817	2236,32211,7414,6446,5774,8425,2390,10088,12311,15281,11420,18955,18540,2365,22179,11686,15272,20625,26759,23389
1	1863	26088	2236,32211,7414,6446,5774,8425,2390,10088,12311,15281,11420,18955,18540,2365,22179,11686,15272,20625,26759,23389,25817
1	1863	26086	2236,32211,7414,6446,5774,8425,2390,10088,12311,15281,11420,18955,18540,2365,22179,11686,15272,20625,26759,23389,25817,26088
0	1863	28203	2236,32211,7414,6446,5774,8425,2390,10088,12311,15281,11420,18955,18540,2365,22179,11686,15272,20625,26759,23389,25817,26088,26086
0	1863	26475	2236,32211,7414,6446,5774,8425,2390,10088,12311,15281,11420,18955,18540,2365,22179,11686,15272,20625,26759,23389,25817,26088,26086
0	1863	27377	2236,32211,7414,6446,5774,8425,2390,10088,12311,15281,11420,18955,18540,2365,22179,11686,15272,20625,26759,23389,25817,26088,26086
1	1863	29132	2236,32211,7414,6446,5774,8425,2390,10088,12311,15281,11420,18955,18540,2365,22179,11686,15272,20625,26759,23389,25817,26088,26086
0	1863	21838	2236,32211,7414,6446,5774,8425,2390,10088,12311,15281,11420,18955,18540,2365,22179,11686,15272,20625,26759,23389,25817,26088,26086,29132
1	1863	29575	2236,32211,7414,6446,5774,8425,2390,10088,12311,15281,11420,18955,18540,2365,22179,11686,15272,20625,26759,23389,25817,26088,26086,29132
