1	806	16297	0
1	806	4627	16297
1	806	4930	16297,4627
0	806	19174	16297,4627,4930
0	806	19331	16297,4627,4930
0	806	24132	16297,4627,4930
0	806	32140	16297,4627,4930
0	806	5176	16297,4627,4930
1	806	20760	16297,4627,4930
1	806	5483	16297,4627,4930,20760
1	806	6096	16297,4627,4930,20760,5483
1	806	8731	16297,4627,4930,20760,5483,6096
1	806	9486	16297,4627,4930,20760,5483,6096,8731
1	806	9902	16297,4627,4930,20760,5483,6096,8731,9486
1	806	10314	16297,4627,4930,20760,5483,6096,8731,9486,9902
1	806	13574	16297,4627,4930,20760,5483,6096,8731,9486,9902,10314
0	806	16807	16297,4627,4930,20760,5483,6096,8731,9486,9902,10314,13574
1	806	21186	16297,4627,4930,20760,5483,6096,8731,9486,9902,10314,13574
1	806	23025	16297,4627,4930,20760,5483,6096,8731,9486,9902,10314,13574,21186
1	806	3697	16297,4627,4930,20760,5483,6096,8731,9486,9902,10314,13574,21186,23025
0	806	10737	16297,4627,4930,20760,5483,6096,8731,9486,9902,10314,13574,21186,23025,3697
1	806	14067	16297,4627,4930,20760,5483,6096,8731,9486,9902,10314,13574,21186,23025,3697
1	806	14779	16297,4627,4930,20760,5483,6096,8731,9486,9902,10314,13574,21186,23025,3697,14067
0	806	16592	16297,4627,4930,20760,5483,6096,8731,9486,9902,10314,13574,21186,23025,3697,14067,14779
1	806	18930	16297,4627,4930,20760,5483,6096,8731,9486,9902,10314,13574,21186,23025,3697,14067,14779
1	806	32137	16297,4627,4930,20760,5483,6096,8731,9486,9902,10314,13574,21186,23025,3697,14067,14779,18930
1	806	1851	16297,4627,4930,20760,5483,6096,8731,9486,9902,10314,13574,21186,23025,3697,14067,14779,18930,32137
1	806	3694	16297,4627,4930,20760,5483,6096,8731,9486,9902,10314,13574,21186,23025,3697,14067,14779,18930,32137,1851
1	806	17564	16297,4627,4930,20760,5483,6096,8731,9486,9902,10314,13574,21186,23025,3697,14067,14779,18930,32137,1851,3694
1	806	24802	16297,4627,4930,20760,5483,6096,8731,9486,9902,10314,13574,21186,23025,3697,14067,14779,18930,32137,1851,3694,17564
1	806	2589	16297,4627,4930,20760,5483,6096,8731,9486,9902,10314,13574,21186,23025,3697,14067,14779,18930,32137,1851,3694,17564,24802
1	806	4015	16297,4627,4930,20760,5483,6096,8731,9486,9902,10314,13574,21186,23025,3697,14067,14779,18930,32137,1851,3694,17564,24802,2589
1	806	8320	16297,4627,4930,20760,5483,6096,8731,9486,9902,10314,13574,21186,23025,3697,14067,14779,18930,32137,1851,3694,17564,24802,2589,4015
0	806	9532	16297,4627,4930,20760,5483,6096,8731,9486,9902,10314,13574,21186,23025,3697,14067,14779,18930,32137,1851,3694,17564,24802,2589,4015,8320
0	806	11036	16297,4627,4930,20760,5483,6096,8731,9486,9902,10314,13574,21186,23025,3697,14067,14779,18930,32137,1851,3694,17564,24802,2589,4015,8320
1	806	11839	16297,4627,4930,20760,5483,6096,8731,9486,9902,10314,13574,21186,23025,3697,14067,14779,18930,32137,1851,3694,17564,24802,2589,4015,8320
1	806	11870	16297,4627,4930,20760,5483,6096,8731,9486,9902,10314,13574,21186,23025,3697,14067,14779,18930,32137,1851,3694,17564,24802,2589,4015,8320,11839
1	806	13214	16297,4627,4930,20760,5483,6096,8731,9486,9902,10314,13574,21186,23025,3697,14067,14779,18930,32137,1851,3694,17564,24802,2589,4015,8320,11839,11870
0	806	20182	16297,4627,4930,20760,5483,6096,8731,9486,9902,10314,13574,21186,23025,3697,14067,14779,18930,32137,1851,3694,17564,24802,2589,4015,8320,11839,11870,13214
0	806	18595	16297,4627,4930,20760,5483,6096,8731,9486,9902,10314,13574,21186,23025,3697,14067,14779,18930,32137,1851,3694,17564,24802,2589,4015,8320,11839,11870,13214
1	806	13114	16297,4627,4930,20760,5483,6096,8731,9486,9902,10314,13574,21186,23025,3697,14067,14779,18930,32137,1851,3694,17564,24802,2589,4015,8320,11839,11870,13214
0	806	20504	16297,4627,4930,20760,5483,6096,8731,9486,9902,10314,13574,21186,23025,3697,14067,14779,18930,32137,1851,3694,17564,24802,2589,4015,8320,11839,11870,13214,13114
1	806	14011	16297,4627,4930,20760,5483,6096,8731,9486,9902,10314,13574,21186,23025,3697,14067,14779,18930,32137,1851,3694,17564,24802,2589,4015,8320,11839,11870,13214,13114
1	806	14485	16297,4627,4930,20760,5483,6096,8731,9486,9902,10314,13574,21186,23025,3697,14067,14779,18930,32137,1851,3694,17564,24802,2589,4015,8320,11839,11870,13214,13114,14011
1	806	22503	16297,4627,4930,20760,5483,6096,8731,9486,9902,10314,13574,21186,23025,3697,14067,14779,18930,32137,1851,3694,17564,24802,2589,4015,8320,11839,11870,13214,13114,14011,14485
1	806	6734	16297,4627,4930,20760,5483,6096,8731,9486,9902,10314,13574,21186,23025,3697,14067,14779,18930,32137,1851,3694,17564,24802,2589,4015,8320,11839,11870,13214,13114,14011,14485,22503
1	806	19660	16297,4627,4930,20760,5483,6096,8731,9486,9902,10314,13574,21186,23025,3697,14067,14779,18930,32137,1851,3694,17564,24802,2589,4015,8320,11839,11870,13214,13114,14011,14485,22503,6734
0	806	2716	16297,4627,4930,20760,5483,6096,8731,9486,9902,10314,13574,21186,23025,3697,14067,14779,18930,32137,1851,3694,17564,24802,2589,4015,8320,11839,11870,13214,13114,14011,14485,22503,6734,19660
1	806	23301	16297,4627,4930,20760,5483,6096,8731,9486,9902,10314,13574,21186,23025,3697,14067,14779,18930,32137,1851,3694,17564,24802,2589,4015,8320,11839,11870,13214,13114,14011,14485,22503,6734,19660
1	806	23682	16297,4627,4930,20760,5483,6096,8731,9486,9902,10314,13574,21186,23025,3697,14067,14779,18930,32137,1851,3694,17564,24802,2589,4015,8320,11839,11870,13214,13114,14011,14485,22503,6734,19660,23301
1	806	15901	16297,4627,4930,20760,5483,6096,8731,9486,9902,10314,13574,21186,23025,3697,14067,14779,18930,32137,1851,3694,17564,24802,2589,4015,8320,11839,11870,13214,13114,14011,14485,22503,6734,19660,23301,23682
1	806	8502	16297,4627,4930,20760,5483,6096,8731,9486,9902,10314,13574,21186,23025,3697,14067,14779,18930,32137,1851,3694,17564,24802,2589,4015,8320,11839,11870,13214,13114,14011,14485,22503,6734,19660,23301,23682,15901
0	806	17332	16297,4627,4930,20760,5483,6096,8731,9486,9902,10314,13574,21186,23025,3697,14067,14779,18930,32137,1851,3694,17564,24802,2589,4015,8320,11839,11870,13214,13114,14011,14485,22503,6734,19660,23301,23682,15901,8502
1	806	19768	16297,4627,4930,20760,5483,6096,8731,9486,9902,10314,13574,21186,23025,3697,14067,14779,18930,32137,1851,3694,17564,24802,2589,4015,8320,11839,11870,13214,13114,14011,14485,22503,6734,19660,23301,23682,15901,8502
0	806	9295	16297,4627,4930,20760,5483,6096,8731,9486,9902,10314,13574,21186,23025,3697,14067,14779,18930,32137,1851,3694,17564,24802,2589,4015,8320,11839,11870,13214,13114,14011,14485,22503,6734,19660,23301,23682,15901,8502,19768
0	806	19061	16297,4627,4930,20760,5483,6096,8731,9486,9902,10314,13574,21186,23025,3697,14067,14779,18930,32137,1851,3694,17564,24802,2589,4015,8320,11839,11870,13214,13114,14011,14485,22503,6734,19660,23301,23682,15901,8502,19768
0	806	5735	16297,4627,4930,20760,5483,6096,8731,9486,9902,10314,13574,21186,23025,3697,14067,14779,18930,32137,1851,3694,17564,24802,2589,4015,8320,11839,11870,13214,13114,14011,14485,22503,6734,19660,23301,23682,15901,8502,19768
0	806	24096	16297,4627,4930,20760,5483,6096,8731,9486,9902,10314,13574,21186,23025,3697,14067,14779,18930,32137,1851,3694,17564,24802,2589,4015,8320,11839,11870,13214,13114,14011,14485,22503,6734,19660,23301,23682,15901,8502,19768
1	806	26215	16297,4627,4930,20760,5483,6096,8731,9486,9902,10314,13574,21186,23025,3697,14067,14779,18930,32137,1851,3694,17564,24802,2589,4015,8320,11839,11870,13214,13114,14011,14485,22503,6734,19660,23301,23682,15901,8502,19768
1	806	26832	16297,4627,4930,20760,5483,6096,8731,9486,9902,10314,13574,21186,23025,3697,14067,14779,18930,32137,1851,3694,17564,24802,2589,4015,8320,11839,11870,13214,13114,14011,14485,22503,6734,19660,23301,23682,15901,8502,19768,26215
0	806	12080	16297,4627,4930,20760,5483,6096,8731,9486,9902,10314,13574,21186,23025,3697,14067,14779,18930,32137,1851,3694,17564,24802,2589,4015,8320,11839,11870,13214,13114,14011,14485,22503,6734,19660,23301,23682,15901,8502,19768,26215,26832
