1	1763	17419	0
0	1763	7623	17419
0	1763	11918	17419
0	1763	17625	17419
1	1763	18980	17419
1	1763	19643	17419,18980
0	1763	25056	17419,18980,19643
0	1763	22314	17419,18980,19643
1	1763	3379	17419,18980,19643
1	1763	14201	17419,18980,19643,3379
1	1763	25218	17419,18980,19643,3379,14201
1	1763	22010	17419,18980,19643,3379,14201,25218
1	1763	14375	17419,18980,19643,3379,14201,25218,22010
1	1763	25055	17419,18980,19643,3379,14201,25218,22010,14375
0	1763	23863	17419,18980,19643,3379,14201,25218,22010,14375,25055
1	1763	7248	17419,18980,19643,3379,14201,25218,22010,14375,25055
1	1763	23479	17419,18980,19643,3379,14201,25218,22010,14375,25055,7248
0	1763	23975	17419,18980,19643,3379,14201,25218,22010,14375,25055,7248,23479
1	1763	142	17419,18980,19643,3379,14201,25218,22010,14375,25055,7248,23479
1	1763	7993	17419,18980,19643,3379,14201,25218,22010,14375,25055,7248,23479,142
1	1763	18261	17419,18980,19643,3379,14201,25218,22010,14375,25055,7248,23479,142,7993
0	1763	22555	17419,18980,19643,3379,14201,25218,22010,14375,25055,7248,23479,142,7993,18261
1	1763	24699	17419,18980,19643,3379,14201,25218,22010,14375,25055,7248,23479,142,7993,18261
1	1763	24942	17419,18980,19643,3379,14201,25218,22010,14375,25055,7248,23479,142,7993,18261,24699
1	1763	17467	17419,18980,19643,3379,14201,25218,22010,14375,25055,7248,23479,142,7993,18261,24699,24942
1	1763	22986	17419,18980,19643,3379,14201,25218,22010,14375,25055,7248,23479,142,7993,18261,24699,24942,17467
1	1763	3064	17419,18980,19643,3379,14201,25218,22010,14375,25055,7248,23479,142,7993,18261,24699,24942,17467,22986
1	1763	13214	17419,18980,19643,3379,14201,25218,22010,14375,25055,7248,23479,142,7993,18261,24699,24942,17467,22986,3064
1	1763	20980	17419,18980,19643,3379,14201,25218,22010,14375,25055,7248,23479,142,7993,18261,24699,24942,17467,22986,3064,13214
1	1763	21402	17419,18980,19643,3379,14201,25218,22010,14375,25055,7248,23479,142,7993,18261,24699,24942,17467,22986,3064,13214,20980
1	1763	23866	17419,18980,19643,3379,14201,25218,22010,14375,25055,7248,23479,142,7993,18261,24699,24942,17467,22986,3064,13214,20980,21402
1	1763	28321	17419,18980,19643,3379,14201,25218,22010,14375,25055,7248,23479,142,7993,18261,24699,24942,17467,22986,3064,13214,20980,21402,23866
1	1763	28354	17419,18980,19643,3379,14201,25218,22010,14375,25055,7248,23479,142,7993,18261,24699,24942,17467,22986,3064,13214,20980,21402,23866,28321
0	1763	31318	17419,18980,19643,3379,14201,25218,22010,14375,25055,7248,23479,142,7993,18261,24699,24942,17467,22986,3064,13214,20980,21402,23866,28321,28354
0	1763	14557	17419,18980,19643,3379,14201,25218,22010,14375,25055,7248,23479,142,7993,18261,24699,24942,17467,22986,3064,13214,20980,21402,23866,28321,28354
1	1763	16979	17419,18980,19643,3379,14201,25218,22010,14375,25055,7248,23479,142,7993,18261,24699,24942,17467,22986,3064,13214,20980,21402,23866,28321,28354
1	1763	19698	17419,18980,19643,3379,14201,25218,22010,14375,25055,7248,23479,142,7993,18261,24699,24942,17467,22986,3064,13214,20980,21402,23866,28321,28354,16979
1	1763	19738	17419,18980,19643,3379,14201,25218,22010,14375,25055,7248,23479,142,7993,18261,24699,24942,17467,22986,3064,13214,20980,21402,23866,28321,28354,16979,19698
1	1763	28220	17419,18980,19643,3379,14201,25218,22010,14375,25055,7248,23479,142,7993,18261,24699,24942,17467,22986,3064,13214,20980,21402,23866,28321,28354,16979,19698,19738
1	1763	18843	17419,18980,19643,3379,14201,25218,22010,14375,25055,7248,23479,142,7993,18261,24699,24942,17467,22986,3064,13214,20980,21402,23866,28321,28354,16979,19698,19738,28220
1	1763	29463	17419,18980,19643,3379,14201,25218,22010,14375,25055,7248,23479,142,7993,18261,24699,24942,17467,22986,3064,13214,20980,21402,23866,28321,28354,16979,19698,19738,28220,18843
