1	1844	958	0
1	1844	10881	958
1	1844	9755	958,10881
1	1844	12492	958,10881,9755
1	1844	22082	958,10881,9755,12492
1	1844	5114	958,10881,9755,12492,22082
1	1844	6021	958,10881,9755,12492,22082,5114
0	1844	11189	958,10881,9755,12492,22082,5114,6021
0	1844	11376	958,10881,9755,12492,22082,5114,6021
0	1844	12253	958,10881,9755,12492,22082,5114,6021
0	1844	15100	958,10881,9755,12492,22082,5114,6021
1	1844	19395	958,10881,9755,12492,22082,5114,6021
0	1844	14229	958,10881,9755,12492,22082,5114,6021,19395
0	1844	14505	958,10881,9755,12492,22082,5114,6021,19395
1	1844	821	958,10881,9755,12492,22082,5114,6021,19395
1	1844	4399	958,10881,9755,12492,22082,5114,6021,19395,821
0	1844	10616	958,10881,9755,12492,22082,5114,6021,19395,821,4399
0	1844	4369	958,10881,9755,12492,22082,5114,6021,19395,821,4399
1	1844	10154	958,10881,9755,12492,22082,5114,6021,19395,821,4399
0	1844	4842	958,10881,9755,12492,22082,5114,6021,19395,821,4399,10154
0	1844	10785	958,10881,9755,12492,22082,5114,6021,19395,821,4399,10154
1	1844	20482	958,10881,9755,12492,22082,5114,6021,19395,821,4399,10154
0	1844	26602	958,10881,9755,12492,22082,5114,6021,19395,821,4399,10154,20482
0	1844	5237	958,10881,9755,12492,22082,5114,6021,19395,821,4399,10154,20482
0	1844	15702	958,10881,9755,12492,22082,5114,6021,19395,821,4399,10154,20482
1	1844	7502	958,10881,9755,12492,22082,5114,6021,19395,821,4399,10154,20482
0	1844	10991	958,10881,9755,12492,22082,5114,6021,19395,821,4399,10154,20482,7502
0	1844	10590	958,10881,9755,12492,22082,5114,6021,19395,821,4399,10154,20482,7502
1	1844	11671	958,10881,9755,12492,22082,5114,6021,19395,821,4399,10154,20482,7502
0	1844	5941	958,10881,9755,12492,22082,5114,6021,19395,821,4399,10154,20482,7502,11671
1	1844	15264	958,10881,9755,12492,22082,5114,6021,19395,821,4399,10154,20482,7502,11671
1	1844	17033	958,10881,9755,12492,22082,5114,6021,19395,821,4399,10154,20482,7502,11671,15264
1	1844	7703	958,10881,9755,12492,22082,5114,6021,19395,821,4399,10154,20482,7502,11671,15264,17033
0	1844	10259	958,10881,9755,12492,22082,5114,6021,19395,821,4399,10154,20482,7502,11671,15264,17033,7703
0	1844	4394	958,10881,9755,12492,22082,5114,6021,19395,821,4399,10154,20482,7502,11671,15264,17033,7703
1	1844	22114	958,10881,9755,12492,22082,5114,6021,19395,821,4399,10154,20482,7502,11671,15264,17033,7703
0	1844	13500	958,10881,9755,12492,22082,5114,6021,19395,821,4399,10154,20482,7502,11671,15264,17033,7703,22114
