0	106	5219	0
0	106	11887	0
0	106	13696	0
0	106	14495	0
0	106	17591	0
0	106	33033	0
1	106	16881	0
0	106	14058	16881
1	106	19101	16881
1	106	16812	16881,19101
0	106	19070	16881,19101,16812
0	106	11407	16881,19101,16812
0	106	17534	16881,19101,16812
1	106	3370	16881,19101,16812
0	106	15779	16881,19101,16812,3370
0	106	19562	16881,19101,16812,3370
0	106	17841	16881,19101,16812,3370
0	106	17273	16881,19101,16812,3370
0	106	15468	16881,19101,16812,3370
0	106	19895	16881,19101,16812,3370
1	106	9852	16881,19101,16812,3370
1	106	19335	16881,19101,16812,3370,9852
1	106	18055	16881,19101,16812,3370,9852,19335
0	106	8831	16881,19101,16812,3370,9852,19335,18055
1	106	13730	16881,19101,16812,3370,9852,19335,18055
0	106	17670	16881,19101,16812,3370,9852,19335,18055,13730
0	106	6525	16881,19101,16812,3370,9852,19335,18055,13730
1	106	3637	16881,19101,16812,3370,9852,19335,18055,13730
0	106	13825	16881,19101,16812,3370,9852,19335,18055,13730,3637
0	106	23160	16881,19101,16812,3370,9852,19335,18055,13730,3637
0	106	22816	16881,19101,16812,3370,9852,19335,18055,13730,3637
0	106	22817	16881,19101,16812,3370,9852,19335,18055,13730,3637
0	106	22217	16881,19101,16812,3370,9852,19335,18055,13730,3637
0	106	21312	16881,19101,16812,3370,9852,19335,18055,13730,3637
0	106	22974	16881,19101,16812,3370,9852,19335,18055,13730,3637
0	106	18017	16881,19101,16812,3370,9852,19335,18055,13730,3637
1	106	21596	16881,19101,16812,3370,9852,19335,18055,13730,3637
1	106	22111	16881,19101,16812,3370,9852,19335,18055,13730,3637,21596
0	106	21807	16881,19101,16812,3370,9852,19335,18055,13730,3637,21596,22111
0	106	23128	16881,19101,16812,3370,9852,19335,18055,13730,3637,21596,22111
0	106	24731	16881,19101,16812,3370,9852,19335,18055,13730,3637,21596,22111
0	106	26083	16881,19101,16812,3370,9852,19335,18055,13730,3637,21596,22111
1	106	26133	16881,19101,16812,3370,9852,19335,18055,13730,3637,21596,22111
0	106	24027	16881,19101,16812,3370,9852,19335,18055,13730,3637,21596,22111,26133
1	106	22782	16881,19101,16812,3370,9852,19335,18055,13730,3637,21596,22111,26133
0	106	22489	16881,19101,16812,3370,9852,19335,18055,13730,3637,21596,22111,26133,22782
0	106	3349	16881,19101,16812,3370,9852,19335,18055,13730,3637,21596,22111,26133,22782
1	106	16909	16881,19101,16812,3370,9852,19335,18055,13730,3637,21596,22111,26133,22782
0	106	25997	16881,19101,16812,3370,9852,19335,18055,13730,3637,21596,22111,26133,22782,16909
1	106	2331	16881,19101,16812,3370,9852,19335,18055,13730,3637,21596,22111,26133,22782,16909
0	106	20625	16881,19101,16812,3370,9852,19335,18055,13730,3637,21596,22111,26133,22782,16909,2331
0	106	26659	16881,19101,16812,3370,9852,19335,18055,13730,3637,21596,22111,26133,22782,16909,2331
1	106	24648	16881,19101,16812,3370,9852,19335,18055,13730,3637,21596,22111,26133,22782,16909,2331
0	106	24729	16881,19101,16812,3370,9852,19335,18055,13730,3637,21596,22111,26133,22782,16909,2331,24648
0	106	24786	16881,19101,16812,3370,9852,19335,18055,13730,3637,21596,22111,26133,22782,16909,2331,24648
0	106	24726	16881,19101,16812,3370,9852,19335,18055,13730,3637,21596,22111,26133,22782,16909,2331,24648
0	106	24795	16881,19101,16812,3370,9852,19335,18055,13730,3637,21596,22111,26133,22782,16909,2331,24648
0	106	15220	16881,19101,16812,3370,9852,19335,18055,13730,3637,21596,22111,26133,22782,16909,2331,24648
0	106	24784	16881,19101,16812,3370,9852,19335,18055,13730,3637,21596,22111,26133,22782,16909,2331,24648
0	106	26123	16881,19101,16812,3370,9852,19335,18055,13730,3637,21596,22111,26133,22782,16909,2331,24648
0	106	22104	16881,19101,16812,3370,9852,19335,18055,13730,3637,21596,22111,26133,22782,16909,2331,24648
0	106	24186	16881,19101,16812,3370,9852,19335,18055,13730,3637,21596,22111,26133,22782,16909,2331,24648
0	106	25994	16881,19101,16812,3370,9852,19335,18055,13730,3637,21596,22111,26133,22782,16909,2331,24648
0	106	25998	16881,19101,16812,3370,9852,19335,18055,13730,3637,21596,22111,26133,22782,16909,2331,24648
0	106	26111	16881,19101,16812,3370,9852,19335,18055,13730,3637,21596,22111,26133,22782,16909,2331,24648
0	106	25659	16881,19101,16812,3370,9852,19335,18055,13730,3637,21596,22111,26133,22782,16909,2331,24648
0	106	27444	16881,19101,16812,3370,9852,19335,18055,13730,3637,21596,22111,26133,22782,16909,2331,24648
0	106	23897	16881,19101,16812,3370,9852,19335,18055,13730,3637,21596,22111,26133,22782,16909,2331,24648
0	106	26323	16881,19101,16812,3370,9852,19335,18055,13730,3637,21596,22111,26133,22782,16909,2331,24648
0	106	23478	16881,19101,16812,3370,9852,19335,18055,13730,3637,21596,22111,26133,22782,16909,2331,24648
0	106	26973	16881,19101,16812,3370,9852,19335,18055,13730,3637,21596,22111,26133,22782,16909,2331,24648
0	106	25578	16881,19101,16812,3370,9852,19335,18055,13730,3637,21596,22111,26133,22782,16909,2331,24648
0	106	25840	16881,19101,16812,3370,9852,19335,18055,13730,3637,21596,22111,26133,22782,16909,2331,24648
0	106	25843	16881,19101,16812,3370,9852,19335,18055,13730,3637,21596,22111,26133,22782,16909,2331,24648
0	106	25845	16881,19101,16812,3370,9852,19335,18055,13730,3637,21596,22111,26133,22782,16909,2331,24648
0	106	21830	16881,19101,16812,3370,9852,19335,18055,13730,3637,21596,22111,26133,22782,16909,2331,24648
0	106	25248	16881,19101,16812,3370,9852,19335,18055,13730,3637,21596,22111,26133,22782,16909,2331,24648
0	106	25250	16881,19101,16812,3370,9852,19335,18055,13730,3637,21596,22111,26133,22782,16909,2331,24648
1	106	25817	16881,19101,16812,3370,9852,19335,18055,13730,3637,21596,22111,26133,22782,16909,2331,24648
0	106	21039	16881,19101,16812,3370,9852,19335,18055,13730,3637,21596,22111,26133,22782,16909,2331,24648,25817
0	106	27379	16881,19101,16812,3370,9852,19335,18055,13730,3637,21596,22111,26133,22782,16909,2331,24648,25817
1	106	27768	16881,19101,16812,3370,9852,19335,18055,13730,3637,21596,22111,26133,22782,16909,2331,24648,25817
0	106	27591	16881,19101,16812,3370,9852,19335,18055,13730,3637,21596,22111,26133,22782,16909,2331,24648,25817,27768
0	106	28227	16881,19101,16812,3370,9852,19335,18055,13730,3637,21596,22111,26133,22782,16909,2331,24648,25817,27768
1	106	26178	16881,19101,16812,3370,9852,19335,18055,13730,3637,21596,22111,26133,22782,16909,2331,24648,25817,27768
0	106	24791	16881,19101,16812,3370,9852,19335,18055,13730,3637,21596,22111,26133,22782,16909,2331,24648,25817,27768,26178
0	106	24788	16881,19101,16812,3370,9852,19335,18055,13730,3637,21596,22111,26133,22782,16909,2331,24648,25817,27768,26178
0	106	14032	16881,19101,16812,3370,9852,19335,18055,13730,3637,21596,22111,26133,22782,16909,2331,24648,25817,27768,26178
0	106	26976	16881,19101,16812,3370,9852,19335,18055,13730,3637,21596,22111,26133,22782,16909,2331,24648,25817,27768,26178
0	106	26838	16881,19101,16812,3370,9852,19335,18055,13730,3637,21596,22111,26133,22782,16909,2331,24648,25817,27768,26178
0	106	26839	16881,19101,16812,3370,9852,19335,18055,13730,3637,21596,22111,26133,22782,16909,2331,24648,25817,27768,26178
0	106	28115	16881,19101,16812,3370,9852,19335,18055,13730,3637,21596,22111,26133,22782,16909,2331,24648,25817,27768,26178
0	106	2351	16881,19101,16812,3370,9852,19335,18055,13730,3637,21596,22111,26133,22782,16909,2331,24648,25817,27768,26178
1	106	27758	16881,19101,16812,3370,9852,19335,18055,13730,3637,21596,22111,26133,22782,16909,2331,24648,25817,27768,26178
0	106	28768	16881,19101,16812,3370,9852,19335,18055,13730,3637,21596,22111,26133,22782,16909,2331,24648,25817,27768,26178,27758
1	106	473	16881,19101,16812,3370,9852,19335,18055,13730,3637,21596,22111,26133,22782,16909,2331,24648,25817,27768,26178,27758
