1	1758	14160	0
1	1758	32001	14160
1	1758	6458	14160,32001
1	1758	10829	14160,32001,6458
1	1758	6838	14160,32001,6458,10829
1	1758	8546	14160,32001,6458,10829,6838
1	1758	13345	14160,32001,6458,10829,6838,8546
1	1758	28950	14160,32001,6458,10829,6838,8546,13345
0	1758	3702	14160,32001,6458,10829,6838,8546,13345,28950
0	1758	8420	14160,32001,6458,10829,6838,8546,13345,28950
1	1758	4681	14160,32001,6458,10829,6838,8546,13345,28950
1	1758	18621	14160,32001,6458,10829,6838,8546,13345,28950,4681
1	1758	12102	14160,32001,6458,10829,6838,8546,13345,28950,4681,18621
1	1758	3783	14160,32001,6458,10829,6838,8546,13345,28950,4681,18621,12102
1	1758	11954	14160,32001,6458,10829,6838,8546,13345,28950,4681,18621,12102,3783
1	1758	12494	14160,32001,6458,10829,6838,8546,13345,28950,4681,18621,12102,3783,11954
0	1758	7492	14160,32001,6458,10829,6838,8546,13345,28950,4681,18621,12102,3783,11954,12494
1	1758	14365	14160,32001,6458,10829,6838,8546,13345,28950,4681,18621,12102,3783,11954,12494
1	1758	22126	14160,32001,6458,10829,6838,8546,13345,28950,4681,18621,12102,3783,11954,12494,14365
1	1758	24937	14160,32001,6458,10829,6838,8546,13345,28950,4681,18621,12102,3783,11954,12494,14365,22126
0	1758	26387	14160,32001,6458,10829,6838,8546,13345,28950,4681,18621,12102,3783,11954,12494,14365,22126,24937
1	1758	26707	14160,32001,6458,10829,6838,8546,13345,28950,4681,18621,12102,3783,11954,12494,14365,22126,24937
1	1758	1826	14160,32001,6458,10829,6838,8546,13345,28950,4681,18621,12102,3783,11954,12494,14365,22126,24937,26707
1	1758	5886	14160,32001,6458,10829,6838,8546,13345,28950,4681,18621,12102,3783,11954,12494,14365,22126,24937,26707,1826
1	1758	6946	14160,32001,6458,10829,6838,8546,13345,28950,4681,18621,12102,3783,11954,12494,14365,22126,24937,26707,1826,5886
1	1758	13831	14160,32001,6458,10829,6838,8546,13345,28950,4681,18621,12102,3783,11954,12494,14365,22126,24937,26707,1826,5886,6946
1	1758	5123	14160,32001,6458,10829,6838,8546,13345,28950,4681,18621,12102,3783,11954,12494,14365,22126,24937,26707,1826,5886,6946,13831
1	1758	32633	14160,32001,6458,10829,6838,8546,13345,28950,4681,18621,12102,3783,11954,12494,14365,22126,24937,26707,1826,5886,6946,13831,5123
1	1758	14415	14160,32001,6458,10829,6838,8546,13345,28950,4681,18621,12102,3783,11954,12494,14365,22126,24937,26707,1826,5886,6946,13831,5123,32633
1	1758	18390	14160,32001,6458,10829,6838,8546,13345,28950,4681,18621,12102,3783,11954,12494,14365,22126,24937,26707,1826,5886,6946,13831,5123,32633,14415
1	1758	24706	14160,32001,6458,10829,6838,8546,13345,28950,4681,18621,12102,3783,11954,12494,14365,22126,24937,26707,1826,5886,6946,13831,5123,32633,14415,18390
1	1758	1505	14160,32001,6458,10829,6838,8546,13345,28950,4681,18621,12102,3783,11954,12494,14365,22126,24937,26707,1826,5886,6946,13831,5123,32633,14415,18390,24706
1	1758	3555	14160,32001,6458,10829,6838,8546,13345,28950,4681,18621,12102,3783,11954,12494,14365,22126,24937,26707,1826,5886,6946,13831,5123,32633,14415,18390,24706,1505
1	1758	14549	14160,32001,6458,10829,6838,8546,13345,28950,4681,18621,12102,3783,11954,12494,14365,22126,24937,26707,1826,5886,6946,13831,5123,32633,14415,18390,24706,1505,3555
1	1758	16630	14160,32001,6458,10829,6838,8546,13345,28950,4681,18621,12102,3783,11954,12494,14365,22126,24937,26707,1826,5886,6946,13831,5123,32633,14415,18390,24706,1505,3555,14549
1	1758	27524	14160,32001,6458,10829,6838,8546,13345,28950,4681,18621,12102,3783,11954,12494,14365,22126,24937,26707,1826,5886,6946,13831,5123,32633,14415,18390,24706,1505,3555,14549,16630
0	1758	27422	14160,32001,6458,10829,6838,8546,13345,28950,4681,18621,12102,3783,11954,12494,14365,22126,24937,26707,1826,5886,6946,13831,5123,32633,14415,18390,24706,1505,3555,14549,16630,27524
1	1758	9055	14160,32001,6458,10829,6838,8546,13345,28950,4681,18621,12102,3783,11954,12494,14365,22126,24937,26707,1826,5886,6946,13831,5123,32633,14415,18390,24706,1505,3555,14549,16630,27524
0	1758	18429	14160,32001,6458,10829,6838,8546,13345,28950,4681,18621,12102,3783,11954,12494,14365,22126,24937,26707,1826,5886,6946,13831,5123,32633,14415,18390,24706,1505,3555,14549,16630,27524,9055
