1	1122	18082	0
1	1122	6889	18082
1	1122	1828	18082,6889
1	1122	33090	18082,6889,1828
1	1122	6299	18082,6889,1828,33090
1	1122	9438	18082,6889,1828,33090,6299
1	1122	9844	18082,6889,1828,33090,6299,9438
1	1122	6042	18082,6889,1828,33090,6299,9438,9844
1	1122	7808	18082,6889,1828,33090,6299,9438,9844,6042
1	1122	19236	18082,6889,1828,33090,6299,9438,9844,6042,7808
1	1122	4065	18082,6889,1828,33090,6299,9438,9844,6042,7808,19236
1	1122	6086	18082,6889,1828,33090,6299,9438,9844,6042,7808,19236,4065
1	1122	18558	18082,6889,1828,33090,6299,9438,9844,6042,7808,19236,4065,6086
1	1122	20070	18082,6889,1828,33090,6299,9438,9844,6042,7808,19236,4065,6086,18558
1	1122	3938	18082,6889,1828,33090,6299,9438,9844,6042,7808,19236,4065,6086,18558,20070
0	1122	5151	18082,6889,1828,33090,6299,9438,9844,6042,7808,19236,4065,6086,18558,20070,3938
0	1122	11502	18082,6889,1828,33090,6299,9438,9844,6042,7808,19236,4065,6086,18558,20070,3938
1	1122	26573	18082,6889,1828,33090,6299,9438,9844,6042,7808,19236,4065,6086,18558,20070,3938
1	1122	22176	18082,6889,1828,33090,6299,9438,9844,6042,7808,19236,4065,6086,18558,20070,3938,26573
1	1122	19718	18082,6889,1828,33090,6299,9438,9844,6042,7808,19236,4065,6086,18558,20070,3938,26573,22176
1	1122	18269	18082,6889,1828,33090,6299,9438,9844,6042,7808,19236,4065,6086,18558,20070,3938,26573,22176,19718
1	1122	19707	18082,6889,1828,33090,6299,9438,9844,6042,7808,19236,4065,6086,18558,20070,3938,26573,22176,19718,18269
0	1122	26119	18082,6889,1828,33090,6299,9438,9844,6042,7808,19236,4065,6086,18558,20070,3938,26573,22176,19718,18269,19707
