1	446	1034	0
1	446	32173	1034
1	446	31017	1034,32173
1	446	1905	1034,32173,31017
1	446	9805	1034,32173,31017,1905
0	446	27983	1034,32173,31017,1905,9805
0	446	3212	1034,32173,31017,1905,9805
0	446	30839	1034,32173,31017,1905,9805
1	446	5112	1034,32173,31017,1905,9805
0	446	10785	1034,32173,31017,1905,9805,5112
0	446	24100	1034,32173,31017,1905,9805,5112
1	446	31191	1034,32173,31017,1905,9805,5112
1	446	885	1034,32173,31017,1905,9805,5112,31191
0	446	212	1034,32173,31017,1905,9805,5112,31191,885
0	446	361	1034,32173,31017,1905,9805,5112,31191,885
1	446	32862	1034,32173,31017,1905,9805,5112,31191,885
0	446	7539	1034,32173,31017,1905,9805,5112,31191,885,32862
1	446	4774	1034,32173,31017,1905,9805,5112,31191,885,32862
1	446	18677	1034,32173,31017,1905,9805,5112,31191,885,32862,4774
0	446	9633	1034,32173,31017,1905,9805,5112,31191,885,32862,4774,18677
1	446	10452	1034,32173,31017,1905,9805,5112,31191,885,32862,4774,18677
0	446	3438	1034,32173,31017,1905,9805,5112,31191,885,32862,4774,18677,10452
0	446	4898	1034,32173,31017,1905,9805,5112,31191,885,32862,4774,18677,10452
1	446	6483	1034,32173,31017,1905,9805,5112,31191,885,32862,4774,18677,10452
1	446	32123	1034,32173,31017,1905,9805,5112,31191,885,32862,4774,18677,10452,6483
1	446	32936	1034,32173,31017,1905,9805,5112,31191,885,32862,4774,18677,10452,6483,32123
1	446	4245	1034,32173,31017,1905,9805,5112,31191,885,32862,4774,18677,10452,6483,32123,32936
1	446	32647	1034,32173,31017,1905,9805,5112,31191,885,32862,4774,18677,10452,6483,32123,32936,4245
0	446	342	1034,32173,31017,1905,9805,5112,31191,885,32862,4774,18677,10452,6483,32123,32936,4245,32647
1	446	34	1034,32173,31017,1905,9805,5112,31191,885,32862,4774,18677,10452,6483,32123,32936,4245,32647
1	446	5647	1034,32173,31017,1905,9805,5112,31191,885,32862,4774,18677,10452,6483,32123,32936,4245,32647,34
0	446	1798	1034,32173,31017,1905,9805,5112,31191,885,32862,4774,18677,10452,6483,32123,32936,4245,32647,34,5647
0	446	5374	1034,32173,31017,1905,9805,5112,31191,885,32862,4774,18677,10452,6483,32123,32936,4245,32647,34,5647
0	446	2020	1034,32173,31017,1905,9805,5112,31191,885,32862,4774,18677,10452,6483,32123,32936,4245,32647,34,5647
0	446	2182	1034,32173,31017,1905,9805,5112,31191,885,32862,4774,18677,10452,6483,32123,32936,4245,32647,34,5647
1	446	6801	1034,32173,31017,1905,9805,5112,31191,885,32862,4774,18677,10452,6483,32123,32936,4245,32647,34,5647
0	446	31529	1034,32173,31017,1905,9805,5112,31191,885,32862,4774,18677,10452,6483,32123,32936,4245,32647,34,5647,6801
1	446	14257	1034,32173,31017,1905,9805,5112,31191,885,32862,4774,18677,10452,6483,32123,32936,4245,32647,34,5647,6801
0	446	14501	1034,32173,31017,1905,9805,5112,31191,885,32862,4774,18677,10452,6483,32123,32936,4245,32647,34,5647,6801,14257
1	446	9852	1034,32173,31017,1905,9805,5112,31191,885,32862,4774,18677,10452,6483,32123,32936,4245,32647,34,5647,6801,14257
1	446	32199	1034,32173,31017,1905,9805,5112,31191,885,32862,4774,18677,10452,6483,32123,32936,4245,32647,34,5647,6801,14257,9852
1	446	15386	1034,32173,31017,1905,9805,5112,31191,885,32862,4774,18677,10452,6483,32123,32936,4245,32647,34,5647,6801,14257,9852,32199
0	446	17853	1034,32173,31017,1905,9805,5112,31191,885,32862,4774,18677,10452,6483,32123,32936,4245,32647,34,5647,6801,14257,9852,32199,15386
1	446	17907	1034,32173,31017,1905,9805,5112,31191,885,32862,4774,18677,10452,6483,32123,32936,4245,32647,34,5647,6801,14257,9852,32199,15386
0	446	13151	1034,32173,31017,1905,9805,5112,31191,885,32862,4774,18677,10452,6483,32123,32936,4245,32647,34,5647,6801,14257,9852,32199,15386,17907
1	446	22496	1034,32173,31017,1905,9805,5112,31191,885,32862,4774,18677,10452,6483,32123,32936,4245,32647,34,5647,6801,14257,9852,32199,15386,17907
0	446	25346	1034,32173,31017,1905,9805,5112,31191,885,32862,4774,18677,10452,6483,32123,32936,4245,32647,34,5647,6801,14257,9852,32199,15386,17907,22496
1	446	2181	1034,32173,31017,1905,9805,5112,31191,885,32862,4774,18677,10452,6483,32123,32936,4245,32647,34,5647,6801,14257,9852,32199,15386,17907,22496
1	446	32229	1034,32173,31017,1905,9805,5112,31191,885,32862,4774,18677,10452,6483,32123,32936,4245,32647,34,5647,6801,14257,9852,32199,15386,17907,22496,2181
0	446	23898	1034,32173,31017,1905,9805,5112,31191,885,32862,4774,18677,10452,6483,32123,32936,4245,32647,34,5647,6801,14257,9852,32199,15386,17907,22496,2181,32229
0	446	23449	1034,32173,31017,1905,9805,5112,31191,885,32862,4774,18677,10452,6483,32123,32936,4245,32647,34,5647,6801,14257,9852,32199,15386,17907,22496,2181,32229
0	446	19336	1034,32173,31017,1905,9805,5112,31191,885,32862,4774,18677,10452,6483,32123,32936,4245,32647,34,5647,6801,14257,9852,32199,15386,17907,22496,2181,32229
0	446	21407	1034,32173,31017,1905,9805,5112,31191,885,32862,4774,18677,10452,6483,32123,32936,4245,32647,34,5647,6801,14257,9852,32199,15386,17907,22496,2181,32229
1	446	160	1034,32173,31017,1905,9805,5112,31191,885,32862,4774,18677,10452,6483,32123,32936,4245,32647,34,5647,6801,14257,9852,32199,15386,17907,22496,2181,32229
1	446	15124	1034,32173,31017,1905,9805,5112,31191,885,32862,4774,18677,10452,6483,32123,32936,4245,32647,34,5647,6801,14257,9852,32199,15386,17907,22496,2181,32229,160
1	446	24818	1034,32173,31017,1905,9805,5112,31191,885,32862,4774,18677,10452,6483,32123,32936,4245,32647,34,5647,6801,14257,9852,32199,15386,17907,22496,2181,32229,160,15124
1	446	24052	1034,32173,31017,1905,9805,5112,31191,885,32862,4774,18677,10452,6483,32123,32936,4245,32647,34,5647,6801,14257,9852,32199,15386,17907,22496,2181,32229,160,15124,24818
1	446	3899	1034,32173,31017,1905,9805,5112,31191,885,32862,4774,18677,10452,6483,32123,32936,4245,32647,34,5647,6801,14257,9852,32199,15386,17907,22496,2181,32229,160,15124,24818,24052
1	446	14813	1034,32173,31017,1905,9805,5112,31191,885,32862,4774,18677,10452,6483,32123,32936,4245,32647,34,5647,6801,14257,9852,32199,15386,17907,22496,2181,32229,160,15124,24818,24052,3899
0	446	29743	1034,32173,31017,1905,9805,5112,31191,885,32862,4774,18677,10452,6483,32123,32936,4245,32647,34,5647,6801,14257,9852,32199,15386,17907,22496,2181,32229,160,15124,24818,24052,3899,14813
1	446	1660	1034,32173,31017,1905,9805,5112,31191,885,32862,4774,18677,10452,6483,32123,32936,4245,32647,34,5647,6801,14257,9852,32199,15386,17907,22496,2181,32229,160,15124,24818,24052,3899,14813
