0	572	23202	0
1	572	13429	0
0	572	15172	13429
0	572	23064	13429
0	572	18011	13429
0	572	26044	13429
0	572	23334	13429
0	572	12113	13429
0	572	21563	13429
0	572	24713	13429
1	572	262	13429
1	572	14192	13429,262
1	572	18059	13429,262,14192
1	572	293	13429,262,14192,18059
0	572	496	13429,262,14192,18059,293
1	572	4452	13429,262,14192,18059,293
0	572	2613	13429,262,14192,18059,293,4452
0	572	4478	13429,262,14192,18059,293,4452
1	572	9380	13429,262,14192,18059,293,4452
1	572	9588	13429,262,14192,18059,293,4452,9380
1	572	10208	13429,262,14192,18059,293,4452,9380,9588
0	572	19614	13429,262,14192,18059,293,4452,9380,9588,10208
0	572	13854	13429,262,14192,18059,293,4452,9380,9588,10208
1	572	19185	13429,262,14192,18059,293,4452,9380,9588,10208
0	572	21945	13429,262,14192,18059,293,4452,9380,9588,10208,19185
0	572	21556	13429,262,14192,18059,293,4452,9380,9588,10208,19185
0	572	11786	13429,262,14192,18059,293,4452,9380,9588,10208,19185
1	572	21291	13429,262,14192,18059,293,4452,9380,9588,10208,19185
0	572	16912	13429,262,14192,18059,293,4452,9380,9588,10208,19185,21291
1	572	8289	13429,262,14192,18059,293,4452,9380,9588,10208,19185,21291
0	572	17830	13429,262,14192,18059,293,4452,9380,9588,10208,19185,21291,8289
1	572	24036	13429,262,14192,18059,293,4452,9380,9588,10208,19185,21291,8289
