0	936	18131	0
1	936	32360	0
1	936	30404	32360
1	936	8786	32360,30404
1	936	32034	32360,30404,8786
1	936	1440	32360,30404,8786,32034
1	936	4996	32360,30404,8786,32034,1440
1	936	1064	32360,30404,8786,32034,1440,4996
1	936	1969	32360,30404,8786,32034,1440,4996,1064
1	936	5128	32360,30404,8786,32034,1440,4996,1064,1969
1	936	2262	32360,30404,8786,32034,1440,4996,1064,1969,5128
0	936	23666	32360,30404,8786,32034,1440,4996,1064,1969,5128,2262
0	936	3249	32360,30404,8786,32034,1440,4996,1064,1969,5128,2262
0	936	10242	32360,30404,8786,32034,1440,4996,1064,1969,5128,2262
1	936	1616	32360,30404,8786,32034,1440,4996,1064,1969,5128,2262
1	936	5958	32360,30404,8786,32034,1440,4996,1064,1969,5128,2262,1616
1	936	5772	32360,30404,8786,32034,1440,4996,1064,1969,5128,2262,1616,5958
0	936	22658	32360,30404,8786,32034,1440,4996,1064,1969,5128,2262,1616,5958,5772
0	936	19336	32360,30404,8786,32034,1440,4996,1064,1969,5128,2262,1616,5958,5772
0	936	20486	32360,30404,8786,32034,1440,4996,1064,1969,5128,2262,1616,5958,5772
0	936	17418	32360,30404,8786,32034,1440,4996,1064,1969,5128,2262,1616,5958,5772
0	936	25814	32360,30404,8786,32034,1440,4996,1064,1969,5128,2262,1616,5958,5772
1	936	19090	32360,30404,8786,32034,1440,4996,1064,1969,5128,2262,1616,5958,5772
0	936	4319	32360,30404,8786,32034,1440,4996,1064,1969,5128,2262,1616,5958,5772,19090
1	936	9811	32360,30404,8786,32034,1440,4996,1064,1969,5128,2262,1616,5958,5772,19090
1	936	13380	32360,30404,8786,32034,1440,4996,1064,1969,5128,2262,1616,5958,5772,19090,9811
1	936	17944	32360,30404,8786,32034,1440,4996,1064,1969,5128,2262,1616,5958,5772,19090,9811,13380
1	936	19687	32360,30404,8786,32034,1440,4996,1064,1969,5128,2262,1616,5958,5772,19090,9811,13380,17944
1	936	21381	32360,30404,8786,32034,1440,4996,1064,1969,5128,2262,1616,5958,5772,19090,9811,13380,17944,19687
1	936	1397	32360,30404,8786,32034,1440,4996,1064,1969,5128,2262,1616,5958,5772,19090,9811,13380,17944,19687,21381
0	936	18295	32360,30404,8786,32034,1440,4996,1064,1969,5128,2262,1616,5958,5772,19090,9811,13380,17944,19687,21381,1397
1	936	26967	32360,30404,8786,32034,1440,4996,1064,1969,5128,2262,1616,5958,5772,19090,9811,13380,17944,19687,21381,1397
1	936	4823	32360,30404,8786,32034,1440,4996,1064,1969,5128,2262,1616,5958,5772,19090,9811,13380,17944,19687,21381,1397,26967
0	936	19110	32360,30404,8786,32034,1440,4996,1064,1969,5128,2262,1616,5958,5772,19090,9811,13380,17944,19687,21381,1397,26967,4823
1	936	26289	32360,30404,8786,32034,1440,4996,1064,1969,5128,2262,1616,5958,5772,19090,9811,13380,17944,19687,21381,1397,26967,4823
1	936	27763	32360,30404,8786,32034,1440,4996,1064,1969,5128,2262,1616,5958,5772,19090,9811,13380,17944,19687,21381,1397,26967,4823,26289
1	936	23496	32360,30404,8786,32034,1440,4996,1064,1969,5128,2262,1616,5958,5772,19090,9811,13380,17944,19687,21381,1397,26967,4823,26289,27763
1	936	21150	32360,30404,8786,32034,1440,4996,1064,1969,5128,2262,1616,5958,5772,19090,9811,13380,17944,19687,21381,1397,26967,4823,26289,27763,23496
1	936	13942	32360,30404,8786,32034,1440,4996,1064,1969,5128,2262,1616,5958,5772,19090,9811,13380,17944,19687,21381,1397,26967,4823,26289,27763,23496,21150
1	936	28171	32360,30404,8786,32034,1440,4996,1064,1969,5128,2262,1616,5958,5772,19090,9811,13380,17944,19687,21381,1397,26967,4823,26289,27763,23496,21150,13942
