1	1041	32010	0
1	1041	195	32010
1	1041	2978	32010,195
1	1041	9710	32010,195,2978
0	1041	11105	32010,195,2978,9710
1	1041	11851	32010,195,2978,9710
1	1041	8063	32010,195,2978,9710,11851
1	1041	12085	32010,195,2978,9710,11851,8063
0	1041	11110	32010,195,2978,9710,11851,8063,12085
1	1041	5264	32010,195,2978,9710,11851,8063,12085
1	1041	10394	32010,195,2978,9710,11851,8063,12085,5264
1	1041	27104	32010,195,2978,9710,11851,8063,12085,5264,10394
0	1041	13830	32010,195,2978,9710,11851,8063,12085,5264,10394,27104
1	1041	3255	32010,195,2978,9710,11851,8063,12085,5264,10394,27104
1	1041	8631	32010,195,2978,9710,11851,8063,12085,5264,10394,27104,3255
1	1041	8841	32010,195,2978,9710,11851,8063,12085,5264,10394,27104,3255,8631
1	1041	10226	32010,195,2978,9710,11851,8063,12085,5264,10394,27104,3255,8631,8841
0	1041	6556	32010,195,2978,9710,11851,8063,12085,5264,10394,27104,3255,8631,8841,10226
0	1041	3645	32010,195,2978,9710,11851,8063,12085,5264,10394,27104,3255,8631,8841,10226
1	1041	6990	32010,195,2978,9710,11851,8063,12085,5264,10394,27104,3255,8631,8841,10226
1	1041	9970	32010,195,2978,9710,11851,8063,12085,5264,10394,27104,3255,8631,8841,10226,6990
1	1041	3233	32010,195,2978,9710,11851,8063,12085,5264,10394,27104,3255,8631,8841,10226,6990,9970
0	1041	15082	32010,195,2978,9710,11851,8063,12085,5264,10394,27104,3255,8631,8841,10226,6990,9970,3233
1	1041	16618	32010,195,2978,9710,11851,8063,12085,5264,10394,27104,3255,8631,8841,10226,6990,9970,3233
1	1041	17615	32010,195,2978,9710,11851,8063,12085,5264,10394,27104,3255,8631,8841,10226,6990,9970,3233,16618
1	1041	14257	32010,195,2978,9710,11851,8063,12085,5264,10394,27104,3255,8631,8841,10226,6990,9970,3233,16618,17615
1	1041	5279	32010,195,2978,9710,11851,8063,12085,5264,10394,27104,3255,8631,8841,10226,6990,9970,3233,16618,17615,14257
1	1041	8463	32010,195,2978,9710,11851,8063,12085,5264,10394,27104,3255,8631,8841,10226,6990,9970,3233,16618,17615,14257,5279
1	1041	13526	32010,195,2978,9710,11851,8063,12085,5264,10394,27104,3255,8631,8841,10226,6990,9970,3233,16618,17615,14257,5279,8463
1	1041	17231	32010,195,2978,9710,11851,8063,12085,5264,10394,27104,3255,8631,8841,10226,6990,9970,3233,16618,17615,14257,5279,8463,13526
0	1041	18090	32010,195,2978,9710,11851,8063,12085,5264,10394,27104,3255,8631,8841,10226,6990,9970,3233,16618,17615,14257,5279,8463,13526,17231
1	1041	18297	32010,195,2978,9710,11851,8063,12085,5264,10394,27104,3255,8631,8841,10226,6990,9970,3233,16618,17615,14257,5279,8463,13526,17231
1	1041	21923	32010,195,2978,9710,11851,8063,12085,5264,10394,27104,3255,8631,8841,10226,6990,9970,3233,16618,17615,14257,5279,8463,13526,17231,18297
0	1041	4475	32010,195,2978,9710,11851,8063,12085,5264,10394,27104,3255,8631,8841,10226,6990,9970,3233,16618,17615,14257,5279,8463,13526,17231,18297,21923
1	1041	19446	32010,195,2978,9710,11851,8063,12085,5264,10394,27104,3255,8631,8841,10226,6990,9970,3233,16618,17615,14257,5279,8463,13526,17231,18297,21923
0	1041	22277	32010,195,2978,9710,11851,8063,12085,5264,10394,27104,3255,8631,8841,10226,6990,9970,3233,16618,17615,14257,5279,8463,13526,17231,18297,21923,19446
0	1041	25548	32010,195,2978,9710,11851,8063,12085,5264,10394,27104,3255,8631,8841,10226,6990,9970,3233,16618,17615,14257,5279,8463,13526,17231,18297,21923,19446
1	1041	25549	32010,195,2978,9710,11851,8063,12085,5264,10394,27104,3255,8631,8841,10226,6990,9970,3233,16618,17615,14257,5279,8463,13526,17231,18297,21923,19446
1	1041	19911	32010,195,2978,9710,11851,8063,12085,5264,10394,27104,3255,8631,8841,10226,6990,9970,3233,16618,17615,14257,5279,8463,13526,17231,18297,21923,19446,25549
0	1041	25545	32010,195,2978,9710,11851,8063,12085,5264,10394,27104,3255,8631,8841,10226,6990,9970,3233,16618,17615,14257,5279,8463,13526,17231,18297,21923,19446,25549,19911
0	1041	15141	32010,195,2978,9710,11851,8063,12085,5264,10394,27104,3255,8631,8841,10226,6990,9970,3233,16618,17615,14257,5279,8463,13526,17231,18297,21923,19446,25549,19911
0	1041	27382	32010,195,2978,9710,11851,8063,12085,5264,10394,27104,3255,8631,8841,10226,6990,9970,3233,16618,17615,14257,5279,8463,13526,17231,18297,21923,19446,25549,19911
