1	752	25953	0
0	752	2137	25953
0	752	2496	25953
0	752	4918	25953
0	752	22482	25953
1	752	8025	25953
0	752	5883	25953,8025
0	752	1925	25953,8025
1	752	20803	25953,8025
0	752	6890	25953,8025,20803
0	752	8988	25953,8025,20803
1	752	17478	25953,8025,20803
1	752	16032	25953,8025,20803,17478
1	752	11769	25953,8025,20803,17478,16032
1	752	27639	25953,8025,20803,17478,16032,11769
1	752	7355	25953,8025,20803,17478,16032,11769,27639
0	752	6983	25953,8025,20803,17478,16032,11769,27639,7355
0	752	9853	25953,8025,20803,17478,16032,11769,27639,7355
0	752	23610	25953,8025,20803,17478,16032,11769,27639,7355
1	752	13673	25953,8025,20803,17478,16032,11769,27639,7355
1	752	2015	25953,8025,20803,17478,16032,11769,27639,7355,13673
1	752	24205	25953,8025,20803,17478,16032,11769,27639,7355,13673,2015
1	752	4194	25953,8025,20803,17478,16032,11769,27639,7355,13673,2015,24205
1	752	4436	25953,8025,20803,17478,16032,11769,27639,7355,13673,2015,24205,4194
1	752	6620	25953,8025,20803,17478,16032,11769,27639,7355,13673,2015,24205,4194,4436
0	752	11019	25953,8025,20803,17478,16032,11769,27639,7355,13673,2015,24205,4194,4436,6620
1	752	12567	25953,8025,20803,17478,16032,11769,27639,7355,13673,2015,24205,4194,4436,6620
1	752	15918	25953,8025,20803,17478,16032,11769,27639,7355,13673,2015,24205,4194,4436,6620,12567
0	752	8035	25953,8025,20803,17478,16032,11769,27639,7355,13673,2015,24205,4194,4436,6620,12567,15918
1	752	18980	25953,8025,20803,17478,16032,11769,27639,7355,13673,2015,24205,4194,4436,6620,12567,15918
1	752	23143	25953,8025,20803,17478,16032,11769,27639,7355,13673,2015,24205,4194,4436,6620,12567,15918,18980
1	752	1983	25953,8025,20803,17478,16032,11769,27639,7355,13673,2015,24205,4194,4436,6620,12567,15918,18980,23143
1	752	31632	25953,8025,20803,17478,16032,11769,27639,7355,13673,2015,24205,4194,4436,6620,12567,15918,18980,23143,1983
0	752	3902	25953,8025,20803,17478,16032,11769,27639,7355,13673,2015,24205,4194,4436,6620,12567,15918,18980,23143,1983,31632
