0	1305	13174	0
0	1305	31155	0
0	1305	24151	0
0	1305	32015	0
0	1305	25753	0
0	1305	1100	0
0	1305	3483	0
1	1305	1723	0
0	1305	31680	1723
0	1305	2249	1723
0	1305	3708	1723
0	1305	9724	1723
0	1305	11736	1723
0	1305	7675	1723
0	1305	9616	1723
1	1305	12469	1723
0	1305	10708	1723,12469
0	1305	14658	1723,12469
0	1305	12689	1723,12469
1	1305	9702	1723,12469
0	1305	15324	1723,12469,9702
1	1305	11960	1723,12469,9702
1	1305	15214	1723,12469,9702,11960
1	1305	14821	1723,12469,9702,11960,15214
1	1305	1831	1723,12469,9702,11960,15214,14821
0	1305	15603	1723,12469,9702,11960,15214,14821,1831
0	1305	18843	1723,12469,9702,11960,15214,14821,1831
0	1305	18821	1723,12469,9702,11960,15214,14821,1831
0	1305	19543	1723,12469,9702,11960,15214,14821,1831
1	1305	13798	1723,12469,9702,11960,15214,14821,1831
1	1305	18965	1723,12469,9702,11960,15214,14821,1831,13798
0	1305	20627	1723,12469,9702,11960,15214,14821,1831,13798,18965
0	1305	20555	1723,12469,9702,11960,15214,14821,1831,13798,18965
0	1305	23160	1723,12469,9702,11960,15214,14821,1831,13798,18965
0	1305	22357	1723,12469,9702,11960,15214,14821,1831,13798,18965
0	1305	22349	1723,12469,9702,11960,15214,14821,1831,13798,18965
1	1305	15221	1723,12469,9702,11960,15214,14821,1831,13798,18965
0	1305	25052	1723,12469,9702,11960,15214,14821,1831,13798,18965,15221
0	1305	25119	1723,12469,9702,11960,15214,14821,1831,13798,18965,15221
0	1305	27435	1723,12469,9702,11960,15214,14821,1831,13798,18965,15221
0	1305	26749	1723,12469,9702,11960,15214,14821,1831,13798,18965,15221
0	1305	27151	1723,12469,9702,11960,15214,14821,1831,13798,18965,15221
1	1305	837	1723,12469,9702,11960,15214,14821,1831,13798,18965,15221
1	1305	28555	1723,12469,9702,11960,15214,14821,1831,13798,18965,15221,837
0	1305	28800	1723,12469,9702,11960,15214,14821,1831,13798,18965,15221,837,28555
0	1305	27750	1723,12469,9702,11960,15214,14821,1831,13798,18965,15221,837,28555
1	1305	18531	1723,12469,9702,11960,15214,14821,1831,13798,18965,15221,837,28555
