1	276	6400	0
1	276	19396	6400
1	276	12483	6400,19396
1	276	23510	6400,19396,12483
0	276	20376	6400,19396,12483,23510
0	276	20954	6400,19396,12483,23510
1	276	25127	6400,19396,12483,23510
1	276	10124	6400,19396,12483,23510,25127
1	276	1505	6400,19396,12483,23510,25127,10124
1	276	27017	6400,19396,12483,23510,25127,10124,1505
1	276	12471	6400,19396,12483,23510,25127,10124,1505,27017
1	276	9926	6400,19396,12483,23510,25127,10124,1505,27017,12471
1	276	21465	6400,19396,12483,23510,25127,10124,1505,27017,12471,9926
0	276	22812	6400,19396,12483,23510,25127,10124,1505,27017,12471,9926,21465
1	276	22558	6400,19396,12483,23510,25127,10124,1505,27017,12471,9926,21465
0	276	24393	6400,19396,12483,23510,25127,10124,1505,27017,12471,9926,21465,22558
1	276	9943	6400,19396,12483,23510,25127,10124,1505,27017,12471,9926,21465,22558
1	276	15631	6400,19396,12483,23510,25127,10124,1505,27017,12471,9926,21465,22558,9943
1	276	32725	6400,19396,12483,23510,25127,10124,1505,27017,12471,9926,21465,22558,9943,15631
1	276	8263	6400,19396,12483,23510,25127,10124,1505,27017,12471,9926,21465,22558,9943,15631,32725
0	276	8745	6400,19396,12483,23510,25127,10124,1505,27017,12471,9926,21465,22558,9943,15631,32725,8263
1	276	13954	6400,19396,12483,23510,25127,10124,1505,27017,12471,9926,21465,22558,9943,15631,32725,8263
1	276	14694	6400,19396,12483,23510,25127,10124,1505,27017,12471,9926,21465,22558,9943,15631,32725,8263,13954
1	276	24222	6400,19396,12483,23510,25127,10124,1505,27017,12471,9926,21465,22558,9943,15631,32725,8263,13954,14694
1	276	26862	6400,19396,12483,23510,25127,10124,1505,27017,12471,9926,21465,22558,9943,15631,32725,8263,13954,14694,24222
0	276	26943	6400,19396,12483,23510,25127,10124,1505,27017,12471,9926,21465,22558,9943,15631,32725,8263,13954,14694,24222,26862
1	276	25807	6400,19396,12483,23510,25127,10124,1505,27017,12471,9926,21465,22558,9943,15631,32725,8263,13954,14694,24222,26862
0	276	26149	6400,19396,12483,23510,25127,10124,1505,27017,12471,9926,21465,22558,9943,15631,32725,8263,13954,14694,24222,26862,25807
0	276	25436	6400,19396,12483,23510,25127,10124,1505,27017,12471,9926,21465,22558,9943,15631,32725,8263,13954,14694,24222,26862,25807
0	276	14045	6400,19396,12483,23510,25127,10124,1505,27017,12471,9926,21465,22558,9943,15631,32725,8263,13954,14694,24222,26862,25807
0	276	28038	6400,19396,12483,23510,25127,10124,1505,27017,12471,9926,21465,22558,9943,15631,32725,8263,13954,14694,24222,26862,25807
0	276	30096	6400,19396,12483,23510,25127,10124,1505,27017,12471,9926,21465,22558,9943,15631,32725,8263,13954,14694,24222,26862,25807
0	276	11688	6400,19396,12483,23510,25127,10124,1505,27017,12471,9926,21465,22558,9943,15631,32725,8263,13954,14694,24222,26862,25807
1	276	23531	6400,19396,12483,23510,25127,10124,1505,27017,12471,9926,21465,22558,9943,15631,32725,8263,13954,14694,24222,26862,25807
0	276	11183	6400,19396,12483,23510,25127,10124,1505,27017,12471,9926,21465,22558,9943,15631,32725,8263,13954,14694,24222,26862,25807,23531
0	276	29311	6400,19396,12483,23510,25127,10124,1505,27017,12471,9926,21465,22558,9943,15631,32725,8263,13954,14694,24222,26862,25807,23531
0	276	11870	6400,19396,12483,23510,25127,10124,1505,27017,12471,9926,21465,22558,9943,15631,32725,8263,13954,14694,24222,26862,25807,23531
1	276	23386	6400,19396,12483,23510,25127,10124,1505,27017,12471,9926,21465,22558,9943,15631,32725,8263,13954,14694,24222,26862,25807,23531
1	276	25026	6400,19396,12483,23510,25127,10124,1505,27017,12471,9926,21465,22558,9943,15631,32725,8263,13954,14694,24222,26862,25807,23531,23386
