1	175	3005	0
0	175	5547	3005
1	175	16398	3005
1	175	3749	3005,16398
1	175	16905	3005,16398,3749
1	175	6889	3005,16398,3749,16905
1	175	29539	3005,16398,3749,16905,6889
1	175	11492	3005,16398,3749,16905,6889,29539
1	175	21862	3005,16398,3749,16905,6889,29539,11492
1	175	3731	3005,16398,3749,16905,6889,29539,11492,21862
0	175	18409	3005,16398,3749,16905,6889,29539,11492,21862,3731
0	175	21741	3005,16398,3749,16905,6889,29539,11492,21862,3731
1	175	22860	3005,16398,3749,16905,6889,29539,11492,21862,3731
0	175	12400	3005,16398,3749,16905,6889,29539,11492,21862,3731,22860
0	175	19901	3005,16398,3749,16905,6889,29539,11492,21862,3731,22860
1	175	6225	3005,16398,3749,16905,6889,29539,11492,21862,3731,22860
0	175	25955	3005,16398,3749,16905,6889,29539,11492,21862,3731,22860,6225
1	175	5316	3005,16398,3749,16905,6889,29539,11492,21862,3731,22860,6225
1	175	13386	3005,16398,3749,16905,6889,29539,11492,21862,3731,22860,6225,5316
1	175	403	3005,16398,3749,16905,6889,29539,11492,21862,3731,22860,6225,5316,13386
0	175	11237	3005,16398,3749,16905,6889,29539,11492,21862,3731,22860,6225,5316,13386,403
1	175	14860	3005,16398,3749,16905,6889,29539,11492,21862,3731,22860,6225,5316,13386,403
1	175	15368	3005,16398,3749,16905,6889,29539,11492,21862,3731,22860,6225,5316,13386,403,14860
1	175	18804	3005,16398,3749,16905,6889,29539,11492,21862,3731,22860,6225,5316,13386,403,14860,15368
1	175	21934	3005,16398,3749,16905,6889,29539,11492,21862,3731,22860,6225,5316,13386,403,14860,15368,18804
0	175	22215	3005,16398,3749,16905,6889,29539,11492,21862,3731,22860,6225,5316,13386,403,14860,15368,18804,21934
1	175	13254	3005,16398,3749,16905,6889,29539,11492,21862,3731,22860,6225,5316,13386,403,14860,15368,18804,21934
0	175	9268	3005,16398,3749,16905,6889,29539,11492,21862,3731,22860,6225,5316,13386,403,14860,15368,18804,21934,13254
1	175	24813	3005,16398,3749,16905,6889,29539,11492,21862,3731,22860,6225,5316,13386,403,14860,15368,18804,21934,13254
1	175	24374	3005,16398,3749,16905,6889,29539,11492,21862,3731,22860,6225,5316,13386,403,14860,15368,18804,21934,13254,24813
1	175	21629	3005,16398,3749,16905,6889,29539,11492,21862,3731,22860,6225,5316,13386,403,14860,15368,18804,21934,13254,24813,24374
0	175	27126	3005,16398,3749,16905,6889,29539,11492,21862,3731,22860,6225,5316,13386,403,14860,15368,18804,21934,13254,24813,24374,21629
1	175	28749	3005,16398,3749,16905,6889,29539,11492,21862,3731,22860,6225,5316,13386,403,14860,15368,18804,21934,13254,24813,24374,21629
1	175	15901	3005,16398,3749,16905,6889,29539,11492,21862,3731,22860,6225,5316,13386,403,14860,15368,18804,21934,13254,24813,24374,21629,28749
1	175	8556	3005,16398,3749,16905,6889,29539,11492,21862,3731,22860,6225,5316,13386,403,14860,15368,18804,21934,13254,24813,24374,21629,28749,15901
1	175	9133	3005,16398,3749,16905,6889,29539,11492,21862,3731,22860,6225,5316,13386,403,14860,15368,18804,21934,13254,24813,24374,21629,28749,15901,8556
1	175	10591	3005,16398,3749,16905,6889,29539,11492,21862,3731,22860,6225,5316,13386,403,14860,15368,18804,21934,13254,24813,24374,21629,28749,15901,8556,9133
1	175	14375	3005,16398,3749,16905,6889,29539,11492,21862,3731,22860,6225,5316,13386,403,14860,15368,18804,21934,13254,24813,24374,21629,28749,15901,8556,9133,10591
1	175	14910	3005,16398,3749,16905,6889,29539,11492,21862,3731,22860,6225,5316,13386,403,14860,15368,18804,21934,13254,24813,24374,21629,28749,15901,8556,9133,10591,14375
1	175	16144	3005,16398,3749,16905,6889,29539,11492,21862,3731,22860,6225,5316,13386,403,14860,15368,18804,21934,13254,24813,24374,21629,28749,15901,8556,9133,10591,14375,14910
0	175	19449	3005,16398,3749,16905,6889,29539,11492,21862,3731,22860,6225,5316,13386,403,14860,15368,18804,21934,13254,24813,24374,21629,28749,15901,8556,9133,10591,14375,14910,16144
1	175	23545	3005,16398,3749,16905,6889,29539,11492,21862,3731,22860,6225,5316,13386,403,14860,15368,18804,21934,13254,24813,24374,21629,28749,15901,8556,9133,10591,14375,14910,16144
1	175	19517	3005,16398,3749,16905,6889,29539,11492,21862,3731,22860,6225,5316,13386,403,14860,15368,18804,21934,13254,24813,24374,21629,28749,15901,8556,9133,10591,14375,14910,16144,23545
0	175	28048	3005,16398,3749,16905,6889,29539,11492,21862,3731,22860,6225,5316,13386,403,14860,15368,18804,21934,13254,24813,24374,21629,28749,15901,8556,9133,10591,14375,14910,16144,23545,19517
0	175	1397	3005,16398,3749,16905,6889,29539,11492,21862,3731,22860,6225,5316,13386,403,14860,15368,18804,21934,13254,24813,24374,21629,28749,15901,8556,9133,10591,14375,14910,16144,23545,19517
1	175	14812	3005,16398,3749,16905,6889,29539,11492,21862,3731,22860,6225,5316,13386,403,14860,15368,18804,21934,13254,24813,24374,21629,28749,15901,8556,9133,10591,14375,14910,16144,23545,19517
1	175	15339	3005,16398,3749,16905,6889,29539,11492,21862,3731,22860,6225,5316,13386,403,14860,15368,18804,21934,13254,24813,24374,21629,28749,15901,8556,9133,10591,14375,14910,16144,23545,19517,14812
1	175	17229	3005,16398,3749,16905,6889,29539,11492,21862,3731,22860,6225,5316,13386,403,14860,15368,18804,21934,13254,24813,24374,21629,28749,15901,8556,9133,10591,14375,14910,16144,23545,19517,14812,15339
1	175	20198	3005,16398,3749,16905,6889,29539,11492,21862,3731,22860,6225,5316,13386,403,14860,15368,18804,21934,13254,24813,24374,21629,28749,15901,8556,9133,10591,14375,14910,16144,23545,19517,14812,15339,17229
0	175	22913	3005,16398,3749,16905,6889,29539,11492,21862,3731,22860,6225,5316,13386,403,14860,15368,18804,21934,13254,24813,24374,21629,28749,15901,8556,9133,10591,14375,14910,16144,23545,19517,14812,15339,17229,20198
0	175	23429	3005,16398,3749,16905,6889,29539,11492,21862,3731,22860,6225,5316,13386,403,14860,15368,18804,21934,13254,24813,24374,21629,28749,15901,8556,9133,10591,14375,14910,16144,23545,19517,14812,15339,17229,20198
0	175	27025	3005,16398,3749,16905,6889,29539,11492,21862,3731,22860,6225,5316,13386,403,14860,15368,18804,21934,13254,24813,24374,21629,28749,15901,8556,9133,10591,14375,14910,16144,23545,19517,14812,15339,17229,20198
0	175	27861	3005,16398,3749,16905,6889,29539,11492,21862,3731,22860,6225,5316,13386,403,14860,15368,18804,21934,13254,24813,24374,21629,28749,15901,8556,9133,10591,14375,14910,16144,23545,19517,14812,15339,17229,20198
0	175	14370	3005,16398,3749,16905,6889,29539,11492,21862,3731,22860,6225,5316,13386,403,14860,15368,18804,21934,13254,24813,24374,21629,28749,15901,8556,9133,10591,14375,14910,16144,23545,19517,14812,15339,17229,20198
1	175	21690	3005,16398,3749,16905,6889,29539,11492,21862,3731,22860,6225,5316,13386,403,14860,15368,18804,21934,13254,24813,24374,21629,28749,15901,8556,9133,10591,14375,14910,16144,23545,19517,14812,15339,17229,20198
1	175	18990	3005,16398,3749,16905,6889,29539,11492,21862,3731,22860,6225,5316,13386,403,14860,15368,18804,21934,13254,24813,24374,21629,28749,15901,8556,9133,10591,14375,14910,16144,23545,19517,14812,15339,17229,20198,21690
