1	341	7732	0
1	341	8308	7732
0	341	10739	7732,8308
1	341	8814	7732,8308
0	341	9287	7732,8308,8814
0	341	13958	7732,8308,8814
1	341	5006	7732,8308,8814
1	341	13961	7732,8308,8814,5006
0	341	13628	7732,8308,8814,5006,13961
1	341	16359	7732,8308,8814,5006,13961
1	341	17066	7732,8308,8814,5006,13961,16359
1	341	19703	7732,8308,8814,5006,13961,16359,17066
1	341	19705	7732,8308,8814,5006,13961,16359,17066,19703
0	341	20268	7732,8308,8814,5006,13961,16359,17066,19703,19705
0	341	20207	7732,8308,8814,5006,13961,16359,17066,19703,19705
0	341	21957	7732,8308,8814,5006,13961,16359,17066,19703,19705
0	341	22104	7732,8308,8814,5006,13961,16359,17066,19703,19705
0	341	17132	7732,8308,8814,5006,13961,16359,17066,19703,19705
1	341	22368	7732,8308,8814,5006,13961,16359,17066,19703,19705
1	341	23348	7732,8308,8814,5006,13961,16359,17066,19703,19705,22368
0	341	23160	7732,8308,8814,5006,13961,16359,17066,19703,19705,22368,23348
0	341	23206	7732,8308,8814,5006,13961,16359,17066,19703,19705,22368,23348
0	341	21312	7732,8308,8814,5006,13961,16359,17066,19703,19705,22368,23348
0	341	22217	7732,8308,8814,5006,13961,16359,17066,19703,19705,22368,23348
1	341	23491	7732,8308,8814,5006,13961,16359,17066,19703,19705,22368,23348
1	341	21596	7732,8308,8814,5006,13961,16359,17066,19703,19705,22368,23348,23491
0	341	22349	7732,8308,8814,5006,13961,16359,17066,19703,19705,22368,23348,23491,21596
0	341	23146	7732,8308,8814,5006,13961,16359,17066,19703,19705,22368,23348,23491,21596
1	341	19418	7732,8308,8814,5006,13961,16359,17066,19703,19705,22368,23348,23491,21596
1	341	24731	7732,8308,8814,5006,13961,16359,17066,19703,19705,22368,23348,23491,21596,19418
1	341	24785	7732,8308,8814,5006,13961,16359,17066,19703,19705,22368,23348,23491,21596,19418,24731
1	341	19938	7732,8308,8814,5006,13961,16359,17066,19703,19705,22368,23348,23491,21596,19418,24731,24785
1	341	24726	7732,8308,8814,5006,13961,16359,17066,19703,19705,22368,23348,23491,21596,19418,24731,24785,19938
1	341	24730	7732,8308,8814,5006,13961,16359,17066,19703,19705,22368,23348,23491,21596,19418,24731,24785,19938,24726
0	341	25837	7732,8308,8814,5006,13961,16359,17066,19703,19705,22368,23348,23491,21596,19418,24731,24785,19938,24726,24730
0	341	26377	7732,8308,8814,5006,13961,16359,17066,19703,19705,22368,23348,23491,21596,19418,24731,24785,19938,24726,24730
0	341	24789	7732,8308,8814,5006,13961,16359,17066,19703,19705,22368,23348,23491,21596,19418,24731,24785,19938,24726,24730
0	341	24797	7732,8308,8814,5006,13961,16359,17066,19703,19705,22368,23348,23491,21596,19418,24731,24785,19938,24726,24730
1	341	21017	7732,8308,8814,5006,13961,16359,17066,19703,19705,22368,23348,23491,21596,19418,24731,24785,19938,24726,24730
0	341	24048	7732,8308,8814,5006,13961,16359,17066,19703,19705,22368,23348,23491,21596,19418,24731,24785,19938,24726,24730,21017
0	341	26907	7732,8308,8814,5006,13961,16359,17066,19703,19705,22368,23348,23491,21596,19418,24731,24785,19938,24726,24730,21017
1	341	26401	7732,8308,8814,5006,13961,16359,17066,19703,19705,22368,23348,23491,21596,19418,24731,24785,19938,24726,24730,21017
1	341	10601	7732,8308,8814,5006,13961,16359,17066,19703,19705,22368,23348,23491,21596,19418,24731,24785,19938,24726,24730,21017,26401
1	341	28037	7732,8308,8814,5006,13961,16359,17066,19703,19705,22368,23348,23491,21596,19418,24731,24785,19938,24726,24730,21017,26401,10601
1	341	28924	7732,8308,8814,5006,13961,16359,17066,19703,19705,22368,23348,23491,21596,19418,24731,24785,19938,24726,24730,21017,26401,10601,28037
1	341	29362	7732,8308,8814,5006,13961,16359,17066,19703,19705,22368,23348,23491,21596,19418,24731,24785,19938,24726,24730,21017,26401,10601,28037,28924
