0	1656	18203	0
1	1656	24071	0
0	1656	15997	24071
0	1656	380	24071
1	1656	1142	24071
0	1656	1383	24071,1142
1	1656	31837	24071,1142
1	1656	5565	24071,1142,31837
0	1656	17032	24071,1142,31837,5565
1	1656	5481	24071,1142,31837,5565
0	1656	995	24071,1142,31837,5565,5481
0	1656	32919	24071,1142,31837,5565,5481
0	1656	647	24071,1142,31837,5565,5481
1	1656	3076	24071,1142,31837,5565,5481
1	1656	5523	24071,1142,31837,5565,5481,3076
0	1656	6916	24071,1142,31837,5565,5481,3076,5523
0	1656	1555	24071,1142,31837,5565,5481,3076,5523
0	1656	8194	24071,1142,31837,5565,5481,3076,5523
0	1656	5232	24071,1142,31837,5565,5481,3076,5523
0	1656	1805	24071,1142,31837,5565,5481,3076,5523
1	1656	8648	24071,1142,31837,5565,5481,3076,5523
0	1656	7033	24071,1142,31837,5565,5481,3076,5523,8648
0	1656	6378	24071,1142,31837,5565,5481,3076,5523,8648
0	1656	9922	24071,1142,31837,5565,5481,3076,5523,8648
0	1656	32411	24071,1142,31837,5565,5481,3076,5523,8648
1	1656	5755	24071,1142,31837,5565,5481,3076,5523,8648
0	1656	8960	24071,1142,31837,5565,5481,3076,5523,8648,5755
1	1656	7319	24071,1142,31837,5565,5481,3076,5523,8648,5755
1	1656	10638	24071,1142,31837,5565,5481,3076,5523,8648,5755,7319
1	1656	8633	24071,1142,31837,5565,5481,3076,5523,8648,5755,7319,10638
1	1656	11237	24071,1142,31837,5565,5481,3076,5523,8648,5755,7319,10638,8633
1	1656	12161	24071,1142,31837,5565,5481,3076,5523,8648,5755,7319,10638,8633,11237
1	1656	12899	24071,1142,31837,5565,5481,3076,5523,8648,5755,7319,10638,8633,11237,12161
1	1656	12570	24071,1142,31837,5565,5481,3076,5523,8648,5755,7319,10638,8633,11237,12161,12899
1	1656	9901	24071,1142,31837,5565,5481,3076,5523,8648,5755,7319,10638,8633,11237,12161,12899,12570
0	1656	3439	24071,1142,31837,5565,5481,3076,5523,8648,5755,7319,10638,8633,11237,12161,12899,12570,9901
1	1656	13323	24071,1142,31837,5565,5481,3076,5523,8648,5755,7319,10638,8633,11237,12161,12899,12570,9901
1	1656	4262	24071,1142,31837,5565,5481,3076,5523,8648,5755,7319,10638,8633,11237,12161,12899,12570,9901,13323
1	1656	8734	24071,1142,31837,5565,5481,3076,5523,8648,5755,7319,10638,8633,11237,12161,12899,12570,9901,13323,4262
1	1656	22385	24071,1142,31837,5565,5481,3076,5523,8648,5755,7319,10638,8633,11237,12161,12899,12570,9901,13323,4262,8734
1	1656	32807	24071,1142,31837,5565,5481,3076,5523,8648,5755,7319,10638,8633,11237,12161,12899,12570,9901,13323,4262,8734,22385
1	1656	538	24071,1142,31837,5565,5481,3076,5523,8648,5755,7319,10638,8633,11237,12161,12899,12570,9901,13323,4262,8734,22385,32807
1	1656	821	24071,1142,31837,5565,5481,3076,5523,8648,5755,7319,10638,8633,11237,12161,12899,12570,9901,13323,4262,8734,22385,32807,538
0	1656	5372	24071,1142,31837,5565,5481,3076,5523,8648,5755,7319,10638,8633,11237,12161,12899,12570,9901,13323,4262,8734,22385,32807,538,821
1	1656	8155	24071,1142,31837,5565,5481,3076,5523,8648,5755,7319,10638,8633,11237,12161,12899,12570,9901,13323,4262,8734,22385,32807,538,821
0	1656	8634	24071,1142,31837,5565,5481,3076,5523,8648,5755,7319,10638,8633,11237,12161,12899,12570,9901,13323,4262,8734,22385,32807,538,821,8155
0	1656	8657	24071,1142,31837,5565,5481,3076,5523,8648,5755,7319,10638,8633,11237,12161,12899,12570,9901,13323,4262,8734,22385,32807,538,821,8155
1	1656	11126	24071,1142,31837,5565,5481,3076,5523,8648,5755,7319,10638,8633,11237,12161,12899,12570,9901,13323,4262,8734,22385,32807,538,821,8155
1	1656	6674	24071,1142,31837,5565,5481,3076,5523,8648,5755,7319,10638,8633,11237,12161,12899,12570,9901,13323,4262,8734,22385,32807,538,821,8155,11126
0	1656	16063	24071,1142,31837,5565,5481,3076,5523,8648,5755,7319,10638,8633,11237,12161,12899,12570,9901,13323,4262,8734,22385,32807,538,821,8155,11126,6674
0	1656	13909	24071,1142,31837,5565,5481,3076,5523,8648,5755,7319,10638,8633,11237,12161,12899,12570,9901,13323,4262,8734,22385,32807,538,821,8155,11126,6674
0	1656	2379	24071,1142,31837,5565,5481,3076,5523,8648,5755,7319,10638,8633,11237,12161,12899,12570,9901,13323,4262,8734,22385,32807,538,821,8155,11126,6674
0	1656	17806	24071,1142,31837,5565,5481,3076,5523,8648,5755,7319,10638,8633,11237,12161,12899,12570,9901,13323,4262,8734,22385,32807,538,821,8155,11126,6674
0	1656	17773	24071,1142,31837,5565,5481,3076,5523,8648,5755,7319,10638,8633,11237,12161,12899,12570,9901,13323,4262,8734,22385,32807,538,821,8155,11126,6674
0	1656	17011	24071,1142,31837,5565,5481,3076,5523,8648,5755,7319,10638,8633,11237,12161,12899,12570,9901,13323,4262,8734,22385,32807,538,821,8155,11126,6674
0	1656	13955	24071,1142,31837,5565,5481,3076,5523,8648,5755,7319,10638,8633,11237,12161,12899,12570,9901,13323,4262,8734,22385,32807,538,821,8155,11126,6674
0	1656	17387	24071,1142,31837,5565,5481,3076,5523,8648,5755,7319,10638,8633,11237,12161,12899,12570,9901,13323,4262,8734,22385,32807,538,821,8155,11126,6674
0	1656	18807	24071,1142,31837,5565,5481,3076,5523,8648,5755,7319,10638,8633,11237,12161,12899,12570,9901,13323,4262,8734,22385,32807,538,821,8155,11126,6674
1	1656	20342	24071,1142,31837,5565,5481,3076,5523,8648,5755,7319,10638,8633,11237,12161,12899,12570,9901,13323,4262,8734,22385,32807,538,821,8155,11126,6674
1	1656	403	24071,1142,31837,5565,5481,3076,5523,8648,5755,7319,10638,8633,11237,12161,12899,12570,9901,13323,4262,8734,22385,32807,538,821,8155,11126,6674,20342
0	1656	19894	24071,1142,31837,5565,5481,3076,5523,8648,5755,7319,10638,8633,11237,12161,12899,12570,9901,13323,4262,8734,22385,32807,538,821,8155,11126,6674,20342,403
1	1656	33093	24071,1142,31837,5565,5481,3076,5523,8648,5755,7319,10638,8633,11237,12161,12899,12570,9901,13323,4262,8734,22385,32807,538,821,8155,11126,6674,20342,403
1	1656	4507	24071,1142,31837,5565,5481,3076,5523,8648,5755,7319,10638,8633,11237,12161,12899,12570,9901,13323,4262,8734,22385,32807,538,821,8155,11126,6674,20342,403,33093
0	1656	13865	24071,1142,31837,5565,5481,3076,5523,8648,5755,7319,10638,8633,11237,12161,12899,12570,9901,13323,4262,8734,22385,32807,538,821,8155,11126,6674,20342,403,33093,4507
0	1656	14815	24071,1142,31837,5565,5481,3076,5523,8648,5755,7319,10638,8633,11237,12161,12899,12570,9901,13323,4262,8734,22385,32807,538,821,8155,11126,6674,20342,403,33093,4507
1	1656	15779	24071,1142,31837,5565,5481,3076,5523,8648,5755,7319,10638,8633,11237,12161,12899,12570,9901,13323,4262,8734,22385,32807,538,821,8155,11126,6674,20342,403,33093,4507
1	1656	16458	24071,1142,31837,5565,5481,3076,5523,8648,5755,7319,10638,8633,11237,12161,12899,12570,9901,13323,4262,8734,22385,32807,538,821,8155,11126,6674,20342,403,33093,4507,15779
1	1656	31638	24071,1142,31837,5565,5481,3076,5523,8648,5755,7319,10638,8633,11237,12161,12899,12570,9901,13323,4262,8734,22385,32807,538,821,8155,11126,6674,20342,403,33093,4507,15779,16458
0	1656	14486	24071,1142,31837,5565,5481,3076,5523,8648,5755,7319,10638,8633,11237,12161,12899,12570,9901,13323,4262,8734,22385,32807,538,821,8155,11126,6674,20342,403,33093,4507,15779,16458,31638
0	1656	18821	24071,1142,31837,5565,5481,3076,5523,8648,5755,7319,10638,8633,11237,12161,12899,12570,9901,13323,4262,8734,22385,32807,538,821,8155,11126,6674,20342,403,33093,4507,15779,16458,31638
0	1656	20341	24071,1142,31837,5565,5481,3076,5523,8648,5755,7319,10638,8633,11237,12161,12899,12570,9901,13323,4262,8734,22385,32807,538,821,8155,11126,6674,20342,403,33093,4507,15779,16458,31638
1	1656	20361	24071,1142,31837,5565,5481,3076,5523,8648,5755,7319,10638,8633,11237,12161,12899,12570,9901,13323,4262,8734,22385,32807,538,821,8155,11126,6674,20342,403,33093,4507,15779,16458,31638
0	1656	20627	24071,1142,31837,5565,5481,3076,5523,8648,5755,7319,10638,8633,11237,12161,12899,12570,9901,13323,4262,8734,22385,32807,538,821,8155,11126,6674,20342,403,33093,4507,15779,16458,31638,20361
1	1656	14441	24071,1142,31837,5565,5481,3076,5523,8648,5755,7319,10638,8633,11237,12161,12899,12570,9901,13323,4262,8734,22385,32807,538,821,8155,11126,6674,20342,403,33093,4507,15779,16458,31638,20361
0	1656	1864	24071,1142,31837,5565,5481,3076,5523,8648,5755,7319,10638,8633,11237,12161,12899,12570,9901,13323,4262,8734,22385,32807,538,821,8155,11126,6674,20342,403,33093,4507,15779,16458,31638,20361,14441
0	1656	22581	24071,1142,31837,5565,5481,3076,5523,8648,5755,7319,10638,8633,11237,12161,12899,12570,9901,13323,4262,8734,22385,32807,538,821,8155,11126,6674,20342,403,33093,4507,15779,16458,31638,20361,14441
1	1656	3440	24071,1142,31837,5565,5481,3076,5523,8648,5755,7319,10638,8633,11237,12161,12899,12570,9901,13323,4262,8734,22385,32807,538,821,8155,11126,6674,20342,403,33093,4507,15779,16458,31638,20361,14441
1	1656	9179	24071,1142,31837,5565,5481,3076,5523,8648,5755,7319,10638,8633,11237,12161,12899,12570,9901,13323,4262,8734,22385,32807,538,821,8155,11126,6674,20342,403,33093,4507,15779,16458,31638,20361,14441,3440
0	1656	21410	24071,1142,31837,5565,5481,3076,5523,8648,5755,7319,10638,8633,11237,12161,12899,12570,9901,13323,4262,8734,22385,32807,538,821,8155,11126,6674,20342,403,33093,4507,15779,16458,31638,20361,14441,3440,9179
1	1656	10306	24071,1142,31837,5565,5481,3076,5523,8648,5755,7319,10638,8633,11237,12161,12899,12570,9901,13323,4262,8734,22385,32807,538,821,8155,11126,6674,20342,403,33093,4507,15779,16458,31638,20361,14441,3440,9179
1	1656	19480	24071,1142,31837,5565,5481,3076,5523,8648,5755,7319,10638,8633,11237,12161,12899,12570,9901,13323,4262,8734,22385,32807,538,821,8155,11126,6674,20342,403,33093,4507,15779,16458,31638,20361,14441,3440,9179,10306
0	1656	23056	24071,1142,31837,5565,5481,3076,5523,8648,5755,7319,10638,8633,11237,12161,12899,12570,9901,13323,4262,8734,22385,32807,538,821,8155,11126,6674,20342,403,33093,4507,15779,16458,31638,20361,14441,3440,9179,10306,19480
1	1656	32968	24071,1142,31837,5565,5481,3076,5523,8648,5755,7319,10638,8633,11237,12161,12899,12570,9901,13323,4262,8734,22385,32807,538,821,8155,11126,6674,20342,403,33093,4507,15779,16458,31638,20361,14441,3440,9179,10306,19480
0	1656	21574	24071,1142,31837,5565,5481,3076,5523,8648,5755,7319,10638,8633,11237,12161,12899,12570,9901,13323,4262,8734,22385,32807,538,821,8155,11126,6674,20342,403,33093,4507,15779,16458,31638,20361,14441,3440,9179,10306,19480,32968
1	1656	30974	24071,1142,31837,5565,5481,3076,5523,8648,5755,7319,10638,8633,11237,12161,12899,12570,9901,13323,4262,8734,22385,32807,538,821,8155,11126,6674,20342,403,33093,4507,15779,16458,31638,20361,14441,3440,9179,10306,19480,32968
1	1656	17022	24071,1142,31837,5565,5481,3076,5523,8648,5755,7319,10638,8633,11237,12161,12899,12570,9901,13323,4262,8734,22385,32807,538,821,8155,11126,6674,20342,403,33093,4507,15779,16458,31638,20361,14441,3440,9179,10306,19480,32968,30974
1	1656	24089	24071,1142,31837,5565,5481,3076,5523,8648,5755,7319,10638,8633,11237,12161,12899,12570,9901,13323,4262,8734,22385,32807,538,821,8155,11126,6674,20342,403,33093,4507,15779,16458,31638,20361,14441,3440,9179,10306,19480,32968,30974,17022
1	1656	3608	24071,1142,31837,5565,5481,3076,5523,8648,5755,7319,10638,8633,11237,12161,12899,12570,9901,13323,4262,8734,22385,32807,538,821,8155,11126,6674,20342,403,33093,4507,15779,16458,31638,20361,14441,3440,9179,10306,19480,32968,30974,17022,24089
0	1656	32401	24071,1142,31837,5565,5481,3076,5523,8648,5755,7319,10638,8633,11237,12161,12899,12570,9901,13323,4262,8734,22385,32807,538,821,8155,11126,6674,20342,403,33093,4507,15779,16458,31638,20361,14441,3440,9179,10306,19480,32968,30974,17022,24089,3608
1	1656	6970	24071,1142,31837,5565,5481,3076,5523,8648,5755,7319,10638,8633,11237,12161,12899,12570,9901,13323,4262,8734,22385,32807,538,821,8155,11126,6674,20342,403,33093,4507,15779,16458,31638,20361,14441,3440,9179,10306,19480,32968,30974,17022,24089,3608
0	1656	9109	24071,1142,31837,5565,5481,3076,5523,8648,5755,7319,10638,8633,11237,12161,12899,12570,9901,13323,4262,8734,22385,32807,538,821,8155,11126,6674,20342,403,33093,4507,15779,16458,31638,20361,14441,3440,9179,10306,19480,32968,30974,17022,24089,3608,6970
0	1656	10623	24071,1142,31837,5565,5481,3076,5523,8648,5755,7319,10638,8633,11237,12161,12899,12570,9901,13323,4262,8734,22385,32807,538,821,8155,11126,6674,20342,403,33093,4507,15779,16458,31638,20361,14441,3440,9179,10306,19480,32968,30974,17022,24089,3608,6970
1	1656	12403	24071,1142,31837,5565,5481,3076,5523,8648,5755,7319,10638,8633,11237,12161,12899,12570,9901,13323,4262,8734,22385,32807,538,821,8155,11126,6674,20342,403,33093,4507,15779,16458,31638,20361,14441,3440,9179,10306,19480,32968,30974,17022,24089,3608,6970
0	1656	13922	24071,1142,31837,5565,5481,3076,5523,8648,5755,7319,10638,8633,11237,12161,12899,12570,9901,13323,4262,8734,22385,32807,538,821,8155,11126,6674,20342,403,33093,4507,15779,16458,31638,20361,14441,3440,9179,10306,19480,32968,30974,17022,24089,3608,6970,12403
1	1656	33053	24071,1142,31837,5565,5481,3076,5523,8648,5755,7319,10638,8633,11237,12161,12899,12570,9901,13323,4262,8734,22385,32807,538,821,8155,11126,6674,20342,403,33093,4507,15779,16458,31638,20361,14441,3440,9179,10306,19480,32968,30974,17022,24089,3608,6970,12403
1	1656	11771	24071,1142,31837,5565,5481,3076,5523,8648,5755,7319,10638,8633,11237,12161,12899,12570,9901,13323,4262,8734,22385,32807,538,821,8155,11126,6674,20342,403,33093,4507,15779,16458,31638,20361,14441,3440,9179,10306,19480,32968,30974,17022,24089,3608,6970,12403,33053
1	1656	15219	24071,1142,31837,5565,5481,3076,5523,8648,5755,7319,10638,8633,11237,12161,12899,12570,9901,13323,4262,8734,22385,32807,538,821,8155,11126,6674,20342,403,33093,4507,15779,16458,31638,20361,14441,3440,9179,10306,19480,32968,30974,17022,24089,3608,6970,12403,33053,11771
0	1656	23337	24071,1142,31837,5565,5481,3076,5523,8648,5755,7319,10638,8633,11237,12161,12899,12570,9901,13323,4262,8734,22385,32807,538,821,8155,11126,6674,20342,403,33093,4507,15779,16458,31638,20361,14441,3440,9179,10306,19480,32968,30974,17022,24089,3608,6970,12403,33053,11771,15219
1	1656	33090	24071,1142,31837,5565,5481,3076,5523,8648,5755,7319,10638,8633,11237,12161,12899,12570,9901,13323,4262,8734,22385,32807,538,821,8155,11126,6674,20342,403,33093,4507,15779,16458,31638,20361,14441,3440,9179,10306,19480,32968,30974,17022,24089,3608,6970,12403,33053,11771,15219
0	1656	21409	24071,1142,31837,5565,5481,3076,5523,8648,5755,7319,10638,8633,11237,12161,12899,12570,9901,13323,4262,8734,22385,32807,538,821,8155,11126,6674,20342,403,33093,4507,15779,16458,31638,20361,14441,3440,9179,10306,19480,32968,30974,17022,24089,3608,6970,12403,33053,11771,15219,33090
1	1656	24578	24071,1142,31837,5565,5481,3076,5523,8648,5755,7319,10638,8633,11237,12161,12899,12570,9901,13323,4262,8734,22385,32807,538,821,8155,11126,6674,20342,403,33093,4507,15779,16458,31638,20361,14441,3440,9179,10306,19480,32968,30974,17022,24089,3608,6970,12403,33053,11771,15219,33090
0	1656	24787	24071,1142,31837,5565,5481,3076,5523,8648,5755,7319,10638,8633,11237,12161,12899,12570,9901,13323,4262,8734,22385,32807,538,821,8155,11126,6674,20342,403,33093,4507,15779,16458,31638,20361,14441,3440,9179,10306,19480,32968,30974,17022,24089,3608,6970,12403,33053,11771,15219,33090,24578
1	1656	25644	24071,1142,31837,5565,5481,3076,5523,8648,5755,7319,10638,8633,11237,12161,12899,12570,9901,13323,4262,8734,22385,32807,538,821,8155,11126,6674,20342,403,33093,4507,15779,16458,31638,20361,14441,3440,9179,10306,19480,32968,30974,17022,24089,3608,6970,12403,33053,11771,15219,33090,24578
0	1656	6149	24071,1142,31837,5565,5481,3076,5523,8648,5755,7319,10638,8633,11237,12161,12899,12570,9901,13323,4262,8734,22385,32807,538,821,8155,11126,6674,20342,403,33093,4507,15779,16458,31638,20361,14441,3440,9179,10306,19480,32968,30974,17022,24089,3608,6970,12403,33053,11771,15219,33090,24578,25644
1	1656	9970	24071,1142,31837,5565,5481,3076,5523,8648,5755,7319,10638,8633,11237,12161,12899,12570,9901,13323,4262,8734,22385,32807,538,821,8155,11126,6674,20342,403,33093,4507,15779,16458,31638,20361,14441,3440,9179,10306,19480,32968,30974,17022,24089,3608,6970,12403,33053,11771,15219,33090,24578,25644
0	1656	25038	24071,1142,31837,5565,5481,3076,5523,8648,5755,7319,10638,8633,11237,12161,12899,12570,9901,13323,4262,8734,22385,32807,538,821,8155,11126,6674,20342,403,33093,4507,15779,16458,31638,20361,14441,3440,9179,10306,19480,32968,30974,17022,24089,3608,6970,12403,33053,11771,15219,33090,24578,25644,9970
1	1656	32256	24071,1142,31837,5565,5481,3076,5523,8648,5755,7319,10638,8633,11237,12161,12899,12570,9901,13323,4262,8734,22385,32807,538,821,8155,11126,6674,20342,403,33093,4507,15779,16458,31638,20361,14441,3440,9179,10306,19480,32968,30974,17022,24089,3608,6970,12403,33053,11771,15219,33090,24578,25644,9970
1	1656	21812	24071,1142,31837,5565,5481,3076,5523,8648,5755,7319,10638,8633,11237,12161,12899,12570,9901,13323,4262,8734,22385,32807,538,821,8155,11126,6674,20342,403,33093,4507,15779,16458,31638,20361,14441,3440,9179,10306,19480,32968,30974,17022,24089,3608,6970,12403,33053,11771,15219,33090,24578,25644,9970,32256
0	1656	23230	24071,1142,31837,5565,5481,3076,5523,8648,5755,7319,10638,8633,11237,12161,12899,12570,9901,13323,4262,8734,22385,32807,538,821,8155,11126,6674,20342,403,33093,4507,15779,16458,31638,20361,14441,3440,9179,10306,19480,32968,30974,17022,24089,3608,6970,12403,33053,11771,15219,33090,24578,25644,9970,32256,21812
1	1656	6988	24071,1142,31837,5565,5481,3076,5523,8648,5755,7319,10638,8633,11237,12161,12899,12570,9901,13323,4262,8734,22385,32807,538,821,8155,11126,6674,20342,403,33093,4507,15779,16458,31638,20361,14441,3440,9179,10306,19480,32968,30974,17022,24089,3608,6970,12403,33053,11771,15219,33090,24578,25644,9970,32256,21812
0	1656	4985	24071,1142,31837,5565,5481,3076,5523,8648,5755,7319,10638,8633,11237,12161,12899,12570,9901,13323,4262,8734,22385,32807,538,821,8155,11126,6674,20342,403,33093,4507,15779,16458,31638,20361,14441,3440,9179,10306,19480,32968,30974,17022,24089,3608,6970,12403,33053,11771,15219,33090,24578,25644,9970,32256,21812,6988
1	1656	9028	24071,1142,31837,5565,5481,3076,5523,8648,5755,7319,10638,8633,11237,12161,12899,12570,9901,13323,4262,8734,22385,32807,538,821,8155,11126,6674,20342,403,33093,4507,15779,16458,31638,20361,14441,3440,9179,10306,19480,32968,30974,17022,24089,3608,6970,12403,33053,11771,15219,33090,24578,25644,9970,32256,21812,6988
1	1656	12128	24071,1142,31837,5565,5481,3076,5523,8648,5755,7319,10638,8633,11237,12161,12899,12570,9901,13323,4262,8734,22385,32807,538,821,8155,11126,6674,20342,403,33093,4507,15779,16458,31638,20361,14441,3440,9179,10306,19480,32968,30974,17022,24089,3608,6970,12403,33053,11771,15219,33090,24578,25644,9970,32256,21812,6988,9028
1	1656	11163	24071,1142,31837,5565,5481,3076,5523,8648,5755,7319,10638,8633,11237,12161,12899,12570,9901,13323,4262,8734,22385,32807,538,821,8155,11126,6674,20342,403,33093,4507,15779,16458,31638,20361,14441,3440,9179,10306,19480,32968,30974,17022,24089,3608,6970,12403,33053,11771,15219,33090,24578,25644,9970,32256,21812,6988,9028,12128
1	1656	12679	24071,1142,31837,5565,5481,3076,5523,8648,5755,7319,10638,8633,11237,12161,12899,12570,9901,13323,4262,8734,22385,32807,538,821,8155,11126,6674,20342,403,33093,4507,15779,16458,31638,20361,14441,3440,9179,10306,19480,32968,30974,17022,24089,3608,6970,12403,33053,11771,15219,33090,24578,25644,9970,32256,21812,6988,9028,12128,11163
1	1656	1315	24071,1142,31837,5565,5481,3076,5523,8648,5755,7319,10638,8633,11237,12161,12899,12570,9901,13323,4262,8734,22385,32807,538,821,8155,11126,6674,20342,403,33093,4507,15779,16458,31638,20361,14441,3440,9179,10306,19480,32968,30974,17022,24089,3608,6970,12403,33053,11771,15219,33090,24578,25644,9970,32256,21812,6988,9028,12128,11163,12679
1	1656	11790	24071,1142,31837,5565,5481,3076,5523,8648,5755,7319,10638,8633,11237,12161,12899,12570,9901,13323,4262,8734,22385,32807,538,821,8155,11126,6674,20342,403,33093,4507,15779,16458,31638,20361,14441,3440,9179,10306,19480,32968,30974,17022,24089,3608,6970,12403,33053,11771,15219,33090,24578,25644,9970,32256,21812,6988,9028,12128,11163,12679,1315
1	1656	25045	24071,1142,31837,5565,5481,3076,5523,8648,5755,7319,10638,8633,11237,12161,12899,12570,9901,13323,4262,8734,22385,32807,538,821,8155,11126,6674,20342,403,33093,4507,15779,16458,31638,20361,14441,3440,9179,10306,19480,32968,30974,17022,24089,3608,6970,12403,33053,11771,15219,33090,24578,25644,9970,32256,21812,6988,9028,12128,11163,12679,1315,11790
1	1656	31156	24071,1142,31837,5565,5481,3076,5523,8648,5755,7319,10638,8633,11237,12161,12899,12570,9901,13323,4262,8734,22385,32807,538,821,8155,11126,6674,20342,403,33093,4507,15779,16458,31638,20361,14441,3440,9179,10306,19480,32968,30974,17022,24089,3608,6970,12403,33053,11771,15219,33090,24578,25644,9970,32256,21812,6988,9028,12128,11163,12679,1315,11790,25045
0	1656	25810	24071,1142,31837,5565,5481,3076,5523,8648,5755,7319,10638,8633,11237,12161,12899,12570,9901,13323,4262,8734,22385,32807,538,821,8155,11126,6674,20342,403,33093,4507,15779,16458,31638,20361,14441,3440,9179,10306,19480,32968,30974,17022,24089,3608,6970,12403,33053,11771,15219,33090,24578,25644,9970,32256,21812,6988,9028,12128,11163,12679,1315,11790,25045,31156
0	1656	10662	24071,1142,31837,5565,5481,3076,5523,8648,5755,7319,10638,8633,11237,12161,12899,12570,9901,13323,4262,8734,22385,32807,538,821,8155,11126,6674,20342,403,33093,4507,15779,16458,31638,20361,14441,3440,9179,10306,19480,32968,30974,17022,24089,3608,6970,12403,33053,11771,15219,33090,24578,25644,9970,32256,21812,6988,9028,12128,11163,12679,1315,11790,25045,31156
1	1656	26385	24071,1142,31837,5565,5481,3076,5523,8648,5755,7319,10638,8633,11237,12161,12899,12570,9901,13323,4262,8734,22385,32807,538,821,8155,11126,6674,20342,403,33093,4507,15779,16458,31638,20361,14441,3440,9179,10306,19480,32968,30974,17022,24089,3608,6970,12403,33053,11771,15219,33090,24578,25644,9970,32256,21812,6988,9028,12128,11163,12679,1315,11790,25045,31156
1	1656	25643	24071,1142,31837,5565,5481,3076,5523,8648,5755,7319,10638,8633,11237,12161,12899,12570,9901,13323,4262,8734,22385,32807,538,821,8155,11126,6674,20342,403,33093,4507,15779,16458,31638,20361,14441,3440,9179,10306,19480,32968,30974,17022,24089,3608,6970,12403,33053,11771,15219,33090,24578,25644,9970,32256,21812,6988,9028,12128,11163,12679,1315,11790,25045,31156,26385
1	1656	15220	24071,1142,31837,5565,5481,3076,5523,8648,5755,7319,10638,8633,11237,12161,12899,12570,9901,13323,4262,8734,22385,32807,538,821,8155,11126,6674,20342,403,33093,4507,15779,16458,31638,20361,14441,3440,9179,10306,19480,32968,30974,17022,24089,3608,6970,12403,33053,11771,15219,33090,24578,25644,9970,32256,21812,6988,9028,12128,11163,12679,1315,11790,25045,31156,26385,25643
1	1656	26598	24071,1142,31837,5565,5481,3076,5523,8648,5755,7319,10638,8633,11237,12161,12899,12570,9901,13323,4262,8734,22385,32807,538,821,8155,11126,6674,20342,403,33093,4507,15779,16458,31638,20361,14441,3440,9179,10306,19480,32968,30974,17022,24089,3608,6970,12403,33053,11771,15219,33090,24578,25644,9970,32256,21812,6988,9028,12128,11163,12679,1315,11790,25045,31156,26385,25643,15220
0	1656	26759	24071,1142,31837,5565,5481,3076,5523,8648,5755,7319,10638,8633,11237,12161,12899,12570,9901,13323,4262,8734,22385,32807,538,821,8155,11126,6674,20342,403,33093,4507,15779,16458,31638,20361,14441,3440,9179,10306,19480,32968,30974,17022,24089,3608,6970,12403,33053,11771,15219,33090,24578,25644,9970,32256,21812,6988,9028,12128,11163,12679,1315,11790,25045,31156,26385,25643,15220,26598
1	1656	24384	24071,1142,31837,5565,5481,3076,5523,8648,5755,7319,10638,8633,11237,12161,12899,12570,9901,13323,4262,8734,22385,32807,538,821,8155,11126,6674,20342,403,33093,4507,15779,16458,31638,20361,14441,3440,9179,10306,19480,32968,30974,17022,24089,3608,6970,12403,33053,11771,15219,33090,24578,25644,9970,32256,21812,6988,9028,12128,11163,12679,1315,11790,25045,31156,26385,25643,15220,26598
1	1656	24784	24071,1142,31837,5565,5481,3076,5523,8648,5755,7319,10638,8633,11237,12161,12899,12570,9901,13323,4262,8734,22385,32807,538,821,8155,11126,6674,20342,403,33093,4507,15779,16458,31638,20361,14441,3440,9179,10306,19480,32968,30974,17022,24089,3608,6970,12403,33053,11771,15219,33090,24578,25644,9970,32256,21812,6988,9028,12128,11163,12679,1315,11790,25045,31156,26385,25643,15220,26598,24384
1	1656	19069	24071,1142,31837,5565,5481,3076,5523,8648,5755,7319,10638,8633,11237,12161,12899,12570,9901,13323,4262,8734,22385,32807,538,821,8155,11126,6674,20342,403,33093,4507,15779,16458,31638,20361,14441,3440,9179,10306,19480,32968,30974,17022,24089,3608,6970,12403,33053,11771,15219,33090,24578,25644,9970,32256,21812,6988,9028,12128,11163,12679,1315,11790,25045,31156,26385,25643,15220,26598,24384,24784
0	1656	32173	24071,1142,31837,5565,5481,3076,5523,8648,5755,7319,10638,8633,11237,12161,12899,12570,9901,13323,4262,8734,22385,32807,538,821,8155,11126,6674,20342,403,33093,4507,15779,16458,31638,20361,14441,3440,9179,10306,19480,32968,30974,17022,24089,3608,6970,12403,33053,11771,15219,33090,24578,25644,9970,32256,21812,6988,9028,12128,11163,12679,1315,11790,25045,31156,26385,25643,15220,26598,24384,24784,19069
1	1656	31582	24071,1142,31837,5565,5481,3076,5523,8648,5755,7319,10638,8633,11237,12161,12899,12570,9901,13323,4262,8734,22385,32807,538,821,8155,11126,6674,20342,403,33093,4507,15779,16458,31638,20361,14441,3440,9179,10306,19480,32968,30974,17022,24089,3608,6970,12403,33053,11771,15219,33090,24578,25644,9970,32256,21812,6988,9028,12128,11163,12679,1315,11790,25045,31156,26385,25643,15220,26598,24384,24784,19069
1	1656	388	24071,1142,31837,5565,5481,3076,5523,8648,5755,7319,10638,8633,11237,12161,12899,12570,9901,13323,4262,8734,22385,32807,538,821,8155,11126,6674,20342,403,33093,4507,15779,16458,31638,20361,14441,3440,9179,10306,19480,32968,30974,17022,24089,3608,6970,12403,33053,11771,15219,33090,24578,25644,9970,32256,21812,6988,9028,12128,11163,12679,1315,11790,25045,31156,26385,25643,15220,26598,24384,24784,19069,31582
0	1656	2184	24071,1142,31837,5565,5481,3076,5523,8648,5755,7319,10638,8633,11237,12161,12899,12570,9901,13323,4262,8734,22385,32807,538,821,8155,11126,6674,20342,403,33093,4507,15779,16458,31638,20361,14441,3440,9179,10306,19480,32968,30974,17022,24089,3608,6970,12403,33053,11771,15219,33090,24578,25644,9970,32256,21812,6988,9028,12128,11163,12679,1315,11790,25045,31156,26385,25643,15220,26598,24384,24784,19069,31582,388
1	1656	2698	24071,1142,31837,5565,5481,3076,5523,8648,5755,7319,10638,8633,11237,12161,12899,12570,9901,13323,4262,8734,22385,32807,538,821,8155,11126,6674,20342,403,33093,4507,15779,16458,31638,20361,14441,3440,9179,10306,19480,32968,30974,17022,24089,3608,6970,12403,33053,11771,15219,33090,24578,25644,9970,32256,21812,6988,9028,12128,11163,12679,1315,11790,25045,31156,26385,25643,15220,26598,24384,24784,19069,31582,388
1	1656	2891	24071,1142,31837,5565,5481,3076,5523,8648,5755,7319,10638,8633,11237,12161,12899,12570,9901,13323,4262,8734,22385,32807,538,821,8155,11126,6674,20342,403,33093,4507,15779,16458,31638,20361,14441,3440,9179,10306,19480,32968,30974,17022,24089,3608,6970,12403,33053,11771,15219,33090,24578,25644,9970,32256,21812,6988,9028,12128,11163,12679,1315,11790,25045,31156,26385,25643,15220,26598,24384,24784,19069,31582,388,2698
1	1656	3666	24071,1142,31837,5565,5481,3076,5523,8648,5755,7319,10638,8633,11237,12161,12899,12570,9901,13323,4262,8734,22385,32807,538,821,8155,11126,6674,20342,403,33093,4507,15779,16458,31638,20361,14441,3440,9179,10306,19480,32968,30974,17022,24089,3608,6970,12403,33053,11771,15219,33090,24578,25644,9970,32256,21812,6988,9028,12128,11163,12679,1315,11790,25045,31156,26385,25643,15220,26598,24384,24784,19069,31582,388,2698,2891
1	1656	5430	24071,1142,31837,5565,5481,3076,5523,8648,5755,7319,10638,8633,11237,12161,12899,12570,9901,13323,4262,8734,22385,32807,538,821,8155,11126,6674,20342,403,33093,4507,15779,16458,31638,20361,14441,3440,9179,10306,19480,32968,30974,17022,24089,3608,6970,12403,33053,11771,15219,33090,24578,25644,9970,32256,21812,6988,9028,12128,11163,12679,1315,11790,25045,31156,26385,25643,15220,26598,24384,24784,19069,31582,388,2698,2891,3666
1	1656	8054	24071,1142,31837,5565,5481,3076,5523,8648,5755,7319,10638,8633,11237,12161,12899,12570,9901,13323,4262,8734,22385,32807,538,821,8155,11126,6674,20342,403,33093,4507,15779,16458,31638,20361,14441,3440,9179,10306,19480,32968,30974,17022,24089,3608,6970,12403,33053,11771,15219,33090,24578,25644,9970,32256,21812,6988,9028,12128,11163,12679,1315,11790,25045,31156,26385,25643,15220,26598,24384,24784,19069,31582,388,2698,2891,3666,5430
1	1656	12248	24071,1142,31837,5565,5481,3076,5523,8648,5755,7319,10638,8633,11237,12161,12899,12570,9901,13323,4262,8734,22385,32807,538,821,8155,11126,6674,20342,403,33093,4507,15779,16458,31638,20361,14441,3440,9179,10306,19480,32968,30974,17022,24089,3608,6970,12403,33053,11771,15219,33090,24578,25644,9970,32256,21812,6988,9028,12128,11163,12679,1315,11790,25045,31156,26385,25643,15220,26598,24384,24784,19069,31582,388,2698,2891,3666,5430,8054
1	1656	13771	24071,1142,31837,5565,5481,3076,5523,8648,5755,7319,10638,8633,11237,12161,12899,12570,9901,13323,4262,8734,22385,32807,538,821,8155,11126,6674,20342,403,33093,4507,15779,16458,31638,20361,14441,3440,9179,10306,19480,32968,30974,17022,24089,3608,6970,12403,33053,11771,15219,33090,24578,25644,9970,32256,21812,6988,9028,12128,11163,12679,1315,11790,25045,31156,26385,25643,15220,26598,24384,24784,19069,31582,388,2698,2891,3666,5430,8054,12248
0	1656	14257	24071,1142,31837,5565,5481,3076,5523,8648,5755,7319,10638,8633,11237,12161,12899,12570,9901,13323,4262,8734,22385,32807,538,821,8155,11126,6674,20342,403,33093,4507,15779,16458,31638,20361,14441,3440,9179,10306,19480,32968,30974,17022,24089,3608,6970,12403,33053,11771,15219,33090,24578,25644,9970,32256,21812,6988,9028,12128,11163,12679,1315,11790,25045,31156,26385,25643,15220,26598,24384,24784,19069,31582,388,2698,2891,3666,5430,8054,12248,13771
1	1656	23389	24071,1142,31837,5565,5481,3076,5523,8648,5755,7319,10638,8633,11237,12161,12899,12570,9901,13323,4262,8734,22385,32807,538,821,8155,11126,6674,20342,403,33093,4507,15779,16458,31638,20361,14441,3440,9179,10306,19480,32968,30974,17022,24089,3608,6970,12403,33053,11771,15219,33090,24578,25644,9970,32256,21812,6988,9028,12128,11163,12679,1315,11790,25045,31156,26385,25643,15220,26598,24384,24784,19069,31582,388,2698,2891,3666,5430,8054,12248,13771
0	1656	23453	24071,1142,31837,5565,5481,3076,5523,8648,5755,7319,10638,8633,11237,12161,12899,12570,9901,13323,4262,8734,22385,32807,538,821,8155,11126,6674,20342,403,33093,4507,15779,16458,31638,20361,14441,3440,9179,10306,19480,32968,30974,17022,24089,3608,6970,12403,33053,11771,15219,33090,24578,25644,9970,32256,21812,6988,9028,12128,11163,12679,1315,11790,25045,31156,26385,25643,15220,26598,24384,24784,19069,31582,388,2698,2891,3666,5430,8054,12248,13771,23389
0	1656	14174	24071,1142,31837,5565,5481,3076,5523,8648,5755,7319,10638,8633,11237,12161,12899,12570,9901,13323,4262,8734,22385,32807,538,821,8155,11126,6674,20342,403,33093,4507,15779,16458,31638,20361,14441,3440,9179,10306,19480,32968,30974,17022,24089,3608,6970,12403,33053,11771,15219,33090,24578,25644,9970,32256,21812,6988,9028,12128,11163,12679,1315,11790,25045,31156,26385,25643,15220,26598,24384,24784,19069,31582,388,2698,2891,3666,5430,8054,12248,13771,23389
1	1656	3120	24071,1142,31837,5565,5481,3076,5523,8648,5755,7319,10638,8633,11237,12161,12899,12570,9901,13323,4262,8734,22385,32807,538,821,8155,11126,6674,20342,403,33093,4507,15779,16458,31638,20361,14441,3440,9179,10306,19480,32968,30974,17022,24089,3608,6970,12403,33053,11771,15219,33090,24578,25644,9970,32256,21812,6988,9028,12128,11163,12679,1315,11790,25045,31156,26385,25643,15220,26598,24384,24784,19069,31582,388,2698,2891,3666,5430,8054,12248,13771,23389
1	1656	27216	24071,1142,31837,5565,5481,3076,5523,8648,5755,7319,10638,8633,11237,12161,12899,12570,9901,13323,4262,8734,22385,32807,538,821,8155,11126,6674,20342,403,33093,4507,15779,16458,31638,20361,14441,3440,9179,10306,19480,32968,30974,17022,24089,3608,6970,12403,33053,11771,15219,33090,24578,25644,9970,32256,21812,6988,9028,12128,11163,12679,1315,11790,25045,31156,26385,25643,15220,26598,24384,24784,19069,31582,388,2698,2891,3666,5430,8054,12248,13771,23389,3120
0	1656	27213	24071,1142,31837,5565,5481,3076,5523,8648,5755,7319,10638,8633,11237,12161,12899,12570,9901,13323,4262,8734,22385,32807,538,821,8155,11126,6674,20342,403,33093,4507,15779,16458,31638,20361,14441,3440,9179,10306,19480,32968,30974,17022,24089,3608,6970,12403,33053,11771,15219,33090,24578,25644,9970,32256,21812,6988,9028,12128,11163,12679,1315,11790,25045,31156,26385,25643,15220,26598,24384,24784,19069,31582,388,2698,2891,3666,5430,8054,12248,13771,23389,3120,27216
0	1656	14497	24071,1142,31837,5565,5481,3076,5523,8648,5755,7319,10638,8633,11237,12161,12899,12570,9901,13323,4262,8734,22385,32807,538,821,8155,11126,6674,20342,403,33093,4507,15779,16458,31638,20361,14441,3440,9179,10306,19480,32968,30974,17022,24089,3608,6970,12403,33053,11771,15219,33090,24578,25644,9970,32256,21812,6988,9028,12128,11163,12679,1315,11790,25045,31156,26385,25643,15220,26598,24384,24784,19069,31582,388,2698,2891,3666,5430,8054,12248,13771,23389,3120,27216
1	1656	27215	24071,1142,31837,5565,5481,3076,5523,8648,5755,7319,10638,8633,11237,12161,12899,12570,9901,13323,4262,8734,22385,32807,538,821,8155,11126,6674,20342,403,33093,4507,15779,16458,31638,20361,14441,3440,9179,10306,19480,32968,30974,17022,24089,3608,6970,12403,33053,11771,15219,33090,24578,25644,9970,32256,21812,6988,9028,12128,11163,12679,1315,11790,25045,31156,26385,25643,15220,26598,24384,24784,19069,31582,388,2698,2891,3666,5430,8054,12248,13771,23389,3120,27216
1	1656	28555	24071,1142,31837,5565,5481,3076,5523,8648,5755,7319,10638,8633,11237,12161,12899,12570,9901,13323,4262,8734,22385,32807,538,821,8155,11126,6674,20342,403,33093,4507,15779,16458,31638,20361,14441,3440,9179,10306,19480,32968,30974,17022,24089,3608,6970,12403,33053,11771,15219,33090,24578,25644,9970,32256,21812,6988,9028,12128,11163,12679,1315,11790,25045,31156,26385,25643,15220,26598,24384,24784,19069,31582,388,2698,2891,3666,5430,8054,12248,13771,23389,3120,27216,27215
1	1656	28052	24071,1142,31837,5565,5481,3076,5523,8648,5755,7319,10638,8633,11237,12161,12899,12570,9901,13323,4262,8734,22385,32807,538,821,8155,11126,6674,20342,403,33093,4507,15779,16458,31638,20361,14441,3440,9179,10306,19480,32968,30974,17022,24089,3608,6970,12403,33053,11771,15219,33090,24578,25644,9970,32256,21812,6988,9028,12128,11163,12679,1315,11790,25045,31156,26385,25643,15220,26598,24384,24784,19069,31582,388,2698,2891,3666,5430,8054,12248,13771,23389,3120,27216,27215,28555
1	1656	27195	24071,1142,31837,5565,5481,3076,5523,8648,5755,7319,10638,8633,11237,12161,12899,12570,9901,13323,4262,8734,22385,32807,538,821,8155,11126,6674,20342,403,33093,4507,15779,16458,31638,20361,14441,3440,9179,10306,19480,32968,30974,17022,24089,3608,6970,12403,33053,11771,15219,33090,24578,25644,9970,32256,21812,6988,9028,12128,11163,12679,1315,11790,25045,31156,26385,25643,15220,26598,24384,24784,19069,31582,388,2698,2891,3666,5430,8054,12248,13771,23389,3120,27216,27215,28555,28052
0	1656	28593	24071,1142,31837,5565,5481,3076,5523,8648,5755,7319,10638,8633,11237,12161,12899,12570,9901,13323,4262,8734,22385,32807,538,821,8155,11126,6674,20342,403,33093,4507,15779,16458,31638,20361,14441,3440,9179,10306,19480,32968,30974,17022,24089,3608,6970,12403,33053,11771,15219,33090,24578,25644,9970,32256,21812,6988,9028,12128,11163,12679,1315,11790,25045,31156,26385,25643,15220,26598,24384,24784,19069,31582,388,2698,2891,3666,5430,8054,12248,13771,23389,3120,27216,27215,28555,28052,27195
1	1656	17050	24071,1142,31837,5565,5481,3076,5523,8648,5755,7319,10638,8633,11237,12161,12899,12570,9901,13323,4262,8734,22385,32807,538,821,8155,11126,6674,20342,403,33093,4507,15779,16458,31638,20361,14441,3440,9179,10306,19480,32968,30974,17022,24089,3608,6970,12403,33053,11771,15219,33090,24578,25644,9970,32256,21812,6988,9028,12128,11163,12679,1315,11790,25045,31156,26385,25643,15220,26598,24384,24784,19069,31582,388,2698,2891,3666,5430,8054,12248,13771,23389,3120,27216,27215,28555,28052,27195
1	1656	25212	24071,1142,31837,5565,5481,3076,5523,8648,5755,7319,10638,8633,11237,12161,12899,12570,9901,13323,4262,8734,22385,32807,538,821,8155,11126,6674,20342,403,33093,4507,15779,16458,31638,20361,14441,3440,9179,10306,19480,32968,30974,17022,24089,3608,6970,12403,33053,11771,15219,33090,24578,25644,9970,32256,21812,6988,9028,12128,11163,12679,1315,11790,25045,31156,26385,25643,15220,26598,24384,24784,19069,31582,388,2698,2891,3666,5430,8054,12248,13771,23389,3120,27216,27215,28555,28052,27195,17050
