0	46	5762	0
1	46	13709	0
1	46	13606	13709
1	46	31462	13709,13606
1	46	28551	13709,13606,31462
1	46	24233	13709,13606,31462,28551
1	46	31201	13709,13606,31462,28551,24233
0	46	30909	13709,13606,31462,28551,24233,31201
0	46	353	13709,13606,31462,28551,24233,31201
1	46	6400	13709,13606,31462,28551,24233,31201
1	46	629	13709,13606,31462,28551,24233,31201,6400
0	46	937	13709,13606,31462,28551,24233,31201,6400,629
1	46	2236	13709,13606,31462,28551,24233,31201,6400,629
1	46	22317	13709,13606,31462,28551,24233,31201,6400,629,2236
0	46	1029	13709,13606,31462,28551,24233,31201,6400,629,2236,22317
1	46	2126	13709,13606,31462,28551,24233,31201,6400,629,2236,22317
0	46	2240	13709,13606,31462,28551,24233,31201,6400,629,2236,22317,2126
1	46	19776	13709,13606,31462,28551,24233,31201,6400,629,2236,22317,2126
0	46	1648	13709,13606,31462,28551,24233,31201,6400,629,2236,22317,2126,19776
0	46	1369	13709,13606,31462,28551,24233,31201,6400,629,2236,22317,2126,19776
1	46	172	13709,13606,31462,28551,24233,31201,6400,629,2236,22317,2126,19776
1	46	2891	13709,13606,31462,28551,24233,31201,6400,629,2236,22317,2126,19776,172
0	46	6100	13709,13606,31462,28551,24233,31201,6400,629,2236,22317,2126,19776,172,2891
1	46	473	13709,13606,31462,28551,24233,31201,6400,629,2236,22317,2126,19776,172,2891
1	46	27983	13709,13606,31462,28551,24233,31201,6400,629,2236,22317,2126,19776,172,2891,473
0	46	9303	13709,13606,31462,28551,24233,31201,6400,629,2236,22317,2126,19776,172,2891,473,27983
1	46	3267	13709,13606,31462,28551,24233,31201,6400,629,2236,22317,2126,19776,172,2891,473,27983
1	46	8810	13709,13606,31462,28551,24233,31201,6400,629,2236,22317,2126,19776,172,2891,473,27983,3267
1	46	8095	13709,13606,31462,28551,24233,31201,6400,629,2236,22317,2126,19776,172,2891,473,27983,3267,8810
1	46	9369	13709,13606,31462,28551,24233,31201,6400,629,2236,22317,2126,19776,172,2891,473,27983,3267,8810,8095
1	46	9370	13709,13606,31462,28551,24233,31201,6400,629,2236,22317,2126,19776,172,2891,473,27983,3267,8810,8095,9369
0	46	3788	13709,13606,31462,28551,24233,31201,6400,629,2236,22317,2126,19776,172,2891,473,27983,3267,8810,8095,9369,9370
1	46	4319	13709,13606,31462,28551,24233,31201,6400,629,2236,22317,2126,19776,172,2891,473,27983,3267,8810,8095,9369,9370
1	46	21881	13709,13606,31462,28551,24233,31201,6400,629,2236,22317,2126,19776,172,2891,473,27983,3267,8810,8095,9369,9370,4319
1	46	31025	13709,13606,31462,28551,24233,31201,6400,629,2236,22317,2126,19776,172,2891,473,27983,3267,8810,8095,9369,9370,4319,21881
1	46	4185	13709,13606,31462,28551,24233,31201,6400,629,2236,22317,2126,19776,172,2891,473,27983,3267,8810,8095,9369,9370,4319,21881,31025
0	46	8465	13709,13606,31462,28551,24233,31201,6400,629,2236,22317,2126,19776,172,2891,473,27983,3267,8810,8095,9369,9370,4319,21881,31025,4185
0	46	10044	13709,13606,31462,28551,24233,31201,6400,629,2236,22317,2126,19776,172,2891,473,27983,3267,8810,8095,9369,9370,4319,21881,31025,4185
0	46	13800	13709,13606,31462,28551,24233,31201,6400,629,2236,22317,2126,19776,172,2891,473,27983,3267,8810,8095,9369,9370,4319,21881,31025,4185
1	46	12494	13709,13606,31462,28551,24233,31201,6400,629,2236,22317,2126,19776,172,2891,473,27983,3267,8810,8095,9369,9370,4319,21881,31025,4185
1	46	3717	13709,13606,31462,28551,24233,31201,6400,629,2236,22317,2126,19776,172,2891,473,27983,3267,8810,8095,9369,9370,4319,21881,31025,4185,12494
1	46	11533	13709,13606,31462,28551,24233,31201,6400,629,2236,22317,2126,19776,172,2891,473,27983,3267,8810,8095,9369,9370,4319,21881,31025,4185,12494,3717
1	46	5636	13709,13606,31462,28551,24233,31201,6400,629,2236,22317,2126,19776,172,2891,473,27983,3267,8810,8095,9369,9370,4319,21881,31025,4185,12494,3717,11533
0	46	6842	13709,13606,31462,28551,24233,31201,6400,629,2236,22317,2126,19776,172,2891,473,27983,3267,8810,8095,9369,9370,4319,21881,31025,4185,12494,3717,11533,5636
0	46	9585	13709,13606,31462,28551,24233,31201,6400,629,2236,22317,2126,19776,172,2891,473,27983,3267,8810,8095,9369,9370,4319,21881,31025,4185,12494,3717,11533,5636
1	46	9977	13709,13606,31462,28551,24233,31201,6400,629,2236,22317,2126,19776,172,2891,473,27983,3267,8810,8095,9369,9370,4319,21881,31025,4185,12494,3717,11533,5636
1	46	12398	13709,13606,31462,28551,24233,31201,6400,629,2236,22317,2126,19776,172,2891,473,27983,3267,8810,8095,9369,9370,4319,21881,31025,4185,12494,3717,11533,5636,9977
0	46	10386	13709,13606,31462,28551,24233,31201,6400,629,2236,22317,2126,19776,172,2891,473,27983,3267,8810,8095,9369,9370,4319,21881,31025,4185,12494,3717,11533,5636,9977,12398
0	46	24570	13709,13606,31462,28551,24233,31201,6400,629,2236,22317,2126,19776,172,2891,473,27983,3267,8810,8095,9369,9370,4319,21881,31025,4185,12494,3717,11533,5636,9977,12398
0	46	16485	13709,13606,31462,28551,24233,31201,6400,629,2236,22317,2126,19776,172,2891,473,27983,3267,8810,8095,9369,9370,4319,21881,31025,4185,12494,3717,11533,5636,9977,12398
1	46	7175	13709,13606,31462,28551,24233,31201,6400,629,2236,22317,2126,19776,172,2891,473,27983,3267,8810,8095,9369,9370,4319,21881,31025,4185,12494,3717,11533,5636,9977,12398
1	46	17388	13709,13606,31462,28551,24233,31201,6400,629,2236,22317,2126,19776,172,2891,473,27983,3267,8810,8095,9369,9370,4319,21881,31025,4185,12494,3717,11533,5636,9977,12398,7175
0	46	19269	13709,13606,31462,28551,24233,31201,6400,629,2236,22317,2126,19776,172,2891,473,27983,3267,8810,8095,9369,9370,4319,21881,31025,4185,12494,3717,11533,5636,9977,12398,7175,17388
1	46	18629	13709,13606,31462,28551,24233,31201,6400,629,2236,22317,2126,19776,172,2891,473,27983,3267,8810,8095,9369,9370,4319,21881,31025,4185,12494,3717,11533,5636,9977,12398,7175,17388
0	46	21572	13709,13606,31462,28551,24233,31201,6400,629,2236,22317,2126,19776,172,2891,473,27983,3267,8810,8095,9369,9370,4319,21881,31025,4185,12494,3717,11533,5636,9977,12398,7175,17388,18629
1	46	20807	13709,13606,31462,28551,24233,31201,6400,629,2236,22317,2126,19776,172,2891,473,27983,3267,8810,8095,9369,9370,4319,21881,31025,4185,12494,3717,11533,5636,9977,12398,7175,17388,18629
1	46	31370	13709,13606,31462,28551,24233,31201,6400,629,2236,22317,2126,19776,172,2891,473,27983,3267,8810,8095,9369,9370,4319,21881,31025,4185,12494,3717,11533,5636,9977,12398,7175,17388,18629,20807
1	46	19084	13709,13606,31462,28551,24233,31201,6400,629,2236,22317,2126,19776,172,2891,473,27983,3267,8810,8095,9369,9370,4319,21881,31025,4185,12494,3717,11533,5636,9977,12398,7175,17388,18629,20807,31370
1	46	22718	13709,13606,31462,28551,24233,31201,6400,629,2236,22317,2126,19776,172,2891,473,27983,3267,8810,8095,9369,9370,4319,21881,31025,4185,12494,3717,11533,5636,9977,12398,7175,17388,18629,20807,31370,19084
0	46	17539	13709,13606,31462,28551,24233,31201,6400,629,2236,22317,2126,19776,172,2891,473,27983,3267,8810,8095,9369,9370,4319,21881,31025,4185,12494,3717,11533,5636,9977,12398,7175,17388,18629,20807,31370,19084,22718
1	46	21873	13709,13606,31462,28551,24233,31201,6400,629,2236,22317,2126,19776,172,2891,473,27983,3267,8810,8095,9369,9370,4319,21881,31025,4185,12494,3717,11533,5636,9977,12398,7175,17388,18629,20807,31370,19084,22718
1	46	17469	13709,13606,31462,28551,24233,31201,6400,629,2236,22317,2126,19776,172,2891,473,27983,3267,8810,8095,9369,9370,4319,21881,31025,4185,12494,3717,11533,5636,9977,12398,7175,17388,18629,20807,31370,19084,22718,21873
1	46	15097	13709,13606,31462,28551,24233,31201,6400,629,2236,22317,2126,19776,172,2891,473,27983,3267,8810,8095,9369,9370,4319,21881,31025,4185,12494,3717,11533,5636,9977,12398,7175,17388,18629,20807,31370,19084,22718,21873,17469
1	46	20765	13709,13606,31462,28551,24233,31201,6400,629,2236,22317,2126,19776,172,2891,473,27983,3267,8810,8095,9369,9370,4319,21881,31025,4185,12494,3717,11533,5636,9977,12398,7175,17388,18629,20807,31370,19084,22718,21873,17469,15097
0	46	22292	13709,13606,31462,28551,24233,31201,6400,629,2236,22317,2126,19776,172,2891,473,27983,3267,8810,8095,9369,9370,4319,21881,31025,4185,12494,3717,11533,5636,9977,12398,7175,17388,18629,20807,31370,19084,22718,21873,17469,15097,20765
0	46	22132	13709,13606,31462,28551,24233,31201,6400,629,2236,22317,2126,19776,172,2891,473,27983,3267,8810,8095,9369,9370,4319,21881,31025,4185,12494,3717,11533,5636,9977,12398,7175,17388,18629,20807,31370,19084,22718,21873,17469,15097,20765
1	46	32186	13709,13606,31462,28551,24233,31201,6400,629,2236,22317,2126,19776,172,2891,473,27983,3267,8810,8095,9369,9370,4319,21881,31025,4185,12494,3717,11533,5636,9977,12398,7175,17388,18629,20807,31370,19084,22718,21873,17469,15097,20765
1	46	15819	13709,13606,31462,28551,24233,31201,6400,629,2236,22317,2126,19776,172,2891,473,27983,3267,8810,8095,9369,9370,4319,21881,31025,4185,12494,3717,11533,5636,9977,12398,7175,17388,18629,20807,31370,19084,22718,21873,17469,15097,20765,32186
1	46	292	13709,13606,31462,28551,24233,31201,6400,629,2236,22317,2126,19776,172,2891,473,27983,3267,8810,8095,9369,9370,4319,21881,31025,4185,12494,3717,11533,5636,9977,12398,7175,17388,18629,20807,31370,19084,22718,21873,17469,15097,20765,32186,15819
1	46	10155	13709,13606,31462,28551,24233,31201,6400,629,2236,22317,2126,19776,172,2891,473,27983,3267,8810,8095,9369,9370,4319,21881,31025,4185,12494,3717,11533,5636,9977,12398,7175,17388,18629,20807,31370,19084,22718,21873,17469,15097,20765,32186,15819,292
1	46	11869	13709,13606,31462,28551,24233,31201,6400,629,2236,22317,2126,19776,172,2891,473,27983,3267,8810,8095,9369,9370,4319,21881,31025,4185,12494,3717,11533,5636,9977,12398,7175,17388,18629,20807,31370,19084,22718,21873,17469,15097,20765,32186,15819,292,10155
0	46	5222	13709,13606,31462,28551,24233,31201,6400,629,2236,22317,2126,19776,172,2891,473,27983,3267,8810,8095,9369,9370,4319,21881,31025,4185,12494,3717,11533,5636,9977,12398,7175,17388,18629,20807,31370,19084,22718,21873,17469,15097,20765,32186,15819,292,10155,11869
1	46	25093	13709,13606,31462,28551,24233,31201,6400,629,2236,22317,2126,19776,172,2891,473,27983,3267,8810,8095,9369,9370,4319,21881,31025,4185,12494,3717,11533,5636,9977,12398,7175,17388,18629,20807,31370,19084,22718,21873,17469,15097,20765,32186,15819,292,10155,11869
1	46	29130	13709,13606,31462,28551,24233,31201,6400,629,2236,22317,2126,19776,172,2891,473,27983,3267,8810,8095,9369,9370,4319,21881,31025,4185,12494,3717,11533,5636,9977,12398,7175,17388,18629,20807,31370,19084,22718,21873,17469,15097,20765,32186,15819,292,10155,11869,25093
