1	638	17440	0
0	638	31765	17440
0	638	30838	17440
1	638	31418	17440
1	638	1350	17440,31418
0	638	4526	17440,31418,1350
1	638	3513	17440,31418,1350
1	638	6170	17440,31418,1350,3513
0	638	8330	17440,31418,1350,3513,6170
0	638	3327	17440,31418,1350,3513,6170
0	638	9060	17440,31418,1350,3513,6170
0	638	9126	17440,31418,1350,3513,6170
0	638	1333	17440,31418,1350,3513,6170
1	638	9169	17440,31418,1350,3513,6170
0	638	11923	17440,31418,1350,3513,6170,9169
0	638	941	17440,31418,1350,3513,6170,9169
1	638	3740	17440,31418,1350,3513,6170,9169
1	638	942	17440,31418,1350,3513,6170,9169,3740
0	638	8224	17440,31418,1350,3513,6170,9169,3740,942
1	638	8548	17440,31418,1350,3513,6170,9169,3740,942
0	638	10052	17440,31418,1350,3513,6170,9169,3740,942,8548
0	638	12769	17440,31418,1350,3513,6170,9169,3740,942,8548
0	638	10575	17440,31418,1350,3513,6170,9169,3740,942,8548
0	638	13172	17440,31418,1350,3513,6170,9169,3740,942,8548
0	638	1831	17440,31418,1350,3513,6170,9169,3740,942,8548
0	638	16621	17440,31418,1350,3513,6170,9169,3740,942,8548
0	638	10173	17440,31418,1350,3513,6170,9169,3740,942,8548
0	638	18005	17440,31418,1350,3513,6170,9169,3740,942,8548
1	638	9853	17440,31418,1350,3513,6170,9169,3740,942,8548
1	638	15218	17440,31418,1350,3513,6170,9169,3740,942,8548,9853
0	638	21074	17440,31418,1350,3513,6170,9169,3740,942,8548,9853,15218
0	638	4450	17440,31418,1350,3513,6170,9169,3740,942,8548,9853,15218
0	638	13908	17440,31418,1350,3513,6170,9169,3740,942,8548,9853,15218
0	638	22467	17440,31418,1350,3513,6170,9169,3740,942,8548,9853,15218
0	638	17132	17440,31418,1350,3513,6170,9169,3740,942,8548,9853,15218
0	638	22590	17440,31418,1350,3513,6170,9169,3740,942,8548,9853,15218
1	638	17596	17440,31418,1350,3513,6170,9169,3740,942,8548,9853,15218
0	638	24660	17440,31418,1350,3513,6170,9169,3740,942,8548,9853,15218,17596
1	638	22020	17440,31418,1350,3513,6170,9169,3740,942,8548,9853,15218,17596
0	638	23992	17440,31418,1350,3513,6170,9169,3740,942,8548,9853,15218,17596,22020
0	638	21830	17440,31418,1350,3513,6170,9169,3740,942,8548,9853,15218,17596,22020
0	638	23768	17440,31418,1350,3513,6170,9169,3740,942,8548,9853,15218,17596,22020
0	638	23760	17440,31418,1350,3513,6170,9169,3740,942,8548,9853,15218,17596,22020
0	638	26325	17440,31418,1350,3513,6170,9169,3740,942,8548,9853,15218,17596,22020
0	638	24730	17440,31418,1350,3513,6170,9169,3740,942,8548,9853,15218,17596,22020
0	638	26633	17440,31418,1350,3513,6170,9169,3740,942,8548,9853,15218,17596,22020
0	638	26091	17440,31418,1350,3513,6170,9169,3740,942,8548,9853,15218,17596,22020
1	638	14497	17440,31418,1350,3513,6170,9169,3740,942,8548,9853,15218,17596,22020
0	638	27955	17440,31418,1350,3513,6170,9169,3740,942,8548,9853,15218,17596,22020,14497
1	638	3988	17440,31418,1350,3513,6170,9169,3740,942,8548,9853,15218,17596,22020,14497
0	638	28600	17440,31418,1350,3513,6170,9169,3740,942,8548,9853,15218,17596,22020,14497,3988
0	638	19933	17440,31418,1350,3513,6170,9169,3740,942,8548,9853,15218,17596,22020,14497,3988
