0	817	2831	0
0	817	23958	0
1	817	31538	0
0	817	31448	31538
0	817	26426	31538
0	817	31345	31538
0	817	31335	31538
0	817	396	31538
0	817	32102	31538
0	817	17087	31538
0	817	31259	31538
0	817	2001	31538
0	817	827	31538
0	817	16682	31538
1	817	7293	31538
0	817	13457	31538,7293
0	817	26631	31538,7293
0	817	6318	31538,7293
0	817	3182	31538,7293
0	817	7086	31538,7293
0	817	4862	31538,7293
0	817	4166	31538,7293
0	817	1654	31538,7293
0	817	1873	31538,7293
0	817	5089	31538,7293
0	817	4169	31538,7293
0	817	6786	31538,7293
0	817	6621	31538,7293
1	817	6762	31538,7293
0	817	8060	31538,7293,6762
0	817	8113	31538,7293,6762
1	817	6240	31538,7293,6762
0	817	31151	31538,7293,6762,6240
1	817	8348	31538,7293,6762,6240
0	817	10780	31538,7293,6762,6240,8348
1	817	2940	31538,7293,6762,6240,8348
1	817	15521	31538,7293,6762,6240,8348,2940
0	817	6241	31538,7293,6762,6240,8348,2940,15521
0	817	12656	31538,7293,6762,6240,8348,2940,15521
0	817	9710	31538,7293,6762,6240,8348,2940,15521
0	817	7139	31538,7293,6762,6240,8348,2940,15521
1	817	5862	31538,7293,6762,6240,8348,2940,15521
0	817	21959	31538,7293,6762,6240,8348,2940,15521,5862
1	817	19118	31538,7293,6762,6240,8348,2940,15521,5862
0	817	25891	31538,7293,6762,6240,8348,2940,15521,5862,19118
0	817	21815	31538,7293,6762,6240,8348,2940,15521,5862,19118
0	817	21814	31538,7293,6762,6240,8348,2940,15521,5862,19118
0	817	22713	31538,7293,6762,6240,8348,2940,15521,5862,19118
