1	498	2338	0
1	498	223	2338
1	498	31721	2338,223
0	498	3247	2338,223,31721
1	498	6538	2338,223,31721
1	498	28223	2338,223,31721,6538
1	498	32935	2338,223,31721,6538,28223
0	498	3815	2338,223,31721,6538,28223,32935
1	498	30774	2338,223,31721,6538,28223,32935
1	498	2947	2338,223,31721,6538,28223,32935,30774
0	498	6189	2338,223,31721,6538,28223,32935,30774,2947
1	498	5277	2338,223,31721,6538,28223,32935,30774,2947
1	498	8060	2338,223,31721,6538,28223,32935,30774,2947,5277
1	498	8527	2338,223,31721,6538,28223,32935,30774,2947,5277,8060
1	498	6958	2338,223,31721,6538,28223,32935,30774,2947,5277,8060,8527
1	498	6959	2338,223,31721,6538,28223,32935,30774,2947,5277,8060,8527,6958
1	498	142	2338,223,31721,6538,28223,32935,30774,2947,5277,8060,8527,6958,6959
1	498	7149	2338,223,31721,6538,28223,32935,30774,2947,5277,8060,8527,6958,6959,142
1	498	6022	2338,223,31721,6538,28223,32935,30774,2947,5277,8060,8527,6958,6959,142,7149
0	498	7787	2338,223,31721,6538,28223,32935,30774,2947,5277,8060,8527,6958,6959,142,7149,6022
1	498	7789	2338,223,31721,6538,28223,32935,30774,2947,5277,8060,8527,6958,6959,142,7149,6022
0	498	6324	2338,223,31721,6538,28223,32935,30774,2947,5277,8060,8527,6958,6959,142,7149,6022,7789
1	498	4364	2338,223,31721,6538,28223,32935,30774,2947,5277,8060,8527,6958,6959,142,7149,6022,7789
1	498	8827	2338,223,31721,6538,28223,32935,30774,2947,5277,8060,8527,6958,6959,142,7149,6022,7789,4364
1	498	9417	2338,223,31721,6538,28223,32935,30774,2947,5277,8060,8527,6958,6959,142,7149,6022,7789,4364,8827
1	498	10660	2338,223,31721,6538,28223,32935,30774,2947,5277,8060,8527,6958,6959,142,7149,6022,7789,4364,8827,9417
1	498	11880	2338,223,31721,6538,28223,32935,30774,2947,5277,8060,8527,6958,6959,142,7149,6022,7789,4364,8827,9417,10660
1	498	31059	2338,223,31721,6538,28223,32935,30774,2947,5277,8060,8527,6958,6959,142,7149,6022,7789,4364,8827,9417,10660,11880
0	498	11550	2338,223,31721,6538,28223,32935,30774,2947,5277,8060,8527,6958,6959,142,7149,6022,7789,4364,8827,9417,10660,11880,31059
0	498	12040	2338,223,31721,6538,28223,32935,30774,2947,5277,8060,8527,6958,6959,142,7149,6022,7789,4364,8827,9417,10660,11880,31059
1	498	12612	2338,223,31721,6538,28223,32935,30774,2947,5277,8060,8527,6958,6959,142,7149,6022,7789,4364,8827,9417,10660,11880,31059
0	498	9721	2338,223,31721,6538,28223,32935,30774,2947,5277,8060,8527,6958,6959,142,7149,6022,7789,4364,8827,9417,10660,11880,31059,12612
0	498	9723	2338,223,31721,6538,28223,32935,30774,2947,5277,8060,8527,6958,6959,142,7149,6022,7789,4364,8827,9417,10660,11880,31059,12612
1	498	10937	2338,223,31721,6538,28223,32935,30774,2947,5277,8060,8527,6958,6959,142,7149,6022,7789,4364,8827,9417,10660,11880,31059,12612
1	498	12994	2338,223,31721,6538,28223,32935,30774,2947,5277,8060,8527,6958,6959,142,7149,6022,7789,4364,8827,9417,10660,11880,31059,12612,10937
0	498	12949	2338,223,31721,6538,28223,32935,30774,2947,5277,8060,8527,6958,6959,142,7149,6022,7789,4364,8827,9417,10660,11880,31059,12612,10937,12994
1	498	473	2338,223,31721,6538,28223,32935,30774,2947,5277,8060,8527,6958,6959,142,7149,6022,7789,4364,8827,9417,10660,11880,31059,12612,10937,12994
1	498	7713	2338,223,31721,6538,28223,32935,30774,2947,5277,8060,8527,6958,6959,142,7149,6022,7789,4364,8827,9417,10660,11880,31059,12612,10937,12994,473
1	498	13669	2338,223,31721,6538,28223,32935,30774,2947,5277,8060,8527,6958,6959,142,7149,6022,7789,4364,8827,9417,10660,11880,31059,12612,10937,12994,473,7713
1	498	5895	2338,223,31721,6538,28223,32935,30774,2947,5277,8060,8527,6958,6959,142,7149,6022,7789,4364,8827,9417,10660,11880,31059,12612,10937,12994,473,7713,13669
1	498	10034	2338,223,31721,6538,28223,32935,30774,2947,5277,8060,8527,6958,6959,142,7149,6022,7789,4364,8827,9417,10660,11880,31059,12612,10937,12994,473,7713,13669,5895
0	498	17195	2338,223,31721,6538,28223,32935,30774,2947,5277,8060,8527,6958,6959,142,7149,6022,7789,4364,8827,9417,10660,11880,31059,12612,10937,12994,473,7713,13669,5895,10034
1	498	32477	2338,223,31721,6538,28223,32935,30774,2947,5277,8060,8527,6958,6959,142,7149,6022,7789,4364,8827,9417,10660,11880,31059,12612,10937,12994,473,7713,13669,5895,10034
0	498	18450	2338,223,31721,6538,28223,32935,30774,2947,5277,8060,8527,6958,6959,142,7149,6022,7789,4364,8827,9417,10660,11880,31059,12612,10937,12994,473,7713,13669,5895,10034,32477
0	498	19543	2338,223,31721,6538,28223,32935,30774,2947,5277,8060,8527,6958,6959,142,7149,6022,7789,4364,8827,9417,10660,11880,31059,12612,10937,12994,473,7713,13669,5895,10034,32477
0	498	17276	2338,223,31721,6538,28223,32935,30774,2947,5277,8060,8527,6958,6959,142,7149,6022,7789,4364,8827,9417,10660,11880,31059,12612,10937,12994,473,7713,13669,5895,10034,32477
1	498	19428	2338,223,31721,6538,28223,32935,30774,2947,5277,8060,8527,6958,6959,142,7149,6022,7789,4364,8827,9417,10660,11880,31059,12612,10937,12994,473,7713,13669,5895,10034,32477
0	498	22623	2338,223,31721,6538,28223,32935,30774,2947,5277,8060,8527,6958,6959,142,7149,6022,7789,4364,8827,9417,10660,11880,31059,12612,10937,12994,473,7713,13669,5895,10034,32477,19428
1	498	23447	2338,223,31721,6538,28223,32935,30774,2947,5277,8060,8527,6958,6959,142,7149,6022,7789,4364,8827,9417,10660,11880,31059,12612,10937,12994,473,7713,13669,5895,10034,32477,19428
1	498	22816	2338,223,31721,6538,28223,32935,30774,2947,5277,8060,8527,6958,6959,142,7149,6022,7789,4364,8827,9417,10660,11880,31059,12612,10937,12994,473,7713,13669,5895,10034,32477,19428,23447
0	498	23453	2338,223,31721,6538,28223,32935,30774,2947,5277,8060,8527,6958,6959,142,7149,6022,7789,4364,8827,9417,10660,11880,31059,12612,10937,12994,473,7713,13669,5895,10034,32477,19428,23447,22816
0	498	25524	2338,223,31721,6538,28223,32935,30774,2947,5277,8060,8527,6958,6959,142,7149,6022,7789,4364,8827,9417,10660,11880,31059,12612,10937,12994,473,7713,13669,5895,10034,32477,19428,23447,22816
0	498	22179	2338,223,31721,6538,28223,32935,30774,2947,5277,8060,8527,6958,6959,142,7149,6022,7789,4364,8827,9417,10660,11880,31059,12612,10937,12994,473,7713,13669,5895,10034,32477,19428,23447,22816
1	498	23452	2338,223,31721,6538,28223,32935,30774,2947,5277,8060,8527,6958,6959,142,7149,6022,7789,4364,8827,9417,10660,11880,31059,12612,10937,12994,473,7713,13669,5895,10034,32477,19428,23447,22816
0	498	23669	2338,223,31721,6538,28223,32935,30774,2947,5277,8060,8527,6958,6959,142,7149,6022,7789,4364,8827,9417,10660,11880,31059,12612,10937,12994,473,7713,13669,5895,10034,32477,19428,23447,22816,23452
1	498	21441	2338,223,31721,6538,28223,32935,30774,2947,5277,8060,8527,6958,6959,142,7149,6022,7789,4364,8827,9417,10660,11880,31059,12612,10937,12994,473,7713,13669,5895,10034,32477,19428,23447,22816,23452
0	498	12515	2338,223,31721,6538,28223,32935,30774,2947,5277,8060,8527,6958,6959,142,7149,6022,7789,4364,8827,9417,10660,11880,31059,12612,10937,12994,473,7713,13669,5895,10034,32477,19428,23447,22816,23452,21441
1	498	26781	2338,223,31721,6538,28223,32935,30774,2947,5277,8060,8527,6958,6959,142,7149,6022,7789,4364,8827,9417,10660,11880,31059,12612,10937,12994,473,7713,13669,5895,10034,32477,19428,23447,22816,23452,21441
0	498	28089	2338,223,31721,6538,28223,32935,30774,2947,5277,8060,8527,6958,6959,142,7149,6022,7789,4364,8827,9417,10660,11880,31059,12612,10937,12994,473,7713,13669,5895,10034,32477,19428,23447,22816,23452,21441,26781
0	498	26578	2338,223,31721,6538,28223,32935,30774,2947,5277,8060,8527,6958,6959,142,7149,6022,7789,4364,8827,9417,10660,11880,31059,12612,10937,12994,473,7713,13669,5895,10034,32477,19428,23447,22816,23452,21441,26781
0	498	29024	2338,223,31721,6538,28223,32935,30774,2947,5277,8060,8527,6958,6959,142,7149,6022,7789,4364,8827,9417,10660,11880,31059,12612,10937,12994,473,7713,13669,5895,10034,32477,19428,23447,22816,23452,21441,26781
0	498	29274	2338,223,31721,6538,28223,32935,30774,2947,5277,8060,8527,6958,6959,142,7149,6022,7789,4364,8827,9417,10660,11880,31059,12612,10937,12994,473,7713,13669,5895,10034,32477,19428,23447,22816,23452,21441,26781
