0	1517	20416	0
0	1517	31378	0
0	1517	31837	0
0	1517	32272	0
0	1517	32917	0
0	1517	1156	0
0	1517	1514	0
0	1517	1568	0
0	1517	2828	0
0	1517	3554	0
0	1517	3784	0
0	1517	3958	0
0	1517	4808	0
0	1517	5657	0
1	1517	7196	0
0	1517	7662	7196
0	1517	8021	7196
0	1517	8492	7196
0	1517	4181	7196
0	1517	24499	7196
0	1517	25572	7196
0	1517	27967	7196
0	1517	7266	7196
0	1517	1240	7196
0	1517	11118	7196
0	1517	12441	7196
1	1517	11088	7196
1	1517	7736	7196,11088
0	1517	5965	7196,11088,7736
0	1517	7309	7196,11088,7736
0	1517	12722	7196,11088,7736
0	1517	6593	7196,11088,7736
1	1517	17052	7196,11088,7736
1	1517	1791	7196,11088,7736,17052
0	1517	19163	7196,11088,7736,17052,1791
1	1517	2064	7196,11088,7736,17052,1791
0	1517	15326	7196,11088,7736,17052,1791,2064
0	1517	18129	7196,11088,7736,17052,1791,2064
1	1517	9853	7196,11088,7736,17052,1791,2064
0	1517	20238	7196,11088,7736,17052,1791,2064,9853
1	1517	14619	7196,11088,7736,17052,1791,2064,9853
