0	523	33082	0
0	523	27236	0
1	523	32007	0
1	523	16528	32007
1	523	31021	32007,16528
1	523	31721	32007,16528,31021
1	523	33132	32007,16528,31021,31721
1	523	913	32007,16528,31021,31721,33132
0	523	32822	32007,16528,31021,31721,33132,913
0	523	7123	32007,16528,31021,31721,33132,913
1	523	2935	32007,16528,31021,31721,33132,913
1	523	2218	32007,16528,31021,31721,33132,913,2935
0	523	24560	32007,16528,31021,31721,33132,913,2935,2218
0	523	410	32007,16528,31021,31721,33132,913,2935,2218
0	523	2571	32007,16528,31021,31721,33132,913,2935,2218
1	523	3999	32007,16528,31021,31721,33132,913,2935,2218
1	523	4000	32007,16528,31021,31721,33132,913,2935,2218,3999
0	523	5901	32007,16528,31021,31721,33132,913,2935,2218,3999,4000
1	523	32211	32007,16528,31021,31721,33132,913,2935,2218,3999,4000
0	523	136	32007,16528,31021,31721,33132,913,2935,2218,3999,4000,32211
1	523	6359	32007,16528,31021,31721,33132,913,2935,2218,3999,4000,32211
1	523	7540	32007,16528,31021,31721,33132,913,2935,2218,3999,4000,32211,6359
1	523	8261	32007,16528,31021,31721,33132,913,2935,2218,3999,4000,32211,6359,7540
0	523	7378	32007,16528,31021,31721,33132,913,2935,2218,3999,4000,32211,6359,7540,8261
1	523	5344	32007,16528,31021,31721,33132,913,2935,2218,3999,4000,32211,6359,7540,8261
0	523	9255	32007,16528,31021,31721,33132,913,2935,2218,3999,4000,32211,6359,7540,8261,5344
1	523	9710	32007,16528,31021,31721,33132,913,2935,2218,3999,4000,32211,6359,7540,8261,5344
0	523	3662	32007,16528,31021,31721,33132,913,2935,2218,3999,4000,32211,6359,7540,8261,5344,9710
0	523	7902	32007,16528,31021,31721,33132,913,2935,2218,3999,4000,32211,6359,7540,8261,5344,9710
1	523	6986	32007,16528,31021,31721,33132,913,2935,2218,3999,4000,32211,6359,7540,8261,5344,9710
0	523	11710	32007,16528,31021,31721,33132,913,2935,2218,3999,4000,32211,6359,7540,8261,5344,9710,6986
0	523	15123	32007,16528,31021,31721,33132,913,2935,2218,3999,4000,32211,6359,7540,8261,5344,9710,6986
0	523	15219	32007,16528,31021,31721,33132,913,2935,2218,3999,4000,32211,6359,7540,8261,5344,9710,6986
1	523	12300	32007,16528,31021,31721,33132,913,2935,2218,3999,4000,32211,6359,7540,8261,5344,9710,6986
1	523	4048	32007,16528,31021,31721,33132,913,2935,2218,3999,4000,32211,6359,7540,8261,5344,9710,6986,12300
0	523	15499	32007,16528,31021,31721,33132,913,2935,2218,3999,4000,32211,6359,7540,8261,5344,9710,6986,12300,4048
1	523	17334	32007,16528,31021,31721,33132,913,2935,2218,3999,4000,32211,6359,7540,8261,5344,9710,6986,12300,4048
0	523	9151	32007,16528,31021,31721,33132,913,2935,2218,3999,4000,32211,6359,7540,8261,5344,9710,6986,12300,4048,17334
1	523	15949	32007,16528,31021,31721,33132,913,2935,2218,3999,4000,32211,6359,7540,8261,5344,9710,6986,12300,4048,17334
0	523	16457	32007,16528,31021,31721,33132,913,2935,2218,3999,4000,32211,6359,7540,8261,5344,9710,6986,12300,4048,17334,15949
0	523	22816	32007,16528,31021,31721,33132,913,2935,2218,3999,4000,32211,6359,7540,8261,5344,9710,6986,12300,4048,17334,15949
0	523	10092	32007,16528,31021,31721,33132,913,2935,2218,3999,4000,32211,6359,7540,8261,5344,9710,6986,12300,4048,17334,15949
0	523	12689	32007,16528,31021,31721,33132,913,2935,2218,3999,4000,32211,6359,7540,8261,5344,9710,6986,12300,4048,17334,15949
0	523	18353	32007,16528,31021,31721,33132,913,2935,2218,3999,4000,32211,6359,7540,8261,5344,9710,6986,12300,4048,17334,15949
0	523	27586	32007,16528,31021,31721,33132,913,2935,2218,3999,4000,32211,6359,7540,8261,5344,9710,6986,12300,4048,17334,15949
1	523	26629	32007,16528,31021,31721,33132,913,2935,2218,3999,4000,32211,6359,7540,8261,5344,9710,6986,12300,4048,17334,15949
