0	1625	13311	0
1	1625	11530	0
1	1625	12732	11530
1	1625	19686	11530,12732
1	1625	6145	11530,12732,19686
1	1625	23066	11530,12732,19686,6145
0	1625	14441	11530,12732,19686,6145,23066
1	1625	1440	11530,12732,19686,6145,23066
1	1625	10545	11530,12732,19686,6145,23066,1440
1	1625	10766	11530,12732,19686,6145,23066,1440,10545
1	1625	12650	11530,12732,19686,6145,23066,1440,10545,10766
1	1625	15314	11530,12732,19686,6145,23066,1440,10545,10766,12650
1	1625	20658	11530,12732,19686,6145,23066,1440,10545,10766,12650,15314
1	1625	20754	11530,12732,19686,6145,23066,1440,10545,10766,12650,15314,20658
0	1625	13086	11530,12732,19686,6145,23066,1440,10545,10766,12650,15314,20658,20754
1	1625	16753	11530,12732,19686,6145,23066,1440,10545,10766,12650,15314,20658,20754
1	1625	22405	11530,12732,19686,6145,23066,1440,10545,10766,12650,15314,20658,20754,16753
0	1625	31856	11530,12732,19686,6145,23066,1440,10545,10766,12650,15314,20658,20754,16753,22405
1	1625	3359	11530,12732,19686,6145,23066,1440,10545,10766,12650,15314,20658,20754,16753,22405
1	1625	4203	11530,12732,19686,6145,23066,1440,10545,10766,12650,15314,20658,20754,16753,22405,3359
0	1625	8755	11530,12732,19686,6145,23066,1440,10545,10766,12650,15314,20658,20754,16753,22405,3359,4203
1	1625	10495	11530,12732,19686,6145,23066,1440,10545,10766,12650,15314,20658,20754,16753,22405,3359,4203
1	1625	11867	11530,12732,19686,6145,23066,1440,10545,10766,12650,15314,20658,20754,16753,22405,3359,4203,10495
1	1625	16754	11530,12732,19686,6145,23066,1440,10545,10766,12650,15314,20658,20754,16753,22405,3359,4203,10495,11867
1	1625	17893	11530,12732,19686,6145,23066,1440,10545,10766,12650,15314,20658,20754,16753,22405,3359,4203,10495,11867,16754
1	1625	25411	11530,12732,19686,6145,23066,1440,10545,10766,12650,15314,20658,20754,16753,22405,3359,4203,10495,11867,16754,17893
1	1625	6714	11530,12732,19686,6145,23066,1440,10545,10766,12650,15314,20658,20754,16753,22405,3359,4203,10495,11867,16754,17893,25411
1	1625	8501	11530,12732,19686,6145,23066,1440,10545,10766,12650,15314,20658,20754,16753,22405,3359,4203,10495,11867,16754,17893,25411,6714
1	1625	5505	11530,12732,19686,6145,23066,1440,10545,10766,12650,15314,20658,20754,16753,22405,3359,4203,10495,11867,16754,17893,25411,6714,8501
1	1625	5964	11530,12732,19686,6145,23066,1440,10545,10766,12650,15314,20658,20754,16753,22405,3359,4203,10495,11867,16754,17893,25411,6714,8501,5505
1	1625	19528	11530,12732,19686,6145,23066,1440,10545,10766,12650,15314,20658,20754,16753,22405,3359,4203,10495,11867,16754,17893,25411,6714,8501,5505,5964
1	1625	21572	11530,12732,19686,6145,23066,1440,10545,10766,12650,15314,20658,20754,16753,22405,3359,4203,10495,11867,16754,17893,25411,6714,8501,5505,5964,19528
0	1625	24919	11530,12732,19686,6145,23066,1440,10545,10766,12650,15314,20658,20754,16753,22405,3359,4203,10495,11867,16754,17893,25411,6714,8501,5505,5964,19528,21572
1	1625	10123	11530,12732,19686,6145,23066,1440,10545,10766,12650,15314,20658,20754,16753,22405,3359,4203,10495,11867,16754,17893,25411,6714,8501,5505,5964,19528,21572
1	1625	12398	11530,12732,19686,6145,23066,1440,10545,10766,12650,15314,20658,20754,16753,22405,3359,4203,10495,11867,16754,17893,25411,6714,8501,5505,5964,19528,21572,10123
1	1625	11869	11530,12732,19686,6145,23066,1440,10545,10766,12650,15314,20658,20754,16753,22405,3359,4203,10495,11867,16754,17893,25411,6714,8501,5505,5964,19528,21572,10123,12398
1	1625	14078	11530,12732,19686,6145,23066,1440,10545,10766,12650,15314,20658,20754,16753,22405,3359,4203,10495,11867,16754,17893,25411,6714,8501,5505,5964,19528,21572,10123,12398,11869
1	1625	14718	11530,12732,19686,6145,23066,1440,10545,10766,12650,15314,20658,20754,16753,22405,3359,4203,10495,11867,16754,17893,25411,6714,8501,5505,5964,19528,21572,10123,12398,11869,14078
1	1625	19336	11530,12732,19686,6145,23066,1440,10545,10766,12650,15314,20658,20754,16753,22405,3359,4203,10495,11867,16754,17893,25411,6714,8501,5505,5964,19528,21572,10123,12398,11869,14078,14718
1	1625	26327	11530,12732,19686,6145,23066,1440,10545,10766,12650,15314,20658,20754,16753,22405,3359,4203,10495,11867,16754,17893,25411,6714,8501,5505,5964,19528,21572,10123,12398,11869,14078,14718,19336
1	1625	12385	11530,12732,19686,6145,23066,1440,10545,10766,12650,15314,20658,20754,16753,22405,3359,4203,10495,11867,16754,17893,25411,6714,8501,5505,5964,19528,21572,10123,12398,11869,14078,14718,19336,26327
1	1625	32669	11530,12732,19686,6145,23066,1440,10545,10766,12650,15314,20658,20754,16753,22405,3359,4203,10495,11867,16754,17893,25411,6714,8501,5505,5964,19528,21572,10123,12398,11869,14078,14718,19336,26327,12385
