1	1498	188	0
0	1498	1670	188
1	1498	1845	188
0	1498	1771	188,1845
0	1498	11602	188,1845
0	1498	12820	188,1845
1	1498	20716	188,1845
1	1498	31478	188,1845,20716
1	1498	13482	188,1845,20716,31478
1	1498	18108	188,1845,20716,31478,13482
1	1498	19886	188,1845,20716,31478,13482,18108
0	1498	33090	188,1845,20716,31478,13482,18108,19886
1	1498	2080	188,1845,20716,31478,13482,18108,19886
1	1498	2564	188,1845,20716,31478,13482,18108,19886,2080
0	1498	19868	188,1845,20716,31478,13482,18108,19886,2080,2564
1	1498	3827	188,1845,20716,31478,13482,18108,19886,2080,2564
1	1498	2489	188,1845,20716,31478,13482,18108,19886,2080,2564,3827
1	1498	20662	188,1845,20716,31478,13482,18108,19886,2080,2564,3827,2489
1	1498	31503	188,1845,20716,31478,13482,18108,19886,2080,2564,3827,2489,20662
1	1498	6266	188,1845,20716,31478,13482,18108,19886,2080,2564,3827,2489,20662,31503
1	1498	18766	188,1845,20716,31478,13482,18108,19886,2080,2564,3827,2489,20662,31503,6266
1	1498	23233	188,1845,20716,31478,13482,18108,19886,2080,2564,3827,2489,20662,31503,6266,18766
1	1498	31520	188,1845,20716,31478,13482,18108,19886,2080,2564,3827,2489,20662,31503,6266,18766,23233
1	1498	32174	188,1845,20716,31478,13482,18108,19886,2080,2564,3827,2489,20662,31503,6266,18766,23233,31520
1	1498	3823	188,1845,20716,31478,13482,18108,19886,2080,2564,3827,2489,20662,31503,6266,18766,23233,31520,32174
0	1498	4770	188,1845,20716,31478,13482,18108,19886,2080,2564,3827,2489,20662,31503,6266,18766,23233,31520,32174,3823
1	1498	4999	188,1845,20716,31478,13482,18108,19886,2080,2564,3827,2489,20662,31503,6266,18766,23233,31520,32174,3823
1	1498	5676	188,1845,20716,31478,13482,18108,19886,2080,2564,3827,2489,20662,31503,6266,18766,23233,31520,32174,3823,4999
1	1498	5829	188,1845,20716,31478,13482,18108,19886,2080,2564,3827,2489,20662,31503,6266,18766,23233,31520,32174,3823,4999,5676
1	1498	7521	188,1845,20716,31478,13482,18108,19886,2080,2564,3827,2489,20662,31503,6266,18766,23233,31520,32174,3823,4999,5676,5829
0	1498	8317	188,1845,20716,31478,13482,18108,19886,2080,2564,3827,2489,20662,31503,6266,18766,23233,31520,32174,3823,4999,5676,5829,7521
1	1498	10638	188,1845,20716,31478,13482,18108,19886,2080,2564,3827,2489,20662,31503,6266,18766,23233,31520,32174,3823,4999,5676,5829,7521
0	1498	14244	188,1845,20716,31478,13482,18108,19886,2080,2564,3827,2489,20662,31503,6266,18766,23233,31520,32174,3823,4999,5676,5829,7521,10638
1	1498	15879	188,1845,20716,31478,13482,18108,19886,2080,2564,3827,2489,20662,31503,6266,18766,23233,31520,32174,3823,4999,5676,5829,7521,10638
0	1498	3940	188,1845,20716,31478,13482,18108,19886,2080,2564,3827,2489,20662,31503,6266,18766,23233,31520,32174,3823,4999,5676,5829,7521,10638,15879
1	1498	15066	188,1845,20716,31478,13482,18108,19886,2080,2564,3827,2489,20662,31503,6266,18766,23233,31520,32174,3823,4999,5676,5829,7521,10638,15879
1	1498	27345	188,1845,20716,31478,13482,18108,19886,2080,2564,3827,2489,20662,31503,6266,18766,23233,31520,32174,3823,4999,5676,5829,7521,10638,15879,15066
1	1498	27519	188,1845,20716,31478,13482,18108,19886,2080,2564,3827,2489,20662,31503,6266,18766,23233,31520,32174,3823,4999,5676,5829,7521,10638,15879,15066,27345
1	1498	2062	188,1845,20716,31478,13482,18108,19886,2080,2564,3827,2489,20662,31503,6266,18766,23233,31520,32174,3823,4999,5676,5829,7521,10638,15879,15066,27345,27519
0	1498	31800	188,1845,20716,31478,13482,18108,19886,2080,2564,3827,2489,20662,31503,6266,18766,23233,31520,32174,3823,4999,5676,5829,7521,10638,15879,15066,27345,27519,2062
1	1498	32964	188,1845,20716,31478,13482,18108,19886,2080,2564,3827,2489,20662,31503,6266,18766,23233,31520,32174,3823,4999,5676,5829,7521,10638,15879,15066,27345,27519,2062
0	1498	1941	188,1845,20716,31478,13482,18108,19886,2080,2564,3827,2489,20662,31503,6266,18766,23233,31520,32174,3823,4999,5676,5829,7521,10638,15879,15066,27345,27519,2062,32964
1	1498	5144	188,1845,20716,31478,13482,18108,19886,2080,2564,3827,2489,20662,31503,6266,18766,23233,31520,32174,3823,4999,5676,5829,7521,10638,15879,15066,27345,27519,2062,32964
1	1498	7248	188,1845,20716,31478,13482,18108,19886,2080,2564,3827,2489,20662,31503,6266,18766,23233,31520,32174,3823,4999,5676,5829,7521,10638,15879,15066,27345,27519,2062,32964,5144
1	1498	8472	188,1845,20716,31478,13482,18108,19886,2080,2564,3827,2489,20662,31503,6266,18766,23233,31520,32174,3823,4999,5676,5829,7521,10638,15879,15066,27345,27519,2062,32964,5144,7248
1	1498	8647	188,1845,20716,31478,13482,18108,19886,2080,2564,3827,2489,20662,31503,6266,18766,23233,31520,32174,3823,4999,5676,5829,7521,10638,15879,15066,27345,27519,2062,32964,5144,7248,8472
1	1498	10610	188,1845,20716,31478,13482,18108,19886,2080,2564,3827,2489,20662,31503,6266,18766,23233,31520,32174,3823,4999,5676,5829,7521,10638,15879,15066,27345,27519,2062,32964,5144,7248,8472,8647
1	1498	12855	188,1845,20716,31478,13482,18108,19886,2080,2564,3827,2489,20662,31503,6266,18766,23233,31520,32174,3823,4999,5676,5829,7521,10638,15879,15066,27345,27519,2062,32964,5144,7248,8472,8647,10610
1	1498	14387	188,1845,20716,31478,13482,18108,19886,2080,2564,3827,2489,20662,31503,6266,18766,23233,31520,32174,3823,4999,5676,5829,7521,10638,15879,15066,27345,27519,2062,32964,5144,7248,8472,8647,10610,12855
0	1498	16634	188,1845,20716,31478,13482,18108,19886,2080,2564,3827,2489,20662,31503,6266,18766,23233,31520,32174,3823,4999,5676,5829,7521,10638,15879,15066,27345,27519,2062,32964,5144,7248,8472,8647,10610,12855,14387
0	1498	27497	188,1845,20716,31478,13482,18108,19886,2080,2564,3827,2489,20662,31503,6266,18766,23233,31520,32174,3823,4999,5676,5829,7521,10638,15879,15066,27345,27519,2062,32964,5144,7248,8472,8647,10610,12855,14387
