1	1846	32889	0
1	1846	31137	32889
1	1846	26782	32889,31137
1	1846	2375	32889,31137,26782
1	1846	3372	32889,31137,26782,2375
0	1846	7410	32889,31137,26782,2375,3372
1	1846	5403	32889,31137,26782,2375,3372
1	1846	5372	32889,31137,26782,2375,3372,5403
1	1846	11839	32889,31137,26782,2375,3372,5403,5372
1	1846	12936	32889,31137,26782,2375,3372,5403,5372,11839
1	1846	11927	32889,31137,26782,2375,3372,5403,5372,11839,12936
1	1846	12938	32889,31137,26782,2375,3372,5403,5372,11839,12936,11927
1	1846	2063	32889,31137,26782,2375,3372,5403,5372,11839,12936,11927,12938
1	1846	15229	32889,31137,26782,2375,3372,5403,5372,11839,12936,11927,12938,2063
1	1846	21553	32889,31137,26782,2375,3372,5403,5372,11839,12936,11927,12938,2063,15229
1	1846	315	32889,31137,26782,2375,3372,5403,5372,11839,12936,11927,12938,2063,15229,21553
1	1846	23491	32889,31137,26782,2375,3372,5403,5372,11839,12936,11927,12938,2063,15229,21553,315
0	1846	25556	32889,31137,26782,2375,3372,5403,5372,11839,12936,11927,12938,2063,15229,21553,315,23491
1	1846	23450	32889,31137,26782,2375,3372,5403,5372,11839,12936,11927,12938,2063,15229,21553,315,23491
1	1846	25170	32889,31137,26782,2375,3372,5403,5372,11839,12936,11927,12938,2063,15229,21553,315,23491,23450
0	1846	23452	32889,31137,26782,2375,3372,5403,5372,11839,12936,11927,12938,2063,15229,21553,315,23491,23450,25170
0	1846	25890	32889,31137,26782,2375,3372,5403,5372,11839,12936,11927,12938,2063,15229,21553,315,23491,23450,25170
1	1846	10841	32889,31137,26782,2375,3372,5403,5372,11839,12936,11927,12938,2063,15229,21553,315,23491,23450,25170
1	1846	20854	32889,31137,26782,2375,3372,5403,5372,11839,12936,11927,12938,2063,15229,21553,315,23491,23450,25170,10841
0	1846	24889	32889,31137,26782,2375,3372,5403,5372,11839,12936,11927,12938,2063,15229,21553,315,23491,23450,25170,10841,20854
1	1846	18394	32889,31137,26782,2375,3372,5403,5372,11839,12936,11927,12938,2063,15229,21553,315,23491,23450,25170,10841,20854
1	1846	27605	32889,31137,26782,2375,3372,5403,5372,11839,12936,11927,12938,2063,15229,21553,315,23491,23450,25170,10841,20854,18394
1	1846	28879	32889,31137,26782,2375,3372,5403,5372,11839,12936,11927,12938,2063,15229,21553,315,23491,23450,25170,10841,20854,18394,27605
1	1846	28973	32889,31137,26782,2375,3372,5403,5372,11839,12936,11927,12938,2063,15229,21553,315,23491,23450,25170,10841,20854,18394,27605,28879
1	1846	28872	32889,31137,26782,2375,3372,5403,5372,11839,12936,11927,12938,2063,15229,21553,315,23491,23450,25170,10841,20854,18394,27605,28879,28973
1	1846	29391	32889,31137,26782,2375,3372,5403,5372,11839,12936,11927,12938,2063,15229,21553,315,23491,23450,25170,10841,20854,18394,27605,28879,28973,28872
1	1846	15613	32889,31137,26782,2375,3372,5403,5372,11839,12936,11927,12938,2063,15229,21553,315,23491,23450,25170,10841,20854,18394,27605,28879,28973,28872,29391
1	1846	27910	32889,31137,26782,2375,3372,5403,5372,11839,12936,11927,12938,2063,15229,21553,315,23491,23450,25170,10841,20854,18394,27605,28879,28973,28872,29391,15613
1	1846	30703	32889,31137,26782,2375,3372,5403,5372,11839,12936,11927,12938,2063,15229,21553,315,23491,23450,25170,10841,20854,18394,27605,28879,28973,28872,29391,15613,27910
1	1846	23794	32889,31137,26782,2375,3372,5403,5372,11839,12936,11927,12938,2063,15229,21553,315,23491,23450,25170,10841,20854,18394,27605,28879,28973,28872,29391,15613,27910,30703
