1	1622	25054	0
1	1622	397	25054
0	1622	957	25054,397
0	1622	1082	25054,397
0	1622	8338	25054,397
0	1622	8346	25054,397
0	1622	11147	25054,397
1	1622	11237	25054,397
1	1622	13374	25054,397,11237
0	1622	15574	25054,397,11237,13374
1	1622	16773	25054,397,11237,13374
1	1622	16922	25054,397,11237,13374,16773
1	1622	18258	25054,397,11237,13374,16773,16922
1	1622	18843	25054,397,11237,13374,16773,16922,18258
1	1622	20265	25054,397,11237,13374,16773,16922,18258,18843
0	1622	20711	25054,397,11237,13374,16773,16922,18258,18843,20265
0	1622	21114	25054,397,11237,13374,16773,16922,18258,18843,20265
1	1622	21861	25054,397,11237,13374,16773,16922,18258,18843,20265
0	1622	22788	25054,397,11237,13374,16773,16922,18258,18843,20265,21861
1	1622	22875	25054,397,11237,13374,16773,16922,18258,18843,20265,21861
1	1622	24588	25054,397,11237,13374,16773,16922,18258,18843,20265,21861,22875
1	1622	26381	25054,397,11237,13374,16773,16922,18258,18843,20265,21861,22875,24588
0	1622	9970	25054,397,11237,13374,16773,16922,18258,18843,20265,21861,22875,24588,26381
0	1622	21405	25054,397,11237,13374,16773,16922,18258,18843,20265,21861,22875,24588,26381
0	1622	3043	25054,397,11237,13374,16773,16922,18258,18843,20265,21861,22875,24588,26381
0	1622	5860	25054,397,11237,13374,16773,16922,18258,18843,20265,21861,22875,24588,26381
1	1622	18936	25054,397,11237,13374,16773,16922,18258,18843,20265,21861,22875,24588,26381
1	1622	22265	25054,397,11237,13374,16773,16922,18258,18843,20265,21861,22875,24588,26381,18936
0	1622	2775	25054,397,11237,13374,16773,16922,18258,18843,20265,21861,22875,24588,26381,18936,22265
1	1622	3644	25054,397,11237,13374,16773,16922,18258,18843,20265,21861,22875,24588,26381,18936,22265
0	1622	7970	25054,397,11237,13374,16773,16922,18258,18843,20265,21861,22875,24588,26381,18936,22265,3644
1	1622	9167	25054,397,11237,13374,16773,16922,18258,18843,20265,21861,22875,24588,26381,18936,22265,3644
1	1622	9440	25054,397,11237,13374,16773,16922,18258,18843,20265,21861,22875,24588,26381,18936,22265,3644,9167
1	1622	15028	25054,397,11237,13374,16773,16922,18258,18843,20265,21861,22875,24588,26381,18936,22265,3644,9167,9440
0	1622	17206	25054,397,11237,13374,16773,16922,18258,18843,20265,21861,22875,24588,26381,18936,22265,3644,9167,9440,15028
0	1622	18150	25054,397,11237,13374,16773,16922,18258,18843,20265,21861,22875,24588,26381,18936,22265,3644,9167,9440,15028
1	1622	18525	25054,397,11237,13374,16773,16922,18258,18843,20265,21861,22875,24588,26381,18936,22265,3644,9167,9440,15028
1	1622	21557	25054,397,11237,13374,16773,16922,18258,18843,20265,21861,22875,24588,26381,18936,22265,3644,9167,9440,15028,18525
1	1622	2002	25054,397,11237,13374,16773,16922,18258,18843,20265,21861,22875,24588,26381,18936,22265,3644,9167,9440,15028,18525,21557
1	1622	13225	25054,397,11237,13374,16773,16922,18258,18843,20265,21861,22875,24588,26381,18936,22265,3644,9167,9440,15028,18525,21557,2002
0	1622	13783	25054,397,11237,13374,16773,16922,18258,18843,20265,21861,22875,24588,26381,18936,22265,3644,9167,9440,15028,18525,21557,2002,13225
1	1622	17830	25054,397,11237,13374,16773,16922,18258,18843,20265,21861,22875,24588,26381,18936,22265,3644,9167,9440,15028,18525,21557,2002,13225
0	1622	2299	25054,397,11237,13374,16773,16922,18258,18843,20265,21861,22875,24588,26381,18936,22265,3644,9167,9440,15028,18525,21557,2002,13225,17830
1	1622	5317	25054,397,11237,13374,16773,16922,18258,18843,20265,21861,22875,24588,26381,18936,22265,3644,9167,9440,15028,18525,21557,2002,13225,17830
0	1622	16276	25054,397,11237,13374,16773,16922,18258,18843,20265,21861,22875,24588,26381,18936,22265,3644,9167,9440,15028,18525,21557,2002,13225,17830,5317
1	1622	16816	25054,397,11237,13374,16773,16922,18258,18843,20265,21861,22875,24588,26381,18936,22265,3644,9167,9440,15028,18525,21557,2002,13225,17830,5317
0	1622	14666	25054,397,11237,13374,16773,16922,18258,18843,20265,21861,22875,24588,26381,18936,22265,3644,9167,9440,15028,18525,21557,2002,13225,17830,5317,16816
1	1622	20024	25054,397,11237,13374,16773,16922,18258,18843,20265,21861,22875,24588,26381,18936,22265,3644,9167,9440,15028,18525,21557,2002,13225,17830,5317,16816
1	1622	24296	25054,397,11237,13374,16773,16922,18258,18843,20265,21861,22875,24588,26381,18936,22265,3644,9167,9440,15028,18525,21557,2002,13225,17830,5317,16816,20024
0	1622	1262	25054,397,11237,13374,16773,16922,18258,18843,20265,21861,22875,24588,26381,18936,22265,3644,9167,9440,15028,18525,21557,2002,13225,17830,5317,16816,20024,24296
1	1622	4515	25054,397,11237,13374,16773,16922,18258,18843,20265,21861,22875,24588,26381,18936,22265,3644,9167,9440,15028,18525,21557,2002,13225,17830,5317,16816,20024,24296
0	1622	13280	25054,397,11237,13374,16773,16922,18258,18843,20265,21861,22875,24588,26381,18936,22265,3644,9167,9440,15028,18525,21557,2002,13225,17830,5317,16816,20024,24296,4515
0	1622	23448	25054,397,11237,13374,16773,16922,18258,18843,20265,21861,22875,24588,26381,18936,22265,3644,9167,9440,15028,18525,21557,2002,13225,17830,5317,16816,20024,24296,4515
1	1622	23449	25054,397,11237,13374,16773,16922,18258,18843,20265,21861,22875,24588,26381,18936,22265,3644,9167,9440,15028,18525,21557,2002,13225,17830,5317,16816,20024,24296,4515
