1	1807	17216	0
1	1807	922	17216
1	1807	769	17216,922
1	1807	3707	17216,922,769
1	1807	3487	17216,922,769,3707
1	1807	514	17216,922,769,3707,3487
1	1807	10719	17216,922,769,3707,3487,514
1	1807	18053	17216,922,769,3707,3487,514,10719
1	1807	10787	17216,922,769,3707,3487,514,10719,18053
0	1807	17771	17216,922,769,3707,3487,514,10719,18053,10787
1	1807	19477	17216,922,769,3707,3487,514,10719,18053,10787
1	1807	14905	17216,922,769,3707,3487,514,10719,18053,10787,19477
0	1807	9777	17216,922,769,3707,3487,514,10719,18053,10787,19477,14905
1	1807	11185	17216,922,769,3707,3487,514,10719,18053,10787,19477,14905
0	1807	20540	17216,922,769,3707,3487,514,10719,18053,10787,19477,14905,11185
1	1807	3567	17216,922,769,3707,3487,514,10719,18053,10787,19477,14905,11185
1	1807	17306	17216,922,769,3707,3487,514,10719,18053,10787,19477,14905,11185,3567
1	1807	19384	17216,922,769,3707,3487,514,10719,18053,10787,19477,14905,11185,3567,17306
1	1807	19385	17216,922,769,3707,3487,514,10719,18053,10787,19477,14905,11185,3567,17306,19384
1	1807	16827	17216,922,769,3707,3487,514,10719,18053,10787,19477,14905,11185,3567,17306,19384,19385
1	1807	17283	17216,922,769,3707,3487,514,10719,18053,10787,19477,14905,11185,3567,17306,19384,19385,16827
1	1807	6030	17216,922,769,3707,3487,514,10719,18053,10787,19477,14905,11185,3567,17306,19384,19385,16827,17283
0	1807	21905	17216,922,769,3707,3487,514,10719,18053,10787,19477,14905,11185,3567,17306,19384,19385,16827,17283,6030
1	1807	17199	17216,922,769,3707,3487,514,10719,18053,10787,19477,14905,11185,3567,17306,19384,19385,16827,17283,6030
1	1807	8894	17216,922,769,3707,3487,514,10719,18053,10787,19477,14905,11185,3567,17306,19384,19385,16827,17283,6030,17199
0	1807	17434	17216,922,769,3707,3487,514,10719,18053,10787,19477,14905,11185,3567,17306,19384,19385,16827,17283,6030,17199,8894
1	1807	16642	17216,922,769,3707,3487,514,10719,18053,10787,19477,14905,11185,3567,17306,19384,19385,16827,17283,6030,17199,8894
0	1807	25667	17216,922,769,3707,3487,514,10719,18053,10787,19477,14905,11185,3567,17306,19384,19385,16827,17283,6030,17199,8894,16642
0	1807	31179	17216,922,769,3707,3487,514,10719,18053,10787,19477,14905,11185,3567,17306,19384,19385,16827,17283,6030,17199,8894,16642
1	1807	410	17216,922,769,3707,3487,514,10719,18053,10787,19477,14905,11185,3567,17306,19384,19385,16827,17283,6030,17199,8894,16642
1	1807	740	17216,922,769,3707,3487,514,10719,18053,10787,19477,14905,11185,3567,17306,19384,19385,16827,17283,6030,17199,8894,16642,410
1	1807	2529	17216,922,769,3707,3487,514,10719,18053,10787,19477,14905,11185,3567,17306,19384,19385,16827,17283,6030,17199,8894,16642,410,740
0	1807	2925	17216,922,769,3707,3487,514,10719,18053,10787,19477,14905,11185,3567,17306,19384,19385,16827,17283,6030,17199,8894,16642,410,740,2529
1	1807	3250	17216,922,769,3707,3487,514,10719,18053,10787,19477,14905,11185,3567,17306,19384,19385,16827,17283,6030,17199,8894,16642,410,740,2529
0	1807	4985	17216,922,769,3707,3487,514,10719,18053,10787,19477,14905,11185,3567,17306,19384,19385,16827,17283,6030,17199,8894,16642,410,740,2529,3250
1	1807	5222	17216,922,769,3707,3487,514,10719,18053,10787,19477,14905,11185,3567,17306,19384,19385,16827,17283,6030,17199,8894,16642,410,740,2529,3250
1	1807	16753	17216,922,769,3707,3487,514,10719,18053,10787,19477,14905,11185,3567,17306,19384,19385,16827,17283,6030,17199,8894,16642,410,740,2529,3250,5222
1	1807	7491	17216,922,769,3707,3487,514,10719,18053,10787,19477,14905,11185,3567,17306,19384,19385,16827,17283,6030,17199,8894,16642,410,740,2529,3250,5222,16753
1	1807	15147	17216,922,769,3707,3487,514,10719,18053,10787,19477,14905,11185,3567,17306,19384,19385,16827,17283,6030,17199,8894,16642,410,740,2529,3250,5222,16753,7491
1	1807	9970	17216,922,769,3707,3487,514,10719,18053,10787,19477,14905,11185,3567,17306,19384,19385,16827,17283,6030,17199,8894,16642,410,740,2529,3250,5222,16753,7491,15147
1	1807	16015	17216,922,769,3707,3487,514,10719,18053,10787,19477,14905,11185,3567,17306,19384,19385,16827,17283,6030,17199,8894,16642,410,740,2529,3250,5222,16753,7491,15147,9970
0	1807	16757	17216,922,769,3707,3487,514,10719,18053,10787,19477,14905,11185,3567,17306,19384,19385,16827,17283,6030,17199,8894,16642,410,740,2529,3250,5222,16753,7491,15147,9970,16015
1	1807	16017	17216,922,769,3707,3487,514,10719,18053,10787,19477,14905,11185,3567,17306,19384,19385,16827,17283,6030,17199,8894,16642,410,740,2529,3250,5222,16753,7491,15147,9970,16015
1	1807	32373	17216,922,769,3707,3487,514,10719,18053,10787,19477,14905,11185,3567,17306,19384,19385,16827,17283,6030,17199,8894,16642,410,740,2529,3250,5222,16753,7491,15147,9970,16015,16017
0	1807	10426	17216,922,769,3707,3487,514,10719,18053,10787,19477,14905,11185,3567,17306,19384,19385,16827,17283,6030,17199,8894,16642,410,740,2529,3250,5222,16753,7491,15147,9970,16015,16017,32373
0	1807	4547	17216,922,769,3707,3487,514,10719,18053,10787,19477,14905,11185,3567,17306,19384,19385,16827,17283,6030,17199,8894,16642,410,740,2529,3250,5222,16753,7491,15147,9970,16015,16017,32373
1	1807	17811	17216,922,769,3707,3487,514,10719,18053,10787,19477,14905,11185,3567,17306,19384,19385,16827,17283,6030,17199,8894,16642,410,740,2529,3250,5222,16753,7491,15147,9970,16015,16017,32373
0	1807	15857	17216,922,769,3707,3487,514,10719,18053,10787,19477,14905,11185,3567,17306,19384,19385,16827,17283,6030,17199,8894,16642,410,740,2529,3250,5222,16753,7491,15147,9970,16015,16017,32373,17811
1	1807	31198	17216,922,769,3707,3487,514,10719,18053,10787,19477,14905,11185,3567,17306,19384,19385,16827,17283,6030,17199,8894,16642,410,740,2529,3250,5222,16753,7491,15147,9970,16015,16017,32373,17811
0	1807	10531	17216,922,769,3707,3487,514,10719,18053,10787,19477,14905,11185,3567,17306,19384,19385,16827,17283,6030,17199,8894,16642,410,740,2529,3250,5222,16753,7491,15147,9970,16015,16017,32373,17811,31198
0	1807	11227	17216,922,769,3707,3487,514,10719,18053,10787,19477,14905,11185,3567,17306,19384,19385,16827,17283,6030,17199,8894,16642,410,740,2529,3250,5222,16753,7491,15147,9970,16015,16017,32373,17811,31198
1	1807	9137	17216,922,769,3707,3487,514,10719,18053,10787,19477,14905,11185,3567,17306,19384,19385,16827,17283,6030,17199,8894,16642,410,740,2529,3250,5222,16753,7491,15147,9970,16015,16017,32373,17811,31198
0	1807	8725	17216,922,769,3707,3487,514,10719,18053,10787,19477,14905,11185,3567,17306,19384,19385,16827,17283,6030,17199,8894,16642,410,740,2529,3250,5222,16753,7491,15147,9970,16015,16017,32373,17811,31198,9137
0	1807	18792	17216,922,769,3707,3487,514,10719,18053,10787,19477,14905,11185,3567,17306,19384,19385,16827,17283,6030,17199,8894,16642,410,740,2529,3250,5222,16753,7491,15147,9970,16015,16017,32373,17811,31198,9137
0	1807	3013	17216,922,769,3707,3487,514,10719,18053,10787,19477,14905,11185,3567,17306,19384,19385,16827,17283,6030,17199,8894,16642,410,740,2529,3250,5222,16753,7491,15147,9970,16015,16017,32373,17811,31198,9137
1	1807	19439	17216,922,769,3707,3487,514,10719,18053,10787,19477,14905,11185,3567,17306,19384,19385,16827,17283,6030,17199,8894,16642,410,740,2529,3250,5222,16753,7491,15147,9970,16015,16017,32373,17811,31198,9137
0	1807	10422	17216,922,769,3707,3487,514,10719,18053,10787,19477,14905,11185,3567,17306,19384,19385,16827,17283,6030,17199,8894,16642,410,740,2529,3250,5222,16753,7491,15147,9970,16015,16017,32373,17811,31198,9137,19439
1	1807	11673	17216,922,769,3707,3487,514,10719,18053,10787,19477,14905,11185,3567,17306,19384,19385,16827,17283,6030,17199,8894,16642,410,740,2529,3250,5222,16753,7491,15147,9970,16015,16017,32373,17811,31198,9137,19439
1	1807	31210	17216,922,769,3707,3487,514,10719,18053,10787,19477,14905,11185,3567,17306,19384,19385,16827,17283,6030,17199,8894,16642,410,740,2529,3250,5222,16753,7491,15147,9970,16015,16017,32373,17811,31198,9137,19439,11673
0	1807	589	17216,922,769,3707,3487,514,10719,18053,10787,19477,14905,11185,3567,17306,19384,19385,16827,17283,6030,17199,8894,16642,410,740,2529,3250,5222,16753,7491,15147,9970,16015,16017,32373,17811,31198,9137,19439,11673,31210
1	1807	12450	17216,922,769,3707,3487,514,10719,18053,10787,19477,14905,11185,3567,17306,19384,19385,16827,17283,6030,17199,8894,16642,410,740,2529,3250,5222,16753,7491,15147,9970,16015,16017,32373,17811,31198,9137,19439,11673,31210
0	1807	21846	17216,922,769,3707,3487,514,10719,18053,10787,19477,14905,11185,3567,17306,19384,19385,16827,17283,6030,17199,8894,16642,410,740,2529,3250,5222,16753,7491,15147,9970,16015,16017,32373,17811,31198,9137,19439,11673,31210,12450
0	1807	13782	17216,922,769,3707,3487,514,10719,18053,10787,19477,14905,11185,3567,17306,19384,19385,16827,17283,6030,17199,8894,16642,410,740,2529,3250,5222,16753,7491,15147,9970,16015,16017,32373,17811,31198,9137,19439,11673,31210,12450
1	1807	27126	17216,922,769,3707,3487,514,10719,18053,10787,19477,14905,11185,3567,17306,19384,19385,16827,17283,6030,17199,8894,16642,410,740,2529,3250,5222,16753,7491,15147,9970,16015,16017,32373,17811,31198,9137,19439,11673,31210,12450
0	1807	27394	17216,922,769,3707,3487,514,10719,18053,10787,19477,14905,11185,3567,17306,19384,19385,16827,17283,6030,17199,8894,16642,410,740,2529,3250,5222,16753,7491,15147,9970,16015,16017,32373,17811,31198,9137,19439,11673,31210,12450,27126
1	1807	3631	17216,922,769,3707,3487,514,10719,18053,10787,19477,14905,11185,3567,17306,19384,19385,16827,17283,6030,17199,8894,16642,410,740,2529,3250,5222,16753,7491,15147,9970,16015,16017,32373,17811,31198,9137,19439,11673,31210,12450,27126
1	1807	11669	17216,922,769,3707,3487,514,10719,18053,10787,19477,14905,11185,3567,17306,19384,19385,16827,17283,6030,17199,8894,16642,410,740,2529,3250,5222,16753,7491,15147,9970,16015,16017,32373,17811,31198,9137,19439,11673,31210,12450,27126,3631
1	1807	1505	17216,922,769,3707,3487,514,10719,18053,10787,19477,14905,11185,3567,17306,19384,19385,16827,17283,6030,17199,8894,16642,410,740,2529,3250,5222,16753,7491,15147,9970,16015,16017,32373,17811,31198,9137,19439,11673,31210,12450,27126,3631,11669
1	1807	11667	17216,922,769,3707,3487,514,10719,18053,10787,19477,14905,11185,3567,17306,19384,19385,16827,17283,6030,17199,8894,16642,410,740,2529,3250,5222,16753,7491,15147,9970,16015,16017,32373,17811,31198,9137,19439,11673,31210,12450,27126,3631,11669,1505
1	1807	13790	17216,922,769,3707,3487,514,10719,18053,10787,19477,14905,11185,3567,17306,19384,19385,16827,17283,6030,17199,8894,16642,410,740,2529,3250,5222,16753,7491,15147,9970,16015,16017,32373,17811,31198,9137,19439,11673,31210,12450,27126,3631,11669,1505,11667
1	1807	14597	17216,922,769,3707,3487,514,10719,18053,10787,19477,14905,11185,3567,17306,19384,19385,16827,17283,6030,17199,8894,16642,410,740,2529,3250,5222,16753,7491,15147,9970,16015,16017,32373,17811,31198,9137,19439,11673,31210,12450,27126,3631,11669,1505,11667,13790
1	1807	12001	17216,922,769,3707,3487,514,10719,18053,10787,19477,14905,11185,3567,17306,19384,19385,16827,17283,6030,17199,8894,16642,410,740,2529,3250,5222,16753,7491,15147,9970,16015,16017,32373,17811,31198,9137,19439,11673,31210,12450,27126,3631,11669,1505,11667,13790,14597
