1	29	4649	0
1	29	24534	4649
1	29	8370	4649,24534
1	29	15782	4649,24534,8370
1	29	22440	4649,24534,8370,15782
1	29	22561	4649,24534,8370,15782,22440
1	29	4161	4649,24534,8370,15782,22440,22561
1	29	4985	4649,24534,8370,15782,22440,22561,4161
1	29	8237	4649,24534,8370,15782,22440,22561,4161,4985
1	29	21807	4649,24534,8370,15782,22440,22561,4161,4985,8237
1	29	23482	4649,24534,8370,15782,22440,22561,4161,4985,8237,21807
1	29	23963	4649,24534,8370,15782,22440,22561,4161,4985,8237,21807,23482
1	29	24598	4649,24534,8370,15782,22440,22561,4161,4985,8237,21807,23482,23963
1	29	26929	4649,24534,8370,15782,22440,22561,4161,4985,8237,21807,23482,23963,24598
1	29	28831	4649,24534,8370,15782,22440,22561,4161,4985,8237,21807,23482,23963,24598,26929
0	29	32628	4649,24534,8370,15782,22440,22561,4161,4985,8237,21807,23482,23963,24598,26929,28831
1	29	13838	4649,24534,8370,15782,22440,22561,4161,4985,8237,21807,23482,23963,24598,26929,28831
1	29	15340	4649,24534,8370,15782,22440,22561,4161,4985,8237,21807,23482,23963,24598,26929,28831,13838
1	29	23267	4649,24534,8370,15782,22440,22561,4161,4985,8237,21807,23482,23963,24598,26929,28831,13838,15340
1	29	25443	4649,24534,8370,15782,22440,22561,4161,4985,8237,21807,23482,23963,24598,26929,28831,13838,15340,23267
1	29	25237	4649,24534,8370,15782,22440,22561,4161,4985,8237,21807,23482,23963,24598,26929,28831,13838,15340,23267,25443
1	29	27094	4649,24534,8370,15782,22440,22561,4161,4985,8237,21807,23482,23963,24598,26929,28831,13838,15340,23267,25443,25237
1	29	27444	4649,24534,8370,15782,22440,22561,4161,4985,8237,21807,23482,23963,24598,26929,28831,13838,15340,23267,25443,25237,27094
1	29	28161	4649,24534,8370,15782,22440,22561,4161,4985,8237,21807,23482,23963,24598,26929,28831,13838,15340,23267,25443,25237,27094,27444
1	29	6917	4649,24534,8370,15782,22440,22561,4161,4985,8237,21807,23482,23963,24598,26929,28831,13838,15340,23267,25443,25237,27094,27444,28161
1	29	24113	4649,24534,8370,15782,22440,22561,4161,4985,8237,21807,23482,23963,24598,26929,28831,13838,15340,23267,25443,25237,27094,27444,28161,6917
