1	836	28540	0
0	836	3749	28540
0	836	4224	28540
1	836	8488	28540
1	836	12384	28540,8488
1	836	17441	28540,8488,12384
0	836	23858	28540,8488,12384,17441
0	836	25499	28540,8488,12384,17441
1	836	12916	28540,8488,12384,17441
1	836	15915	28540,8488,12384,17441,12916
0	836	18988	28540,8488,12384,17441,12916,15915
0	836	19777	28540,8488,12384,17441,12916,15915
1	836	21504	28540,8488,12384,17441,12916,15915
0	836	23404	28540,8488,12384,17441,12916,15915,21504
0	836	25107	28540,8488,12384,17441,12916,15915,21504
0	836	10814	28540,8488,12384,17441,12916,15915,21504
0	836	4225	28540,8488,12384,17441,12916,15915,21504
1	836	24282	28540,8488,12384,17441,12916,15915,21504
0	836	24712	28540,8488,12384,17441,12916,15915,21504,24282
1	836	7993	28540,8488,12384,17441,12916,15915,21504,24282
1	836	29780	28540,8488,12384,17441,12916,15915,21504,24282,7993
1	836	17529	28540,8488,12384,17441,12916,15915,21504,24282,7993,29780
1	836	29045	28540,8488,12384,17441,12916,15915,21504,24282,7993,29780,17529
1	836	28544	28540,8488,12384,17441,12916,15915,21504,24282,7993,29780,17529,29045
1	836	3151	28540,8488,12384,17441,12916,15915,21504,24282,7993,29780,17529,29045,28544
0	836	5309	28540,8488,12384,17441,12916,15915,21504,24282,7993,29780,17529,29045,28544,3151
1	836	11434	28540,8488,12384,17441,12916,15915,21504,24282,7993,29780,17529,29045,28544,3151
0	836	16521	28540,8488,12384,17441,12916,15915,21504,24282,7993,29780,17529,29045,28544,3151,11434
0	836	15377	28540,8488,12384,17441,12916,15915,21504,24282,7993,29780,17529,29045,28544,3151,11434
1	836	18702	28540,8488,12384,17441,12916,15915,21504,24282,7993,29780,17529,29045,28544,3151,11434
1	836	10770	28540,8488,12384,17441,12916,15915,21504,24282,7993,29780,17529,29045,28544,3151,11434,18702
0	836	18426	28540,8488,12384,17441,12916,15915,21504,24282,7993,29780,17529,29045,28544,3151,11434,18702,10770
1	836	21641	28540,8488,12384,17441,12916,15915,21504,24282,7993,29780,17529,29045,28544,3151,11434,18702,10770
0	836	27624	28540,8488,12384,17441,12916,15915,21504,24282,7993,29780,17529,29045,28544,3151,11434,18702,10770,21641
