1	860	4388	0
1	860	6503	4388
1	860	8477	4388,6503
0	860	15508	4388,6503,8477
1	860	16010	4388,6503,8477
1	860	18615	4388,6503,8477,16010
1	860	21302	4388,6503,8477,16010,18615
1	860	8546	4388,6503,8477,16010,18615,21302
1	860	8874	4388,6503,8477,16010,18615,21302,8546
0	860	22664	4388,6503,8477,16010,18615,21302,8546,8874
1	860	21713	4388,6503,8477,16010,18615,21302,8546,8874
1	860	26105	4388,6503,8477,16010,18615,21302,8546,8874,21713
0	860	29645	4388,6503,8477,16010,18615,21302,8546,8874,21713,26105
