1	794	2554	0
1	794	8774	2554
1	794	6485	2554,8774
1	794	7220	2554,8774,6485
1	794	12369	2554,8774,6485,7220
1	794	17085	2554,8774,6485,7220,12369
1	794	18779	2554,8774,6485,7220,12369,17085
1	794	21123	2554,8774,6485,7220,12369,17085,18779
0	794	21917	2554,8774,6485,7220,12369,17085,18779,21123
1	794	19637	2554,8774,6485,7220,12369,17085,18779,21123
1	794	20726	2554,8774,6485,7220,12369,17085,18779,21123,19637
1	794	22317	2554,8774,6485,7220,12369,17085,18779,21123,19637,20726
1	794	25470	2554,8774,6485,7220,12369,17085,18779,21123,19637,20726,22317
1	794	28026	2554,8774,6485,7220,12369,17085,18779,21123,19637,20726,22317,25470
1	794	31141	2554,8774,6485,7220,12369,17085,18779,21123,19637,20726,22317,25470,28026
1	794	32818	2554,8774,6485,7220,12369,17085,18779,21123,19637,20726,22317,25470,28026,31141
1	794	33047	2554,8774,6485,7220,12369,17085,18779,21123,19637,20726,22317,25470,28026,31141,32818
1	794	33058	2554,8774,6485,7220,12369,17085,18779,21123,19637,20726,22317,25470,28026,31141,32818,33047
0	794	33130	2554,8774,6485,7220,12369,17085,18779,21123,19637,20726,22317,25470,28026,31141,32818,33047,33058
0	794	66	2554,8774,6485,7220,12369,17085,18779,21123,19637,20726,22317,25470,28026,31141,32818,33047,33058
1	794	909	2554,8774,6485,7220,12369,17085,18779,21123,19637,20726,22317,25470,28026,31141,32818,33047,33058
1	794	1835	2554,8774,6485,7220,12369,17085,18779,21123,19637,20726,22317,25470,28026,31141,32818,33047,33058,909
1	794	2061	2554,8774,6485,7220,12369,17085,18779,21123,19637,20726,22317,25470,28026,31141,32818,33047,33058,909,1835
1	794	4198	2554,8774,6485,7220,12369,17085,18779,21123,19637,20726,22317,25470,28026,31141,32818,33047,33058,909,1835,2061
1	794	4780	2554,8774,6485,7220,12369,17085,18779,21123,19637,20726,22317,25470,28026,31141,32818,33047,33058,909,1835,2061,4198
1	794	6075	2554,8774,6485,7220,12369,17085,18779,21123,19637,20726,22317,25470,28026,31141,32818,33047,33058,909,1835,2061,4198,4780
1	794	6309	2554,8774,6485,7220,12369,17085,18779,21123,19637,20726,22317,25470,28026,31141,32818,33047,33058,909,1835,2061,4198,4780,6075
1	794	6610	2554,8774,6485,7220,12369,17085,18779,21123,19637,20726,22317,25470,28026,31141,32818,33047,33058,909,1835,2061,4198,4780,6075,6309
1	794	8993	2554,8774,6485,7220,12369,17085,18779,21123,19637,20726,22317,25470,28026,31141,32818,33047,33058,909,1835,2061,4198,4780,6075,6309,6610
1	794	9806	2554,8774,6485,7220,12369,17085,18779,21123,19637,20726,22317,25470,28026,31141,32818,33047,33058,909,1835,2061,4198,4780,6075,6309,6610,8993
1	794	12071	2554,8774,6485,7220,12369,17085,18779,21123,19637,20726,22317,25470,28026,31141,32818,33047,33058,909,1835,2061,4198,4780,6075,6309,6610,8993,9806
1	794	12680	2554,8774,6485,7220,12369,17085,18779,21123,19637,20726,22317,25470,28026,31141,32818,33047,33058,909,1835,2061,4198,4780,6075,6309,6610,8993,9806,12071
1	794	14311	2554,8774,6485,7220,12369,17085,18779,21123,19637,20726,22317,25470,28026,31141,32818,33047,33058,909,1835,2061,4198,4780,6075,6309,6610,8993,9806,12071,12680
1	794	15036	2554,8774,6485,7220,12369,17085,18779,21123,19637,20726,22317,25470,28026,31141,32818,33047,33058,909,1835,2061,4198,4780,6075,6309,6610,8993,9806,12071,12680,14311
1	794	15174	2554,8774,6485,7220,12369,17085,18779,21123,19637,20726,22317,25470,28026,31141,32818,33047,33058,909,1835,2061,4198,4780,6075,6309,6610,8993,9806,12071,12680,14311,15036
1	794	16922	2554,8774,6485,7220,12369,17085,18779,21123,19637,20726,22317,25470,28026,31141,32818,33047,33058,909,1835,2061,4198,4780,6075,6309,6610,8993,9806,12071,12680,14311,15036,15174
1	794	17447	2554,8774,6485,7220,12369,17085,18779,21123,19637,20726,22317,25470,28026,31141,32818,33047,33058,909,1835,2061,4198,4780,6075,6309,6610,8993,9806,12071,12680,14311,15036,15174,16922
0	794	18200	2554,8774,6485,7220,12369,17085,18779,21123,19637,20726,22317,25470,28026,31141,32818,33047,33058,909,1835,2061,4198,4780,6075,6309,6610,8993,9806,12071,12680,14311,15036,15174,16922,17447
1	794	18253	2554,8774,6485,7220,12369,17085,18779,21123,19637,20726,22317,25470,28026,31141,32818,33047,33058,909,1835,2061,4198,4780,6075,6309,6610,8993,9806,12071,12680,14311,15036,15174,16922,17447
1	794	18331	2554,8774,6485,7220,12369,17085,18779,21123,19637,20726,22317,25470,28026,31141,32818,33047,33058,909,1835,2061,4198,4780,6075,6309,6610,8993,9806,12071,12680,14311,15036,15174,16922,17447,18253
1	794	20906	2554,8774,6485,7220,12369,17085,18779,21123,19637,20726,22317,25470,28026,31141,32818,33047,33058,909,1835,2061,4198,4780,6075,6309,6610,8993,9806,12071,12680,14311,15036,15174,16922,17447,18253,18331
1	794	21989	2554,8774,6485,7220,12369,17085,18779,21123,19637,20726,22317,25470,28026,31141,32818,33047,33058,909,1835,2061,4198,4780,6075,6309,6610,8993,9806,12071,12680,14311,15036,15174,16922,17447,18253,18331,20906
1	794	22440	2554,8774,6485,7220,12369,17085,18779,21123,19637,20726,22317,25470,28026,31141,32818,33047,33058,909,1835,2061,4198,4780,6075,6309,6610,8993,9806,12071,12680,14311,15036,15174,16922,17447,18253,18331,20906,21989
0	794	22844	2554,8774,6485,7220,12369,17085,18779,21123,19637,20726,22317,25470,28026,31141,32818,33047,33058,909,1835,2061,4198,4780,6075,6309,6610,8993,9806,12071,12680,14311,15036,15174,16922,17447,18253,18331,20906,21989,22440
1	794	23877	2554,8774,6485,7220,12369,17085,18779,21123,19637,20726,22317,25470,28026,31141,32818,33047,33058,909,1835,2061,4198,4780,6075,6309,6610,8993,9806,12071,12680,14311,15036,15174,16922,17447,18253,18331,20906,21989,22440
0	794	25154	2554,8774,6485,7220,12369,17085,18779,21123,19637,20726,22317,25470,28026,31141,32818,33047,33058,909,1835,2061,4198,4780,6075,6309,6610,8993,9806,12071,12680,14311,15036,15174,16922,17447,18253,18331,20906,21989,22440,23877
1	794	25814	2554,8774,6485,7220,12369,17085,18779,21123,19637,20726,22317,25470,28026,31141,32818,33047,33058,909,1835,2061,4198,4780,6075,6309,6610,8993,9806,12071,12680,14311,15036,15174,16922,17447,18253,18331,20906,21989,22440,23877
1	794	25933	2554,8774,6485,7220,12369,17085,18779,21123,19637,20726,22317,25470,28026,31141,32818,33047,33058,909,1835,2061,4198,4780,6075,6309,6610,8993,9806,12071,12680,14311,15036,15174,16922,17447,18253,18331,20906,21989,22440,23877,25814
