1	1658	20353	0
1	1658	14533	20353
0	1658	982	20353,14533
1	1658	4577	20353,14533
1	1658	8629	20353,14533,4577
1	1658	5549	20353,14533,4577,8629
0	1658	13184	20353,14533,4577,8629,5549
1	1658	15107	20353,14533,4577,8629,5549
1	1658	15692	20353,14533,4577,8629,5549,15107
1	1658	7239	20353,14533,4577,8629,5549,15107,15692
1	1658	12941	20353,14533,4577,8629,5549,15107,15692,7239
1	1658	15218	20353,14533,4577,8629,5549,15107,15692,7239,12941
0	1658	10899	20353,14533,4577,8629,5549,15107,15692,7239,12941,15218
1	1658	19735	20353,14533,4577,8629,5549,15107,15692,7239,12941,15218
1	1658	19110	20353,14533,4577,8629,5549,15107,15692,7239,12941,15218,19735
1	1658	20387	20353,14533,4577,8629,5549,15107,15692,7239,12941,15218,19735,19110
1	1658	11706	20353,14533,4577,8629,5549,15107,15692,7239,12941,15218,19735,19110,20387
1	1658	17132	20353,14533,4577,8629,5549,15107,15692,7239,12941,15218,19735,19110,20387,11706
0	1658	20397	20353,14533,4577,8629,5549,15107,15692,7239,12941,15218,19735,19110,20387,11706,17132
0	1658	22178	20353,14533,4577,8629,5549,15107,15692,7239,12941,15218,19735,19110,20387,11706,17132
1	1658	22590	20353,14533,4577,8629,5549,15107,15692,7239,12941,15218,19735,19110,20387,11706,17132
1	1658	25556	20353,14533,4577,8629,5549,15107,15692,7239,12941,15218,19735,19110,20387,11706,17132,22590
0	1658	15221	20353,14533,4577,8629,5549,15107,15692,7239,12941,15218,19735,19110,20387,11706,17132,22590,25556
1	1658	15211	20353,14533,4577,8629,5549,15107,15692,7239,12941,15218,19735,19110,20387,11706,17132,22590,25556
0	1658	24774	20353,14533,4577,8629,5549,15107,15692,7239,12941,15218,19735,19110,20387,11706,17132,22590,25556,15211
1	1658	24776	20353,14533,4577,8629,5549,15107,15692,7239,12941,15218,19735,19110,20387,11706,17132,22590,25556,15211
1	1658	24929	20353,14533,4577,8629,5549,15107,15692,7239,12941,15218,19735,19110,20387,11706,17132,22590,25556,15211,24776
0	1658	22109	20353,14533,4577,8629,5549,15107,15692,7239,12941,15218,19735,19110,20387,11706,17132,22590,25556,15211,24776,24929
1	1658	9647	20353,14533,4577,8629,5549,15107,15692,7239,12941,15218,19735,19110,20387,11706,17132,22590,25556,15211,24776,24929
1	1658	26881	20353,14533,4577,8629,5549,15107,15692,7239,12941,15218,19735,19110,20387,11706,17132,22590,25556,15211,24776,24929,9647
1	1658	23760	20353,14533,4577,8629,5549,15107,15692,7239,12941,15218,19735,19110,20387,11706,17132,22590,25556,15211,24776,24929,9647,26881
1	1658	25471	20353,14533,4577,8629,5549,15107,15692,7239,12941,15218,19735,19110,20387,11706,17132,22590,25556,15211,24776,24929,9647,26881,23760
1	1658	27294	20353,14533,4577,8629,5549,15107,15692,7239,12941,15218,19735,19110,20387,11706,17132,22590,25556,15211,24776,24929,9647,26881,23760,25471
1	1658	16807	20353,14533,4577,8629,5549,15107,15692,7239,12941,15218,19735,19110,20387,11706,17132,22590,25556,15211,24776,24929,9647,26881,23760,25471,27294
0	1658	32864	20353,14533,4577,8629,5549,15107,15692,7239,12941,15218,19735,19110,20387,11706,17132,22590,25556,15211,24776,24929,9647,26881,23760,25471,27294,16807
1	1658	27053	20353,14533,4577,8629,5549,15107,15692,7239,12941,15218,19735,19110,20387,11706,17132,22590,25556,15211,24776,24929,9647,26881,23760,25471,27294,16807
1	1658	17632	20353,14533,4577,8629,5549,15107,15692,7239,12941,15218,19735,19110,20387,11706,17132,22590,25556,15211,24776,24929,9647,26881,23760,25471,27294,16807,27053
0	1658	28089	20353,14533,4577,8629,5549,15107,15692,7239,12941,15218,19735,19110,20387,11706,17132,22590,25556,15211,24776,24929,9647,26881,23760,25471,27294,16807,27053,17632
0	1658	29335	20353,14533,4577,8629,5549,15107,15692,7239,12941,15218,19735,19110,20387,11706,17132,22590,25556,15211,24776,24929,9647,26881,23760,25471,27294,16807,27053,17632
