0	1681	32024	0
1	1681	29164	0
1	1681	32960	29164
1	1681	3291	29164,32960
1	1681	5128	29164,32960,3291
1	1681	1717	29164,32960,3291,5128
0	1681	8527	29164,32960,3291,5128,1717
1	1681	11097	29164,32960,3291,5128,1717
0	1681	13929	29164,32960,3291,5128,1717,11097
1	1681	1831	29164,32960,3291,5128,1717,11097
0	1681	15433	29164,32960,3291,5128,1717,11097,1831
0	1681	24181	29164,32960,3291,5128,1717,11097,1831
0	1681	23599	29164,32960,3291,5128,1717,11097,1831
1	1681	24198	29164,32960,3291,5128,1717,11097,1831
1	1681	24727	29164,32960,3291,5128,1717,11097,1831,24198
0	1681	22104	29164,32960,3291,5128,1717,11097,1831,24198,24727
1	1681	19925	29164,32960,3291,5128,1717,11097,1831,24198,24727
0	1681	25658	29164,32960,3291,5128,1717,11097,1831,24198,24727,19925
0	1681	22003	29164,32960,3291,5128,1717,11097,1831,24198,24727,19925
1	1681	14168	29164,32960,3291,5128,1717,11097,1831,24198,24727,19925
0	1681	26451	29164,32960,3291,5128,1717,11097,1831,24198,24727,19925,14168
0	1681	27919	29164,32960,3291,5128,1717,11097,1831,24198,24727,19925,14168
0	1681	28161	29164,32960,3291,5128,1717,11097,1831,24198,24727,19925,14168
1	1681	837	29164,32960,3291,5128,1717,11097,1831,24198,24727,19925,14168
1	1681	19933	29164,32960,3291,5128,1717,11097,1831,24198,24727,19925,14168,837
0	1681	28089	29164,32960,3291,5128,1717,11097,1831,24198,24727,19925,14168,837,19933
0	1681	28567	29164,32960,3291,5128,1717,11097,1831,24198,24727,19925,14168,837,19933
0	1681	28800	29164,32960,3291,5128,1717,11097,1831,24198,24727,19925,14168,837,19933
0	1681	29389	29164,32960,3291,5128,1717,11097,1831,24198,24727,19925,14168,837,19933
0	1681	28665	29164,32960,3291,5128,1717,11097,1831,24198,24727,19925,14168,837,19933
