0	1398	7780	0
0	1398	9793	0
1	1398	17792	0
0	1398	18821	17792
1	1398	16102	17792
1	1398	12960	17792,16102
1	1398	17944	17792,16102,12960
0	1398	8490	17792,16102,12960,17944
0	1398	14280	17792,16102,12960,17944
1	1398	16167	17792,16102,12960,17944
1	1398	18783	17792,16102,12960,17944,16167
0	1398	18841	17792,16102,12960,17944,16167,18783
1	1398	21232	17792,16102,12960,17944,16167,18783
0	1398	28893	17792,16102,12960,17944,16167,18783,21232
1	1398	30107	17792,16102,12960,17944,16167,18783,21232
1	1398	32673	17792,16102,12960,17944,16167,18783,21232,30107
0	1398	32906	17792,16102,12960,17944,16167,18783,21232,30107,32673
1	1398	8011	17792,16102,12960,17944,16167,18783,21232,30107,32673
1	1398	12400	17792,16102,12960,17944,16167,18783,21232,30107,32673,8011
1	1398	13712	17792,16102,12960,17944,16167,18783,21232,30107,32673,8011,12400
1	1398	16175	17792,16102,12960,17944,16167,18783,21232,30107,32673,8011,12400,13712
0	1398	18478	17792,16102,12960,17944,16167,18783,21232,30107,32673,8011,12400,13712,16175
1	1398	513	17792,16102,12960,17944,16167,18783,21232,30107,32673,8011,12400,13712,16175
1	1398	769	17792,16102,12960,17944,16167,18783,21232,30107,32673,8011,12400,13712,16175,513
1	1398	2424	17792,16102,12960,17944,16167,18783,21232,30107,32673,8011,12400,13712,16175,513,769
1	1398	3135	17792,16102,12960,17944,16167,18783,21232,30107,32673,8011,12400,13712,16175,513,769,2424
1	1398	4319	17792,16102,12960,17944,16167,18783,21232,30107,32673,8011,12400,13712,16175,513,769,2424,3135
1	1398	5537	17792,16102,12960,17944,16167,18783,21232,30107,32673,8011,12400,13712,16175,513,769,2424,3135,4319
1	1398	6530	17792,16102,12960,17944,16167,18783,21232,30107,32673,8011,12400,13712,16175,513,769,2424,3135,4319,5537
1	1398	7392	17792,16102,12960,17944,16167,18783,21232,30107,32673,8011,12400,13712,16175,513,769,2424,3135,4319,5537,6530
1	1398	9331	17792,16102,12960,17944,16167,18783,21232,30107,32673,8011,12400,13712,16175,513,769,2424,3135,4319,5537,6530,7392
1	1398	9968	17792,16102,12960,17944,16167,18783,21232,30107,32673,8011,12400,13712,16175,513,769,2424,3135,4319,5537,6530,7392,9331
1	1398	11388	17792,16102,12960,17944,16167,18783,21232,30107,32673,8011,12400,13712,16175,513,769,2424,3135,4319,5537,6530,7392,9331,9968
1	1398	11499	17792,16102,12960,17944,16167,18783,21232,30107,32673,8011,12400,13712,16175,513,769,2424,3135,4319,5537,6530,7392,9331,9968,11388
1	1398	11662	17792,16102,12960,17944,16167,18783,21232,30107,32673,8011,12400,13712,16175,513,769,2424,3135,4319,5537,6530,7392,9331,9968,11388,11499
0	1398	14616	17792,16102,12960,17944,16167,18783,21232,30107,32673,8011,12400,13712,16175,513,769,2424,3135,4319,5537,6530,7392,9331,9968,11388,11499,11662
0	1398	15870	17792,16102,12960,17944,16167,18783,21232,30107,32673,8011,12400,13712,16175,513,769,2424,3135,4319,5537,6530,7392,9331,9968,11388,11499,11662
1	1398	11330	17792,16102,12960,17944,16167,18783,21232,30107,32673,8011,12400,13712,16175,513,769,2424,3135,4319,5537,6530,7392,9331,9968,11388,11499,11662
1	1398	23143	17792,16102,12960,17944,16167,18783,21232,30107,32673,8011,12400,13712,16175,513,769,2424,3135,4319,5537,6530,7392,9331,9968,11388,11499,11662,11330
0	1398	9622	17792,16102,12960,17944,16167,18783,21232,30107,32673,8011,12400,13712,16175,513,769,2424,3135,4319,5537,6530,7392,9331,9968,11388,11499,11662,11330,23143
1	1398	16742	17792,16102,12960,17944,16167,18783,21232,30107,32673,8011,12400,13712,16175,513,769,2424,3135,4319,5537,6530,7392,9331,9968,11388,11499,11662,11330,23143
1	1398	16743	17792,16102,12960,17944,16167,18783,21232,30107,32673,8011,12400,13712,16175,513,769,2424,3135,4319,5537,6530,7392,9331,9968,11388,11499,11662,11330,23143,16742
1	1398	18102	17792,16102,12960,17944,16167,18783,21232,30107,32673,8011,12400,13712,16175,513,769,2424,3135,4319,5537,6530,7392,9331,9968,11388,11499,11662,11330,23143,16742,16743
1	1398	20828	17792,16102,12960,17944,16167,18783,21232,30107,32673,8011,12400,13712,16175,513,769,2424,3135,4319,5537,6530,7392,9331,9968,11388,11499,11662,11330,23143,16742,16743,18102
1	1398	22150	17792,16102,12960,17944,16167,18783,21232,30107,32673,8011,12400,13712,16175,513,769,2424,3135,4319,5537,6530,7392,9331,9968,11388,11499,11662,11330,23143,16742,16743,18102,20828
0	1398	26054	17792,16102,12960,17944,16167,18783,21232,30107,32673,8011,12400,13712,16175,513,769,2424,3135,4319,5537,6530,7392,9331,9968,11388,11499,11662,11330,23143,16742,16743,18102,20828,22150
1	1398	2737	17792,16102,12960,17944,16167,18783,21232,30107,32673,8011,12400,13712,16175,513,769,2424,3135,4319,5537,6530,7392,9331,9968,11388,11499,11662,11330,23143,16742,16743,18102,20828,22150
0	1398	9274	17792,16102,12960,17944,16167,18783,21232,30107,32673,8011,12400,13712,16175,513,769,2424,3135,4319,5537,6530,7392,9331,9968,11388,11499,11662,11330,23143,16742,16743,18102,20828,22150,2737
1	1398	22126	17792,16102,12960,17944,16167,18783,21232,30107,32673,8011,12400,13712,16175,513,769,2424,3135,4319,5537,6530,7392,9331,9968,11388,11499,11662,11330,23143,16742,16743,18102,20828,22150,2737
0	1398	23449	17792,16102,12960,17944,16167,18783,21232,30107,32673,8011,12400,13712,16175,513,769,2424,3135,4319,5537,6530,7392,9331,9968,11388,11499,11662,11330,23143,16742,16743,18102,20828,22150,2737,22126
0	1398	27444	17792,16102,12960,17944,16167,18783,21232,30107,32673,8011,12400,13712,16175,513,769,2424,3135,4319,5537,6530,7392,9331,9968,11388,11499,11662,11330,23143,16742,16743,18102,20828,22150,2737,22126
0	1398	32171	17792,16102,12960,17944,16167,18783,21232,30107,32673,8011,12400,13712,16175,513,769,2424,3135,4319,5537,6530,7392,9331,9968,11388,11499,11662,11330,23143,16742,16743,18102,20828,22150,2737,22126
1	1398	8432	17792,16102,12960,17944,16167,18783,21232,30107,32673,8011,12400,13712,16175,513,769,2424,3135,4319,5537,6530,7392,9331,9968,11388,11499,11662,11330,23143,16742,16743,18102,20828,22150,2737,22126
1	1398	26670	17792,16102,12960,17944,16167,18783,21232,30107,32673,8011,12400,13712,16175,513,769,2424,3135,4319,5537,6530,7392,9331,9968,11388,11499,11662,11330,23143,16742,16743,18102,20828,22150,2737,22126,8432
