0	338	8729	0
0	338	10712	0
0	338	10715	0
0	338	13763	0
0	338	7277	0
0	338	11720	0
1	338	18672	0
0	338	10092	18672
0	338	16292	18672
0	338	19274	18672
0	338	1947	18672
0	338	22356	18672
0	338	21179	18672
0	338	17132	18672
0	338	21182	18672
0	338	16758	18672
0	338	23417	18672
1	338	10946	18672
0	338	21392	18672,10946
0	338	16449	18672,10946
0	338	7051	18672,10946
1	338	23768	18672,10946
0	338	23453	18672,10946,23768
0	338	24762	18672,10946,23768
0	338	24749	18672,10946,23768
0	338	23449	18672,10946,23768
1	338	25114	18672,10946,23768
0	338	25658	18672,10946,23768,25114
0	338	25810	18672,10946,23768,25114
0	338	27151	18672,10946,23768,25114
0	338	27580	18672,10946,23768,25114
0	338	21840	18672,10946,23768,25114
0	338	16824	18672,10946,23768,25114
0	338	26578	18672,10946,23768,25114
0	338	27625	18672,10946,23768,25114
0	338	28280	18672,10946,23768,25114
0	338	25501	18672,10946,23768,25114
0	338	29692	18672,10946,23768,25114
1	338	31187	18672,10946,23768,25114
