0	657	12535	0
0	657	1895	0
0	657	22559	0
0	657	31324	0
1	657	6884	0
0	657	8662	6884
0	657	26434	6884
0	657	17641	6884
0	657	31017	6884
0	657	16697	6884
1	657	4	6884
0	657	32431	6884,4
0	657	30774	6884,4
0	657	31864	6884,4
1	657	810	6884,4
0	657	3360	6884,4,810
1	657	4235	6884,4,810
0	657	4588	6884,4,810,4235
0	657	1973	6884,4,810,4235
0	657	2651	6884,4,810,4235
1	657	507	6884,4,810,4235
1	657	6303	6884,4,810,4235,507
0	657	6155	6884,4,810,4235,507,6303
1	657	6333	6884,4,810,4235,507,6303
0	657	8527	6884,4,810,4235,507,6303,6333
0	657	8843	6884,4,810,4235,507,6303,6333
1	657	23958	6884,4,810,4235,507,6303,6333
0	657	11473	6884,4,810,4235,507,6303,6333,23958
0	657	11440	6884,4,810,4235,507,6303,6333,23958
1	657	11891	6884,4,810,4235,507,6303,6333,23958
0	657	10738	6884,4,810,4235,507,6303,6333,23958,11891
0	657	17387	6884,4,810,4235,507,6303,6333,23958,11891
0	657	14146	6884,4,810,4235,507,6303,6333,23958,11891
0	657	18156	6884,4,810,4235,507,6303,6333,23958,11891
0	657	9484	6884,4,810,4235,507,6303,6333,23958,11891
0	657	19805	6884,4,810,4235,507,6303,6333,23958,11891
0	657	16339	6884,4,810,4235,507,6303,6333,23958,11891
0	657	20053	6884,4,810,4235,507,6303,6333,23958,11891
0	657	15948	6884,4,810,4235,507,6303,6333,23958,11891
0	657	22747	6884,4,810,4235,507,6303,6333,23958,11891
1	657	19336	6884,4,810,4235,507,6303,6333,23958,11891
0	657	24490	6884,4,810,4235,507,6303,6333,23958,11891,19336
0	657	25524	6884,4,810,4235,507,6303,6333,23958,11891,19336
1	657	23716	6884,4,810,4235,507,6303,6333,23958,11891,19336
0	657	21225	6884,4,810,4235,507,6303,6333,23958,11891,19336,23716
0	657	23768	6884,4,810,4235,507,6303,6333,23958,11891,19336,23716
0	657	11507	6884,4,810,4235,507,6303,6333,23958,11891,19336,23716
0	657	26888	6884,4,810,4235,507,6303,6333,23958,11891,19336,23716
