1	674	16777	0
1	674	33094	16777
0	674	5523	16777,33094
0	674	5625	16777,33094
0	674	4231	16777,33094
1	674	3500	16777,33094
1	674	1793	16777,33094,3500
1	674	7491	16777,33094,3500,1793
1	674	8189	16777,33094,3500,1793,7491
1	674	8654	16777,33094,3500,1793,7491,8189
1	674	14062	16777,33094,3500,1793,7491,8189,8654
1	674	13220	16777,33094,3500,1793,7491,8189,8654,14062
0	674	15105	16777,33094,3500,1793,7491,8189,8654,14062,13220
0	674	13959	16777,33094,3500,1793,7491,8189,8654,14062,13220
0	674	3453	16777,33094,3500,1793,7491,8189,8654,14062,13220
0	674	13142	16777,33094,3500,1793,7491,8189,8654,14062,13220
0	674	19132	16777,33094,3500,1793,7491,8189,8654,14062,13220
0	674	19376	16777,33094,3500,1793,7491,8189,8654,14062,13220
1	674	16242	16777,33094,3500,1793,7491,8189,8654,14062,13220
0	674	21632	16777,33094,3500,1793,7491,8189,8654,14062,13220,16242
0	674	23337	16777,33094,3500,1793,7491,8189,8654,14062,13220,16242
0	674	23449	16777,33094,3500,1793,7491,8189,8654,14062,13220,16242
1	674	10315	16777,33094,3500,1793,7491,8189,8654,14062,13220,16242
1	674	11883	16777,33094,3500,1793,7491,8189,8654,14062,13220,16242,10315
1	674	26759	16777,33094,3500,1793,7491,8189,8654,14062,13220,16242,10315,11883
1	674	2152	16777,33094,3500,1793,7491,8189,8654,14062,13220,16242,10315,11883,26759
0	674	11237	16777,33094,3500,1793,7491,8189,8654,14062,13220,16242,10315,11883,26759,2152
0	674	26729	16777,33094,3500,1793,7491,8189,8654,14062,13220,16242,10315,11883,26759,2152
1	674	31123	16777,33094,3500,1793,7491,8189,8654,14062,13220,16242,10315,11883,26759,2152
1	674	23768	16777,33094,3500,1793,7491,8189,8654,14062,13220,16242,10315,11883,26759,2152,31123
0	674	27724	16777,33094,3500,1793,7491,8189,8654,14062,13220,16242,10315,11883,26759,2152,31123,23768
1	674	24372	16777,33094,3500,1793,7491,8189,8654,14062,13220,16242,10315,11883,26759,2152,31123,23768
1	674	837	16777,33094,3500,1793,7491,8189,8654,14062,13220,16242,10315,11883,26759,2152,31123,23768,24372
0	674	20444	16777,33094,3500,1793,7491,8189,8654,14062,13220,16242,10315,11883,26759,2152,31123,23768,24372,837
1	674	1505	16777,33094,3500,1793,7491,8189,8654,14062,13220,16242,10315,11883,26759,2152,31123,23768,24372,837
0	674	17875	16777,33094,3500,1793,7491,8189,8654,14062,13220,16242,10315,11883,26759,2152,31123,23768,24372,837,1505
0	674	27750	16777,33094,3500,1793,7491,8189,8654,14062,13220,16242,10315,11883,26759,2152,31123,23768,24372,837,1505
