0	1614	24633	0
1	1614	32059	0
1	1614	32673	32059
1	1614	3903	32059,32673
0	1614	2782	32059,32673,3903
0	1614	5177	32059,32673,3903
1	1614	4626	32059,32673,3903
1	1614	32454	32059,32673,3903,4626
0	1614	5203	32059,32673,3903,4626,32454
0	1614	4874	32059,32673,3903,4626,32454
0	1614	7041	32059,32673,3903,4626,32454
1	1614	7490	32059,32673,3903,4626,32454
1	1614	4008	32059,32673,3903,4626,32454,7490
0	1614	7787	32059,32673,3903,4626,32454,7490,4008
0	1614	7789	32059,32673,3903,4626,32454,7490,4008
1	1614	8724	32059,32673,3903,4626,32454,7490,4008
0	1614	6327	32059,32673,3903,4626,32454,7490,4008,8724
1	1614	8936	32059,32673,3903,4626,32454,7490,4008,8724
1	1614	9726	32059,32673,3903,4626,32454,7490,4008,8724,8936
1	1614	12041	32059,32673,3903,4626,32454,7490,4008,8724,8936,9726
0	1614	9905	32059,32673,3903,4626,32454,7490,4008,8724,8936,9726,12041
0	1614	8619	32059,32673,3903,4626,32454,7490,4008,8724,8936,9726,12041
1	1614	10684	32059,32673,3903,4626,32454,7490,4008,8724,8936,9726,12041
1	1614	13389	32059,32673,3903,4626,32454,7490,4008,8724,8936,9726,12041,10684
0	1614	15252	32059,32673,3903,4626,32454,7490,4008,8724,8936,9726,12041,10684,13389
1	1614	15811	32059,32673,3903,4626,32454,7490,4008,8724,8936,9726,12041,10684,13389
0	1614	17482	32059,32673,3903,4626,32454,7490,4008,8724,8936,9726,12041,10684,13389,15811
0	1614	17842	32059,32673,3903,4626,32454,7490,4008,8724,8936,9726,12041,10684,13389,15811
0	1614	17045	32059,32673,3903,4626,32454,7490,4008,8724,8936,9726,12041,10684,13389,15811
1	1614	18584	32059,32673,3903,4626,32454,7490,4008,8724,8936,9726,12041,10684,13389,15811
0	1614	17386	32059,32673,3903,4626,32454,7490,4008,8724,8936,9726,12041,10684,13389,15811,18584
1	1614	18943	32059,32673,3903,4626,32454,7490,4008,8724,8936,9726,12041,10684,13389,15811,18584
1	1614	18938	32059,32673,3903,4626,32454,7490,4008,8724,8936,9726,12041,10684,13389,15811,18584,18943
1	1614	19027	32059,32673,3903,4626,32454,7490,4008,8724,8936,9726,12041,10684,13389,15811,18584,18943,18938
1	1614	19251	32059,32673,3903,4626,32454,7490,4008,8724,8936,9726,12041,10684,13389,15811,18584,18943,18938,19027
1	1614	19400	32059,32673,3903,4626,32454,7490,4008,8724,8936,9726,12041,10684,13389,15811,18584,18943,18938,19027,19251
1	1614	19401	32059,32673,3903,4626,32454,7490,4008,8724,8936,9726,12041,10684,13389,15811,18584,18943,18938,19027,19251,19400
1	1614	20210	32059,32673,3903,4626,32454,7490,4008,8724,8936,9726,12041,10684,13389,15811,18584,18943,18938,19027,19251,19400,19401
1	1614	20212	32059,32673,3903,4626,32454,7490,4008,8724,8936,9726,12041,10684,13389,15811,18584,18943,18938,19027,19251,19400,19401,20210
0	1614	21954	32059,32673,3903,4626,32454,7490,4008,8724,8936,9726,12041,10684,13389,15811,18584,18943,18938,19027,19251,19400,19401,20210,20212
1	1614	22358	32059,32673,3903,4626,32454,7490,4008,8724,8936,9726,12041,10684,13389,15811,18584,18943,18938,19027,19251,19400,19401,20210,20212
1	1614	17132	32059,32673,3903,4626,32454,7490,4008,8724,8936,9726,12041,10684,13389,15811,18584,18943,18938,19027,19251,19400,19401,20210,20212,22358
1	1614	19558	32059,32673,3903,4626,32454,7490,4008,8724,8936,9726,12041,10684,13389,15811,18584,18943,18938,19027,19251,19400,19401,20210,20212,22358,17132
1	1614	19895	32059,32673,3903,4626,32454,7490,4008,8724,8936,9726,12041,10684,13389,15811,18584,18943,18938,19027,19251,19400,19401,20210,20212,22358,17132,19558
1	1614	22493	32059,32673,3903,4626,32454,7490,4008,8724,8936,9726,12041,10684,13389,15811,18584,18943,18938,19027,19251,19400,19401,20210,20212,22358,17132,19558,19895
0	1614	23206	32059,32673,3903,4626,32454,7490,4008,8724,8936,9726,12041,10684,13389,15811,18584,18943,18938,19027,19251,19400,19401,20210,20212,22358,17132,19558,19895,22493
0	1614	16808	32059,32673,3903,4626,32454,7490,4008,8724,8936,9726,12041,10684,13389,15811,18584,18943,18938,19027,19251,19400,19401,20210,20212,22358,17132,19558,19895,22493
0	1614	21176	32059,32673,3903,4626,32454,7490,4008,8724,8936,9726,12041,10684,13389,15811,18584,18943,18938,19027,19251,19400,19401,20210,20212,22358,17132,19558,19895,22493
1	1614	24181	32059,32673,3903,4626,32454,7490,4008,8724,8936,9726,12041,10684,13389,15811,18584,18943,18938,19027,19251,19400,19401,20210,20212,22358,17132,19558,19895,22493
1	1614	23229	32059,32673,3903,4626,32454,7490,4008,8724,8936,9726,12041,10684,13389,15811,18584,18943,18938,19027,19251,19400,19401,20210,20212,22358,17132,19558,19895,22493,24181
1	1614	24215	32059,32673,3903,4626,32454,7490,4008,8724,8936,9726,12041,10684,13389,15811,18584,18943,18938,19027,19251,19400,19401,20210,20212,22358,17132,19558,19895,22493,24181,23229
1	1614	25030	32059,32673,3903,4626,32454,7490,4008,8724,8936,9726,12041,10684,13389,15811,18584,18943,18938,19027,19251,19400,19401,20210,20212,22358,17132,19558,19895,22493,24181,23229,24215
0	1614	17993	32059,32673,3903,4626,32454,7490,4008,8724,8936,9726,12041,10684,13389,15811,18584,18943,18938,19027,19251,19400,19401,20210,20212,22358,17132,19558,19895,22493,24181,23229,24215,25030
1	1614	21437	32059,32673,3903,4626,32454,7490,4008,8724,8936,9726,12041,10684,13389,15811,18584,18943,18938,19027,19251,19400,19401,20210,20212,22358,17132,19558,19895,22493,24181,23229,24215,25030
1	1614	19109	32059,32673,3903,4626,32454,7490,4008,8724,8936,9726,12041,10684,13389,15811,18584,18943,18938,19027,19251,19400,19401,20210,20212,22358,17132,19558,19895,22493,24181,23229,24215,25030,21437
0	1614	22283	32059,32673,3903,4626,32454,7490,4008,8724,8936,9726,12041,10684,13389,15811,18584,18943,18938,19027,19251,19400,19401,20210,20212,22358,17132,19558,19895,22493,24181,23229,24215,25030,21437,19109
1	1614	25337	32059,32673,3903,4626,32454,7490,4008,8724,8936,9726,12041,10684,13389,15811,18584,18943,18938,19027,19251,19400,19401,20210,20212,22358,17132,19558,19895,22493,24181,23229,24215,25030,21437,19109
1	1614	27746	32059,32673,3903,4626,32454,7490,4008,8724,8936,9726,12041,10684,13389,15811,18584,18943,18938,19027,19251,19400,19401,20210,20212,22358,17132,19558,19895,22493,24181,23229,24215,25030,21437,19109,25337
0	1614	28882	32059,32673,3903,4626,32454,7490,4008,8724,8936,9726,12041,10684,13389,15811,18584,18943,18938,19027,19251,19400,19401,20210,20212,22358,17132,19558,19895,22493,24181,23229,24215,25030,21437,19109,25337,27746
