0	1697	529	0
0	1697	516	0
0	1697	3180	0
0	1697	3964	0
0	1697	4495	0
0	1697	4854	0
0	1697	2108	0
0	1697	10571	0
1	1697	12899	0
1	1697	7964	12899
0	1697	10737	12899,7964
0	1697	8575	12899,7964
0	1697	25111	12899,7964
0	1697	17282	12899,7964
1	1697	9705	12899,7964
0	1697	16629	12899,7964,9705
1	1697	19176	12899,7964,9705
0	1697	18937	12899,7964,9705,19176
0	1697	19238	12899,7964,9705,19176
0	1697	20211	12899,7964,9705,19176
0	1697	21525	12899,7964,9705,19176
1	1697	22109	12899,7964,9705,19176
0	1697	17680	12899,7964,9705,19176,22109
1	1697	15790	12899,7964,9705,19176,22109
0	1697	8246	12899,7964,9705,19176,22109,15790
1	1697	3665	12899,7964,9705,19176,22109,15790
0	1697	19663	12899,7964,9705,19176,22109,15790,3665
0	1697	27770	12899,7964,9705,19176,22109,15790,3665
0	1697	21690	12899,7964,9705,19176,22109,15790,3665
0	1697	25825	12899,7964,9705,19176,22109,15790,3665
0	1697	27227	12899,7964,9705,19176,22109,15790,3665
0	1697	28035	12899,7964,9705,19176,22109,15790,3665
