1	875	3759	0
1	875	1871	3759
1	875	5210	3759,1871
1	875	1718	3759,1871,5210
0	875	7176	3759,1871,5210,1718
1	875	6361	3759,1871,5210,1718
1	875	9716	3759,1871,5210,1718,6361
0	875	5427	3759,1871,5210,1718,6361,9716
0	875	5456	3759,1871,5210,1718,6361,9716
1	875	7939	3759,1871,5210,1718,6361,9716
1	875	6434	3759,1871,5210,1718,6361,9716,7939
1	875	4019	3759,1871,5210,1718,6361,9716,7939,6434
1	875	5353	3759,1871,5210,1718,6361,9716,7939,6434,4019
0	875	2634	3759,1871,5210,1718,6361,9716,7939,6434,4019,5353
0	875	3357	3759,1871,5210,1718,6361,9716,7939,6434,4019,5353
0	875	12424	3759,1871,5210,1718,6361,9716,7939,6434,4019,5353
1	875	11221	3759,1871,5210,1718,6361,9716,7939,6434,4019,5353
1	875	1626	3759,1871,5210,1718,6361,9716,7939,6434,4019,5353,11221
0	875	12651	3759,1871,5210,1718,6361,9716,7939,6434,4019,5353,11221,1626
1	875	23018	3759,1871,5210,1718,6361,9716,7939,6434,4019,5353,11221,1626
0	875	11851	3759,1871,5210,1718,6361,9716,7939,6434,4019,5353,11221,1626,23018
0	875	12130	3759,1871,5210,1718,6361,9716,7939,6434,4019,5353,11221,1626,23018
1	875	12182	3759,1871,5210,1718,6361,9716,7939,6434,4019,5353,11221,1626,23018
0	875	12878	3759,1871,5210,1718,6361,9716,7939,6434,4019,5353,11221,1626,23018,12182
0	875	3946	3759,1871,5210,1718,6361,9716,7939,6434,4019,5353,11221,1626,23018,12182
1	875	31715	3759,1871,5210,1718,6361,9716,7939,6434,4019,5353,11221,1626,23018,12182
1	875	15459	3759,1871,5210,1718,6361,9716,7939,6434,4019,5353,11221,1626,23018,12182,31715
1	875	5264	3759,1871,5210,1718,6361,9716,7939,6434,4019,5353,11221,1626,23018,12182,31715,15459
1	875	12525	3759,1871,5210,1718,6361,9716,7939,6434,4019,5353,11221,1626,23018,12182,31715,15459,5264
0	875	5212	3759,1871,5210,1718,6361,9716,7939,6434,4019,5353,11221,1626,23018,12182,31715,15459,5264,12525
0	875	20229	3759,1871,5210,1718,6361,9716,7939,6434,4019,5353,11221,1626,23018,12182,31715,15459,5264,12525
1	875	3820	3759,1871,5210,1718,6361,9716,7939,6434,4019,5353,11221,1626,23018,12182,31715,15459,5264,12525
1	875	10862	3759,1871,5210,1718,6361,9716,7939,6434,4019,5353,11221,1626,23018,12182,31715,15459,5264,12525,3820
1	875	12907	3759,1871,5210,1718,6361,9716,7939,6434,4019,5353,11221,1626,23018,12182,31715,15459,5264,12525,3820,10862
1	875	13794	3759,1871,5210,1718,6361,9716,7939,6434,4019,5353,11221,1626,23018,12182,31715,15459,5264,12525,3820,10862,12907
1	875	19225	3759,1871,5210,1718,6361,9716,7939,6434,4019,5353,11221,1626,23018,12182,31715,15459,5264,12525,3820,10862,12907,13794
1	875	6115	3759,1871,5210,1718,6361,9716,7939,6434,4019,5353,11221,1626,23018,12182,31715,15459,5264,12525,3820,10862,12907,13794,19225
1	875	25568	3759,1871,5210,1718,6361,9716,7939,6434,4019,5353,11221,1626,23018,12182,31715,15459,5264,12525,3820,10862,12907,13794,19225,6115
0	875	27444	3759,1871,5210,1718,6361,9716,7939,6434,4019,5353,11221,1626,23018,12182,31715,15459,5264,12525,3820,10862,12907,13794,19225,6115,25568
0	875	3731	3759,1871,5210,1718,6361,9716,7939,6434,4019,5353,11221,1626,23018,12182,31715,15459,5264,12525,3820,10862,12907,13794,19225,6115,25568
1	875	4374	3759,1871,5210,1718,6361,9716,7939,6434,4019,5353,11221,1626,23018,12182,31715,15459,5264,12525,3820,10862,12907,13794,19225,6115,25568
0	875	28115	3759,1871,5210,1718,6361,9716,7939,6434,4019,5353,11221,1626,23018,12182,31715,15459,5264,12525,3820,10862,12907,13794,19225,6115,25568,4374
1	875	16934	3759,1871,5210,1718,6361,9716,7939,6434,4019,5353,11221,1626,23018,12182,31715,15459,5264,12525,3820,10862,12907,13794,19225,6115,25568,4374
