1	136	11671	0
0	136	1065	11671
1	136	10442	11671
1	136	11653	11671,10442
0	136	14437	11671,10442,11653
0	136	19389	11671,10442,11653
0	136	20879	11671,10442,11653
1	136	20990	11671,10442,11653
1	136	21928	11671,10442,11653,20990
0	136	26010	11671,10442,11653,20990,21928
1	136	28780	11671,10442,11653,20990,21928
0	136	29384	11671,10442,11653,20990,21928,28780
0	136	20536	11671,10442,11653,20990,21928,28780
0	136	31262	11671,10442,11653,20990,21928,28780
0	136	6556	11671,10442,11653,20990,21928,28780
1	136	6690	11671,10442,11653,20990,21928,28780
0	136	30807	11671,10442,11653,20990,21928,28780,6690
0	136	32960	11671,10442,11653,20990,21928,28780,6690
0	136	959	11671,10442,11653,20990,21928,28780,6690
0	136	4752	11671,10442,11653,20990,21928,28780,6690
0	136	5442	11671,10442,11653,20990,21928,28780,6690
0	136	13055	11671,10442,11653,20990,21928,28780,6690
1	136	17545	11671,10442,11653,20990,21928,28780,6690
0	136	19883	11671,10442,11653,20990,21928,28780,6690,17545
0	136	21833	11671,10442,11653,20990,21928,28780,6690,17545
0	136	23307	11671,10442,11653,20990,21928,28780,6690,17545
1	136	23443	11671,10442,11653,20990,21928,28780,6690,17545
0	136	28872	11671,10442,11653,20990,21928,28780,6690,17545,23443
1	136	29278	11671,10442,11653,20990,21928,28780,6690,17545,23443
0	136	20868	11671,10442,11653,20990,21928,28780,6690,17545,23443,29278
0	136	20873	11671,10442,11653,20990,21928,28780,6690,17545,23443,29278
0	136	3196	11671,10442,11653,20990,21928,28780,6690,17545,23443,29278
0	136	13551	11671,10442,11653,20990,21928,28780,6690,17545,23443,29278
1	136	13554	11671,10442,11653,20990,21928,28780,6690,17545,23443,29278
0	136	27611	11671,10442,11653,20990,21928,28780,6690,17545,23443,29278,13554
1	136	27762	11671,10442,11653,20990,21928,28780,6690,17545,23443,29278,13554
0	136	25138	11671,10442,11653,20990,21928,28780,6690,17545,23443,29278,13554,27762
0	136	13254	11671,10442,11653,20990,21928,28780,6690,17545,23443,29278,13554,27762
0	136	32363	11671,10442,11653,20990,21928,28780,6690,17545,23443,29278,13554,27762
0	136	12408	11671,10442,11653,20990,21928,28780,6690,17545,23443,29278,13554,27762
0	136	15957	11671,10442,11653,20990,21928,28780,6690,17545,23443,29278,13554,27762
0	136	21733	11671,10442,11653,20990,21928,28780,6690,17545,23443,29278,13554,27762
0	136	23011	11671,10442,11653,20990,21928,28780,6690,17545,23443,29278,13554,27762
0	136	23794	11671,10442,11653,20990,21928,28780,6690,17545,23443,29278,13554,27762
