1	1049	6682	0
1	1049	570	6682
1	1049	917	6682,570
1	1049	1743	6682,570,917
1	1049	442	6682,570,917,1743
0	1049	1622	6682,570,917,1743,442
0	1049	4380	6682,570,917,1743,442
1	1049	5403	6682,570,917,1743,442
1	1049	2130	6682,570,917,1743,442,5403
1	1049	5405	6682,570,917,1743,442,5403,2130
1	1049	124	6682,570,917,1743,442,5403,2130,5405
1	1049	4694	6682,570,917,1743,442,5403,2130,5405,124
1	1049	32963	6682,570,917,1743,442,5403,2130,5405,124,4694
1	1049	7280	6682,570,917,1743,442,5403,2130,5405,124,4694,32963
0	1049	1898	6682,570,917,1743,442,5403,2130,5405,124,4694,32963,7280
1	1049	10541	6682,570,917,1743,442,5403,2130,5405,124,4694,32963,7280
1	1049	11179	6682,570,917,1743,442,5403,2130,5405,124,4694,32963,7280,10541
0	1049	10540	6682,570,917,1743,442,5403,2130,5405,124,4694,32963,7280,10541,11179
0	1049	9936	6682,570,917,1743,442,5403,2130,5405,124,4694,32963,7280,10541,11179
1	1049	12320	6682,570,917,1743,442,5403,2130,5405,124,4694,32963,7280,10541,11179
0	1049	14181	6682,570,917,1743,442,5403,2130,5405,124,4694,32963,7280,10541,11179,12320
1	1049	16946	6682,570,917,1743,442,5403,2130,5405,124,4694,32963,7280,10541,11179,12320
0	1049	18324	6682,570,917,1743,442,5403,2130,5405,124,4694,32963,7280,10541,11179,12320,16946
0	1049	15615	6682,570,917,1743,442,5403,2130,5405,124,4694,32963,7280,10541,11179,12320,16946
0	1049	19464	6682,570,917,1743,442,5403,2130,5405,124,4694,32963,7280,10541,11179,12320,16946
1	1049	19703	6682,570,917,1743,442,5403,2130,5405,124,4694,32963,7280,10541,11179,12320,16946
0	1049	19642	6682,570,917,1743,442,5403,2130,5405,124,4694,32963,7280,10541,11179,12320,16946,19703
0	1049	22233	6682,570,917,1743,442,5403,2130,5405,124,4694,32963,7280,10541,11179,12320,16946,19703
1	1049	20966	6682,570,917,1743,442,5403,2130,5405,124,4694,32963,7280,10541,11179,12320,16946,19703
0	1049	21268	6682,570,917,1743,442,5403,2130,5405,124,4694,32963,7280,10541,11179,12320,16946,19703,20966
1	1049	19615	6682,570,917,1743,442,5403,2130,5405,124,4694,32963,7280,10541,11179,12320,16946,19703,20966
1	1049	25030	6682,570,917,1743,442,5403,2130,5405,124,4694,32963,7280,10541,11179,12320,16946,19703,20966,19615
0	1049	25996	6682,570,917,1743,442,5403,2130,5405,124,4694,32963,7280,10541,11179,12320,16946,19703,20966,19615,25030
1	1049	27235	6682,570,917,1743,442,5403,2130,5405,124,4694,32963,7280,10541,11179,12320,16946,19703,20966,19615,25030
1	1049	26705	6682,570,917,1743,442,5403,2130,5405,124,4694,32963,7280,10541,11179,12320,16946,19703,20966,19615,25030,27235
0	1049	28902	6682,570,917,1743,442,5403,2130,5405,124,4694,32963,7280,10541,11179,12320,16946,19703,20966,19615,25030,27235,26705
1	1049	28882	6682,570,917,1743,442,5403,2130,5405,124,4694,32963,7280,10541,11179,12320,16946,19703,20966,19615,25030,27235,26705
0	1049	21578	6682,570,917,1743,442,5403,2130,5405,124,4694,32963,7280,10541,11179,12320,16946,19703,20966,19615,25030,27235,26705,28882
