1	1525	3040	0
1	1525	5719	3040
1	1525	4450	3040,5719
1	1525	5732	3040,5719,4450
1	1525	7491	3040,5719,4450,5732
0	1525	7490	3040,5719,4450,5732,7491
1	1525	8340	3040,5719,4450,5732,7491
1	1525	8843	3040,5719,4450,5732,7491,8340
0	1525	9694	3040,5719,4450,5732,7491,8340,8843
1	1525	13526	3040,5719,4450,5732,7491,8340,8843
0	1525	11411	3040,5719,4450,5732,7491,8340,8843,13526
1	1525	16486	3040,5719,4450,5732,7491,8340,8843,13526
0	1525	14347	3040,5719,4450,5732,7491,8340,8843,13526,16486
0	1525	10173	3040,5719,4450,5732,7491,8340,8843,13526,16486
0	1525	17132	3040,5719,4450,5732,7491,8340,8843,13526,16486
1	1525	18671	3040,5719,4450,5732,7491,8340,8843,13526,16486
1	1525	13652	3040,5719,4450,5732,7491,8340,8843,13526,16486,18671
0	1525	10763	3040,5719,4450,5732,7491,8340,8843,13526,16486,18671,13652
1	1525	19895	3040,5719,4450,5732,7491,8340,8843,13526,16486,18671,13652
0	1525	20591	3040,5719,4450,5732,7491,8340,8843,13526,16486,18671,13652,19895
1	1525	20335	3040,5719,4450,5732,7491,8340,8843,13526,16486,18671,13652,19895
0	1525	18933	3040,5719,4450,5732,7491,8340,8843,13526,16486,18671,13652,19895,20335
1	1525	17659	3040,5719,4450,5732,7491,8340,8843,13526,16486,18671,13652,19895,20335
1	1525	19315	3040,5719,4450,5732,7491,8340,8843,13526,16486,18671,13652,19895,20335,17659
0	1525	21363	3040,5719,4450,5732,7491,8340,8843,13526,16486,18671,13652,19895,20335,17659,19315
0	1525	23644	3040,5719,4450,5732,7491,8340,8843,13526,16486,18671,13652,19895,20335,17659,19315
1	1525	22111	3040,5719,4450,5732,7491,8340,8843,13526,16486,18671,13652,19895,20335,17659,19315
1	1525	24563	3040,5719,4450,5732,7491,8340,8843,13526,16486,18671,13652,19895,20335,17659,19315,22111
1	1525	15615	3040,5719,4450,5732,7491,8340,8843,13526,16486,18671,13652,19895,20335,17659,19315,22111,24563
1	1525	23467	3040,5719,4450,5732,7491,8340,8843,13526,16486,18671,13652,19895,20335,17659,19315,22111,24563,15615
0	1525	16426	3040,5719,4450,5732,7491,8340,8843,13526,16486,18671,13652,19895,20335,17659,19315,22111,24563,15615,23467
1	1525	26163	3040,5719,4450,5732,7491,8340,8843,13526,16486,18671,13652,19895,20335,17659,19315,22111,24563,15615,23467
0	1525	26764	3040,5719,4450,5732,7491,8340,8843,13526,16486,18671,13652,19895,20335,17659,19315,22111,24563,15615,23467,26163
0	1525	26970	3040,5719,4450,5732,7491,8340,8843,13526,16486,18671,13652,19895,20335,17659,19315,22111,24563,15615,23467,26163
1	1525	27956	3040,5719,4450,5732,7491,8340,8843,13526,16486,18671,13652,19895,20335,17659,19315,22111,24563,15615,23467,26163
0	1525	28879	3040,5719,4450,5732,7491,8340,8843,13526,16486,18671,13652,19895,20335,17659,19315,22111,24563,15615,23467,26163,27956
1	1525	28973	3040,5719,4450,5732,7491,8340,8843,13526,16486,18671,13652,19895,20335,17659,19315,22111,24563,15615,23467,26163,27956
0	1525	27895	3040,5719,4450,5732,7491,8340,8843,13526,16486,18671,13652,19895,20335,17659,19315,22111,24563,15615,23467,26163,27956,28973
1	1525	11519	3040,5719,4450,5732,7491,8340,8843,13526,16486,18671,13652,19895,20335,17659,19315,22111,24563,15615,23467,26163,27956,28973,29385,30545,30308
