0	741	14693	0
0	741	4633	0
1	741	5975	0
0	741	23537	5975
0	741	4827	5975
0	741	4637	5975
1	741	5410	5975
0	741	12604	5975,5410
1	741	2077	5975,5410
1	741	14822	5975,5410,2077
1	741	11314	5975,5410,2077,14822
0	741	11576	5975,5410,2077,14822,11314
1	741	11194	5975,5410,2077,14822,11314
1	741	10978	5975,5410,2077,14822,11314,11194
0	741	11637	5975,5410,2077,14822,11314,11194,10978
1	741	21340	5975,5410,2077,14822,11314,11194,10978
0	741	12813	5975,5410,2077,14822,11314,11194,10978,21340
0	741	8486	5975,5410,2077,14822,11314,11194,10978,21340
0	741	17872	5975,5410,2077,14822,11314,11194,10978,21340
1	741	12699	5975,5410,2077,14822,11314,11194,10978,21340
1	741	18936	5975,5410,2077,14822,11314,11194,10978,21340,12699
1	741	21841	5975,5410,2077,14822,11314,11194,10978,21340,12699,18936
1	741	6733	5975,5410,2077,14822,11314,11194,10978,21340,12699,18936,21841
1	741	8739	5975,5410,2077,14822,11314,11194,10978,21340,12699,18936,21841,6733
1	741	15913	5975,5410,2077,14822,11314,11194,10978,21340,12699,18936,21841,6733,8739
1	741	20823	5975,5410,2077,14822,11314,11194,10978,21340,12699,18936,21841,6733,8739,15913
1	741	26046	5975,5410,2077,14822,11314,11194,10978,21340,12699,18936,21841,6733,8739,15913,20823
0	741	32201	5975,5410,2077,14822,11314,11194,10978,21340,12699,18936,21841,6733,8739,15913,20823,26046
1	741	837	5975,5410,2077,14822,11314,11194,10978,21340,12699,18936,21841,6733,8739,15913,20823,26046
1	741	7285	5975,5410,2077,14822,11314,11194,10978,21340,12699,18936,21841,6733,8739,15913,20823,26046,837
0	741	15635	5975,5410,2077,14822,11314,11194,10978,21340,12699,18936,21841,6733,8739,15913,20823,26046,837,7285
1	741	25815	5975,5410,2077,14822,11314,11194,10978,21340,12699,18936,21841,6733,8739,15913,20823,26046,837,7285
1	741	6667	5975,5410,2077,14822,11314,11194,10978,21340,12699,18936,21841,6733,8739,15913,20823,26046,837,7285,25815
0	741	14380	5975,5410,2077,14822,11314,11194,10978,21340,12699,18936,21841,6733,8739,15913,20823,26046,837,7285,25815,6667
1	741	12562	5975,5410,2077,14822,11314,11194,10978,21340,12699,18936,21841,6733,8739,15913,20823,26046,837,7285,25815,6667
1	741	24282	5975,5410,2077,14822,11314,11194,10978,21340,12699,18936,21841,6733,8739,15913,20823,26046,837,7285,25815,6667,12562
1	741	26658	5975,5410,2077,14822,11314,11194,10978,21340,12699,18936,21841,6733,8739,15913,20823,26046,837,7285,25815,6667,12562,24282
