1	1326	3503	0
1	1326	4412	3503
0	1326	3774	3503,4412
1	1326	6303	3503,4412
0	1326	6895	3503,4412,6303
0	1326	6960	3503,4412,6303
1	1326	13326	3503,4412,6303
0	1326	1008	3503,4412,6303,13326
0	1326	10737	3503,4412,6303,13326
1	1326	16222	3503,4412,6303,13326
1	1326	9703	3503,4412,6303,13326,16222
1	1326	18584	3503,4412,6303,13326,16222,9703
1	1326	17059	3503,4412,6303,13326,16222,9703,18584
1	1326	23491	3503,4412,6303,13326,16222,9703,18584,17059
0	1326	25093	3503,4412,6303,13326,16222,9703,18584,17059,23491
1	1326	23449	3503,4412,6303,13326,16222,9703,18584,17059,23491
1	1326	26759	3503,4412,6303,13326,16222,9703,18584,17059,23491,23449
1	1326	23453	3503,4412,6303,13326,16222,9703,18584,17059,23491,23449,26759
1	1326	25658	3503,4412,6303,13326,16222,9703,18584,17059,23491,23449,26759,23453
1	1326	25659	3503,4412,6303,13326,16222,9703,18584,17059,23491,23449,26759,23453,25658
0	1326	27395	3503,4412,6303,13326,16222,9703,18584,17059,23491,23449,26759,23453,25658,25659
0	1326	24048	3503,4412,6303,13326,16222,9703,18584,17059,23491,23449,26759,23453,25658,25659
0	1326	24921	3503,4412,6303,13326,16222,9703,18584,17059,23491,23449,26759,23453,25658,25659
0	1326	14497	3503,4412,6303,13326,16222,9703,18584,17059,23491,23449,26759,23453,25658,25659
0	1326	28543	3503,4412,6303,13326,16222,9703,18584,17059,23491,23449,26759,23453,25658,25659
0	1326	24634	3503,4412,6303,13326,16222,9703,18584,17059,23491,23449,26759,23453,25658,25659
0	1326	26781	3503,4412,6303,13326,16222,9703,18584,17059,23491,23449,26759,23453,25658,25659
0	1326	12654	3503,4412,6303,13326,16222,9703,18584,17059,23491,23449,26759,23453,25658,25659
1	1326	13105	3503,4412,6303,13326,16222,9703,18584,17059,23491,23449,26759,23453,25658,25659
1	1326	19448	3503,4412,6303,13326,16222,9703,18584,17059,23491,23449,26759,23453,25658,25659,13105
