1	38	15968	0
0	38	14056	15968
0	38	18569	15968
0	38	20105	15968
0	38	18843	15968
0	38	19804	15968
1	38	32835	15968
1	38	9970	15968,32835
1	38	23491	15968,32835,9970
0	38	24400	15968,32835,9970,23491
0	38	21162	15968,32835,9970,23491
1	38	20595	15968,32835,9970,23491
1	38	10914	15968,32835,9970,23491,20595
0	38	23675	15968,32835,9970,23491,20595,10914
0	38	24628	15968,32835,9970,23491,20595,10914
0	38	19443	15968,32835,9970,23491,20595,10914
0	38	22468	15968,32835,9970,23491,20595,10914
0	38	26749	15968,32835,9970,23491,20595,10914
1	38	23535	15968,32835,9970,23491,20595,10914
0	38	26777	15968,32835,9970,23491,20595,10914,23535
0	38	27378	15968,32835,9970,23491,20595,10914,23535
0	38	27720	15968,32835,9970,23491,20595,10914,23535
1	38	28173	15968,32835,9970,23491,20595,10914,23535
1	38	28443	15968,32835,9970,23491,20595,10914,23535,28173
1	38	10993	15968,32835,9970,23491,20595,10914,23535,28173,28443
1	38	28988	15968,32835,9970,23491,20595,10914,23535,28173,28443,10993
1	38	19709	15968,32835,9970,23491,20595,10914,23535,28173,28443,10993,28988
1	38	18936	15968,32835,9970,23491,20595,10914,23535,28173,28443,10993,28988,19709
0	38	23462	15968,32835,9970,23491,20595,10914,23535,28173,28443,10993,28988,19709,18936
0	38	29508	15968,32835,9970,23491,20595,10914,23535,28173,28443,10993,28988,19709,18936
1	38	15830	15968,32835,9970,23491,20595,10914,23535,28173,28443,10993,28988,19709,18936
1	38	29229	15968,32835,9970,23491,20595,10914,23535,28173,28443,10993,28988,19709,18936,15830
0	38	29575	15968,32835,9970,23491,20595,10914,23535,28173,28443,10993,28988,19709,18936,15830,29229
