1	699	13177	0
1	699	14276	13177
1	699	1938	13177,14276
1	699	1981	13177,14276,1938
1	699	6054	13177,14276,1938,1981
1	699	4134	13177,14276,1938,1981,6054
1	699	18048	13177,14276,1938,1981,6054,4134
1	699	18821	13177,14276,1938,1981,6054,4134,18048
1	699	2323	13177,14276,1938,1981,6054,4134,18048,18821
1	699	11842	13177,14276,1938,1981,6054,4134,18048,18821,2323
1	699	16085	13177,14276,1938,1981,6054,4134,18048,18821,2323,11842
1	699	19138	13177,14276,1938,1981,6054,4134,18048,18821,2323,11842,16085
1	699	10811	13177,14276,1938,1981,6054,4134,18048,18821,2323,11842,16085,19138
1	699	31318	13177,14276,1938,1981,6054,4134,18048,18821,2323,11842,16085,19138,10811
1	699	12080	13177,14276,1938,1981,6054,4134,18048,18821,2323,11842,16085,19138,10811,31318
1	699	13639	13177,14276,1938,1981,6054,4134,18048,18821,2323,11842,16085,19138,10811,31318,12080
1	699	15723	13177,14276,1938,1981,6054,4134,18048,18821,2323,11842,16085,19138,10811,31318,12080,13639
1	699	22019	13177,14276,1938,1981,6054,4134,18048,18821,2323,11842,16085,19138,10811,31318,12080,13639,15723
1	699	5170	13177,14276,1938,1981,6054,4134,18048,18821,2323,11842,16085,19138,10811,31318,12080,13639,15723,22019
1	699	12708	13177,14276,1938,1981,6054,4134,18048,18821,2323,11842,16085,19138,10811,31318,12080,13639,15723,22019,5170
1	699	14595	13177,14276,1938,1981,6054,4134,18048,18821,2323,11842,16085,19138,10811,31318,12080,13639,15723,22019,5170,12708
1	699	20982	13177,14276,1938,1981,6054,4134,18048,18821,2323,11842,16085,19138,10811,31318,12080,13639,15723,22019,5170,12708,14595
1	699	22374	13177,14276,1938,1981,6054,4134,18048,18821,2323,11842,16085,19138,10811,31318,12080,13639,15723,22019,5170,12708,14595,20982
1	699	22982	13177,14276,1938,1981,6054,4134,18048,18821,2323,11842,16085,19138,10811,31318,12080,13639,15723,22019,5170,12708,14595,20982,22374
1	699	25107	13177,14276,1938,1981,6054,4134,18048,18821,2323,11842,16085,19138,10811,31318,12080,13639,15723,22019,5170,12708,14595,20982,22374,22982
1	699	6889	13177,14276,1938,1981,6054,4134,18048,18821,2323,11842,16085,19138,10811,31318,12080,13639,15723,22019,5170,12708,14595,20982,22374,22982,25107
1	699	7613	13177,14276,1938,1981,6054,4134,18048,18821,2323,11842,16085,19138,10811,31318,12080,13639,15723,22019,5170,12708,14595,20982,22374,22982,25107,6889
1	699	8360	13177,14276,1938,1981,6054,4134,18048,18821,2323,11842,16085,19138,10811,31318,12080,13639,15723,22019,5170,12708,14595,20982,22374,22982,25107,6889,7613
1	699	16174	13177,14276,1938,1981,6054,4134,18048,18821,2323,11842,16085,19138,10811,31318,12080,13639,15723,22019,5170,12708,14595,20982,22374,22982,25107,6889,7613,8360
1	699	17419	13177,14276,1938,1981,6054,4134,18048,18821,2323,11842,16085,19138,10811,31318,12080,13639,15723,22019,5170,12708,14595,20982,22374,22982,25107,6889,7613,8360,16174
1	699	26780	13177,14276,1938,1981,6054,4134,18048,18821,2323,11842,16085,19138,10811,31318,12080,13639,15723,22019,5170,12708,14595,20982,22374,22982,25107,6889,7613,8360,16174,17419
1	699	15102	13177,14276,1938,1981,6054,4134,18048,18821,2323,11842,16085,19138,10811,31318,12080,13639,15723,22019,5170,12708,14595,20982,22374,22982,25107,6889,7613,8360,16174,17419,26780
0	699	25240	13177,14276,1938,1981,6054,4134,18048,18821,2323,11842,16085,19138,10811,31318,12080,13639,15723,22019,5170,12708,14595,20982,22374,22982,25107,6889,7613,8360,16174,17419,26780,15102
1	699	2790	13177,14276,1938,1981,6054,4134,18048,18821,2323,11842,16085,19138,10811,31318,12080,13639,15723,22019,5170,12708,14595,20982,22374,22982,25107,6889,7613,8360,16174,17419,26780,15102
1	699	10537	13177,14276,1938,1981,6054,4134,18048,18821,2323,11842,16085,19138,10811,31318,12080,13639,15723,22019,5170,12708,14595,20982,22374,22982,25107,6889,7613,8360,16174,17419,26780,15102,2790
1	699	10604	13177,14276,1938,1981,6054,4134,18048,18821,2323,11842,16085,19138,10811,31318,12080,13639,15723,22019,5170,12708,14595,20982,22374,22982,25107,6889,7613,8360,16174,17419,26780,15102,2790,10537
1	699	28101	13177,14276,1938,1981,6054,4134,18048,18821,2323,11842,16085,19138,10811,31318,12080,13639,15723,22019,5170,12708,14595,20982,22374,22982,25107,6889,7613,8360,16174,17419,26780,15102,2790,10537,10604
1	699	14375	13177,14276,1938,1981,6054,4134,18048,18821,2323,11842,16085,19138,10811,31318,12080,13639,15723,22019,5170,12708,14595,20982,22374,22982,25107,6889,7613,8360,16174,17419,26780,15102,2790,10537,10604,28101
