1	1835	31917	0
0	1835	2814	31917
0	1835	8659	31917
0	1835	7501	31917
0	1835	10541	31917
1	1835	9907	31917
0	1835	9936	31917,9907
0	1835	12598	31917,9907
0	1835	16001	31917,9907
1	1835	6318	31917,9907
1	1835	17299	31917,9907,6318
0	1835	18675	31917,9907,6318,17299
0	1835	6067	31917,9907,6318,17299
0	1835	19376	31917,9907,6318,17299
0	1835	20390	31917,9907,6318,17299
0	1835	18157	31917,9907,6318,17299
0	1835	21525	31917,9907,6318,17299
0	1835	22563	31917,9907,6318,17299
0	1835	22458	31917,9907,6318,17299
1	1835	23449	31917,9907,6318,17299
0	1835	11613	31917,9907,6318,17299,23449
1	1835	23491	31917,9907,6318,17299,23449
0	1835	24660	31917,9907,6318,17299,23449,23491
1	1835	23448	31917,9907,6318,17299,23449,23491
0	1835	26326	31917,9907,6318,17299,23449,23491,23448
0	1835	25659	31917,9907,6318,17299,23449,23491,23448
1	1835	20625	31917,9907,6318,17299,23449,23491,23448
0	1835	27472	31917,9907,6318,17299,23449,23491,23448,20625
1	1835	27270	31917,9907,6318,17299,23449,23491,23448,20625
1	1835	28225	31917,9907,6318,17299,23449,23491,23448,20625,27270
1	1835	28736	31917,9907,6318,17299,23449,23491,23448,20625,27270,28225
1	1835	25410	31917,9907,6318,17299,23449,23491,23448,20625,27270,28225,28736
0	1835	9647	31917,9907,6318,17299,23449,23491,23448,20625,27270,28225,28736,25410
