0	1269	639	0
0	1269	12535	0
0	1269	1327	0
1	1269	3941	0
0	1269	7862	3941
0	1269	6130	3941
0	1269	7874	3941
0	1269	12012	3941
0	1269	9277	3941
0	1269	24049	3941
0	1269	31518	3941
0	1269	14715	3941
0	1269	23958	3941
0	1269	23761	3941
0	1269	3001	3941
0	1269	14141	3941
0	1269	21563	3941
0	1269	21568	3941
0	1269	28779	3941
1	1269	31258	3941
0	1269	12566	3941,31258
1	1269	29728	3941,31258
0	1269	31101	3941,31258,29728
1	1269	30135	3941,31258,29728
0	1269	22850	3941,31258,29728,30135
0	1269	31058	3941,31258,29728,30135
1	1269	31990	3941,31258,29728,30135
1	1269	26991	3941,31258,29728,30135,31990
1	1269	3151	3941,31258,29728,30135,31990,26991
1	1269	10474	3941,31258,29728,30135,31990,26991,3151
0	1269	31263	3941,31258,29728,30135,31990,26991,3151,10474
0	1269	10018	3941,31258,29728,30135,31990,26991,3151,10474
0	1269	32103	3941,31258,29728,30135,31990,26991,3151,10474
1	1269	16682	3941,31258,29728,30135,31990,26991,3151,10474
0	1269	482	3941,31258,29728,30135,31990,26991,3151,10474,16682
0	1269	6117	3941,31258,29728,30135,31990,26991,3151,10474,16682
0	1269	32723	3941,31258,29728,30135,31990,26991,3151,10474,16682
0	1269	554	3941,31258,29728,30135,31990,26991,3151,10474,16682
1	1269	507	3941,31258,29728,30135,31990,26991,3151,10474,16682
1	1269	31249	3941,31258,29728,30135,31990,26991,3151,10474,16682,507
1	1269	9871	3941,31258,29728,30135,31990,26991,3151,10474,16682,507,31249
0	1269	12832	3941,31258,29728,30135,31990,26991,3151,10474,16682,507,31249,9871
0	1269	17361	3941,31258,29728,30135,31990,26991,3151,10474,16682,507,31249,9871
1	1269	32744	3941,31258,29728,30135,31990,26991,3151,10474,16682,507,31249,9871
0	1269	32801	3941,31258,29728,30135,31990,26991,3151,10474,16682,507,31249,9871,32744
0	1269	30979	3941,31258,29728,30135,31990,26991,3151,10474,16682,507,31249,9871,32744
0	1269	26478	3941,31258,29728,30135,31990,26991,3151,10474,16682,507,31249,9871,32744
1	1269	7894	3941,31258,29728,30135,31990,26991,3151,10474,16682,507,31249,9871,32744
1	1269	654	3941,31258,29728,30135,31990,26991,3151,10474,16682,507,31249,9871,32744,7894
0	1269	31394	3941,31258,29728,30135,31990,26991,3151,10474,16682,507,31249,9871,32744,7894,654
1	1269	30786	3941,31258,29728,30135,31990,26991,3151,10474,16682,507,31249,9871,32744,7894,654
0	1269	2037	3941,31258,29728,30135,31990,26991,3151,10474,16682,507,31249,9871,32744,7894,654,30786
0	1269	2231	3941,31258,29728,30135,31990,26991,3151,10474,16682,507,31249,9871,32744,7894,654,30786
0	1269	831	3941,31258,29728,30135,31990,26991,3151,10474,16682,507,31249,9871,32744,7894,654,30786
0	1269	31167	3941,31258,29728,30135,31990,26991,3151,10474,16682,507,31249,9871,32744,7894,654,30786
1	1269	2090	3941,31258,29728,30135,31990,26991,3151,10474,16682,507,31249,9871,32744,7894,654,30786
1	1269	10655	3941,31258,29728,30135,31990,26991,3151,10474,16682,507,31249,9871,32744,7894,654,30786,2090
1	1269	117	3941,31258,29728,30135,31990,26991,3151,10474,16682,507,31249,9871,32744,7894,654,30786,2090,10655
0	1269	1797	3941,31258,29728,30135,31990,26991,3151,10474,16682,507,31249,9871,32744,7894,654,30786,2090,10655,117
0	1269	32141	3941,31258,29728,30135,31990,26991,3151,10474,16682,507,31249,9871,32744,7894,654,30786,2090,10655,117
1	1269	473	3941,31258,29728,30135,31990,26991,3151,10474,16682,507,31249,9871,32744,7894,654,30786,2090,10655,117
0	1269	2474	3941,31258,29728,30135,31990,26991,3151,10474,16682,507,31249,9871,32744,7894,654,30786,2090,10655,117,473
0	1269	32963	3941,31258,29728,30135,31990,26991,3151,10474,16682,507,31249,9871,32744,7894,654,30786,2090,10655,117,473
1	1269	2253	3941,31258,29728,30135,31990,26991,3151,10474,16682,507,31249,9871,32744,7894,654,30786,2090,10655,117,473
1	1269	11308	3941,31258,29728,30135,31990,26991,3151,10474,16682,507,31249,9871,32744,7894,654,30786,2090,10655,117,473,2253
1	1269	3903	3941,31258,29728,30135,31990,26991,3151,10474,16682,507,31249,9871,32744,7894,654,30786,2090,10655,117,473,2253,11308
0	1269	3351	3941,31258,29728,30135,31990,26991,3151,10474,16682,507,31249,9871,32744,7894,654,30786,2090,10655,117,473,2253,11308,3903
0	1269	3071	3941,31258,29728,30135,31990,26991,3151,10474,16682,507,31249,9871,32744,7894,654,30786,2090,10655,117,473,2253,11308,3903
0	1269	2057	3941,31258,29728,30135,31990,26991,3151,10474,16682,507,31249,9871,32744,7894,654,30786,2090,10655,117,473,2253,11308,3903
0	1269	17063	3941,31258,29728,30135,31990,26991,3151,10474,16682,507,31249,9871,32744,7894,654,30786,2090,10655,117,473,2253,11308,3903
0	1269	4828	3941,31258,29728,30135,31990,26991,3151,10474,16682,507,31249,9871,32744,7894,654,30786,2090,10655,117,473,2253,11308,3903
0	1269	1106	3941,31258,29728,30135,31990,26991,3151,10474,16682,507,31249,9871,32744,7894,654,30786,2090,10655,117,473,2253,11308,3903
1	1269	7039	3941,31258,29728,30135,31990,26991,3151,10474,16682,507,31249,9871,32744,7894,654,30786,2090,10655,117,473,2253,11308,3903
0	1269	5431	3941,31258,29728,30135,31990,26991,3151,10474,16682,507,31249,9871,32744,7894,654,30786,2090,10655,117,473,2253,11308,3903,7039
1	1269	5592	3941,31258,29728,30135,31990,26991,3151,10474,16682,507,31249,9871,32744,7894,654,30786,2090,10655,117,473,2253,11308,3903,7039
0	1269	4204	3941,31258,29728,30135,31990,26991,3151,10474,16682,507,31249,9871,32744,7894,654,30786,2090,10655,117,473,2253,11308,3903,7039,5592
0	1269	2337	3941,31258,29728,30135,31990,26991,3151,10474,16682,507,31249,9871,32744,7894,654,30786,2090,10655,117,473,2253,11308,3903,7039,5592
0	1269	5865	3941,31258,29728,30135,31990,26991,3151,10474,16682,507,31249,9871,32744,7894,654,30786,2090,10655,117,473,2253,11308,3903,7039,5592
1	1269	250	3941,31258,29728,30135,31990,26991,3151,10474,16682,507,31249,9871,32744,7894,654,30786,2090,10655,117,473,2253,11308,3903,7039,5592
0	1269	5547	3941,31258,29728,30135,31990,26991,3151,10474,16682,507,31249,9871,32744,7894,654,30786,2090,10655,117,473,2253,11308,3903,7039,5592,250
0	1269	896	3941,31258,29728,30135,31990,26991,3151,10474,16682,507,31249,9871,32744,7894,654,30786,2090,10655,117,473,2253,11308,3903,7039,5592,250
0	1269	4363	3941,31258,29728,30135,31990,26991,3151,10474,16682,507,31249,9871,32744,7894,654,30786,2090,10655,117,473,2253,11308,3903,7039,5592,250
0	1269	6428	3941,31258,29728,30135,31990,26991,3151,10474,16682,507,31249,9871,32744,7894,654,30786,2090,10655,117,473,2253,11308,3903,7039,5592,250
1	1269	5699	3941,31258,29728,30135,31990,26991,3151,10474,16682,507,31249,9871,32744,7894,654,30786,2090,10655,117,473,2253,11308,3903,7039,5592,250
0	1269	6858	3941,31258,29728,30135,31990,26991,3151,10474,16682,507,31249,9871,32744,7894,654,30786,2090,10655,117,473,2253,11308,3903,7039,5592,250,5699
0	1269	6823	3941,31258,29728,30135,31990,26991,3151,10474,16682,507,31249,9871,32744,7894,654,30786,2090,10655,117,473,2253,11308,3903,7039,5592,250,5699
0	1269	23986	3941,31258,29728,30135,31990,26991,3151,10474,16682,507,31249,9871,32744,7894,654,30786,2090,10655,117,473,2253,11308,3903,7039,5592,250,5699
0	1269	16640	3941,31258,29728,30135,31990,26991,3151,10474,16682,507,31249,9871,32744,7894,654,30786,2090,10655,117,473,2253,11308,3903,7039,5592,250,5699
0	1269	4930	3941,31258,29728,30135,31990,26991,3151,10474,16682,507,31249,9871,32744,7894,654,30786,2090,10655,117,473,2253,11308,3903,7039,5592,250,5699
0	1269	6245	3941,31258,29728,30135,31990,26991,3151,10474,16682,507,31249,9871,32744,7894,654,30786,2090,10655,117,473,2253,11308,3903,7039,5592,250,5699
0	1269	25713	3941,31258,29728,30135,31990,26991,3151,10474,16682,507,31249,9871,32744,7894,654,30786,2090,10655,117,473,2253,11308,3903,7039,5592,250,5699
0	1269	714	3941,31258,29728,30135,31990,26991,3151,10474,16682,507,31249,9871,32744,7894,654,30786,2090,10655,117,473,2253,11308,3903,7039,5592,250,5699
0	1269	25935	3941,31258,29728,30135,31990,26991,3151,10474,16682,507,31249,9871,32744,7894,654,30786,2090,10655,117,473,2253,11308,3903,7039,5592,250,5699
0	1269	6889	3941,31258,29728,30135,31990,26991,3151,10474,16682,507,31249,9871,32744,7894,654,30786,2090,10655,117,473,2253,11308,3903,7039,5592,250,5699
0	1269	6345	3941,31258,29728,30135,31990,26991,3151,10474,16682,507,31249,9871,32744,7894,654,30786,2090,10655,117,473,2253,11308,3903,7039,5592,250,5699
0	1269	6993	3941,31258,29728,30135,31990,26991,3151,10474,16682,507,31249,9871,32744,7894,654,30786,2090,10655,117,473,2253,11308,3903,7039,5592,250,5699
0	1269	8261	3941,31258,29728,30135,31990,26991,3151,10474,16682,507,31249,9871,32744,7894,654,30786,2090,10655,117,473,2253,11308,3903,7039,5592,250,5699
0	1269	8488	3941,31258,29728,30135,31990,26991,3151,10474,16682,507,31249,9871,32744,7894,654,30786,2090,10655,117,473,2253,11308,3903,7039,5592,250,5699
0	1269	7110	3941,31258,29728,30135,31990,26991,3151,10474,16682,507,31249,9871,32744,7894,654,30786,2090,10655,117,473,2253,11308,3903,7039,5592,250,5699
0	1269	8879	3941,31258,29728,30135,31990,26991,3151,10474,16682,507,31249,9871,32744,7894,654,30786,2090,10655,117,473,2253,11308,3903,7039,5592,250,5699
1	1269	27983	3941,31258,29728,30135,31990,26991,3151,10474,16682,507,31249,9871,32744,7894,654,30786,2090,10655,117,473,2253,11308,3903,7039,5592,250,5699
1	1269	7817	3941,31258,29728,30135,31990,26991,3151,10474,16682,507,31249,9871,32744,7894,654,30786,2090,10655,117,473,2253,11308,3903,7039,5592,250,5699,27983
1	1269	9338	3941,31258,29728,30135,31990,26991,3151,10474,16682,507,31249,9871,32744,7894,654,30786,2090,10655,117,473,2253,11308,3903,7039,5592,250,5699,27983,7817
1	1269	9484	3941,31258,29728,30135,31990,26991,3151,10474,16682,507,31249,9871,32744,7894,654,30786,2090,10655,117,473,2253,11308,3903,7039,5592,250,5699,27983,7817,9338
1	1269	22353	3941,31258,29728,30135,31990,26991,3151,10474,16682,507,31249,9871,32744,7894,654,30786,2090,10655,117,473,2253,11308,3903,7039,5592,250,5699,27983,7817,9338,9484
0	1269	212	3941,31258,29728,30135,31990,26991,3151,10474,16682,507,31249,9871,32744,7894,654,30786,2090,10655,117,473,2253,11308,3903,7039,5592,250,5699,27983,7817,9338,9484,22353
1	1269	9581	3941,31258,29728,30135,31990,26991,3151,10474,16682,507,31249,9871,32744,7894,654,30786,2090,10655,117,473,2253,11308,3903,7039,5592,250,5699,27983,7817,9338,9484,22353
0	1269	3691	3941,31258,29728,30135,31990,26991,3151,10474,16682,507,31249,9871,32744,7894,654,30786,2090,10655,117,473,2253,11308,3903,7039,5592,250,5699,27983,7817,9338,9484,22353,9581
0	1269	9832	3941,31258,29728,30135,31990,26991,3151,10474,16682,507,31249,9871,32744,7894,654,30786,2090,10655,117,473,2253,11308,3903,7039,5592,250,5699,27983,7817,9338,9484,22353,9581
1	1269	10578	3941,31258,29728,30135,31990,26991,3151,10474,16682,507,31249,9871,32744,7894,654,30786,2090,10655,117,473,2253,11308,3903,7039,5592,250,5699,27983,7817,9338,9484,22353,9581
0	1269	9288	3941,31258,29728,30135,31990,26991,3151,10474,16682,507,31249,9871,32744,7894,654,30786,2090,10655,117,473,2253,11308,3903,7039,5592,250,5699,27983,7817,9338,9484,22353,9581,10578
0	1269	10246	3941,31258,29728,30135,31990,26991,3151,10474,16682,507,31249,9871,32744,7894,654,30786,2090,10655,117,473,2253,11308,3903,7039,5592,250,5699,27983,7817,9338,9484,22353,9581,10578
0	1269	10863	3941,31258,29728,30135,31990,26991,3151,10474,16682,507,31249,9871,32744,7894,654,30786,2090,10655,117,473,2253,11308,3903,7039,5592,250,5699,27983,7817,9338,9484,22353,9581,10578
1	1269	513	3941,31258,29728,30135,31990,26991,3151,10474,16682,507,31249,9871,32744,7894,654,30786,2090,10655,117,473,2253,11308,3903,7039,5592,250,5699,27983,7817,9338,9484,22353,9581,10578
0	1269	11379	3941,31258,29728,30135,31990,26991,3151,10474,16682,507,31249,9871,32744,7894,654,30786,2090,10655,117,473,2253,11308,3903,7039,5592,250,5699,27983,7817,9338,9484,22353,9581,10578,513
0	1269	4667	3941,31258,29728,30135,31990,26991,3151,10474,16682,507,31249,9871,32744,7894,654,30786,2090,10655,117,473,2253,11308,3903,7039,5592,250,5699,27983,7817,9338,9484,22353,9581,10578,513
1	1269	10540	3941,31258,29728,30135,31990,26991,3151,10474,16682,507,31249,9871,32744,7894,654,30786,2090,10655,117,473,2253,11308,3903,7039,5592,250,5699,27983,7817,9338,9484,22353,9581,10578,513
1	1269	14062	3941,31258,29728,30135,31990,26991,3151,10474,16682,507,31249,9871,32744,7894,654,30786,2090,10655,117,473,2253,11308,3903,7039,5592,250,5699,27983,7817,9338,9484,22353,9581,10578,513,10540
0	1269	11550	3941,31258,29728,30135,31990,26991,3151,10474,16682,507,31249,9871,32744,7894,654,30786,2090,10655,117,473,2253,11308,3903,7039,5592,250,5699,27983,7817,9338,9484,22353,9581,10578,513,10540,14062
0	1269	13878	3941,31258,29728,30135,31990,26991,3151,10474,16682,507,31249,9871,32744,7894,654,30786,2090,10655,117,473,2253,11308,3903,7039,5592,250,5699,27983,7817,9338,9484,22353,9581,10578,513,10540,14062
0	1269	11132	3941,31258,29728,30135,31990,26991,3151,10474,16682,507,31249,9871,32744,7894,654,30786,2090,10655,117,473,2253,11308,3903,7039,5592,250,5699,27983,7817,9338,9484,22353,9581,10578,513,10540,14062
1	1269	2891	3941,31258,29728,30135,31990,26991,3151,10474,16682,507,31249,9871,32744,7894,654,30786,2090,10655,117,473,2253,11308,3903,7039,5592,250,5699,27983,7817,9338,9484,22353,9581,10578,513,10540,14062
1	1269	5241	3941,31258,29728,30135,31990,26991,3151,10474,16682,507,31249,9871,32744,7894,654,30786,2090,10655,117,473,2253,11308,3903,7039,5592,250,5699,27983,7817,9338,9484,22353,9581,10578,513,10540,14062,2891
1	1269	7175	3941,31258,29728,30135,31990,26991,3151,10474,16682,507,31249,9871,32744,7894,654,30786,2090,10655,117,473,2253,11308,3903,7039,5592,250,5699,27983,7817,9338,9484,22353,9581,10578,513,10540,14062,2891,5241
0	1269	14949	3941,31258,29728,30135,31990,26991,3151,10474,16682,507,31249,9871,32744,7894,654,30786,2090,10655,117,473,2253,11308,3903,7039,5592,250,5699,27983,7817,9338,9484,22353,9581,10578,513,10540,14062,2891,5241,7175
0	1269	15324	3941,31258,29728,30135,31990,26991,3151,10474,16682,507,31249,9871,32744,7894,654,30786,2090,10655,117,473,2253,11308,3903,7039,5592,250,5699,27983,7817,9338,9484,22353,9581,10578,513,10540,14062,2891,5241,7175
0	1269	15811	3941,31258,29728,30135,31990,26991,3151,10474,16682,507,31249,9871,32744,7894,654,30786,2090,10655,117,473,2253,11308,3903,7039,5592,250,5699,27983,7817,9338,9484,22353,9581,10578,513,10540,14062,2891,5241,7175
0	1269	13472	3941,31258,29728,30135,31990,26991,3151,10474,16682,507,31249,9871,32744,7894,654,30786,2090,10655,117,473,2253,11308,3903,7039,5592,250,5699,27983,7817,9338,9484,22353,9581,10578,513,10540,14062,2891,5241,7175
0	1269	16022	3941,31258,29728,30135,31990,26991,3151,10474,16682,507,31249,9871,32744,7894,654,30786,2090,10655,117,473,2253,11308,3903,7039,5592,250,5699,27983,7817,9338,9484,22353,9581,10578,513,10540,14062,2891,5241,7175
1	1269	5243	3941,31258,29728,30135,31990,26991,3151,10474,16682,507,31249,9871,32744,7894,654,30786,2090,10655,117,473,2253,11308,3903,7039,5592,250,5699,27983,7817,9338,9484,22353,9581,10578,513,10540,14062,2891,5241,7175
0	1269	12767	3941,31258,29728,30135,31990,26991,3151,10474,16682,507,31249,9871,32744,7894,654,30786,2090,10655,117,473,2253,11308,3903,7039,5592,250,5699,27983,7817,9338,9484,22353,9581,10578,513,10540,14062,2891,5241,7175,5243
0	1269	14356	3941,31258,29728,30135,31990,26991,3151,10474,16682,507,31249,9871,32744,7894,654,30786,2090,10655,117,473,2253,11308,3903,7039,5592,250,5699,27983,7817,9338,9484,22353,9581,10578,513,10540,14062,2891,5241,7175,5243
0	1269	16780	3941,31258,29728,30135,31990,26991,3151,10474,16682,507,31249,9871,32744,7894,654,30786,2090,10655,117,473,2253,11308,3903,7039,5592,250,5699,27983,7817,9338,9484,22353,9581,10578,513,10540,14062,2891,5241,7175,5243
0	1269	16808	3941,31258,29728,30135,31990,26991,3151,10474,16682,507,31249,9871,32744,7894,654,30786,2090,10655,117,473,2253,11308,3903,7039,5592,250,5699,27983,7817,9338,9484,22353,9581,10578,513,10540,14062,2891,5241,7175,5243
0	1269	7834	3941,31258,29728,30135,31990,26991,3151,10474,16682,507,31249,9871,32744,7894,654,30786,2090,10655,117,473,2253,11308,3903,7039,5592,250,5699,27983,7817,9338,9484,22353,9581,10578,513,10540,14062,2891,5241,7175,5243
0	1269	16753	3941,31258,29728,30135,31990,26991,3151,10474,16682,507,31249,9871,32744,7894,654,30786,2090,10655,117,473,2253,11308,3903,7039,5592,250,5699,27983,7817,9338,9484,22353,9581,10578,513,10540,14062,2891,5241,7175,5243
0	1269	16573	3941,31258,29728,30135,31990,26991,3151,10474,16682,507,31249,9871,32744,7894,654,30786,2090,10655,117,473,2253,11308,3903,7039,5592,250,5699,27983,7817,9338,9484,22353,9581,10578,513,10540,14062,2891,5241,7175,5243
0	1269	16127	3941,31258,29728,30135,31990,26991,3151,10474,16682,507,31249,9871,32744,7894,654,30786,2090,10655,117,473,2253,11308,3903,7039,5592,250,5699,27983,7817,9338,9484,22353,9581,10578,513,10540,14062,2891,5241,7175,5243
0	1269	18951	3941,31258,29728,30135,31990,26991,3151,10474,16682,507,31249,9871,32744,7894,654,30786,2090,10655,117,473,2253,11308,3903,7039,5592,250,5699,27983,7817,9338,9484,22353,9581,10578,513,10540,14062,2891,5241,7175,5243
0	1269	5181	3941,31258,29728,30135,31990,26991,3151,10474,16682,507,31249,9871,32744,7894,654,30786,2090,10655,117,473,2253,11308,3903,7039,5592,250,5699,27983,7817,9338,9484,22353,9581,10578,513,10540,14062,2891,5241,7175,5243
0	1269	17162	3941,31258,29728,30135,31990,26991,3151,10474,16682,507,31249,9871,32744,7894,654,30786,2090,10655,117,473,2253,11308,3903,7039,5592,250,5699,27983,7817,9338,9484,22353,9581,10578,513,10540,14062,2891,5241,7175,5243
0	1269	19642	3941,31258,29728,30135,31990,26991,3151,10474,16682,507,31249,9871,32744,7894,654,30786,2090,10655,117,473,2253,11308,3903,7039,5592,250,5699,27983,7817,9338,9484,22353,9581,10578,513,10540,14062,2891,5241,7175,5243
0	1269	22232	3941,31258,29728,30135,31990,26991,3151,10474,16682,507,31249,9871,32744,7894,654,30786,2090,10655,117,473,2253,11308,3903,7039,5592,250,5699,27983,7817,9338,9484,22353,9581,10578,513,10540,14062,2891,5241,7175,5243
0	1269	22408	3941,31258,29728,30135,31990,26991,3151,10474,16682,507,31249,9871,32744,7894,654,30786,2090,10655,117,473,2253,11308,3903,7039,5592,250,5699,27983,7817,9338,9484,22353,9581,10578,513,10540,14062,2891,5241,7175,5243
0	1269	22362	3941,31258,29728,30135,31990,26991,3151,10474,16682,507,31249,9871,32744,7894,654,30786,2090,10655,117,473,2253,11308,3903,7039,5592,250,5699,27983,7817,9338,9484,22353,9581,10578,513,10540,14062,2891,5241,7175,5243
0	1269	14040	3941,31258,29728,30135,31990,26991,3151,10474,16682,507,31249,9871,32744,7894,654,30786,2090,10655,117,473,2253,11308,3903,7039,5592,250,5699,27983,7817,9338,9484,22353,9581,10578,513,10540,14062,2891,5241,7175,5243
0	1269	22623	3941,31258,29728,30135,31990,26991,3151,10474,16682,507,31249,9871,32744,7894,654,30786,2090,10655,117,473,2253,11308,3903,7039,5592,250,5699,27983,7817,9338,9484,22353,9581,10578,513,10540,14062,2891,5241,7175,5243
0	1269	14327	3941,31258,29728,30135,31990,26991,3151,10474,16682,507,31249,9871,32744,7894,654,30786,2090,10655,117,473,2253,11308,3903,7039,5592,250,5699,27983,7817,9338,9484,22353,9581,10578,513,10540,14062,2891,5241,7175,5243
0	1269	22967	3941,31258,29728,30135,31990,26991,3151,10474,16682,507,31249,9871,32744,7894,654,30786,2090,10655,117,473,2253,11308,3903,7039,5592,250,5699,27983,7817,9338,9484,22353,9581,10578,513,10540,14062,2891,5241,7175,5243
0	1269	21874	3941,31258,29728,30135,31990,26991,3151,10474,16682,507,31249,9871,32744,7894,654,30786,2090,10655,117,473,2253,11308,3903,7039,5592,250,5699,27983,7817,9338,9484,22353,9581,10578,513,10540,14062,2891,5241,7175,5243
0	1269	15108	3941,31258,29728,30135,31990,26991,3151,10474,16682,507,31249,9871,32744,7894,654,30786,2090,10655,117,473,2253,11308,3903,7039,5592,250,5699,27983,7817,9338,9484,22353,9581,10578,513,10540,14062,2891,5241,7175,5243
1	1269	21863	3941,31258,29728,30135,31990,26991,3151,10474,16682,507,31249,9871,32744,7894,654,30786,2090,10655,117,473,2253,11308,3903,7039,5592,250,5699,27983,7817,9338,9484,22353,9581,10578,513,10540,14062,2891,5241,7175,5243
0	1269	23621	3941,31258,29728,30135,31990,26991,3151,10474,16682,507,31249,9871,32744,7894,654,30786,2090,10655,117,473,2253,11308,3903,7039,5592,250,5699,27983,7817,9338,9484,22353,9581,10578,513,10540,14062,2891,5241,7175,5243,21863
0	1269	10135	3941,31258,29728,30135,31990,26991,3151,10474,16682,507,31249,9871,32744,7894,654,30786,2090,10655,117,473,2253,11308,3903,7039,5592,250,5699,27983,7817,9338,9484,22353,9581,10578,513,10540,14062,2891,5241,7175,5243,21863
0	1269	16027	3941,31258,29728,30135,31990,26991,3151,10474,16682,507,31249,9871,32744,7894,654,30786,2090,10655,117,473,2253,11308,3903,7039,5592,250,5699,27983,7817,9338,9484,22353,9581,10578,513,10540,14062,2891,5241,7175,5243,21863
0	1269	23984	3941,31258,29728,30135,31990,26991,3151,10474,16682,507,31249,9871,32744,7894,654,30786,2090,10655,117,473,2253,11308,3903,7039,5592,250,5699,27983,7817,9338,9484,22353,9581,10578,513,10540,14062,2891,5241,7175,5243,21863
1	1269	11168	3941,31258,29728,30135,31990,26991,3151,10474,16682,507,31249,9871,32744,7894,654,30786,2090,10655,117,473,2253,11308,3903,7039,5592,250,5699,27983,7817,9338,9484,22353,9581,10578,513,10540,14062,2891,5241,7175,5243,21863
0	1269	21033	3941,31258,29728,30135,31990,26991,3151,10474,16682,507,31249,9871,32744,7894,654,30786,2090,10655,117,473,2253,11308,3903,7039,5592,250,5699,27983,7817,9338,9484,22353,9581,10578,513,10540,14062,2891,5241,7175,5243,21863,11168
0	1269	15171	3941,31258,29728,30135,31990,26991,3151,10474,16682,507,31249,9871,32744,7894,654,30786,2090,10655,117,473,2253,11308,3903,7039,5592,250,5699,27983,7817,9338,9484,22353,9581,10578,513,10540,14062,2891,5241,7175,5243,21863,11168
0	1269	24077	3941,31258,29728,30135,31990,26991,3151,10474,16682,507,31249,9871,32744,7894,654,30786,2090,10655,117,473,2253,11308,3903,7039,5592,250,5699,27983,7817,9338,9484,22353,9581,10578,513,10540,14062,2891,5241,7175,5243,21863,11168
0	1269	25682	3941,31258,29728,30135,31990,26991,3151,10474,16682,507,31249,9871,32744,7894,654,30786,2090,10655,117,473,2253,11308,3903,7039,5592,250,5699,27983,7817,9338,9484,22353,9581,10578,513,10540,14062,2891,5241,7175,5243,21863,11168
0	1269	3394	3941,31258,29728,30135,31990,26991,3151,10474,16682,507,31249,9871,32744,7894,654,30786,2090,10655,117,473,2253,11308,3903,7039,5592,250,5699,27983,7817,9338,9484,22353,9581,10578,513,10540,14062,2891,5241,7175,5243,21863,11168
0	1269	15851	3941,31258,29728,30135,31990,26991,3151,10474,16682,507,31249,9871,32744,7894,654,30786,2090,10655,117,473,2253,11308,3903,7039,5592,250,5699,27983,7817,9338,9484,22353,9581,10578,513,10540,14062,2891,5241,7175,5243,21863,11168
0	1269	19935	3941,31258,29728,30135,31990,26991,3151,10474,16682,507,31249,9871,32744,7894,654,30786,2090,10655,117,473,2253,11308,3903,7039,5592,250,5699,27983,7817,9338,9484,22353,9581,10578,513,10540,14062,2891,5241,7175,5243,21863,11168
0	1269	25464	3941,31258,29728,30135,31990,26991,3151,10474,16682,507,31249,9871,32744,7894,654,30786,2090,10655,117,473,2253,11308,3903,7039,5592,250,5699,27983,7817,9338,9484,22353,9581,10578,513,10540,14062,2891,5241,7175,5243,21863,11168
1	1269	23099	3941,31258,29728,30135,31990,26991,3151,10474,16682,507,31249,9871,32744,7894,654,30786,2090,10655,117,473,2253,11308,3903,7039,5592,250,5699,27983,7817,9338,9484,22353,9581,10578,513,10540,14062,2891,5241,7175,5243,21863,11168
0	1269	27140	3941,31258,29728,30135,31990,26991,3151,10474,16682,507,31249,9871,32744,7894,654,30786,2090,10655,117,473,2253,11308,3903,7039,5592,250,5699,27983,7817,9338,9484,22353,9581,10578,513,10540,14062,2891,5241,7175,5243,21863,11168,23099
1	1269	26824	3941,31258,29728,30135,31990,26991,3151,10474,16682,507,31249,9871,32744,7894,654,30786,2090,10655,117,473,2253,11308,3903,7039,5592,250,5699,27983,7817,9338,9484,22353,9581,10578,513,10540,14062,2891,5241,7175,5243,21863,11168,23099
1	1269	21173	3941,31258,29728,30135,31990,26991,3151,10474,16682,507,31249,9871,32744,7894,654,30786,2090,10655,117,473,2253,11308,3903,7039,5592,250,5699,27983,7817,9338,9484,22353,9581,10578,513,10540,14062,2891,5241,7175,5243,21863,11168,23099,26824
0	1269	15341	3941,31258,29728,30135,31990,26991,3151,10474,16682,507,31249,9871,32744,7894,654,30786,2090,10655,117,473,2253,11308,3903,7039,5592,250,5699,27983,7817,9338,9484,22353,9581,10578,513,10540,14062,2891,5241,7175,5243,21863,11168,23099,26824,21173
0	1269	18843	3941,31258,29728,30135,31990,26991,3151,10474,16682,507,31249,9871,32744,7894,654,30786,2090,10655,117,473,2253,11308,3903,7039,5592,250,5699,27983,7817,9338,9484,22353,9581,10578,513,10540,14062,2891,5241,7175,5243,21863,11168,23099,26824,21173
1	1269	25367	3941,31258,29728,30135,31990,26991,3151,10474,16682,507,31249,9871,32744,7894,654,30786,2090,10655,117,473,2253,11308,3903,7039,5592,250,5699,27983,7817,9338,9484,22353,9581,10578,513,10540,14062,2891,5241,7175,5243,21863,11168,23099,26824,21173
0	1269	28619	3941,31258,29728,30135,31990,26991,3151,10474,16682,507,31249,9871,32744,7894,654,30786,2090,10655,117,473,2253,11308,3903,7039,5592,250,5699,27983,7817,9338,9484,22353,9581,10578,513,10540,14062,2891,5241,7175,5243,21863,11168,23099,26824,21173,25367
0	1269	28620	3941,31258,29728,30135,31990,26991,3151,10474,16682,507,31249,9871,32744,7894,654,30786,2090,10655,117,473,2253,11308,3903,7039,5592,250,5699,27983,7817,9338,9484,22353,9581,10578,513,10540,14062,2891,5241,7175,5243,21863,11168,23099,26824,21173,25367
0	1269	28624	3941,31258,29728,30135,31990,26991,3151,10474,16682,507,31249,9871,32744,7894,654,30786,2090,10655,117,473,2253,11308,3903,7039,5592,250,5699,27983,7817,9338,9484,22353,9581,10578,513,10540,14062,2891,5241,7175,5243,21863,11168,23099,26824,21173,25367
1	1269	26423	3941,31258,29728,30135,31990,26991,3151,10474,16682,507,31249,9871,32744,7894,654,30786,2090,10655,117,473,2253,11308,3903,7039,5592,250,5699,27983,7817,9338,9484,22353,9581,10578,513,10540,14062,2891,5241,7175,5243,21863,11168,23099,26824,21173,25367
0	1269	23224	3941,31258,29728,30135,31990,26991,3151,10474,16682,507,31249,9871,32744,7894,654,30786,2090,10655,117,473,2253,11308,3903,7039,5592,250,5699,27983,7817,9338,9484,22353,9581,10578,513,10540,14062,2891,5241,7175,5243,21863,11168,23099,26824,21173,25367,26423
1	1269	14921	3941,31258,29728,30135,31990,26991,3151,10474,16682,507,31249,9871,32744,7894,654,30786,2090,10655,117,473,2253,11308,3903,7039,5592,250,5699,27983,7817,9338,9484,22353,9581,10578,513,10540,14062,2891,5241,7175,5243,21863,11168,23099,26824,21173,25367,26423
1	1269	19967	3941,31258,29728,30135,31990,26991,3151,10474,16682,507,31249,9871,32744,7894,654,30786,2090,10655,117,473,2253,11308,3903,7039,5592,250,5699,27983,7817,9338,9484,22353,9581,10578,513,10540,14062,2891,5241,7175,5243,21863,11168,23099,26824,21173,25367,26423,14921
1	1269	27163	3941,31258,29728,30135,31990,26991,3151,10474,16682,507,31249,9871,32744,7894,654,30786,2090,10655,117,473,2253,11308,3903,7039,5592,250,5699,27983,7817,9338,9484,22353,9581,10578,513,10540,14062,2891,5241,7175,5243,21863,11168,23099,26824,21173,25367,26423,14921,19967
0	1269	28373	3941,31258,29728,30135,31990,26991,3151,10474,16682,507,31249,9871,32744,7894,654,30786,2090,10655,117,473,2253,11308,3903,7039,5592,250,5699,27983,7817,9338,9484,22353,9581,10578,513,10540,14062,2891,5241,7175,5243,21863,11168,23099,26824,21173,25367,26423,14921,19967,27163
1	1269	26981	3941,31258,29728,30135,31990,26991,3151,10474,16682,507,31249,9871,32744,7894,654,30786,2090,10655,117,473,2253,11308,3903,7039,5592,250,5699,27983,7817,9338,9484,22353,9581,10578,513,10540,14062,2891,5241,7175,5243,21863,11168,23099,26824,21173,25367,26423,14921,19967,27163
1	1269	31712	3941,31258,29728,30135,31990,26991,3151,10474,16682,507,31249,9871,32744,7894,654,30786,2090,10655,117,473,2253,11308,3903,7039,5592,250,5699,27983,7817,9338,9484,22353,9581,10578,513,10540,14062,2891,5241,7175,5243,21863,11168,23099,26824,21173,25367,26423,14921,19967,27163,26981,22440,29928,24357,24451
