1	742	31744	0
1	742	5645	31744
1	742	3346	31744,5645
1	742	3576	31744,5645,3346
1	742	10579	31744,5645,3346,3576
1	742	5692	31744,5645,3346,3576,10579
1	742	12129	31744,5645,3346,3576,10579,5692
1	742	20721	31744,5645,3346,3576,10579,5692,12129
1	742	12225	31744,5645,3346,3576,10579,5692,12129,20721
1	742	12251	31744,5645,3346,3576,10579,5692,12129,20721,12225
1	742	13733	31744,5645,3346,3576,10579,5692,12129,20721,12225,12251
1	742	15009	31744,5645,3346,3576,10579,5692,12129,20721,12225,12251,13733
1	742	19089	31744,5645,3346,3576,10579,5692,12129,20721,12225,12251,13733,15009
1	742	2532	31744,5645,3346,3576,10579,5692,12129,20721,12225,12251,13733,15009,19089
1	742	17793	31744,5645,3346,3576,10579,5692,12129,20721,12225,12251,13733,15009,19089,2532
1	742	6881	31744,5645,3346,3576,10579,5692,12129,20721,12225,12251,13733,15009,19089,2532,17793
1	742	8410	31744,5645,3346,3576,10579,5692,12129,20721,12225,12251,13733,15009,19089,2532,17793,6881
1	742	3302	31744,5645,3346,3576,10579,5692,12129,20721,12225,12251,13733,15009,19089,2532,17793,6881,8410
1	742	6571	31744,5645,3346,3576,10579,5692,12129,20721,12225,12251,13733,15009,19089,2532,17793,6881,8410,3302
1	742	12397	31744,5645,3346,3576,10579,5692,12129,20721,12225,12251,13733,15009,19089,2532,17793,6881,8410,3302,6571
1	742	19467	31744,5645,3346,3576,10579,5692,12129,20721,12225,12251,13733,15009,19089,2532,17793,6881,8410,3302,6571,12397
1	742	21039	31744,5645,3346,3576,10579,5692,12129,20721,12225,12251,13733,15009,19089,2532,17793,6881,8410,3302,6571,12397,19467
1	742	22176	31744,5645,3346,3576,10579,5692,12129,20721,12225,12251,13733,15009,19089,2532,17793,6881,8410,3302,6571,12397,19467,21039
1	742	24148	31744,5645,3346,3576,10579,5692,12129,20721,12225,12251,13733,15009,19089,2532,17793,6881,8410,3302,6571,12397,19467,21039,22176
1	742	13401	31744,5645,3346,3576,10579,5692,12129,20721,12225,12251,13733,15009,19089,2532,17793,6881,8410,3302,6571,12397,19467,21039,22176,24148
1	742	2085	31744,5645,3346,3576,10579,5692,12129,20721,12225,12251,13733,15009,19089,2532,17793,6881,8410,3302,6571,12397,19467,21039,22176,24148,13401
1	742	5854	31744,5645,3346,3576,10579,5692,12129,20721,12225,12251,13733,15009,19089,2532,17793,6881,8410,3302,6571,12397,19467,21039,22176,24148,13401,2085
1	742	14104	31744,5645,3346,3576,10579,5692,12129,20721,12225,12251,13733,15009,19089,2532,17793,6881,8410,3302,6571,12397,19467,21039,22176,24148,13401,2085,5854
1	742	19336	31744,5645,3346,3576,10579,5692,12129,20721,12225,12251,13733,15009,19089,2532,17793,6881,8410,3302,6571,12397,19467,21039,22176,24148,13401,2085,5854,14104
1	742	21830	31744,5645,3346,3576,10579,5692,12129,20721,12225,12251,13733,15009,19089,2532,17793,6881,8410,3302,6571,12397,19467,21039,22176,24148,13401,2085,5854,14104,19336
1	742	8395	31744,5645,3346,3576,10579,5692,12129,20721,12225,12251,13733,15009,19089,2532,17793,6881,8410,3302,6571,12397,19467,21039,22176,24148,13401,2085,5854,14104,19336,21830
1	742	18551	31744,5645,3346,3576,10579,5692,12129,20721,12225,12251,13733,15009,19089,2532,17793,6881,8410,3302,6571,12397,19467,21039,22176,24148,13401,2085,5854,14104,19336,21830,8395
1	742	26604	31744,5645,3346,3576,10579,5692,12129,20721,12225,12251,13733,15009,19089,2532,17793,6881,8410,3302,6571,12397,19467,21039,22176,24148,13401,2085,5854,14104,19336,21830,8395,18551
