1	421	31802	0
1	421	4663	31802
0	421	8086	31802,4663
1	421	7267	31802,4663
1	421	8553	31802,4663,7267
1	421	8998	31802,4663,7267,8553
1	421	7334	31802,4663,7267,8553,8998
0	421	9479	31802,4663,7267,8553,8998,7334
1	421	32297	31802,4663,7267,8553,8998,7334
0	421	32597	31802,4663,7267,8553,8998,7334,32297
0	421	8265	31802,4663,7267,8553,8998,7334,32297
0	421	10755	31802,4663,7267,8553,8998,7334,32297
1	421	7790	31802,4663,7267,8553,8998,7334,32297
1	421	6925	31802,4663,7267,8553,8998,7334,32297,7790
1	421	12706	31802,4663,7267,8553,8998,7334,32297,7790,6925
1	421	14258	31802,4663,7267,8553,8998,7334,32297,7790,6925,12706
1	421	9238	31802,4663,7267,8553,8998,7334,32297,7790,6925,12706,14258
1	421	14370	31802,4663,7267,8553,8998,7334,32297,7790,6925,12706,14258,9238
1	421	14368	31802,4663,7267,8553,8998,7334,32297,7790,6925,12706,14258,9238,14370
0	421	14356	31802,4663,7267,8553,8998,7334,32297,7790,6925,12706,14258,9238,14370,14368
1	421	17334	31802,4663,7267,8553,8998,7334,32297,7790,6925,12706,14258,9238,14370,14368
1	421	12030	31802,4663,7267,8553,8998,7334,32297,7790,6925,12706,14258,9238,14370,14368,17334
1	421	17828	31802,4663,7267,8553,8998,7334,32297,7790,6925,12706,14258,9238,14370,14368,17334,12030
1	421	17615	31802,4663,7267,8553,8998,7334,32297,7790,6925,12706,14258,9238,14370,14368,17334,12030,17828
1	421	18609	31802,4663,7267,8553,8998,7334,32297,7790,6925,12706,14258,9238,14370,14368,17334,12030,17828,17615
1	421	17827	31802,4663,7267,8553,8998,7334,32297,7790,6925,12706,14258,9238,14370,14368,17334,12030,17828,17615,18609
1	421	18581	31802,4663,7267,8553,8998,7334,32297,7790,6925,12706,14258,9238,14370,14368,17334,12030,17828,17615,18609,17827
0	421	16531	31802,4663,7267,8553,8998,7334,32297,7790,6925,12706,14258,9238,14370,14368,17334,12030,17828,17615,18609,17827,18581
1	421	14637	31802,4663,7267,8553,8998,7334,32297,7790,6925,12706,14258,9238,14370,14368,17334,12030,17828,17615,18609,17827,18581
1	421	18300	31802,4663,7267,8553,8998,7334,32297,7790,6925,12706,14258,9238,14370,14368,17334,12030,17828,17615,18609,17827,18581,14637
1	421	21853	31802,4663,7267,8553,8998,7334,32297,7790,6925,12706,14258,9238,14370,14368,17334,12030,17828,17615,18609,17827,18581,14637,18300
1	421	23497	31802,4663,7267,8553,8998,7334,32297,7790,6925,12706,14258,9238,14370,14368,17334,12030,17828,17615,18609,17827,18581,14637,18300,21853
1	421	29109	31802,4663,7267,8553,8998,7334,32297,7790,6925,12706,14258,9238,14370,14368,17334,12030,17828,17615,18609,17827,18581,14637,18300,21853,23497
1	421	29534	31802,4663,7267,8553,8998,7334,32297,7790,6925,12706,14258,9238,14370,14368,17334,12030,17828,17615,18609,17827,18581,14637,18300,21853,23497,29109
1	421	29332	31802,4663,7267,8553,8998,7334,32297,7790,6925,12706,14258,9238,14370,14368,17334,12030,17828,17615,18609,17827,18581,14637,18300,21853,23497,29109,29534
0	421	21760	31802,4663,7267,8553,8998,7334,32297,7790,6925,12706,14258,9238,14370,14368,17334,12030,17828,17615,18609,17827,18581,14637,18300,21853,23497,29109,29534,29332
1	421	23462	31802,4663,7267,8553,8998,7334,32297,7790,6925,12706,14258,9238,14370,14368,17334,12030,17828,17615,18609,17827,18581,14637,18300,21853,23497,29109,29534,29332
1	421	29417	31802,4663,7267,8553,8998,7334,32297,7790,6925,12706,14258,9238,14370,14368,17334,12030,17828,17615,18609,17827,18581,14637,18300,21853,23497,29109,29534,29332,23462
