1	459	32639	0
0	459	30976	32639
1	459	31144	32639
1	459	2725	32639,31144
1	459	23356	32639,31144,2725
1	459	5112	32639,31144,2725,23356
1	459	9805	32639,31144,2725,23356,5112
1	459	8635	32639,31144,2725,23356,5112,9805
0	459	6556	32639,31144,2725,23356,5112,9805,8635
1	459	32173	32639,31144,2725,23356,5112,9805,8635
1	459	32159	32639,31144,2725,23356,5112,9805,8635,32173
0	459	4832	32639,31144,2725,23356,5112,9805,8635,32173,32159
1	459	11032	32639,31144,2725,23356,5112,9805,8635,32173,32159
0	459	19358	32639,31144,2725,23356,5112,9805,8635,32173,32159,11032
1	459	19445	32639,31144,2725,23356,5112,9805,8635,32173,32159,11032
1	459	13060	32639,31144,2725,23356,5112,9805,8635,32173,32159,11032,19445
1	459	19441	32639,31144,2725,23356,5112,9805,8635,32173,32159,11032,19445,13060
0	459	22798	32639,31144,2725,23356,5112,9805,8635,32173,32159,11032,19445,13060,19441
0	459	23496	32639,31144,2725,23356,5112,9805,8635,32173,32159,11032,19445,13060,19441
1	459	20824	32639,31144,2725,23356,5112,9805,8635,32173,32159,11032,19445,13060,19441
0	459	24436	32639,31144,2725,23356,5112,9805,8635,32173,32159,11032,19445,13060,19441,20824
1	459	25215	32639,31144,2725,23356,5112,9805,8635,32173,32159,11032,19445,13060,19441,20824
1	459	13942	32639,31144,2725,23356,5112,9805,8635,32173,32159,11032,19445,13060,19441,20824,25215
1	459	13254	32639,31144,2725,23356,5112,9805,8635,32173,32159,11032,19445,13060,19441,20824,25215,13942
1	459	31094	32639,31144,2725,23356,5112,9805,8635,32173,32159,11032,19445,13060,19441,20824,25215,13942,13254
0	459	12724	32639,31144,2725,23356,5112,9805,8635,32173,32159,11032,19445,13060,19441,20824,25215,13942,13254,31094
0	459	18413	32639,31144,2725,23356,5112,9805,8635,32173,32159,11032,19445,13060,19441,20824,25215,13942,13254,31094
1	459	19497	32639,31144,2725,23356,5112,9805,8635,32173,32159,11032,19445,13060,19441,20824,25215,13942,13254,31094
0	459	7855	32639,31144,2725,23356,5112,9805,8635,32173,32159,11032,19445,13060,19441,20824,25215,13942,13254,31094,19497
1	459	23708	32639,31144,2725,23356,5112,9805,8635,32173,32159,11032,19445,13060,19441,20824,25215,13942,13254,31094,19497
0	459	24818	32639,31144,2725,23356,5112,9805,8635,32173,32159,11032,19445,13060,19441,20824,25215,13942,13254,31094,19497,23708
1	459	13773	32639,31144,2725,23356,5112,9805,8635,32173,32159,11032,19445,13060,19441,20824,25215,13942,13254,31094,19497,23708
