0	972	32582	0
1	972	61	0
0	972	10023	61
1	972	31742	61
0	972	8350	61,31742
1	972	12344	61,31742
0	972	9908	61,31742,12344
0	972	12240	61,31742,12344
0	972	14147	61,31742,12344
0	972	1745	61,31742,12344
0	972	10715	61,31742,12344
0	972	16210	61,31742,12344
0	972	16222	61,31742,12344
1	972	19641	61,31742,12344
0	972	10144	61,31742,12344,19641
0	972	15872	61,31742,12344,19641
0	972	15218	61,31742,12344,19641
0	972	19666	61,31742,12344,19641
1	972	19396	61,31742,12344,19641
1	972	19931	61,31742,12344,19641,19396
0	972	18005	61,31742,12344,19641,19396,19931
0	972	9698	61,31742,12344,19641,19396,19931
0	972	15230	61,31742,12344,19641,19396,19931
0	972	19872	61,31742,12344,19641,19396,19931
0	972	21956	61,31742,12344,19641,19396,19931
0	972	17132	61,31742,12344,19641,19396,19931
0	972	21363	61,31742,12344,19641,19396,19931
0	972	22104	61,31742,12344,19641,19396,19931
0	972	16048	61,31742,12344,19641,19396,19931
0	972	19930	61,31742,12344,19641,19396,19931
0	972	21531	61,31742,12344,19641,19396,19931
1	972	19295	61,31742,12344,19641,19396,19931
0	972	14473	61,31742,12344,19641,19396,19931,19295
0	972	17066	61,31742,12344,19641,19396,19931,19295
1	972	21445	61,31742,12344,19641,19396,19931,19295
0	972	12989	61,31742,12344,19641,19396,19931,19295,21445
0	972	25655	61,31742,12344,19641,19396,19931,19295,21445
0	972	21818	61,31742,12344,19641,19396,19931,19295,21445
1	972	21974	61,31742,12344,19641,19396,19931,19295,21445
1	972	5776	61,31742,12344,19641,19396,19931,19295,21445,21974
0	972	24565	61,31742,12344,19641,19396,19931,19295,21445,21974,5776
0	972	27087	61,31742,12344,19641,19396,19931,19295,21445,21974,5776
0	972	20576	61,31742,12344,19641,19396,19931,19295,21445,21974,5776
0	972	23624	61,31742,12344,19641,19396,19931,19295,21445,21974,5776
0	972	23768	61,31742,12344,19641,19396,19931,19295,21445,21974,5776
0	972	19185	61,31742,12344,19641,19396,19931,19295,21445,21974,5776
0	972	25658	61,31742,12344,19641,19396,19931,19295,21445,21974,5776
0	972	27534	61,31742,12344,19641,19396,19931,19295,21445,21974,5776
0	972	26976	61,31742,12344,19641,19396,19931,19295,21445,21974,5776
0	972	27545	61,31742,12344,19641,19396,19931,19295,21445,21974,5776
0	972	27679	61,31742,12344,19641,19396,19931,19295,21445,21974,5776
