1	1628	5649	0
1	1628	30956	5649
1	1628	32779	5649,30956
1	1628	14441	5649,30956,32779
1	1628	3958	5649,30956,32779,14441
1	1628	8600	5649,30956,32779,14441,3958
1	1628	31507	5649,30956,32779,14441,3958,8600
1	1628	1082	5649,30956,32779,14441,3958,8600,31507
1	1628	6796	5649,30956,32779,14441,3958,8600,31507,1082
1	1628	6472	5649,30956,32779,14441,3958,8600,31507,1082,6796
1	1628	8507	5649,30956,32779,14441,3958,8600,31507,1082,6796,6472
1	1628	7828	5649,30956,32779,14441,3958,8600,31507,1082,6796,6472,8507
1	1628	18665	5649,30956,32779,14441,3958,8600,31507,1082,6796,6472,8507,7828
1	1628	3261	5649,30956,32779,14441,3958,8600,31507,1082,6796,6472,8507,7828,18665
1	1628	7281	5649,30956,32779,14441,3958,8600,31507,1082,6796,6472,8507,7828,18665,3261
1	1628	12422	5649,30956,32779,14441,3958,8600,31507,1082,6796,6472,8507,7828,18665,3261,7281
1	1628	31440	5649,30956,32779,14441,3958,8600,31507,1082,6796,6472,8507,7828,18665,3261,7281,12422
1	1628	28371	5649,30956,32779,14441,3958,8600,31507,1082,6796,6472,8507,7828,18665,3261,7281,12422,31440
1	1628	9944	5649,30956,32779,14441,3958,8600,31507,1082,6796,6472,8507,7828,18665,3261,7281,12422,31440,28371
1	1628	8336	5649,30956,32779,14441,3958,8600,31507,1082,6796,6472,8507,7828,18665,3261,7281,12422,31440,28371,9944
1	1628	16893	5649,30956,32779,14441,3958,8600,31507,1082,6796,6472,8507,7828,18665,3261,7281,12422,31440,28371,9944,8336
1	1628	8744	5649,30956,32779,14441,3958,8600,31507,1082,6796,6472,8507,7828,18665,3261,7281,12422,31440,28371,9944,8336,16893
1	1628	28427	5649,30956,32779,14441,3958,8600,31507,1082,6796,6472,8507,7828,18665,3261,7281,12422,31440,28371,9944,8336,16893,8744
1	1628	18321	5649,30956,32779,14441,3958,8600,31507,1082,6796,6472,8507,7828,18665,3261,7281,12422,31440,28371,9944,8336,16893,8744,28427
1	1628	3370	5649,30956,32779,14441,3958,8600,31507,1082,6796,6472,8507,7828,18665,3261,7281,12422,31440,28371,9944,8336,16893,8744,28427,18321
1	1628	18371	5649,30956,32779,14441,3958,8600,31507,1082,6796,6472,8507,7828,18665,3261,7281,12422,31440,28371,9944,8336,16893,8744,28427,18321,3370
1	1628	9839	5649,30956,32779,14441,3958,8600,31507,1082,6796,6472,8507,7828,18665,3261,7281,12422,31440,28371,9944,8336,16893,8744,28427,18321,3370,18371
1	1628	19354	5649,30956,32779,14441,3958,8600,31507,1082,6796,6472,8507,7828,18665,3261,7281,12422,31440,28371,9944,8336,16893,8744,28427,18321,3370,18371,9839
1	1628	13879	5649,30956,32779,14441,3958,8600,31507,1082,6796,6472,8507,7828,18665,3261,7281,12422,31440,28371,9944,8336,16893,8744,28427,18321,3370,18371,9839,19354
1	1628	8282	5649,30956,32779,14441,3958,8600,31507,1082,6796,6472,8507,7828,18665,3261,7281,12422,31440,28371,9944,8336,16893,8744,28427,18321,3370,18371,9839,19354,13879
1	1628	18487	5649,30956,32779,14441,3958,8600,31507,1082,6796,6472,8507,7828,18665,3261,7281,12422,31440,28371,9944,8336,16893,8744,28427,18321,3370,18371,9839,19354,13879,8282
1	1628	7844	5649,30956,32779,14441,3958,8600,31507,1082,6796,6472,8507,7828,18665,3261,7281,12422,31440,28371,9944,8336,16893,8744,28427,18321,3370,18371,9839,19354,13879,8282,18487
1	1628	22862	5649,30956,32779,14441,3958,8600,31507,1082,6796,6472,8507,7828,18665,3261,7281,12422,31440,28371,9944,8336,16893,8744,28427,18321,3370,18371,9839,19354,13879,8282,18487,7844
1	1628	18397	5649,30956,32779,14441,3958,8600,31507,1082,6796,6472,8507,7828,18665,3261,7281,12422,31440,28371,9944,8336,16893,8744,28427,18321,3370,18371,9839,19354,13879,8282,18487,7844,22862
1	1628	13979	5649,30956,32779,14441,3958,8600,31507,1082,6796,6472,8507,7828,18665,3261,7281,12422,31440,28371,9944,8336,16893,8744,28427,18321,3370,18371,9839,19354,13879,8282,18487,7844,22862,18397
1	1628	9133	5649,30956,32779,14441,3958,8600,31507,1082,6796,6472,8507,7828,18665,3261,7281,12422,31440,28371,9944,8336,16893,8744,28427,18321,3370,18371,9839,19354,13879,8282,18487,7844,22862,18397,13979
1	1628	2913	5649,30956,32779,14441,3958,8600,31507,1082,6796,6472,8507,7828,18665,3261,7281,12422,31440,28371,9944,8336,16893,8744,28427,18321,3370,18371,9839,19354,13879,8282,18487,7844,22862,18397,13979,9133
0	1628	5038	5649,30956,32779,14441,3958,8600,31507,1082,6796,6472,8507,7828,18665,3261,7281,12422,31440,28371,9944,8336,16893,8744,28427,18321,3370,18371,9839,19354,13879,8282,18487,7844,22862,18397,13979,9133,2913
1	1628	11843	5649,30956,32779,14441,3958,8600,31507,1082,6796,6472,8507,7828,18665,3261,7281,12422,31440,28371,9944,8336,16893,8744,28427,18321,3370,18371,9839,19354,13879,8282,18487,7844,22862,18397,13979,9133,2913
