0	1824	31750	0
0	1824	2225	0
0	1824	3823	0
0	1824	2410	0
0	1824	4108	0
0	1824	6924	0
1	1824	9161	0
0	1824	8960	9161
0	1824	1460	9161
1	1824	32478	9161
0	1824	8935	9161,32478
0	1824	11351	9161,32478
0	1824	11240	9161,32478
0	1824	1099	9161,32478
1	1824	8729	9161,32478
0	1824	12291	9161,32478,8729
0	1824	10044	9161,32478,8729
0	1824	13770	9161,32478,8729
0	1824	1089	9161,32478,8729
1	1824	10713	9161,32478,8729
1	1824	10714	9161,32478,8729,10713
0	1824	10923	9161,32478,8729,10713,10714
0	1824	9460	9161,32478,8729,10713,10714
0	1824	6072	9161,32478,8729,10713,10714
0	1824	12453	9161,32478,8729,10713,10714
0	1824	12742	9161,32478,8729,10713,10714
0	1824	12842	9161,32478,8729,10713,10714
0	1824	13074	9161,32478,8729,10713,10714
0	1824	11717	9161,32478,8729,10713,10714
0	1824	13821	9161,32478,8729,10713,10714
0	1824	9657	9161,32478,8729,10713,10714
0	1824	13617	9161,32478,8729,10713,10714
0	1824	14827	9161,32478,8729,10713,10714
1	1824	16838	9161,32478,8729,10713,10714
0	1824	17872	9161,32478,8729,10713,10714,16838
1	1824	18672	9161,32478,8729,10713,10714,16838
1	1824	17517	9161,32478,8729,10713,10714,16838,18672
1	1824	2738	9161,32478,8729,10713,10714,16838,18672,17517
1	1824	15915	9161,32478,8729,10713,10714,16838,18672,17517,2738
0	1824	16489	9161,32478,8729,10713,10714,16838,18672,17517,2738,15915
1	1824	18880	9161,32478,8729,10713,10714,16838,18672,17517,2738,15915
1	1824	17396	9161,32478,8729,10713,10714,16838,18672,17517,2738,15915,18880
0	1824	17726	9161,32478,8729,10713,10714,16838,18672,17517,2738,15915,18880,17396
0	1824	19667	9161,32478,8729,10713,10714,16838,18672,17517,2738,15915,18880,17396
0	1824	21496	9161,32478,8729,10713,10714,16838,18672,17517,2738,15915,18880,17396
0	1824	19251	9161,32478,8729,10713,10714,16838,18672,17517,2738,15915,18880,17396
0	1824	17670	9161,32478,8729,10713,10714,16838,18672,17517,2738,15915,18880,17396
1	1824	21172	9161,32478,8729,10713,10714,16838,18672,17517,2738,15915,18880,17396
0	1824	21511	9161,32478,8729,10713,10714,16838,18672,17517,2738,15915,18880,17396,21172
1	1824	76	9161,32478,8729,10713,10714,16838,18672,17517,2738,15915,18880,17396,21172
1	1824	16442	9161,32478,8729,10713,10714,16838,18672,17517,2738,15915,18880,17396,21172,76
0	1824	17042	9161,32478,8729,10713,10714,16838,18672,17517,2738,15915,18880,17396,21172,76,16442
1	1824	32650	9161,32478,8729,10713,10714,16838,18672,17517,2738,15915,18880,17396,21172,76,16442
1	1824	32816	9161,32478,8729,10713,10714,16838,18672,17517,2738,15915,18880,17396,21172,76,16442,32650
1	1824	20785	9161,32478,8729,10713,10714,16838,18672,17517,2738,15915,18880,17396,21172,76,16442,32650,32816
0	1824	12964	9161,32478,8729,10713,10714,16838,18672,17517,2738,15915,18880,17396,21172,76,16442,32650,32816,20785
0	1824	24035	9161,32478,8729,10713,10714,16838,18672,17517,2738,15915,18880,17396,21172,76,16442,32650,32816,20785
0	1824	24728	9161,32478,8729,10713,10714,16838,18672,17517,2738,15915,18880,17396,21172,76,16442,32650,32816,20785
0	1824	24787	9161,32478,8729,10713,10714,16838,18672,17517,2738,15915,18880,17396,21172,76,16442,32650,32816,20785
1	1824	25132	9161,32478,8729,10713,10714,16838,18672,17517,2738,15915,18880,17396,21172,76,16442,32650,32816,20785
1	1824	22109	9161,32478,8729,10713,10714,16838,18672,17517,2738,15915,18880,17396,21172,76,16442,32650,32816,20785,25132
1	1824	5396	9161,32478,8729,10713,10714,16838,18672,17517,2738,15915,18880,17396,21172,76,16442,32650,32816,20785,25132,22109
1	1824	19232	9161,32478,8729,10713,10714,16838,18672,17517,2738,15915,18880,17396,21172,76,16442,32650,32816,20785,25132,22109,5396
1	1824	19746	9161,32478,8729,10713,10714,16838,18672,17517,2738,15915,18880,17396,21172,76,16442,32650,32816,20785,25132,22109,5396,19232
1	1824	25246	9161,32478,8729,10713,10714,16838,18672,17517,2738,15915,18880,17396,21172,76,16442,32650,32816,20785,25132,22109,5396,19232,19746
0	1824	25778	9161,32478,8729,10713,10714,16838,18672,17517,2738,15915,18880,17396,21172,76,16442,32650,32816,20785,25132,22109,5396,19232,19746,25246
1	1824	25978	9161,32478,8729,10713,10714,16838,18672,17517,2738,15915,18880,17396,21172,76,16442,32650,32816,20785,25132,22109,5396,19232,19746,25246
0	1824	23146	9161,32478,8729,10713,10714,16838,18672,17517,2738,15915,18880,17396,21172,76,16442,32650,32816,20785,25132,22109,5396,19232,19746,25246,25978
0	1824	25418	9161,32478,8729,10713,10714,16838,18672,17517,2738,15915,18880,17396,21172,76,16442,32650,32816,20785,25132,22109,5396,19232,19746,25246,25978
0	1824	25248	9161,32478,8729,10713,10714,16838,18672,17517,2738,15915,18880,17396,21172,76,16442,32650,32816,20785,25132,22109,5396,19232,19746,25246,25978
1	1824	25554	9161,32478,8729,10713,10714,16838,18672,17517,2738,15915,18880,17396,21172,76,16442,32650,32816,20785,25132,22109,5396,19232,19746,25246,25978
1	1824	25492	9161,32478,8729,10713,10714,16838,18672,17517,2738,15915,18880,17396,21172,76,16442,32650,32816,20785,25132,22109,5396,19232,19746,25246,25978,25554
1	1824	21225	9161,32478,8729,10713,10714,16838,18672,17517,2738,15915,18880,17396,21172,76,16442,32650,32816,20785,25132,22109,5396,19232,19746,25246,25978,25554,25492
0	1824	23430	9161,32478,8729,10713,10714,16838,18672,17517,2738,15915,18880,17396,21172,76,16442,32650,32816,20785,25132,22109,5396,19232,19746,25246,25978,25554,25492,21225
1	1824	23768	9161,32478,8729,10713,10714,16838,18672,17517,2738,15915,18880,17396,21172,76,16442,32650,32816,20785,25132,22109,5396,19232,19746,25246,25978,25554,25492,21225
1	1824	25832	9161,32478,8729,10713,10714,16838,18672,17517,2738,15915,18880,17396,21172,76,16442,32650,32816,20785,25132,22109,5396,19232,19746,25246,25978,25554,25492,21225,23768
1	1824	26752	9161,32478,8729,10713,10714,16838,18672,17517,2738,15915,18880,17396,21172,76,16442,32650,32816,20785,25132,22109,5396,19232,19746,25246,25978,25554,25492,21225,23768,25832
0	1824	27586	9161,32478,8729,10713,10714,16838,18672,17517,2738,15915,18880,17396,21172,76,16442,32650,32816,20785,25132,22109,5396,19232,19746,25246,25978,25554,25492,21225,23768,25832,26752
0	1824	27379	9161,32478,8729,10713,10714,16838,18672,17517,2738,15915,18880,17396,21172,76,16442,32650,32816,20785,25132,22109,5396,19232,19746,25246,25978,25554,25492,21225,23768,25832,26752
1	1824	26786	9161,32478,8729,10713,10714,16838,18672,17517,2738,15915,18880,17396,21172,76,16442,32650,32816,20785,25132,22109,5396,19232,19746,25246,25978,25554,25492,21225,23768,25832,26752
0	1824	28161	9161,32478,8729,10713,10714,16838,18672,17517,2738,15915,18880,17396,21172,76,16442,32650,32816,20785,25132,22109,5396,19232,19746,25246,25978,25554,25492,21225,23768,25832,26752,26786
1	1824	19878	9161,32478,8729,10713,10714,16838,18672,17517,2738,15915,18880,17396,21172,76,16442,32650,32816,20785,25132,22109,5396,19232,19746,25246,25978,25554,25492,21225,23768,25832,26752,26786
1	1824	28209	9161,32478,8729,10713,10714,16838,18672,17517,2738,15915,18880,17396,21172,76,16442,32650,32816,20785,25132,22109,5396,19232,19746,25246,25978,25554,25492,21225,23768,25832,26752,26786,19878
0	1824	28642	9161,32478,8729,10713,10714,16838,18672,17517,2738,15915,18880,17396,21172,76,16442,32650,32816,20785,25132,22109,5396,19232,19746,25246,25978,25554,25492,21225,23768,25832,26752,26786,19878,28209
0	1824	29329	9161,32478,8729,10713,10714,16838,18672,17517,2738,15915,18880,17396,21172,76,16442,32650,32816,20785,25132,22109,5396,19232,19746,25246,25978,25554,25492,21225,23768,25832,26752,26786,19878,28209
1	1824	985	9161,32478,8729,10713,10714,16838,18672,17517,2738,15915,18880,17396,21172,76,16442,32650,32816,20785,25132,22109,5396,19232,19746,25246,25978,25554,25492,21225,23768,25832,26752,26786,19878,28209
1	1824	2774	9161,32478,8729,10713,10714,16838,18672,17517,2738,15915,18880,17396,21172,76,16442,32650,32816,20785,25132,22109,5396,19232,19746,25246,25978,25554,25492,21225,23768,25832,26752,26786,19878,28209,985
0	1824	21627	9161,32478,8729,10713,10714,16838,18672,17517,2738,15915,18880,17396,21172,76,16442,32650,32816,20785,25132,22109,5396,19232,19746,25246,25978,25554,25492,21225,23768,25832,26752,26786,19878,28209,985,2774
