0	535	3397	0
1	535	4595	0
0	535	3349	4595
0	535	32106	4595
1	535	8527	4595
0	535	5549	4595,8527
0	535	8942	4595,8527
1	535	7902	4595,8527
0	535	8774	4595,8527,7902
1	535	10660	4595,8527,7902
1	535	6208	4595,8527,7902,10660
1	535	5112	4595,8527,7902,10660,6208
1	535	9462	4595,8527,7902,10660,6208,5112
1	535	32888	4595,8527,7902,10660,6208,5112,9462
0	535	10299	4595,8527,7902,10660,6208,5112,9462,32888
1	535	2824	4595,8527,7902,10660,6208,5112,9462,32888
1	535	10602	4595,8527,7902,10660,6208,5112,9462,32888,2824
0	535	47	4595,8527,7902,10660,6208,5112,9462,32888,2824,10602
1	535	4319	4595,8527,7902,10660,6208,5112,9462,32888,2824,10602
1	535	7642	4595,8527,7902,10660,6208,5112,9462,32888,2824,10602,4319
1	535	7643	4595,8527,7902,10660,6208,5112,9462,32888,2824,10602,4319,7642
1	535	1998	4595,8527,7902,10660,6208,5112,9462,32888,2824,10602,4319,7642,7643
1	535	7918	4595,8527,7902,10660,6208,5112,9462,32888,2824,10602,4319,7642,7643,1998
1	535	2327	4595,8527,7902,10660,6208,5112,9462,32888,2824,10602,4319,7642,7643,1998,7918
1	535	6638	4595,8527,7902,10660,6208,5112,9462,32888,2824,10602,4319,7642,7643,1998,7918,2327
0	535	6913	4595,8527,7902,10660,6208,5112,9462,32888,2824,10602,4319,7642,7643,1998,7918,2327,6638
0	535	11303	4595,8527,7902,10660,6208,5112,9462,32888,2824,10602,4319,7642,7643,1998,7918,2327,6638
0	535	12238	4595,8527,7902,10660,6208,5112,9462,32888,2824,10602,4319,7642,7643,1998,7918,2327,6638
0	535	13309	4595,8527,7902,10660,6208,5112,9462,32888,2824,10602,4319,7642,7643,1998,7918,2327,6638
1	535	11916	4595,8527,7902,10660,6208,5112,9462,32888,2824,10602,4319,7642,7643,1998,7918,2327,6638
1	535	13255	4595,8527,7902,10660,6208,5112,9462,32888,2824,10602,4319,7642,7643,1998,7918,2327,6638,11916
1	535	10774	4595,8527,7902,10660,6208,5112,9462,32888,2824,10602,4319,7642,7643,1998,7918,2327,6638,11916,13255
1	535	14147	4595,8527,7902,10660,6208,5112,9462,32888,2824,10602,4319,7642,7643,1998,7918,2327,6638,11916,13255,10774
0	535	10708	4595,8527,7902,10660,6208,5112,9462,32888,2824,10602,4319,7642,7643,1998,7918,2327,6638,11916,13255,10774,14147
0	535	12291	4595,8527,7902,10660,6208,5112,9462,32888,2824,10602,4319,7642,7643,1998,7918,2327,6638,11916,13255,10774,14147
0	535	13384	4595,8527,7902,10660,6208,5112,9462,32888,2824,10602,4319,7642,7643,1998,7918,2327,6638,11916,13255,10774,14147
1	535	12606	4595,8527,7902,10660,6208,5112,9462,32888,2824,10602,4319,7642,7643,1998,7918,2327,6638,11916,13255,10774,14147
1	535	16449	4595,8527,7902,10660,6208,5112,9462,32888,2824,10602,4319,7642,7643,1998,7918,2327,6638,11916,13255,10774,14147,12606
1	535	10738	4595,8527,7902,10660,6208,5112,9462,32888,2824,10602,4319,7642,7643,1998,7918,2327,6638,11916,13255,10774,14147,12606,16449
0	535	14344	4595,8527,7902,10660,6208,5112,9462,32888,2824,10602,4319,7642,7643,1998,7918,2327,6638,11916,13255,10774,14147,12606,16449,10738
0	535	14311	4595,8527,7902,10660,6208,5112,9462,32888,2824,10602,4319,7642,7643,1998,7918,2327,6638,11916,13255,10774,14147,12606,16449,10738
0	535	4369	4595,8527,7902,10660,6208,5112,9462,32888,2824,10602,4319,7642,7643,1998,7918,2327,6638,11916,13255,10774,14147,12606,16449,10738
1	535	12935	4595,8527,7902,10660,6208,5112,9462,32888,2824,10602,4319,7642,7643,1998,7918,2327,6638,11916,13255,10774,14147,12606,16449,10738
1	535	14761	4595,8527,7902,10660,6208,5112,9462,32888,2824,10602,4319,7642,7643,1998,7918,2327,6638,11916,13255,10774,14147,12606,16449,10738,12935
0	535	17133	4595,8527,7902,10660,6208,5112,9462,32888,2824,10602,4319,7642,7643,1998,7918,2327,6638,11916,13255,10774,14147,12606,16449,10738,12935,14761
0	535	32112	4595,8527,7902,10660,6208,5112,9462,32888,2824,10602,4319,7642,7643,1998,7918,2327,6638,11916,13255,10774,14147,12606,16449,10738,12935,14761
1	535	17298	4595,8527,7902,10660,6208,5112,9462,32888,2824,10602,4319,7642,7643,1998,7918,2327,6638,11916,13255,10774,14147,12606,16449,10738,12935,14761
0	535	15015	4595,8527,7902,10660,6208,5112,9462,32888,2824,10602,4319,7642,7643,1998,7918,2327,6638,11916,13255,10774,14147,12606,16449,10738,12935,14761,17298
0	535	19805	4595,8527,7902,10660,6208,5112,9462,32888,2824,10602,4319,7642,7643,1998,7918,2327,6638,11916,13255,10774,14147,12606,16449,10738,12935,14761,17298
0	535	18916	4595,8527,7902,10660,6208,5112,9462,32888,2824,10602,4319,7642,7643,1998,7918,2327,6638,11916,13255,10774,14147,12606,16449,10738,12935,14761,17298
1	535	4342	4595,8527,7902,10660,6208,5112,9462,32888,2824,10602,4319,7642,7643,1998,7918,2327,6638,11916,13255,10774,14147,12606,16449,10738,12935,14761,17298
1	535	23447	4595,8527,7902,10660,6208,5112,9462,32888,2824,10602,4319,7642,7643,1998,7918,2327,6638,11916,13255,10774,14147,12606,16449,10738,12935,14761,17298,4342
1	535	22860	4595,8527,7902,10660,6208,5112,9462,32888,2824,10602,4319,7642,7643,1998,7918,2327,6638,11916,13255,10774,14147,12606,16449,10738,12935,14761,17298,4342,23447
1	535	4531	4595,8527,7902,10660,6208,5112,9462,32888,2824,10602,4319,7642,7643,1998,7918,2327,6638,11916,13255,10774,14147,12606,16449,10738,12935,14761,17298,4342,23447,22860
0	535	8886	4595,8527,7902,10660,6208,5112,9462,32888,2824,10602,4319,7642,7643,1998,7918,2327,6638,11916,13255,10774,14147,12606,16449,10738,12935,14761,17298,4342,23447,22860,4531
0	535	17587	4595,8527,7902,10660,6208,5112,9462,32888,2824,10602,4319,7642,7643,1998,7918,2327,6638,11916,13255,10774,14147,12606,16449,10738,12935,14761,17298,4342,23447,22860,4531
0	535	23230	4595,8527,7902,10660,6208,5112,9462,32888,2824,10602,4319,7642,7643,1998,7918,2327,6638,11916,13255,10774,14147,12606,16449,10738,12935,14761,17298,4342,23447,22860,4531
0	535	21383	4595,8527,7902,10660,6208,5112,9462,32888,2824,10602,4319,7642,7643,1998,7918,2327,6638,11916,13255,10774,14147,12606,16449,10738,12935,14761,17298,4342,23447,22860,4531
1	535	22222	4595,8527,7902,10660,6208,5112,9462,32888,2824,10602,4319,7642,7643,1998,7918,2327,6638,11916,13255,10774,14147,12606,16449,10738,12935,14761,17298,4342,23447,22860,4531
1	535	26018	4595,8527,7902,10660,6208,5112,9462,32888,2824,10602,4319,7642,7643,1998,7918,2327,6638,11916,13255,10774,14147,12606,16449,10738,12935,14761,17298,4342,23447,22860,4531,22222
0	535	20597	4595,8527,7902,10660,6208,5112,9462,32888,2824,10602,4319,7642,7643,1998,7918,2327,6638,11916,13255,10774,14147,12606,16449,10738,12935,14761,17298,4342,23447,22860,4531,22222,26018
1	535	6854	4595,8527,7902,10660,6208,5112,9462,32888,2824,10602,4319,7642,7643,1998,7918,2327,6638,11916,13255,10774,14147,12606,16449,10738,12935,14761,17298,4342,23447,22860,4531,22222,26018
0	535	27151	4595,8527,7902,10660,6208,5112,9462,32888,2824,10602,4319,7642,7643,1998,7918,2327,6638,11916,13255,10774,14147,12606,16449,10738,12935,14761,17298,4342,23447,22860,4531,22222,26018,6854
1	535	28195	4595,8527,7902,10660,6208,5112,9462,32888,2824,10602,4319,7642,7643,1998,7918,2327,6638,11916,13255,10774,14147,12606,16449,10738,12935,14761,17298,4342,23447,22860,4531,22222,26018,6854
0	535	23828	4595,8527,7902,10660,6208,5112,9462,32888,2824,10602,4319,7642,7643,1998,7918,2327,6638,11916,13255,10774,14147,12606,16449,10738,12935,14761,17298,4342,23447,22860,4531,22222,26018,6854,28195
1	535	27338	4595,8527,7902,10660,6208,5112,9462,32888,2824,10602,4319,7642,7643,1998,7918,2327,6638,11916,13255,10774,14147,12606,16449,10738,12935,14761,17298,4342,23447,22860,4531,22222,26018,6854,28195
1	535	27545	4595,8527,7902,10660,6208,5112,9462,32888,2824,10602,4319,7642,7643,1998,7918,2327,6638,11916,13255,10774,14147,12606,16449,10738,12935,14761,17298,4342,23447,22860,4531,22222,26018,6854,28195,27338
1	535	24475	4595,8527,7902,10660,6208,5112,9462,32888,2824,10602,4319,7642,7643,1998,7918,2327,6638,11916,13255,10774,14147,12606,16449,10738,12935,14761,17298,4342,23447,22860,4531,22222,26018,6854,28195,27338,27545
1	535	27126	4595,8527,7902,10660,6208,5112,9462,32888,2824,10602,4319,7642,7643,1998,7918,2327,6638,11916,13255,10774,14147,12606,16449,10738,12935,14761,17298,4342,23447,22860,4531,22222,26018,6854,28195,27338,27545,24475
0	535	28439	4595,8527,7902,10660,6208,5112,9462,32888,2824,10602,4319,7642,7643,1998,7918,2327,6638,11916,13255,10774,14147,12606,16449,10738,12935,14761,17298,4342,23447,22860,4531,22222,26018,6854,28195,27338,27545,24475,27126
0	535	25826	4595,8527,7902,10660,6208,5112,9462,32888,2824,10602,4319,7642,7643,1998,7918,2327,6638,11916,13255,10774,14147,12606,16449,10738,12935,14761,17298,4342,23447,22860,4531,22222,26018,6854,28195,27338,27545,24475,27126
0	535	23991	4595,8527,7902,10660,6208,5112,9462,32888,2824,10602,4319,7642,7643,1998,7918,2327,6638,11916,13255,10774,14147,12606,16449,10738,12935,14761,17298,4342,23447,22860,4531,22222,26018,6854,28195,27338,27545,24475,27126
1	535	31707	4595,8527,7902,10660,6208,5112,9462,32888,2824,10602,4319,7642,7643,1998,7918,2327,6638,11916,13255,10774,14147,12606,16449,10738,12935,14761,17298,4342,23447,22860,4531,22222,26018,6854,28195,27338,27545,24475,27126
0	535	28902	4595,8527,7902,10660,6208,5112,9462,32888,2824,10602,4319,7642,7643,1998,7918,2327,6638,11916,13255,10774,14147,12606,16449,10738,12935,14761,17298,4342,23447,22860,4531,22222,26018,6854,28195,27338,27545,24475,27126,31707
1	535	29463	4595,8527,7902,10660,6208,5112,9462,32888,2824,10602,4319,7642,7643,1998,7918,2327,6638,11916,13255,10774,14147,12606,16449,10738,12935,14761,17298,4342,23447,22860,4531,22222,26018,6854,28195,27338,27545,24475,27126,31707
