1	648	1755	0
1	648	4432	1755
1	648	1418	1755,4432
1	648	23340	1755,4432,1418
0	648	4532	1755,4432,1418,23340
0	648	4576	1755,4432,1418,23340
1	648	3733	1755,4432,1418,23340
0	648	6105	1755,4432,1418,23340,3733
1	648	23958	1755,4432,1418,23340,3733
1	648	3781	1755,4432,1418,23340,3733,23958
1	648	3782	1755,4432,1418,23340,3733,23958,3781
1	648	3787	1755,4432,1418,23340,3733,23958,3781,3782
0	648	536	1755,4432,1418,23340,3733,23958,3781,3782,3787
1	648	6958	1755,4432,1418,23340,3733,23958,3781,3782,3787
1	648	8877	1755,4432,1418,23340,3733,23958,3781,3782,3787,6958
0	648	9132	1755,4432,1418,23340,3733,23958,3781,3782,3787,6958,8877
1	648	7195	1755,4432,1418,23340,3733,23958,3781,3782,3787,6958,8877
0	648	7711	1755,4432,1418,23340,3733,23958,3781,3782,3787,6958,8877,7195
0	648	10739	1755,4432,1418,23340,3733,23958,3781,3782,3787,6958,8877,7195
1	648	13223	1755,4432,1418,23340,3733,23958,3781,3782,3787,6958,8877,7195
1	648	13227	1755,4432,1418,23340,3733,23958,3781,3782,3787,6958,8877,7195,13223
1	648	9399	1755,4432,1418,23340,3733,23958,3781,3782,3787,6958,8877,7195,13223,13227
0	648	13667	1755,4432,1418,23340,3733,23958,3781,3782,3787,6958,8877,7195,13223,13227,9399
1	648	13873	1755,4432,1418,23340,3733,23958,3781,3782,3787,6958,8877,7195,13223,13227,9399
0	648	15138	1755,4432,1418,23340,3733,23958,3781,3782,3787,6958,8877,7195,13223,13227,9399,13873
1	648	6749	1755,4432,1418,23340,3733,23958,3781,3782,3787,6958,8877,7195,13223,13227,9399,13873
0	648	12491	1755,4432,1418,23340,3733,23958,3781,3782,3787,6958,8877,7195,13223,13227,9399,13873,6749
1	648	18675	1755,4432,1418,23340,3733,23958,3781,3782,3787,6958,8877,7195,13223,13227,9399,13873,6749
0	648	12597	1755,4432,1418,23340,3733,23958,3781,3782,3787,6958,8877,7195,13223,13227,9399,13873,6749,18675
1	648	17052	1755,4432,1418,23340,3733,23958,3781,3782,3787,6958,8877,7195,13223,13227,9399,13873,6749,18675
0	648	19619	1755,4432,1418,23340,3733,23958,3781,3782,3787,6958,8877,7195,13223,13227,9399,13873,6749,18675,17052
0	648	16441	1755,4432,1418,23340,3733,23958,3781,3782,3787,6958,8877,7195,13223,13227,9399,13873,6749,18675,17052
1	648	19395	1755,4432,1418,23340,3733,23958,3781,3782,3787,6958,8877,7195,13223,13227,9399,13873,6749,18675,17052
1	648	18887	1755,4432,1418,23340,3733,23958,3781,3782,3787,6958,8877,7195,13223,13227,9399,13873,6749,18675,17052,19395
0	648	19822	1755,4432,1418,23340,3733,23958,3781,3782,3787,6958,8877,7195,13223,13227,9399,13873,6749,18675,17052,19395,18887
0	648	19201	1755,4432,1418,23340,3733,23958,3781,3782,3787,6958,8877,7195,13223,13227,9399,13873,6749,18675,17052,19395,18887
0	648	21074	1755,4432,1418,23340,3733,23958,3781,3782,3787,6958,8877,7195,13223,13227,9399,13873,6749,18675,17052,19395,18887
0	648	23449	1755,4432,1418,23340,3733,23958,3781,3782,3787,6958,8877,7195,13223,13227,9399,13873,6749,18675,17052,19395,18887
0	648	15220	1755,4432,1418,23340,3733,23958,3781,3782,3787,6958,8877,7195,13223,13227,9399,13873,6749,18675,17052,19395,18887
0	648	10601	1755,4432,1418,23340,3733,23958,3781,3782,3787,6958,8877,7195,13223,13227,9399,13873,6749,18675,17052,19395,18887
1	648	24703	1755,4432,1418,23340,3733,23958,3781,3782,3787,6958,8877,7195,13223,13227,9399,13873,6749,18675,17052,19395,18887
0	648	14227	1755,4432,1418,23340,3733,23958,3781,3782,3787,6958,8877,7195,13223,13227,9399,13873,6749,18675,17052,19395,18887,24703
1	648	20634	1755,4432,1418,23340,3733,23958,3781,3782,3787,6958,8877,7195,13223,13227,9399,13873,6749,18675,17052,19395,18887,24703
1	648	1355	1755,4432,1418,23340,3733,23958,3781,3782,3787,6958,8877,7195,13223,13227,9399,13873,6749,18675,17052,19395,18887,24703,20634
1	648	15218	1755,4432,1418,23340,3733,23958,3781,3782,3787,6958,8877,7195,13223,13227,9399,13873,6749,18675,17052,19395,18887,24703,20634,1355
0	648	26063	1755,4432,1418,23340,3733,23958,3781,3782,3787,6958,8877,7195,13223,13227,9399,13873,6749,18675,17052,19395,18887,24703,20634,1355,15218
0	648	22890	1755,4432,1418,23340,3733,23958,3781,3782,3787,6958,8877,7195,13223,13227,9399,13873,6749,18675,17052,19395,18887,24703,20634,1355,15218
0	648	23760	1755,4432,1418,23340,3733,23958,3781,3782,3787,6958,8877,7195,13223,13227,9399,13873,6749,18675,17052,19395,18887,24703,20634,1355,15218
0	648	23768	1755,4432,1418,23340,3733,23958,3781,3782,3787,6958,8877,7195,13223,13227,9399,13873,6749,18675,17052,19395,18887,24703,20634,1355,15218
1	648	25825	1755,4432,1418,23340,3733,23958,3781,3782,3787,6958,8877,7195,13223,13227,9399,13873,6749,18675,17052,19395,18887,24703,20634,1355,15218
1	648	28280	1755,4432,1418,23340,3733,23958,3781,3782,3787,6958,8877,7195,13223,13227,9399,13873,6749,18675,17052,19395,18887,24703,20634,1355,15218,25825
1	648	28902	1755,4432,1418,23340,3733,23958,3781,3782,3787,6958,8877,7195,13223,13227,9399,13873,6749,18675,17052,19395,18887,24703,20634,1355,15218,25825,28280
