1	566	9332	0
0	566	64	9332
1	566	32412	9332
0	566	6078	9332,32412
0	566	23	9332,32412
0	566	484	9332,32412
0	566	1595	9332,32412
1	566	27839	9332,32412
0	566	2382	9332,32412,27839
1	566	3975	9332,32412,27839
0	566	9102	9332,32412,27839,3975
1	566	4605	9332,32412,27839,3975
1	566	13876	9332,32412,27839,3975,4605
1	566	13396	9332,32412,27839,3975,4605,13876
0	566	12770	9332,32412,27839,3975,4605,13876,13396
1	566	13069	9332,32412,27839,3975,4605,13876,13396
1	566	13433	9332,32412,27839,3975,4605,13876,13396,13069
0	566	14390	9332,32412,27839,3975,4605,13876,13396,13069,13433
0	566	18716	9332,32412,27839,3975,4605,13876,13396,13069,13433
0	566	21007	9332,32412,27839,3975,4605,13876,13396,13069,13433
0	566	26702	9332,32412,27839,3975,4605,13876,13396,13069,13433
0	566	18506	9332,32412,27839,3975,4605,13876,13396,13069,13433
1	566	30875	9332,32412,27839,3975,4605,13876,13396,13069,13433
0	566	32164	9332,32412,27839,3975,4605,13876,13396,13069,13433,30875
0	566	799	9332,32412,27839,3975,4605,13876,13396,13069,13433,30875
0	566	32659	9332,32412,27839,3975,4605,13876,13396,13069,13433,30875
0	566	993	9332,32412,27839,3975,4605,13876,13396,13069,13433,30875
0	566	1307	9332,32412,27839,3975,4605,13876,13396,13069,13433,30875
0	566	8021	9332,32412,27839,3975,4605,13876,13396,13069,13433,30875
0	566	9150	9332,32412,27839,3975,4605,13876,13396,13069,13433,30875
1	566	4025	9332,32412,27839,3975,4605,13876,13396,13069,13433,30875
0	566	14535	9332,32412,27839,3975,4605,13876,13396,13069,13433,30875,4025
0	566	19172	9332,32412,27839,3975,4605,13876,13396,13069,13433,30875,4025
1	566	19263	9332,32412,27839,3975,4605,13876,13396,13069,13433,30875,4025
1	566	20096	9332,32412,27839,3975,4605,13876,13396,13069,13433,30875,4025,19263
0	566	23984	9332,32412,27839,3975,4605,13876,13396,13069,13433,30875,4025,19263,20096
0	566	23986	9332,32412,27839,3975,4605,13876,13396,13069,13433,30875,4025,19263,20096
0	566	31209	9332,32412,27839,3975,4605,13876,13396,13069,13433,30875,4025,19263,20096
1	566	3636	9332,32412,27839,3975,4605,13876,13396,13069,13433,30875,4025,19263,20096
0	566	17742	9332,32412,27839,3975,4605,13876,13396,13069,13433,30875,4025,19263,20096,3636
1	566	19809	9332,32412,27839,3975,4605,13876,13396,13069,13433,30875,4025,19263,20096,3636
0	566	12586	9332,32412,27839,3975,4605,13876,13396,13069,13433,30875,4025,19263,20096,3636,19809
0	566	13730	9332,32412,27839,3975,4605,13876,13396,13069,13433,30875,4025,19263,20096,3636,19809
1	566	14295	9332,32412,27839,3975,4605,13876,13396,13069,13433,30875,4025,19263,20096,3636,19809
0	566	18100	9332,32412,27839,3975,4605,13876,13396,13069,13433,30875,4025,19263,20096,3636,19809,14295
1	566	5190	9332,32412,27839,3975,4605,13876,13396,13069,13433,30875,4025,19263,20096,3636,19809,14295
1	566	21819	9332,32412,27839,3975,4605,13876,13396,13069,13433,30875,4025,19263,20096,3636,19809,14295,5190
0	566	1534	9332,32412,27839,3975,4605,13876,13396,13069,13433,30875,4025,19263,20096,3636,19809,14295,5190,21819
1	566	22028	9332,32412,27839,3975,4605,13876,13396,13069,13433,30875,4025,19263,20096,3636,19809,14295,5190,21819
0	566	13113	9332,32412,27839,3975,4605,13876,13396,13069,13433,30875,4025,19263,20096,3636,19809,14295,5190,21819,22028
0	566	19326	9332,32412,27839,3975,4605,13876,13396,13069,13433,30875,4025,19263,20096,3636,19809,14295,5190,21819,22028
1	566	32051	9332,32412,27839,3975,4605,13876,13396,13069,13433,30875,4025,19263,20096,3636,19809,14295,5190,21819,22028
1	566	4046	9332,32412,27839,3975,4605,13876,13396,13069,13433,30875,4025,19263,20096,3636,19809,14295,5190,21819,22028,32051
0	566	21662	9332,32412,27839,3975,4605,13876,13396,13069,13433,30875,4025,19263,20096,3636,19809,14295,5190,21819,22028,32051,4046
0	566	14777	9332,32412,27839,3975,4605,13876,13396,13069,13433,30875,4025,19263,20096,3636,19809,14295,5190,21819,22028,32051,4046
1	566	16425	9332,32412,27839,3975,4605,13876,13396,13069,13433,30875,4025,19263,20096,3636,19809,14295,5190,21819,22028,32051,4046
1	566	9678	9332,32412,27839,3975,4605,13876,13396,13069,13433,30875,4025,19263,20096,3636,19809,14295,5190,21819,22028,32051,4046,16425
