1	1604	30971	0
0	1604	15963	30971
1	1604	100	30971
0	1604	224	30971,100
0	1604	32216	30971,100
0	1604	5642	30971,100
1	1604	5591	30971,100
0	1604	6089	30971,100,5591
1	1604	958	30971,100,5591
0	1604	1948	30971,100,5591,958
1	1604	10018	30971,100,5591,958
0	1604	2600	30971,100,5591,958,10018
1	1604	4502	30971,100,5591,958,10018
1	1604	5103	30971,100,5591,958,10018,4502
1	1604	13786	30971,100,5591,958,10018,4502,5103
1	1604	25111	30971,100,5591,958,10018,4502,5103,13786
1	1604	3005	30971,100,5591,958,10018,4502,5103,13786,25111
0	1604	5220	30971,100,5591,958,10018,4502,5103,13786,25111,3005
1	1604	6778	30971,100,5591,958,10018,4502,5103,13786,25111,3005
1	1604	7177	30971,100,5591,958,10018,4502,5103,13786,25111,3005,6778
1	1604	3356	30971,100,5591,958,10018,4502,5103,13786,25111,3005,6778,7177
1	1604	6976	30971,100,5591,958,10018,4502,5103,13786,25111,3005,6778,7177,3356
1	1604	6035	30971,100,5591,958,10018,4502,5103,13786,25111,3005,6778,7177,3356,6976
1	1604	4696	30971,100,5591,958,10018,4502,5103,13786,25111,3005,6778,7177,3356,6976,6035
0	1604	7193	30971,100,5591,958,10018,4502,5103,13786,25111,3005,6778,7177,3356,6976,6035,4696
0	1604	31089	30971,100,5591,958,10018,4502,5103,13786,25111,3005,6778,7177,3356,6976,6035,4696
0	1604	23776	30971,100,5591,958,10018,4502,5103,13786,25111,3005,6778,7177,3356,6976,6035,4696
1	1604	5486	30971,100,5591,958,10018,4502,5103,13786,25111,3005,6778,7177,3356,6976,6035,4696
0	1604	6952	30971,100,5591,958,10018,4502,5103,13786,25111,3005,6778,7177,3356,6976,6035,4696,5486
1	1604	7541	30971,100,5591,958,10018,4502,5103,13786,25111,3005,6778,7177,3356,6976,6035,4696,5486
0	1604	6446	30971,100,5591,958,10018,4502,5103,13786,25111,3005,6778,7177,3356,6976,6035,4696,5486,7541
1	1604	6434	30971,100,5591,958,10018,4502,5103,13786,25111,3005,6778,7177,3356,6976,6035,4696,5486,7541
0	1604	7377	30971,100,5591,958,10018,4502,5103,13786,25111,3005,6778,7177,3356,6976,6035,4696,5486,7541,6434
1	1604	4976	30971,100,5591,958,10018,4502,5103,13786,25111,3005,6778,7177,3356,6976,6035,4696,5486,7541,6434
0	1604	4527	30971,100,5591,958,10018,4502,5103,13786,25111,3005,6778,7177,3356,6976,6035,4696,5486,7541,6434,4976
1	1604	8261	30971,100,5591,958,10018,4502,5103,13786,25111,3005,6778,7177,3356,6976,6035,4696,5486,7541,6434,4976
1	1604	1548	30971,100,5591,958,10018,4502,5103,13786,25111,3005,6778,7177,3356,6976,6035,4696,5486,7541,6434,4976,8261
1	1604	7792	30971,100,5591,958,10018,4502,5103,13786,25111,3005,6778,7177,3356,6976,6035,4696,5486,7541,6434,4976,8261,1548
1	1604	3832	30971,100,5591,958,10018,4502,5103,13786,25111,3005,6778,7177,3356,6976,6035,4696,5486,7541,6434,4976,8261,1548,7792
0	1604	6974	30971,100,5591,958,10018,4502,5103,13786,25111,3005,6778,7177,3356,6976,6035,4696,5486,7541,6434,4976,8261,1548,7792,3832
1	1604	6345	30971,100,5591,958,10018,4502,5103,13786,25111,3005,6778,7177,3356,6976,6035,4696,5486,7541,6434,4976,8261,1548,7792,3832
1	1604	6230	30971,100,5591,958,10018,4502,5103,13786,25111,3005,6778,7177,3356,6976,6035,4696,5486,7541,6434,4976,8261,1548,7792,3832,6345
1	1604	7576	30971,100,5591,958,10018,4502,5103,13786,25111,3005,6778,7177,3356,6976,6035,4696,5486,7541,6434,4976,8261,1548,7792,3832,6345,6230
1	1604	5219	30971,100,5591,958,10018,4502,5103,13786,25111,3005,6778,7177,3356,6976,6035,4696,5486,7541,6434,4976,8261,1548,7792,3832,6345,6230,7576
1	1604	6895	30971,100,5591,958,10018,4502,5103,13786,25111,3005,6778,7177,3356,6976,6035,4696,5486,7541,6434,4976,8261,1548,7792,3832,6345,6230,7576,5219
1	1604	8510	30971,100,5591,958,10018,4502,5103,13786,25111,3005,6778,7177,3356,6976,6035,4696,5486,7541,6434,4976,8261,1548,7792,3832,6345,6230,7576,5219,6895
0	1604	7384	30971,100,5591,958,10018,4502,5103,13786,25111,3005,6778,7177,3356,6976,6035,4696,5486,7541,6434,4976,8261,1548,7792,3832,6345,6230,7576,5219,6895,8510
1	1604	8891	30971,100,5591,958,10018,4502,5103,13786,25111,3005,6778,7177,3356,6976,6035,4696,5486,7541,6434,4976,8261,1548,7792,3832,6345,6230,7576,5219,6895,8510
1	1604	8931	30971,100,5591,958,10018,4502,5103,13786,25111,3005,6778,7177,3356,6976,6035,4696,5486,7541,6434,4976,8261,1548,7792,3832,6345,6230,7576,5219,6895,8510,8891
1	1604	6858	30971,100,5591,958,10018,4502,5103,13786,25111,3005,6778,7177,3356,6976,6035,4696,5486,7541,6434,4976,8261,1548,7792,3832,6345,6230,7576,5219,6895,8510,8891,8931
1	1604	9879	30971,100,5591,958,10018,4502,5103,13786,25111,3005,6778,7177,3356,6976,6035,4696,5486,7541,6434,4976,8261,1548,7792,3832,6345,6230,7576,5219,6895,8510,8891,8931,6858
1	1604	9462	30971,100,5591,958,10018,4502,5103,13786,25111,3005,6778,7177,3356,6976,6035,4696,5486,7541,6434,4976,8261,1548,7792,3832,6345,6230,7576,5219,6895,8510,8891,8931,6858,9879
0	1604	10472	30971,100,5591,958,10018,4502,5103,13786,25111,3005,6778,7177,3356,6976,6035,4696,5486,7541,6434,4976,8261,1548,7792,3832,6345,6230,7576,5219,6895,8510,8891,8931,6858,9879,9462
1	1604	12019	30971,100,5591,958,10018,4502,5103,13786,25111,3005,6778,7177,3356,6976,6035,4696,5486,7541,6434,4976,8261,1548,7792,3832,6345,6230,7576,5219,6895,8510,8891,8931,6858,9879,9462
0	1604	9616	30971,100,5591,958,10018,4502,5103,13786,25111,3005,6778,7177,3356,6976,6035,4696,5486,7541,6434,4976,8261,1548,7792,3832,6345,6230,7576,5219,6895,8510,8891,8931,6858,9879,9462,12019
0	1604	12239	30971,100,5591,958,10018,4502,5103,13786,25111,3005,6778,7177,3356,6976,6035,4696,5486,7541,6434,4976,8261,1548,7792,3832,6345,6230,7576,5219,6895,8510,8891,8931,6858,9879,9462,12019
1	1604	13866	30971,100,5591,958,10018,4502,5103,13786,25111,3005,6778,7177,3356,6976,6035,4696,5486,7541,6434,4976,8261,1548,7792,3832,6345,6230,7576,5219,6895,8510,8891,8931,6858,9879,9462,12019
1	1604	14642	30971,100,5591,958,10018,4502,5103,13786,25111,3005,6778,7177,3356,6976,6035,4696,5486,7541,6434,4976,8261,1548,7792,3832,6345,6230,7576,5219,6895,8510,8891,8931,6858,9879,9462,12019,13866
0	1604	14295	30971,100,5591,958,10018,4502,5103,13786,25111,3005,6778,7177,3356,6976,6035,4696,5486,7541,6434,4976,8261,1548,7792,3832,6345,6230,7576,5219,6895,8510,8891,8931,6858,9879,9462,12019,13866,14642
1	1604	15218	30971,100,5591,958,10018,4502,5103,13786,25111,3005,6778,7177,3356,6976,6035,4696,5486,7541,6434,4976,8261,1548,7792,3832,6345,6230,7576,5219,6895,8510,8891,8931,6858,9879,9462,12019,13866,14642
1	1604	5264	30971,100,5591,958,10018,4502,5103,13786,25111,3005,6778,7177,3356,6976,6035,4696,5486,7541,6434,4976,8261,1548,7792,3832,6345,6230,7576,5219,6895,8510,8891,8931,6858,9879,9462,12019,13866,14642,15218
1	1604	11266	30971,100,5591,958,10018,4502,5103,13786,25111,3005,6778,7177,3356,6976,6035,4696,5486,7541,6434,4976,8261,1548,7792,3832,6345,6230,7576,5219,6895,8510,8891,8931,6858,9879,9462,12019,13866,14642,15218,5264
0	1604	14122	30971,100,5591,958,10018,4502,5103,13786,25111,3005,6778,7177,3356,6976,6035,4696,5486,7541,6434,4976,8261,1548,7792,3832,6345,6230,7576,5219,6895,8510,8891,8931,6858,9879,9462,12019,13866,14642,15218,5264,11266
1	1604	15108	30971,100,5591,958,10018,4502,5103,13786,25111,3005,6778,7177,3356,6976,6035,4696,5486,7541,6434,4976,8261,1548,7792,3832,6345,6230,7576,5219,6895,8510,8891,8931,6858,9879,9462,12019,13866,14642,15218,5264,11266
0	1604	15692	30971,100,5591,958,10018,4502,5103,13786,25111,3005,6778,7177,3356,6976,6035,4696,5486,7541,6434,4976,8261,1548,7792,3832,6345,6230,7576,5219,6895,8510,8891,8931,6858,9879,9462,12019,13866,14642,15218,5264,11266,15108
1	1604	12876	30971,100,5591,958,10018,4502,5103,13786,25111,3005,6778,7177,3356,6976,6035,4696,5486,7541,6434,4976,8261,1548,7792,3832,6345,6230,7576,5219,6895,8510,8891,8931,6858,9879,9462,12019,13866,14642,15218,5264,11266,15108
0	1604	16459	30971,100,5591,958,10018,4502,5103,13786,25111,3005,6778,7177,3356,6976,6035,4696,5486,7541,6434,4976,8261,1548,7792,3832,6345,6230,7576,5219,6895,8510,8891,8931,6858,9879,9462,12019,13866,14642,15218,5264,11266,15108,12876
1	1604	11649	30971,100,5591,958,10018,4502,5103,13786,25111,3005,6778,7177,3356,6976,6035,4696,5486,7541,6434,4976,8261,1548,7792,3832,6345,6230,7576,5219,6895,8510,8891,8931,6858,9879,9462,12019,13866,14642,15218,5264,11266,15108,12876
1	1604	15220	30971,100,5591,958,10018,4502,5103,13786,25111,3005,6778,7177,3356,6976,6035,4696,5486,7541,6434,4976,8261,1548,7792,3832,6345,6230,7576,5219,6895,8510,8891,8931,6858,9879,9462,12019,13866,14642,15218,5264,11266,15108,12876,11649
0	1604	8982	30971,100,5591,958,10018,4502,5103,13786,25111,3005,6778,7177,3356,6976,6035,4696,5486,7541,6434,4976,8261,1548,7792,3832,6345,6230,7576,5219,6895,8510,8891,8931,6858,9879,9462,12019,13866,14642,15218,5264,11266,15108,12876,11649,15220
0	1604	17657	30971,100,5591,958,10018,4502,5103,13786,25111,3005,6778,7177,3356,6976,6035,4696,5486,7541,6434,4976,8261,1548,7792,3832,6345,6230,7576,5219,6895,8510,8891,8931,6858,9879,9462,12019,13866,14642,15218,5264,11266,15108,12876,11649,15220
1	1604	18852	30971,100,5591,958,10018,4502,5103,13786,25111,3005,6778,7177,3356,6976,6035,4696,5486,7541,6434,4976,8261,1548,7792,3832,6345,6230,7576,5219,6895,8510,8891,8931,6858,9879,9462,12019,13866,14642,15218,5264,11266,15108,12876,11649,15220
1	1604	17228	30971,100,5591,958,10018,4502,5103,13786,25111,3005,6778,7177,3356,6976,6035,4696,5486,7541,6434,4976,8261,1548,7792,3832,6345,6230,7576,5219,6895,8510,8891,8931,6858,9879,9462,12019,13866,14642,15218,5264,11266,15108,12876,11649,15220,18852
0	1604	18181	30971,100,5591,958,10018,4502,5103,13786,25111,3005,6778,7177,3356,6976,6035,4696,5486,7541,6434,4976,8261,1548,7792,3832,6345,6230,7576,5219,6895,8510,8891,8931,6858,9879,9462,12019,13866,14642,15218,5264,11266,15108,12876,11649,15220,18852,17228
1	1604	19063	30971,100,5591,958,10018,4502,5103,13786,25111,3005,6778,7177,3356,6976,6035,4696,5486,7541,6434,4976,8261,1548,7792,3832,6345,6230,7576,5219,6895,8510,8891,8931,6858,9879,9462,12019,13866,14642,15218,5264,11266,15108,12876,11649,15220,18852,17228
1	1604	12202	30971,100,5591,958,10018,4502,5103,13786,25111,3005,6778,7177,3356,6976,6035,4696,5486,7541,6434,4976,8261,1548,7792,3832,6345,6230,7576,5219,6895,8510,8891,8931,6858,9879,9462,12019,13866,14642,15218,5264,11266,15108,12876,11649,15220,18852,17228,19063
1	1604	12494	30971,100,5591,958,10018,4502,5103,13786,25111,3005,6778,7177,3356,6976,6035,4696,5486,7541,6434,4976,8261,1548,7792,3832,6345,6230,7576,5219,6895,8510,8891,8931,6858,9879,9462,12019,13866,14642,15218,5264,11266,15108,12876,11649,15220,18852,17228,19063,12202
1	1604	18821	30971,100,5591,958,10018,4502,5103,13786,25111,3005,6778,7177,3356,6976,6035,4696,5486,7541,6434,4976,8261,1548,7792,3832,6345,6230,7576,5219,6895,8510,8891,8931,6858,9879,9462,12019,13866,14642,15218,5264,11266,15108,12876,11649,15220,18852,17228,19063,12202,12494
1	1604	14095	30971,100,5591,958,10018,4502,5103,13786,25111,3005,6778,7177,3356,6976,6035,4696,5486,7541,6434,4976,8261,1548,7792,3832,6345,6230,7576,5219,6895,8510,8891,8931,6858,9879,9462,12019,13866,14642,15218,5264,11266,15108,12876,11649,15220,18852,17228,19063,12202,12494,18821
1	1604	17690	30971,100,5591,958,10018,4502,5103,13786,25111,3005,6778,7177,3356,6976,6035,4696,5486,7541,6434,4976,8261,1548,7792,3832,6345,6230,7576,5219,6895,8510,8891,8931,6858,9879,9462,12019,13866,14642,15218,5264,11266,15108,12876,11649,15220,18852,17228,19063,12202,12494,18821,14095
1	1604	6571	30971,100,5591,958,10018,4502,5103,13786,25111,3005,6778,7177,3356,6976,6035,4696,5486,7541,6434,4976,8261,1548,7792,3832,6345,6230,7576,5219,6895,8510,8891,8931,6858,9879,9462,12019,13866,14642,15218,5264,11266,15108,12876,11649,15220,18852,17228,19063,12202,12494,18821,14095,17690
1	1604	19639	30971,100,5591,958,10018,4502,5103,13786,25111,3005,6778,7177,3356,6976,6035,4696,5486,7541,6434,4976,8261,1548,7792,3832,6345,6230,7576,5219,6895,8510,8891,8931,6858,9879,9462,12019,13866,14642,15218,5264,11266,15108,12876,11649,15220,18852,17228,19063,12202,12494,18821,14095,17690,6571
1	1604	19376	30971,100,5591,958,10018,4502,5103,13786,25111,3005,6778,7177,3356,6976,6035,4696,5486,7541,6434,4976,8261,1548,7792,3832,6345,6230,7576,5219,6895,8510,8891,8931,6858,9879,9462,12019,13866,14642,15218,5264,11266,15108,12876,11649,15220,18852,17228,19063,12202,12494,18821,14095,17690,6571,19639
1	1604	21026	30971,100,5591,958,10018,4502,5103,13786,25111,3005,6778,7177,3356,6976,6035,4696,5486,7541,6434,4976,8261,1548,7792,3832,6345,6230,7576,5219,6895,8510,8891,8931,6858,9879,9462,12019,13866,14642,15218,5264,11266,15108,12876,11649,15220,18852,17228,19063,12202,12494,18821,14095,17690,6571,19639,19376
0	1604	21109	30971,100,5591,958,10018,4502,5103,13786,25111,3005,6778,7177,3356,6976,6035,4696,5486,7541,6434,4976,8261,1548,7792,3832,6345,6230,7576,5219,6895,8510,8891,8931,6858,9879,9462,12019,13866,14642,15218,5264,11266,15108,12876,11649,15220,18852,17228,19063,12202,12494,18821,14095,17690,6571,19639,19376,21026
1	1604	20950	30971,100,5591,958,10018,4502,5103,13786,25111,3005,6778,7177,3356,6976,6035,4696,5486,7541,6434,4976,8261,1548,7792,3832,6345,6230,7576,5219,6895,8510,8891,8931,6858,9879,9462,12019,13866,14642,15218,5264,11266,15108,12876,11649,15220,18852,17228,19063,12202,12494,18821,14095,17690,6571,19639,19376,21026
1	1604	9440	30971,100,5591,958,10018,4502,5103,13786,25111,3005,6778,7177,3356,6976,6035,4696,5486,7541,6434,4976,8261,1548,7792,3832,6345,6230,7576,5219,6895,8510,8891,8931,6858,9879,9462,12019,13866,14642,15218,5264,11266,15108,12876,11649,15220,18852,17228,19063,12202,12494,18821,14095,17690,6571,19639,19376,21026,20950
1	1604	21927	30971,100,5591,958,10018,4502,5103,13786,25111,3005,6778,7177,3356,6976,6035,4696,5486,7541,6434,4976,8261,1548,7792,3832,6345,6230,7576,5219,6895,8510,8891,8931,6858,9879,9462,12019,13866,14642,15218,5264,11266,15108,12876,11649,15220,18852,17228,19063,12202,12494,18821,14095,17690,6571,19639,19376,21026,20950,9440
0	1604	21414	30971,100,5591,958,10018,4502,5103,13786,25111,3005,6778,7177,3356,6976,6035,4696,5486,7541,6434,4976,8261,1548,7792,3832,6345,6230,7576,5219,6895,8510,8891,8931,6858,9879,9462,12019,13866,14642,15218,5264,11266,15108,12876,11649,15220,18852,17228,19063,12202,12494,18821,14095,17690,6571,19639,19376,21026,20950,9440,21927
0	1604	20693	30971,100,5591,958,10018,4502,5103,13786,25111,3005,6778,7177,3356,6976,6035,4696,5486,7541,6434,4976,8261,1548,7792,3832,6345,6230,7576,5219,6895,8510,8891,8931,6858,9879,9462,12019,13866,14642,15218,5264,11266,15108,12876,11649,15220,18852,17228,19063,12202,12494,18821,14095,17690,6571,19639,19376,21026,20950,9440,21927
1	1604	21497	30971,100,5591,958,10018,4502,5103,13786,25111,3005,6778,7177,3356,6976,6035,4696,5486,7541,6434,4976,8261,1548,7792,3832,6345,6230,7576,5219,6895,8510,8891,8931,6858,9879,9462,12019,13866,14642,15218,5264,11266,15108,12876,11649,15220,18852,17228,19063,12202,12494,18821,14095,17690,6571,19639,19376,21026,20950,9440,21927
0	1604	22458	30971,100,5591,958,10018,4502,5103,13786,25111,3005,6778,7177,3356,6976,6035,4696,5486,7541,6434,4976,8261,1548,7792,3832,6345,6230,7576,5219,6895,8510,8891,8931,6858,9879,9462,12019,13866,14642,15218,5264,11266,15108,12876,11649,15220,18852,17228,19063,12202,12494,18821,14095,17690,6571,19639,19376,21026,20950,9440,21927,21497
1	1604	19558	30971,100,5591,958,10018,4502,5103,13786,25111,3005,6778,7177,3356,6976,6035,4696,5486,7541,6434,4976,8261,1548,7792,3832,6345,6230,7576,5219,6895,8510,8891,8931,6858,9879,9462,12019,13866,14642,15218,5264,11266,15108,12876,11649,15220,18852,17228,19063,12202,12494,18821,14095,17690,6571,19639,19376,21026,20950,9440,21927,21497
1	1604	23718	30971,100,5591,958,10018,4502,5103,13786,25111,3005,6778,7177,3356,6976,6035,4696,5486,7541,6434,4976,8261,1548,7792,3832,6345,6230,7576,5219,6895,8510,8891,8931,6858,9879,9462,12019,13866,14642,15218,5264,11266,15108,12876,11649,15220,18852,17228,19063,12202,12494,18821,14095,17690,6571,19639,19376,21026,20950,9440,21927,21497,19558
0	1604	21874	30971,100,5591,958,10018,4502,5103,13786,25111,3005,6778,7177,3356,6976,6035,4696,5486,7541,6434,4976,8261,1548,7792,3832,6345,6230,7576,5219,6895,8510,8891,8931,6858,9879,9462,12019,13866,14642,15218,5264,11266,15108,12876,11649,15220,18852,17228,19063,12202,12494,18821,14095,17690,6571,19639,19376,21026,20950,9440,21927,21497,19558,23718
0	1604	22890	30971,100,5591,958,10018,4502,5103,13786,25111,3005,6778,7177,3356,6976,6035,4696,5486,7541,6434,4976,8261,1548,7792,3832,6345,6230,7576,5219,6895,8510,8891,8931,6858,9879,9462,12019,13866,14642,15218,5264,11266,15108,12876,11649,15220,18852,17228,19063,12202,12494,18821,14095,17690,6571,19639,19376,21026,20950,9440,21927,21497,19558,23718
1	1604	23957	30971,100,5591,958,10018,4502,5103,13786,25111,3005,6778,7177,3356,6976,6035,4696,5486,7541,6434,4976,8261,1548,7792,3832,6345,6230,7576,5219,6895,8510,8891,8931,6858,9879,9462,12019,13866,14642,15218,5264,11266,15108,12876,11649,15220,18852,17228,19063,12202,12494,18821,14095,17690,6571,19639,19376,21026,20950,9440,21927,21497,19558,23718
1	1604	28617	30971,100,5591,958,10018,4502,5103,13786,25111,3005,6778,7177,3356,6976,6035,4696,5486,7541,6434,4976,8261,1548,7792,3832,6345,6230,7576,5219,6895,8510,8891,8931,6858,9879,9462,12019,13866,14642,15218,5264,11266,15108,12876,11649,15220,18852,17228,19063,12202,12494,18821,14095,17690,6571,19639,19376,21026,20950,9440,21927,21497,19558,23718,23957
1	1604	24190	30971,100,5591,958,10018,4502,5103,13786,25111,3005,6778,7177,3356,6976,6035,4696,5486,7541,6434,4976,8261,1548,7792,3832,6345,6230,7576,5219,6895,8510,8891,8931,6858,9879,9462,12019,13866,14642,15218,5264,11266,15108,12876,11649,15220,18852,17228,19063,12202,12494,18821,14095,17690,6571,19639,19376,21026,20950,9440,21927,21497,19558,23718,23957,28617
1	1604	24600	30971,100,5591,958,10018,4502,5103,13786,25111,3005,6778,7177,3356,6976,6035,4696,5486,7541,6434,4976,8261,1548,7792,3832,6345,6230,7576,5219,6895,8510,8891,8931,6858,9879,9462,12019,13866,14642,15218,5264,11266,15108,12876,11649,15220,18852,17228,19063,12202,12494,18821,14095,17690,6571,19639,19376,21026,20950,9440,21927,21497,19558,23718,23957,28617,24190
1	1604	25235	30971,100,5591,958,10018,4502,5103,13786,25111,3005,6778,7177,3356,6976,6035,4696,5486,7541,6434,4976,8261,1548,7792,3832,6345,6230,7576,5219,6895,8510,8891,8931,6858,9879,9462,12019,13866,14642,15218,5264,11266,15108,12876,11649,15220,18852,17228,19063,12202,12494,18821,14095,17690,6571,19639,19376,21026,20950,9440,21927,21497,19558,23718,23957,28617,24190,24600
1	1604	25436	30971,100,5591,958,10018,4502,5103,13786,25111,3005,6778,7177,3356,6976,6035,4696,5486,7541,6434,4976,8261,1548,7792,3832,6345,6230,7576,5219,6895,8510,8891,8931,6858,9879,9462,12019,13866,14642,15218,5264,11266,15108,12876,11649,15220,18852,17228,19063,12202,12494,18821,14095,17690,6571,19639,19376,21026,20950,9440,21927,21497,19558,23718,23957,28617,24190,24600,25235
1	1604	23453	30971,100,5591,958,10018,4502,5103,13786,25111,3005,6778,7177,3356,6976,6035,4696,5486,7541,6434,4976,8261,1548,7792,3832,6345,6230,7576,5219,6895,8510,8891,8931,6858,9879,9462,12019,13866,14642,15218,5264,11266,15108,12876,11649,15220,18852,17228,19063,12202,12494,18821,14095,17690,6571,19639,19376,21026,20950,9440,21927,21497,19558,23718,23957,28617,24190,24600,25235,25436
1	1604	21818	30971,100,5591,958,10018,4502,5103,13786,25111,3005,6778,7177,3356,6976,6035,4696,5486,7541,6434,4976,8261,1548,7792,3832,6345,6230,7576,5219,6895,8510,8891,8931,6858,9879,9462,12019,13866,14642,15218,5264,11266,15108,12876,11649,15220,18852,17228,19063,12202,12494,18821,14095,17690,6571,19639,19376,21026,20950,9440,21927,21497,19558,23718,23957,28617,24190,24600,25235,25436,23453
1	1604	25418	30971,100,5591,958,10018,4502,5103,13786,25111,3005,6778,7177,3356,6976,6035,4696,5486,7541,6434,4976,8261,1548,7792,3832,6345,6230,7576,5219,6895,8510,8891,8931,6858,9879,9462,12019,13866,14642,15218,5264,11266,15108,12876,11649,15220,18852,17228,19063,12202,12494,18821,14095,17690,6571,19639,19376,21026,20950,9440,21927,21497,19558,23718,23957,28617,24190,24600,25235,25436,23453,21818
0	1604	25464	30971,100,5591,958,10018,4502,5103,13786,25111,3005,6778,7177,3356,6976,6035,4696,5486,7541,6434,4976,8261,1548,7792,3832,6345,6230,7576,5219,6895,8510,8891,8931,6858,9879,9462,12019,13866,14642,15218,5264,11266,15108,12876,11649,15220,18852,17228,19063,12202,12494,18821,14095,17690,6571,19639,19376,21026,20950,9440,21927,21497,19558,23718,23957,28617,24190,24600,25235,25436,23453,21818,25418
1	1604	837	30971,100,5591,958,10018,4502,5103,13786,25111,3005,6778,7177,3356,6976,6035,4696,5486,7541,6434,4976,8261,1548,7792,3832,6345,6230,7576,5219,6895,8510,8891,8931,6858,9879,9462,12019,13866,14642,15218,5264,11266,15108,12876,11649,15220,18852,17228,19063,12202,12494,18821,14095,17690,6571,19639,19376,21026,20950,9440,21927,21497,19558,23718,23957,28617,24190,24600,25235,25436,23453,21818,25418
1	1604	27331	30971,100,5591,958,10018,4502,5103,13786,25111,3005,6778,7177,3356,6976,6035,4696,5486,7541,6434,4976,8261,1548,7792,3832,6345,6230,7576,5219,6895,8510,8891,8931,6858,9879,9462,12019,13866,14642,15218,5264,11266,15108,12876,11649,15220,18852,17228,19063,12202,12494,18821,14095,17690,6571,19639,19376,21026,20950,9440,21927,21497,19558,23718,23957,28617,24190,24600,25235,25436,23453,21818,25418,837
1	1604	24921	30971,100,5591,958,10018,4502,5103,13786,25111,3005,6778,7177,3356,6976,6035,4696,5486,7541,6434,4976,8261,1548,7792,3832,6345,6230,7576,5219,6895,8510,8891,8931,6858,9879,9462,12019,13866,14642,15218,5264,11266,15108,12876,11649,15220,18852,17228,19063,12202,12494,18821,14095,17690,6571,19639,19376,21026,20950,9440,21927,21497,19558,23718,23957,28617,24190,24600,25235,25436,23453,21818,25418,837,27331
1	1604	27535	30971,100,5591,958,10018,4502,5103,13786,25111,3005,6778,7177,3356,6976,6035,4696,5486,7541,6434,4976,8261,1548,7792,3832,6345,6230,7576,5219,6895,8510,8891,8931,6858,9879,9462,12019,13866,14642,15218,5264,11266,15108,12876,11649,15220,18852,17228,19063,12202,12494,18821,14095,17690,6571,19639,19376,21026,20950,9440,21927,21497,19558,23718,23957,28617,24190,24600,25235,25436,23453,21818,25418,837,27331,24921
1	1604	10601	30971,100,5591,958,10018,4502,5103,13786,25111,3005,6778,7177,3356,6976,6035,4696,5486,7541,6434,4976,8261,1548,7792,3832,6345,6230,7576,5219,6895,8510,8891,8931,6858,9879,9462,12019,13866,14642,15218,5264,11266,15108,12876,11649,15220,18852,17228,19063,12202,12494,18821,14095,17690,6571,19639,19376,21026,20950,9440,21927,21497,19558,23718,23957,28617,24190,24600,25235,25436,23453,21818,25418,837,27331,24921,27535
0	1604	26781	30971,100,5591,958,10018,4502,5103,13786,25111,3005,6778,7177,3356,6976,6035,4696,5486,7541,6434,4976,8261,1548,7792,3832,6345,6230,7576,5219,6895,8510,8891,8931,6858,9879,9462,12019,13866,14642,15218,5264,11266,15108,12876,11649,15220,18852,17228,19063,12202,12494,18821,14095,17690,6571,19639,19376,21026,20950,9440,21927,21497,19558,23718,23957,28617,24190,24600,25235,25436,23453,21818,25418,837,27331,24921,27535,10601
0	1604	27797	30971,100,5591,958,10018,4502,5103,13786,25111,3005,6778,7177,3356,6976,6035,4696,5486,7541,6434,4976,8261,1548,7792,3832,6345,6230,7576,5219,6895,8510,8891,8931,6858,9879,9462,12019,13866,14642,15218,5264,11266,15108,12876,11649,15220,18852,17228,19063,12202,12494,18821,14095,17690,6571,19639,19376,21026,20950,9440,21927,21497,19558,23718,23957,28617,24190,24600,25235,25436,23453,21818,25418,837,27331,24921,27535,10601
1	1604	27545	30971,100,5591,958,10018,4502,5103,13786,25111,3005,6778,7177,3356,6976,6035,4696,5486,7541,6434,4976,8261,1548,7792,3832,6345,6230,7576,5219,6895,8510,8891,8931,6858,9879,9462,12019,13866,14642,15218,5264,11266,15108,12876,11649,15220,18852,17228,19063,12202,12494,18821,14095,17690,6571,19639,19376,21026,20950,9440,21927,21497,19558,23718,23957,28617,24190,24600,25235,25436,23453,21818,25418,837,27331,24921,27535,10601
1	1604	28089	30971,100,5591,958,10018,4502,5103,13786,25111,3005,6778,7177,3356,6976,6035,4696,5486,7541,6434,4976,8261,1548,7792,3832,6345,6230,7576,5219,6895,8510,8891,8931,6858,9879,9462,12019,13866,14642,15218,5264,11266,15108,12876,11649,15220,18852,17228,19063,12202,12494,18821,14095,17690,6571,19639,19376,21026,20950,9440,21927,21497,19558,23718,23957,28617,24190,24600,25235,25436,23453,21818,25418,837,27331,24921,27535,10601,27545
1	1604	28555	30971,100,5591,958,10018,4502,5103,13786,25111,3005,6778,7177,3356,6976,6035,4696,5486,7541,6434,4976,8261,1548,7792,3832,6345,6230,7576,5219,6895,8510,8891,8931,6858,9879,9462,12019,13866,14642,15218,5264,11266,15108,12876,11649,15220,18852,17228,19063,12202,12494,18821,14095,17690,6571,19639,19376,21026,20950,9440,21927,21497,19558,23718,23957,28617,24190,24600,25235,25436,23453,21818,25418,837,27331,24921,27535,10601,27545,28089
0	1604	28902	30971,100,5591,958,10018,4502,5103,13786,25111,3005,6778,7177,3356,6976,6035,4696,5486,7541,6434,4976,8261,1548,7792,3832,6345,6230,7576,5219,6895,8510,8891,8931,6858,9879,9462,12019,13866,14642,15218,5264,11266,15108,12876,11649,15220,18852,17228,19063,12202,12494,18821,14095,17690,6571,19639,19376,21026,20950,9440,21927,21497,19558,23718,23957,28617,24190,24600,25235,25436,23453,21818,25418,837,27331,24921,27535,10601,27545,28089,28555
1	1604	26340	30971,100,5591,958,10018,4502,5103,13786,25111,3005,6778,7177,3356,6976,6035,4696,5486,7541,6434,4976,8261,1548,7792,3832,6345,6230,7576,5219,6895,8510,8891,8931,6858,9879,9462,12019,13866,14642,15218,5264,11266,15108,12876,11649,15220,18852,17228,19063,12202,12494,18821,14095,17690,6571,19639,19376,21026,20950,9440,21927,21497,19558,23718,23957,28617,24190,24600,25235,25436,23453,21818,25418,837,27331,24921,27535,10601,27545,28089,28555
1	1604	29308	30971,100,5591,958,10018,4502,5103,13786,25111,3005,6778,7177,3356,6976,6035,4696,5486,7541,6434,4976,8261,1548,7792,3832,6345,6230,7576,5219,6895,8510,8891,8931,6858,9879,9462,12019,13866,14642,15218,5264,11266,15108,12876,11649,15220,18852,17228,19063,12202,12494,18821,14095,17690,6571,19639,19376,21026,20950,9440,21927,21497,19558,23718,23957,28617,24190,24600,25235,25436,23453,21818,25418,837,27331,24921,27535,10601,27545,28089,28555,26340
