0	339	31194	0
0	339	31612	0
0	339	23958	0
0	339	31278	0
0	339	279	0
0	339	8979	0
0	339	9722	0
0	339	9616	0
0	339	12932	0
0	339	13220	0
0	339	15221	0
1	339	16458	0
1	339	15752	16458
0	339	16607	16458,15752
0	339	18875	16458,15752
0	339	19176	16458,15752
0	339	20530	16458,15752
0	339	19165	16458,15752
0	339	17132	16458,15752
0	339	21495	16458,15752
0	339	19019	16458,15752
1	339	23447	16458,15752
0	339	19018	16458,15752,23447
1	339	11869	16458,15752,23447
0	339	23757	16458,15752,23447,11869
1	339	24333	16458,15752,23447,11869
0	339	22003	16458,15752,23447,11869,24333
0	339	26842	16458,15752,23447,11869,24333
1	339	837	16458,15752,23447,11869,24333
1	339	25865	16458,15752,23447,11869,24333,837
0	339	26759	16458,15752,23447,11869,24333,837,25865
0	339	24020	16458,15752,23447,11869,24333,837,25865
0	339	23452	16458,15752,23447,11869,24333,837,25865
0	339	26178	16458,15752,23447,11869,24333,837,25865
