0	1058	19454	0
0	1058	14475	0
0	1058	28832	0
0	1058	5081	0
0	1058	31885	0
0	1058	913	0
0	1058	2520	0
1	1058	2699	0
1	1058	2746	2699
1	1058	32269	2699,2746
1	1058	3759	2699,2746,32269
1	1058	5482	2699,2746,32269,3759
0	1058	3847	2699,2746,32269,3759,5482
0	1058	9031	2699,2746,32269,3759,5482
1	1058	7848	2699,2746,32269,3759,5482
1	1058	8882	2699,2746,32269,3759,5482,7848
0	1058	6997	2699,2746,32269,3759,5482,7848,8882
0	1058	5100	2699,2746,32269,3759,5482,7848,8882
0	1058	10167	2699,2746,32269,3759,5482,7848,8882
0	1058	12305	2699,2746,32269,3759,5482,7848,8882
1	1058	9883	2699,2746,32269,3759,5482,7848,8882
1	1058	10701	2699,2746,32269,3759,5482,7848,8882,9883
0	1058	13821	2699,2746,32269,3759,5482,7848,8882,9883,10701
0	1058	15578	2699,2746,32269,3759,5482,7848,8882,9883,10701
0	1058	13824	2699,2746,32269,3759,5482,7848,8882,9883,10701
1	1058	31509	2699,2746,32269,3759,5482,7848,8882,9883,10701
1	1058	18914	2699,2746,32269,3759,5482,7848,8882,9883,10701,31509
1	1058	934	2699,2746,32269,3759,5482,7848,8882,9883,10701,31509,18914
1	1058	19903	2699,2746,32269,3759,5482,7848,8882,9883,10701,31509,18914,934
1	1058	13172	2699,2746,32269,3759,5482,7848,8882,9883,10701,31509,18914,934,19903
1	1058	20262	2699,2746,32269,3759,5482,7848,8882,9883,10701,31509,18914,934,19903,13172
1	1058	18822	2699,2746,32269,3759,5482,7848,8882,9883,10701,31509,18914,934,19903,13172,20262
0	1058	18821	2699,2746,32269,3759,5482,7848,8882,9883,10701,31509,18914,934,19903,13172,20262,18822
1	1058	17545	2699,2746,32269,3759,5482,7848,8882,9883,10701,31509,18914,934,19903,13172,20262,18822
1	1058	19580	2699,2746,32269,3759,5482,7848,8882,9883,10701,31509,18914,934,19903,13172,20262,18822,17545
1	1058	21432	2699,2746,32269,3759,5482,7848,8882,9883,10701,31509,18914,934,19903,13172,20262,18822,17545,19580
0	1058	25257	2699,2746,32269,3759,5482,7848,8882,9883,10701,31509,18914,934,19903,13172,20262,18822,17545,19580,21432
1	1058	11973	2699,2746,32269,3759,5482,7848,8882,9883,10701,31509,18914,934,19903,13172,20262,18822,17545,19580,21432
0	1058	20771	2699,2746,32269,3759,5482,7848,8882,9883,10701,31509,18914,934,19903,13172,20262,18822,17545,19580,21432,11973
1	1058	25545	2699,2746,32269,3759,5482,7848,8882,9883,10701,31509,18914,934,19903,13172,20262,18822,17545,19580,21432,11973
