1	426	6161	0
0	426	8984	6161
0	426	3425	6161
1	426	21079	6161
1	426	16518	6161,21079
0	426	31880	6161,21079,16518
1	426	12097	6161,21079,16518
1	426	22317	6161,21079,16518,12097
1	426	30862	6161,21079,16518,12097,22317
1	426	32036	6161,21079,16518,12097,22317,30862
1	426	32953	6161,21079,16518,12097,22317,30862,32036
1	426	4436	6161,21079,16518,12097,22317,30862,32036,32953
1	426	6091	6161,21079,16518,12097,22317,30862,32036,32953,4436
1	426	6092	6161,21079,16518,12097,22317,30862,32036,32953,4436,6091
1	426	6958	6161,21079,16518,12097,22317,30862,32036,32953,4436,6091,6092
1	426	8414	6161,21079,16518,12097,22317,30862,32036,32953,4436,6091,6092,6958
1	426	8669	6161,21079,16518,12097,22317,30862,32036,32953,4436,6091,6092,6958,8414
1	426	10162	6161,21079,16518,12097,22317,30862,32036,32953,4436,6091,6092,6958,8414,8669
1	426	11869	6161,21079,16518,12097,22317,30862,32036,32953,4436,6091,6092,6958,8414,8669,10162
1	426	12491	6161,21079,16518,12097,22317,30862,32036,32953,4436,6091,6092,6958,8414,8669,10162,11869
0	426	16022	6161,21079,16518,12097,22317,30862,32036,32953,4436,6091,6092,6958,8414,8669,10162,11869,12491
1	426	19016	6161,21079,16518,12097,22317,30862,32036,32953,4436,6091,6092,6958,8414,8669,10162,11869,12491
1	426	23143	6161,21079,16518,12097,22317,30862,32036,32953,4436,6091,6092,6958,8414,8669,10162,11869,12491,19016
1	426	6655	6161,21079,16518,12097,22317,30862,32036,32953,4436,6091,6092,6958,8414,8669,10162,11869,12491,19016,23143
1	426	2178	6161,21079,16518,12097,22317,30862,32036,32953,4436,6091,6092,6958,8414,8669,10162,11869,12491,19016,23143,6655
1	426	18171	6161,21079,16518,12097,22317,30862,32036,32953,4436,6091,6092,6958,8414,8669,10162,11869,12491,19016,23143,6655,2178
1	426	21313	6161,21079,16518,12097,22317,30862,32036,32953,4436,6091,6092,6958,8414,8669,10162,11869,12491,19016,23143,6655,2178,18171
1	426	32885	6161,21079,16518,12097,22317,30862,32036,32953,4436,6091,6092,6958,8414,8669,10162,11869,12491,19016,23143,6655,2178,18171,21313
1	426	5370	6161,21079,16518,12097,22317,30862,32036,32953,4436,6091,6092,6958,8414,8669,10162,11869,12491,19016,23143,6655,2178,18171,21313,32885
1	426	7250	6161,21079,16518,12097,22317,30862,32036,32953,4436,6091,6092,6958,8414,8669,10162,11869,12491,19016,23143,6655,2178,18171,21313,32885,5370
1	426	7613	6161,21079,16518,12097,22317,30862,32036,32953,4436,6091,6092,6958,8414,8669,10162,11869,12491,19016,23143,6655,2178,18171,21313,32885,5370,7250
1	426	22855	6161,21079,16518,12097,22317,30862,32036,32953,4436,6091,6092,6958,8414,8669,10162,11869,12491,19016,23143,6655,2178,18171,21313,32885,5370,7250,7613
1	426	22862	6161,21079,16518,12097,22317,30862,32036,32953,4436,6091,6092,6958,8414,8669,10162,11869,12491,19016,23143,6655,2178,18171,21313,32885,5370,7250,7613,22855
1	426	22982	6161,21079,16518,12097,22317,30862,32036,32953,4436,6091,6092,6958,8414,8669,10162,11869,12491,19016,23143,6655,2178,18171,21313,32885,5370,7250,7613,22855,22862
1	426	23031	6161,21079,16518,12097,22317,30862,32036,32953,4436,6091,6092,6958,8414,8669,10162,11869,12491,19016,23143,6655,2178,18171,21313,32885,5370,7250,7613,22855,22862,22982
1	426	23254	6161,21079,16518,12097,22317,30862,32036,32953,4436,6091,6092,6958,8414,8669,10162,11869,12491,19016,23143,6655,2178,18171,21313,32885,5370,7250,7613,22855,22862,22982,23031
1	426	23294	6161,21079,16518,12097,22317,30862,32036,32953,4436,6091,6092,6958,8414,8669,10162,11869,12491,19016,23143,6655,2178,18171,21313,32885,5370,7250,7613,22855,22862,22982,23031,23254
1	426	23783	6161,21079,16518,12097,22317,30862,32036,32953,4436,6091,6092,6958,8414,8669,10162,11869,12491,19016,23143,6655,2178,18171,21313,32885,5370,7250,7613,22855,22862,22982,23031,23254,23294
1	426	23994	6161,21079,16518,12097,22317,30862,32036,32953,4436,6091,6092,6958,8414,8669,10162,11869,12491,19016,23143,6655,2178,18171,21313,32885,5370,7250,7613,22855,22862,22982,23031,23254,23294,23783
1	426	25108	6161,21079,16518,12097,22317,30862,32036,32953,4436,6091,6092,6958,8414,8669,10162,11869,12491,19016,23143,6655,2178,18171,21313,32885,5370,7250,7613,22855,22862,22982,23031,23254,23294,23783,23994
1	426	9495	6161,21079,16518,12097,22317,30862,32036,32953,4436,6091,6092,6958,8414,8669,10162,11869,12491,19016,23143,6655,2178,18171,21313,32885,5370,7250,7613,22855,22862,22982,23031,23254,23294,23783,23994,25108
1	426	15401	6161,21079,16518,12097,22317,30862,32036,32953,4436,6091,6092,6958,8414,8669,10162,11869,12491,19016,23143,6655,2178,18171,21313,32885,5370,7250,7613,22855,22862,22982,23031,23254,23294,23783,23994,25108,9495
0	426	27847	6161,21079,16518,12097,22317,30862,32036,32953,4436,6091,6092,6958,8414,8669,10162,11869,12491,19016,23143,6655,2178,18171,21313,32885,5370,7250,7613,22855,22862,22982,23031,23254,23294,23783,23994,25108,9495,15401
