1	501	32493	0
1	501	9186	32493
1	501	31083	32493,9186
1	501	31235	32493,9186,31083
1	501	1945	32493,9186,31083,31235
0	501	5928	32493,9186,31083,31235,1945
1	501	7898	32493,9186,31083,31235,1945
0	501	967	32493,9186,31083,31235,1945,7898
0	501	31632	32493,9186,31083,31235,1945,7898
0	501	18262	32493,9186,31083,31235,1945,7898
0	501	15089	32493,9186,31083,31235,1945,7898
0	501	7113	32493,9186,31083,31235,1945,7898
1	501	2716	32493,9186,31083,31235,1945,7898
1	501	15012	32493,9186,31083,31235,1945,7898,2716
1	501	14383	32493,9186,31083,31235,1945,7898,2716,15012
1	501	18828	32493,9186,31083,31235,1945,7898,2716,15012,14383
1	501	11749	32493,9186,31083,31235,1945,7898,2716,15012,14383,18828
1	501	837	32493,9186,31083,31235,1945,7898,2716,15012,14383,18828,11749
1	501	10123	32493,9186,31083,31235,1945,7898,2716,15012,14383,18828,11749,837
1	501	12091	32493,9186,31083,31235,1945,7898,2716,15012,14383,18828,11749,837,10123
0	501	12725	32493,9186,31083,31235,1945,7898,2716,15012,14383,18828,11749,837,10123,12091
0	501	19391	32493,9186,31083,31235,1945,7898,2716,15012,14383,18828,11749,837,10123,12091
1	501	8433	32493,9186,31083,31235,1945,7898,2716,15012,14383,18828,11749,837,10123,12091
1	501	9968	32493,9186,31083,31235,1945,7898,2716,15012,14383,18828,11749,837,10123,12091,8433
1	501	19342	32493,9186,31083,31235,1945,7898,2716,15012,14383,18828,11749,837,10123,12091,8433,9968
1	501	24202	32493,9186,31083,31235,1945,7898,2716,15012,14383,18828,11749,837,10123,12091,8433,9968,19342
1	501	22251	32493,9186,31083,31235,1945,7898,2716,15012,14383,18828,11749,837,10123,12091,8433,9968,19342,24202
1	501	31416	32493,9186,31083,31235,1945,7898,2716,15012,14383,18828,11749,837,10123,12091,8433,9968,19342,24202,22251
1	501	2364	32493,9186,31083,31235,1945,7898,2716,15012,14383,18828,11749,837,10123,12091,8433,9968,19342,24202,22251,31416
1	501	20071	32493,9186,31083,31235,1945,7898,2716,15012,14383,18828,11749,837,10123,12091,8433,9968,19342,24202,22251,31416,2364
1	501	20788	32493,9186,31083,31235,1945,7898,2716,15012,14383,18828,11749,837,10123,12091,8433,9968,19342,24202,22251,31416,2364,20071
0	501	13598	32493,9186,31083,31235,1945,7898,2716,15012,14383,18828,11749,837,10123,12091,8433,9968,19342,24202,22251,31416,2364,20071,20788
1	501	25242	32493,9186,31083,31235,1945,7898,2716,15012,14383,18828,11749,837,10123,12091,8433,9968,19342,24202,22251,31416,2364,20071,20788
0	501	18218	32493,9186,31083,31235,1945,7898,2716,15012,14383,18828,11749,837,10123,12091,8433,9968,19342,24202,22251,31416,2364,20071,20788,25242
1	501	19549	32493,9186,31083,31235,1945,7898,2716,15012,14383,18828,11749,837,10123,12091,8433,9968,19342,24202,22251,31416,2364,20071,20788,25242
1	501	21294	32493,9186,31083,31235,1945,7898,2716,15012,14383,18828,11749,837,10123,12091,8433,9968,19342,24202,22251,31416,2364,20071,20788,25242,19549
1	501	25173	32493,9186,31083,31235,1945,7898,2716,15012,14383,18828,11749,837,10123,12091,8433,9968,19342,24202,22251,31416,2364,20071,20788,25242,19549,21294
1	501	16909	32493,9186,31083,31235,1945,7898,2716,15012,14383,18828,11749,837,10123,12091,8433,9968,19342,24202,22251,31416,2364,20071,20788,25242,19549,21294,25173
0	501	26127	32493,9186,31083,31235,1945,7898,2716,15012,14383,18828,11749,837,10123,12091,8433,9968,19342,24202,22251,31416,2364,20071,20788,25242,19549,21294,25173,16909
1	501	14403	32493,9186,31083,31235,1945,7898,2716,15012,14383,18828,11749,837,10123,12091,8433,9968,19342,24202,22251,31416,2364,20071,20788,25242,19549,21294,25173,16909
