1	1491	10935	0
1	1491	1262	10935
1	1491	10245	10935,1262
0	1491	12505	10935,1262,10245
1	1491	12836	10935,1262,10245
1	1491	10022	10935,1262,10245,12836
1	1491	15258	10935,1262,10245,12836,10022
1	1491	1941	10935,1262,10245,12836,10022,15258
0	1491	11651	10935,1262,10245,12836,10022,15258,1941
1	1491	12423	10935,1262,10245,12836,10022,15258,1941
1	1491	15504	10935,1262,10245,12836,10022,15258,1941,12423
1	1491	1431	10935,1262,10245,12836,10022,15258,1941,12423,15504
1	1491	9951	10935,1262,10245,12836,10022,15258,1941,12423,15504,1431
1	1491	11796	10935,1262,10245,12836,10022,15258,1941,12423,15504,1431,9951
1	1491	5946	10935,1262,10245,12836,10022,15258,1941,12423,15504,1431,9951,11796
1	1491	6349	10935,1262,10245,12836,10022,15258,1941,12423,15504,1431,9951,11796,5946
1	1491	7633	10935,1262,10245,12836,10022,15258,1941,12423,15504,1431,9951,11796,5946,6349
1	1491	15555	10935,1262,10245,12836,10022,15258,1941,12423,15504,1431,9951,11796,5946,6349,7633
1	1491	16567	10935,1262,10245,12836,10022,15258,1941,12423,15504,1431,9951,11796,5946,6349,7633,15555
1	1491	22983	10935,1262,10245,12836,10022,15258,1941,12423,15504,1431,9951,11796,5946,6349,7633,15555,16567
1	1491	9035	10935,1262,10245,12836,10022,15258,1941,12423,15504,1431,9951,11796,5946,6349,7633,15555,16567,22983
1	1491	12521	10935,1262,10245,12836,10022,15258,1941,12423,15504,1431,9951,11796,5946,6349,7633,15555,16567,22983,9035
0	1491	17761	10935,1262,10245,12836,10022,15258,1941,12423,15504,1431,9951,11796,5946,6349,7633,15555,16567,22983,9035,12521
0	1491	18148	10935,1262,10245,12836,10022,15258,1941,12423,15504,1431,9951,11796,5946,6349,7633,15555,16567,22983,9035,12521
1	1491	18206	10935,1262,10245,12836,10022,15258,1941,12423,15504,1431,9951,11796,5946,6349,7633,15555,16567,22983,9035,12521
0	1491	23075	10935,1262,10245,12836,10022,15258,1941,12423,15504,1431,9951,11796,5946,6349,7633,15555,16567,22983,9035,12521,18206
0	1491	23809	10935,1262,10245,12836,10022,15258,1941,12423,15504,1431,9951,11796,5946,6349,7633,15555,16567,22983,9035,12521,18206
1	1491	17289	10935,1262,10245,12836,10022,15258,1941,12423,15504,1431,9951,11796,5946,6349,7633,15555,16567,22983,9035,12521,18206
0	1491	20739	10935,1262,10245,12836,10022,15258,1941,12423,15504,1431,9951,11796,5946,6349,7633,15555,16567,22983,9035,12521,18206,17289
1	1491	22845	10935,1262,10245,12836,10022,15258,1941,12423,15504,1431,9951,11796,5946,6349,7633,15555,16567,22983,9035,12521,18206,17289
0	1491	23627	10935,1262,10245,12836,10022,15258,1941,12423,15504,1431,9951,11796,5946,6349,7633,15555,16567,22983,9035,12521,18206,17289,22845
0	1491	23549	10935,1262,10245,12836,10022,15258,1941,12423,15504,1431,9951,11796,5946,6349,7633,15555,16567,22983,9035,12521,18206,17289,22845
1	1491	5011	10935,1262,10245,12836,10022,15258,1941,12423,15504,1431,9951,11796,5946,6349,7633,15555,16567,22983,9035,12521,18206,17289,22845
1	1491	19690	10935,1262,10245,12836,10022,15258,1941,12423,15504,1431,9951,11796,5946,6349,7633,15555,16567,22983,9035,12521,18206,17289,22845,5011
1	1491	5056	10935,1262,10245,12836,10022,15258,1941,12423,15504,1431,9951,11796,5946,6349,7633,15555,16567,22983,9035,12521,18206,17289,22845,5011,19690
1	1491	16919	10935,1262,10245,12836,10022,15258,1941,12423,15504,1431,9951,11796,5946,6349,7633,15555,16567,22983,9035,12521,18206,17289,22845,5011,19690,5056
1	1491	21569	10935,1262,10245,12836,10022,15258,1941,12423,15504,1431,9951,11796,5946,6349,7633,15555,16567,22983,9035,12521,18206,17289,22845,5011,19690,5056,16919
0	1491	22389	10935,1262,10245,12836,10022,15258,1941,12423,15504,1431,9951,11796,5946,6349,7633,15555,16567,22983,9035,12521,18206,17289,22845,5011,19690,5056,16919,21569
1	1491	6225	10935,1262,10245,12836,10022,15258,1941,12423,15504,1431,9951,11796,5946,6349,7633,15555,16567,22983,9035,12521,18206,17289,22845,5011,19690,5056,16919,21569
1	1491	6990	10935,1262,10245,12836,10022,15258,1941,12423,15504,1431,9951,11796,5946,6349,7633,15555,16567,22983,9035,12521,18206,17289,22845,5011,19690,5056,16919,21569,6225
1	1491	9082	10935,1262,10245,12836,10022,15258,1941,12423,15504,1431,9951,11796,5946,6349,7633,15555,16567,22983,9035,12521,18206,17289,22845,5011,19690,5056,16919,21569,6225,6990
1	1491	17818	10935,1262,10245,12836,10022,15258,1941,12423,15504,1431,9951,11796,5946,6349,7633,15555,16567,22983,9035,12521,18206,17289,22845,5011,19690,5056,16919,21569,6225,6990,9082
1	1491	30610	10935,1262,10245,12836,10022,15258,1941,12423,15504,1431,9951,11796,5946,6349,7633,15555,16567,22983,9035,12521,18206,17289,22845,5011,19690,5056,16919,21569,6225,6990,9082,17818
1	1491	9064	10935,1262,10245,12836,10022,15258,1941,12423,15504,1431,9951,11796,5946,6349,7633,15555,16567,22983,9035,12521,18206,17289,22845,5011,19690,5056,16919,21569,6225,6990,9082,17818,30610
1	1491	7223	10935,1262,10245,12836,10022,15258,1941,12423,15504,1431,9951,11796,5946,6349,7633,15555,16567,22983,9035,12521,18206,17289,22845,5011,19690,5056,16919,21569,6225,6990,9082,17818,30610,9064
1	1491	6284	10935,1262,10245,12836,10022,15258,1941,12423,15504,1431,9951,11796,5946,6349,7633,15555,16567,22983,9035,12521,18206,17289,22845,5011,19690,5056,16919,21569,6225,6990,9082,17818,30610,9064,7223
1	1491	6487	10935,1262,10245,12836,10022,15258,1941,12423,15504,1431,9951,11796,5946,6349,7633,15555,16567,22983,9035,12521,18206,17289,22845,5011,19690,5056,16919,21569,6225,6990,9082,17818,30610,9064,7223,6284
1	1491	17700	10935,1262,10245,12836,10022,15258,1941,12423,15504,1431,9951,11796,5946,6349,7633,15555,16567,22983,9035,12521,18206,17289,22845,5011,19690,5056,16919,21569,6225,6990,9082,17818,30610,9064,7223,6284,6487
1	1491	16493	10935,1262,10245,12836,10022,15258,1941,12423,15504,1431,9951,11796,5946,6349,7633,15555,16567,22983,9035,12521,18206,17289,22845,5011,19690,5056,16919,21569,6225,6990,9082,17818,30610,9064,7223,6284,6487,17700
1	1491	20392	10935,1262,10245,12836,10022,15258,1941,12423,15504,1431,9951,11796,5946,6349,7633,15555,16567,22983,9035,12521,18206,17289,22845,5011,19690,5056,16919,21569,6225,6990,9082,17818,30610,9064,7223,6284,6487,17700,16493
0	1491	15446	10935,1262,10245,12836,10022,15258,1941,12423,15504,1431,9951,11796,5946,6349,7633,15555,16567,22983,9035,12521,18206,17289,22845,5011,19690,5056,16919,21569,6225,6990,9082,17818,30610,9064,7223,6284,6487,17700,16493,20392
0	1491	8352	10935,1262,10245,12836,10022,15258,1941,12423,15504,1431,9951,11796,5946,6349,7633,15555,16567,22983,9035,12521,18206,17289,22845,5011,19690,5056,16919,21569,6225,6990,9082,17818,30610,9064,7223,6284,6487,17700,16493,20392
1	1491	23871	10935,1262,10245,12836,10022,15258,1941,12423,15504,1431,9951,11796,5946,6349,7633,15555,16567,22983,9035,12521,18206,17289,22845,5011,19690,5056,16919,21569,6225,6990,9082,17818,30610,9064,7223,6284,6487,17700,16493,20392
1	1491	14045	10935,1262,10245,12836,10022,15258,1941,12423,15504,1431,9951,11796,5946,6349,7633,15555,16567,22983,9035,12521,18206,17289,22845,5011,19690,5056,16919,21569,6225,6990,9082,17818,30610,9064,7223,6284,6487,17700,16493,20392,23871
1	1491	17585	10935,1262,10245,12836,10022,15258,1941,12423,15504,1431,9951,11796,5946,6349,7633,15555,16567,22983,9035,12521,18206,17289,22845,5011,19690,5056,16919,21569,6225,6990,9082,17818,30610,9064,7223,6284,6487,17700,16493,20392,23871,14045
1	1491	20980	10935,1262,10245,12836,10022,15258,1941,12423,15504,1431,9951,11796,5946,6349,7633,15555,16567,22983,9035,12521,18206,17289,22845,5011,19690,5056,16919,21569,6225,6990,9082,17818,30610,9064,7223,6284,6487,17700,16493,20392,23871,14045,17585
1	1491	25814	10935,1262,10245,12836,10022,15258,1941,12423,15504,1431,9951,11796,5946,6349,7633,15555,16567,22983,9035,12521,18206,17289,22845,5011,19690,5056,16919,21569,6225,6990,9082,17818,30610,9064,7223,6284,6487,17700,16493,20392,23871,14045,17585,20980
1	1491	27936	10935,1262,10245,12836,10022,15258,1941,12423,15504,1431,9951,11796,5946,6349,7633,15555,16567,22983,9035,12521,18206,17289,22845,5011,19690,5056,16919,21569,6225,6990,9082,17818,30610,9064,7223,6284,6487,17700,16493,20392,23871,14045,17585,20980,25814
1	1491	19185	10935,1262,10245,12836,10022,15258,1941,12423,15504,1431,9951,11796,5946,6349,7633,15555,16567,22983,9035,12521,18206,17289,22845,5011,19690,5056,16919,21569,6225,6990,9082,17818,30610,9064,7223,6284,6487,17700,16493,20392,23871,14045,17585,20980,25814,27936
