0	872	23458	0
1	872	3162	0
0	872	3731	3162
1	872	2966	3162
1	872	8211	3162,2966
1	872	9320	3162,2966,8211
0	872	9462	3162,2966,8211,9320
1	872	4797	3162,2966,8211,9320
1	872	13456	3162,2966,8211,9320,4797
1	872	10937	3162,2966,8211,9320,4797,13456
0	872	12111	3162,2966,8211,9320,4797,13456,10937
1	872	10155	3162,2966,8211,9320,4797,13456,10937
1	872	8840	3162,2966,8211,9320,4797,13456,10937,10155
1	872	32186	3162,2966,8211,9320,4797,13456,10937,10155,8840
1	872	4193	3162,2966,8211,9320,4797,13456,10937,10155,8840,32186
1	872	14428	3162,2966,8211,9320,4797,13456,10937,10155,8840,32186,4193
1	872	18353	3162,2966,8211,9320,4797,13456,10937,10155,8840,32186,4193,14428
1	872	19274	3162,2966,8211,9320,4797,13456,10937,10155,8840,32186,4193,14428,18353
0	872	21268	3162,2966,8211,9320,4797,13456,10937,10155,8840,32186,4193,14428,18353,19274
1	872	20627	3162,2966,8211,9320,4797,13456,10937,10155,8840,32186,4193,14428,18353,19274
0	872	11958	3162,2966,8211,9320,4797,13456,10937,10155,8840,32186,4193,14428,18353,19274,20627
1	872	18381	3162,2966,8211,9320,4797,13456,10937,10155,8840,32186,4193,14428,18353,19274,20627
0	872	23447	3162,2966,8211,9320,4797,13456,10937,10155,8840,32186,4193,14428,18353,19274,20627,18381
1	872	23451	3162,2966,8211,9320,4797,13456,10937,10155,8840,32186,4193,14428,18353,19274,20627,18381
0	872	22111	3162,2966,8211,9320,4797,13456,10937,10155,8840,32186,4193,14428,18353,19274,20627,18381,23451
1	872	25006	3162,2966,8211,9320,4797,13456,10937,10155,8840,32186,4193,14428,18353,19274,20627,18381,23451
1	872	20681	3162,2966,8211,9320,4797,13456,10937,10155,8840,32186,4193,14428,18353,19274,20627,18381,23451,25006
1	872	22044	3162,2966,8211,9320,4797,13456,10937,10155,8840,32186,4193,14428,18353,19274,20627,18381,23451,25006,20681
1	872	13034	3162,2966,8211,9320,4797,13456,10937,10155,8840,32186,4193,14428,18353,19274,20627,18381,23451,25006,20681,22044
0	872	24564	3162,2966,8211,9320,4797,13456,10937,10155,8840,32186,4193,14428,18353,19274,20627,18381,23451,25006,20681,22044,13034
1	872	2054	3162,2966,8211,9320,4797,13456,10937,10155,8840,32186,4193,14428,18353,19274,20627,18381,23451,25006,20681,22044,13034
1	872	15211	3162,2966,8211,9320,4797,13456,10937,10155,8840,32186,4193,14428,18353,19274,20627,18381,23451,25006,20681,22044,13034,2054
1	872	21021	3162,2966,8211,9320,4797,13456,10937,10155,8840,32186,4193,14428,18353,19274,20627,18381,23451,25006,20681,22044,13034,2054,15211
0	872	23389	3162,2966,8211,9320,4797,13456,10937,10155,8840,32186,4193,14428,18353,19274,20627,18381,23451,25006,20681,22044,13034,2054,15211,21021
1	872	27730	3162,2966,8211,9320,4797,13456,10937,10155,8840,32186,4193,14428,18353,19274,20627,18381,23451,25006,20681,22044,13034,2054,15211,21021
1	872	3749	3162,2966,8211,9320,4797,13456,10937,10155,8840,32186,4193,14428,18353,19274,20627,18381,23451,25006,20681,22044,13034,2054,15211,21021,27730
1	872	13687	3162,2966,8211,9320,4797,13456,10937,10155,8840,32186,4193,14428,18353,19274,20627,18381,23451,25006,20681,22044,13034,2054,15211,21021,27730,3749
