0	589	6940	0
0	589	6943	0
1	589	17447	0
1	589	311	17447
1	589	1759	17447,311
1	589	9822	17447,311,1759
1	589	9515	17447,311,1759,9822
1	589	31940	17447,311,1759,9822,9515
1	589	3305	17447,311,1759,9822,9515,31940
1	589	9509	17447,311,1759,9822,9515,31940,3305
0	589	14023	17447,311,1759,9822,9515,31940,3305,9509
0	589	21174	17447,311,1759,9822,9515,31940,3305,9509
1	589	6312	17447,311,1759,9822,9515,31940,3305,9509
1	589	14944	17447,311,1759,9822,9515,31940,3305,9509,6312
1	589	32353	17447,311,1759,9822,9515,31940,3305,9509,6312,14944
0	589	11819	17447,311,1759,9822,9515,31940,3305,9509,6312,14944,32353
1	589	13790	17447,311,1759,9822,9515,31940,3305,9509,6312,14944,32353
0	589	8589	17447,311,1759,9822,9515,31940,3305,9509,6312,14944,32353,13790
0	589	20960	17447,311,1759,9822,9515,31940,3305,9509,6312,14944,32353,13790
0	589	18776	17447,311,1759,9822,9515,31940,3305,9509,6312,14944,32353,13790
0	589	14073	17447,311,1759,9822,9515,31940,3305,9509,6312,14944,32353,13790
0	589	17631	17447,311,1759,9822,9515,31940,3305,9509,6312,14944,32353,13790
1	589	31708	17447,311,1759,9822,9515,31940,3305,9509,6312,14944,32353,13790
1	589	480	17447,311,1759,9822,9515,31940,3305,9509,6312,14944,32353,13790,31708
0	589	5046	17447,311,1759,9822,9515,31940,3305,9509,6312,14944,32353,13790,31708,480
1	589	8945	17447,311,1759,9822,9515,31940,3305,9509,6312,14944,32353,13790,31708,480
0	589	13810	17447,311,1759,9822,9515,31940,3305,9509,6312,14944,32353,13790,31708,480,8945
0	589	17527	17447,311,1759,9822,9515,31940,3305,9509,6312,14944,32353,13790,31708,480,8945
1	589	7225	17447,311,1759,9822,9515,31940,3305,9509,6312,14944,32353,13790,31708,480,8945
1	589	7458	17447,311,1759,9822,9515,31940,3305,9509,6312,14944,32353,13790,31708,480,8945,7225
1	589	11561	17447,311,1759,9822,9515,31940,3305,9509,6312,14944,32353,13790,31708,480,8945,7225,7458
0	589	10273	17447,311,1759,9822,9515,31940,3305,9509,6312,14944,32353,13790,31708,480,8945,7225,7458,11561
1	589	11250	17447,311,1759,9822,9515,31940,3305,9509,6312,14944,32353,13790,31708,480,8945,7225,7458,11561
1	589	14656	17447,311,1759,9822,9515,31940,3305,9509,6312,14944,32353,13790,31708,480,8945,7225,7458,11561,11250
1	589	17942	17447,311,1759,9822,9515,31940,3305,9509,6312,14944,32353,13790,31708,480,8945,7225,7458,11561,11250,14656
1	589	22718	17447,311,1759,9822,9515,31940,3305,9509,6312,14944,32353,13790,31708,480,8945,7225,7458,11561,11250,14656,17942
1	589	27513	17447,311,1759,9822,9515,31940,3305,9509,6312,14944,32353,13790,31708,480,8945,7225,7458,11561,11250,14656,17942,22718
0	589	16418	17447,311,1759,9822,9515,31940,3305,9509,6312,14944,32353,13790,31708,480,8945,7225,7458,11561,11250,14656,17942,22718,27513
0	589	27029	17447,311,1759,9822,9515,31940,3305,9509,6312,14944,32353,13790,31708,480,8945,7225,7458,11561,11250,14656,17942,22718,27513
1	589	15574	17447,311,1759,9822,9515,31940,3305,9509,6312,14944,32353,13790,31708,480,8945,7225,7458,11561,11250,14656,17942,22718,27513
1	589	2323	17447,311,1759,9822,9515,31940,3305,9509,6312,14944,32353,13790,31708,480,8945,7225,7458,11561,11250,14656,17942,22718,27513,15574
1	589	11837	17447,311,1759,9822,9515,31940,3305,9509,6312,14944,32353,13790,31708,480,8945,7225,7458,11561,11250,14656,17942,22718,27513,15574,2323
1	589	22238	17447,311,1759,9822,9515,31940,3305,9509,6312,14944,32353,13790,31708,480,8945,7225,7458,11561,11250,14656,17942,22718,27513,15574,2323,11837
1	589	13485	17447,311,1759,9822,9515,31940,3305,9509,6312,14944,32353,13790,31708,480,8945,7225,7458,11561,11250,14656,17942,22718,27513,15574,2323,11837,22238
1	589	15482	17447,311,1759,9822,9515,31940,3305,9509,6312,14944,32353,13790,31708,480,8945,7225,7458,11561,11250,14656,17942,22718,27513,15574,2323,11837,22238,13485
