1	1003	36	0
0	1003	3873	36
0	1003	3960	36
1	1003	1549	36
0	1003	32654	36,1549
0	1003	4978	36,1549
0	1003	1016	36,1549
0	1003	3635	36,1549
0	1003	3308	36,1549
0	1003	28696	36,1549
0	1003	6736	36,1549
0	1003	11110	36,1549
0	1003	10318	36,1549
0	1003	20784	36,1549
0	1003	22127	36,1549
0	1003	21160	36,1549
0	1003	3764	36,1549
0	1003	9889	36,1549
0	1003	4010	36,1549
0	1003	10934	36,1549
0	1003	14922	36,1549
0	1003	5608	36,1549
0	1003	9377	36,1549
0	1003	8893	36,1549
0	1003	13865	36,1549
0	1003	4140	36,1549
0	1003	9411	36,1549
0	1003	11798	36,1549
0	1003	31859	36,1549
0	1003	16499	36,1549
0	1003	4487	36,1549
0	1003	145	36,1549
0	1003	11979	36,1549
1	1003	32394	36,1549
0	1003	2683	36,1549,32394
0	1003	12221	36,1549,32394
1	1003	9077	36,1549,32394
0	1003	30841	36,1549,32394,9077
0	1003	32110	36,1549,32394,9077
0	1003	24099	36,1549,32394,9077
0	1003	25642	36,1549,32394,9077
0	1003	16525	36,1549,32394,9077
0	1003	15715	36,1549,32394,9077
0	1003	13219	36,1549,32394,9077
0	1003	27126	36,1549,32394,9077
0	1003	26662	36,1549,32394,9077
0	1003	24946	36,1549,32394,9077
0	1003	14651	36,1549,32394,9077
0	1003	24111	36,1549,32394,9077
0	1003	565	36,1549,32394,9077
0	1003	1324	36,1549,32394,9077
0	1003	23516	36,1549,32394,9077
0	1003	6207	36,1549,32394,9077
0	1003	7146	36,1549,32394,9077
