1	706	3791	0
1	706	13291	3791
1	706	13027	3791,13291
1	706	1440	3791,13291,13027
1	706	2891	3791,13291,13027,1440
1	706	12943	3791,13291,13027,1440,2891
1	706	26438	3791,13291,13027,1440,2891,12943
1	706	19866	3791,13291,13027,1440,2891,12943,26438
1	706	20774	3791,13291,13027,1440,2891,12943,26438,19866
1	706	10693	3791,13291,13027,1440,2891,12943,26438,19866,20774
1	706	16545	3791,13291,13027,1440,2891,12943,26438,19866,20774,10693
1	706	18048	3791,13291,13027,1440,2891,12943,26438,19866,20774,10693,16545
1	706	4320	3791,13291,13027,1440,2891,12943,26438,19866,20774,10693,16545,18048
1	706	5942	3791,13291,13027,1440,2891,12943,26438,19866,20774,10693,16545,18048,4320
1	706	4883	3791,13291,13027,1440,2891,12943,26438,19866,20774,10693,16545,18048,4320,5942
1	706	8902	3791,13291,13027,1440,2891,12943,26438,19866,20774,10693,16545,18048,4320,5942,4883
1	706	18124	3791,13291,13027,1440,2891,12943,26438,19866,20774,10693,16545,18048,4320,5942,4883,8902
1	706	20907	3791,13291,13027,1440,2891,12943,26438,19866,20774,10693,16545,18048,4320,5942,4883,8902,18124
1	706	31517	3791,13291,13027,1440,2891,12943,26438,19866,20774,10693,16545,18048,4320,5942,4883,8902,18124,20907
1	706	9647	3791,13291,13027,1440,2891,12943,26438,19866,20774,10693,16545,18048,4320,5942,4883,8902,18124,20907,31517
1	706	9970	3791,13291,13027,1440,2891,12943,26438,19866,20774,10693,16545,18048,4320,5942,4883,8902,18124,20907,31517,9647
1	706	10603	3791,13291,13027,1440,2891,12943,26438,19866,20774,10693,16545,18048,4320,5942,4883,8902,18124,20907,31517,9647,9970
1	706	14224	3791,13291,13027,1440,2891,12943,26438,19866,20774,10693,16545,18048,4320,5942,4883,8902,18124,20907,31517,9647,9970,10603
1	706	15574	3791,13291,13027,1440,2891,12943,26438,19866,20774,10693,16545,18048,4320,5942,4883,8902,18124,20907,31517,9647,9970,10603,14224
0	706	20324	3791,13291,13027,1440,2891,12943,26438,19866,20774,10693,16545,18048,4320,5942,4883,8902,18124,20907,31517,9647,9970,10603,14224,15574
1	706	21595	3791,13291,13027,1440,2891,12943,26438,19866,20774,10693,16545,18048,4320,5942,4883,8902,18124,20907,31517,9647,9970,10603,14224,15574
1	706	23081	3791,13291,13027,1440,2891,12943,26438,19866,20774,10693,16545,18048,4320,5942,4883,8902,18124,20907,31517,9647,9970,10603,14224,15574,21595
1	706	1981	3791,13291,13027,1440,2891,12943,26438,19866,20774,10693,16545,18048,4320,5942,4883,8902,18124,20907,31517,9647,9970,10603,14224,15574,21595,23081
1	706	18980	3791,13291,13027,1440,2891,12943,26438,19866,20774,10693,16545,18048,4320,5942,4883,8902,18124,20907,31517,9647,9970,10603,14224,15574,21595,23081,1981
1	706	19013	3791,13291,13027,1440,2891,12943,26438,19866,20774,10693,16545,18048,4320,5942,4883,8902,18124,20907,31517,9647,9970,10603,14224,15574,21595,23081,1981,18980
1	706	20468	3791,13291,13027,1440,2891,12943,26438,19866,20774,10693,16545,18048,4320,5942,4883,8902,18124,20907,31517,9647,9970,10603,14224,15574,21595,23081,1981,18980,19013
1	706	22112	3791,13291,13027,1440,2891,12943,26438,19866,20774,10693,16545,18048,4320,5942,4883,8902,18124,20907,31517,9647,9970,10603,14224,15574,21595,23081,1981,18980,19013,20468
1	706	19299	3791,13291,13027,1440,2891,12943,26438,19866,20774,10693,16545,18048,4320,5942,4883,8902,18124,20907,31517,9647,9970,10603,14224,15574,21595,23081,1981,18980,19013,20468,22112
