0	1736	32701	0
1	1736	32173	0
0	1736	32204	32173
1	1736	9871	32173
1	1736	15785	32173,9871
1	1736	21645	32173,9871,15785
1	1736	31582	32173,9871,15785,21645
1	1736	32807	32173,9871,15785,21645,31582
0	1736	32436	32173,9871,15785,21645,31582,32807
0	1736	5374	32173,9871,15785,21645,31582,32807
0	1736	18188	32173,9871,15785,21645,31582,32807
0	1736	11871	32173,9871,15785,21645,31582,32807
0	1736	32857	32173,9871,15785,21645,31582,32807
0	1736	31398	32173,9871,15785,21645,31582,32807
0	1736	30855	32173,9871,15785,21645,31582,32807
1	1736	32309	32173,9871,15785,21645,31582,32807
0	1736	32851	32173,9871,15785,21645,31582,32807,32309
0	1736	26346	32173,9871,15785,21645,31582,32807,32309
0	1736	31317	32173,9871,15785,21645,31582,32807,32309
1	1736	5724	32173,9871,15785,21645,31582,32807,32309
0	1736	32432	32173,9871,15785,21645,31582,32807,32309,5724
0	1736	32855	32173,9871,15785,21645,31582,32807,32309,5724
1	1736	28773	32173,9871,15785,21645,31582,32807,32309,5724
1	1736	32167	32173,9871,15785,21645,31582,32807,32309,5724,28773
1	1736	32884	32173,9871,15785,21645,31582,32807,32309,5724,28773,32167
0	1736	83	32173,9871,15785,21645,31582,32807,32309,5724,28773,32167,32884
0	1736	17967	32173,9871,15785,21645,31582,32807,32309,5724,28773,32167,32884
0	1736	6556	32173,9871,15785,21645,31582,32807,32309,5724,28773,32167,32884
1	1736	2315	32173,9871,15785,21645,31582,32807,32309,5724,28773,32167,32884
0	1736	32624	32173,9871,15785,21645,31582,32807,32309,5724,28773,32167,32884,2315
1	1736	2183	32173,9871,15785,21645,31582,32807,32309,5724,28773,32167,32884,2315
0	1736	32847	32173,9871,15785,21645,31582,32807,32309,5724,28773,32167,32884,2315,2183
1	1736	821	32173,9871,15785,21645,31582,32807,32309,5724,28773,32167,32884,2315,2183
0	1736	31678	32173,9871,15785,21645,31582,32807,32309,5724,28773,32167,32884,2315,2183,821
1	1736	9808	32173,9871,15785,21645,31582,32807,32309,5724,28773,32167,32884,2315,2183,821
0	1736	17244	32173,9871,15785,21645,31582,32807,32309,5724,28773,32167,32884,2315,2183,821,9808
1	1736	4070	32173,9871,15785,21645,31582,32807,32309,5724,28773,32167,32884,2315,2183,821,9808
1	1736	831	32173,9871,15785,21645,31582,32807,32309,5724,28773,32167,32884,2315,2183,821,9808,4070
1	1736	4766	32173,9871,15785,21645,31582,32807,32309,5724,28773,32167,32884,2315,2183,821,9808,4070,831
1	1736	2877	32173,9871,15785,21645,31582,32807,32309,5724,28773,32167,32884,2315,2183,821,9808,4070,831,4766
1	1736	32998	32173,9871,15785,21645,31582,32807,32309,5724,28773,32167,32884,2315,2183,821,9808,4070,831,4766,2877
1	1736	32661	32173,9871,15785,21645,31582,32807,32309,5724,28773,32167,32884,2315,2183,821,9808,4070,831,4766,2877,32998
0	1736	28888	32173,9871,15785,21645,31582,32807,32309,5724,28773,32167,32884,2315,2183,821,9808,4070,831,4766,2877,32998,32661
0	1736	3669	32173,9871,15785,21645,31582,32807,32309,5724,28773,32167,32884,2315,2183,821,9808,4070,831,4766,2877,32998,32661
1	1736	5096	32173,9871,15785,21645,31582,32807,32309,5724,28773,32167,32884,2315,2183,821,9808,4070,831,4766,2877,32998,32661
1	1736	31850	32173,9871,15785,21645,31582,32807,32309,5724,28773,32167,32884,2315,2183,821,9808,4070,831,4766,2877,32998,32661,5096
1	1736	31862	32173,9871,15785,21645,31582,32807,32309,5724,28773,32167,32884,2315,2183,821,9808,4070,831,4766,2877,32998,32661,5096,31850
0	1736	5527	32173,9871,15785,21645,31582,32807,32309,5724,28773,32167,32884,2315,2183,821,9808,4070,831,4766,2877,32998,32661,5096,31850,31862
0	1736	27082	32173,9871,15785,21645,31582,32807,32309,5724,28773,32167,32884,2315,2183,821,9808,4070,831,4766,2877,32998,32661,5096,31850,31862
0	1736	6918	32173,9871,15785,21645,31582,32807,32309,5724,28773,32167,32884,2315,2183,821,9808,4070,831,4766,2877,32998,32661,5096,31850,31862
1	1736	3973	32173,9871,15785,21645,31582,32807,32309,5724,28773,32167,32884,2315,2183,821,9808,4070,831,4766,2877,32998,32661,5096,31850,31862
0	1736	33114	32173,9871,15785,21645,31582,32807,32309,5724,28773,32167,32884,2315,2183,821,9808,4070,831,4766,2877,32998,32661,5096,31850,31862,3973
0	1736	9525	32173,9871,15785,21645,31582,32807,32309,5724,28773,32167,32884,2315,2183,821,9808,4070,831,4766,2877,32998,32661,5096,31850,31862,3973
0	1736	11327	32173,9871,15785,21645,31582,32807,32309,5724,28773,32167,32884,2315,2183,821,9808,4070,831,4766,2877,32998,32661,5096,31850,31862,3973
1	1736	32635	32173,9871,15785,21645,31582,32807,32309,5724,28773,32167,32884,2315,2183,821,9808,4070,831,4766,2877,32998,32661,5096,31850,31862,3973
0	1736	12661	32173,9871,15785,21645,31582,32807,32309,5724,28773,32167,32884,2315,2183,821,9808,4070,831,4766,2877,32998,32661,5096,31850,31862,3973,32635
