1	61	4538	0
0	61	16807	4538
1	61	19819	4538
1	61	21901	4538,19819
1	61	33072	4538,19819,21901
0	61	4356	4538,19819,21901,33072
1	61	9968	4538,19819,21901,33072
1	61	11354	4538,19819,21901,33072,9968
1	61	16488	4538,19819,21901,33072,9968,11354
1	61	18125	4538,19819,21901,33072,9968,11354,16488
1	61	24769	4538,19819,21901,33072,9968,11354,16488,18125
1	61	24840	4538,19819,21901,33072,9968,11354,16488,18125,24769
1	61	27809	4538,19819,21901,33072,9968,11354,16488,18125,24769,24840
1	61	28070	4538,19819,21901,33072,9968,11354,16488,18125,24769,24840,27809
1	61	25284	4538,19819,21901,33072,9968,11354,16488,18125,24769,24840,27809,28070
1	61	17259	4538,19819,21901,33072,9968,11354,16488,18125,24769,24840,27809,28070,25284
1	61	25803	4538,19819,21901,33072,9968,11354,16488,18125,24769,24840,27809,28070,25284,17259
1	61	26873	4538,19819,21901,33072,9968,11354,16488,18125,24769,24840,27809,28070,25284,17259,25803
1	61	28354	4538,19819,21901,33072,9968,11354,16488,18125,24769,24840,27809,28070,25284,17259,25803,26873
1	61	22986	4538,19819,21901,33072,9968,11354,16488,18125,24769,24840,27809,28070,25284,17259,25803,26873,28354
1	61	22909	4538,19819,21901,33072,9968,11354,16488,18125,24769,24840,27809,28070,25284,17259,25803,26873,28354,22986
1	61	12799	4538,19819,21901,33072,9968,11354,16488,18125,24769,24840,27809,28070,25284,17259,25803,26873,28354,22986,22909
1	61	26063	4538,19819,21901,33072,9968,11354,16488,18125,24769,24840,27809,28070,25284,17259,25803,26873,28354,22986,22909,12799
0	61	28220	4538,19819,21901,33072,9968,11354,16488,18125,24769,24840,27809,28070,25284,17259,25803,26873,28354,22986,22909,12799,26063
1	61	28287	4538,19819,21901,33072,9968,11354,16488,18125,24769,24840,27809,28070,25284,17259,25803,26873,28354,22986,22909,12799,26063
1	61	20739	4538,19819,21901,33072,9968,11354,16488,18125,24769,24840,27809,28070,25284,17259,25803,26873,28354,22986,22909,12799,26063,28287
1	61	26536	4538,19819,21901,33072,9968,11354,16488,18125,24769,24840,27809,28070,25284,17259,25803,26873,28354,22986,22909,12799,26063,28287,20739
1	61	25542	4538,19819,21901,33072,9968,11354,16488,18125,24769,24840,27809,28070,25284,17259,25803,26873,28354,22986,22909,12799,26063,28287,20739,26536
0	61	28252	4538,19819,21901,33072,9968,11354,16488,18125,24769,24840,27809,28070,25284,17259,25803,26873,28354,22986,22909,12799,26063,28287,20739,26536,25542
1	61	24546	4538,19819,21901,33072,9968,11354,16488,18125,24769,24840,27809,28070,25284,17259,25803,26873,28354,22986,22909,12799,26063,28287,20739,26536,25542
1	61	25849	4538,19819,21901,33072,9968,11354,16488,18125,24769,24840,27809,28070,25284,17259,25803,26873,28354,22986,22909,12799,26063,28287,20739,26536,25542,24546
1	61	18330	4538,19819,21901,33072,9968,11354,16488,18125,24769,24840,27809,28070,25284,17259,25803,26873,28354,22986,22909,12799,26063,28287,20739,26536,25542,24546,25849
1	61	27032	4538,19819,21901,33072,9968,11354,16488,18125,24769,24840,27809,28070,25284,17259,25803,26873,28354,22986,22909,12799,26063,28287,20739,26536,25542,24546,25849,18330
1	61	21482	4538,19819,21901,33072,9968,11354,16488,18125,24769,24840,27809,28070,25284,17259,25803,26873,28354,22986,22909,12799,26063,28287,20739,26536,25542,24546,25849,18330,27032
1	61	27482	4538,19819,21901,33072,9968,11354,16488,18125,24769,24840,27809,28070,25284,17259,25803,26873,28354,22986,22909,12799,26063,28287,20739,26536,25542,24546,25849,18330,27032,21482
1	61	9830	4538,19819,21901,33072,9968,11354,16488,18125,24769,24840,27809,28070,25284,17259,25803,26873,28354,22986,22909,12799,26063,28287,20739,26536,25542,24546,25849,18330,27032,21482,27482
1	61	14966	4538,19819,21901,33072,9968,11354,16488,18125,24769,24840,27809,28070,25284,17259,25803,26873,28354,22986,22909,12799,26063,28287,20739,26536,25542,24546,25849,18330,27032,21482,27482,9830
1	61	28445	4538,19819,21901,33072,9968,11354,16488,18125,24769,24840,27809,28070,25284,17259,25803,26873,28354,22986,22909,12799,26063,28287,20739,26536,25542,24546,25849,18330,27032,21482,27482,9830,14966
0	61	27751	4538,19819,21901,33072,9968,11354,16488,18125,24769,24840,27809,28070,25284,17259,25803,26873,28354,22986,22909,12799,26063,28287,20739,26536,25542,24546,25849,18330,27032,21482,27482,9830,14966,28445
1	61	27063	4538,19819,21901,33072,9968,11354,16488,18125,24769,24840,27809,28070,25284,17259,25803,26873,28354,22986,22909,12799,26063,28287,20739,26536,25542,24546,25849,18330,27032,21482,27482,9830,14966,28445
1	61	15312	4538,19819,21901,33072,9968,11354,16488,18125,24769,24840,27809,28070,25284,17259,25803,26873,28354,22986,22909,12799,26063,28287,20739,26536,25542,24546,25849,18330,27032,21482,27482,9830,14966,28445,27063
0	61	28219	4538,19819,21901,33072,9968,11354,16488,18125,24769,24840,27809,28070,25284,17259,25803,26873,28354,22986,22909,12799,26063,28287,20739,26536,25542,24546,25849,18330,27032,21482,27482,9830,14966,28445,27063,15312
1	61	20517	4538,19819,21901,33072,9968,11354,16488,18125,24769,24840,27809,28070,25284,17259,25803,26873,28354,22986,22909,12799,26063,28287,20739,26536,25542,24546,25849,18330,27032,21482,27482,9830,14966,28445,27063,15312
1	61	25964	4538,19819,21901,33072,9968,11354,16488,18125,24769,24840,27809,28070,25284,17259,25803,26873,28354,22986,22909,12799,26063,28287,20739,26536,25542,24546,25849,18330,27032,21482,27482,9830,14966,28445,27063,15312,20517
1	61	28289	4538,19819,21901,33072,9968,11354,16488,18125,24769,24840,27809,28070,25284,17259,25803,26873,28354,22986,22909,12799,26063,28287,20739,26536,25542,24546,25849,18330,27032,21482,27482,9830,14966,28445,27063,15312,20517,25964
1	61	28225	4538,19819,21901,33072,9968,11354,16488,18125,24769,24840,27809,28070,25284,17259,25803,26873,28354,22986,22909,12799,26063,28287,20739,26536,25542,24546,25849,18330,27032,21482,27482,9830,14966,28445,27063,15312,20517,25964,28289
1	61	23325	4538,19819,21901,33072,9968,11354,16488,18125,24769,24840,27809,28070,25284,17259,25803,26873,28354,22986,22909,12799,26063,28287,20739,26536,25542,24546,25849,18330,27032,21482,27482,9830,14966,28445,27063,15312,20517,25964,28289,28225
1	61	28449	4538,19819,21901,33072,9968,11354,16488,18125,24769,24840,27809,28070,25284,17259,25803,26873,28354,22986,22909,12799,26063,28287,20739,26536,25542,24546,25849,18330,27032,21482,27482,9830,14966,28445,27063,15312,20517,25964,28289,28225,23325
0	61	26740	4538,19819,21901,33072,9968,11354,16488,18125,24769,24840,27809,28070,25284,17259,25803,26873,28354,22986,22909,12799,26063,28287,20739,26536,25542,24546,25849,18330,27032,21482,27482,9830,14966,28445,27063,15312,20517,25964,28289,28225,23325,28449
1	61	27407	4538,19819,21901,33072,9968,11354,16488,18125,24769,24840,27809,28070,25284,17259,25803,26873,28354,22986,22909,12799,26063,28287,20739,26536,25542,24546,25849,18330,27032,21482,27482,9830,14966,28445,27063,15312,20517,25964,28289,28225,23325,28449
1	61	27926	4538,19819,21901,33072,9968,11354,16488,18125,24769,24840,27809,28070,25284,17259,25803,26873,28354,22986,22909,12799,26063,28287,20739,26536,25542,24546,25849,18330,27032,21482,27482,9830,14966,28445,27063,15312,20517,25964,28289,28225,23325,28449,27407
1	61	27928	4538,19819,21901,33072,9968,11354,16488,18125,24769,24840,27809,28070,25284,17259,25803,26873,28354,22986,22909,12799,26063,28287,20739,26536,25542,24546,25849,18330,27032,21482,27482,9830,14966,28445,27063,15312,20517,25964,28289,28225,23325,28449,27407,27926
0	61	28284	4538,19819,21901,33072,9968,11354,16488,18125,24769,24840,27809,28070,25284,17259,25803,26873,28354,22986,22909,12799,26063,28287,20739,26536,25542,24546,25849,18330,27032,21482,27482,9830,14966,28445,27063,15312,20517,25964,28289,28225,23325,28449,27407,27926,27928
0	61	28286	4538,19819,21901,33072,9968,11354,16488,18125,24769,24840,27809,28070,25284,17259,25803,26873,28354,22986,22909,12799,26063,28287,20739,26536,25542,24546,25849,18330,27032,21482,27482,9830,14966,28445,27063,15312,20517,25964,28289,28225,23325,28449,27407,27926,27928
