0	1043	2753	0
0	1043	1649	0
1	1043	2894	0
1	1043	3114	2894
1	1043	6852	2894,3114
0	1043	32150	2894,3114,6852
1	1043	3079	2894,3114,6852
1	1043	3697	2894,3114,6852,3079
0	1043	8279	2894,3114,6852,3079,3697
0	1043	7995	2894,3114,6852,3079,3697
0	1043	7433	2894,3114,6852,3079,3697
0	1043	7943	2894,3114,6852,3079,3697
0	1043	12488	2894,3114,6852,3079,3697
0	1043	9976	2894,3114,6852,3079,3697
0	1043	2157	2894,3114,6852,3079,3697
0	1043	4364	2894,3114,6852,3079,3697
1	1043	10832	2894,3114,6852,3079,3697
0	1043	4740	2894,3114,6852,3079,3697,10832
0	1043	7687	2894,3114,6852,3079,3697,10832
1	1043	6581	2894,3114,6852,3079,3697,10832
1	1043	8464	2894,3114,6852,3079,3697,10832,6581
0	1043	18183	2894,3114,6852,3079,3697,10832,6581,8464
0	1043	18469	2894,3114,6852,3079,3697,10832,6581,8464
0	1043	18470	2894,3114,6852,3079,3697,10832,6581,8464
0	1043	17110	2894,3114,6852,3079,3697,10832,6581,8464
1	1043	19801	2894,3114,6852,3079,3697,10832,6581,8464
0	1043	14534	2894,3114,6852,3079,3697,10832,6581,8464,19801
0	1043	5016	2894,3114,6852,3079,3697,10832,6581,8464,19801
0	1043	18102	2894,3114,6852,3079,3697,10832,6581,8464,19801
0	1043	4138	2894,3114,6852,3079,3697,10832,6581,8464,19801
0	1043	6044	2894,3114,6852,3079,3697,10832,6581,8464,19801
1	1043	7110	2894,3114,6852,3079,3697,10832,6581,8464,19801
0	1043	19186	2894,3114,6852,3079,3697,10832,6581,8464,19801,7110
0	1043	20186	2894,3114,6852,3079,3697,10832,6581,8464,19801,7110
0	1043	3203	2894,3114,6852,3079,3697,10832,6581,8464,19801,7110
0	1043	11488	2894,3114,6852,3079,3697,10832,6581,8464,19801,7110
0	1043	18619	2894,3114,6852,3079,3697,10832,6581,8464,19801,7110
1	1043	14401	2894,3114,6852,3079,3697,10832,6581,8464,19801,7110
0	1043	20806	2894,3114,6852,3079,3697,10832,6581,8464,19801,7110,14401
1	1043	24095	2894,3114,6852,3079,3697,10832,6581,8464,19801,7110,14401
0	1043	12715	2894,3114,6852,3079,3697,10832,6581,8464,19801,7110,14401,24095
1	1043	18108	2894,3114,6852,3079,3697,10832,6581,8464,19801,7110,14401,24095
0	1043	10396	2894,3114,6852,3079,3697,10832,6581,8464,19801,7110,14401,24095,18108
1	1043	21504	2894,3114,6852,3079,3697,10832,6581,8464,19801,7110,14401,24095,18108
0	1043	18702	2894,3114,6852,3079,3697,10832,6581,8464,19801,7110,14401,24095,18108,21504
0	1043	31598	2894,3114,6852,3079,3697,10832,6581,8464,19801,7110,14401,24095,18108,21504
0	1043	16169	2894,3114,6852,3079,3697,10832,6581,8464,19801,7110,14401,24095,18108,21504
0	1043	11730	2894,3114,6852,3079,3697,10832,6581,8464,19801,7110,14401,24095,18108,21504
0	1043	19576	2894,3114,6852,3079,3697,10832,6581,8464,19801,7110,14401,24095,18108,21504
0	1043	31057	2894,3114,6852,3079,3697,10832,6581,8464,19801,7110,14401,24095,18108,21504
0	1043	18700	2894,3114,6852,3079,3697,10832,6581,8464,19801,7110,14401,24095,18108,21504
0	1043	20658	2894,3114,6852,3079,3697,10832,6581,8464,19801,7110,14401,24095,18108,21504
0	1043	20069	2894,3114,6852,3079,3697,10832,6581,8464,19801,7110,14401,24095,18108,21504
1	1043	21297	2894,3114,6852,3079,3697,10832,6581,8464,19801,7110,14401,24095,18108,21504
0	1043	20644	2894,3114,6852,3079,3697,10832,6581,8464,19801,7110,14401,24095,18108,21504,21297
0	1043	16503	2894,3114,6852,3079,3697,10832,6581,8464,19801,7110,14401,24095,18108,21504,21297
0	1043	6708	2894,3114,6852,3079,3697,10832,6581,8464,19801,7110,14401,24095,18108,21504,21297
1	1043	7508	2894,3114,6852,3079,3697,10832,6581,8464,19801,7110,14401,24095,18108,21504,21297
0	1043	12662	2894,3114,6852,3079,3697,10832,6581,8464,19801,7110,14401,24095,18108,21504,21297,7508
1	1043	23887	2894,3114,6852,3079,3697,10832,6581,8464,19801,7110,14401,24095,18108,21504,21297,7508
1	1043	25833	2894,3114,6852,3079,3697,10832,6581,8464,19801,7110,14401,24095,18108,21504,21297,7508,23887
0	1043	21370	2894,3114,6852,3079,3697,10832,6581,8464,19801,7110,14401,24095,18108,21504,21297,7508,23887,25833
0	1043	2167	2894,3114,6852,3079,3697,10832,6581,8464,19801,7110,14401,24095,18108,21504,21297,7508,23887,25833
0	1043	16996	2894,3114,6852,3079,3697,10832,6581,8464,19801,7110,14401,24095,18108,21504,21297,7508,23887,25833
0	1043	21931	2894,3114,6852,3079,3697,10832,6581,8464,19801,7110,14401,24095,18108,21504,21297,7508,23887,25833
1	1043	22860	2894,3114,6852,3079,3697,10832,6581,8464,19801,7110,14401,24095,18108,21504,21297,7508,23887,25833
1	1043	25988	2894,3114,6852,3079,3697,10832,6581,8464,19801,7110,14401,24095,18108,21504,21297,7508,23887,25833,22860
1	1043	28032	2894,3114,6852,3079,3697,10832,6581,8464,19801,7110,14401,24095,18108,21504,21297,7508,23887,25833,22860,25988
