0	815	2794	0
0	815	6311	0
0	815	26186	0
1	815	32700	0
0	815	2427	32700
0	815	1994	32700
1	815	31857	32700
1	815	32079	32700,31857
1	815	7179	32700,31857,32079
0	815	3989	32700,31857,32079,7179
0	815	8490	32700,31857,32079,7179
1	815	10377	32700,31857,32079,7179
1	815	11420	32700,31857,32079,7179,10377
1	815	10895	32700,31857,32079,7179,10377,11420
0	815	14064	32700,31857,32079,7179,10377,11420,10895
0	815	10877	32700,31857,32079,7179,10377,11420,10895
0	815	14150	32700,31857,32079,7179,10377,11420,10895
0	815	17175	32700,31857,32079,7179,10377,11420,10895
0	815	21107	32700,31857,32079,7179,10377,11420,10895
1	815	16317	32700,31857,32079,7179,10377,11420,10895
0	815	5684	32700,31857,32079,7179,10377,11420,10895,16317
1	815	18290	32700,31857,32079,7179,10377,11420,10895,16317
1	815	13708	32700,31857,32079,7179,10377,11420,10895,16317,18290
1	815	22212	32700,31857,32079,7179,10377,11420,10895,16317,18290,13708
0	815	24175	32700,31857,32079,7179,10377,11420,10895,16317,18290,13708,22212
0	815	15623	32700,31857,32079,7179,10377,11420,10895,16317,18290,13708,22212
0	815	25743	32700,31857,32079,7179,10377,11420,10895,16317,18290,13708,22212
0	815	18025	32700,31857,32079,7179,10377,11420,10895,16317,18290,13708,22212
0	815	23863	32700,31857,32079,7179,10377,11420,10895,16317,18290,13708,22212
0	815	23394	32700,31857,32079,7179,10377,11420,10895,16317,18290,13708,22212
1	815	28386	32700,31857,32079,7179,10377,11420,10895,16317,18290,13708,22212
0	815	21548	32700,31857,32079,7179,10377,11420,10895,16317,18290,13708,22212,28386
0	815	24207	32700,31857,32079,7179,10377,11420,10895,16317,18290,13708,22212,28386
0	815	29463	32700,31857,32079,7179,10377,11420,10895,16317,18290,13708,22212,28386
1	815	19041	32700,31857,32079,7179,10377,11420,10895,16317,18290,13708,22212,28386
