1	1539	16281	0
1	1539	24793	16281
1	1539	27202	16281,24793
0	1539	23562	16281,24793,27202
1	1539	28441	16281,24793,27202
1	1539	2450	16281,24793,27202,28441
1	1539	29222	16281,24793,27202,28441,2450
0	1539	1164	16281,24793,27202,28441,2450,29222
1	1539	23594	16281,24793,27202,28441,2450,29222
0	1539	32808	16281,24793,27202,28441,2450,29222,23594
1	1539	1979	16281,24793,27202,28441,2450,29222,23594
1	1539	7084	16281,24793,27202,28441,2450,29222,23594,1979
0	1539	3844	16281,24793,27202,28441,2450,29222,23594,1979,7084
0	1539	9367	16281,24793,27202,28441,2450,29222,23594,1979,7084
1	1539	6362	16281,24793,27202,28441,2450,29222,23594,1979,7084
1	1539	7050	16281,24793,27202,28441,2450,29222,23594,1979,7084,6362
1	1539	8064	16281,24793,27202,28441,2450,29222,23594,1979,7084,6362,7050
1	1539	5900	16281,24793,27202,28441,2450,29222,23594,1979,7084,6362,7050,8064
1	1539	10367	16281,24793,27202,28441,2450,29222,23594,1979,7084,6362,7050,8064,5900
1	1539	3689	16281,24793,27202,28441,2450,29222,23594,1979,7084,6362,7050,8064,5900,10367
1	1539	4319	16281,24793,27202,28441,2450,29222,23594,1979,7084,6362,7050,8064,5900,10367,3689
1	1539	12300	16281,24793,27202,28441,2450,29222,23594,1979,7084,6362,7050,8064,5900,10367,3689,4319
0	1539	31636	16281,24793,27202,28441,2450,29222,23594,1979,7084,6362,7050,8064,5900,10367,3689,4319,12300
1	1539	14530	16281,24793,27202,28441,2450,29222,23594,1979,7084,6362,7050,8064,5900,10367,3689,4319,12300
1	1539	11199	16281,24793,27202,28441,2450,29222,23594,1979,7084,6362,7050,8064,5900,10367,3689,4319,12300,14530
1	1539	13988	16281,24793,27202,28441,2450,29222,23594,1979,7084,6362,7050,8064,5900,10367,3689,4319,12300,14530,11199
0	1539	12356	16281,24793,27202,28441,2450,29222,23594,1979,7084,6362,7050,8064,5900,10367,3689,4319,12300,14530,11199,13988
1	1539	28491	16281,24793,27202,28441,2450,29222,23594,1979,7084,6362,7050,8064,5900,10367,3689,4319,12300,14530,11199,13988
0	1539	3041	16281,24793,27202,28441,2450,29222,23594,1979,7084,6362,7050,8064,5900,10367,3689,4319,12300,14530,11199,13988,28491
0	1539	15972	16281,24793,27202,28441,2450,29222,23594,1979,7084,6362,7050,8064,5900,10367,3689,4319,12300,14530,11199,13988,28491
0	1539	14453	16281,24793,27202,28441,2450,29222,23594,1979,7084,6362,7050,8064,5900,10367,3689,4319,12300,14530,11199,13988,28491
1	1539	13794	16281,24793,27202,28441,2450,29222,23594,1979,7084,6362,7050,8064,5900,10367,3689,4319,12300,14530,11199,13988,28491
