1	922	22695	0
1	922	16928	22695
1	922	29233	22695,16928
0	922	32289	22695,16928,29233
1	922	30905	22695,16928,29233
1	922	10012	22695,16928,29233,30905
1	922	2066	22695,16928,29233,30905,10012
0	922	2094	22695,16928,29233,30905,10012,2066
0	922	2528	22695,16928,29233,30905,10012,2066
1	922	3050	22695,16928,29233,30905,10012,2066
0	922	4159	22695,16928,29233,30905,10012,2066,3050
0	922	2814	22695,16928,29233,30905,10012,2066,3050
0	922	4854	22695,16928,29233,30905,10012,2066,3050
0	922	6784	22695,16928,29233,30905,10012,2066,3050
0	922	6327	22695,16928,29233,30905,10012,2066,3050
0	922	5018	22695,16928,29233,30905,10012,2066,3050
1	922	10160	22695,16928,29233,30905,10012,2066,3050
1	922	7307	22695,16928,29233,30905,10012,2066,3050,10160
1	922	6958	22695,16928,29233,30905,10012,2066,3050,10160,7307
1	922	11923	22695,16928,29233,30905,10012,2066,3050,10160,7307,6958
1	922	11956	22695,16928,29233,30905,10012,2066,3050,10160,7307,6958,11923
1	922	11377	22695,16928,29233,30905,10012,2066,3050,10160,7307,6958,11923,11956
1	922	4670	22695,16928,29233,30905,10012,2066,3050,10160,7307,6958,11923,11956,11377
1	922	4996	22695,16928,29233,30905,10012,2066,3050,10160,7307,6958,11923,11956,11377,4670
1	922	13920	22695,16928,29233,30905,10012,2066,3050,10160,7307,6958,11923,11956,11377,4670,4996
0	922	16460	22695,16928,29233,30905,10012,2066,3050,10160,7307,6958,11923,11956,11377,4670,4996,13920
0	922	12817	22695,16928,29233,30905,10012,2066,3050,10160,7307,6958,11923,11956,11377,4670,4996,13920
1	922	16754	22695,16928,29233,30905,10012,2066,3050,10160,7307,6958,11923,11956,11377,4670,4996,13920
0	922	18157	22695,16928,29233,30905,10012,2066,3050,10160,7307,6958,11923,11956,11377,4670,4996,13920,16754
1	922	16753	22695,16928,29233,30905,10012,2066,3050,10160,7307,6958,11923,11956,11377,4670,4996,13920,16754
0	922	19795	22695,16928,29233,30905,10012,2066,3050,10160,7307,6958,11923,11956,11377,4670,4996,13920,16754,16753
0	922	17980	22695,16928,29233,30905,10012,2066,3050,10160,7307,6958,11923,11956,11377,4670,4996,13920,16754,16753
1	922	8396	22695,16928,29233,30905,10012,2066,3050,10160,7307,6958,11923,11956,11377,4670,4996,13920,16754,16753
1	922	20202	22695,16928,29233,30905,10012,2066,3050,10160,7307,6958,11923,11956,11377,4670,4996,13920,16754,16753,8396
1	922	15361	22695,16928,29233,30905,10012,2066,3050,10160,7307,6958,11923,11956,11377,4670,4996,13920,16754,16753,8396,20202
1	922	19443	22695,16928,29233,30905,10012,2066,3050,10160,7307,6958,11923,11956,11377,4670,4996,13920,16754,16753,8396,20202,15361
1	922	17462	22695,16928,29233,30905,10012,2066,3050,10160,7307,6958,11923,11956,11377,4670,4996,13920,16754,16753,8396,20202,15361,19443
1	922	23452	22695,16928,29233,30905,10012,2066,3050,10160,7307,6958,11923,11956,11377,4670,4996,13920,16754,16753,8396,20202,15361,19443,17462
1	922	23118	22695,16928,29233,30905,10012,2066,3050,10160,7307,6958,11923,11956,11377,4670,4996,13920,16754,16753,8396,20202,15361,19443,17462,23452
1	922	24729	22695,16928,29233,30905,10012,2066,3050,10160,7307,6958,11923,11956,11377,4670,4996,13920,16754,16753,8396,20202,15361,19443,17462,23452,23118
1	922	17799	22695,16928,29233,30905,10012,2066,3050,10160,7307,6958,11923,11956,11377,4670,4996,13920,16754,16753,8396,20202,15361,19443,17462,23452,23118,24729
0	922	26759	22695,16928,29233,30905,10012,2066,3050,10160,7307,6958,11923,11956,11377,4670,4996,13920,16754,16753,8396,20202,15361,19443,17462,23452,23118,24729,17799
1	922	11261	22695,16928,29233,30905,10012,2066,3050,10160,7307,6958,11923,11956,11377,4670,4996,13920,16754,16753,8396,20202,15361,19443,17462,23452,23118,24729,17799
1	922	26888	22695,16928,29233,30905,10012,2066,3050,10160,7307,6958,11923,11956,11377,4670,4996,13920,16754,16753,8396,20202,15361,19443,17462,23452,23118,24729,17799,11261
