1	1637	17551	0
0	1637	32031	17551
0	1637	14441	17551
1	1637	1225	17551
0	1637	25796	17551,1225
1	1637	11787	17551,1225
0	1637	31942	17551,1225,11787
0	1637	730	17551,1225,11787
1	1637	1863	17551,1225,11787
1	1637	11406	17551,1225,11787,1863
0	1637	32634	17551,1225,11787,1863,11406
1	1637	20416	17551,1225,11787,1863,11406
1	1637	6564	17551,1225,11787,1863,11406,20416
1	1637	7073	17551,1225,11787,1863,11406,20416,6564
1	1637	31834	17551,1225,11787,1863,11406,20416,6564,7073
1	1637	1553	17551,1225,11787,1863,11406,20416,6564,7073,31834
0	1637	22089	17551,1225,11787,1863,11406,20416,6564,7073,31834,1553
0	1637	23145	17551,1225,11787,1863,11406,20416,6564,7073,31834,1553
0	1637	31854	17551,1225,11787,1863,11406,20416,6564,7073,31834,1553
1	1637	7059	17551,1225,11787,1863,11406,20416,6564,7073,31834,1553
0	1637	8034	17551,1225,11787,1863,11406,20416,6564,7073,31834,1553,7059
0	1637	31283	17551,1225,11787,1863,11406,20416,6564,7073,31834,1553,7059
0	1637	10846	17551,1225,11787,1863,11406,20416,6564,7073,31834,1553,7059
1	1637	1244	17551,1225,11787,1863,11406,20416,6564,7073,31834,1553,7059
1	1637	12830	17551,1225,11787,1863,11406,20416,6564,7073,31834,1553,7059,1244
1	1637	14078	17551,1225,11787,1863,11406,20416,6564,7073,31834,1553,7059,1244,12830
0	1637	18139	17551,1225,11787,1863,11406,20416,6564,7073,31834,1553,7059,1244,12830,14078
0	1637	10092	17551,1225,11787,1863,11406,20416,6564,7073,31834,1553,7059,1244,12830,14078
0	1637	18433	17551,1225,11787,1863,11406,20416,6564,7073,31834,1553,7059,1244,12830,14078
0	1637	19172	17551,1225,11787,1863,11406,20416,6564,7073,31834,1553,7059,1244,12830,14078
0	1637	16941	17551,1225,11787,1863,11406,20416,6564,7073,31834,1553,7059,1244,12830,14078
1	1637	19039	17551,1225,11787,1863,11406,20416,6564,7073,31834,1553,7059,1244,12830,14078
1	1637	9048	17551,1225,11787,1863,11406,20416,6564,7073,31834,1553,7059,1244,12830,14078,19039
1	1637	13798	17551,1225,11787,1863,11406,20416,6564,7073,31834,1553,7059,1244,12830,14078,19039,9048
1	1637	6115	17551,1225,11787,1863,11406,20416,6564,7073,31834,1553,7059,1244,12830,14078,19039,9048,13798
0	1637	20007	17551,1225,11787,1863,11406,20416,6564,7073,31834,1553,7059,1244,12830,14078,19039,9048,13798,6115
1	1637	19071	17551,1225,11787,1863,11406,20416,6564,7073,31834,1553,7059,1244,12830,14078,19039,9048,13798,6115
1	1637	22747	17551,1225,11787,1863,11406,20416,6564,7073,31834,1553,7059,1244,12830,14078,19039,9048,13798,6115,19071
0	1637	22967	17551,1225,11787,1863,11406,20416,6564,7073,31834,1553,7059,1244,12830,14078,19039,9048,13798,6115,19071,22747
1	1637	24841	17551,1225,11787,1863,11406,20416,6564,7073,31834,1553,7059,1244,12830,14078,19039,9048,13798,6115,19071,22747
1	1637	19112	17551,1225,11787,1863,11406,20416,6564,7073,31834,1553,7059,1244,12830,14078,19039,9048,13798,6115,19071,22747,24841
1	1637	8246	17551,1225,11787,1863,11406,20416,6564,7073,31834,1553,7059,1244,12830,14078,19039,9048,13798,6115,19071,22747,24841,19112
0	1637	24762	17551,1225,11787,1863,11406,20416,6564,7073,31834,1553,7059,1244,12830,14078,19039,9048,13798,6115,19071,22747,24841,19112,8246
1	1637	7693	17551,1225,11787,1863,11406,20416,6564,7073,31834,1553,7059,1244,12830,14078,19039,9048,13798,6115,19071,22747,24841,19112,8246
0	1637	22563	17551,1225,11787,1863,11406,20416,6564,7073,31834,1553,7059,1244,12830,14078,19039,9048,13798,6115,19071,22747,24841,19112,8246,7693
1	1637	25169	17551,1225,11787,1863,11406,20416,6564,7073,31834,1553,7059,1244,12830,14078,19039,9048,13798,6115,19071,22747,24841,19112,8246,7693
1	1637	24425	17551,1225,11787,1863,11406,20416,6564,7073,31834,1553,7059,1244,12830,14078,19039,9048,13798,6115,19071,22747,24841,19112,8246,7693,25169
0	1637	26659	17551,1225,11787,1863,11406,20416,6564,7073,31834,1553,7059,1244,12830,14078,19039,9048,13798,6115,19071,22747,24841,19112,8246,7693,25169,24425
0	1637	26733	17551,1225,11787,1863,11406,20416,6564,7073,31834,1553,7059,1244,12830,14078,19039,9048,13798,6115,19071,22747,24841,19112,8246,7693,25169,24425
0	1637	21578	17551,1225,11787,1863,11406,20416,6564,7073,31834,1553,7059,1244,12830,14078,19039,9048,13798,6115,19071,22747,24841,19112,8246,7693,25169,24425
0	1637	23768	17551,1225,11787,1863,11406,20416,6564,7073,31834,1553,7059,1244,12830,14078,19039,9048,13798,6115,19071,22747,24841,19112,8246,7693,25169,24425
0	1637	25825	17551,1225,11787,1863,11406,20416,6564,7073,31834,1553,7059,1244,12830,14078,19039,9048,13798,6115,19071,22747,24841,19112,8246,7693,25169,24425
0	1637	16886	17551,1225,11787,1863,11406,20416,6564,7073,31834,1553,7059,1244,12830,14078,19039,9048,13798,6115,19071,22747,24841,19112,8246,7693,25169,24425
1	1637	23047	17551,1225,11787,1863,11406,20416,6564,7073,31834,1553,7059,1244,12830,14078,19039,9048,13798,6115,19071,22747,24841,19112,8246,7693,25169,24425
1	1637	28748	17551,1225,11787,1863,11406,20416,6564,7073,31834,1553,7059,1244,12830,14078,19039,9048,13798,6115,19071,22747,24841,19112,8246,7693,25169,24425,23047
1	1637	22713	17551,1225,11787,1863,11406,20416,6564,7073,31834,1553,7059,1244,12830,14078,19039,9048,13798,6115,19071,22747,24841,19112,8246,7693,25169,24425,23047,28748
