1	185	4702	0
0	185	23039	4702
1	185	22811	4702
1	185	24440	4702,22811
1	185	28773	4702,22811,24440
1	185	24447	4702,22811,24440,28773
0	185	12810	4702,22811,24440,28773,24447
1	185	25167	4702,22811,24440,28773,24447
1	185	27351	4702,22811,24440,28773,24447,25167
1	185	28764	4702,22811,24440,28773,24447,25167,27351
1	185	1083	4702,22811,24440,28773,24447,25167,27351,28764
1	185	13980	4702,22811,24440,28773,24447,25167,27351,28764,1083
1	185	23905	4702,22811,24440,28773,24447,25167,27351,28764,1083,13980
1	185	25700	4702,22811,24440,28773,24447,25167,27351,28764,1083,13980,23905
1	185	25803	4702,22811,24440,28773,24447,25167,27351,28764,1083,13980,23905,25700
1	185	10877	4702,22811,24440,28773,24447,25167,27351,28764,1083,13980,23905,25700,25803
0	185	13225	4702,22811,24440,28773,24447,25167,27351,28764,1083,13980,23905,25700,25803,10877
1	185	22317	4702,22811,24440,28773,24447,25167,27351,28764,1083,13980,23905,25700,25803,10877
1	185	28825	4702,22811,24440,28773,24447,25167,27351,28764,1083,13980,23905,25700,25803,10877,22317
1	185	1136	4702,22811,24440,28773,24447,25167,27351,28764,1083,13980,23905,25700,25803,10877,22317,28825
1	185	25962	4702,22811,24440,28773,24447,25167,27351,28764,1083,13980,23905,25700,25803,10877,22317,28825,1136
1	185	20763	4702,22811,24440,28773,24447,25167,27351,28764,1083,13980,23905,25700,25803,10877,22317,28825,1136,25962
1	185	20150	4702,22811,24440,28773,24447,25167,27351,28764,1083,13980,23905,25700,25803,10877,22317,28825,1136,25962,20763
1	185	22982	4702,22811,24440,28773,24447,25167,27351,28764,1083,13980,23905,25700,25803,10877,22317,28825,1136,25962,20763,20150
1	185	23143	4702,22811,24440,28773,24447,25167,27351,28764,1083,13980,23905,25700,25803,10877,22317,28825,1136,25962,20763,20150,22982
1	185	28000	4702,22811,24440,28773,24447,25167,27351,28764,1083,13980,23905,25700,25803,10877,22317,28825,1136,25962,20763,20150,22982,23143
1	185	27516	4702,22811,24440,28773,24447,25167,27351,28764,1083,13980,23905,25700,25803,10877,22317,28825,1136,25962,20763,20150,22982,23143,28000
1	185	29016	4702,22811,24440,28773,24447,25167,27351,28764,1083,13980,23905,25700,25803,10877,22317,28825,1136,25962,20763,20150,22982,23143,28000,27516
1	185	8488	4702,22811,24440,28773,24447,25167,27351,28764,1083,13980,23905,25700,25803,10877,22317,28825,1136,25962,20763,20150,22982,23143,28000,27516,29016
1	185	9002	4702,22811,24440,28773,24447,25167,27351,28764,1083,13980,23905,25700,25803,10877,22317,28825,1136,25962,20763,20150,22982,23143,28000,27516,29016,8488
1	185	9440	4702,22811,24440,28773,24447,25167,27351,28764,1083,13980,23905,25700,25803,10877,22317,28825,1136,25962,20763,20150,22982,23143,28000,27516,29016,8488,9002
1	185	10016	4702,22811,24440,28773,24447,25167,27351,28764,1083,13980,23905,25700,25803,10877,22317,28825,1136,25962,20763,20150,22982,23143,28000,27516,29016,8488,9002,9440
1	185	19761	4702,22811,24440,28773,24447,25167,27351,28764,1083,13980,23905,25700,25803,10877,22317,28825,1136,25962,20763,20150,22982,23143,28000,27516,29016,8488,9002,9440,10016
1	185	26780	4702,22811,24440,28773,24447,25167,27351,28764,1083,13980,23905,25700,25803,10877,22317,28825,1136,25962,20763,20150,22982,23143,28000,27516,29016,8488,9002,9440,10016,19761
1	185	27101	4702,22811,24440,28773,24447,25167,27351,28764,1083,13980,23905,25700,25803,10877,22317,28825,1136,25962,20763,20150,22982,23143,28000,27516,29016,8488,9002,9440,10016,19761,26780
