0	1493	6513	0
0	1493	30850	0
0	1493	7231	0
0	1493	31279	0
1	1493	12045	0
1	1493	1432	12045
1	1493	31127	12045,1432
1	1493	30848	12045,1432,31127
0	1493	7061	12045,1432,31127,30848
1	1493	18171	12045,1432,31127,30848
1	1493	11499	12045,1432,31127,30848,18171
1	1493	20725	12045,1432,31127,30848,18171,11499
0	1493	5219	12045,1432,31127,30848,18171,11499,20725
1	1493	11234	12045,1432,31127,30848,18171,11499,20725
1	1493	1665	12045,1432,31127,30848,18171,11499,20725,11234
1	1493	18561	12045,1432,31127,30848,18171,11499,20725,11234,1665
0	1493	22890	12045,1432,31127,30848,18171,11499,20725,11234,1665,18561
0	1493	21384	12045,1432,31127,30848,18171,11499,20725,11234,1665,18561
1	1493	15309	12045,1432,31127,30848,18171,11499,20725,11234,1665,18561
1	1493	23352	12045,1432,31127,30848,18171,11499,20725,11234,1665,18561,15309
1	1493	6433	12045,1432,31127,30848,18171,11499,20725,11234,1665,18561,15309,23352
1	1493	1757	12045,1432,31127,30848,18171,11499,20725,11234,1665,18561,15309,23352,6433
1	1493	9030	12045,1432,31127,30848,18171,11499,20725,11234,1665,18561,15309,23352,6433,1757
0	1493	197	12045,1432,31127,30848,18171,11499,20725,11234,1665,18561,15309,23352,6433,1757,9030
1	1493	12539	12045,1432,31127,30848,18171,11499,20725,11234,1665,18561,15309,23352,6433,1757,9030
1	1493	14498	12045,1432,31127,30848,18171,11499,20725,11234,1665,18561,15309,23352,6433,1757,9030,12539
1	1493	10222	12045,1432,31127,30848,18171,11499,20725,11234,1665,18561,15309,23352,6433,1757,9030,12539,14498
1	1493	19706	12045,1432,31127,30848,18171,11499,20725,11234,1665,18561,15309,23352,6433,1757,9030,12539,14498,10222
0	1493	5566	12045,1432,31127,30848,18171,11499,20725,11234,1665,18561,15309,23352,6433,1757,9030,12539,14498,10222,19706
0	1493	1590	12045,1432,31127,30848,18171,11499,20725,11234,1665,18561,15309,23352,6433,1757,9030,12539,14498,10222,19706
0	1493	15830	12045,1432,31127,30848,18171,11499,20725,11234,1665,18561,15309,23352,6433,1757,9030,12539,14498,10222,19706
0	1493	2858	12045,1432,31127,30848,18171,11499,20725,11234,1665,18561,15309,23352,6433,1757,9030,12539,14498,10222,19706
0	1493	18720	12045,1432,31127,30848,18171,11499,20725,11234,1665,18561,15309,23352,6433,1757,9030,12539,14498,10222,19706
1	1493	18843	12045,1432,31127,30848,18171,11499,20725,11234,1665,18561,15309,23352,6433,1757,9030,12539,14498,10222,19706
0	1493	25271	12045,1432,31127,30848,18171,11499,20725,11234,1665,18561,15309,23352,6433,1757,9030,12539,14498,10222,19706,18843
