1	1572	12535	0
1	1572	14858	12535
1	1572	17371	12535,14858
1	1572	31101	12535,14858,17371
1	1572	7436	12535,14858,17371,31101
1	1572	27306	12535,14858,17371,31101,7436
1	1572	32744	12535,14858,17371,31101,7436,27306
1	1572	30855	12535,14858,17371,31101,7436,27306,32744
0	1572	32861	12535,14858,17371,31101,7436,27306,32744,30855
0	1572	28773	12535,14858,17371,31101,7436,27306,32744,30855
1	1572	11857	12535,14858,17371,31101,7436,27306,32744,30855
1	1572	11725	12535,14858,17371,31101,7436,27306,32744,30855,11857
1	1572	10198	12535,14858,17371,31101,7436,27306,32744,30855,11857,11725
1	1572	694	12535,14858,17371,31101,7436,27306,32744,30855,11857,11725,10198
1	1572	25238	12535,14858,17371,31101,7436,27306,32744,30855,11857,11725,10198,694
1	1572	32851	12535,14858,17371,31101,7436,27306,32744,30855,11857,11725,10198,694,25238
0	1572	5627	12535,14858,17371,31101,7436,27306,32744,30855,11857,11725,10198,694,25238,32851
1	1572	8149	12535,14858,17371,31101,7436,27306,32744,30855,11857,11725,10198,694,25238,32851
1	1572	3694	12535,14858,17371,31101,7436,27306,32744,30855,11857,11725,10198,694,25238,32851,8149
1	1572	8758	12535,14858,17371,31101,7436,27306,32744,30855,11857,11725,10198,694,25238,32851,8149,3694
0	1572	7392	12535,14858,17371,31101,7436,27306,32744,30855,11857,11725,10198,694,25238,32851,8149,3694,8758
1	1572	4364	12535,14858,17371,31101,7436,27306,32744,30855,11857,11725,10198,694,25238,32851,8149,3694,8758
0	1572	9895	12535,14858,17371,31101,7436,27306,32744,30855,11857,11725,10198,694,25238,32851,8149,3694,8758,4364
1	1572	3277	12535,14858,17371,31101,7436,27306,32744,30855,11857,11725,10198,694,25238,32851,8149,3694,8758,4364
0	1572	5377	12535,14858,17371,31101,7436,27306,32744,30855,11857,11725,10198,694,25238,32851,8149,3694,8758,4364,3277
0	1572	9616	12535,14858,17371,31101,7436,27306,32744,30855,11857,11725,10198,694,25238,32851,8149,3694,8758,4364,3277
1	1572	15881	12535,14858,17371,31101,7436,27306,32744,30855,11857,11725,10198,694,25238,32851,8149,3694,8758,4364,3277
1	1572	7989	12535,14858,17371,31101,7436,27306,32744,30855,11857,11725,10198,694,25238,32851,8149,3694,8758,4364,3277,15881
1	1572	31198	12535,14858,17371,31101,7436,27306,32744,30855,11857,11725,10198,694,25238,32851,8149,3694,8758,4364,3277,15881,7989
1	1572	11866	12535,14858,17371,31101,7436,27306,32744,30855,11857,11725,10198,694,25238,32851,8149,3694,8758,4364,3277,15881,7989,31198
0	1572	14828	12535,14858,17371,31101,7436,27306,32744,30855,11857,11725,10198,694,25238,32851,8149,3694,8758,4364,3277,15881,7989,31198,11866
0	1572	15211	12535,14858,17371,31101,7436,27306,32744,30855,11857,11725,10198,694,25238,32851,8149,3694,8758,4364,3277,15881,7989,31198,11866
0	1572	15215	12535,14858,17371,31101,7436,27306,32744,30855,11857,11725,10198,694,25238,32851,8149,3694,8758,4364,3277,15881,7989,31198,11866
0	1572	15572	12535,14858,17371,31101,7436,27306,32744,30855,11857,11725,10198,694,25238,32851,8149,3694,8758,4364,3277,15881,7989,31198,11866
0	1572	10153	12535,14858,17371,31101,7436,27306,32744,30855,11857,11725,10198,694,25238,32851,8149,3694,8758,4364,3277,15881,7989,31198,11866
0	1572	7634	12535,14858,17371,31101,7436,27306,32744,30855,11857,11725,10198,694,25238,32851,8149,3694,8758,4364,3277,15881,7989,31198,11866
0	1572	16063	12535,14858,17371,31101,7436,27306,32744,30855,11857,11725,10198,694,25238,32851,8149,3694,8758,4364,3277,15881,7989,31198,11866
0	1572	10124	12535,14858,17371,31101,7436,27306,32744,30855,11857,11725,10198,694,25238,32851,8149,3694,8758,4364,3277,15881,7989,31198,11866
0	1572	12408	12535,14858,17371,31101,7436,27306,32744,30855,11857,11725,10198,694,25238,32851,8149,3694,8758,4364,3277,15881,7989,31198,11866
1	1572	9353	12535,14858,17371,31101,7436,27306,32744,30855,11857,11725,10198,694,25238,32851,8149,3694,8758,4364,3277,15881,7989,31198,11866
0	1572	15952	12535,14858,17371,31101,7436,27306,32744,30855,11857,11725,10198,694,25238,32851,8149,3694,8758,4364,3277,15881,7989,31198,11866,9353
1	1572	14575	12535,14858,17371,31101,7436,27306,32744,30855,11857,11725,10198,694,25238,32851,8149,3694,8758,4364,3277,15881,7989,31198,11866,9353
0	1572	6119	12535,14858,17371,31101,7436,27306,32744,30855,11857,11725,10198,694,25238,32851,8149,3694,8758,4364,3277,15881,7989,31198,11866,9353,14575
1	1572	8158	12535,14858,17371,31101,7436,27306,32744,30855,11857,11725,10198,694,25238,32851,8149,3694,8758,4364,3277,15881,7989,31198,11866,9353,14575
1	1572	17615	12535,14858,17371,31101,7436,27306,32744,30855,11857,11725,10198,694,25238,32851,8149,3694,8758,4364,3277,15881,7989,31198,11866,9353,14575,8158
0	1572	18008	12535,14858,17371,31101,7436,27306,32744,30855,11857,11725,10198,694,25238,32851,8149,3694,8758,4364,3277,15881,7989,31198,11866,9353,14575,8158,17615
0	1572	15448	12535,14858,17371,31101,7436,27306,32744,30855,11857,11725,10198,694,25238,32851,8149,3694,8758,4364,3277,15881,7989,31198,11866,9353,14575,8158,17615
1	1572	17013	12535,14858,17371,31101,7436,27306,32744,30855,11857,11725,10198,694,25238,32851,8149,3694,8758,4364,3277,15881,7989,31198,11866,9353,14575,8158,17615
1	1572	19636	12535,14858,17371,31101,7436,27306,32744,30855,11857,11725,10198,694,25238,32851,8149,3694,8758,4364,3277,15881,7989,31198,11866,9353,14575,8158,17615,17013
1	1572	16903	12535,14858,17371,31101,7436,27306,32744,30855,11857,11725,10198,694,25238,32851,8149,3694,8758,4364,3277,15881,7989,31198,11866,9353,14575,8158,17615,17013,19636
1	1572	3695	12535,14858,17371,31101,7436,27306,32744,30855,11857,11725,10198,694,25238,32851,8149,3694,8758,4364,3277,15881,7989,31198,11866,9353,14575,8158,17615,17013,19636,16903
0	1572	8488	12535,14858,17371,31101,7436,27306,32744,30855,11857,11725,10198,694,25238,32851,8149,3694,8758,4364,3277,15881,7989,31198,11866,9353,14575,8158,17615,17013,19636,16903,3695
1	1572	9411	12535,14858,17371,31101,7436,27306,32744,30855,11857,11725,10198,694,25238,32851,8149,3694,8758,4364,3277,15881,7989,31198,11866,9353,14575,8158,17615,17013,19636,16903,3695
0	1572	14121	12535,14858,17371,31101,7436,27306,32744,30855,11857,11725,10198,694,25238,32851,8149,3694,8758,4364,3277,15881,7989,31198,11866,9353,14575,8158,17615,17013,19636,16903,3695,9411
0	1572	17514	12535,14858,17371,31101,7436,27306,32744,30855,11857,11725,10198,694,25238,32851,8149,3694,8758,4364,3277,15881,7989,31198,11866,9353,14575,8158,17615,17013,19636,16903,3695,9411
0	1572	13935	12535,14858,17371,31101,7436,27306,32744,30855,11857,11725,10198,694,25238,32851,8149,3694,8758,4364,3277,15881,7989,31198,11866,9353,14575,8158,17615,17013,19636,16903,3695,9411
0	1572	17540	12535,14858,17371,31101,7436,27306,32744,30855,11857,11725,10198,694,25238,32851,8149,3694,8758,4364,3277,15881,7989,31198,11866,9353,14575,8158,17615,17013,19636,16903,3695,9411
0	1572	1304	12535,14858,17371,31101,7436,27306,32744,30855,11857,11725,10198,694,25238,32851,8149,3694,8758,4364,3277,15881,7989,31198,11866,9353,14575,8158,17615,17013,19636,16903,3695,9411
1	1572	513	12535,14858,17371,31101,7436,27306,32744,30855,11857,11725,10198,694,25238,32851,8149,3694,8758,4364,3277,15881,7989,31198,11866,9353,14575,8158,17615,17013,19636,16903,3695,9411
1	1572	11110	12535,14858,17371,31101,7436,27306,32744,30855,11857,11725,10198,694,25238,32851,8149,3694,8758,4364,3277,15881,7989,31198,11866,9353,14575,8158,17615,17013,19636,16903,3695,9411,513
1	1572	13708	12535,14858,17371,31101,7436,27306,32744,30855,11857,11725,10198,694,25238,32851,8149,3694,8758,4364,3277,15881,7989,31198,11866,9353,14575,8158,17615,17013,19636,16903,3695,9411,513,11110
0	1572	20050	12535,14858,17371,31101,7436,27306,32744,30855,11857,11725,10198,694,25238,32851,8149,3694,8758,4364,3277,15881,7989,31198,11866,9353,14575,8158,17615,17013,19636,16903,3695,9411,513,11110,13708
0	1572	8843	12535,14858,17371,31101,7436,27306,32744,30855,11857,11725,10198,694,25238,32851,8149,3694,8758,4364,3277,15881,7989,31198,11866,9353,14575,8158,17615,17013,19636,16903,3695,9411,513,11110,13708
0	1572	9250	12535,14858,17371,31101,7436,27306,32744,30855,11857,11725,10198,694,25238,32851,8149,3694,8758,4364,3277,15881,7989,31198,11866,9353,14575,8158,17615,17013,19636,16903,3695,9411,513,11110,13708
0	1572	11127	12535,14858,17371,31101,7436,27306,32744,30855,11857,11725,10198,694,25238,32851,8149,3694,8758,4364,3277,15881,7989,31198,11866,9353,14575,8158,17615,17013,19636,16903,3695,9411,513,11110,13708
1	1572	14945	12535,14858,17371,31101,7436,27306,32744,30855,11857,11725,10198,694,25238,32851,8149,3694,8758,4364,3277,15881,7989,31198,11866,9353,14575,8158,17615,17013,19636,16903,3695,9411,513,11110,13708
1	1572	12656	12535,14858,17371,31101,7436,27306,32744,30855,11857,11725,10198,694,25238,32851,8149,3694,8758,4364,3277,15881,7989,31198,11866,9353,14575,8158,17615,17013,19636,16903,3695,9411,513,11110,13708,14945
0	1572	20693	12535,14858,17371,31101,7436,27306,32744,30855,11857,11725,10198,694,25238,32851,8149,3694,8758,4364,3277,15881,7989,31198,11866,9353,14575,8158,17615,17013,19636,16903,3695,9411,513,11110,13708,14945,12656
0	1572	16458	12535,14858,17371,31101,7436,27306,32744,30855,11857,11725,10198,694,25238,32851,8149,3694,8758,4364,3277,15881,7989,31198,11866,9353,14575,8158,17615,17013,19636,16903,3695,9411,513,11110,13708,14945,12656
0	1572	7623	12535,14858,17371,31101,7436,27306,32744,30855,11857,11725,10198,694,25238,32851,8149,3694,8758,4364,3277,15881,7989,31198,11866,9353,14575,8158,17615,17013,19636,16903,3695,9411,513,11110,13708,14945,12656
1	1572	21410	12535,14858,17371,31101,7436,27306,32744,30855,11857,11725,10198,694,25238,32851,8149,3694,8758,4364,3277,15881,7989,31198,11866,9353,14575,8158,17615,17013,19636,16903,3695,9411,513,11110,13708,14945,12656
1	1572	21497	12535,14858,17371,31101,7436,27306,32744,30855,11857,11725,10198,694,25238,32851,8149,3694,8758,4364,3277,15881,7989,31198,11866,9353,14575,8158,17615,17013,19636,16903,3695,9411,513,11110,13708,14945,12656,21410
0	1572	22052	12535,14858,17371,31101,7436,27306,32744,30855,11857,11725,10198,694,25238,32851,8149,3694,8758,4364,3277,15881,7989,31198,11866,9353,14575,8158,17615,17013,19636,16903,3695,9411,513,11110,13708,14945,12656,21410,21497
1	1572	18325	12535,14858,17371,31101,7436,27306,32744,30855,11857,11725,10198,694,25238,32851,8149,3694,8758,4364,3277,15881,7989,31198,11866,9353,14575,8158,17615,17013,19636,16903,3695,9411,513,11110,13708,14945,12656,21410,21497
1	1572	16267	12535,14858,17371,31101,7436,27306,32744,30855,11857,11725,10198,694,25238,32851,8149,3694,8758,4364,3277,15881,7989,31198,11866,9353,14575,8158,17615,17013,19636,16903,3695,9411,513,11110,13708,14945,12656,21410,21497,18325
1	1572	19358	12535,14858,17371,31101,7436,27306,32744,30855,11857,11725,10198,694,25238,32851,8149,3694,8758,4364,3277,15881,7989,31198,11866,9353,14575,8158,17615,17013,19636,16903,3695,9411,513,11110,13708,14945,12656,21410,21497,18325,16267
0	1572	16647	12535,14858,17371,31101,7436,27306,32744,30855,11857,11725,10198,694,25238,32851,8149,3694,8758,4364,3277,15881,7989,31198,11866,9353,14575,8158,17615,17013,19636,16903,3695,9411,513,11110,13708,14945,12656,21410,21497,18325,16267,19358
0	1572	16652	12535,14858,17371,31101,7436,27306,32744,30855,11857,11725,10198,694,25238,32851,8149,3694,8758,4364,3277,15881,7989,31198,11866,9353,14575,8158,17615,17013,19636,16903,3695,9411,513,11110,13708,14945,12656,21410,21497,18325,16267,19358
1	1572	17727	12535,14858,17371,31101,7436,27306,32744,30855,11857,11725,10198,694,25238,32851,8149,3694,8758,4364,3277,15881,7989,31198,11866,9353,14575,8158,17615,17013,19636,16903,3695,9411,513,11110,13708,14945,12656,21410,21497,18325,16267,19358
1	1572	21272	12535,14858,17371,31101,7436,27306,32744,30855,11857,11725,10198,694,25238,32851,8149,3694,8758,4364,3277,15881,7989,31198,11866,9353,14575,8158,17615,17013,19636,16903,3695,9411,513,11110,13708,14945,12656,21410,21497,18325,16267,19358,17727
0	1572	22458	12535,14858,17371,31101,7436,27306,32744,30855,11857,11725,10198,694,25238,32851,8149,3694,8758,4364,3277,15881,7989,31198,11866,9353,14575,8158,17615,17013,19636,16903,3695,9411,513,11110,13708,14945,12656,21410,21497,18325,16267,19358,17727,21272
1	1572	23899	12535,14858,17371,31101,7436,27306,32744,30855,11857,11725,10198,694,25238,32851,8149,3694,8758,4364,3277,15881,7989,31198,11866,9353,14575,8158,17615,17013,19636,16903,3695,9411,513,11110,13708,14945,12656,21410,21497,18325,16267,19358,17727,21272
0	1572	22459	12535,14858,17371,31101,7436,27306,32744,30855,11857,11725,10198,694,25238,32851,8149,3694,8758,4364,3277,15881,7989,31198,11866,9353,14575,8158,17615,17013,19636,16903,3695,9411,513,11110,13708,14945,12656,21410,21497,18325,16267,19358,17727,21272,23899
0	1572	22593	12535,14858,17371,31101,7436,27306,32744,30855,11857,11725,10198,694,25238,32851,8149,3694,8758,4364,3277,15881,7989,31198,11866,9353,14575,8158,17615,17013,19636,16903,3695,9411,513,11110,13708,14945,12656,21410,21497,18325,16267,19358,17727,21272,23899
0	1572	23757	12535,14858,17371,31101,7436,27306,32744,30855,11857,11725,10198,694,25238,32851,8149,3694,8758,4364,3277,15881,7989,31198,11866,9353,14575,8158,17615,17013,19636,16903,3695,9411,513,11110,13708,14945,12656,21410,21497,18325,16267,19358,17727,21272,23899
0	1572	20397	12535,14858,17371,31101,7436,27306,32744,30855,11857,11725,10198,694,25238,32851,8149,3694,8758,4364,3277,15881,7989,31198,11866,9353,14575,8158,17615,17013,19636,16903,3695,9411,513,11110,13708,14945,12656,21410,21497,18325,16267,19358,17727,21272,23899
0	1572	23957	12535,14858,17371,31101,7436,27306,32744,30855,11857,11725,10198,694,25238,32851,8149,3694,8758,4364,3277,15881,7989,31198,11866,9353,14575,8158,17615,17013,19636,16903,3695,9411,513,11110,13708,14945,12656,21410,21497,18325,16267,19358,17727,21272,23899
0	1572	15767	12535,14858,17371,31101,7436,27306,32744,30855,11857,11725,10198,694,25238,32851,8149,3694,8758,4364,3277,15881,7989,31198,11866,9353,14575,8158,17615,17013,19636,16903,3695,9411,513,11110,13708,14945,12656,21410,21497,18325,16267,19358,17727,21272,23899
1	1572	24600	12535,14858,17371,31101,7436,27306,32744,30855,11857,11725,10198,694,25238,32851,8149,3694,8758,4364,3277,15881,7989,31198,11866,9353,14575,8158,17615,17013,19636,16903,3695,9411,513,11110,13708,14945,12656,21410,21497,18325,16267,19358,17727,21272,23899
0	1572	142	12535,14858,17371,31101,7436,27306,32744,30855,11857,11725,10198,694,25238,32851,8149,3694,8758,4364,3277,15881,7989,31198,11866,9353,14575,8158,17615,17013,19636,16903,3695,9411,513,11110,13708,14945,12656,21410,21497,18325,16267,19358,17727,21272,23899,24600
0	1572	23605	12535,14858,17371,31101,7436,27306,32744,30855,11857,11725,10198,694,25238,32851,8149,3694,8758,4364,3277,15881,7989,31198,11866,9353,14575,8158,17615,17013,19636,16903,3695,9411,513,11110,13708,14945,12656,21410,21497,18325,16267,19358,17727,21272,23899,24600
1	1572	22062	12535,14858,17371,31101,7436,27306,32744,30855,11857,11725,10198,694,25238,32851,8149,3694,8758,4364,3277,15881,7989,31198,11866,9353,14575,8158,17615,17013,19636,16903,3695,9411,513,11110,13708,14945,12656,21410,21497,18325,16267,19358,17727,21272,23899,24600
1	1572	24282	12535,14858,17371,31101,7436,27306,32744,30855,11857,11725,10198,694,25238,32851,8149,3694,8758,4364,3277,15881,7989,31198,11866,9353,14575,8158,17615,17013,19636,16903,3695,9411,513,11110,13708,14945,12656,21410,21497,18325,16267,19358,17727,21272,23899,24600,22062
0	1572	17904	12535,14858,17371,31101,7436,27306,32744,30855,11857,11725,10198,694,25238,32851,8149,3694,8758,4364,3277,15881,7989,31198,11866,9353,14575,8158,17615,17013,19636,16903,3695,9411,513,11110,13708,14945,12656,21410,21497,18325,16267,19358,17727,21272,23899,24600,22062,24282
1	1572	14151	12535,14858,17371,31101,7436,27306,32744,30855,11857,11725,10198,694,25238,32851,8149,3694,8758,4364,3277,15881,7989,31198,11866,9353,14575,8158,17615,17013,19636,16903,3695,9411,513,11110,13708,14945,12656,21410,21497,18325,16267,19358,17727,21272,23899,24600,22062,24282
0	1572	25671	12535,14858,17371,31101,7436,27306,32744,30855,11857,11725,10198,694,25238,32851,8149,3694,8758,4364,3277,15881,7989,31198,11866,9353,14575,8158,17615,17013,19636,16903,3695,9411,513,11110,13708,14945,12656,21410,21497,18325,16267,19358,17727,21272,23899,24600,22062,24282,14151
0	1572	23453	12535,14858,17371,31101,7436,27306,32744,30855,11857,11725,10198,694,25238,32851,8149,3694,8758,4364,3277,15881,7989,31198,11866,9353,14575,8158,17615,17013,19636,16903,3695,9411,513,11110,13708,14945,12656,21410,21497,18325,16267,19358,17727,21272,23899,24600,22062,24282,14151
1	1572	23322	12535,14858,17371,31101,7436,27306,32744,30855,11857,11725,10198,694,25238,32851,8149,3694,8758,4364,3277,15881,7989,31198,11866,9353,14575,8158,17615,17013,19636,16903,3695,9411,513,11110,13708,14945,12656,21410,21497,18325,16267,19358,17727,21272,23899,24600,22062,24282,14151
0	1572	5557	12535,14858,17371,31101,7436,27306,32744,30855,11857,11725,10198,694,25238,32851,8149,3694,8758,4364,3277,15881,7989,31198,11866,9353,14575,8158,17615,17013,19636,16903,3695,9411,513,11110,13708,14945,12656,21410,21497,18325,16267,19358,17727,21272,23899,24600,22062,24282,14151,23322
1	1572	25699	12535,14858,17371,31101,7436,27306,32744,30855,11857,11725,10198,694,25238,32851,8149,3694,8758,4364,3277,15881,7989,31198,11866,9353,14575,8158,17615,17013,19636,16903,3695,9411,513,11110,13708,14945,12656,21410,21497,18325,16267,19358,17727,21272,23899,24600,22062,24282,14151,23322
1	1572	19056	12535,14858,17371,31101,7436,27306,32744,30855,11857,11725,10198,694,25238,32851,8149,3694,8758,4364,3277,15881,7989,31198,11866,9353,14575,8158,17615,17013,19636,16903,3695,9411,513,11110,13708,14945,12656,21410,21497,18325,16267,19358,17727,21272,23899,24600,22062,24282,14151,23322,25699
0	1572	20787	12535,14858,17371,31101,7436,27306,32744,30855,11857,11725,10198,694,25238,32851,8149,3694,8758,4364,3277,15881,7989,31198,11866,9353,14575,8158,17615,17013,19636,16903,3695,9411,513,11110,13708,14945,12656,21410,21497,18325,16267,19358,17727,21272,23899,24600,22062,24282,14151,23322,25699,19056
1	1572	24095	12535,14858,17371,31101,7436,27306,32744,30855,11857,11725,10198,694,25238,32851,8149,3694,8758,4364,3277,15881,7989,31198,11866,9353,14575,8158,17615,17013,19636,16903,3695,9411,513,11110,13708,14945,12656,21410,21497,18325,16267,19358,17727,21272,23899,24600,22062,24282,14151,23322,25699,19056
0	1572	24844	12535,14858,17371,31101,7436,27306,32744,30855,11857,11725,10198,694,25238,32851,8149,3694,8758,4364,3277,15881,7989,31198,11866,9353,14575,8158,17615,17013,19636,16903,3695,9411,513,11110,13708,14945,12656,21410,21497,18325,16267,19358,17727,21272,23899,24600,22062,24282,14151,23322,25699,19056,24095
0	1572	26237	12535,14858,17371,31101,7436,27306,32744,30855,11857,11725,10198,694,25238,32851,8149,3694,8758,4364,3277,15881,7989,31198,11866,9353,14575,8158,17615,17013,19636,16903,3695,9411,513,11110,13708,14945,12656,21410,21497,18325,16267,19358,17727,21272,23899,24600,22062,24282,14151,23322,25699,19056,24095
1	1572	10601	12535,14858,17371,31101,7436,27306,32744,30855,11857,11725,10198,694,25238,32851,8149,3694,8758,4364,3277,15881,7989,31198,11866,9353,14575,8158,17615,17013,19636,16903,3695,9411,513,11110,13708,14945,12656,21410,21497,18325,16267,19358,17727,21272,23899,24600,22062,24282,14151,23322,25699,19056,24095
1	1572	23449	12535,14858,17371,31101,7436,27306,32744,30855,11857,11725,10198,694,25238,32851,8149,3694,8758,4364,3277,15881,7989,31198,11866,9353,14575,8158,17615,17013,19636,16903,3695,9411,513,11110,13708,14945,12656,21410,21497,18325,16267,19358,17727,21272,23899,24600,22062,24282,14151,23322,25699,19056,24095,10601
1	1572	23389	12535,14858,17371,31101,7436,27306,32744,30855,11857,11725,10198,694,25238,32851,8149,3694,8758,4364,3277,15881,7989,31198,11866,9353,14575,8158,17615,17013,19636,16903,3695,9411,513,11110,13708,14945,12656,21410,21497,18325,16267,19358,17727,21272,23899,24600,22062,24282,14151,23322,25699,19056,24095,10601,23449
0	1572	27076	12535,14858,17371,31101,7436,27306,32744,30855,11857,11725,10198,694,25238,32851,8149,3694,8758,4364,3277,15881,7989,31198,11866,9353,14575,8158,17615,17013,19636,16903,3695,9411,513,11110,13708,14945,12656,21410,21497,18325,16267,19358,17727,21272,23899,24600,22062,24282,14151,23322,25699,19056,24095,10601,23449,23389
0	1572	26361	12535,14858,17371,31101,7436,27306,32744,30855,11857,11725,10198,694,25238,32851,8149,3694,8758,4364,3277,15881,7989,31198,11866,9353,14575,8158,17615,17013,19636,16903,3695,9411,513,11110,13708,14945,12656,21410,21497,18325,16267,19358,17727,21272,23899,24600,22062,24282,14151,23322,25699,19056,24095,10601,23449,23389
1	1572	24500	12535,14858,17371,31101,7436,27306,32744,30855,11857,11725,10198,694,25238,32851,8149,3694,8758,4364,3277,15881,7989,31198,11866,9353,14575,8158,17615,17013,19636,16903,3695,9411,513,11110,13708,14945,12656,21410,21497,18325,16267,19358,17727,21272,23899,24600,22062,24282,14151,23322,25699,19056,24095,10601,23449,23389
0	1572	27396	12535,14858,17371,31101,7436,27306,32744,30855,11857,11725,10198,694,25238,32851,8149,3694,8758,4364,3277,15881,7989,31198,11866,9353,14575,8158,17615,17013,19636,16903,3695,9411,513,11110,13708,14945,12656,21410,21497,18325,16267,19358,17727,21272,23899,24600,22062,24282,14151,23322,25699,19056,24095,10601,23449,23389,24500
0	1572	12980	12535,14858,17371,31101,7436,27306,32744,30855,11857,11725,10198,694,25238,32851,8149,3694,8758,4364,3277,15881,7989,31198,11866,9353,14575,8158,17615,17013,19636,16903,3695,9411,513,11110,13708,14945,12656,21410,21497,18325,16267,19358,17727,21272,23899,24600,22062,24282,14151,23322,25699,19056,24095,10601,23449,23389,24500
0	1572	24048	12535,14858,17371,31101,7436,27306,32744,30855,11857,11725,10198,694,25238,32851,8149,3694,8758,4364,3277,15881,7989,31198,11866,9353,14575,8158,17615,17013,19636,16903,3695,9411,513,11110,13708,14945,12656,21410,21497,18325,16267,19358,17727,21272,23899,24600,22062,24282,14151,23322,25699,19056,24095,10601,23449,23389,24500
0	1572	26750	12535,14858,17371,31101,7436,27306,32744,30855,11857,11725,10198,694,25238,32851,8149,3694,8758,4364,3277,15881,7989,31198,11866,9353,14575,8158,17615,17013,19636,16903,3695,9411,513,11110,13708,14945,12656,21410,21497,18325,16267,19358,17727,21272,23899,24600,22062,24282,14151,23322,25699,19056,24095,10601,23449,23389,24500
0	1572	27520	12535,14858,17371,31101,7436,27306,32744,30855,11857,11725,10198,694,25238,32851,8149,3694,8758,4364,3277,15881,7989,31198,11866,9353,14575,8158,17615,17013,19636,16903,3695,9411,513,11110,13708,14945,12656,21410,21497,18325,16267,19358,17727,21272,23899,24600,22062,24282,14151,23322,25699,19056,24095,10601,23449,23389,24500
0	1572	27546	12535,14858,17371,31101,7436,27306,32744,30855,11857,11725,10198,694,25238,32851,8149,3694,8758,4364,3277,15881,7989,31198,11866,9353,14575,8158,17615,17013,19636,16903,3695,9411,513,11110,13708,14945,12656,21410,21497,18325,16267,19358,17727,21272,23899,24600,22062,24282,14151,23322,25699,19056,24095,10601,23449,23389,24500
0	1572	26766	12535,14858,17371,31101,7436,27306,32744,30855,11857,11725,10198,694,25238,32851,8149,3694,8758,4364,3277,15881,7989,31198,11866,9353,14575,8158,17615,17013,19636,16903,3695,9411,513,11110,13708,14945,12656,21410,21497,18325,16267,19358,17727,21272,23899,24600,22062,24282,14151,23322,25699,19056,24095,10601,23449,23389,24500
0	1572	28207	12535,14858,17371,31101,7436,27306,32744,30855,11857,11725,10198,694,25238,32851,8149,3694,8758,4364,3277,15881,7989,31198,11866,9353,14575,8158,17615,17013,19636,16903,3695,9411,513,11110,13708,14945,12656,21410,21497,18325,16267,19358,17727,21272,23899,24600,22062,24282,14151,23322,25699,19056,24095,10601,23449,23389,24500
1	1572	28924	12535,14858,17371,31101,7436,27306,32744,30855,11857,11725,10198,694,25238,32851,8149,3694,8758,4364,3277,15881,7989,31198,11866,9353,14575,8158,17615,17013,19636,16903,3695,9411,513,11110,13708,14945,12656,21410,21497,18325,16267,19358,17727,21272,23899,24600,22062,24282,14151,23322,25699,19056,24095,10601,23449,23389,24500
0	1572	29184	12535,14858,17371,31101,7436,27306,32744,30855,11857,11725,10198,694,25238,32851,8149,3694,8758,4364,3277,15881,7989,31198,11866,9353,14575,8158,17615,17013,19636,16903,3695,9411,513,11110,13708,14945,12656,21410,21497,18325,16267,19358,17727,21272,23899,24600,22062,24282,14151,23322,25699,19056,24095,10601,23449,23389,24500,28924
0	1572	7546	12535,14858,17371,31101,7436,27306,32744,30855,11857,11725,10198,694,25238,32851,8149,3694,8758,4364,3277,15881,7989,31198,11866,9353,14575,8158,17615,17013,19636,16903,3695,9411,513,11110,13708,14945,12656,21410,21497,18325,16267,19358,17727,21272,23899,24600,22062,24282,14151,23322,25699,19056,24095,10601,23449,23389,24500,28924
1	1572	19890	12535,14858,17371,31101,7436,27306,32744,30855,11857,11725,10198,694,25238,32851,8149,3694,8758,4364,3277,15881,7989,31198,11866,9353,14575,8158,17615,17013,19636,16903,3695,9411,513,11110,13708,14945,12656,21410,21497,18325,16267,19358,17727,21272,23899,24600,22062,24282,14151,23322,25699,19056,24095,10601,23449,23389,24500,28924
0	1572	22589	12535,14858,17371,31101,7436,27306,32744,30855,11857,11725,10198,694,25238,32851,8149,3694,8758,4364,3277,15881,7989,31198,11866,9353,14575,8158,17615,17013,19636,16903,3695,9411,513,11110,13708,14945,12656,21410,21497,18325,16267,19358,17727,21272,23899,24600,22062,24282,14151,23322,25699,19056,24095,10601,23449,23389,24500,28924,19890
0	1572	25636	12535,14858,17371,31101,7436,27306,32744,30855,11857,11725,10198,694,25238,32851,8149,3694,8758,4364,3277,15881,7989,31198,11866,9353,14575,8158,17615,17013,19636,16903,3695,9411,513,11110,13708,14945,12656,21410,21497,18325,16267,19358,17727,21272,23899,24600,22062,24282,14151,23322,25699,19056,24095,10601,23449,23389,24500,28924,19890
1	1572	22500	12535,14858,17371,31101,7436,27306,32744,30855,11857,11725,10198,694,25238,32851,8149,3694,8758,4364,3277,15881,7989,31198,11866,9353,14575,8158,17615,17013,19636,16903,3695,9411,513,11110,13708,14945,12656,21410,21497,18325,16267,19358,17727,21272,23899,24600,22062,24282,14151,23322,25699,19056,24095,10601,23449,23389,24500,28924,19890
