0	912	31454	0
1	912	32456	0
1	912	518	32456
0	912	616	32456,518
1	912	3693	32456,518
1	912	32485	32456,518,3693
1	912	30227	32456,518,3693,32485
0	912	32443	32456,518,3693,32485,30227
0	912	8724	32456,518,3693,32485,30227
0	912	10666	32456,518,3693,32485,30227
1	912	11923	32456,518,3693,32485,30227
1	912	6520	32456,518,3693,32485,30227,11923
0	912	325	32456,518,3693,32485,30227,11923,6520
1	912	351	32456,518,3693,32485,30227,11923,6520
1	912	11870	32456,518,3693,32485,30227,11923,6520,351
0	912	15220	32456,518,3693,32485,30227,11923,6520,351,11870
1	912	16451	32456,518,3693,32485,30227,11923,6520,351,11870
0	912	2379	32456,518,3693,32485,30227,11923,6520,351,11870,16451
0	912	16753	32456,518,3693,32485,30227,11923,6520,351,11870,16451
0	912	17669	32456,518,3693,32485,30227,11923,6520,351,11870,16451
1	912	18622	32456,518,3693,32485,30227,11923,6520,351,11870,16451
0	912	15218	32456,518,3693,32485,30227,11923,6520,351,11870,16451,18622
0	912	20267	32456,518,3693,32485,30227,11923,6520,351,11870,16451,18622
0	912	19873	32456,518,3693,32485,30227,11923,6520,351,11870,16451,18622
1	912	19118	32456,518,3693,32485,30227,11923,6520,351,11870,16451,18622
1	912	19165	32456,518,3693,32485,30227,11923,6520,351,11870,16451,18622,19118
1	912	22314	32456,518,3693,32485,30227,11923,6520,351,11870,16451,18622,19118,19165
1	912	19019	32456,518,3693,32485,30227,11923,6520,351,11870,16451,18622,19118,19165,22314
1	912	23447	32456,518,3693,32485,30227,11923,6520,351,11870,16451,18622,19118,19165,22314,19019
0	912	22656	32456,518,3693,32485,30227,11923,6520,351,11870,16451,18622,19118,19165,22314,19019,23447
1	912	11869	32456,518,3693,32485,30227,11923,6520,351,11870,16451,18622,19118,19165,22314,19019,23447
1	912	21258	32456,518,3693,32485,30227,11923,6520,351,11870,16451,18622,19118,19165,22314,19019,23447,11869
0	912	25113	32456,518,3693,32485,30227,11923,6520,351,11870,16451,18622,19118,19165,22314,19019,23447,11869,21258
1	912	23490	32456,518,3693,32485,30227,11923,6520,351,11870,16451,18622,19118,19165,22314,19019,23447,11869,21258
1	912	23780	32456,518,3693,32485,30227,11923,6520,351,11870,16451,18622,19118,19165,22314,19019,23447,11869,21258,23490
1	912	20971	32456,518,3693,32485,30227,11923,6520,351,11870,16451,18622,19118,19165,22314,19019,23447,11869,21258,23490,23780
1	912	24796	32456,518,3693,32485,30227,11923,6520,351,11870,16451,18622,19118,19165,22314,19019,23447,11869,21258,23490,23780,20971
0	912	13295	32456,518,3693,32485,30227,11923,6520,351,11870,16451,18622,19118,19165,22314,19019,23447,11869,21258,23490,23780,20971,24796
1	912	27076	32456,518,3693,32485,30227,11923,6520,351,11870,16451,18622,19118,19165,22314,19019,23447,11869,21258,23490,23780,20971,24796
1	912	837	32456,518,3693,32485,30227,11923,6520,351,11870,16451,18622,19118,19165,22314,19019,23447,11869,21258,23490,23780,20971,24796,27076
0	912	21312	32456,518,3693,32485,30227,11923,6520,351,11870,16451,18622,19118,19165,22314,19019,23447,11869,21258,23490,23780,20971,24796,27076,837
0	912	19164	32456,518,3693,32485,30227,11923,6520,351,11870,16451,18622,19118,19165,22314,19019,23447,11869,21258,23490,23780,20971,24796,27076,837
1	912	4648	32456,518,3693,32485,30227,11923,6520,351,11870,16451,18622,19118,19165,22314,19019,23447,11869,21258,23490,23780,20971,24796,27076,837
0	912	23768	32456,518,3693,32485,30227,11923,6520,351,11870,16451,18622,19118,19165,22314,19019,23447,11869,21258,23490,23780,20971,24796,27076,837,4648
0	912	25248	32456,518,3693,32485,30227,11923,6520,351,11870,16451,18622,19118,19165,22314,19019,23447,11869,21258,23490,23780,20971,24796,27076,837,4648
0	912	26759	32456,518,3693,32485,30227,11923,6520,351,11870,16451,18622,19118,19165,22314,19019,23447,11869,21258,23490,23780,20971,24796,27076,837,4648
1	912	26088	32456,518,3693,32485,30227,11923,6520,351,11870,16451,18622,19118,19165,22314,19019,23447,11869,21258,23490,23780,20971,24796,27076,837,4648
1	912	27726	32456,518,3693,32485,30227,11923,6520,351,11870,16451,18622,19118,19165,22314,19019,23447,11869,21258,23490,23780,20971,24796,27076,837,4648,26088
1	912	27211	32456,518,3693,32485,30227,11923,6520,351,11870,16451,18622,19118,19165,22314,19019,23447,11869,21258,23490,23780,20971,24796,27076,837,4648,26088,27726
1	912	27535	32456,518,3693,32485,30227,11923,6520,351,11870,16451,18622,19118,19165,22314,19019,23447,11869,21258,23490,23780,20971,24796,27076,837,4648,26088,27726,27211
1	912	19994	32456,518,3693,32485,30227,11923,6520,351,11870,16451,18622,19118,19165,22314,19019,23447,11869,21258,23490,23780,20971,24796,27076,837,4648,26088,27726,27211,27535
1	912	24048	32456,518,3693,32485,30227,11923,6520,351,11870,16451,18622,19118,19165,22314,19019,23447,11869,21258,23490,23780,20971,24796,27076,837,4648,26088,27726,27211,27535,19994
0	912	20444	32456,518,3693,32485,30227,11923,6520,351,11870,16451,18622,19118,19165,22314,19019,23447,11869,21258,23490,23780,20971,24796,27076,837,4648,26088,27726,27211,27535,19994,24048
0	912	26504	32456,518,3693,32485,30227,11923,6520,351,11870,16451,18622,19118,19165,22314,19019,23447,11869,21258,23490,23780,20971,24796,27076,837,4648,26088,27726,27211,27535,19994,24048
0	912	28728	32456,518,3693,32485,30227,11923,6520,351,11870,16451,18622,19118,19165,22314,19019,23447,11869,21258,23490,23780,20971,24796,27076,837,4648,26088,27726,27211,27535,19994,24048
1	912	28205	32456,518,3693,32485,30227,11923,6520,351,11870,16451,18622,19118,19165,22314,19019,23447,11869,21258,23490,23780,20971,24796,27076,837,4648,26088,27726,27211,27535,19994,24048
0	912	28437	32456,518,3693,32485,30227,11923,6520,351,11870,16451,18622,19118,19165,22314,19019,23447,11869,21258,23490,23780,20971,24796,27076,837,4648,26088,27726,27211,27535,19994,24048,28205
1	912	28541	32456,518,3693,32485,30227,11923,6520,351,11870,16451,18622,19118,19165,22314,19019,23447,11869,21258,23490,23780,20971,24796,27076,837,4648,26088,27726,27211,27535,19994,24048,28205
1	912	11544	32456,518,3693,32485,30227,11923,6520,351,11870,16451,18622,19118,19165,22314,19019,23447,11869,21258,23490,23780,20971,24796,27076,837,4648,26088,27726,27211,27535,19994,24048,28205,28541
1	912	27577	32456,518,3693,32485,30227,11923,6520,351,11870,16451,18622,19118,19165,22314,19019,23447,11869,21258,23490,23780,20971,24796,27076,837,4648,26088,27726,27211,27535,19994,24048,28205,28541,11544
