0	1399	8929	0
0	1399	7187	0
1	1399	14063	0
0	1399	4742	14063
1	1399	15749	14063
0	1399	3160	14063,15749
0	1399	7420	14063,15749
0	1399	10141	14063,15749
1	1399	14815	14063,15749
1	1399	17870	14063,15749,14815
0	1399	5279	14063,15749,14815,17870
0	1399	14166	14063,15749,14815,17870
0	1399	14457	14063,15749,14815,17870
1	1399	19025	14063,15749,14815,17870
1	1399	14280	14063,15749,14815,17870,19025
1	1399	18278	14063,15749,14815,17870,19025,14280
1	1399	19427	14063,15749,14815,17870,19025,14280,18278
0	1399	19562	14063,15749,14815,17870,19025,14280,18278,19427
0	1399	19608	14063,15749,14815,17870,19025,14280,18278,19427
0	1399	16088	14063,15749,14815,17870,19025,14280,18278,19427
0	1399	19368	14063,15749,14815,17870,19025,14280,18278,19427
0	1399	19607	14063,15749,14815,17870,19025,14280,18278,19427
0	1399	20133	14063,15749,14815,17870,19025,14280,18278,19427
0	1399	19402	14063,15749,14815,17870,19025,14280,18278,19427
1	1399	9416	14063,15749,14815,17870,19025,14280,18278,19427
1	1399	10395	14063,15749,14815,17870,19025,14280,18278,19427,9416
1	1399	11867	14063,15749,14815,17870,19025,14280,18278,19427,9416,10395
0	1399	20937	14063,15749,14815,17870,19025,14280,18278,19427,9416,10395,11867
0	1399	20976	14063,15749,14815,17870,19025,14280,18278,19427,9416,10395,11867
0	1399	20212	14063,15749,14815,17870,19025,14280,18278,19427,9416,10395,11867
0	1399	20514	14063,15749,14815,17870,19025,14280,18278,19427,9416,10395,11867
1	1399	9474	14063,15749,14815,17870,19025,14280,18278,19427,9416,10395,11867
1	1399	14749	14063,15749,14815,17870,19025,14280,18278,19427,9416,10395,11867,9474
1	1399	21157	14063,15749,14815,17870,19025,14280,18278,19427,9416,10395,11867,9474,14749
1	1399	19445	14063,15749,14815,17870,19025,14280,18278,19427,9416,10395,11867,9474,14749,21157
1	1399	21165	14063,15749,14815,17870,19025,14280,18278,19427,9416,10395,11867,9474,14749,21157,19445
1	1399	8121	14063,15749,14815,17870,19025,14280,18278,19427,9416,10395,11867,9474,14749,21157,19445,21165
1	1399	21574	14063,15749,14815,17870,19025,14280,18278,19427,9416,10395,11867,9474,14749,21157,19445,21165,8121
0	1399	23447	14063,15749,14815,17870,19025,14280,18278,19427,9416,10395,11867,9474,14749,21157,19445,21165,8121,21574
1	1399	33090	14063,15749,14815,17870,19025,14280,18278,19427,9416,10395,11867,9474,14749,21157,19445,21165,8121,21574
1	1399	17401	14063,15749,14815,17870,19025,14280,18278,19427,9416,10395,11867,9474,14749,21157,19445,21165,8121,21574,33090
0	1399	20574	14063,15749,14815,17870,19025,14280,18278,19427,9416,10395,11867,9474,14749,21157,19445,21165,8121,21574,33090,17401
0	1399	23587	14063,15749,14815,17870,19025,14280,18278,19427,9416,10395,11867,9474,14749,21157,19445,21165,8121,21574,33090,17401
0	1399	21268	14063,15749,14815,17870,19025,14280,18278,19427,9416,10395,11867,9474,14749,21157,19445,21165,8121,21574,33090,17401
1	1399	21830	14063,15749,14815,17870,19025,14280,18278,19427,9416,10395,11867,9474,14749,21157,19445,21165,8121,21574,33090,17401
0	1399	20088	14063,15749,14815,17870,19025,14280,18278,19427,9416,10395,11867,9474,14749,21157,19445,21165,8121,21574,33090,17401,21830
0	1399	22817	14063,15749,14815,17870,19025,14280,18278,19427,9416,10395,11867,9474,14749,21157,19445,21165,8121,21574,33090,17401,21830
0	1399	24728	14063,15749,14815,17870,19025,14280,18278,19427,9416,10395,11867,9474,14749,21157,19445,21165,8121,21574,33090,17401,21830
0	1399	21039	14063,15749,14815,17870,19025,14280,18278,19427,9416,10395,11867,9474,14749,21157,19445,21165,8121,21574,33090,17401,21830
1	1399	22860	14063,15749,14815,17870,19025,14280,18278,19427,9416,10395,11867,9474,14749,21157,19445,21165,8121,21574,33090,17401,21830
0	1399	24885	14063,15749,14815,17870,19025,14280,18278,19427,9416,10395,11867,9474,14749,21157,19445,21165,8121,21574,33090,17401,21830,22860
0	1399	22111	14063,15749,14815,17870,19025,14280,18278,19427,9416,10395,11867,9474,14749,21157,19445,21165,8121,21574,33090,17401,21830,22860
0	1399	13865	14063,15749,14815,17870,19025,14280,18278,19427,9416,10395,11867,9474,14749,21157,19445,21165,8121,21574,33090,17401,21830,22860
0	1399	21596	14063,15749,14815,17870,19025,14280,18278,19427,9416,10395,11867,9474,14749,21157,19445,21165,8121,21574,33090,17401,21830,22860
0	1399	3347	14063,15749,14815,17870,19025,14280,18278,19427,9416,10395,11867,9474,14749,21157,19445,21165,8121,21574,33090,17401,21830,22860
0	1399	24884	14063,15749,14815,17870,19025,14280,18278,19427,9416,10395,11867,9474,14749,21157,19445,21165,8121,21574,33090,17401,21830,22860
0	1399	25816	14063,15749,14815,17870,19025,14280,18278,19427,9416,10395,11867,9474,14749,21157,19445,21165,8121,21574,33090,17401,21830,22860
1	1399	26116	14063,15749,14815,17870,19025,14280,18278,19427,9416,10395,11867,9474,14749,21157,19445,21165,8121,21574,33090,17401,21830,22860
0	1399	13946	14063,15749,14815,17870,19025,14280,18278,19427,9416,10395,11867,9474,14749,21157,19445,21165,8121,21574,33090,17401,21830,22860,26116
0	1399	20680	14063,15749,14815,17870,19025,14280,18278,19427,9416,10395,11867,9474,14749,21157,19445,21165,8121,21574,33090,17401,21830,22860,26116
0	1399	24387	14063,15749,14815,17870,19025,14280,18278,19427,9416,10395,11867,9474,14749,21157,19445,21165,8121,21574,33090,17401,21830,22860,26116
0	1399	16934	14063,15749,14815,17870,19025,14280,18278,19427,9416,10395,11867,9474,14749,21157,19445,21165,8121,21574,33090,17401,21830,22860,26116
0	1399	14697	14063,15749,14815,17870,19025,14280,18278,19427,9416,10395,11867,9474,14749,21157,19445,21165,8121,21574,33090,17401,21830,22860,26116
0	1399	23146	14063,15749,14815,17870,19025,14280,18278,19427,9416,10395,11867,9474,14749,21157,19445,21165,8121,21574,33090,17401,21830,22860,26116
1	1399	23452	14063,15749,14815,17870,19025,14280,18278,19427,9416,10395,11867,9474,14749,21157,19445,21165,8121,21574,33090,17401,21830,22860,26116
0	1399	24653	14063,15749,14815,17870,19025,14280,18278,19427,9416,10395,11867,9474,14749,21157,19445,21165,8121,21574,33090,17401,21830,22860,26116,23452
1	1399	24160	14063,15749,14815,17870,19025,14280,18278,19427,9416,10395,11867,9474,14749,21157,19445,21165,8121,21574,33090,17401,21830,22860,26116,23452
0	1399	20836	14063,15749,14815,17870,19025,14280,18278,19427,9416,10395,11867,9474,14749,21157,19445,21165,8121,21574,33090,17401,21830,22860,26116,23452,24160
0	1399	25825	14063,15749,14815,17870,19025,14280,18278,19427,9416,10395,11867,9474,14749,21157,19445,21165,8121,21574,33090,17401,21830,22860,26116,23452,24160
1	1399	27585	14063,15749,14815,17870,19025,14280,18278,19427,9416,10395,11867,9474,14749,21157,19445,21165,8121,21574,33090,17401,21830,22860,26116,23452,24160
1	1399	22243	14063,15749,14815,17870,19025,14280,18278,19427,9416,10395,11867,9474,14749,21157,19445,21165,8121,21574,33090,17401,21830,22860,26116,23452,24160,27585
0	1399	17012	14063,15749,14815,17870,19025,14280,18278,19427,9416,10395,11867,9474,14749,21157,19445,21165,8121,21574,33090,17401,21830,22860,26116,23452,24160,27585,22243
1	1399	32294	14063,15749,14815,17870,19025,14280,18278,19427,9416,10395,11867,9474,14749,21157,19445,21165,8121,21574,33090,17401,21830,22860,26116,23452,24160,27585,22243
0	1399	2402	14063,15749,14815,17870,19025,14280,18278,19427,9416,10395,11867,9474,14749,21157,19445,21165,8121,21574,33090,17401,21830,22860,26116,23452,24160,27585,22243,32294
0	1399	7626	14063,15749,14815,17870,19025,14280,18278,19427,9416,10395,11867,9474,14749,21157,19445,21165,8121,21574,33090,17401,21830,22860,26116,23452,24160,27585,22243,32294
0	1399	24496	14063,15749,14815,17870,19025,14280,18278,19427,9416,10395,11867,9474,14749,21157,19445,21165,8121,21574,33090,17401,21830,22860,26116,23452,24160,27585,22243,32294
0	1399	17356	14063,15749,14815,17870,19025,14280,18278,19427,9416,10395,11867,9474,14749,21157,19445,21165,8121,21574,33090,17401,21830,22860,26116,23452,24160,27585,22243,32294
1	1399	28208	14063,15749,14815,17870,19025,14280,18278,19427,9416,10395,11867,9474,14749,21157,19445,21165,8121,21574,33090,17401,21830,22860,26116,23452,24160,27585,22243,32294
0	1399	25826	14063,15749,14815,17870,19025,14280,18278,19427,9416,10395,11867,9474,14749,21157,19445,21165,8121,21574,33090,17401,21830,22860,26116,23452,24160,27585,22243,32294,28208
0	1399	28567	14063,15749,14815,17870,19025,14280,18278,19427,9416,10395,11867,9474,14749,21157,19445,21165,8121,21574,33090,17401,21830,22860,26116,23452,24160,27585,22243,32294,28208
0	1399	28859	14063,15749,14815,17870,19025,14280,18278,19427,9416,10395,11867,9474,14749,21157,19445,21165,8121,21574,33090,17401,21830,22860,26116,23452,24160,27585,22243,32294,28208
0	1399	28868	14063,15749,14815,17870,19025,14280,18278,19427,9416,10395,11867,9474,14749,21157,19445,21165,8121,21574,33090,17401,21830,22860,26116,23452,24160,27585,22243,32294,28208
1	1399	29330	14063,15749,14815,17870,19025,14280,18278,19427,9416,10395,11867,9474,14749,21157,19445,21165,8121,21574,33090,17401,21830,22860,26116,23452,24160,27585,22243,32294,28208
0	1399	27399	14063,15749,14815,17870,19025,14280,18278,19427,9416,10395,11867,9474,14749,21157,19445,21165,8121,21574,33090,17401,21830,22860,26116,23452,24160,27585,22243,32294,28208,29330
0	1399	28871	14063,15749,14815,17870,19025,14280,18278,19427,9416,10395,11867,9474,14749,21157,19445,21165,8121,21574,33090,17401,21830,22860,26116,23452,24160,27585,22243,32294,28208,29330
