1	1266	32850	0
1	1266	2840	32850
1	1266	6245	32850,2840
1	1266	9603	32850,2840,6245
1	1266	18048	32850,2840,6245,9603
1	1266	1073	32850,2840,6245,9603,18048
1	1266	2275	32850,2840,6245,9603,18048,1073
1	1266	18808	32850,2840,6245,9603,18048,1073,2275
0	1266	20105	32850,2840,6245,9603,18048,1073,2275,18808
1	1266	19274	32850,2840,6245,9603,18048,1073,2275,18808
0	1266	20810	32850,2840,6245,9603,18048,1073,2275,18808,19274
1	1266	3045	32850,2840,6245,9603,18048,1073,2275,18808,19274
1	1266	19219	32850,2840,6245,9603,18048,1073,2275,18808,19274,3045
1	1266	23440	32850,2840,6245,9603,18048,1073,2275,18808,19274,3045,19219
1	1266	9874	32850,2840,6245,9603,18048,1073,2275,18808,19274,3045,19219,23440
1	1266	18829	32850,2840,6245,9603,18048,1073,2275,18808,19274,3045,19219,23440,9874
1	1266	17645	32850,2840,6245,9603,18048,1073,2275,18808,19274,3045,19219,23440,9874,18829
1	1266	24616	32850,2840,6245,9603,18048,1073,2275,18808,19274,3045,19219,23440,9874,18829,17645
0	1266	25155	32850,2840,6245,9603,18048,1073,2275,18808,19274,3045,19219,23440,9874,18829,17645,24616
0	1266	24362	32850,2840,6245,9603,18048,1073,2275,18808,19274,3045,19219,23440,9874,18829,17645,24616
0	1266	24589	32850,2840,6245,9603,18048,1073,2275,18808,19274,3045,19219,23440,9874,18829,17645,24616
0	1266	27526	32850,2840,6245,9603,18048,1073,2275,18808,19274,3045,19219,23440,9874,18829,17645,24616
1	1266	28173	32850,2840,6245,9603,18048,1073,2275,18808,19274,3045,19219,23440,9874,18829,17645,24616
1	1266	28930	32850,2840,6245,9603,18048,1073,2275,18808,19274,3045,19219,23440,9874,18829,17645,24616,28173
0	1266	28878	32850,2840,6245,9603,18048,1073,2275,18808,19274,3045,19219,23440,9874,18829,17645,24616,28173,28930
0	1266	29575	32850,2840,6245,9603,18048,1073,2275,18808,19274,3045,19219,23440,9874,18829,17645,24616,28173,28930
