1	303	12490	0
0	303	19645	12490
1	303	21496	12490
1	303	6606	12490,21496
0	303	23452	12490,21496,6606
0	303	25125	12490,21496,6606
0	303	11869	12490,21496,6606
1	303	30917	12490,21496,6606
1	303	31478	12490,21496,6606,30917
1	303	32272	12490,21496,6606,30917,31478
1	303	8455	12490,21496,6606,30917,31478,32272
0	303	12450	12490,21496,6606,30917,31478,32272,8455
0	303	25434	12490,21496,6606,30917,31478,32272,8455
0	303	24843	12490,21496,6606,30917,31478,32272,8455
0	303	18951	12490,21496,6606,30917,31478,32272,8455
0	303	26659	12490,21496,6606,30917,31478,32272,8455
0	303	23688	12490,21496,6606,30917,31478,32272,8455
0	303	23389	12490,21496,6606,30917,31478,32272,8455
0	303	24461	12490,21496,6606,30917,31478,32272,8455
0	303	26090	12490,21496,6606,30917,31478,32272,8455
0	303	27235	12490,21496,6606,30917,31478,32272,8455
0	303	27526	12490,21496,6606,30917,31478,32272,8455
0	303	27579	12490,21496,6606,30917,31478,32272,8455
0	303	21017	12490,21496,6606,30917,31478,32272,8455
0	303	27605	12490,21496,6606,30917,31478,32272,8455
0	303	24177	12490,21496,6606,30917,31478,32272,8455
0	303	28277	12490,21496,6606,30917,31478,32272,8455
0	303	28385	12490,21496,6606,30917,31478,32272,8455
0	303	31151	12490,21496,6606,30917,31478,32272,8455
0	303	28902	12490,21496,6606,30917,31478,32272,8455
0	303	11544	12490,21496,6606,30917,31478,32272,8455
0	303	29310	12490,21496,6606,30917,31478,32272,8455
0	303	20744	12490,21496,6606,30917,31478,32272,8455
0	303	29261	12490,21496,6606,30917,31478,32272,8455
