1	1632	25567	0
0	1632	666	25567
0	1632	2019	25567
0	1632	2920	25567
0	1632	3853	25567
0	1632	1654	25567
0	1632	3903	25567
0	1632	4311	25567
1	1632	2977	25567
1	1632	3427	25567,2977
0	1632	3599	25567,2977,3427
0	1632	4827	25567,2977,3427
0	1632	5955	25567,2977,3427
0	1632	6777	25567,2977,3427
0	1632	4245	25567,2977,3427
0	1632	8883	25567,2977,3427
0	1632	4291	25567,2977,3427
1	1632	1548	25567,2977,3427
1	1632	6126	25567,2977,3427,1548
1	1632	5269	25567,2977,3427,1548,6126
0	1632	14152	25567,2977,3427,1548,6126,5269
0	1632	16681	25567,2977,3427,1548,6126,5269
1	1632	17227	25567,2977,3427,1548,6126,5269
0	1632	7001	25567,2977,3427,1548,6126,5269,17227
0	1632	19668	25567,2977,3427,1548,6126,5269,17227
1	1632	23783	25567,2977,3427,1548,6126,5269,17227
1	1632	21838	25567,2977,3427,1548,6126,5269,17227,23783
0	1632	25814	25567,2977,3427,1548,6126,5269,17227,23783,21838
0	1632	24924	25567,2977,3427,1548,6126,5269,17227,23783,21838
0	1632	5816	25567,2977,3427,1548,6126,5269,17227,23783,21838
0	1632	32307	25567,2977,3427,1548,6126,5269,17227,23783,21838
1	1632	250	25567,2977,3427,1548,6126,5269,17227,23783,21838
0	1632	20266	25567,2977,3427,1548,6126,5269,17227,23783,21838,250
1	1632	25231	25567,2977,3427,1548,6126,5269,17227,23783,21838,250
1	1632	2650	25567,2977,3427,1548,6126,5269,17227,23783,21838,250,25231
0	1632	21150	25567,2977,3427,1548,6126,5269,17227,23783,21838,250,25231,2650
1	1632	12110	25567,2977,3427,1548,6126,5269,17227,23783,21838,250,25231,2650
1	1632	25300	25567,2977,3427,1548,6126,5269,17227,23783,21838,250,25231,2650,12110
1	1632	22624	25567,2977,3427,1548,6126,5269,17227,23783,21838,250,25231,2650,12110,25300
1	1632	17732	25567,2977,3427,1548,6126,5269,17227,23783,21838,250,25231,2650,12110,25300,22624
