0	352	32063	0
1	352	551	0
0	352	23531	551
0	352	31203	551
0	352	1278	551
1	352	30796	551
0	352	31268	551,30796
0	352	4680	551,30796
0	352	3130	551,30796
0	352	4664	551,30796
1	352	32173	551,30796
0	352	3340	551,30796,32173
0	352	3351	551,30796,32173
0	352	9150	551,30796,32173
0	352	9875	551,30796,32173
0	352	11032	551,30796,32173
0	352	5717	551,30796,32173
0	352	11627	551,30796,32173
0	352	32862	551,30796,32173
0	352	13774	551,30796,32173
0	352	14236	551,30796,32173
0	352	11863	551,30796,32173
0	352	5878	551,30796,32173
0	352	13355	551,30796,32173
1	352	11304	551,30796,32173
1	352	17604	551,30796,32173,11304
1	352	32960	551,30796,32173,11304,17604
1	352	6872	551,30796,32173,11304,17604,32960
1	352	6873	551,30796,32173,11304,17604,32960,6872
0	352	14397	551,30796,32173,11304,17604,32960,6872,6873
0	352	31263	551,30796,32173,11304,17604,32960,6872,6873
0	352	15833	551,30796,32173,11304,17604,32960,6872,6873
0	352	20753	551,30796,32173,11304,17604,32960,6872,6873
1	352	19600	551,30796,32173,11304,17604,32960,6872,6873
0	352	6548	551,30796,32173,11304,17604,32960,6872,6873,19600
1	352	16087	551,30796,32173,11304,17604,32960,6872,6873,19600
0	352	12965	551,30796,32173,11304,17604,32960,6872,6873,19600,16087
1	352	22331	551,30796,32173,11304,17604,32960,6872,6873,19600,16087
1	352	23794	551,30796,32173,11304,17604,32960,6872,6873,19600,16087,22331
0	352	23898	551,30796,32173,11304,17604,32960,6872,6873,19600,16087,22331,23794
0	352	23766	551,30796,32173,11304,17604,32960,6872,6873,19600,16087,22331,23794
0	352	23805	551,30796,32173,11304,17604,32960,6872,6873,19600,16087,22331,23794
0	352	15606	551,30796,32173,11304,17604,32960,6872,6873,19600,16087,22331,23794
0	352	25237	551,30796,32173,11304,17604,32960,6872,6873,19600,16087,22331,23794
0	352	21465	551,30796,32173,11304,17604,32960,6872,6873,19600,16087,22331,23794
1	352	4942	551,30796,32173,11304,17604,32960,6872,6873,19600,16087,22331,23794
0	352	21929	551,30796,32173,11304,17604,32960,6872,6873,19600,16087,22331,23794,4942
0	352	9832	551,30796,32173,11304,17604,32960,6872,6873,19600,16087,22331,23794,4942
1	352	20047	551,30796,32173,11304,17604,32960,6872,6873,19600,16087,22331,23794,4942
0	352	21655	551,30796,32173,11304,17604,32960,6872,6873,19600,16087,22331,23794,4942,20047
0	352	24440	551,30796,32173,11304,17604,32960,6872,6873,19600,16087,22331,23794,4942,20047
