0	1431	3082	0
0	1431	3804	0
0	1431	4584	0
1	1431	393	0
1	1431	8625	393
0	1431	13982	393,8625
0	1431	31047	393,8625
0	1431	31107	393,8625
1	1431	31915	393,8625
1	1431	24697	393,8625,31915
1	1431	26782	393,8625,31915,24697
0	1431	3957	393,8625,31915,24697,26782
0	1431	4773	393,8625,31915,24697,26782
0	1431	5565	393,8625,31915,24697,26782
0	1431	3131	393,8625,31915,24697,26782
1	1431	5925	393,8625,31915,24697,26782
0	1431	6189	393,8625,31915,24697,26782,5925
0	1431	12239	393,8625,31915,24697,26782,5925
0	1431	14341	393,8625,31915,24697,26782,5925
0	1431	13961	393,8625,31915,24697,26782,5925
0	1431	13620	393,8625,31915,24697,26782,5925
1	1431	9014	393,8625,31915,24697,26782,5925
1	1431	17175	393,8625,31915,24697,26782,5925,9014
1	1431	10615	393,8625,31915,24697,26782,5925,9014,17175
0	1431	16117	393,8625,31915,24697,26782,5925,9014,17175,10615
0	1431	18436	393,8625,31915,24697,26782,5925,9014,17175,10615
0	1431	17482	393,8625,31915,24697,26782,5925,9014,17175,10615
0	1431	19794	393,8625,31915,24697,26782,5925,9014,17175,10615
1	1431	3059	393,8625,31915,24697,26782,5925,9014,17175,10615
0	1431	15105	393,8625,31915,24697,26782,5925,9014,17175,10615,3059
0	1431	20205	393,8625,31915,24697,26782,5925,9014,17175,10615,3059
0	1431	15280	393,8625,31915,24697,26782,5925,9014,17175,10615,3059
0	1431	24197	393,8625,31915,24697,26782,5925,9014,17175,10615,3059
0	1431	25927	393,8625,31915,24697,26782,5925,9014,17175,10615,3059
0	1431	23394	393,8625,31915,24697,26782,5925,9014,17175,10615,3059
0	1431	24731	393,8625,31915,24697,26782,5925,9014,17175,10615,3059
0	1431	24790	393,8625,31915,24697,26782,5925,9014,17175,10615,3059
1	1431	26633	393,8625,31915,24697,26782,5925,9014,17175,10615,3059
0	1431	25250	393,8625,31915,24697,26782,5925,9014,17175,10615,3059,26633
1	1431	27746	393,8625,31915,24697,26782,5925,9014,17175,10615,3059,26633
0	1431	23768	393,8625,31915,24697,26782,5925,9014,17175,10615,3059,26633,27746
1	1431	5419	393,8625,31915,24697,26782,5925,9014,17175,10615,3059,26633,27746
1	1431	8835	393,8625,31915,24697,26782,5925,9014,17175,10615,3059,26633,27746,5419
0	1431	24290	393,8625,31915,24697,26782,5925,9014,17175,10615,3059,26633,27746,5419,8835
1	1431	25242	393,8625,31915,24697,26782,5925,9014,17175,10615,3059,26633,27746,5419,8835
0	1431	14568	393,8625,31915,24697,26782,5925,9014,17175,10615,3059,26633,27746,5419,8835,25242
0	1431	26976	393,8625,31915,24697,26782,5925,9014,17175,10615,3059,26633,27746,5419,8835,25242
1	1431	27721	393,8625,31915,24697,26782,5925,9014,17175,10615,3059,26633,27746,5419,8835,25242
1	1431	27955	393,8625,31915,24697,26782,5925,9014,17175,10615,3059,26633,27746,5419,8835,25242,27721
0	1431	17570	393,8625,31915,24697,26782,5925,9014,17175,10615,3059,26633,27746,5419,8835,25242,27721,27955
1	1431	25817	393,8625,31915,24697,26782,5925,9014,17175,10615,3059,26633,27746,5419,8835,25242,27721,27955
1	1431	28504	393,8625,31915,24697,26782,5925,9014,17175,10615,3059,26633,27746,5419,8835,25242,27721,27955,25817
1	1431	29132	393,8625,31915,24697,26782,5925,9014,17175,10615,3059,26633,27746,5419,8835,25242,27721,27955,25817,28504
