1	985	28779	0
1	985	31550	28779
0	985	6054	28779,31550
1	985	32218	28779,31550
1	985	335	28779,31550,32218
1	985	32783	28779,31550,32218,335
1	985	578	28779,31550,32218,335,32783
0	985	32432	28779,31550,32218,335,32783,578
1	985	1907	28779,31550,32218,335,32783,578
1	985	6556	28779,31550,32218,335,32783,578,1907
1	985	22533	28779,31550,32218,335,32783,578,1907,6556
1	985	31876	28779,31550,32218,335,32783,578,1907,6556,22533
1	985	701	28779,31550,32218,335,32783,578,1907,6556,22533,31876
1	985	18298	28779,31550,32218,335,32783,578,1907,6556,22533,31876,701
1	985	907	28779,31550,32218,335,32783,578,1907,6556,22533,31876,701,18298
0	985	1040	28779,31550,32218,335,32783,578,1907,6556,22533,31876,701,18298,907
1	985	13569	28779,31550,32218,335,32783,578,1907,6556,22533,31876,701,18298,907
1	985	31156	28779,31550,32218,335,32783,578,1907,6556,22533,31876,701,18298,907,13569
1	985	5706	28779,31550,32218,335,32783,578,1907,6556,22533,31876,701,18298,907,13569,31156
1	985	31301	28779,31550,32218,335,32783,578,1907,6556,22533,31876,701,18298,907,13569,31156,5706
1	985	7800	28779,31550,32218,335,32783,578,1907,6556,22533,31876,701,18298,907,13569,31156,5706,31301
1	985	32562	28779,31550,32218,335,32783,578,1907,6556,22533,31876,701,18298,907,13569,31156,5706,31301,7800
0	985	6496	28779,31550,32218,335,32783,578,1907,6556,22533,31876,701,18298,907,13569,31156,5706,31301,7800,32562
1	985	4134	28779,31550,32218,335,32783,578,1907,6556,22533,31876,701,18298,907,13569,31156,5706,31301,7800,32562
0	985	12625	28779,31550,32218,335,32783,578,1907,6556,22533,31876,701,18298,907,13569,31156,5706,31301,7800,32562,4134
0	985	9859	28779,31550,32218,335,32783,578,1907,6556,22533,31876,701,18298,907,13569,31156,5706,31301,7800,32562,4134
1	985	15697	28779,31550,32218,335,32783,578,1907,6556,22533,31876,701,18298,907,13569,31156,5706,31301,7800,32562,4134
1	985	17316	28779,31550,32218,335,32783,578,1907,6556,22533,31876,701,18298,907,13569,31156,5706,31301,7800,32562,4134,15697
0	985	16016	28779,31550,32218,335,32783,578,1907,6556,22533,31876,701,18298,907,13569,31156,5706,31301,7800,32562,4134,15697,17316
1	985	9695	28779,31550,32218,335,32783,578,1907,6556,22533,31876,701,18298,907,13569,31156,5706,31301,7800,32562,4134,15697,17316
1	985	11996	28779,31550,32218,335,32783,578,1907,6556,22533,31876,701,18298,907,13569,31156,5706,31301,7800,32562,4134,15697,17316,9695
1	985	15034	28779,31550,32218,335,32783,578,1907,6556,22533,31876,701,18298,907,13569,31156,5706,31301,7800,32562,4134,15697,17316,9695,11996
1	985	25111	28779,31550,32218,335,32783,578,1907,6556,22533,31876,701,18298,907,13569,31156,5706,31301,7800,32562,4134,15697,17316,9695,11996,15034
1	985	12925	28779,31550,32218,335,32783,578,1907,6556,22533,31876,701,18298,907,13569,31156,5706,31301,7800,32562,4134,15697,17316,9695,11996,15034,25111
1	985	9808	28779,31550,32218,335,32783,578,1907,6556,22533,31876,701,18298,907,13569,31156,5706,31301,7800,32562,4134,15697,17316,9695,11996,15034,25111,12925
1	985	16643	28779,31550,32218,335,32783,578,1907,6556,22533,31876,701,18298,907,13569,31156,5706,31301,7800,32562,4134,15697,17316,9695,11996,15034,25111,12925,9808
1	985	17160	28779,31550,32218,335,32783,578,1907,6556,22533,31876,701,18298,907,13569,31156,5706,31301,7800,32562,4134,15697,17316,9695,11996,15034,25111,12925,9808,16643
1	985	9343	28779,31550,32218,335,32783,578,1907,6556,22533,31876,701,18298,907,13569,31156,5706,31301,7800,32562,4134,15697,17316,9695,11996,15034,25111,12925,9808,16643,17160
1	985	18389	28779,31550,32218,335,32783,578,1907,6556,22533,31876,701,18298,907,13569,31156,5706,31301,7800,32562,4134,15697,17316,9695,11996,15034,25111,12925,9808,16643,17160,9343
1	985	21881	28779,31550,32218,335,32783,578,1907,6556,22533,31876,701,18298,907,13569,31156,5706,31301,7800,32562,4134,15697,17316,9695,11996,15034,25111,12925,9808,16643,17160,9343,18389
1	985	14766	28779,31550,32218,335,32783,578,1907,6556,22533,31876,701,18298,907,13569,31156,5706,31301,7800,32562,4134,15697,17316,9695,11996,15034,25111,12925,9808,16643,17160,9343,18389,21881
1	985	14955	28779,31550,32218,335,32783,578,1907,6556,22533,31876,701,18298,907,13569,31156,5706,31301,7800,32562,4134,15697,17316,9695,11996,15034,25111,12925,9808,16643,17160,9343,18389,21881,14766
1	985	11521	28779,31550,32218,335,32783,578,1907,6556,22533,31876,701,18298,907,13569,31156,5706,31301,7800,32562,4134,15697,17316,9695,11996,15034,25111,12925,9808,16643,17160,9343,18389,21881,14766,14955
1	985	16261	28779,31550,32218,335,32783,578,1907,6556,22533,31876,701,18298,907,13569,31156,5706,31301,7800,32562,4134,15697,17316,9695,11996,15034,25111,12925,9808,16643,17160,9343,18389,21881,14766,14955,11521
0	985	15452	28779,31550,32218,335,32783,578,1907,6556,22533,31876,701,18298,907,13569,31156,5706,31301,7800,32562,4134,15697,17316,9695,11996,15034,25111,12925,9808,16643,17160,9343,18389,21881,14766,14955,11521,16261
0	985	18583	28779,31550,32218,335,32783,578,1907,6556,22533,31876,701,18298,907,13569,31156,5706,31301,7800,32562,4134,15697,17316,9695,11996,15034,25111,12925,9808,16643,17160,9343,18389,21881,14766,14955,11521,16261
1	985	8447	28779,31550,32218,335,32783,578,1907,6556,22533,31876,701,18298,907,13569,31156,5706,31301,7800,32562,4134,15697,17316,9695,11996,15034,25111,12925,9808,16643,17160,9343,18389,21881,14766,14955,11521,16261
1	985	9617	28779,31550,32218,335,32783,578,1907,6556,22533,31876,701,18298,907,13569,31156,5706,31301,7800,32562,4134,15697,17316,9695,11996,15034,25111,12925,9808,16643,17160,9343,18389,21881,14766,14955,11521,16261,8447
1	985	24741	28779,31550,32218,335,32783,578,1907,6556,22533,31876,701,18298,907,13569,31156,5706,31301,7800,32562,4134,15697,17316,9695,11996,15034,25111,12925,9808,16643,17160,9343,18389,21881,14766,14955,11521,16261,8447,9617
1	985	31700	28779,31550,32218,335,32783,578,1907,6556,22533,31876,701,18298,907,13569,31156,5706,31301,7800,32562,4134,15697,17316,9695,11996,15034,25111,12925,9808,16643,17160,9343,18389,21881,14766,14955,11521,16261,8447,9617,24741
0	985	15056	28779,31550,32218,335,32783,578,1907,6556,22533,31876,701,18298,907,13569,31156,5706,31301,7800,32562,4134,15697,17316,9695,11996,15034,25111,12925,9808,16643,17160,9343,18389,21881,14766,14955,11521,16261,8447,9617,24741,31700
1	985	8609	28779,31550,32218,335,32783,578,1907,6556,22533,31876,701,18298,907,13569,31156,5706,31301,7800,32562,4134,15697,17316,9695,11996,15034,25111,12925,9808,16643,17160,9343,18389,21881,14766,14955,11521,16261,8447,9617,24741,31700
1	985	5444	28779,31550,32218,335,32783,578,1907,6556,22533,31876,701,18298,907,13569,31156,5706,31301,7800,32562,4134,15697,17316,9695,11996,15034,25111,12925,9808,16643,17160,9343,18389,21881,14766,14955,11521,16261,8447,9617,24741,31700,8609
1	985	17140	28779,31550,32218,335,32783,578,1907,6556,22533,31876,701,18298,907,13569,31156,5706,31301,7800,32562,4134,15697,17316,9695,11996,15034,25111,12925,9808,16643,17160,9343,18389,21881,14766,14955,11521,16261,8447,9617,24741,31700,8609,5444
1	985	15851	28779,31550,32218,335,32783,578,1907,6556,22533,31876,701,18298,907,13569,31156,5706,31301,7800,32562,4134,15697,17316,9695,11996,15034,25111,12925,9808,16643,17160,9343,18389,21881,14766,14955,11521,16261,8447,9617,24741,31700,8609,5444,17140
1	985	26474	28779,31550,32218,335,32783,578,1907,6556,22533,31876,701,18298,907,13569,31156,5706,31301,7800,32562,4134,15697,17316,9695,11996,15034,25111,12925,9808,16643,17160,9343,18389,21881,14766,14955,11521,16261,8447,9617,24741,31700,8609,5444,17140,15851
1	985	27752	28779,31550,32218,335,32783,578,1907,6556,22533,31876,701,18298,907,13569,31156,5706,31301,7800,32562,4134,15697,17316,9695,11996,15034,25111,12925,9808,16643,17160,9343,18389,21881,14766,14955,11521,16261,8447,9617,24741,31700,8609,5444,17140,15851,26474
