1	1385	16909	0
0	1385	3734	16909
1	1385	3749	16909
0	1385	8103	16909,3749
0	1385	10824	16909,3749
0	1385	13443	16909,3749
1	1385	16753	16909,3749
1	1385	17173	16909,3749,16753
0	1385	17554	16909,3749,16753,17173
0	1385	8481	16909,3749,16753,17173
1	1385	11869	16909,3749,16753,17173
1	1385	7693	16909,3749,16753,17173,11869
1	1385	20049	16909,3749,16753,17173,11869,7693
1	1385	8925	16909,3749,16753,17173,11869,7693,20049
1	1385	24604	16909,3749,16753,17173,11869,7693,20049,8925
1	1385	20828	16909,3749,16753,17173,11869,7693,20049,8925,24604
1	1385	2051	16909,3749,16753,17173,11869,7693,20049,8925,24604,20828
1	1385	23119	16909,3749,16753,17173,11869,7693,20049,8925,24604,20828,2051
0	1385	24101	16909,3749,16753,17173,11869,7693,20049,8925,24604,20828,2051,23119
1	1385	25800	16909,3749,16753,17173,11869,7693,20049,8925,24604,20828,2051,23119
1	1385	15626	16909,3749,16753,17173,11869,7693,20049,8925,24604,20828,2051,23119,25800
0	1385	14078	16909,3749,16753,17173,11869,7693,20049,8925,24604,20828,2051,23119,25800,15626
1	1385	14486	16909,3749,16753,17173,11869,7693,20049,8925,24604,20828,2051,23119,25800,15626
1	1385	20829	16909,3749,16753,17173,11869,7693,20049,8925,24604,20828,2051,23119,25800,15626,14486
0	1385	25984	16909,3749,16753,17173,11869,7693,20049,8925,24604,20828,2051,23119,25800,15626,14486,20829
1	1385	15558	16909,3749,16753,17173,11869,7693,20049,8925,24604,20828,2051,23119,25800,15626,14486,20829
0	1385	26383	16909,3749,16753,17173,11869,7693,20049,8925,24604,20828,2051,23119,25800,15626,14486,20829,15558
1	1385	32977	16909,3749,16753,17173,11869,7693,20049,8925,24604,20828,2051,23119,25800,15626,14486,20829,15558
1	1385	3203	16909,3749,16753,17173,11869,7693,20049,8925,24604,20828,2051,23119,25800,15626,14486,20829,15558,32977
1	1385	4319	16909,3749,16753,17173,11869,7693,20049,8925,24604,20828,2051,23119,25800,15626,14486,20829,15558,32977,3203
1	1385	6892	16909,3749,16753,17173,11869,7693,20049,8925,24604,20828,2051,23119,25800,15626,14486,20829,15558,32977,3203,4319
1	1385	9495	16909,3749,16753,17173,11869,7693,20049,8925,24604,20828,2051,23119,25800,15626,14486,20829,15558,32977,3203,4319,6892
0	1385	9977	16909,3749,16753,17173,11869,7693,20049,8925,24604,20828,2051,23119,25800,15626,14486,20829,15558,32977,3203,4319,6892,9495
1	1385	11839	16909,3749,16753,17173,11869,7693,20049,8925,24604,20828,2051,23119,25800,15626,14486,20829,15558,32977,3203,4319,6892,9495
1	1385	11867	16909,3749,16753,17173,11869,7693,20049,8925,24604,20828,2051,23119,25800,15626,14486,20829,15558,32977,3203,4319,6892,9495,11839
0	1385	13096	16909,3749,16753,17173,11869,7693,20049,8925,24604,20828,2051,23119,25800,15626,14486,20829,15558,32977,3203,4319,6892,9495,11839,11867
0	1385	16449	16909,3749,16753,17173,11869,7693,20049,8925,24604,20828,2051,23119,25800,15626,14486,20829,15558,32977,3203,4319,6892,9495,11839,11867
1	1385	17543	16909,3749,16753,17173,11869,7693,20049,8925,24604,20828,2051,23119,25800,15626,14486,20829,15558,32977,3203,4319,6892,9495,11839,11867
1	1385	20461	16909,3749,16753,17173,11869,7693,20049,8925,24604,20828,2051,23119,25800,15626,14486,20829,15558,32977,3203,4319,6892,9495,11839,11867,17543
0	1385	21805	16909,3749,16753,17173,11869,7693,20049,8925,24604,20828,2051,23119,25800,15626,14486,20829,15558,32977,3203,4319,6892,9495,11839,11867,17543,20461
0	1385	26350	16909,3749,16753,17173,11869,7693,20049,8925,24604,20828,2051,23119,25800,15626,14486,20829,15558,32977,3203,4319,6892,9495,11839,11867,17543,20461
1	1385	5084	16909,3749,16753,17173,11869,7693,20049,8925,24604,20828,2051,23119,25800,15626,14486,20829,15558,32977,3203,4319,6892,9495,11839,11867,17543,20461
1	1385	15574	16909,3749,16753,17173,11869,7693,20049,8925,24604,20828,2051,23119,25800,15626,14486,20829,15558,32977,3203,4319,6892,9495,11839,11867,17543,20461,5084
0	1385	23778	16909,3749,16753,17173,11869,7693,20049,8925,24604,20828,2051,23119,25800,15626,14486,20829,15558,32977,3203,4319,6892,9495,11839,11867,17543,20461,5084,15574
0	1385	24725	16909,3749,16753,17173,11869,7693,20049,8925,24604,20828,2051,23119,25800,15626,14486,20829,15558,32977,3203,4319,6892,9495,11839,11867,17543,20461,5084,15574
