0	1640	9488	0
1	1640	11290	0
0	1640	20081	11290
0	1640	32175	11290
0	1640	16635	11290
1	1640	201	11290
1	1640	18051	11290,201
1	1640	31834	11290,201,18051
0	1640	26422	11290,201,18051,31834
1	1640	31677	11290,201,18051,31834
0	1640	21662	11290,201,18051,31834,31677
1	1640	4930	11290,201,18051,31834,31677
1	1640	14158	11290,201,18051,31834,31677,4930
0	1640	19974	11290,201,18051,31834,31677,4930,14158
1	1640	20479	11290,201,18051,31834,31677,4930,14158
0	1640	14151	11290,201,18051,31834,31677,4930,14158,20479
0	1640	22010	11290,201,18051,31834,31677,4930,14158,20479
0	1640	21842	11290,201,18051,31834,31677,4930,14158,20479
1	1640	32518	11290,201,18051,31834,31677,4930,14158,20479
1	1640	620	11290,201,18051,31834,31677,4930,14158,20479,32518
1	1640	6348	11290,201,18051,31834,31677,4930,14158,20479,32518,620
1	1640	23177	11290,201,18051,31834,31677,4930,14158,20479,32518,620,6348
0	1640	9149	11290,201,18051,31834,31677,4930,14158,20479,32518,620,6348,23177
0	1640	18936	11290,201,18051,31834,31677,4930,14158,20479,32518,620,6348,23177
0	1640	23006	11290,201,18051,31834,31677,4930,14158,20479,32518,620,6348,23177
1	1640	11102	11290,201,18051,31834,31677,4930,14158,20479,32518,620,6348,23177
1	1640	17418	11290,201,18051,31834,31677,4930,14158,20479,32518,620,6348,23177,11102
0	1640	7662	11290,201,18051,31834,31677,4930,14158,20479,32518,620,6348,23177,11102,17418
1	1640	23254	11290,201,18051,31834,31677,4930,14158,20479,32518,620,6348,23177,11102,17418
1	1640	23449	11290,201,18051,31834,31677,4930,14158,20479,32518,620,6348,23177,11102,17418,23254
0	1640	29849	11290,201,18051,31834,31677,4930,14158,20479,32518,620,6348,23177,11102,17418,23254,23449
1	1640	18332	11290,201,18051,31834,31677,4930,14158,20479,32518,620,6348,23177,11102,17418,23254,23449
0	1640	25943	11290,201,18051,31834,31677,4930,14158,20479,32518,620,6348,23177,11102,17418,23254,23449,18332
1	1640	26523	11290,201,18051,31834,31677,4930,14158,20479,32518,620,6348,23177,11102,17418,23254,23449,18332
1	1640	17419	11290,201,18051,31834,31677,4930,14158,20479,32518,620,6348,23177,11102,17418,23254,23449,18332,26523
