1	1252	1660	0
1	1252	92	1660
0	1252	2590	1660,92
1	1252	20452	1660,92
1	1252	10840	1660,92,20452
1	1252	20848	1660,92,20452,10840
1	1252	26125	1660,92,20452,10840,20848
1	1252	724	1660,92,20452,10840,20848,26125
0	1252	10285	1660,92,20452,10840,20848,26125,724
1	1252	12199	1660,92,20452,10840,20848,26125,724
1	1252	16495	1660,92,20452,10840,20848,26125,724,12199
1	1252	18407	1660,92,20452,10840,20848,26125,724,12199,16495
1	1252	19456	1660,92,20452,10840,20848,26125,724,12199,16495,18407
0	1252	27126	1660,92,20452,10840,20848,26125,724,12199,16495,18407,19456
0	1252	6713	1660,92,20452,10840,20848,26125,724,12199,16495,18407,19456
1	1252	1236	1660,92,20452,10840,20848,26125,724,12199,16495,18407,19456
1	1252	20041	1660,92,20452,10840,20848,26125,724,12199,16495,18407,19456,1236
1	1252	22245	1660,92,20452,10840,20848,26125,724,12199,16495,18407,19456,1236,20041
1	1252	1159	1660,92,20452,10840,20848,26125,724,12199,16495,18407,19456,1236,20041,22245
1	1252	20671	1660,92,20452,10840,20848,26125,724,12199,16495,18407,19456,1236,20041,22245,1159
1	1252	23147	1660,92,20452,10840,20848,26125,724,12199,16495,18407,19456,1236,20041,22245,1159,20671
1	1252	20695	1660,92,20452,10840,20848,26125,724,12199,16495,18407,19456,1236,20041,22245,1159,20671,23147
0	1252	14514	1660,92,20452,10840,20848,26125,724,12199,16495,18407,19456,1236,20041,22245,1159,20671,23147,20695
1	1252	5337	1660,92,20452,10840,20848,26125,724,12199,16495,18407,19456,1236,20041,22245,1159,20671,23147,20695
1	1252	12925	1660,92,20452,10840,20848,26125,724,12199,16495,18407,19456,1236,20041,22245,1159,20671,23147,20695,5337
1	1252	13113	1660,92,20452,10840,20848,26125,724,12199,16495,18407,19456,1236,20041,22245,1159,20671,23147,20695,5337,12925
0	1252	20187	1660,92,20452,10840,20848,26125,724,12199,16495,18407,19456,1236,20041,22245,1159,20671,23147,20695,5337,12925,13113
0	1252	24478	1660,92,20452,10840,20848,26125,724,12199,16495,18407,19456,1236,20041,22245,1159,20671,23147,20695,5337,12925,13113
0	1252	24951	1660,92,20452,10840,20848,26125,724,12199,16495,18407,19456,1236,20041,22245,1159,20671,23147,20695,5337,12925,13113
1	1252	27106	1660,92,20452,10840,20848,26125,724,12199,16495,18407,19456,1236,20041,22245,1159,20671,23147,20695,5337,12925,13113
1	1252	29323	1660,92,20452,10840,20848,26125,724,12199,16495,18407,19456,1236,20041,22245,1159,20671,23147,20695,5337,12925,13113,27106
