1	616	3333	0
1	616	31086	3333
1	616	1130	3333,31086
1	616	18246	3333,31086,1130
1	616	28696	3333,31086,1130,18246
1	616	30584	3333,31086,1130,18246,28696
1	616	32206	3333,31086,1130,18246,28696,30584
1	616	32595	3333,31086,1130,18246,28696,30584,32206
1	616	3771	3333,31086,1130,18246,28696,30584,32206,32595
1	616	9023	3333,31086,1130,18246,28696,30584,32206,32595,3771
0	616	10469	3333,31086,1130,18246,28696,30584,32206,32595,3771,9023
1	616	8029	3333,31086,1130,18246,28696,30584,32206,32595,3771,9023
1	616	28372	3333,31086,1130,18246,28696,30584,32206,32595,3771,9023,8029
1	616	15792	3333,31086,1130,18246,28696,30584,32206,32595,3771,9023,8029,28372
1	616	7166	3333,31086,1130,18246,28696,30584,32206,32595,3771,9023,8029,28372,15792
1	616	6438	3333,31086,1130,18246,28696,30584,32206,32595,3771,9023,8029,28372,15792,7166
1	616	10705	3333,31086,1130,18246,28696,30584,32206,32595,3771,9023,8029,28372,15792,7166,6438
1	616	933	3333,31086,1130,18246,28696,30584,32206,32595,3771,9023,8029,28372,15792,7166,6438,10705
1	616	4489	3333,31086,1130,18246,28696,30584,32206,32595,3771,9023,8029,28372,15792,7166,6438,10705,933
1	616	6407	3333,31086,1130,18246,28696,30584,32206,32595,3771,9023,8029,28372,15792,7166,6438,10705,933,4489
1	616	3272	3333,31086,1130,18246,28696,30584,32206,32595,3771,9023,8029,28372,15792,7166,6438,10705,933,4489,6407
1	616	6833	3333,31086,1130,18246,28696,30584,32206,32595,3771,9023,8029,28372,15792,7166,6438,10705,933,4489,6407,3272
1	616	22074	3333,31086,1130,18246,28696,30584,32206,32595,3771,9023,8029,28372,15792,7166,6438,10705,933,4489,6407,3272,6833
1	616	11869	3333,31086,1130,18246,28696,30584,32206,32595,3771,9023,8029,28372,15792,7166,6438,10705,933,4489,6407,3272,6833,22074
0	616	21706	3333,31086,1130,18246,28696,30584,32206,32595,3771,9023,8029,28372,15792,7166,6438,10705,933,4489,6407,3272,6833,22074,11869
0	616	22317	3333,31086,1130,18246,28696,30584,32206,32595,3771,9023,8029,28372,15792,7166,6438,10705,933,4489,6407,3272,6833,22074,11869
0	616	26707	3333,31086,1130,18246,28696,30584,32206,32595,3771,9023,8029,28372,15792,7166,6438,10705,933,4489,6407,3272,6833,22074,11869
1	616	7984	3333,31086,1130,18246,28696,30584,32206,32595,3771,9023,8029,28372,15792,7166,6438,10705,933,4489,6407,3272,6833,22074,11869
0	616	10601	3333,31086,1130,18246,28696,30584,32206,32595,3771,9023,8029,28372,15792,7166,6438,10705,933,4489,6407,3272,6833,22074,11869,7984
1	616	23749	3333,31086,1130,18246,28696,30584,32206,32595,3771,9023,8029,28372,15792,7166,6438,10705,933,4489,6407,3272,6833,22074,11869,7984
1	616	25146	3333,31086,1130,18246,28696,30584,32206,32595,3771,9023,8029,28372,15792,7166,6438,10705,933,4489,6407,3272,6833,22074,11869,7984,23749
1	616	8191	3333,31086,1130,18246,28696,30584,32206,32595,3771,9023,8029,28372,15792,7166,6438,10705,933,4489,6407,3272,6833,22074,11869,7984,23749,25146
1	616	16948	3333,31086,1130,18246,28696,30584,32206,32595,3771,9023,8029,28372,15792,7166,6438,10705,933,4489,6407,3272,6833,22074,11869,7984,23749,25146,8191
