1	1575	12535	0
1	1575	32412	12535
0	1575	30395	12535,32412
0	1575	32676	12535,32412
1	1575	1803	12535,32412
1	1575	18836	12535,32412,1803
0	1575	6775	12535,32412,1803,18836
0	1575	26883	12535,32412,1803,18836
0	1575	6914	12535,32412,1803,18836
1	1575	7300	12535,32412,1803,18836
1	1575	32478	12535,32412,1803,18836,7300
1	1575	3402	12535,32412,1803,18836,7300,32478
1	1575	8069	12535,32412,1803,18836,7300,32478,3402
1	1575	5688	12535,32412,1803,18836,7300,32478,3402,8069
1	1575	12161	12535,32412,1803,18836,7300,32478,3402,8069,5688
0	1575	11842	12535,32412,1803,18836,7300,32478,3402,8069,5688,12161
0	1575	10411	12535,32412,1803,18836,7300,32478,3402,8069,5688,12161
0	1575	6176	12535,32412,1803,18836,7300,32478,3402,8069,5688,12161
1	1575	16449	12535,32412,1803,18836,7300,32478,3402,8069,5688,12161
0	1575	9606	12535,32412,1803,18836,7300,32478,3402,8069,5688,12161,16449
1	1575	5683	12535,32412,1803,18836,7300,32478,3402,8069,5688,12161,16449
1	1575	13975	12535,32412,1803,18836,7300,32478,3402,8069,5688,12161,16449,5683
1	1575	19371	12535,32412,1803,18836,7300,32478,3402,8069,5688,12161,16449,5683,13975
1	1575	19638	12535,32412,1803,18836,7300,32478,3402,8069,5688,12161,16449,5683,13975,19371
0	1575	8317	12535,32412,1803,18836,7300,32478,3402,8069,5688,12161,16449,5683,13975,19371,19638
1	1575	27983	12535,32412,1803,18836,7300,32478,3402,8069,5688,12161,16449,5683,13975,19371,19638
1	1575	16885	12535,32412,1803,18836,7300,32478,3402,8069,5688,12161,16449,5683,13975,19371,19638,27983
0	1575	18208	12535,32412,1803,18836,7300,32478,3402,8069,5688,12161,16449,5683,13975,19371,19638,27983,16885
1	1575	16807	12535,32412,1803,18836,7300,32478,3402,8069,5688,12161,16449,5683,13975,19371,19638,27983,16885
1	1575	11020	12535,32412,1803,18836,7300,32478,3402,8069,5688,12161,16449,5683,13975,19371,19638,27983,16885,16807
1	1575	19993	12535,32412,1803,18836,7300,32478,3402,8069,5688,12161,16449,5683,13975,19371,19638,27983,16885,16807,11020
1	1575	23148	12535,32412,1803,18836,7300,32478,3402,8069,5688,12161,16449,5683,13975,19371,19638,27983,16885,16807,11020,19993
1	1575	9764	12535,32412,1803,18836,7300,32478,3402,8069,5688,12161,16449,5683,13975,19371,19638,27983,16885,16807,11020,19993,23148
0	1575	9882	12535,32412,1803,18836,7300,32478,3402,8069,5688,12161,16449,5683,13975,19371,19638,27983,16885,16807,11020,19993,23148,9764
1	1575	22713	12535,32412,1803,18836,7300,32478,3402,8069,5688,12161,16449,5683,13975,19371,19638,27983,16885,16807,11020,19993,23148,9764
1	1575	24725	12535,32412,1803,18836,7300,32478,3402,8069,5688,12161,16449,5683,13975,19371,19638,27983,16885,16807,11020,19993,23148,9764,22713
