0	100	3489	0
1	100	2209	0
0	100	5212	2209
0	100	7574	2209
1	100	5358	2209
0	100	8514	2209,5358
1	100	8724	2209,5358
1	100	9909	2209,5358,8724
1	100	11415	2209,5358,8724,9909
0	100	325	2209,5358,8724,9909,11415
1	100	11977	2209,5358,8724,9909,11415
1	100	12183	2209,5358,8724,9909,11415,11977
0	100	9462	2209,5358,8724,9909,11415,11977,12183
0	100	11351	2209,5358,8724,9909,11415,11977,12183
1	100	12768	2209,5358,8724,9909,11415,11977,12183
0	100	14345	2209,5358,8724,9909,11415,11977,12183,12768
1	100	12453	2209,5358,8724,9909,11415,11977,12183,12768
0	100	14311	2209,5358,8724,9909,11415,11977,12183,12768,12453
0	100	16023	2209,5358,8724,9909,11415,11977,12183,12768,12453
0	100	11979	2209,5358,8724,9909,11415,11977,12183,12768,12453
1	100	16213	2209,5358,8724,9909,11415,11977,12183,12768,12453
1	100	17042	2209,5358,8724,9909,11415,11977,12183,12768,12453,16213
1	100	20116	2209,5358,8724,9909,11415,11977,12183,12768,12453,16213,17042
0	100	20385	2209,5358,8724,9909,11415,11977,12183,12768,12453,16213,17042,20116
1	100	19571	2209,5358,8724,9909,11415,11977,12183,12768,12453,16213,17042,20116
1	100	20568	2209,5358,8724,9909,11415,11977,12183,12768,12453,16213,17042,20116,19571
0	100	19402	2209,5358,8724,9909,11415,11977,12183,12768,12453,16213,17042,20116,19571,20568
1	100	16881	2209,5358,8724,9909,11415,11977,12183,12768,12453,16213,17042,20116,19571,20568
1	100	16882	2209,5358,8724,9909,11415,11977,12183,12768,12453,16213,17042,20116,19571,20568,16881
0	100	20530	2209,5358,8724,9909,11415,11977,12183,12768,12453,16213,17042,20116,19571,20568,16881,16882
0	100	19733	2209,5358,8724,9909,11415,11977,12183,12768,12453,16213,17042,20116,19571,20568,16881,16882
0	100	22817	2209,5358,8724,9909,11415,11977,12183,12768,12453,16213,17042,20116,19571,20568,16881,16882
1	100	22494	2209,5358,8724,9909,11415,11977,12183,12768,12453,16213,17042,20116,19571,20568,16881,16882
1	100	20733	2209,5358,8724,9909,11415,11977,12183,12768,12453,16213,17042,20116,19571,20568,16881,16882,22494
0	100	23624	2209,5358,8724,9909,11415,11977,12183,12768,12453,16213,17042,20116,19571,20568,16881,16882,22494,20733
1	100	9484	2209,5358,8724,9909,11415,11977,12183,12768,12453,16213,17042,20116,19571,20568,16881,16882,22494,20733
0	100	12812	2209,5358,8724,9909,11415,11977,12183,12768,12453,16213,17042,20116,19571,20568,16881,16882,22494,20733,9484
1	100	27779	2209,5358,8724,9909,11415,11977,12183,12768,12453,16213,17042,20116,19571,20568,16881,16882,22494,20733,9484
0	100	27128	2209,5358,8724,9909,11415,11977,12183,12768,12453,16213,17042,20116,19571,20568,16881,16882,22494,20733,9484,27779
