0	568	2347	0
0	568	3760	0
0	568	15291	0
0	568	19527	0
1	568	20465	0
1	568	12161	20465
0	568	15353	20465,12161
0	568	17766	20465,12161
0	568	15826	20465,12161
1	568	8145	20465,12161
1	568	203	20465,12161,8145
1	568	21752	20465,12161,8145,203
0	568	830	20465,12161,8145,203,21752
1	568	6626	20465,12161,8145,203,21752
1	568	8369	20465,12161,8145,203,21752,6626
0	568	32800	20465,12161,8145,203,21752,6626,8369
0	568	14740	20465,12161,8145,203,21752,6626,8369
0	568	8831	20465,12161,8145,203,21752,6626,8369
1	568	3333	20465,12161,8145,203,21752,6626,8369
1	568	5123	20465,12161,8145,203,21752,6626,8369,3333
1	568	6175	20465,12161,8145,203,21752,6626,8369,3333,5123
1	568	19336	20465,12161,8145,203,21752,6626,8369,3333,5123,6175
0	568	460	20465,12161,8145,203,21752,6626,8369,3333,5123,6175,19336
1	568	31478	20465,12161,8145,203,21752,6626,8369,3333,5123,6175,19336
1	568	28360	20465,12161,8145,203,21752,6626,8369,3333,5123,6175,19336,31478
1	568	28657	20465,12161,8145,203,21752,6626,8369,3333,5123,6175,19336,31478,28360
1	568	30922	20465,12161,8145,203,21752,6626,8369,3333,5123,6175,19336,31478,28360,28657
1	568	30925	20465,12161,8145,203,21752,6626,8369,3333,5123,6175,19336,31478,28360,28657,30922
1	568	19606	20465,12161,8145,203,21752,6626,8369,3333,5123,6175,19336,31478,28360,28657,30922,30925
1	568	234	20465,12161,8145,203,21752,6626,8369,3333,5123,6175,19336,31478,28360,28657,30922,30925,19606
1	568	23450	20465,12161,8145,203,21752,6626,8369,3333,5123,6175,19336,31478,28360,28657,30922,30925,19606,234
1	568	15574	20465,12161,8145,203,21752,6626,8369,3333,5123,6175,19336,31478,28360,28657,30922,30925,19606,234,23450
0	568	23217	20465,12161,8145,203,21752,6626,8369,3333,5123,6175,19336,31478,28360,28657,30922,30925,19606,234,23450,15574
1	568	11869	20465,12161,8145,203,21752,6626,8369,3333,5123,6175,19336,31478,28360,28657,30922,30925,19606,234,23450,15574
1	568	23143	20465,12161,8145,203,21752,6626,8369,3333,5123,6175,19336,31478,28360,28657,30922,30925,19606,234,23450,15574,11869
1	568	23637	20465,12161,8145,203,21752,6626,8369,3333,5123,6175,19336,31478,28360,28657,30922,30925,19606,234,23450,15574,11869,23143
1	568	23778	20465,12161,8145,203,21752,6626,8369,3333,5123,6175,19336,31478,28360,28657,30922,30925,19606,234,23450,15574,11869,23143,23637
1	568	21830	20465,12161,8145,203,21752,6626,8369,3333,5123,6175,19336,31478,28360,28657,30922,30925,19606,234,23450,15574,11869,23143,23637,23778
0	568	525	20465,12161,8145,203,21752,6626,8369,3333,5123,6175,19336,31478,28360,28657,30922,30925,19606,234,23450,15574,11869,23143,23637,23778,21830
0	568	2809	20465,12161,8145,203,21752,6626,8369,3333,5123,6175,19336,31478,28360,28657,30922,30925,19606,234,23450,15574,11869,23143,23637,23778,21830
1	568	22561	20465,12161,8145,203,21752,6626,8369,3333,5123,6175,19336,31478,28360,28657,30922,30925,19606,234,23450,15574,11869,23143,23637,23778,21830
0	568	4436	20465,12161,8145,203,21752,6626,8369,3333,5123,6175,19336,31478,28360,28657,30922,30925,19606,234,23450,15574,11869,23143,23637,23778,21830,22561
1	568	25466	20465,12161,8145,203,21752,6626,8369,3333,5123,6175,19336,31478,28360,28657,30922,30925,19606,234,23450,15574,11869,23143,23637,23778,21830,22561
1	568	28028	20465,12161,8145,203,21752,6626,8369,3333,5123,6175,19336,31478,28360,28657,30922,30925,19606,234,23450,15574,11869,23143,23637,23778,21830,22561,25466
0	568	30854	20465,12161,8145,203,21752,6626,8369,3333,5123,6175,19336,31478,28360,28657,30922,30925,19606,234,23450,15574,11869,23143,23637,23778,21830,22561,25466,28028
1	568	7370	20465,12161,8145,203,21752,6626,8369,3333,5123,6175,19336,31478,28360,28657,30922,30925,19606,234,23450,15574,11869,23143,23637,23778,21830,22561,25466,28028
1	568	22713	20465,12161,8145,203,21752,6626,8369,3333,5123,6175,19336,31478,28360,28657,30922,30925,19606,234,23450,15574,11869,23143,23637,23778,21830,22561,25466,28028,7370
1	568	23462	20465,12161,8145,203,21752,6626,8369,3333,5123,6175,19336,31478,28360,28657,30922,30925,19606,234,23450,15574,11869,23143,23637,23778,21830,22561,25466,28028,7370,22713
1	568	17633	20465,12161,8145,203,21752,6626,8369,3333,5123,6175,19336,31478,28360,28657,30922,30925,19606,234,23450,15574,11869,23143,23637,23778,21830,22561,25466,28028,7370,22713,23462
1	568	29530	20465,12161,8145,203,21752,6626,8369,3333,5123,6175,19336,31478,28360,28657,30922,30925,19606,234,23450,15574,11869,23143,23637,23778,21830,22561,25466,28028,7370,22713,23462,17633
1	568	29463	20465,12161,8145,203,21752,6626,8369,3333,5123,6175,19336,31478,28360,28657,30922,30925,19606,234,23450,15574,11869,23143,23637,23778,21830,22561,25466,28028,7370,22713,23462,17633,29530
