0	901	32464	0
1	901	11736	0
0	901	13227	11736
0	901	11221	11736
1	901	14501	11736
1	901	19657	11736,14501
0	901	16022	11736,14501,19657
0	901	16946	11736,14501,19657
0	901	15974	11736,14501,19657
0	901	32427	11736,14501,19657
1	901	12106	11736,14501,19657
1	901	10862	11736,14501,19657,12106
1	901	10438	11736,14501,19657,12106,10862
0	901	22448	11736,14501,19657,12106,10862,10438
0	901	15769	11736,14501,19657,12106,10862,10438
0	901	1472	11736,14501,19657,12106,10862,10438
0	901	5270	11736,14501,19657,12106,10862,10438
1	901	32477	11736,14501,19657,12106,10862,10438
0	901	22217	11736,14501,19657,12106,10862,10438,32477
1	901	24731	11736,14501,19657,12106,10862,10438,32477
0	901	13789	11736,14501,19657,12106,10862,10438,32477,24731
1	901	20222	11736,14501,19657,12106,10862,10438,32477,24731
0	901	4811	11736,14501,19657,12106,10862,10438,32477,24731,20222
0	901	22168	11736,14501,19657,12106,10862,10438,32477,24731,20222
0	901	28999	11736,14501,19657,12106,10862,10438,32477,24731,20222
0	901	25250	11736,14501,19657,12106,10862,10438,32477,24731,20222
1	901	17459	11736,14501,19657,12106,10862,10438,32477,24731,20222
0	901	22651	11736,14501,19657,12106,10862,10438,32477,24731,20222,17459
1	901	21039	11736,14501,19657,12106,10862,10438,32477,24731,20222,17459
1	901	28246	11736,14501,19657,12106,10862,10438,32477,24731,20222,17459,21039
0	901	28748	11736,14501,19657,12106,10862,10438,32477,24731,20222,17459,21039,28246
0	901	4332	11736,14501,19657,12106,10862,10438,32477,24731,20222,17459,21039,28246,31478,12828,19528,11243,27597,718,29595,27176,25002,30342,30515
1	901	11028	11736,14501,19657,12106,10862,10438,32477,24731,20222,17459,21039,28246,31478,12828,19528,11243,27597,718,29595,27176,25002,30342,30515
1	901	30912	11736,14501,19657,12106,10862,10438,32477,24731,20222,17459,21039,28246,31478,12828,19528,11243,27597,718,29595,27176,25002,30342,30515,11028
