0	1133	32468	0
1	1133	5523	0
0	1133	4773	5523
0	1133	3131	5523
1	1133	4708	5523
1	1133	4450	5523,4708
1	1133	5591	5523,4708,4450
0	1133	6533	5523,4708,4450,5591
0	1133	5627	5523,4708,4450,5591
0	1133	5719	5523,4708,4450,5591
1	1133	7199	5523,4708,4450,5591
0	1133	8206	5523,4708,4450,5591,7199
1	1133	6889	5523,4708,4450,5591,7199
1	1133	8308	5523,4708,4450,5591,7199,6889
1	1133	8342	5523,4708,4450,5591,7199,6889,8308
0	1133	8957	5523,4708,4450,5591,7199,6889,8308,8342
0	1133	10083	5523,4708,4450,5591,7199,6889,8308,8342
0	1133	9912	5523,4708,4450,5591,7199,6889,8308,8342
1	1133	13221	5523,4708,4450,5591,7199,6889,8308,8342
0	1133	10178	5523,4708,4450,5591,7199,6889,8308,8342,13221
0	1133	13590	5523,4708,4450,5591,7199,6889,8308,8342,13221
0	1133	14367	5523,4708,4450,5591,7199,6889,8308,8342,13221
0	1133	13492	5523,4708,4450,5591,7199,6889,8308,8342,13221
0	1133	14308	5523,4708,4450,5591,7199,6889,8308,8342,13221
0	1133	14392	5523,4708,4450,5591,7199,6889,8308,8342,13221
0	1133	17282	5523,4708,4450,5591,7199,6889,8308,8342,13221
0	1133	15442	5523,4708,4450,5591,7199,6889,8308,8342,13221
1	1133	9946	5523,4708,4450,5591,7199,6889,8308,8342,13221
1	1133	13652	5523,4708,4450,5591,7199,6889,8308,8342,13221,9946
0	1133	20105	5523,4708,4450,5591,7199,6889,8308,8342,13221,9946,13652
1	1133	19804	5523,4708,4450,5591,7199,6889,8308,8342,13221,9946,13652
0	1133	22355	5523,4708,4450,5591,7199,6889,8308,8342,13221,9946,13652,19804
1	1133	24089	5523,4708,4450,5591,7199,6889,8308,8342,13221,9946,13652,19804
0	1133	23483	5523,4708,4450,5591,7199,6889,8308,8342,13221,9946,13652,19804,24089
0	1133	24771	5523,4708,4450,5591,7199,6889,8308,8342,13221,9946,13652,19804,24089
0	1133	20860	5523,4708,4450,5591,7199,6889,8308,8342,13221,9946,13652,19804,24089
0	1133	23337	5523,4708,4450,5591,7199,6889,8308,8342,13221,9946,13652,19804,24089
0	1133	8246	5523,4708,4450,5591,7199,6889,8308,8342,13221,9946,13652,19804,24089
0	1133	9394	5523,4708,4450,5591,7199,6889,8308,8342,13221,9946,13652,19804,24089
1	1133	10601	5523,4708,4450,5591,7199,6889,8308,8342,13221,9946,13652,19804,24089
0	1133	26063	5523,4708,4450,5591,7199,6889,8308,8342,13221,9946,13652,19804,24089,10601
0	1133	26515	5523,4708,4450,5591,7199,6889,8308,8342,13221,9946,13652,19804,24089,10601
1	1133	23768	5523,4708,4450,5591,7199,6889,8308,8342,13221,9946,13652,19804,24089,10601
1	1133	27113	5523,4708,4450,5591,7199,6889,8308,8342,13221,9946,13652,19804,24089,10601,23768
1	1133	15419	5523,4708,4450,5591,7199,6889,8308,8342,13221,9946,13652,19804,24089,10601,23768,27113
0	1133	24048	5523,4708,4450,5591,7199,6889,8308,8342,13221,9946,13652,19804,24089,10601,23768,27113,15419
1	1133	24097	5523,4708,4450,5591,7199,6889,8308,8342,13221,9946,13652,19804,24089,10601,23768,27113,15419
1	1133	27936	5523,4708,4450,5591,7199,6889,8308,8342,13221,9946,13652,19804,24089,10601,23768,27113,15419,24097
1	1133	28924	5523,4708,4450,5591,7199,6889,8308,8342,13221,9946,13652,19804,24089,10601,23768,27113,15419,24097,27936
