0	1371	16693	0
1	1371	28441	0
0	1371	1283	28441
0	1371	31835	28441
1	1371	4499	28441
1	1371	14913	28441,4499
0	1371	30980	28441,4499,14913
0	1371	9817	28441,4499,14913
0	1371	4292	28441,4499,14913
0	1371	4479	28441,4499,14913
1	1371	11119	28441,4499,14913
0	1371	15805	28441,4499,14913,11119
1	1371	12569	28441,4499,14913,11119
0	1371	13299	28441,4499,14913,11119,12569
0	1371	19262	28441,4499,14913,11119,12569
1	1371	10968	28441,4499,14913,11119,12569
0	1371	13475	28441,4499,14913,11119,12569,10968
1	1371	16276	28441,4499,14913,11119,12569,10968
1	1371	16743	28441,4499,14913,11119,12569,10968,16276
0	1371	6347	28441,4499,14913,11119,12569,10968,16276,16743
1	1371	5841	28441,4499,14913,11119,12569,10968,16276,16743
1	1371	14151	28441,4499,14913,11119,12569,10968,16276,16743,5841
1	1371	20870	28441,4499,14913,11119,12569,10968,16276,16743,5841,14151
0	1371	13759	28441,4499,14913,11119,12569,10968,16276,16743,5841,14151,20870
0	1371	9852	28441,4499,14913,11119,12569,10968,16276,16743,5841,14151,20870
0	1371	16181	28441,4499,14913,11119,12569,10968,16276,16743,5841,14151,20870
0	1371	22699	28441,4499,14913,11119,12569,10968,16276,16743,5841,14151,20870
1	1371	22724	28441,4499,14913,11119,12569,10968,16276,16743,5841,14151,20870
1	1371	22940	28441,4499,14913,11119,12569,10968,16276,16743,5841,14151,20870,22724
0	1371	19723	28441,4499,14913,11119,12569,10968,16276,16743,5841,14151,20870,22724,22940
0	1371	1207	28441,4499,14913,11119,12569,10968,16276,16743,5841,14151,20870,22724,22940
1	1371	23880	28441,4499,14913,11119,12569,10968,16276,16743,5841,14151,20870,22724,22940
0	1371	7493	28441,4499,14913,11119,12569,10968,16276,16743,5841,14151,20870,22724,22940,23880
0	1371	14985	28441,4499,14913,11119,12569,10968,16276,16743,5841,14151,20870,22724,22940,23880
1	1371	17442	28441,4499,14913,11119,12569,10968,16276,16743,5841,14151,20870,22724,22940,23880
1	1371	12934	28441,4499,14913,11119,12569,10968,16276,16743,5841,14151,20870,22724,22940,23880,17442
1	1371	25690	28441,4499,14913,11119,12569,10968,16276,16743,5841,14151,20870,22724,22940,23880,17442,12934
