0	956	9356	0
1	956	8510	0
0	956	6960	8510
0	956	9148	8510
0	956	9586	8510
1	956	10273	8510
0	956	12082	8510,10273
1	956	11978	8510,10273
1	956	14093	8510,10273,11978
1	956	13666	8510,10273,11978,14093
1	956	17168	8510,10273,11978,14093,13666
1	956	12490	8510,10273,11978,14093,13666,17168
0	956	17209	8510,10273,11978,14093,13666,17168,12490
1	956	17749	8510,10273,11978,14093,13666,17168,12490
1	956	19583	8510,10273,11978,14093,13666,17168,12490,17749
1	956	1511	8510,10273,11978,14093,13666,17168,12490,17749,19583
0	956	19805	8510,10273,11978,14093,13666,17168,12490,17749,19583,1511
0	956	20105	8510,10273,11978,14093,13666,17168,12490,17749,19583,1511
0	956	19642	8510,10273,11978,14093,13666,17168,12490,17749,19583,1511
0	956	20053	8510,10273,11978,14093,13666,17168,12490,17749,19583,1511
1	956	19569	8510,10273,11978,14093,13666,17168,12490,17749,19583,1511
0	956	21063	8510,10273,11978,14093,13666,17168,12490,17749,19583,1511,19569
1	956	21525	8510,10273,11978,14093,13666,17168,12490,17749,19583,1511,19569
0	956	11115	8510,10273,11978,14093,13666,17168,12490,17749,19583,1511,19569,21525
1	956	12880	8510,10273,11978,14093,13666,17168,12490,17749,19583,1511,19569,21525
1	956	21441	8510,10273,11978,14093,13666,17168,12490,17749,19583,1511,19569,21525,12880
1	956	21611	8510,10273,11978,14093,13666,17168,12490,17749,19583,1511,19569,21525,12880,21441
1	956	32885	8510,10273,11978,14093,13666,17168,12490,17749,19583,1511,19569,21525,12880,21441,21611
1	956	4320	8510,10273,11978,14093,13666,17168,12490,17749,19583,1511,19569,21525,12880,21441,21611,32885
0	956	13006	8510,10273,11978,14093,13666,17168,12490,17749,19583,1511,19569,21525,12880,21441,21611,32885,4320
0	956	7518	8510,10273,11978,14093,13666,17168,12490,17749,19583,1511,19569,21525,12880,21441,21611,32885,4320
1	956	21765	8510,10273,11978,14093,13666,17168,12490,17749,19583,1511,19569,21525,12880,21441,21611,32885,4320
0	956	4430	8510,10273,11978,14093,13666,17168,12490,17749,19583,1511,19569,21525,12880,21441,21611,32885,4320,21765
0	956	19030	8510,10273,11978,14093,13666,17168,12490,17749,19583,1511,19569,21525,12880,21441,21611,32885,4320,21765
0	956	22870	8510,10273,11978,14093,13666,17168,12490,17749,19583,1511,19569,21525,12880,21441,21611,32885,4320,21765
0	956	23822	8510,10273,11978,14093,13666,17168,12490,17749,19583,1511,19569,21525,12880,21441,21611,32885,4320,21765
1	956	5469	8510,10273,11978,14093,13666,17168,12490,17749,19583,1511,19569,21525,12880,21441,21611,32885,4320,21765
1	956	3998	8510,10273,11978,14093,13666,17168,12490,17749,19583,1511,19569,21525,12880,21441,21611,32885,4320,21765,5469
0	956	24731	8510,10273,11978,14093,13666,17168,12490,17749,19583,1511,19569,21525,12880,21441,21611,32885,4320,21765,5469,3998
0	956	21864	8510,10273,11978,14093,13666,17168,12490,17749,19583,1511,19569,21525,12880,21441,21611,32885,4320,21765,5469,3998
1	956	22111	8510,10273,11978,14093,13666,17168,12490,17749,19583,1511,19569,21525,12880,21441,21611,32885,4320,21765,5469,3998
0	956	23768	8510,10273,11978,14093,13666,17168,12490,17749,19583,1511,19569,21525,12880,21441,21611,32885,4320,21765,5469,3998,22111
1	956	24190	8510,10273,11978,14093,13666,17168,12490,17749,19583,1511,19569,21525,12880,21441,21611,32885,4320,21765,5469,3998,22111
1	956	23322	8510,10273,11978,14093,13666,17168,12490,17749,19583,1511,19569,21525,12880,21441,21611,32885,4320,21765,5469,3998,22111,24190
1	956	26111	8510,10273,11978,14093,13666,17168,12490,17749,19583,1511,19569,21525,12880,21441,21611,32885,4320,21765,5469,3998,22111,24190,23322
1	956	25705	8510,10273,11978,14093,13666,17168,12490,17749,19583,1511,19569,21525,12880,21441,21611,32885,4320,21765,5469,3998,22111,24190,23322,26111
1	956	23669	8510,10273,11978,14093,13666,17168,12490,17749,19583,1511,19569,21525,12880,21441,21611,32885,4320,21765,5469,3998,22111,24190,23322,26111,25705
0	956	26196	8510,10273,11978,14093,13666,17168,12490,17749,19583,1511,19569,21525,12880,21441,21611,32885,4320,21765,5469,3998,22111,24190,23322,26111,25705,23669
1	956	837	8510,10273,11978,14093,13666,17168,12490,17749,19583,1511,19569,21525,12880,21441,21611,32885,4320,21765,5469,3998,22111,24190,23322,26111,25705,23669
0	956	25846	8510,10273,11978,14093,13666,17168,12490,17749,19583,1511,19569,21525,12880,21441,21611,32885,4320,21765,5469,3998,22111,24190,23322,26111,25705,23669,837
0	956	26445	8510,10273,11978,14093,13666,17168,12490,17749,19583,1511,19569,21525,12880,21441,21611,32885,4320,21765,5469,3998,22111,24190,23322,26111,25705,23669,837
1	956	26775	8510,10273,11978,14093,13666,17168,12490,17749,19583,1511,19569,21525,12880,21441,21611,32885,4320,21765,5469,3998,22111,24190,23322,26111,25705,23669,837
1	956	27295	8510,10273,11978,14093,13666,17168,12490,17749,19583,1511,19569,21525,12880,21441,21611,32885,4320,21765,5469,3998,22111,24190,23322,26111,25705,23669,837,26775
0	956	28066	8510,10273,11978,14093,13666,17168,12490,17749,19583,1511,19569,21525,12880,21441,21611,32885,4320,21765,5469,3998,22111,24190,23322,26111,25705,23669,837,26775,27295
0	956	26959	8510,10273,11978,14093,13666,17168,12490,17749,19583,1511,19569,21525,12880,21441,21611,32885,4320,21765,5469,3998,22111,24190,23322,26111,25705,23669,837,26775,27295
1	956	27605	8510,10273,11978,14093,13666,17168,12490,17749,19583,1511,19569,21525,12880,21441,21611,32885,4320,21765,5469,3998,22111,24190,23322,26111,25705,23669,837,26775,27295
0	956	27906	8510,10273,11978,14093,13666,17168,12490,17749,19583,1511,19569,21525,12880,21441,21611,32885,4320,21765,5469,3998,22111,24190,23322,26111,25705,23669,837,26775,27295,27605
0	956	6258	8510,10273,11978,14093,13666,17168,12490,17749,19583,1511,19569,21525,12880,21441,21611,32885,4320,21765,5469,3998,22111,24190,23322,26111,25705,23669,837,26775,27295,27605
1	956	28649	8510,10273,11978,14093,13666,17168,12490,17749,19583,1511,19569,21525,12880,21441,21611,32885,4320,21765,5469,3998,22111,24190,23322,26111,25705,23669,837,26775,27295,27605
1	956	28892	8510,10273,11978,14093,13666,17168,12490,17749,19583,1511,19569,21525,12880,21441,21611,32885,4320,21765,5469,3998,22111,24190,23322,26111,25705,23669,837,26775,27295,27605,28649
