0	1207	4974	0
0	1207	9042	0
0	1207	3361	0
0	1207	3300	0
1	1207	5850	0
0	1207	32174	5850
0	1207	5358	5850
1	1207	5462	5850
0	1207	5548	5850,5462
1	1207	9015	5850,5462
1	1207	12148	5850,5462,9015
1	1207	1553	5850,5462,9015,12148
0	1207	8629	5850,5462,9015,12148,1553
0	1207	22713	5850,5462,9015,12148,1553
1	1207	10315	5850,5462,9015,12148,1553
0	1207	15035	5850,5462,9015,12148,1553,10315
0	1207	3810	5850,5462,9015,12148,1553,10315
1	1207	32822	5850,5462,9015,12148,1553,10315
1	1207	421	5850,5462,9015,12148,1553,10315,32822
1	1207	3349	5850,5462,9015,12148,1553,10315,32822,421
1	1207	5061	5850,5462,9015,12148,1553,10315,32822,421,3349
0	1207	7783	5850,5462,9015,12148,1553,10315,32822,421,3349,5061
1	1207	8355	5850,5462,9015,12148,1553,10315,32822,421,3349,5061
0	1207	8762	5850,5462,9015,12148,1553,10315,32822,421,3349,5061,8355
0	1207	10705	5850,5462,9015,12148,1553,10315,32822,421,3349,5061,8355
1	1207	15843	5850,5462,9015,12148,1553,10315,32822,421,3349,5061,8355
1	1207	16025	5850,5462,9015,12148,1553,10315,32822,421,3349,5061,8355,15843
0	1207	16790	5850,5462,9015,12148,1553,10315,32822,421,3349,5061,8355,15843,16025
1	1207	17563	5850,5462,9015,12148,1553,10315,32822,421,3349,5061,8355,15843,16025
1	1207	22467	5850,5462,9015,12148,1553,10315,32822,421,3349,5061,8355,15843,16025,17563
0	1207	23848	5850,5462,9015,12148,1553,10315,32822,421,3349,5061,8355,15843,16025,17563,22467
1	1207	24815	5850,5462,9015,12148,1553,10315,32822,421,3349,5061,8355,15843,16025,17563,22467
1	1207	2607	5850,5462,9015,12148,1553,10315,32822,421,3349,5061,8355,15843,16025,17563,22467,24815
1	1207	20617	5850,5462,9015,12148,1553,10315,32822,421,3349,5061,8355,15843,16025,17563,22467,24815,2607
0	1207	24407	5850,5462,9015,12148,1553,10315,32822,421,3349,5061,8355,15843,16025,17563,22467,24815,2607,20617
0	1207	26456	5850,5462,9015,12148,1553,10315,32822,421,3349,5061,8355,15843,16025,17563,22467,24815,2607,20617
1	1207	8191	5850,5462,9015,12148,1553,10315,32822,421,3349,5061,8355,15843,16025,17563,22467,24815,2607,20617
1	1207	10437	5850,5462,9015,12148,1553,10315,32822,421,3349,5061,8355,15843,16025,17563,22467,24815,2607,20617,8191
1	1207	24679	5850,5462,9015,12148,1553,10315,32822,421,3349,5061,8355,15843,16025,17563,22467,24815,2607,20617,8191,10437
