1	150	2218	0
0	150	12432	2218
0	150	14828	2218
1	150	13671	2218
0	150	13399	2218,13671
1	150	12525	2218,13671
0	150	13960	2218,13671,12525
1	150	9705	2218,13671,12525
0	150	14864	2218,13671,12525,9705
0	150	15926	2218,13671,12525,9705
1	150	18821	2218,13671,12525,9705
1	150	15230	2218,13671,12525,9705,18821
1	150	17688	2218,13671,12525,9705,18821,15230
0	150	20591	2218,13671,12525,9705,18821,15230,17688
1	150	19612	2218,13671,12525,9705,18821,15230,17688
1	150	12451	2218,13671,12525,9705,18821,15230,17688,19612
0	150	22488	2218,13671,12525,9705,18821,15230,17688,19612,12451
1	150	22748	2218,13671,12525,9705,18821,15230,17688,19612,12451
0	150	23804	2218,13671,12525,9705,18821,15230,17688,19612,12451,22748
0	150	24181	2218,13671,12525,9705,18821,15230,17688,19612,12451,22748
0	150	19238	2218,13671,12525,9705,18821,15230,17688,19612,12451,22748
1	150	25556	2218,13671,12525,9705,18821,15230,17688,19612,12451,22748
1	150	24843	2218,13671,12525,9705,18821,15230,17688,19612,12451,22748,25556
0	150	23153	2218,13671,12525,9705,18821,15230,17688,19612,12451,22748,25556,24843
0	150	22058	2218,13671,12525,9705,18821,15230,17688,19612,12451,22748,25556,24843
0	150	25224	2218,13671,12525,9705,18821,15230,17688,19612,12451,22748,25556,24843
0	150	20954	2218,13671,12525,9705,18821,15230,17688,19612,12451,22748,25556,24843
1	150	23760	2218,13671,12525,9705,18821,15230,17688,19612,12451,22748,25556,24843
0	150	23129	2218,13671,12525,9705,18821,15230,17688,19612,12451,22748,25556,24843,23760
0	150	24389	2218,13671,12525,9705,18821,15230,17688,19612,12451,22748,25556,24843,23760
1	150	24647	2218,13671,12525,9705,18821,15230,17688,19612,12451,22748,25556,24843,23760
0	150	26000	2218,13671,12525,9705,18821,15230,17688,19612,12451,22748,25556,24843,23760,24647
1	150	24785	2218,13671,12525,9705,18821,15230,17688,19612,12451,22748,25556,24843,23760,24647
1	150	23389	2218,13671,12525,9705,18821,15230,17688,19612,12451,22748,25556,24843,23760,24647,24785
1	150	24789	2218,13671,12525,9705,18821,15230,17688,19612,12451,22748,25556,24843,23760,24647,24785,23389
0	150	25114	2218,13671,12525,9705,18821,15230,17688,19612,12451,22748,25556,24843,23760,24647,24785,23389,24789
1	150	23768	2218,13671,12525,9705,18821,15230,17688,19612,12451,22748,25556,24843,23760,24647,24785,23389,24789
0	150	25838	2218,13671,12525,9705,18821,15230,17688,19612,12451,22748,25556,24843,23760,24647,24785,23389,24789,23768
0	150	16807	2218,13671,12525,9705,18821,15230,17688,19612,12451,22748,25556,24843,23760,24647,24785,23389,24789,23768
0	150	27054	2218,13671,12525,9705,18821,15230,17688,19612,12451,22748,25556,24843,23760,24647,24785,23389,24789,23768
1	150	24048	2218,13671,12525,9705,18821,15230,17688,19612,12451,22748,25556,24843,23760,24647,24785,23389,24789,23768
0	150	27370	2218,13671,12525,9705,18821,15230,17688,19612,12451,22748,25556,24843,23760,24647,24785,23389,24789,23768,24048
1	150	27955	2218,13671,12525,9705,18821,15230,17688,19612,12451,22748,25556,24843,23760,24647,24785,23389,24789,23768,24048
0	150	24788	2218,13671,12525,9705,18821,15230,17688,19612,12451,22748,25556,24843,23760,24647,24785,23389,24789,23768,24048,27955
0	150	28161	2218,13671,12525,9705,18821,15230,17688,19612,12451,22748,25556,24843,23760,24647,24785,23389,24789,23768,24048,27955
1	150	28208	2218,13671,12525,9705,18821,15230,17688,19612,12451,22748,25556,24843,23760,24647,24785,23389,24789,23768,24048,27955
1	150	10601	2218,13671,12525,9705,18821,15230,17688,19612,12451,22748,25556,24843,23760,24647,24785,23389,24789,23768,24048,27955,28208
0	150	27533	2218,13671,12525,9705,18821,15230,17688,19612,12451,22748,25556,24843,23760,24647,24785,23389,24789,23768,24048,27955,28208,10601
1	150	28004	2218,13671,12525,9705,18821,15230,17688,19612,12451,22748,25556,24843,23760,24647,24785,23389,24789,23768,24048,27955,28208,10601
1	150	29210	2218,13671,12525,9705,18821,15230,17688,19612,12451,22748,25556,24843,23760,24647,24785,23389,24789,23768,24048,27955,28208,10601,28004
1	150	28905	2218,13671,12525,9705,18821,15230,17688,19612,12451,22748,25556,24843,23760,24647,24785,23389,24789,23768,24048,27955,28208,10601,28004,29210
