1	787	21461	0
1	787	1719	21461
1	787	3974	21461,1719
1	787	4142	21461,1719,3974
1	787	6331	21461,1719,3974,4142
1	787	9349	21461,1719,3974,4142,6331
1	787	13838	21461,1719,3974,4142,6331,9349
0	787	6026	21461,1719,3974,4142,6331,9349,13838
1	787	10665	21461,1719,3974,4142,6331,9349,13838
1	787	1582	21461,1719,3974,4142,6331,9349,13838,10665
1	787	5471	21461,1719,3974,4142,6331,9349,13838,10665,1582
1	787	8806	21461,1719,3974,4142,6331,9349,13838,10665,1582,5471
1	787	11866	21461,1719,3974,4142,6331,9349,13838,10665,1582,5471,8806
1	787	13185	21461,1719,3974,4142,6331,9349,13838,10665,1582,5471,8806,11866
1	787	14244	21461,1719,3974,4142,6331,9349,13838,10665,1582,5471,8806,11866,13185
1	787	15574	21461,1719,3974,4142,6331,9349,13838,10665,1582,5471,8806,11866,13185,14244
1	787	17166	21461,1719,3974,4142,6331,9349,13838,10665,1582,5471,8806,11866,13185,14244,15574
0	787	18951	21461,1719,3974,4142,6331,9349,13838,10665,1582,5471,8806,11866,13185,14244,15574,17166
1	787	19230	21461,1719,3974,4142,6331,9349,13838,10665,1582,5471,8806,11866,13185,14244,15574,17166
1	787	25208	21461,1719,3974,4142,6331,9349,13838,10665,1582,5471,8806,11866,13185,14244,15574,17166,19230
1	787	18315	21461,1719,3974,4142,6331,9349,13838,10665,1582,5471,8806,11866,13185,14244,15574,17166,19230,25208
0	787	4543	21461,1719,3974,4142,6331,9349,13838,10665,1582,5471,8806,11866,13185,14244,15574,17166,19230,25208,18315
0	787	9900	21461,1719,3974,4142,6331,9349,13838,10665,1582,5471,8806,11866,13185,14244,15574,17166,19230,25208,18315
1	787	14078	21461,1719,3974,4142,6331,9349,13838,10665,1582,5471,8806,11866,13185,14244,15574,17166,19230,25208,18315
0	787	20964	21461,1719,3974,4142,6331,9349,13838,10665,1582,5471,8806,11866,13185,14244,15574,17166,19230,25208,18315,14078
1	787	22627	21461,1719,3974,4142,6331,9349,13838,10665,1582,5471,8806,11866,13185,14244,15574,17166,19230,25208,18315,14078
0	787	24354	21461,1719,3974,4142,6331,9349,13838,10665,1582,5471,8806,11866,13185,14244,15574,17166,19230,25208,18315,14078,22627
1	787	24396	21461,1719,3974,4142,6331,9349,13838,10665,1582,5471,8806,11866,13185,14244,15574,17166,19230,25208,18315,14078,22627
0	787	26105	21461,1719,3974,4142,6331,9349,13838,10665,1582,5471,8806,11866,13185,14244,15574,17166,19230,25208,18315,14078,22627,24396
1	787	26122	21461,1719,3974,4142,6331,9349,13838,10665,1582,5471,8806,11866,13185,14244,15574,17166,19230,25208,18315,14078,22627,24396
1	787	23437	21461,1719,3974,4142,6331,9349,13838,10665,1582,5471,8806,11866,13185,14244,15574,17166,19230,25208,18315,14078,22627,24396,26122
1	787	4650	21461,1719,3974,4142,6331,9349,13838,10665,1582,5471,8806,11866,13185,14244,15574,17166,19230,25208,18315,14078,22627,24396,26122,23437
0	787	6080	21461,1719,3974,4142,6331,9349,13838,10665,1582,5471,8806,11866,13185,14244,15574,17166,19230,25208,18315,14078,22627,24396,26122,23437,4650
0	787	7586	21461,1719,3974,4142,6331,9349,13838,10665,1582,5471,8806,11866,13185,14244,15574,17166,19230,25208,18315,14078,22627,24396,26122,23437,4650
1	787	2511	21461,1719,3974,4142,6331,9349,13838,10665,1582,5471,8806,11866,13185,14244,15574,17166,19230,25208,18315,14078,22627,24396,26122,23437,4650
1	787	2554	21461,1719,3974,4142,6331,9349,13838,10665,1582,5471,8806,11866,13185,14244,15574,17166,19230,25208,18315,14078,22627,24396,26122,23437,4650,2511
1	787	21903	21461,1719,3974,4142,6331,9349,13838,10665,1582,5471,8806,11866,13185,14244,15574,17166,19230,25208,18315,14078,22627,24396,26122,23437,4650,2511,2554
1	787	4319	21461,1719,3974,4142,6331,9349,13838,10665,1582,5471,8806,11866,13185,14244,15574,17166,19230,25208,18315,14078,22627,24396,26122,23437,4650,2511,2554,21903
1	787	10877	21461,1719,3974,4142,6331,9349,13838,10665,1582,5471,8806,11866,13185,14244,15574,17166,19230,25208,18315,14078,22627,24396,26122,23437,4650,2511,2554,21903,4319
1	787	11387	21461,1719,3974,4142,6331,9349,13838,10665,1582,5471,8806,11866,13185,14244,15574,17166,19230,25208,18315,14078,22627,24396,26122,23437,4650,2511,2554,21903,4319,10877
1	787	17994	21461,1719,3974,4142,6331,9349,13838,10665,1582,5471,8806,11866,13185,14244,15574,17166,19230,25208,18315,14078,22627,24396,26122,23437,4650,2511,2554,21903,4319,10877,11387
1	787	24999	21461,1719,3974,4142,6331,9349,13838,10665,1582,5471,8806,11866,13185,14244,15574,17166,19230,25208,18315,14078,22627,24396,26122,23437,4650,2511,2554,21903,4319,10877,11387,17994
1	787	26744	21461,1719,3974,4142,6331,9349,13838,10665,1582,5471,8806,11866,13185,14244,15574,17166,19230,25208,18315,14078,22627,24396,26122,23437,4650,2511,2554,21903,4319,10877,11387,17994,24999
1	787	30121	21461,1719,3974,4142,6331,9349,13838,10665,1582,5471,8806,11866,13185,14244,15574,17166,19230,25208,18315,14078,22627,24396,26122,23437,4650,2511,2554,21903,4319,10877,11387,17994,24999,26744
0	787	24449	21461,1719,3974,4142,6331,9349,13838,10665,1582,5471,8806,11866,13185,14244,15574,17166,19230,25208,18315,14078,22627,24396,26122,23437,4650,2511,2554,21903,4319,10877,11387,17994,24999,26744,30121
1	787	28930	21461,1719,3974,4142,6331,9349,13838,10665,1582,5471,8806,11866,13185,14244,15574,17166,19230,25208,18315,14078,22627,24396,26122,23437,4650,2511,2554,21903,4319,10877,11387,17994,24999,26744,30121
1	787	29114	21461,1719,3974,4142,6331,9349,13838,10665,1582,5471,8806,11866,13185,14244,15574,17166,19230,25208,18315,14078,22627,24396,26122,23437,4650,2511,2554,21903,4319,10877,11387,17994,24999,26744,30121,28930
0	787	24439	21461,1719,3974,4142,6331,9349,13838,10665,1582,5471,8806,11866,13185,14244,15574,17166,19230,25208,18315,14078,22627,24396,26122,23437,4650,2511,2554,21903,4319,10877,11387,17994,24999,26744,30121,28930,29114
1	787	13238	21461,1719,3974,4142,6331,9349,13838,10665,1582,5471,8806,11866,13185,14244,15574,17166,19230,25208,18315,14078,22627,24396,26122,23437,4650,2511,2554,21903,4319,10877,11387,17994,24999,26744,30121,28930,29114
1	787	28872	21461,1719,3974,4142,6331,9349,13838,10665,1582,5471,8806,11866,13185,14244,15574,17166,19230,25208,18315,14078,22627,24396,26122,23437,4650,2511,2554,21903,4319,10877,11387,17994,24999,26744,30121,28930,29114,13238
