1	770	2280	0
1	770	3285	2280
1	770	6054	2280,3285
1	770	6556	2280,3285,6054
1	770	6581	2280,3285,6054,6556
1	770	7069	2280,3285,6054,6556,6581
1	770	16215	2280,3285,6054,6556,6581,7069
1	770	20924	2280,3285,6054,6556,6581,7069,16215
1	770	31785	2280,3285,6054,6556,6581,7069,16215,20924
1	770	400	2280,3285,6054,6556,6581,7069,16215,20924,31785
1	770	422	2280,3285,6054,6556,6581,7069,16215,20924,31785,400
1	770	1404	2280,3285,6054,6556,6581,7069,16215,20924,31785,400,422
1	770	1505	2280,3285,6054,6556,6581,7069,16215,20924,31785,400,422,1404
1	770	1558	2280,3285,6054,6556,6581,7069,16215,20924,31785,400,422,1404,1505
1	770	3649	2280,3285,6054,6556,6581,7069,16215,20924,31785,400,422,1404,1505,1558
1	770	4059	2280,3285,6054,6556,6581,7069,16215,20924,31785,400,422,1404,1505,1558,3649
1	770	4319	2280,3285,6054,6556,6581,7069,16215,20924,31785,400,422,1404,1505,1558,3649,4059
1	770	5668	2280,3285,6054,6556,6581,7069,16215,20924,31785,400,422,1404,1505,1558,3649,4059,4319
1	770	6007	2280,3285,6054,6556,6581,7069,16215,20924,31785,400,422,1404,1505,1558,3649,4059,4319,5668
1	770	6419	2280,3285,6054,6556,6581,7069,16215,20924,31785,400,422,1404,1505,1558,3649,4059,4319,5668,6007
1	770	6889	2280,3285,6054,6556,6581,7069,16215,20924,31785,400,422,1404,1505,1558,3649,4059,4319,5668,6007,6419
1	770	7175	2280,3285,6054,6556,6581,7069,16215,20924,31785,400,422,1404,1505,1558,3649,4059,4319,5668,6007,6419,6889
1	770	8370	2280,3285,6054,6556,6581,7069,16215,20924,31785,400,422,1404,1505,1558,3649,4059,4319,5668,6007,6419,6889,7175
1	770	8563	2280,3285,6054,6556,6581,7069,16215,20924,31785,400,422,1404,1505,1558,3649,4059,4319,5668,6007,6419,6889,7175,8370
1	770	9085	2280,3285,6054,6556,6581,7069,16215,20924,31785,400,422,1404,1505,1558,3649,4059,4319,5668,6007,6419,6889,7175,8370,8563
1	770	10451	2280,3285,6054,6556,6581,7069,16215,20924,31785,400,422,1404,1505,1558,3649,4059,4319,5668,6007,6419,6889,7175,8370,8563,9085
0	770	10542	2280,3285,6054,6556,6581,7069,16215,20924,31785,400,422,1404,1505,1558,3649,4059,4319,5668,6007,6419,6889,7175,8370,8563,9085,10451
1	770	11745	2280,3285,6054,6556,6581,7069,16215,20924,31785,400,422,1404,1505,1558,3649,4059,4319,5668,6007,6419,6889,7175,8370,8563,9085,10451
1	770	11869	2280,3285,6054,6556,6581,7069,16215,20924,31785,400,422,1404,1505,1558,3649,4059,4319,5668,6007,6419,6889,7175,8370,8563,9085,10451,11745
1	770	11987	2280,3285,6054,6556,6581,7069,16215,20924,31785,400,422,1404,1505,1558,3649,4059,4319,5668,6007,6419,6889,7175,8370,8563,9085,10451,11745,11869
1	770	12071	2280,3285,6054,6556,6581,7069,16215,20924,31785,400,422,1404,1505,1558,3649,4059,4319,5668,6007,6419,6889,7175,8370,8563,9085,10451,11745,11869,11987
1	770	12730	2280,3285,6054,6556,6581,7069,16215,20924,31785,400,422,1404,1505,1558,3649,4059,4319,5668,6007,6419,6889,7175,8370,8563,9085,10451,11745,11869,11987,12071
1	770	12934	2280,3285,6054,6556,6581,7069,16215,20924,31785,400,422,1404,1505,1558,3649,4059,4319,5668,6007,6419,6889,7175,8370,8563,9085,10451,11745,11869,11987,12071,12730
0	770	12947	2280,3285,6054,6556,6581,7069,16215,20924,31785,400,422,1404,1505,1558,3649,4059,4319,5668,6007,6419,6889,7175,8370,8563,9085,10451,11745,11869,11987,12071,12730,12934
1	770	13133	2280,3285,6054,6556,6581,7069,16215,20924,31785,400,422,1404,1505,1558,3649,4059,4319,5668,6007,6419,6889,7175,8370,8563,9085,10451,11745,11869,11987,12071,12730,12934
1	770	13526	2280,3285,6054,6556,6581,7069,16215,20924,31785,400,422,1404,1505,1558,3649,4059,4319,5668,6007,6419,6889,7175,8370,8563,9085,10451,11745,11869,11987,12071,12730,12934,13133
1	770	14151	2280,3285,6054,6556,6581,7069,16215,20924,31785,400,422,1404,1505,1558,3649,4059,4319,5668,6007,6419,6889,7175,8370,8563,9085,10451,11745,11869,11987,12071,12730,12934,13133,13526
1	770	14815	2280,3285,6054,6556,6581,7069,16215,20924,31785,400,422,1404,1505,1558,3649,4059,4319,5668,6007,6419,6889,7175,8370,8563,9085,10451,11745,11869,11987,12071,12730,12934,13133,13526,14151
1	770	14947	2280,3285,6054,6556,6581,7069,16215,20924,31785,400,422,1404,1505,1558,3649,4059,4319,5668,6007,6419,6889,7175,8370,8563,9085,10451,11745,11869,11987,12071,12730,12934,13133,13526,14151,14815
0	770	17246	2280,3285,6054,6556,6581,7069,16215,20924,31785,400,422,1404,1505,1558,3649,4059,4319,5668,6007,6419,6889,7175,8370,8563,9085,10451,11745,11869,11987,12071,12730,12934,13133,13526,14151,14815,14947
1	770	17521	2280,3285,6054,6556,6581,7069,16215,20924,31785,400,422,1404,1505,1558,3649,4059,4319,5668,6007,6419,6889,7175,8370,8563,9085,10451,11745,11869,11987,12071,12730,12934,13133,13526,14151,14815,14947
1	770	18821	2280,3285,6054,6556,6581,7069,16215,20924,31785,400,422,1404,1505,1558,3649,4059,4319,5668,6007,6419,6889,7175,8370,8563,9085,10451,11745,11869,11987,12071,12730,12934,13133,13526,14151,14815,14947,17521
1	770	18936	2280,3285,6054,6556,6581,7069,16215,20924,31785,400,422,1404,1505,1558,3649,4059,4319,5668,6007,6419,6889,7175,8370,8563,9085,10451,11745,11869,11987,12071,12730,12934,13133,13526,14151,14815,14947,17521,18821
1	770	19427	2280,3285,6054,6556,6581,7069,16215,20924,31785,400,422,1404,1505,1558,3649,4059,4319,5668,6007,6419,6889,7175,8370,8563,9085,10451,11745,11869,11987,12071,12730,12934,13133,13526,14151,14815,14947,17521,18821,18936
0	770	19636	2280,3285,6054,6556,6581,7069,16215,20924,31785,400,422,1404,1505,1558,3649,4059,4319,5668,6007,6419,6889,7175,8370,8563,9085,10451,11745,11869,11987,12071,12730,12934,13133,13526,14151,14815,14947,17521,18821,18936,19427
1	770	20343	2280,3285,6054,6556,6581,7069,16215,20924,31785,400,422,1404,1505,1558,3649,4059,4319,5668,6007,6419,6889,7175,8370,8563,9085,10451,11745,11869,11987,12071,12730,12934,13133,13526,14151,14815,14947,17521,18821,18936,19427
1	770	20896	2280,3285,6054,6556,6581,7069,16215,20924,31785,400,422,1404,1505,1558,3649,4059,4319,5668,6007,6419,6889,7175,8370,8563,9085,10451,11745,11869,11987,12071,12730,12934,13133,13526,14151,14815,14947,17521,18821,18936,19427,20343
1	770	21774	2280,3285,6054,6556,6581,7069,16215,20924,31785,400,422,1404,1505,1558,3649,4059,4319,5668,6007,6419,6889,7175,8370,8563,9085,10451,11745,11869,11987,12071,12730,12934,13133,13526,14151,14815,14947,17521,18821,18936,19427,20343,20896
1	770	22844	2280,3285,6054,6556,6581,7069,16215,20924,31785,400,422,1404,1505,1558,3649,4059,4319,5668,6007,6419,6889,7175,8370,8563,9085,10451,11745,11869,11987,12071,12730,12934,13133,13526,14151,14815,14947,17521,18821,18936,19427,20343,20896,21774
1	770	22861	2280,3285,6054,6556,6581,7069,16215,20924,31785,400,422,1404,1505,1558,3649,4059,4319,5668,6007,6419,6889,7175,8370,8563,9085,10451,11745,11869,11987,12071,12730,12934,13133,13526,14151,14815,14947,17521,18821,18936,19427,20343,20896,21774,22844
1	770	22957	2280,3285,6054,6556,6581,7069,16215,20924,31785,400,422,1404,1505,1558,3649,4059,4319,5668,6007,6419,6889,7175,8370,8563,9085,10451,11745,11869,11987,12071,12730,12934,13133,13526,14151,14815,14947,17521,18821,18936,19427,20343,20896,21774,22844,22861
1	770	23449	2280,3285,6054,6556,6581,7069,16215,20924,31785,400,422,1404,1505,1558,3649,4059,4319,5668,6007,6419,6889,7175,8370,8563,9085,10451,11745,11869,11987,12071,12730,12934,13133,13526,14151,14815,14947,17521,18821,18936,19427,20343,20896,21774,22844,22861,22957
1	770	23589	2280,3285,6054,6556,6581,7069,16215,20924,31785,400,422,1404,1505,1558,3649,4059,4319,5668,6007,6419,6889,7175,8370,8563,9085,10451,11745,11869,11987,12071,12730,12934,13133,13526,14151,14815,14947,17521,18821,18936,19427,20343,20896,21774,22844,22861,22957,23449
1	770	23897	2280,3285,6054,6556,6581,7069,16215,20924,31785,400,422,1404,1505,1558,3649,4059,4319,5668,6007,6419,6889,7175,8370,8563,9085,10451,11745,11869,11987,12071,12730,12934,13133,13526,14151,14815,14947,17521,18821,18936,19427,20343,20896,21774,22844,22861,22957,23449,23589
1	770	26941	2280,3285,6054,6556,6581,7069,16215,20924,31785,400,422,1404,1505,1558,3649,4059,4319,5668,6007,6419,6889,7175,8370,8563,9085,10451,11745,11869,11987,12071,12730,12934,13133,13526,14151,14815,14947,17521,18821,18936,19427,20343,20896,21774,22844,22861,22957,23449,23589,23897
1	770	27444	2280,3285,6054,6556,6581,7069,16215,20924,31785,400,422,1404,1505,1558,3649,4059,4319,5668,6007,6419,6889,7175,8370,8563,9085,10451,11745,11869,11987,12071,12730,12934,13133,13526,14151,14815,14947,17521,18821,18936,19427,20343,20896,21774,22844,22861,22957,23449,23589,23897,26941
