1	255	7862	0
1	255	5284	7862
1	255	7888	7862,5284
1	255	4830	7862,5284,7888
0	255	31928	7862,5284,7888,4830
1	255	17184	7862,5284,7888,4830
0	255	13606	7862,5284,7888,4830,17184
1	255	16534	7862,5284,7888,4830,17184
1	255	13724	7862,5284,7888,4830,17184,16534
0	255	887	7862,5284,7888,4830,17184,16534,13724
0	255	12012	7862,5284,7888,4830,17184,16534,13724
1	255	27722	7862,5284,7888,4830,17184,16534,13724
1	255	22695	7862,5284,7888,4830,17184,16534,13724,27722
1	255	28779	7862,5284,7888,4830,17184,16534,13724,27722,22695
1	255	31098	7862,5284,7888,4830,17184,16534,13724,27722,22695,28779
0	255	23409	7862,5284,7888,4830,17184,16534,13724,27722,22695,28779,31098
1	255	30887	7862,5284,7888,4830,17184,16534,13724,27722,22695,28779,31098
1	255	29611	7862,5284,7888,4830,17184,16534,13724,27722,22695,28779,31098,30887
1	255	15641	7862,5284,7888,4830,17184,16534,13724,27722,22695,28779,31098,30887,29611
1	255	30855	7862,5284,7888,4830,17184,16534,13724,27722,22695,28779,31098,30887,29611,15641
1	255	30839	7862,5284,7888,4830,17184,16534,13724,27722,22695,28779,31098,30887,29611,15641,30855
0	255	11180	7862,5284,7888,4830,17184,16534,13724,27722,22695,28779,31098,30887,29611,15641,30855,30839
1	255	32199	7862,5284,7888,4830,17184,16534,13724,27722,22695,28779,31098,30887,29611,15641,30855,30839
1	255	9420	7862,5284,7888,4830,17184,16534,13724,27722,22695,28779,31098,30887,29611,15641,30855,30839,32199
0	255	32148	7862,5284,7888,4830,17184,16534,13724,27722,22695,28779,31098,30887,29611,15641,30855,30839,32199,9420
1	255	16281	7862,5284,7888,4830,17184,16534,13724,27722,22695,28779,31098,30887,29611,15641,30855,30839,32199,9420
0	255	15581	7862,5284,7888,4830,17184,16534,13724,27722,22695,28779,31098,30887,29611,15641,30855,30839,32199,9420,16281
1	255	30778	7862,5284,7888,4830,17184,16534,13724,27722,22695,28779,31098,30887,29611,15641,30855,30839,32199,9420,16281
1	255	32614	7862,5284,7888,4830,17184,16534,13724,27722,22695,28779,31098,30887,29611,15641,30855,30839,32199,9420,16281,30778
1	255	31582	7862,5284,7888,4830,17184,16534,13724,27722,22695,28779,31098,30887,29611,15641,30855,30839,32199,9420,16281,30778,32614
1	255	31569	7862,5284,7888,4830,17184,16534,13724,27722,22695,28779,31098,30887,29611,15641,30855,30839,32199,9420,16281,30778,32614,31582
1	255	23361	7862,5284,7888,4830,17184,16534,13724,27722,22695,28779,31098,30887,29611,15641,30855,30839,32199,9420,16281,30778,32614,31582,31569
1	255	11625	7862,5284,7888,4830,17184,16534,13724,27722,22695,28779,31098,30887,29611,15641,30855,30839,32199,9420,16281,30778,32614,31582,31569,23361
0	255	31570	7862,5284,7888,4830,17184,16534,13724,27722,22695,28779,31098,30887,29611,15641,30855,30839,32199,9420,16281,30778,32614,31582,31569,23361,11625
1	255	32837	7862,5284,7888,4830,17184,16534,13724,27722,22695,28779,31098,30887,29611,15641,30855,30839,32199,9420,16281,30778,32614,31582,31569,23361,11625
0	255	32851	7862,5284,7888,4830,17184,16534,13724,27722,22695,28779,31098,30887,29611,15641,30855,30839,32199,9420,16281,30778,32614,31582,31569,23361,11625,32837
1	255	416	7862,5284,7888,4830,17184,16534,13724,27722,22695,28779,31098,30887,29611,15641,30855,30839,32199,9420,16281,30778,32614,31582,31569,23361,11625,32837
0	255	342	7862,5284,7888,4830,17184,16534,13724,27722,22695,28779,31098,30887,29611,15641,30855,30839,32199,9420,16281,30778,32614,31582,31569,23361,11625,32837,416
0	255	335	7862,5284,7888,4830,17184,16534,13724,27722,22695,28779,31098,30887,29611,15641,30855,30839,32199,9420,16281,30778,32614,31582,31569,23361,11625,32837,416
1	255	32051	7862,5284,7888,4830,17184,16534,13724,27722,22695,28779,31098,30887,29611,15641,30855,30839,32199,9420,16281,30778,32614,31582,31569,23361,11625,32837,416
1	255	1147	7862,5284,7888,4830,17184,16534,13724,27722,22695,28779,31098,30887,29611,15641,30855,30839,32199,9420,16281,30778,32614,31582,31569,23361,11625,32837,416,32051
1	255	32870	7862,5284,7888,4830,17184,16534,13724,27722,22695,28779,31098,30887,29611,15641,30855,30839,32199,9420,16281,30778,32614,31582,31569,23361,11625,32837,416,32051,1147
1	255	482	7862,5284,7888,4830,17184,16534,13724,27722,22695,28779,31098,30887,29611,15641,30855,30839,32199,9420,16281,30778,32614,31582,31569,23361,11625,32837,416,32051,1147,32870
1	255	2181	7862,5284,7888,4830,17184,16534,13724,27722,22695,28779,31098,30887,29611,15641,30855,30839,32199,9420,16281,30778,32614,31582,31569,23361,11625,32837,416,32051,1147,32870,482
1	255	3483	7862,5284,7888,4830,17184,16534,13724,27722,22695,28779,31098,30887,29611,15641,30855,30839,32199,9420,16281,30778,32614,31582,31569,23361,11625,32837,416,32051,1147,32870,482,2181
1	255	1849	7862,5284,7888,4830,17184,16534,13724,27722,22695,28779,31098,30887,29611,15641,30855,30839,32199,9420,16281,30778,32614,31582,31569,23361,11625,32837,416,32051,1147,32870,482,2181,3483
1	255	2375	7862,5284,7888,4830,17184,16534,13724,27722,22695,28779,31098,30887,29611,15641,30855,30839,32199,9420,16281,30778,32614,31582,31569,23361,11625,32837,416,32051,1147,32870,482,2181,3483,1849
1	255	4455	7862,5284,7888,4830,17184,16534,13724,27722,22695,28779,31098,30887,29611,15641,30855,30839,32199,9420,16281,30778,32614,31582,31569,23361,11625,32837,416,32051,1147,32870,482,2181,3483,1849,2375
1	255	1619	7862,5284,7888,4830,17184,16534,13724,27722,22695,28779,31098,30887,29611,15641,30855,30839,32199,9420,16281,30778,32614,31582,31569,23361,11625,32837,416,32051,1147,32870,482,2181,3483,1849,2375,4455
0	255	32207	7862,5284,7888,4830,17184,16534,13724,27722,22695,28779,31098,30887,29611,15641,30855,30839,32199,9420,16281,30778,32614,31582,31569,23361,11625,32837,416,32051,1147,32870,482,2181,3483,1849,2375,4455,1619
1	255	5341	7862,5284,7888,4830,17184,16534,13724,27722,22695,28779,31098,30887,29611,15641,30855,30839,32199,9420,16281,30778,32614,31582,31569,23361,11625,32837,416,32051,1147,32870,482,2181,3483,1849,2375,4455,1619
1	255	212	7862,5284,7888,4830,17184,16534,13724,27722,22695,28779,31098,30887,29611,15641,30855,30839,32199,9420,16281,30778,32614,31582,31569,23361,11625,32837,416,32051,1147,32870,482,2181,3483,1849,2375,4455,1619,5341
1	255	4495	7862,5284,7888,4830,17184,16534,13724,27722,22695,28779,31098,30887,29611,15641,30855,30839,32199,9420,16281,30778,32614,31582,31569,23361,11625,32837,416,32051,1147,32870,482,2181,3483,1849,2375,4455,1619,5341,212
1	255	473	7862,5284,7888,4830,17184,16534,13724,27722,22695,28779,31098,30887,29611,15641,30855,30839,32199,9420,16281,30778,32614,31582,31569,23361,11625,32837,416,32051,1147,32870,482,2181,3483,1849,2375,4455,1619,5341,212,4495
1	255	4548	7862,5284,7888,4830,17184,16534,13724,27722,22695,28779,31098,30887,29611,15641,30855,30839,32199,9420,16281,30778,32614,31582,31569,23361,11625,32837,416,32051,1147,32870,482,2181,3483,1849,2375,4455,1619,5341,212,4495,473
1	255	2370	7862,5284,7888,4830,17184,16534,13724,27722,22695,28779,31098,30887,29611,15641,30855,30839,32199,9420,16281,30778,32614,31582,31569,23361,11625,32837,416,32051,1147,32870,482,2181,3483,1849,2375,4455,1619,5341,212,4495,473,4548
0	255	4959	7862,5284,7888,4830,17184,16534,13724,27722,22695,28779,31098,30887,29611,15641,30855,30839,32199,9420,16281,30778,32614,31582,31569,23361,11625,32837,416,32051,1147,32870,482,2181,3483,1849,2375,4455,1619,5341,212,4495,473,4548,2370
1	255	5185	7862,5284,7888,4830,17184,16534,13724,27722,22695,28779,31098,30887,29611,15641,30855,30839,32199,9420,16281,30778,32614,31582,31569,23361,11625,32837,416,32051,1147,32870,482,2181,3483,1849,2375,4455,1619,5341,212,4495,473,4548,2370
1	255	3087	7862,5284,7888,4830,17184,16534,13724,27722,22695,28779,31098,30887,29611,15641,30855,30839,32199,9420,16281,30778,32614,31582,31569,23361,11625,32837,416,32051,1147,32870,482,2181,3483,1849,2375,4455,1619,5341,212,4495,473,4548,2370,5185
0	255	2336	7862,5284,7888,4830,17184,16534,13724,27722,22695,28779,31098,30887,29611,15641,30855,30839,32199,9420,16281,30778,32614,31582,31569,23361,11625,32837,416,32051,1147,32870,482,2181,3483,1849,2375,4455,1619,5341,212,4495,473,4548,2370,5185,3087
1	255	25111	7862,5284,7888,4830,17184,16534,13724,27722,22695,28779,31098,30887,29611,15641,30855,30839,32199,9420,16281,30778,32614,31582,31569,23361,11625,32837,416,32051,1147,32870,482,2181,3483,1849,2375,4455,1619,5341,212,4495,473,4548,2370,5185,3087
1	255	4719	7862,5284,7888,4830,17184,16534,13724,27722,22695,28779,31098,30887,29611,15641,30855,30839,32199,9420,16281,30778,32614,31582,31569,23361,11625,32837,416,32051,1147,32870,482,2181,3483,1849,2375,4455,1619,5341,212,4495,473,4548,2370,5185,3087,25111
0	255	4011	7862,5284,7888,4830,17184,16534,13724,27722,22695,28779,31098,30887,29611,15641,30855,30839,32199,9420,16281,30778,32614,31582,31569,23361,11625,32837,416,32051,1147,32870,482,2181,3483,1849,2375,4455,1619,5341,212,4495,473,4548,2370,5185,3087,25111,4719
1	255	297	7862,5284,7888,4830,17184,16534,13724,27722,22695,28779,31098,30887,29611,15641,30855,30839,32199,9420,16281,30778,32614,31582,31569,23361,11625,32837,416,32051,1147,32870,482,2181,3483,1849,2375,4455,1619,5341,212,4495,473,4548,2370,5185,3087,25111,4719
1	255	1622	7862,5284,7888,4830,17184,16534,13724,27722,22695,28779,31098,30887,29611,15641,30855,30839,32199,9420,16281,30778,32614,31582,31569,23361,11625,32837,416,32051,1147,32870,482,2181,3483,1849,2375,4455,1619,5341,212,4495,473,4548,2370,5185,3087,25111,4719,297
1	255	6772	7862,5284,7888,4830,17184,16534,13724,27722,22695,28779,31098,30887,29611,15641,30855,30839,32199,9420,16281,30778,32614,31582,31569,23361,11625,32837,416,32051,1147,32870,482,2181,3483,1849,2375,4455,1619,5341,212,4495,473,4548,2370,5185,3087,25111,4719,297,1622
0	255	4168	7862,5284,7888,4830,17184,16534,13724,27722,22695,28779,31098,30887,29611,15641,30855,30839,32199,9420,16281,30778,32614,31582,31569,23361,11625,32837,416,32051,1147,32870,482,2181,3483,1849,2375,4455,1619,5341,212,4495,473,4548,2370,5185,3087,25111,4719,297,1622,6772
1	255	5572	7862,5284,7888,4830,17184,16534,13724,27722,22695,28779,31098,30887,29611,15641,30855,30839,32199,9420,16281,30778,32614,31582,31569,23361,11625,32837,416,32051,1147,32870,482,2181,3483,1849,2375,4455,1619,5341,212,4495,473,4548,2370,5185,3087,25111,4719,297,1622,6772
1	255	4008	7862,5284,7888,4830,17184,16534,13724,27722,22695,28779,31098,30887,29611,15641,30855,30839,32199,9420,16281,30778,32614,31582,31569,23361,11625,32837,416,32051,1147,32870,482,2181,3483,1849,2375,4455,1619,5341,212,4495,473,4548,2370,5185,3087,25111,4719,297,1622,6772,5572
1	255	9207	7862,5284,7888,4830,17184,16534,13724,27722,22695,28779,31098,30887,29611,15641,30855,30839,32199,9420,16281,30778,32614,31582,31569,23361,11625,32837,416,32051,1147,32870,482,2181,3483,1849,2375,4455,1619,5341,212,4495,473,4548,2370,5185,3087,25111,4719,297,1622,6772,5572,4008
1	255	32933	7862,5284,7888,4830,17184,16534,13724,27722,22695,28779,31098,30887,29611,15641,30855,30839,32199,9420,16281,30778,32614,31582,31569,23361,11625,32837,416,32051,1147,32870,482,2181,3483,1849,2375,4455,1619,5341,212,4495,473,4548,2370,5185,3087,25111,4719,297,1622,6772,5572,4008,9207
1	255	8067	7862,5284,7888,4830,17184,16534,13724,27722,22695,28779,31098,30887,29611,15641,30855,30839,32199,9420,16281,30778,32614,31582,31569,23361,11625,32837,416,32051,1147,32870,482,2181,3483,1849,2375,4455,1619,5341,212,4495,473,4548,2370,5185,3087,25111,4719,297,1622,6772,5572,4008,9207,32933
1	255	8514	7862,5284,7888,4830,17184,16534,13724,27722,22695,28779,31098,30887,29611,15641,30855,30839,32199,9420,16281,30778,32614,31582,31569,23361,11625,32837,416,32051,1147,32870,482,2181,3483,1849,2375,4455,1619,5341,212,4495,473,4548,2370,5185,3087,25111,4719,297,1622,6772,5572,4008,9207,32933,8067
1	255	3253	7862,5284,7888,4830,17184,16534,13724,27722,22695,28779,31098,30887,29611,15641,30855,30839,32199,9420,16281,30778,32614,31582,31569,23361,11625,32837,416,32051,1147,32870,482,2181,3483,1849,2375,4455,1619,5341,212,4495,473,4548,2370,5185,3087,25111,4719,297,1622,6772,5572,4008,9207,32933,8067,8514
1	255	9716	7862,5284,7888,4830,17184,16534,13724,27722,22695,28779,31098,30887,29611,15641,30855,30839,32199,9420,16281,30778,32614,31582,31569,23361,11625,32837,416,32051,1147,32870,482,2181,3483,1849,2375,4455,1619,5341,212,4495,473,4548,2370,5185,3087,25111,4719,297,1622,6772,5572,4008,9207,32933,8067,8514,3253
1	255	4209	7862,5284,7888,4830,17184,16534,13724,27722,22695,28779,31098,30887,29611,15641,30855,30839,32199,9420,16281,30778,32614,31582,31569,23361,11625,32837,416,32051,1147,32870,482,2181,3483,1849,2375,4455,1619,5341,212,4495,473,4548,2370,5185,3087,25111,4719,297,1622,6772,5572,4008,9207,32933,8067,8514,3253,9716
1	255	32471	7862,5284,7888,4830,17184,16534,13724,27722,22695,28779,31098,30887,29611,15641,30855,30839,32199,9420,16281,30778,32614,31582,31569,23361,11625,32837,416,32051,1147,32870,482,2181,3483,1849,2375,4455,1619,5341,212,4495,473,4548,2370,5185,3087,25111,4719,297,1622,6772,5572,4008,9207,32933,8067,8514,3253,9716,4209
0	255	1798	7862,5284,7888,4830,17184,16534,13724,27722,22695,28779,31098,30887,29611,15641,30855,30839,32199,9420,16281,30778,32614,31582,31569,23361,11625,32837,416,32051,1147,32870,482,2181,3483,1849,2375,4455,1619,5341,212,4495,473,4548,2370,5185,3087,25111,4719,297,1622,6772,5572,4008,9207,32933,8067,8514,3253,9716,4209,32471
1	255	24783	7862,5284,7888,4830,17184,16534,13724,27722,22695,28779,31098,30887,29611,15641,30855,30839,32199,9420,16281,30778,32614,31582,31569,23361,11625,32837,416,32051,1147,32870,482,2181,3483,1849,2375,4455,1619,5341,212,4495,473,4548,2370,5185,3087,25111,4719,297,1622,6772,5572,4008,9207,32933,8067,8514,3253,9716,4209,32471
1	255	5705	7862,5284,7888,4830,17184,16534,13724,27722,22695,28779,31098,30887,29611,15641,30855,30839,32199,9420,16281,30778,32614,31582,31569,23361,11625,32837,416,32051,1147,32870,482,2181,3483,1849,2375,4455,1619,5341,212,4495,473,4548,2370,5185,3087,25111,4719,297,1622,6772,5572,4008,9207,32933,8067,8514,3253,9716,4209,32471,24783
1	255	32443	7862,5284,7888,4830,17184,16534,13724,27722,22695,28779,31098,30887,29611,15641,30855,30839,32199,9420,16281,30778,32614,31582,31569,23361,11625,32837,416,32051,1147,32870,482,2181,3483,1849,2375,4455,1619,5341,212,4495,473,4548,2370,5185,3087,25111,4719,297,1622,6772,5572,4008,9207,32933,8067,8514,3253,9716,4209,32471,24783,5705
0	255	7990	7862,5284,7888,4830,17184,16534,13724,27722,22695,28779,31098,30887,29611,15641,30855,30839,32199,9420,16281,30778,32614,31582,31569,23361,11625,32837,416,32051,1147,32870,482,2181,3483,1849,2375,4455,1619,5341,212,4495,473,4548,2370,5185,3087,25111,4719,297,1622,6772,5572,4008,9207,32933,8067,8514,3253,9716,4209,32471,24783,5705,32443
1	255	11747	7862,5284,7888,4830,17184,16534,13724,27722,22695,28779,31098,30887,29611,15641,30855,30839,32199,9420,16281,30778,32614,31582,31569,23361,11625,32837,416,32051,1147,32870,482,2181,3483,1849,2375,4455,1619,5341,212,4495,473,4548,2370,5185,3087,25111,4719,297,1622,6772,5572,4008,9207,32933,8067,8514,3253,9716,4209,32471,24783,5705,32443
1	255	7641	7862,5284,7888,4830,17184,16534,13724,27722,22695,28779,31098,30887,29611,15641,30855,30839,32199,9420,16281,30778,32614,31582,31569,23361,11625,32837,416,32051,1147,32870,482,2181,3483,1849,2375,4455,1619,5341,212,4495,473,4548,2370,5185,3087,25111,4719,297,1622,6772,5572,4008,9207,32933,8067,8514,3253,9716,4209,32471,24783,5705,32443,11747
1	255	10848	7862,5284,7888,4830,17184,16534,13724,27722,22695,28779,31098,30887,29611,15641,30855,30839,32199,9420,16281,30778,32614,31582,31569,23361,11625,32837,416,32051,1147,32870,482,2181,3483,1849,2375,4455,1619,5341,212,4495,473,4548,2370,5185,3087,25111,4719,297,1622,6772,5572,4008,9207,32933,8067,8514,3253,9716,4209,32471,24783,5705,32443,11747,7641
1	255	11195	7862,5284,7888,4830,17184,16534,13724,27722,22695,28779,31098,30887,29611,15641,30855,30839,32199,9420,16281,30778,32614,31582,31569,23361,11625,32837,416,32051,1147,32870,482,2181,3483,1849,2375,4455,1619,5341,212,4495,473,4548,2370,5185,3087,25111,4719,297,1622,6772,5572,4008,9207,32933,8067,8514,3253,9716,4209,32471,24783,5705,32443,11747,7641,10848
0	255	12336	7862,5284,7888,4830,17184,16534,13724,27722,22695,28779,31098,30887,29611,15641,30855,30839,32199,9420,16281,30778,32614,31582,31569,23361,11625,32837,416,32051,1147,32870,482,2181,3483,1849,2375,4455,1619,5341,212,4495,473,4548,2370,5185,3087,25111,4719,297,1622,6772,5572,4008,9207,32933,8067,8514,3253,9716,4209,32471,24783,5705,32443,11747,7641,10848,11195
1	255	11527	7862,5284,7888,4830,17184,16534,13724,27722,22695,28779,31098,30887,29611,15641,30855,30839,32199,9420,16281,30778,32614,31582,31569,23361,11625,32837,416,32051,1147,32870,482,2181,3483,1849,2375,4455,1619,5341,212,4495,473,4548,2370,5185,3087,25111,4719,297,1622,6772,5572,4008,9207,32933,8067,8514,3253,9716,4209,32471,24783,5705,32443,11747,7641,10848,11195
1	255	15494	7862,5284,7888,4830,17184,16534,13724,27722,22695,28779,31098,30887,29611,15641,30855,30839,32199,9420,16281,30778,32614,31582,31569,23361,11625,32837,416,32051,1147,32870,482,2181,3483,1849,2375,4455,1619,5341,212,4495,473,4548,2370,5185,3087,25111,4719,297,1622,6772,5572,4008,9207,32933,8067,8514,3253,9716,4209,32471,24783,5705,32443,11747,7641,10848,11195,11527
1	255	2891	7862,5284,7888,4830,17184,16534,13724,27722,22695,28779,31098,30887,29611,15641,30855,30839,32199,9420,16281,30778,32614,31582,31569,23361,11625,32837,416,32051,1147,32870,482,2181,3483,1849,2375,4455,1619,5341,212,4495,473,4548,2370,5185,3087,25111,4719,297,1622,6772,5572,4008,9207,32933,8067,8514,3253,9716,4209,32471,24783,5705,32443,11747,7641,10848,11195,11527,15494
1	255	5264	7862,5284,7888,4830,17184,16534,13724,27722,22695,28779,31098,30887,29611,15641,30855,30839,32199,9420,16281,30778,32614,31582,31569,23361,11625,32837,416,32051,1147,32870,482,2181,3483,1849,2375,4455,1619,5341,212,4495,473,4548,2370,5185,3087,25111,4719,297,1622,6772,5572,4008,9207,32933,8067,8514,3253,9716,4209,32471,24783,5705,32443,11747,7641,10848,11195,11527,15494,2891
1	255	11662	7862,5284,7888,4830,17184,16534,13724,27722,22695,28779,31098,30887,29611,15641,30855,30839,32199,9420,16281,30778,32614,31582,31569,23361,11625,32837,416,32051,1147,32870,482,2181,3483,1849,2375,4455,1619,5341,212,4495,473,4548,2370,5185,3087,25111,4719,297,1622,6772,5572,4008,9207,32933,8067,8514,3253,9716,4209,32471,24783,5705,32443,11747,7641,10848,11195,11527,15494,2891,5264
0	255	16810	7862,5284,7888,4830,17184,16534,13724,27722,22695,28779,31098,30887,29611,15641,30855,30839,32199,9420,16281,30778,32614,31582,31569,23361,11625,32837,416,32051,1147,32870,482,2181,3483,1849,2375,4455,1619,5341,212,4495,473,4548,2370,5185,3087,25111,4719,297,1622,6772,5572,4008,9207,32933,8067,8514,3253,9716,4209,32471,24783,5705,32443,11747,7641,10848,11195,11527,15494,2891,5264,11662
0	255	13794	7862,5284,7888,4830,17184,16534,13724,27722,22695,28779,31098,30887,29611,15641,30855,30839,32199,9420,16281,30778,32614,31582,31569,23361,11625,32837,416,32051,1147,32870,482,2181,3483,1849,2375,4455,1619,5341,212,4495,473,4548,2370,5185,3087,25111,4719,297,1622,6772,5572,4008,9207,32933,8067,8514,3253,9716,4209,32471,24783,5705,32443,11747,7641,10848,11195,11527,15494,2891,5264,11662
0	255	3370	7862,5284,7888,4830,17184,16534,13724,27722,22695,28779,31098,30887,29611,15641,30855,30839,32199,9420,16281,30778,32614,31582,31569,23361,11625,32837,416,32051,1147,32870,482,2181,3483,1849,2375,4455,1619,5341,212,4495,473,4548,2370,5185,3087,25111,4719,297,1622,6772,5572,4008,9207,32933,8067,8514,3253,9716,4209,32471,24783,5705,32443,11747,7641,10848,11195,11527,15494,2891,5264,11662
1	255	17722	7862,5284,7888,4830,17184,16534,13724,27722,22695,28779,31098,30887,29611,15641,30855,30839,32199,9420,16281,30778,32614,31582,31569,23361,11625,32837,416,32051,1147,32870,482,2181,3483,1849,2375,4455,1619,5341,212,4495,473,4548,2370,5185,3087,25111,4719,297,1622,6772,5572,4008,9207,32933,8067,8514,3253,9716,4209,32471,24783,5705,32443,11747,7641,10848,11195,11527,15494,2891,5264,11662
1	255	13831	7862,5284,7888,4830,17184,16534,13724,27722,22695,28779,31098,30887,29611,15641,30855,30839,32199,9420,16281,30778,32614,31582,31569,23361,11625,32837,416,32051,1147,32870,482,2181,3483,1849,2375,4455,1619,5341,212,4495,473,4548,2370,5185,3087,25111,4719,297,1622,6772,5572,4008,9207,32933,8067,8514,3253,9716,4209,32471,24783,5705,32443,11747,7641,10848,11195,11527,15494,2891,5264,11662,17722
1	255	17334	7862,5284,7888,4830,17184,16534,13724,27722,22695,28779,31098,30887,29611,15641,30855,30839,32199,9420,16281,30778,32614,31582,31569,23361,11625,32837,416,32051,1147,32870,482,2181,3483,1849,2375,4455,1619,5341,212,4495,473,4548,2370,5185,3087,25111,4719,297,1622,6772,5572,4008,9207,32933,8067,8514,3253,9716,4209,32471,24783,5705,32443,11747,7641,10848,11195,11527,15494,2891,5264,11662,17722,13831
0	255	15946	7862,5284,7888,4830,17184,16534,13724,27722,22695,28779,31098,30887,29611,15641,30855,30839,32199,9420,16281,30778,32614,31582,31569,23361,11625,32837,416,32051,1147,32870,482,2181,3483,1849,2375,4455,1619,5341,212,4495,473,4548,2370,5185,3087,25111,4719,297,1622,6772,5572,4008,9207,32933,8067,8514,3253,9716,4209,32471,24783,5705,32443,11747,7641,10848,11195,11527,15494,2891,5264,11662,17722,13831,17334
1	255	9740	7862,5284,7888,4830,17184,16534,13724,27722,22695,28779,31098,30887,29611,15641,30855,30839,32199,9420,16281,30778,32614,31582,31569,23361,11625,32837,416,32051,1147,32870,482,2181,3483,1849,2375,4455,1619,5341,212,4495,473,4548,2370,5185,3087,25111,4719,297,1622,6772,5572,4008,9207,32933,8067,8514,3253,9716,4209,32471,24783,5705,32443,11747,7641,10848,11195,11527,15494,2891,5264,11662,17722,13831,17334
0	255	8619	7862,5284,7888,4830,17184,16534,13724,27722,22695,28779,31098,30887,29611,15641,30855,30839,32199,9420,16281,30778,32614,31582,31569,23361,11625,32837,416,32051,1147,32870,482,2181,3483,1849,2375,4455,1619,5341,212,4495,473,4548,2370,5185,3087,25111,4719,297,1622,6772,5572,4008,9207,32933,8067,8514,3253,9716,4209,32471,24783,5705,32443,11747,7641,10848,11195,11527,15494,2891,5264,11662,17722,13831,17334,9740
0	255	2846	7862,5284,7888,4830,17184,16534,13724,27722,22695,28779,31098,30887,29611,15641,30855,30839,32199,9420,16281,30778,32614,31582,31569,23361,11625,32837,416,32051,1147,32870,482,2181,3483,1849,2375,4455,1619,5341,212,4495,473,4548,2370,5185,3087,25111,4719,297,1622,6772,5572,4008,9207,32933,8067,8514,3253,9716,4209,32471,24783,5705,32443,11747,7641,10848,11195,11527,15494,2891,5264,11662,17722,13831,17334,9740
0	255	3328	7862,5284,7888,4830,17184,16534,13724,27722,22695,28779,31098,30887,29611,15641,30855,30839,32199,9420,16281,30778,32614,31582,31569,23361,11625,32837,416,32051,1147,32870,482,2181,3483,1849,2375,4455,1619,5341,212,4495,473,4548,2370,5185,3087,25111,4719,297,1622,6772,5572,4008,9207,32933,8067,8514,3253,9716,4209,32471,24783,5705,32443,11747,7641,10848,11195,11527,15494,2891,5264,11662,17722,13831,17334,9740
1	255	9968	7862,5284,7888,4830,17184,16534,13724,27722,22695,28779,31098,30887,29611,15641,30855,30839,32199,9420,16281,30778,32614,31582,31569,23361,11625,32837,416,32051,1147,32870,482,2181,3483,1849,2375,4455,1619,5341,212,4495,473,4548,2370,5185,3087,25111,4719,297,1622,6772,5572,4008,9207,32933,8067,8514,3253,9716,4209,32471,24783,5705,32443,11747,7641,10848,11195,11527,15494,2891,5264,11662,17722,13831,17334,9740
1	255	15602	7862,5284,7888,4830,17184,16534,13724,27722,22695,28779,31098,30887,29611,15641,30855,30839,32199,9420,16281,30778,32614,31582,31569,23361,11625,32837,416,32051,1147,32870,482,2181,3483,1849,2375,4455,1619,5341,212,4495,473,4548,2370,5185,3087,25111,4719,297,1622,6772,5572,4008,9207,32933,8067,8514,3253,9716,4209,32471,24783,5705,32443,11747,7641,10848,11195,11527,15494,2891,5264,11662,17722,13831,17334,9740,9968
1	255	16105	7862,5284,7888,4830,17184,16534,13724,27722,22695,28779,31098,30887,29611,15641,30855,30839,32199,9420,16281,30778,32614,31582,31569,23361,11625,32837,416,32051,1147,32870,482,2181,3483,1849,2375,4455,1619,5341,212,4495,473,4548,2370,5185,3087,25111,4719,297,1622,6772,5572,4008,9207,32933,8067,8514,3253,9716,4209,32471,24783,5705,32443,11747,7641,10848,11195,11527,15494,2891,5264,11662,17722,13831,17334,9740,9968,15602
1	255	14431	7862,5284,7888,4830,17184,16534,13724,27722,22695,28779,31098,30887,29611,15641,30855,30839,32199,9420,16281,30778,32614,31582,31569,23361,11625,32837,416,32051,1147,32870,482,2181,3483,1849,2375,4455,1619,5341,212,4495,473,4548,2370,5185,3087,25111,4719,297,1622,6772,5572,4008,9207,32933,8067,8514,3253,9716,4209,32471,24783,5705,32443,11747,7641,10848,11195,11527,15494,2891,5264,11662,17722,13831,17334,9740,9968,15602,16105
0	255	12315	7862,5284,7888,4830,17184,16534,13724,27722,22695,28779,31098,30887,29611,15641,30855,30839,32199,9420,16281,30778,32614,31582,31569,23361,11625,32837,416,32051,1147,32870,482,2181,3483,1849,2375,4455,1619,5341,212,4495,473,4548,2370,5185,3087,25111,4719,297,1622,6772,5572,4008,9207,32933,8067,8514,3253,9716,4209,32471,24783,5705,32443,11747,7641,10848,11195,11527,15494,2891,5264,11662,17722,13831,17334,9740,9968,15602,16105,14431
1	255	16806	7862,5284,7888,4830,17184,16534,13724,27722,22695,28779,31098,30887,29611,15641,30855,30839,32199,9420,16281,30778,32614,31582,31569,23361,11625,32837,416,32051,1147,32870,482,2181,3483,1849,2375,4455,1619,5341,212,4495,473,4548,2370,5185,3087,25111,4719,297,1622,6772,5572,4008,9207,32933,8067,8514,3253,9716,4209,32471,24783,5705,32443,11747,7641,10848,11195,11527,15494,2891,5264,11662,17722,13831,17334,9740,9968,15602,16105,14431
1	255	17312	7862,5284,7888,4830,17184,16534,13724,27722,22695,28779,31098,30887,29611,15641,30855,30839,32199,9420,16281,30778,32614,31582,31569,23361,11625,32837,416,32051,1147,32870,482,2181,3483,1849,2375,4455,1619,5341,212,4495,473,4548,2370,5185,3087,25111,4719,297,1622,6772,5572,4008,9207,32933,8067,8514,3253,9716,4209,32471,24783,5705,32443,11747,7641,10848,11195,11527,15494,2891,5264,11662,17722,13831,17334,9740,9968,15602,16105,14431,16806
0	255	14529	7862,5284,7888,4830,17184,16534,13724,27722,22695,28779,31098,30887,29611,15641,30855,30839,32199,9420,16281,30778,32614,31582,31569,23361,11625,32837,416,32051,1147,32870,482,2181,3483,1849,2375,4455,1619,5341,212,4495,473,4548,2370,5185,3087,25111,4719,297,1622,6772,5572,4008,9207,32933,8067,8514,3253,9716,4209,32471,24783,5705,32443,11747,7641,10848,11195,11527,15494,2891,5264,11662,17722,13831,17334,9740,9968,15602,16105,14431,16806,17312
0	255	17541	7862,5284,7888,4830,17184,16534,13724,27722,22695,28779,31098,30887,29611,15641,30855,30839,32199,9420,16281,30778,32614,31582,31569,23361,11625,32837,416,32051,1147,32870,482,2181,3483,1849,2375,4455,1619,5341,212,4495,473,4548,2370,5185,3087,25111,4719,297,1622,6772,5572,4008,9207,32933,8067,8514,3253,9716,4209,32471,24783,5705,32443,11747,7641,10848,11195,11527,15494,2891,5264,11662,17722,13831,17334,9740,9968,15602,16105,14431,16806,17312
0	255	14284	7862,5284,7888,4830,17184,16534,13724,27722,22695,28779,31098,30887,29611,15641,30855,30839,32199,9420,16281,30778,32614,31582,31569,23361,11625,32837,416,32051,1147,32870,482,2181,3483,1849,2375,4455,1619,5341,212,4495,473,4548,2370,5185,3087,25111,4719,297,1622,6772,5572,4008,9207,32933,8067,8514,3253,9716,4209,32471,24783,5705,32443,11747,7641,10848,11195,11527,15494,2891,5264,11662,17722,13831,17334,9740,9968,15602,16105,14431,16806,17312
1	255	5222	7862,5284,7888,4830,17184,16534,13724,27722,22695,28779,31098,30887,29611,15641,30855,30839,32199,9420,16281,30778,32614,31582,31569,23361,11625,32837,416,32051,1147,32870,482,2181,3483,1849,2375,4455,1619,5341,212,4495,473,4548,2370,5185,3087,25111,4719,297,1622,6772,5572,4008,9207,32933,8067,8514,3253,9716,4209,32471,24783,5705,32443,11747,7641,10848,11195,11527,15494,2891,5264,11662,17722,13831,17334,9740,9968,15602,16105,14431,16806,17312
1	255	18224	7862,5284,7888,4830,17184,16534,13724,27722,22695,28779,31098,30887,29611,15641,30855,30839,32199,9420,16281,30778,32614,31582,31569,23361,11625,32837,416,32051,1147,32870,482,2181,3483,1849,2375,4455,1619,5341,212,4495,473,4548,2370,5185,3087,25111,4719,297,1622,6772,5572,4008,9207,32933,8067,8514,3253,9716,4209,32471,24783,5705,32443,11747,7641,10848,11195,11527,15494,2891,5264,11662,17722,13831,17334,9740,9968,15602,16105,14431,16806,17312,5222
0	255	15628	7862,5284,7888,4830,17184,16534,13724,27722,22695,28779,31098,30887,29611,15641,30855,30839,32199,9420,16281,30778,32614,31582,31569,23361,11625,32837,416,32051,1147,32870,482,2181,3483,1849,2375,4455,1619,5341,212,4495,473,4548,2370,5185,3087,25111,4719,297,1622,6772,5572,4008,9207,32933,8067,8514,3253,9716,4209,32471,24783,5705,32443,11747,7641,10848,11195,11527,15494,2891,5264,11662,17722,13831,17334,9740,9968,15602,16105,14431,16806,17312,5222,18224
0	255	17393	7862,5284,7888,4830,17184,16534,13724,27722,22695,28779,31098,30887,29611,15641,30855,30839,32199,9420,16281,30778,32614,31582,31569,23361,11625,32837,416,32051,1147,32870,482,2181,3483,1849,2375,4455,1619,5341,212,4495,473,4548,2370,5185,3087,25111,4719,297,1622,6772,5572,4008,9207,32933,8067,8514,3253,9716,4209,32471,24783,5705,32443,11747,7641,10848,11195,11527,15494,2891,5264,11662,17722,13831,17334,9740,9968,15602,16105,14431,16806,17312,5222,18224
1	255	7179	7862,5284,7888,4830,17184,16534,13724,27722,22695,28779,31098,30887,29611,15641,30855,30839,32199,9420,16281,30778,32614,31582,31569,23361,11625,32837,416,32051,1147,32870,482,2181,3483,1849,2375,4455,1619,5341,212,4495,473,4548,2370,5185,3087,25111,4719,297,1622,6772,5572,4008,9207,32933,8067,8514,3253,9716,4209,32471,24783,5705,32443,11747,7641,10848,11195,11527,15494,2891,5264,11662,17722,13831,17334,9740,9968,15602,16105,14431,16806,17312,5222,18224
1	255	20129	7862,5284,7888,4830,17184,16534,13724,27722,22695,28779,31098,30887,29611,15641,30855,30839,32199,9420,16281,30778,32614,31582,31569,23361,11625,32837,416,32051,1147,32870,482,2181,3483,1849,2375,4455,1619,5341,212,4495,473,4548,2370,5185,3087,25111,4719,297,1622,6772,5572,4008,9207,32933,8067,8514,3253,9716,4209,32471,24783,5705,32443,11747,7641,10848,11195,11527,15494,2891,5264,11662,17722,13831,17334,9740,9968,15602,16105,14431,16806,17312,5222,18224,7179
0	255	20387	7862,5284,7888,4830,17184,16534,13724,27722,22695,28779,31098,30887,29611,15641,30855,30839,32199,9420,16281,30778,32614,31582,31569,23361,11625,32837,416,32051,1147,32870,482,2181,3483,1849,2375,4455,1619,5341,212,4495,473,4548,2370,5185,3087,25111,4719,297,1622,6772,5572,4008,9207,32933,8067,8514,3253,9716,4209,32471,24783,5705,32443,11747,7641,10848,11195,11527,15494,2891,5264,11662,17722,13831,17334,9740,9968,15602,16105,14431,16806,17312,5222,18224,7179,20129
1	255	4319	7862,5284,7888,4830,17184,16534,13724,27722,22695,28779,31098,30887,29611,15641,30855,30839,32199,9420,16281,30778,32614,31582,31569,23361,11625,32837,416,32051,1147,32870,482,2181,3483,1849,2375,4455,1619,5341,212,4495,473,4548,2370,5185,3087,25111,4719,297,1622,6772,5572,4008,9207,32933,8067,8514,3253,9716,4209,32471,24783,5705,32443,11747,7641,10848,11195,11527,15494,2891,5264,11662,17722,13831,17334,9740,9968,15602,16105,14431,16806,17312,5222,18224,7179,20129
0	255	3209	7862,5284,7888,4830,17184,16534,13724,27722,22695,28779,31098,30887,29611,15641,30855,30839,32199,9420,16281,30778,32614,31582,31569,23361,11625,32837,416,32051,1147,32870,482,2181,3483,1849,2375,4455,1619,5341,212,4495,473,4548,2370,5185,3087,25111,4719,297,1622,6772,5572,4008,9207,32933,8067,8514,3253,9716,4209,32471,24783,5705,32443,11747,7641,10848,11195,11527,15494,2891,5264,11662,17722,13831,17334,9740,9968,15602,16105,14431,16806,17312,5222,18224,7179,20129,4319
1	255	16102	7862,5284,7888,4830,17184,16534,13724,27722,22695,28779,31098,30887,29611,15641,30855,30839,32199,9420,16281,30778,32614,31582,31569,23361,11625,32837,416,32051,1147,32870,482,2181,3483,1849,2375,4455,1619,5341,212,4495,473,4548,2370,5185,3087,25111,4719,297,1622,6772,5572,4008,9207,32933,8067,8514,3253,9716,4209,32471,24783,5705,32443,11747,7641,10848,11195,11527,15494,2891,5264,11662,17722,13831,17334,9740,9968,15602,16105,14431,16806,17312,5222,18224,7179,20129,4319
1	255	15626	7862,5284,7888,4830,17184,16534,13724,27722,22695,28779,31098,30887,29611,15641,30855,30839,32199,9420,16281,30778,32614,31582,31569,23361,11625,32837,416,32051,1147,32870,482,2181,3483,1849,2375,4455,1619,5341,212,4495,473,4548,2370,5185,3087,25111,4719,297,1622,6772,5572,4008,9207,32933,8067,8514,3253,9716,4209,32471,24783,5705,32443,11747,7641,10848,11195,11527,15494,2891,5264,11662,17722,13831,17334,9740,9968,15602,16105,14431,16806,17312,5222,18224,7179,20129,4319,16102
1	255	361	7862,5284,7888,4830,17184,16534,13724,27722,22695,28779,31098,30887,29611,15641,30855,30839,32199,9420,16281,30778,32614,31582,31569,23361,11625,32837,416,32051,1147,32870,482,2181,3483,1849,2375,4455,1619,5341,212,4495,473,4548,2370,5185,3087,25111,4719,297,1622,6772,5572,4008,9207,32933,8067,8514,3253,9716,4209,32471,24783,5705,32443,11747,7641,10848,11195,11527,15494,2891,5264,11662,17722,13831,17334,9740,9968,15602,16105,14431,16806,17312,5222,18224,7179,20129,4319,16102,15626
1	255	9585	7862,5284,7888,4830,17184,16534,13724,27722,22695,28779,31098,30887,29611,15641,30855,30839,32199,9420,16281,30778,32614,31582,31569,23361,11625,32837,416,32051,1147,32870,482,2181,3483,1849,2375,4455,1619,5341,212,4495,473,4548,2370,5185,3087,25111,4719,297,1622,6772,5572,4008,9207,32933,8067,8514,3253,9716,4209,32471,24783,5705,32443,11747,7641,10848,11195,11527,15494,2891,5264,11662,17722,13831,17334,9740,9968,15602,16105,14431,16806,17312,5222,18224,7179,20129,4319,16102,15626,361
0	255	14285	7862,5284,7888,4830,17184,16534,13724,27722,22695,28779,31098,30887,29611,15641,30855,30839,32199,9420,16281,30778,32614,31582,31569,23361,11625,32837,416,32051,1147,32870,482,2181,3483,1849,2375,4455,1619,5341,212,4495,473,4548,2370,5185,3087,25111,4719,297,1622,6772,5572,4008,9207,32933,8067,8514,3253,9716,4209,32471,24783,5705,32443,11747,7641,10848,11195,11527,15494,2891,5264,11662,17722,13831,17334,9740,9968,15602,16105,14431,16806,17312,5222,18224,7179,20129,4319,16102,15626,361,9585
1	255	19016	7862,5284,7888,4830,17184,16534,13724,27722,22695,28779,31098,30887,29611,15641,30855,30839,32199,9420,16281,30778,32614,31582,31569,23361,11625,32837,416,32051,1147,32870,482,2181,3483,1849,2375,4455,1619,5341,212,4495,473,4548,2370,5185,3087,25111,4719,297,1622,6772,5572,4008,9207,32933,8067,8514,3253,9716,4209,32471,24783,5705,32443,11747,7641,10848,11195,11527,15494,2891,5264,11662,17722,13831,17334,9740,9968,15602,16105,14431,16806,17312,5222,18224,7179,20129,4319,16102,15626,361,9585
1	255	19041	7862,5284,7888,4830,17184,16534,13724,27722,22695,28779,31098,30887,29611,15641,30855,30839,32199,9420,16281,30778,32614,31582,31569,23361,11625,32837,416,32051,1147,32870,482,2181,3483,1849,2375,4455,1619,5341,212,4495,473,4548,2370,5185,3087,25111,4719,297,1622,6772,5572,4008,9207,32933,8067,8514,3253,9716,4209,32471,24783,5705,32443,11747,7641,10848,11195,11527,15494,2891,5264,11662,17722,13831,17334,9740,9968,15602,16105,14431,16806,17312,5222,18224,7179,20129,4319,16102,15626,361,9585,19016
1	255	18929	7862,5284,7888,4830,17184,16534,13724,27722,22695,28779,31098,30887,29611,15641,30855,30839,32199,9420,16281,30778,32614,31582,31569,23361,11625,32837,416,32051,1147,32870,482,2181,3483,1849,2375,4455,1619,5341,212,4495,473,4548,2370,5185,3087,25111,4719,297,1622,6772,5572,4008,9207,32933,8067,8514,3253,9716,4209,32471,24783,5705,32443,11747,7641,10848,11195,11527,15494,2891,5264,11662,17722,13831,17334,9740,9968,15602,16105,14431,16806,17312,5222,18224,7179,20129,4319,16102,15626,361,9585,19016,19041
0	255	20341	7862,5284,7888,4830,17184,16534,13724,27722,22695,28779,31098,30887,29611,15641,30855,30839,32199,9420,16281,30778,32614,31582,31569,23361,11625,32837,416,32051,1147,32870,482,2181,3483,1849,2375,4455,1619,5341,212,4495,473,4548,2370,5185,3087,25111,4719,297,1622,6772,5572,4008,9207,32933,8067,8514,3253,9716,4209,32471,24783,5705,32443,11747,7641,10848,11195,11527,15494,2891,5264,11662,17722,13831,17334,9740,9968,15602,16105,14431,16806,17312,5222,18224,7179,20129,4319,16102,15626,361,9585,19016,19041,18929
1	255	5060	7862,5284,7888,4830,17184,16534,13724,27722,22695,28779,31098,30887,29611,15641,30855,30839,32199,9420,16281,30778,32614,31582,31569,23361,11625,32837,416,32051,1147,32870,482,2181,3483,1849,2375,4455,1619,5341,212,4495,473,4548,2370,5185,3087,25111,4719,297,1622,6772,5572,4008,9207,32933,8067,8514,3253,9716,4209,32471,24783,5705,32443,11747,7641,10848,11195,11527,15494,2891,5264,11662,17722,13831,17334,9740,9968,15602,16105,14431,16806,17312,5222,18224,7179,20129,4319,16102,15626,361,9585,19016,19041,18929
1	255	18448	7862,5284,7888,4830,17184,16534,13724,27722,22695,28779,31098,30887,29611,15641,30855,30839,32199,9420,16281,30778,32614,31582,31569,23361,11625,32837,416,32051,1147,32870,482,2181,3483,1849,2375,4455,1619,5341,212,4495,473,4548,2370,5185,3087,25111,4719,297,1622,6772,5572,4008,9207,32933,8067,8514,3253,9716,4209,32471,24783,5705,32443,11747,7641,10848,11195,11527,15494,2891,5264,11662,17722,13831,17334,9740,9968,15602,16105,14431,16806,17312,5222,18224,7179,20129,4319,16102,15626,361,9585,19016,19041,18929,5060
1	255	17271	7862,5284,7888,4830,17184,16534,13724,27722,22695,28779,31098,30887,29611,15641,30855,30839,32199,9420,16281,30778,32614,31582,31569,23361,11625,32837,416,32051,1147,32870,482,2181,3483,1849,2375,4455,1619,5341,212,4495,473,4548,2370,5185,3087,25111,4719,297,1622,6772,5572,4008,9207,32933,8067,8514,3253,9716,4209,32471,24783,5705,32443,11747,7641,10848,11195,11527,15494,2891,5264,11662,17722,13831,17334,9740,9968,15602,16105,14431,16806,17312,5222,18224,7179,20129,4319,16102,15626,361,9585,19016,19041,18929,5060,18448
0	255	11547	7862,5284,7888,4830,17184,16534,13724,27722,22695,28779,31098,30887,29611,15641,30855,30839,32199,9420,16281,30778,32614,31582,31569,23361,11625,32837,416,32051,1147,32870,482,2181,3483,1849,2375,4455,1619,5341,212,4495,473,4548,2370,5185,3087,25111,4719,297,1622,6772,5572,4008,9207,32933,8067,8514,3253,9716,4209,32471,24783,5705,32443,11747,7641,10848,11195,11527,15494,2891,5264,11662,17722,13831,17334,9740,9968,15602,16105,14431,16806,17312,5222,18224,7179,20129,4319,16102,15626,361,9585,19016,19041,18929,5060,18448,17271
0	255	20627	7862,5284,7888,4830,17184,16534,13724,27722,22695,28779,31098,30887,29611,15641,30855,30839,32199,9420,16281,30778,32614,31582,31569,23361,11625,32837,416,32051,1147,32870,482,2181,3483,1849,2375,4455,1619,5341,212,4495,473,4548,2370,5185,3087,25111,4719,297,1622,6772,5572,4008,9207,32933,8067,8514,3253,9716,4209,32471,24783,5705,32443,11747,7641,10848,11195,11527,15494,2891,5264,11662,17722,13831,17334,9740,9968,15602,16105,14431,16806,17312,5222,18224,7179,20129,4319,16102,15626,361,9585,19016,19041,18929,5060,18448,17271
1	255	21424	7862,5284,7888,4830,17184,16534,13724,27722,22695,28779,31098,30887,29611,15641,30855,30839,32199,9420,16281,30778,32614,31582,31569,23361,11625,32837,416,32051,1147,32870,482,2181,3483,1849,2375,4455,1619,5341,212,4495,473,4548,2370,5185,3087,25111,4719,297,1622,6772,5572,4008,9207,32933,8067,8514,3253,9716,4209,32471,24783,5705,32443,11747,7641,10848,11195,11527,15494,2891,5264,11662,17722,13831,17334,9740,9968,15602,16105,14431,16806,17312,5222,18224,7179,20129,4319,16102,15626,361,9585,19016,19041,18929,5060,18448,17271
1	255	18806	7862,5284,7888,4830,17184,16534,13724,27722,22695,28779,31098,30887,29611,15641,30855,30839,32199,9420,16281,30778,32614,31582,31569,23361,11625,32837,416,32051,1147,32870,482,2181,3483,1849,2375,4455,1619,5341,212,4495,473,4548,2370,5185,3087,25111,4719,297,1622,6772,5572,4008,9207,32933,8067,8514,3253,9716,4209,32471,24783,5705,32443,11747,7641,10848,11195,11527,15494,2891,5264,11662,17722,13831,17334,9740,9968,15602,16105,14431,16806,17312,5222,18224,7179,20129,4319,16102,15626,361,9585,19016,19041,18929,5060,18448,17271,21424
1	255	18760	7862,5284,7888,4830,17184,16534,13724,27722,22695,28779,31098,30887,29611,15641,30855,30839,32199,9420,16281,30778,32614,31582,31569,23361,11625,32837,416,32051,1147,32870,482,2181,3483,1849,2375,4455,1619,5341,212,4495,473,4548,2370,5185,3087,25111,4719,297,1622,6772,5572,4008,9207,32933,8067,8514,3253,9716,4209,32471,24783,5705,32443,11747,7641,10848,11195,11527,15494,2891,5264,11662,17722,13831,17334,9740,9968,15602,16105,14431,16806,17312,5222,18224,7179,20129,4319,16102,15626,361,9585,19016,19041,18929,5060,18448,17271,21424,18806
1	255	10070	7862,5284,7888,4830,17184,16534,13724,27722,22695,28779,31098,30887,29611,15641,30855,30839,32199,9420,16281,30778,32614,31582,31569,23361,11625,32837,416,32051,1147,32870,482,2181,3483,1849,2375,4455,1619,5341,212,4495,473,4548,2370,5185,3087,25111,4719,297,1622,6772,5572,4008,9207,32933,8067,8514,3253,9716,4209,32471,24783,5705,32443,11747,7641,10848,11195,11527,15494,2891,5264,11662,17722,13831,17334,9740,9968,15602,16105,14431,16806,17312,5222,18224,7179,20129,4319,16102,15626,361,9585,19016,19041,18929,5060,18448,17271,21424,18806,18760
1	255	22610	7862,5284,7888,4830,17184,16534,13724,27722,22695,28779,31098,30887,29611,15641,30855,30839,32199,9420,16281,30778,32614,31582,31569,23361,11625,32837,416,32051,1147,32870,482,2181,3483,1849,2375,4455,1619,5341,212,4495,473,4548,2370,5185,3087,25111,4719,297,1622,6772,5572,4008,9207,32933,8067,8514,3253,9716,4209,32471,24783,5705,32443,11747,7641,10848,11195,11527,15494,2891,5264,11662,17722,13831,17334,9740,9968,15602,16105,14431,16806,17312,5222,18224,7179,20129,4319,16102,15626,361,9585,19016,19041,18929,5060,18448,17271,21424,18806,18760,10070
0	255	17469	7862,5284,7888,4830,17184,16534,13724,27722,22695,28779,31098,30887,29611,15641,30855,30839,32199,9420,16281,30778,32614,31582,31569,23361,11625,32837,416,32051,1147,32870,482,2181,3483,1849,2375,4455,1619,5341,212,4495,473,4548,2370,5185,3087,25111,4719,297,1622,6772,5572,4008,9207,32933,8067,8514,3253,9716,4209,32471,24783,5705,32443,11747,7641,10848,11195,11527,15494,2891,5264,11662,17722,13831,17334,9740,9968,15602,16105,14431,16806,17312,5222,18224,7179,20129,4319,16102,15626,361,9585,19016,19041,18929,5060,18448,17271,21424,18806,18760,10070,22610
0	255	33105	7862,5284,7888,4830,17184,16534,13724,27722,22695,28779,31098,30887,29611,15641,30855,30839,32199,9420,16281,30778,32614,31582,31569,23361,11625,32837,416,32051,1147,32870,482,2181,3483,1849,2375,4455,1619,5341,212,4495,473,4548,2370,5185,3087,25111,4719,297,1622,6772,5572,4008,9207,32933,8067,8514,3253,9716,4209,32471,24783,5705,32443,11747,7641,10848,11195,11527,15494,2891,5264,11662,17722,13831,17334,9740,9968,15602,16105,14431,16806,17312,5222,18224,7179,20129,4319,16102,15626,361,9585,19016,19041,18929,5060,18448,17271,21424,18806,18760,10070,22610
1	255	18199	7862,5284,7888,4830,17184,16534,13724,27722,22695,28779,31098,30887,29611,15641,30855,30839,32199,9420,16281,30778,32614,31582,31569,23361,11625,32837,416,32051,1147,32870,482,2181,3483,1849,2375,4455,1619,5341,212,4495,473,4548,2370,5185,3087,25111,4719,297,1622,6772,5572,4008,9207,32933,8067,8514,3253,9716,4209,32471,24783,5705,32443,11747,7641,10848,11195,11527,15494,2891,5264,11662,17722,13831,17334,9740,9968,15602,16105,14431,16806,17312,5222,18224,7179,20129,4319,16102,15626,361,9585,19016,19041,18929,5060,18448,17271,21424,18806,18760,10070,22610
1	255	32171	7862,5284,7888,4830,17184,16534,13724,27722,22695,28779,31098,30887,29611,15641,30855,30839,32199,9420,16281,30778,32614,31582,31569,23361,11625,32837,416,32051,1147,32870,482,2181,3483,1849,2375,4455,1619,5341,212,4495,473,4548,2370,5185,3087,25111,4719,297,1622,6772,5572,4008,9207,32933,8067,8514,3253,9716,4209,32471,24783,5705,32443,11747,7641,10848,11195,11527,15494,2891,5264,11662,17722,13831,17334,9740,9968,15602,16105,14431,16806,17312,5222,18224,7179,20129,4319,16102,15626,361,9585,19016,19041,18929,5060,18448,17271,21424,18806,18760,10070,22610,18199
1	255	20266	7862,5284,7888,4830,17184,16534,13724,27722,22695,28779,31098,30887,29611,15641,30855,30839,32199,9420,16281,30778,32614,31582,31569,23361,11625,32837,416,32051,1147,32870,482,2181,3483,1849,2375,4455,1619,5341,212,4495,473,4548,2370,5185,3087,25111,4719,297,1622,6772,5572,4008,9207,32933,8067,8514,3253,9716,4209,32471,24783,5705,32443,11747,7641,10848,11195,11527,15494,2891,5264,11662,17722,13831,17334,9740,9968,15602,16105,14431,16806,17312,5222,18224,7179,20129,4319,16102,15626,361,9585,19016,19041,18929,5060,18448,17271,21424,18806,18760,10070,22610,18199,32171
1	255	18183	7862,5284,7888,4830,17184,16534,13724,27722,22695,28779,31098,30887,29611,15641,30855,30839,32199,9420,16281,30778,32614,31582,31569,23361,11625,32837,416,32051,1147,32870,482,2181,3483,1849,2375,4455,1619,5341,212,4495,473,4548,2370,5185,3087,25111,4719,297,1622,6772,5572,4008,9207,32933,8067,8514,3253,9716,4209,32471,24783,5705,32443,11747,7641,10848,11195,11527,15494,2891,5264,11662,17722,13831,17334,9740,9968,15602,16105,14431,16806,17312,5222,18224,7179,20129,4319,16102,15626,361,9585,19016,19041,18929,5060,18448,17271,21424,18806,18760,10070,22610,18199,32171,20266
1	255	18048	7862,5284,7888,4830,17184,16534,13724,27722,22695,28779,31098,30887,29611,15641,30855,30839,32199,9420,16281,30778,32614,31582,31569,23361,11625,32837,416,32051,1147,32870,482,2181,3483,1849,2375,4455,1619,5341,212,4495,473,4548,2370,5185,3087,25111,4719,297,1622,6772,5572,4008,9207,32933,8067,8514,3253,9716,4209,32471,24783,5705,32443,11747,7641,10848,11195,11527,15494,2891,5264,11662,17722,13831,17334,9740,9968,15602,16105,14431,16806,17312,5222,18224,7179,20129,4319,16102,15626,361,9585,19016,19041,18929,5060,18448,17271,21424,18806,18760,10070,22610,18199,32171,20266,18183
1	255	1924	7862,5284,7888,4830,17184,16534,13724,27722,22695,28779,31098,30887,29611,15641,30855,30839,32199,9420,16281,30778,32614,31582,31569,23361,11625,32837,416,32051,1147,32870,482,2181,3483,1849,2375,4455,1619,5341,212,4495,473,4548,2370,5185,3087,25111,4719,297,1622,6772,5572,4008,9207,32933,8067,8514,3253,9716,4209,32471,24783,5705,32443,11747,7641,10848,11195,11527,15494,2891,5264,11662,17722,13831,17334,9740,9968,15602,16105,14431,16806,17312,5222,18224,7179,20129,4319,16102,15626,361,9585,19016,19041,18929,5060,18448,17271,21424,18806,18760,10070,22610,18199,32171,20266,18183,18048
1	255	20984	7862,5284,7888,4830,17184,16534,13724,27722,22695,28779,31098,30887,29611,15641,30855,30839,32199,9420,16281,30778,32614,31582,31569,23361,11625,32837,416,32051,1147,32870,482,2181,3483,1849,2375,4455,1619,5341,212,4495,473,4548,2370,5185,3087,25111,4719,297,1622,6772,5572,4008,9207,32933,8067,8514,3253,9716,4209,32471,24783,5705,32443,11747,7641,10848,11195,11527,15494,2891,5264,11662,17722,13831,17334,9740,9968,15602,16105,14431,16806,17312,5222,18224,7179,20129,4319,16102,15626,361,9585,19016,19041,18929,5060,18448,17271,21424,18806,18760,10070,22610,18199,32171,20266,18183,18048,1924
0	255	31709	7862,5284,7888,4830,17184,16534,13724,27722,22695,28779,31098,30887,29611,15641,30855,30839,32199,9420,16281,30778,32614,31582,31569,23361,11625,32837,416,32051,1147,32870,482,2181,3483,1849,2375,4455,1619,5341,212,4495,473,4548,2370,5185,3087,25111,4719,297,1622,6772,5572,4008,9207,32933,8067,8514,3253,9716,4209,32471,24783,5705,32443,11747,7641,10848,11195,11527,15494,2891,5264,11662,17722,13831,17334,9740,9968,15602,16105,14431,16806,17312,5222,18224,7179,20129,4319,16102,15626,361,9585,19016,19041,18929,5060,18448,17271,21424,18806,18760,10070,22610,18199,32171,20266,18183,18048,1924,20984
1	255	16944	7862,5284,7888,4830,17184,16534,13724,27722,22695,28779,31098,30887,29611,15641,30855,30839,32199,9420,16281,30778,32614,31582,31569,23361,11625,32837,416,32051,1147,32870,482,2181,3483,1849,2375,4455,1619,5341,212,4495,473,4548,2370,5185,3087,25111,4719,297,1622,6772,5572,4008,9207,32933,8067,8514,3253,9716,4209,32471,24783,5705,32443,11747,7641,10848,11195,11527,15494,2891,5264,11662,17722,13831,17334,9740,9968,15602,16105,14431,16806,17312,5222,18224,7179,20129,4319,16102,15626,361,9585,19016,19041,18929,5060,18448,17271,21424,18806,18760,10070,22610,18199,32171,20266,18183,18048,1924,20984
0	255	25006	7862,5284,7888,4830,17184,16534,13724,27722,22695,28779,31098,30887,29611,15641,30855,30839,32199,9420,16281,30778,32614,31582,31569,23361,11625,32837,416,32051,1147,32870,482,2181,3483,1849,2375,4455,1619,5341,212,4495,473,4548,2370,5185,3087,25111,4719,297,1622,6772,5572,4008,9207,32933,8067,8514,3253,9716,4209,32471,24783,5705,32443,11747,7641,10848,11195,11527,15494,2891,5264,11662,17722,13831,17334,9740,9968,15602,16105,14431,16806,17312,5222,18224,7179,20129,4319,16102,15626,361,9585,19016,19041,18929,5060,18448,17271,21424,18806,18760,10070,22610,18199,32171,20266,18183,18048,1924,20984,16944
0	255	6278	7862,5284,7888,4830,17184,16534,13724,27722,22695,28779,31098,30887,29611,15641,30855,30839,32199,9420,16281,30778,32614,31582,31569,23361,11625,32837,416,32051,1147,32870,482,2181,3483,1849,2375,4455,1619,5341,212,4495,473,4548,2370,5185,3087,25111,4719,297,1622,6772,5572,4008,9207,32933,8067,8514,3253,9716,4209,32471,24783,5705,32443,11747,7641,10848,11195,11527,15494,2891,5264,11662,17722,13831,17334,9740,9968,15602,16105,14431,16806,17312,5222,18224,7179,20129,4319,16102,15626,361,9585,19016,19041,18929,5060,18448,17271,21424,18806,18760,10070,22610,18199,32171,20266,18183,18048,1924,20984,16944
1	255	31478	7862,5284,7888,4830,17184,16534,13724,27722,22695,28779,31098,30887,29611,15641,30855,30839,32199,9420,16281,30778,32614,31582,31569,23361,11625,32837,416,32051,1147,32870,482,2181,3483,1849,2375,4455,1619,5341,212,4495,473,4548,2370,5185,3087,25111,4719,297,1622,6772,5572,4008,9207,32933,8067,8514,3253,9716,4209,32471,24783,5705,32443,11747,7641,10848,11195,11527,15494,2891,5264,11662,17722,13831,17334,9740,9968,15602,16105,14431,16806,17312,5222,18224,7179,20129,4319,16102,15626,361,9585,19016,19041,18929,5060,18448,17271,21424,18806,18760,10070,22610,18199,32171,20266,18183,18048,1924,20984,16944
0	255	23399	7862,5284,7888,4830,17184,16534,13724,27722,22695,28779,31098,30887,29611,15641,30855,30839,32199,9420,16281,30778,32614,31582,31569,23361,11625,32837,416,32051,1147,32870,482,2181,3483,1849,2375,4455,1619,5341,212,4495,473,4548,2370,5185,3087,25111,4719,297,1622,6772,5572,4008,9207,32933,8067,8514,3253,9716,4209,32471,24783,5705,32443,11747,7641,10848,11195,11527,15494,2891,5264,11662,17722,13831,17334,9740,9968,15602,16105,14431,16806,17312,5222,18224,7179,20129,4319,16102,15626,361,9585,19016,19041,18929,5060,18448,17271,21424,18806,18760,10070,22610,18199,32171,20266,18183,18048,1924,20984,16944,31478
1	255	4100	7862,5284,7888,4830,17184,16534,13724,27722,22695,28779,31098,30887,29611,15641,30855,30839,32199,9420,16281,30778,32614,31582,31569,23361,11625,32837,416,32051,1147,32870,482,2181,3483,1849,2375,4455,1619,5341,212,4495,473,4548,2370,5185,3087,25111,4719,297,1622,6772,5572,4008,9207,32933,8067,8514,3253,9716,4209,32471,24783,5705,32443,11747,7641,10848,11195,11527,15494,2891,5264,11662,17722,13831,17334,9740,9968,15602,16105,14431,16806,17312,5222,18224,7179,20129,4319,16102,15626,361,9585,19016,19041,18929,5060,18448,17271,21424,18806,18760,10070,22610,18199,32171,20266,18183,18048,1924,20984,16944,31478
1	255	23453	7862,5284,7888,4830,17184,16534,13724,27722,22695,28779,31098,30887,29611,15641,30855,30839,32199,9420,16281,30778,32614,31582,31569,23361,11625,32837,416,32051,1147,32870,482,2181,3483,1849,2375,4455,1619,5341,212,4495,473,4548,2370,5185,3087,25111,4719,297,1622,6772,5572,4008,9207,32933,8067,8514,3253,9716,4209,32471,24783,5705,32443,11747,7641,10848,11195,11527,15494,2891,5264,11662,17722,13831,17334,9740,9968,15602,16105,14431,16806,17312,5222,18224,7179,20129,4319,16102,15626,361,9585,19016,19041,18929,5060,18448,17271,21424,18806,18760,10070,22610,18199,32171,20266,18183,18048,1924,20984,16944,31478,4100
0	255	23768	7862,5284,7888,4830,17184,16534,13724,27722,22695,28779,31098,30887,29611,15641,30855,30839,32199,9420,16281,30778,32614,31582,31569,23361,11625,32837,416,32051,1147,32870,482,2181,3483,1849,2375,4455,1619,5341,212,4495,473,4548,2370,5185,3087,25111,4719,297,1622,6772,5572,4008,9207,32933,8067,8514,3253,9716,4209,32471,24783,5705,32443,11747,7641,10848,11195,11527,15494,2891,5264,11662,17722,13831,17334,9740,9968,15602,16105,14431,16806,17312,5222,18224,7179,20129,4319,16102,15626,361,9585,19016,19041,18929,5060,18448,17271,21424,18806,18760,10070,22610,18199,32171,20266,18183,18048,1924,20984,16944,31478,4100,23453
1	255	19348	7862,5284,7888,4830,17184,16534,13724,27722,22695,28779,31098,30887,29611,15641,30855,30839,32199,9420,16281,30778,32614,31582,31569,23361,11625,32837,416,32051,1147,32870,482,2181,3483,1849,2375,4455,1619,5341,212,4495,473,4548,2370,5185,3087,25111,4719,297,1622,6772,5572,4008,9207,32933,8067,8514,3253,9716,4209,32471,24783,5705,32443,11747,7641,10848,11195,11527,15494,2891,5264,11662,17722,13831,17334,9740,9968,15602,16105,14431,16806,17312,5222,18224,7179,20129,4319,16102,15626,361,9585,19016,19041,18929,5060,18448,17271,21424,18806,18760,10070,22610,18199,32171,20266,18183,18048,1924,20984,16944,31478,4100,23453
0	255	23157	7862,5284,7888,4830,17184,16534,13724,27722,22695,28779,31098,30887,29611,15641,30855,30839,32199,9420,16281,30778,32614,31582,31569,23361,11625,32837,416,32051,1147,32870,482,2181,3483,1849,2375,4455,1619,5341,212,4495,473,4548,2370,5185,3087,25111,4719,297,1622,6772,5572,4008,9207,32933,8067,8514,3253,9716,4209,32471,24783,5705,32443,11747,7641,10848,11195,11527,15494,2891,5264,11662,17722,13831,17334,9740,9968,15602,16105,14431,16806,17312,5222,18224,7179,20129,4319,16102,15626,361,9585,19016,19041,18929,5060,18448,17271,21424,18806,18760,10070,22610,18199,32171,20266,18183,18048,1924,20984,16944,31478,4100,23453,19348
1	255	19185	7862,5284,7888,4830,17184,16534,13724,27722,22695,28779,31098,30887,29611,15641,30855,30839,32199,9420,16281,30778,32614,31582,31569,23361,11625,32837,416,32051,1147,32870,482,2181,3483,1849,2375,4455,1619,5341,212,4495,473,4548,2370,5185,3087,25111,4719,297,1622,6772,5572,4008,9207,32933,8067,8514,3253,9716,4209,32471,24783,5705,32443,11747,7641,10848,11195,11527,15494,2891,5264,11662,17722,13831,17334,9740,9968,15602,16105,14431,16806,17312,5222,18224,7179,20129,4319,16102,15626,361,9585,19016,19041,18929,5060,18448,17271,21424,18806,18760,10070,22610,18199,32171,20266,18183,18048,1924,20984,16944,31478,4100,23453,19348
1	255	15361	7862,5284,7888,4830,17184,16534,13724,27722,22695,28779,31098,30887,29611,15641,30855,30839,32199,9420,16281,30778,32614,31582,31569,23361,11625,32837,416,32051,1147,32870,482,2181,3483,1849,2375,4455,1619,5341,212,4495,473,4548,2370,5185,3087,25111,4719,297,1622,6772,5572,4008,9207,32933,8067,8514,3253,9716,4209,32471,24783,5705,32443,11747,7641,10848,11195,11527,15494,2891,5264,11662,17722,13831,17334,9740,9968,15602,16105,14431,16806,17312,5222,18224,7179,20129,4319,16102,15626,361,9585,19016,19041,18929,5060,18448,17271,21424,18806,18760,10070,22610,18199,32171,20266,18183,18048,1924,20984,16944,31478,4100,23453,19348,19185
1	255	24522	7862,5284,7888,4830,17184,16534,13724,27722,22695,28779,31098,30887,29611,15641,30855,30839,32199,9420,16281,30778,32614,31582,31569,23361,11625,32837,416,32051,1147,32870,482,2181,3483,1849,2375,4455,1619,5341,212,4495,473,4548,2370,5185,3087,25111,4719,297,1622,6772,5572,4008,9207,32933,8067,8514,3253,9716,4209,32471,24783,5705,32443,11747,7641,10848,11195,11527,15494,2891,5264,11662,17722,13831,17334,9740,9968,15602,16105,14431,16806,17312,5222,18224,7179,20129,4319,16102,15626,361,9585,19016,19041,18929,5060,18448,17271,21424,18806,18760,10070,22610,18199,32171,20266,18183,18048,1924,20984,16944,31478,4100,23453,19348,19185,15361
1	255	24495	7862,5284,7888,4830,17184,16534,13724,27722,22695,28779,31098,30887,29611,15641,30855,30839,32199,9420,16281,30778,32614,31582,31569,23361,11625,32837,416,32051,1147,32870,482,2181,3483,1849,2375,4455,1619,5341,212,4495,473,4548,2370,5185,3087,25111,4719,297,1622,6772,5572,4008,9207,32933,8067,8514,3253,9716,4209,32471,24783,5705,32443,11747,7641,10848,11195,11527,15494,2891,5264,11662,17722,13831,17334,9740,9968,15602,16105,14431,16806,17312,5222,18224,7179,20129,4319,16102,15626,361,9585,19016,19041,18929,5060,18448,17271,21424,18806,18760,10070,22610,18199,32171,20266,18183,18048,1924,20984,16944,31478,4100,23453,19348,19185,15361,24522
1	255	25242	7862,5284,7888,4830,17184,16534,13724,27722,22695,28779,31098,30887,29611,15641,30855,30839,32199,9420,16281,30778,32614,31582,31569,23361,11625,32837,416,32051,1147,32870,482,2181,3483,1849,2375,4455,1619,5341,212,4495,473,4548,2370,5185,3087,25111,4719,297,1622,6772,5572,4008,9207,32933,8067,8514,3253,9716,4209,32471,24783,5705,32443,11747,7641,10848,11195,11527,15494,2891,5264,11662,17722,13831,17334,9740,9968,15602,16105,14431,16806,17312,5222,18224,7179,20129,4319,16102,15626,361,9585,19016,19041,18929,5060,18448,17271,21424,18806,18760,10070,22610,18199,32171,20266,18183,18048,1924,20984,16944,31478,4100,23453,19348,19185,15361,24522,24495
0	255	14961	7862,5284,7888,4830,17184,16534,13724,27722,22695,28779,31098,30887,29611,15641,30855,30839,32199,9420,16281,30778,32614,31582,31569,23361,11625,32837,416,32051,1147,32870,482,2181,3483,1849,2375,4455,1619,5341,212,4495,473,4548,2370,5185,3087,25111,4719,297,1622,6772,5572,4008,9207,32933,8067,8514,3253,9716,4209,32471,24783,5705,32443,11747,7641,10848,11195,11527,15494,2891,5264,11662,17722,13831,17334,9740,9968,15602,16105,14431,16806,17312,5222,18224,7179,20129,4319,16102,15626,361,9585,19016,19041,18929,5060,18448,17271,21424,18806,18760,10070,22610,18199,32171,20266,18183,18048,1924,20984,16944,31478,4100,23453,19348,19185,15361,24522,24495,25242
1	255	19826	7862,5284,7888,4830,17184,16534,13724,27722,22695,28779,31098,30887,29611,15641,30855,30839,32199,9420,16281,30778,32614,31582,31569,23361,11625,32837,416,32051,1147,32870,482,2181,3483,1849,2375,4455,1619,5341,212,4495,473,4548,2370,5185,3087,25111,4719,297,1622,6772,5572,4008,9207,32933,8067,8514,3253,9716,4209,32471,24783,5705,32443,11747,7641,10848,11195,11527,15494,2891,5264,11662,17722,13831,17334,9740,9968,15602,16105,14431,16806,17312,5222,18224,7179,20129,4319,16102,15626,361,9585,19016,19041,18929,5060,18448,17271,21424,18806,18760,10070,22610,18199,32171,20266,18183,18048,1924,20984,16944,31478,4100,23453,19348,19185,15361,24522,24495,25242
1	255	22650	7862,5284,7888,4830,17184,16534,13724,27722,22695,28779,31098,30887,29611,15641,30855,30839,32199,9420,16281,30778,32614,31582,31569,23361,11625,32837,416,32051,1147,32870,482,2181,3483,1849,2375,4455,1619,5341,212,4495,473,4548,2370,5185,3087,25111,4719,297,1622,6772,5572,4008,9207,32933,8067,8514,3253,9716,4209,32471,24783,5705,32443,11747,7641,10848,11195,11527,15494,2891,5264,11662,17722,13831,17334,9740,9968,15602,16105,14431,16806,17312,5222,18224,7179,20129,4319,16102,15626,361,9585,19016,19041,18929,5060,18448,17271,21424,18806,18760,10070,22610,18199,32171,20266,18183,18048,1924,20984,16944,31478,4100,23453,19348,19185,15361,24522,24495,25242,19826
0	255	24383	7862,5284,7888,4830,17184,16534,13724,27722,22695,28779,31098,30887,29611,15641,30855,30839,32199,9420,16281,30778,32614,31582,31569,23361,11625,32837,416,32051,1147,32870,482,2181,3483,1849,2375,4455,1619,5341,212,4495,473,4548,2370,5185,3087,25111,4719,297,1622,6772,5572,4008,9207,32933,8067,8514,3253,9716,4209,32471,24783,5705,32443,11747,7641,10848,11195,11527,15494,2891,5264,11662,17722,13831,17334,9740,9968,15602,16105,14431,16806,17312,5222,18224,7179,20129,4319,16102,15626,361,9585,19016,19041,18929,5060,18448,17271,21424,18806,18760,10070,22610,18199,32171,20266,18183,18048,1924,20984,16944,31478,4100,23453,19348,19185,15361,24522,24495,25242,19826,22650
1	255	21974	7862,5284,7888,4830,17184,16534,13724,27722,22695,28779,31098,30887,29611,15641,30855,30839,32199,9420,16281,30778,32614,31582,31569,23361,11625,32837,416,32051,1147,32870,482,2181,3483,1849,2375,4455,1619,5341,212,4495,473,4548,2370,5185,3087,25111,4719,297,1622,6772,5572,4008,9207,32933,8067,8514,3253,9716,4209,32471,24783,5705,32443,11747,7641,10848,11195,11527,15494,2891,5264,11662,17722,13831,17334,9740,9968,15602,16105,14431,16806,17312,5222,18224,7179,20129,4319,16102,15626,361,9585,19016,19041,18929,5060,18448,17271,21424,18806,18760,10070,22610,18199,32171,20266,18183,18048,1924,20984,16944,31478,4100,23453,19348,19185,15361,24522,24495,25242,19826,22650
1	255	26036	7862,5284,7888,4830,17184,16534,13724,27722,22695,28779,31098,30887,29611,15641,30855,30839,32199,9420,16281,30778,32614,31582,31569,23361,11625,32837,416,32051,1147,32870,482,2181,3483,1849,2375,4455,1619,5341,212,4495,473,4548,2370,5185,3087,25111,4719,297,1622,6772,5572,4008,9207,32933,8067,8514,3253,9716,4209,32471,24783,5705,32443,11747,7641,10848,11195,11527,15494,2891,5264,11662,17722,13831,17334,9740,9968,15602,16105,14431,16806,17312,5222,18224,7179,20129,4319,16102,15626,361,9585,19016,19041,18929,5060,18448,17271,21424,18806,18760,10070,22610,18199,32171,20266,18183,18048,1924,20984,16944,31478,4100,23453,19348,19185,15361,24522,24495,25242,19826,22650,21974
0	255	26093	7862,5284,7888,4830,17184,16534,13724,27722,22695,28779,31098,30887,29611,15641,30855,30839,32199,9420,16281,30778,32614,31582,31569,23361,11625,32837,416,32051,1147,32870,482,2181,3483,1849,2375,4455,1619,5341,212,4495,473,4548,2370,5185,3087,25111,4719,297,1622,6772,5572,4008,9207,32933,8067,8514,3253,9716,4209,32471,24783,5705,32443,11747,7641,10848,11195,11527,15494,2891,5264,11662,17722,13831,17334,9740,9968,15602,16105,14431,16806,17312,5222,18224,7179,20129,4319,16102,15626,361,9585,19016,19041,18929,5060,18448,17271,21424,18806,18760,10070,22610,18199,32171,20266,18183,18048,1924,20984,16944,31478,4100,23453,19348,19185,15361,24522,24495,25242,19826,22650,21974,26036
1	255	5817	7862,5284,7888,4830,17184,16534,13724,27722,22695,28779,31098,30887,29611,15641,30855,30839,32199,9420,16281,30778,32614,31582,31569,23361,11625,32837,416,32051,1147,32870,482,2181,3483,1849,2375,4455,1619,5341,212,4495,473,4548,2370,5185,3087,25111,4719,297,1622,6772,5572,4008,9207,32933,8067,8514,3253,9716,4209,32471,24783,5705,32443,11747,7641,10848,11195,11527,15494,2891,5264,11662,17722,13831,17334,9740,9968,15602,16105,14431,16806,17312,5222,18224,7179,20129,4319,16102,15626,361,9585,19016,19041,18929,5060,18448,17271,21424,18806,18760,10070,22610,18199,32171,20266,18183,18048,1924,20984,16944,31478,4100,23453,19348,19185,15361,24522,24495,25242,19826,22650,21974,26036
1	255	1505	7862,5284,7888,4830,17184,16534,13724,27722,22695,28779,31098,30887,29611,15641,30855,30839,32199,9420,16281,30778,32614,31582,31569,23361,11625,32837,416,32051,1147,32870,482,2181,3483,1849,2375,4455,1619,5341,212,4495,473,4548,2370,5185,3087,25111,4719,297,1622,6772,5572,4008,9207,32933,8067,8514,3253,9716,4209,32471,24783,5705,32443,11747,7641,10848,11195,11527,15494,2891,5264,11662,17722,13831,17334,9740,9968,15602,16105,14431,16806,17312,5222,18224,7179,20129,4319,16102,15626,361,9585,19016,19041,18929,5060,18448,17271,21424,18806,18760,10070,22610,18199,32171,20266,18183,18048,1924,20984,16944,31478,4100,23453,19348,19185,15361,24522,24495,25242,19826,22650,21974,26036,5817
1	255	22212	7862,5284,7888,4830,17184,16534,13724,27722,22695,28779,31098,30887,29611,15641,30855,30839,32199,9420,16281,30778,32614,31582,31569,23361,11625,32837,416,32051,1147,32870,482,2181,3483,1849,2375,4455,1619,5341,212,4495,473,4548,2370,5185,3087,25111,4719,297,1622,6772,5572,4008,9207,32933,8067,8514,3253,9716,4209,32471,24783,5705,32443,11747,7641,10848,11195,11527,15494,2891,5264,11662,17722,13831,17334,9740,9968,15602,16105,14431,16806,17312,5222,18224,7179,20129,4319,16102,15626,361,9585,19016,19041,18929,5060,18448,17271,21424,18806,18760,10070,22610,18199,32171,20266,18183,18048,1924,20984,16944,31478,4100,23453,19348,19185,15361,24522,24495,25242,19826,22650,21974,26036,5817,1505
0	255	7175	7862,5284,7888,4830,17184,16534,13724,27722,22695,28779,31098,30887,29611,15641,30855,30839,32199,9420,16281,30778,32614,31582,31569,23361,11625,32837,416,32051,1147,32870,482,2181,3483,1849,2375,4455,1619,5341,212,4495,473,4548,2370,5185,3087,25111,4719,297,1622,6772,5572,4008,9207,32933,8067,8514,3253,9716,4209,32471,24783,5705,32443,11747,7641,10848,11195,11527,15494,2891,5264,11662,17722,13831,17334,9740,9968,15602,16105,14431,16806,17312,5222,18224,7179,20129,4319,16102,15626,361,9585,19016,19041,18929,5060,18448,17271,21424,18806,18760,10070,22610,18199,32171,20266,18183,18048,1924,20984,16944,31478,4100,23453,19348,19185,15361,24522,24495,25242,19826,22650,21974,26036,5817,1505,22212
1	255	17115	7862,5284,7888,4830,17184,16534,13724,27722,22695,28779,31098,30887,29611,15641,30855,30839,32199,9420,16281,30778,32614,31582,31569,23361,11625,32837,416,32051,1147,32870,482,2181,3483,1849,2375,4455,1619,5341,212,4495,473,4548,2370,5185,3087,25111,4719,297,1622,6772,5572,4008,9207,32933,8067,8514,3253,9716,4209,32471,24783,5705,32443,11747,7641,10848,11195,11527,15494,2891,5264,11662,17722,13831,17334,9740,9968,15602,16105,14431,16806,17312,5222,18224,7179,20129,4319,16102,15626,361,9585,19016,19041,18929,5060,18448,17271,21424,18806,18760,10070,22610,18199,32171,20266,18183,18048,1924,20984,16944,31478,4100,23453,19348,19185,15361,24522,24495,25242,19826,22650,21974,26036,5817,1505,22212
1	255	18940	7862,5284,7888,4830,17184,16534,13724,27722,22695,28779,31098,30887,29611,15641,30855,30839,32199,9420,16281,30778,32614,31582,31569,23361,11625,32837,416,32051,1147,32870,482,2181,3483,1849,2375,4455,1619,5341,212,4495,473,4548,2370,5185,3087,25111,4719,297,1622,6772,5572,4008,9207,32933,8067,8514,3253,9716,4209,32471,24783,5705,32443,11747,7641,10848,11195,11527,15494,2891,5264,11662,17722,13831,17334,9740,9968,15602,16105,14431,16806,17312,5222,18224,7179,20129,4319,16102,15626,361,9585,19016,19041,18929,5060,18448,17271,21424,18806,18760,10070,22610,18199,32171,20266,18183,18048,1924,20984,16944,31478,4100,23453,19348,19185,15361,24522,24495,25242,19826,22650,21974,26036,5817,1505,22212,17115
0	255	25988	7862,5284,7888,4830,17184,16534,13724,27722,22695,28779,31098,30887,29611,15641,30855,30839,32199,9420,16281,30778,32614,31582,31569,23361,11625,32837,416,32051,1147,32870,482,2181,3483,1849,2375,4455,1619,5341,212,4495,473,4548,2370,5185,3087,25111,4719,297,1622,6772,5572,4008,9207,32933,8067,8514,3253,9716,4209,32471,24783,5705,32443,11747,7641,10848,11195,11527,15494,2891,5264,11662,17722,13831,17334,9740,9968,15602,16105,14431,16806,17312,5222,18224,7179,20129,4319,16102,15626,361,9585,19016,19041,18929,5060,18448,17271,21424,18806,18760,10070,22610,18199,32171,20266,18183,18048,1924,20984,16944,31478,4100,23453,19348,19185,15361,24522,24495,25242,19826,22650,21974,26036,5817,1505,22212,17115,18940
0	255	26747	7862,5284,7888,4830,17184,16534,13724,27722,22695,28779,31098,30887,29611,15641,30855,30839,32199,9420,16281,30778,32614,31582,31569,23361,11625,32837,416,32051,1147,32870,482,2181,3483,1849,2375,4455,1619,5341,212,4495,473,4548,2370,5185,3087,25111,4719,297,1622,6772,5572,4008,9207,32933,8067,8514,3253,9716,4209,32471,24783,5705,32443,11747,7641,10848,11195,11527,15494,2891,5264,11662,17722,13831,17334,9740,9968,15602,16105,14431,16806,17312,5222,18224,7179,20129,4319,16102,15626,361,9585,19016,19041,18929,5060,18448,17271,21424,18806,18760,10070,22610,18199,32171,20266,18183,18048,1924,20984,16944,31478,4100,23453,19348,19185,15361,24522,24495,25242,19826,22650,21974,26036,5817,1505,22212,17115,18940
1	255	24221	7862,5284,7888,4830,17184,16534,13724,27722,22695,28779,31098,30887,29611,15641,30855,30839,32199,9420,16281,30778,32614,31582,31569,23361,11625,32837,416,32051,1147,32870,482,2181,3483,1849,2375,4455,1619,5341,212,4495,473,4548,2370,5185,3087,25111,4719,297,1622,6772,5572,4008,9207,32933,8067,8514,3253,9716,4209,32471,24783,5705,32443,11747,7641,10848,11195,11527,15494,2891,5264,11662,17722,13831,17334,9740,9968,15602,16105,14431,16806,17312,5222,18224,7179,20129,4319,16102,15626,361,9585,19016,19041,18929,5060,18448,17271,21424,18806,18760,10070,22610,18199,32171,20266,18183,18048,1924,20984,16944,31478,4100,23453,19348,19185,15361,24522,24495,25242,19826,22650,21974,26036,5817,1505,22212,17115,18940
1	255	22440	7862,5284,7888,4830,17184,16534,13724,27722,22695,28779,31098,30887,29611,15641,30855,30839,32199,9420,16281,30778,32614,31582,31569,23361,11625,32837,416,32051,1147,32870,482,2181,3483,1849,2375,4455,1619,5341,212,4495,473,4548,2370,5185,3087,25111,4719,297,1622,6772,5572,4008,9207,32933,8067,8514,3253,9716,4209,32471,24783,5705,32443,11747,7641,10848,11195,11527,15494,2891,5264,11662,17722,13831,17334,9740,9968,15602,16105,14431,16806,17312,5222,18224,7179,20129,4319,16102,15626,361,9585,19016,19041,18929,5060,18448,17271,21424,18806,18760,10070,22610,18199,32171,20266,18183,18048,1924,20984,16944,31478,4100,23453,19348,19185,15361,24522,24495,25242,19826,22650,21974,26036,5817,1505,22212,17115,18940,24221
1	255	26906	7862,5284,7888,4830,17184,16534,13724,27722,22695,28779,31098,30887,29611,15641,30855,30839,32199,9420,16281,30778,32614,31582,31569,23361,11625,32837,416,32051,1147,32870,482,2181,3483,1849,2375,4455,1619,5341,212,4495,473,4548,2370,5185,3087,25111,4719,297,1622,6772,5572,4008,9207,32933,8067,8514,3253,9716,4209,32471,24783,5705,32443,11747,7641,10848,11195,11527,15494,2891,5264,11662,17722,13831,17334,9740,9968,15602,16105,14431,16806,17312,5222,18224,7179,20129,4319,16102,15626,361,9585,19016,19041,18929,5060,18448,17271,21424,18806,18760,10070,22610,18199,32171,20266,18183,18048,1924,20984,16944,31478,4100,23453,19348,19185,15361,24522,24495,25242,19826,22650,21974,26036,5817,1505,22212,17115,18940,24221,22440
1	255	20732	7862,5284,7888,4830,17184,16534,13724,27722,22695,28779,31098,30887,29611,15641,30855,30839,32199,9420,16281,30778,32614,31582,31569,23361,11625,32837,416,32051,1147,32870,482,2181,3483,1849,2375,4455,1619,5341,212,4495,473,4548,2370,5185,3087,25111,4719,297,1622,6772,5572,4008,9207,32933,8067,8514,3253,9716,4209,32471,24783,5705,32443,11747,7641,10848,11195,11527,15494,2891,5264,11662,17722,13831,17334,9740,9968,15602,16105,14431,16806,17312,5222,18224,7179,20129,4319,16102,15626,361,9585,19016,19041,18929,5060,18448,17271,21424,18806,18760,10070,22610,18199,32171,20266,18183,18048,1924,20984,16944,31478,4100,23453,19348,19185,15361,24522,24495,25242,19826,22650,21974,26036,5817,1505,22212,17115,18940,24221,22440,26906
1	255	27792	7862,5284,7888,4830,17184,16534,13724,27722,22695,28779,31098,30887,29611,15641,30855,30839,32199,9420,16281,30778,32614,31582,31569,23361,11625,32837,416,32051,1147,32870,482,2181,3483,1849,2375,4455,1619,5341,212,4495,473,4548,2370,5185,3087,25111,4719,297,1622,6772,5572,4008,9207,32933,8067,8514,3253,9716,4209,32471,24783,5705,32443,11747,7641,10848,11195,11527,15494,2891,5264,11662,17722,13831,17334,9740,9968,15602,16105,14431,16806,17312,5222,18224,7179,20129,4319,16102,15626,361,9585,19016,19041,18929,5060,18448,17271,21424,18806,18760,10070,22610,18199,32171,20266,18183,18048,1924,20984,16944,31478,4100,23453,19348,19185,15361,24522,24495,25242,19826,22650,21974,26036,5817,1505,22212,17115,18940,24221,22440,26906,20732
1	255	16088	7862,5284,7888,4830,17184,16534,13724,27722,22695,28779,31098,30887,29611,15641,30855,30839,32199,9420,16281,30778,32614,31582,31569,23361,11625,32837,416,32051,1147,32870,482,2181,3483,1849,2375,4455,1619,5341,212,4495,473,4548,2370,5185,3087,25111,4719,297,1622,6772,5572,4008,9207,32933,8067,8514,3253,9716,4209,32471,24783,5705,32443,11747,7641,10848,11195,11527,15494,2891,5264,11662,17722,13831,17334,9740,9968,15602,16105,14431,16806,17312,5222,18224,7179,20129,4319,16102,15626,361,9585,19016,19041,18929,5060,18448,17271,21424,18806,18760,10070,22610,18199,32171,20266,18183,18048,1924,20984,16944,31478,4100,23453,19348,19185,15361,24522,24495,25242,19826,22650,21974,26036,5817,1505,22212,17115,18940,24221,22440,26906,20732,27792
0	255	22860	7862,5284,7888,4830,17184,16534,13724,27722,22695,28779,31098,30887,29611,15641,30855,30839,32199,9420,16281,30778,32614,31582,31569,23361,11625,32837,416,32051,1147,32870,482,2181,3483,1849,2375,4455,1619,5341,212,4495,473,4548,2370,5185,3087,25111,4719,297,1622,6772,5572,4008,9207,32933,8067,8514,3253,9716,4209,32471,24783,5705,32443,11747,7641,10848,11195,11527,15494,2891,5264,11662,17722,13831,17334,9740,9968,15602,16105,14431,16806,17312,5222,18224,7179,20129,4319,16102,15626,361,9585,19016,19041,18929,5060,18448,17271,21424,18806,18760,10070,22610,18199,32171,20266,18183,18048,1924,20984,16944,31478,4100,23453,19348,19185,15361,24522,24495,25242,19826,22650,21974,26036,5817,1505,22212,17115,18940,24221,22440,26906,20732,27792,16088
0	255	18951	7862,5284,7888,4830,17184,16534,13724,27722,22695,28779,31098,30887,29611,15641,30855,30839,32199,9420,16281,30778,32614,31582,31569,23361,11625,32837,416,32051,1147,32870,482,2181,3483,1849,2375,4455,1619,5341,212,4495,473,4548,2370,5185,3087,25111,4719,297,1622,6772,5572,4008,9207,32933,8067,8514,3253,9716,4209,32471,24783,5705,32443,11747,7641,10848,11195,11527,15494,2891,5264,11662,17722,13831,17334,9740,9968,15602,16105,14431,16806,17312,5222,18224,7179,20129,4319,16102,15626,361,9585,19016,19041,18929,5060,18448,17271,21424,18806,18760,10070,22610,18199,32171,20266,18183,18048,1924,20984,16944,31478,4100,23453,19348,19185,15361,24522,24495,25242,19826,22650,21974,26036,5817,1505,22212,17115,18940,24221,22440,26906,20732,27792,16088
1	255	19492	7862,5284,7888,4830,17184,16534,13724,27722,22695,28779,31098,30887,29611,15641,30855,30839,32199,9420,16281,30778,32614,31582,31569,23361,11625,32837,416,32051,1147,32870,482,2181,3483,1849,2375,4455,1619,5341,212,4495,473,4548,2370,5185,3087,25111,4719,297,1622,6772,5572,4008,9207,32933,8067,8514,3253,9716,4209,32471,24783,5705,32443,11747,7641,10848,11195,11527,15494,2891,5264,11662,17722,13831,17334,9740,9968,15602,16105,14431,16806,17312,5222,18224,7179,20129,4319,16102,15626,361,9585,19016,19041,18929,5060,18448,17271,21424,18806,18760,10070,22610,18199,32171,20266,18183,18048,1924,20984,16944,31478,4100,23453,19348,19185,15361,24522,24495,25242,19826,22650,21974,26036,5817,1505,22212,17115,18940,24221,22440,26906,20732,27792,16088
1	255	11090	7862,5284,7888,4830,17184,16534,13724,27722,22695,28779,31098,30887,29611,15641,30855,30839,32199,9420,16281,30778,32614,31582,31569,23361,11625,32837,416,32051,1147,32870,482,2181,3483,1849,2375,4455,1619,5341,212,4495,473,4548,2370,5185,3087,25111,4719,297,1622,6772,5572,4008,9207,32933,8067,8514,3253,9716,4209,32471,24783,5705,32443,11747,7641,10848,11195,11527,15494,2891,5264,11662,17722,13831,17334,9740,9968,15602,16105,14431,16806,17312,5222,18224,7179,20129,4319,16102,15626,361,9585,19016,19041,18929,5060,18448,17271,21424,18806,18760,10070,22610,18199,32171,20266,18183,18048,1924,20984,16944,31478,4100,23453,19348,19185,15361,24522,24495,25242,19826,22650,21974,26036,5817,1505,22212,17115,18940,24221,22440,26906,20732,27792,16088,19492
1	255	22543	7862,5284,7888,4830,17184,16534,13724,27722,22695,28779,31098,30887,29611,15641,30855,30839,32199,9420,16281,30778,32614,31582,31569,23361,11625,32837,416,32051,1147,32870,482,2181,3483,1849,2375,4455,1619,5341,212,4495,473,4548,2370,5185,3087,25111,4719,297,1622,6772,5572,4008,9207,32933,8067,8514,3253,9716,4209,32471,24783,5705,32443,11747,7641,10848,11195,11527,15494,2891,5264,11662,17722,13831,17334,9740,9968,15602,16105,14431,16806,17312,5222,18224,7179,20129,4319,16102,15626,361,9585,19016,19041,18929,5060,18448,17271,21424,18806,18760,10070,22610,18199,32171,20266,18183,18048,1924,20984,16944,31478,4100,23453,19348,19185,15361,24522,24495,25242,19826,22650,21974,26036,5817,1505,22212,17115,18940,24221,22440,26906,20732,27792,16088,19492,11090
1	255	15177	7862,5284,7888,4830,17184,16534,13724,27722,22695,28779,31098,30887,29611,15641,30855,30839,32199,9420,16281,30778,32614,31582,31569,23361,11625,32837,416,32051,1147,32870,482,2181,3483,1849,2375,4455,1619,5341,212,4495,473,4548,2370,5185,3087,25111,4719,297,1622,6772,5572,4008,9207,32933,8067,8514,3253,9716,4209,32471,24783,5705,32443,11747,7641,10848,11195,11527,15494,2891,5264,11662,17722,13831,17334,9740,9968,15602,16105,14431,16806,17312,5222,18224,7179,20129,4319,16102,15626,361,9585,19016,19041,18929,5060,18448,17271,21424,18806,18760,10070,22610,18199,32171,20266,18183,18048,1924,20984,16944,31478,4100,23453,19348,19185,15361,24522,24495,25242,19826,22650,21974,26036,5817,1505,22212,17115,18940,24221,22440,26906,20732,27792,16088,19492,11090,22543
1	255	18781	7862,5284,7888,4830,17184,16534,13724,27722,22695,28779,31098,30887,29611,15641,30855,30839,32199,9420,16281,30778,32614,31582,31569,23361,11625,32837,416,32051,1147,32870,482,2181,3483,1849,2375,4455,1619,5341,212,4495,473,4548,2370,5185,3087,25111,4719,297,1622,6772,5572,4008,9207,32933,8067,8514,3253,9716,4209,32471,24783,5705,32443,11747,7641,10848,11195,11527,15494,2891,5264,11662,17722,13831,17334,9740,9968,15602,16105,14431,16806,17312,5222,18224,7179,20129,4319,16102,15626,361,9585,19016,19041,18929,5060,18448,17271,21424,18806,18760,10070,22610,18199,32171,20266,18183,18048,1924,20984,16944,31478,4100,23453,19348,19185,15361,24522,24495,25242,19826,22650,21974,26036,5817,1505,22212,17115,18940,24221,22440,26906,20732,27792,16088,19492,11090,22543,15177
1	255	23866	7862,5284,7888,4830,17184,16534,13724,27722,22695,28779,31098,30887,29611,15641,30855,30839,32199,9420,16281,30778,32614,31582,31569,23361,11625,32837,416,32051,1147,32870,482,2181,3483,1849,2375,4455,1619,5341,212,4495,473,4548,2370,5185,3087,25111,4719,297,1622,6772,5572,4008,9207,32933,8067,8514,3253,9716,4209,32471,24783,5705,32443,11747,7641,10848,11195,11527,15494,2891,5264,11662,17722,13831,17334,9740,9968,15602,16105,14431,16806,17312,5222,18224,7179,20129,4319,16102,15626,361,9585,19016,19041,18929,5060,18448,17271,21424,18806,18760,10070,22610,18199,32171,20266,18183,18048,1924,20984,16944,31478,4100,23453,19348,19185,15361,24522,24495,25242,19826,22650,21974,26036,5817,1505,22212,17115,18940,24221,22440,26906,20732,27792,16088,19492,11090,22543,15177,18781
0	255	22130	7862,5284,7888,4830,17184,16534,13724,27722,22695,28779,31098,30887,29611,15641,30855,30839,32199,9420,16281,30778,32614,31582,31569,23361,11625,32837,416,32051,1147,32870,482,2181,3483,1849,2375,4455,1619,5341,212,4495,473,4548,2370,5185,3087,25111,4719,297,1622,6772,5572,4008,9207,32933,8067,8514,3253,9716,4209,32471,24783,5705,32443,11747,7641,10848,11195,11527,15494,2891,5264,11662,17722,13831,17334,9740,9968,15602,16105,14431,16806,17312,5222,18224,7179,20129,4319,16102,15626,361,9585,19016,19041,18929,5060,18448,17271,21424,18806,18760,10070,22610,18199,32171,20266,18183,18048,1924,20984,16944,31478,4100,23453,19348,19185,15361,24522,24495,25242,19826,22650,21974,26036,5817,1505,22212,17115,18940,24221,22440,26906,20732,27792,16088,19492,11090,22543,15177,18781,23866
1	255	13281	7862,5284,7888,4830,17184,16534,13724,27722,22695,28779,31098,30887,29611,15641,30855,30839,32199,9420,16281,30778,32614,31582,31569,23361,11625,32837,416,32051,1147,32870,482,2181,3483,1849,2375,4455,1619,5341,212,4495,473,4548,2370,5185,3087,25111,4719,297,1622,6772,5572,4008,9207,32933,8067,8514,3253,9716,4209,32471,24783,5705,32443,11747,7641,10848,11195,11527,15494,2891,5264,11662,17722,13831,17334,9740,9968,15602,16105,14431,16806,17312,5222,18224,7179,20129,4319,16102,15626,361,9585,19016,19041,18929,5060,18448,17271,21424,18806,18760,10070,22610,18199,32171,20266,18183,18048,1924,20984,16944,31478,4100,23453,19348,19185,15361,24522,24495,25242,19826,22650,21974,26036,5817,1505,22212,17115,18940,24221,22440,26906,20732,27792,16088,19492,11090,22543,15177,18781,23866
0	255	8324	7862,5284,7888,4830,17184,16534,13724,27722,22695,28779,31098,30887,29611,15641,30855,30839,32199,9420,16281,30778,32614,31582,31569,23361,11625,32837,416,32051,1147,32870,482,2181,3483,1849,2375,4455,1619,5341,212,4495,473,4548,2370,5185,3087,25111,4719,297,1622,6772,5572,4008,9207,32933,8067,8514,3253,9716,4209,32471,24783,5705,32443,11747,7641,10848,11195,11527,15494,2891,5264,11662,17722,13831,17334,9740,9968,15602,16105,14431,16806,17312,5222,18224,7179,20129,4319,16102,15626,361,9585,19016,19041,18929,5060,18448,17271,21424,18806,18760,10070,22610,18199,32171,20266,18183,18048,1924,20984,16944,31478,4100,23453,19348,19185,15361,24522,24495,25242,19826,22650,21974,26036,5817,1505,22212,17115,18940,24221,22440,26906,20732,27792,16088,19492,11090,22543,15177,18781,23866,13281
