1	1237	31620	0
0	1237	26770	31620
0	1237	4605	31620
0	1237	31236	31620
0	1237	12258	31620
1	1237	8793	31620
0	1237	12018	31620,8793
0	1237	6260	31620,8793
0	1237	13655	31620,8793
0	1237	25033	31620,8793
1	1237	21628	31620,8793
1	1237	29247	31620,8793,21628
0	1237	31243	31620,8793,21628,29247
0	1237	31123	31620,8793,21628,29247
1	1237	32118	31620,8793,21628,29247
1	1237	486	31620,8793,21628,29247,32118
0	1237	17481	31620,8793,21628,29247,32118,486
0	1237	4922	31620,8793,21628,29247,32118,486
0	1237	5210	31620,8793,21628,29247,32118,486
1	1237	6303	31620,8793,21628,29247,32118,486
0	1237	8135	31620,8793,21628,29247,32118,486,6303
1	1237	28149	31620,8793,21628,29247,32118,486,6303
0	1237	8782	31620,8793,21628,29247,32118,486,6303,28149
1	1237	1798	31620,8793,21628,29247,32118,486,6303,28149
1	1237	6895	31620,8793,21628,29247,32118,486,6303,28149,1798
0	1237	8655	31620,8793,21628,29247,32118,486,6303,28149,1798,6895
0	1237	7501	31620,8793,21628,29247,32118,486,6303,28149,1798,6895
0	1237	9823	31620,8793,21628,29247,32118,486,6303,28149,1798,6895
0	1237	8724	31620,8793,21628,29247,32118,486,6303,28149,1798,6895
0	1237	16632	31620,8793,21628,29247,32118,486,6303,28149,1798,6895
1	1237	4930	31620,8793,21628,29247,32118,486,6303,28149,1798,6895
0	1237	9199	31620,8793,21628,29247,32118,486,6303,28149,1798,6895,4930
0	1237	6245	31620,8793,21628,29247,32118,486,6303,28149,1798,6895,4930
0	1237	7434	31620,8793,21628,29247,32118,486,6303,28149,1798,6895,4930
1	1237	31063	31620,8793,21628,29247,32118,486,6303,28149,1798,6895,4930
0	1237	32495	31620,8793,21628,29247,32118,486,6303,28149,1798,6895,4930,31063
0	1237	32885	31620,8793,21628,29247,32118,486,6303,28149,1798,6895,4930,31063
0	1237	10517	31620,8793,21628,29247,32118,486,6303,28149,1798,6895,4930,31063
0	1237	5734	31620,8793,21628,29247,32118,486,6303,28149,1798,6895,4930,31063
0	1237	7091	31620,8793,21628,29247,32118,486,6303,28149,1798,6895,4930,31063
0	1237	9462	31620,8793,21628,29247,32118,486,6303,28149,1798,6895,4930,31063
0	1237	7634	31620,8793,21628,29247,32118,486,6303,28149,1798,6895,4930,31063
0	1237	9906	31620,8793,21628,29247,32118,486,6303,28149,1798,6895,4930,31063
0	1237	9907	31620,8793,21628,29247,32118,486,6303,28149,1798,6895,4930,31063
0	1237	11925	31620,8793,21628,29247,32118,486,6303,28149,1798,6895,4930,31063
0	1237	11414	31620,8793,21628,29247,32118,486,6303,28149,1798,6895,4930,31063
0	1237	11446	31620,8793,21628,29247,32118,486,6303,28149,1798,6895,4930,31063
0	1237	8729	31620,8793,21628,29247,32118,486,6303,28149,1798,6895,4930,31063
1	1237	2454	31620,8793,21628,29247,32118,486,6303,28149,1798,6895,4930,31063
0	1237	13225	31620,8793,21628,29247,32118,486,6303,28149,1798,6895,4930,31063,2454
0	1237	638	31620,8793,21628,29247,32118,486,6303,28149,1798,6895,4930,31063,2454
0	1237	13227	31620,8793,21628,29247,32118,486,6303,28149,1798,6895,4930,31063,2454
1	1237	8488	31620,8793,21628,29247,32118,486,6303,28149,1798,6895,4930,31063,2454
0	1237	12307	31620,8793,21628,29247,32118,486,6303,28149,1798,6895,4930,31063,2454,8488
0	1237	8512	31620,8793,21628,29247,32118,486,6303,28149,1798,6895,4930,31063,2454,8488
1	1237	9440	31620,8793,21628,29247,32118,486,6303,28149,1798,6895,4930,31063,2454,8488
0	1237	10712	31620,8793,21628,29247,32118,486,6303,28149,1798,6895,4930,31063,2454,8488,9440
0	1237	14622	31620,8793,21628,29247,32118,486,6303,28149,1798,6895,4930,31063,2454,8488,9440
0	1237	12874	31620,8793,21628,29247,32118,486,6303,28149,1798,6895,4930,31063,2454,8488,9440
0	1237	1089	31620,8793,21628,29247,32118,486,6303,28149,1798,6895,4930,31063,2454,8488,9440
0	1237	12905	31620,8793,21628,29247,32118,486,6303,28149,1798,6895,4930,31063,2454,8488,9440
0	1237	13696	31620,8793,21628,29247,32118,486,6303,28149,1798,6895,4930,31063,2454,8488,9440
0	1237	10740	31620,8793,21628,29247,32118,486,6303,28149,1798,6895,4930,31063,2454,8488,9440
1	1237	2645	31620,8793,21628,29247,32118,486,6303,28149,1798,6895,4930,31063,2454,8488,9440
0	1237	13419	31620,8793,21628,29247,32118,486,6303,28149,1798,6895,4930,31063,2454,8488,9440,2645
1	1237	4294	31620,8793,21628,29247,32118,486,6303,28149,1798,6895,4930,31063,2454,8488,9440,2645
0	1237	14308	31620,8793,21628,29247,32118,486,6303,28149,1798,6895,4930,31063,2454,8488,9440,2645,4294
0	1237	6732	31620,8793,21628,29247,32118,486,6303,28149,1798,6895,4930,31063,2454,8488,9440,2645,4294
0	1237	11262	31620,8793,21628,29247,32118,486,6303,28149,1798,6895,4930,31063,2454,8488,9440,2645,4294
0	1237	14516	31620,8793,21628,29247,32118,486,6303,28149,1798,6895,4930,31063,2454,8488,9440,2645,4294
1	1237	5792	31620,8793,21628,29247,32118,486,6303,28149,1798,6895,4930,31063,2454,8488,9440,2645,4294
0	1237	15212	31620,8793,21628,29247,32118,486,6303,28149,1798,6895,4930,31063,2454,8488,9440,2645,4294,5792
1	1237	17450	31620,8793,21628,29247,32118,486,6303,28149,1798,6895,4930,31063,2454,8488,9440,2645,4294,5792
0	1237	13799	31620,8793,21628,29247,32118,486,6303,28149,1798,6895,4930,31063,2454,8488,9440,2645,4294,5792,17450
1	1237	16545	31620,8793,21628,29247,32118,486,6303,28149,1798,6895,4930,31063,2454,8488,9440,2645,4294,5792,17450
0	1237	15029	31620,8793,21628,29247,32118,486,6303,28149,1798,6895,4930,31063,2454,8488,9440,2645,4294,5792,17450,16545
1	1237	16166	31620,8793,21628,29247,32118,486,6303,28149,1798,6895,4930,31063,2454,8488,9440,2645,4294,5792,17450,16545
1	1237	15123	31620,8793,21628,29247,32118,486,6303,28149,1798,6895,4930,31063,2454,8488,9440,2645,4294,5792,17450,16545,16166
1	1237	9995	31620,8793,21628,29247,32118,486,6303,28149,1798,6895,4930,31063,2454,8488,9440,2645,4294,5792,17450,16545,16166,15123
0	1237	16168	31620,8793,21628,29247,32118,486,6303,28149,1798,6895,4930,31063,2454,8488,9440,2645,4294,5792,17450,16545,16166,15123,9995
0	1237	16001	31620,8793,21628,29247,32118,486,6303,28149,1798,6895,4930,31063,2454,8488,9440,2645,4294,5792,17450,16545,16166,15123,9995
1	1237	16557	31620,8793,21628,29247,32118,486,6303,28149,1798,6895,4930,31063,2454,8488,9440,2645,4294,5792,17450,16545,16166,15123,9995
1	1237	15271	31620,8793,21628,29247,32118,486,6303,28149,1798,6895,4930,31063,2454,8488,9440,2645,4294,5792,17450,16545,16166,15123,9995,16557
0	1237	16626	31620,8793,21628,29247,32118,486,6303,28149,1798,6895,4930,31063,2454,8488,9440,2645,4294,5792,17450,16545,16166,15123,9995,16557,15271
0	1237	15280	31620,8793,21628,29247,32118,486,6303,28149,1798,6895,4930,31063,2454,8488,9440,2645,4294,5792,17450,16545,16166,15123,9995,16557,15271
0	1237	16086	31620,8793,21628,29247,32118,486,6303,28149,1798,6895,4930,31063,2454,8488,9440,2645,4294,5792,17450,16545,16166,15123,9995,16557,15271
1	1237	14084	31620,8793,21628,29247,32118,486,6303,28149,1798,6895,4930,31063,2454,8488,9440,2645,4294,5792,17450,16545,16166,15123,9995,16557,15271
0	1237	15433	31620,8793,21628,29247,32118,486,6303,28149,1798,6895,4930,31063,2454,8488,9440,2645,4294,5792,17450,16545,16166,15123,9995,16557,15271,14084
1	1237	17829	31620,8793,21628,29247,32118,486,6303,28149,1798,6895,4930,31063,2454,8488,9440,2645,4294,5792,17450,16545,16166,15123,9995,16557,15271,14084
1	1237	11680	31620,8793,21628,29247,32118,486,6303,28149,1798,6895,4930,31063,2454,8488,9440,2645,4294,5792,17450,16545,16166,15123,9995,16557,15271,14084,17829
1	1237	10123	31620,8793,21628,29247,32118,486,6303,28149,1798,6895,4930,31063,2454,8488,9440,2645,4294,5792,17450,16545,16166,15123,9995,16557,15271,14084,17829,11680
1	1237	16438	31620,8793,21628,29247,32118,486,6303,28149,1798,6895,4930,31063,2454,8488,9440,2645,4294,5792,17450,16545,16166,15123,9995,16557,15271,14084,17829,11680,10123
1	1237	9551	31620,8793,21628,29247,32118,486,6303,28149,1798,6895,4930,31063,2454,8488,9440,2645,4294,5792,17450,16545,16166,15123,9995,16557,15271,14084,17829,11680,10123,16438
1	1237	18319	31620,8793,21628,29247,32118,486,6303,28149,1798,6895,4930,31063,2454,8488,9440,2645,4294,5792,17450,16545,16166,15123,9995,16557,15271,14084,17829,11680,10123,16438,9551
1	1237	17011	31620,8793,21628,29247,32118,486,6303,28149,1798,6895,4930,31063,2454,8488,9440,2645,4294,5792,17450,16545,16166,15123,9995,16557,15271,14084,17829,11680,10123,16438,9551,18319
0	1237	18478	31620,8793,21628,29247,32118,486,6303,28149,1798,6895,4930,31063,2454,8488,9440,2645,4294,5792,17450,16545,16166,15123,9995,16557,15271,14084,17829,11680,10123,16438,9551,18319,17011
1	1237	18969	31620,8793,21628,29247,32118,486,6303,28149,1798,6895,4930,31063,2454,8488,9440,2645,4294,5792,17450,16545,16166,15123,9995,16557,15271,14084,17829,11680,10123,16438,9551,18319,17011
0	1237	19329	31620,8793,21628,29247,32118,486,6303,28149,1798,6895,4930,31063,2454,8488,9440,2645,4294,5792,17450,16545,16166,15123,9995,16557,15271,14084,17829,11680,10123,16438,9551,18319,17011,18969
1	1237	20106	31620,8793,21628,29247,32118,486,6303,28149,1798,6895,4930,31063,2454,8488,9440,2645,4294,5792,17450,16545,16166,15123,9995,16557,15271,14084,17829,11680,10123,16438,9551,18319,17011,18969
1	1237	17933	31620,8793,21628,29247,32118,486,6303,28149,1798,6895,4930,31063,2454,8488,9440,2645,4294,5792,17450,16545,16166,15123,9995,16557,15271,14084,17829,11680,10123,16438,9551,18319,17011,18969,20106
1	1237	18142	31620,8793,21628,29247,32118,486,6303,28149,1798,6895,4930,31063,2454,8488,9440,2645,4294,5792,17450,16545,16166,15123,9995,16557,15271,14084,17829,11680,10123,16438,9551,18319,17011,18969,20106,17933
0	1237	18196	31620,8793,21628,29247,32118,486,6303,28149,1798,6895,4930,31063,2454,8488,9440,2645,4294,5792,17450,16545,16166,15123,9995,16557,15271,14084,17829,11680,10123,16438,9551,18319,17011,18969,20106,17933,18142
0	1237	20205	31620,8793,21628,29247,32118,486,6303,28149,1798,6895,4930,31063,2454,8488,9440,2645,4294,5792,17450,16545,16166,15123,9995,16557,15271,14084,17829,11680,10123,16438,9551,18319,17011,18969,20106,17933,18142
1	1237	18793	31620,8793,21628,29247,32118,486,6303,28149,1798,6895,4930,31063,2454,8488,9440,2645,4294,5792,17450,16545,16166,15123,9995,16557,15271,14084,17829,11680,10123,16438,9551,18319,17011,18969,20106,17933,18142
0	1237	19612	31620,8793,21628,29247,32118,486,6303,28149,1798,6895,4930,31063,2454,8488,9440,2645,4294,5792,17450,16545,16166,15123,9995,16557,15271,14084,17829,11680,10123,16438,9551,18319,17011,18969,20106,17933,18142,18793
0	1237	19165	31620,8793,21628,29247,32118,486,6303,28149,1798,6895,4930,31063,2454,8488,9440,2645,4294,5792,17450,16545,16166,15123,9995,16557,15271,14084,17829,11680,10123,16438,9551,18319,17011,18969,20106,17933,18142,18793
0	1237	19620	31620,8793,21628,29247,32118,486,6303,28149,1798,6895,4930,31063,2454,8488,9440,2645,4294,5792,17450,16545,16166,15123,9995,16557,15271,14084,17829,11680,10123,16438,9551,18319,17011,18969,20106,17933,18142,18793
1	1237	22406	31620,8793,21628,29247,32118,486,6303,28149,1798,6895,4930,31063,2454,8488,9440,2645,4294,5792,17450,16545,16166,15123,9995,16557,15271,14084,17829,11680,10123,16438,9551,18319,17011,18969,20106,17933,18142,18793
0	1237	21538	31620,8793,21628,29247,32118,486,6303,28149,1798,6895,4930,31063,2454,8488,9440,2645,4294,5792,17450,16545,16166,15123,9995,16557,15271,14084,17829,11680,10123,16438,9551,18319,17011,18969,20106,17933,18142,18793,22406
0	1237	19335	31620,8793,21628,29247,32118,486,6303,28149,1798,6895,4930,31063,2454,8488,9440,2645,4294,5792,17450,16545,16166,15123,9995,16557,15271,14084,17829,11680,10123,16438,9551,18319,17011,18969,20106,17933,18142,18793,22406
0	1237	19403	31620,8793,21628,29247,32118,486,6303,28149,1798,6895,4930,31063,2454,8488,9440,2645,4294,5792,17450,16545,16166,15123,9995,16557,15271,14084,17829,11680,10123,16438,9551,18319,17011,18969,20106,17933,18142,18793,22406
0	1237	22741	31620,8793,21628,29247,32118,486,6303,28149,1798,6895,4930,31063,2454,8488,9440,2645,4294,5792,17450,16545,16166,15123,9995,16557,15271,14084,17829,11680,10123,16438,9551,18319,17011,18969,20106,17933,18142,18793,22406
0	1237	23491	31620,8793,21628,29247,32118,486,6303,28149,1798,6895,4930,31063,2454,8488,9440,2645,4294,5792,17450,16545,16166,15123,9995,16557,15271,14084,17829,11680,10123,16438,9551,18319,17011,18969,20106,17933,18142,18793,22406
0	1237	23447	31620,8793,21628,29247,32118,486,6303,28149,1798,6895,4930,31063,2454,8488,9440,2645,4294,5792,17450,16545,16166,15123,9995,16557,15271,14084,17829,11680,10123,16438,9551,18319,17011,18969,20106,17933,18142,18793,22406
0	1237	20658	31620,8793,21628,29247,32118,486,6303,28149,1798,6895,4930,31063,2454,8488,9440,2645,4294,5792,17450,16545,16166,15123,9995,16557,15271,14084,17829,11680,10123,16438,9551,18319,17011,18969,20106,17933,18142,18793,22406
1	1237	22883	31620,8793,21628,29247,32118,486,6303,28149,1798,6895,4930,31063,2454,8488,9440,2645,4294,5792,17450,16545,16166,15123,9995,16557,15271,14084,17829,11680,10123,16438,9551,18319,17011,18969,20106,17933,18142,18793,22406
0	1237	15095	31620,8793,21628,29247,32118,486,6303,28149,1798,6895,4930,31063,2454,8488,9440,2645,4294,5792,17450,16545,16166,15123,9995,16557,15271,14084,17829,11680,10123,16438,9551,18319,17011,18969,20106,17933,18142,18793,22406,22883
0	1237	24009	31620,8793,21628,29247,32118,486,6303,28149,1798,6895,4930,31063,2454,8488,9440,2645,4294,5792,17450,16545,16166,15123,9995,16557,15271,14084,17829,11680,10123,16438,9551,18319,17011,18969,20106,17933,18142,18793,22406,22883
1	1237	20820	31620,8793,21628,29247,32118,486,6303,28149,1798,6895,4930,31063,2454,8488,9440,2645,4294,5792,17450,16545,16166,15123,9995,16557,15271,14084,17829,11680,10123,16438,9551,18319,17011,18969,20106,17933,18142,18793,22406,22883
1	1237	24166	31620,8793,21628,29247,32118,486,6303,28149,1798,6895,4930,31063,2454,8488,9440,2645,4294,5792,17450,16545,16166,15123,9995,16557,15271,14084,17829,11680,10123,16438,9551,18319,17011,18969,20106,17933,18142,18793,22406,22883,20820
0	1237	19017	31620,8793,21628,29247,32118,486,6303,28149,1798,6895,4930,31063,2454,8488,9440,2645,4294,5792,17450,16545,16166,15123,9995,16557,15271,14084,17829,11680,10123,16438,9551,18319,17011,18969,20106,17933,18142,18793,22406,22883,20820,24166
0	1237	19019	31620,8793,21628,29247,32118,486,6303,28149,1798,6895,4930,31063,2454,8488,9440,2645,4294,5792,17450,16545,16166,15123,9995,16557,15271,14084,17829,11680,10123,16438,9551,18319,17011,18969,20106,17933,18142,18793,22406,22883,20820,24166
0	1237	15219	31620,8793,21628,29247,32118,486,6303,28149,1798,6895,4930,31063,2454,8488,9440,2645,4294,5792,17450,16545,16166,15123,9995,16557,15271,14084,17829,11680,10123,16438,9551,18319,17011,18969,20106,17933,18142,18793,22406,22883,20820,24166
0	1237	19373	31620,8793,21628,29247,32118,486,6303,28149,1798,6895,4930,31063,2454,8488,9440,2645,4294,5792,17450,16545,16166,15123,9995,16557,15271,14084,17829,11680,10123,16438,9551,18319,17011,18969,20106,17933,18142,18793,22406,22883,20820,24166
0	1237	14386	31620,8793,21628,29247,32118,486,6303,28149,1798,6895,4930,31063,2454,8488,9440,2645,4294,5792,17450,16545,16166,15123,9995,16557,15271,14084,17829,11680,10123,16438,9551,18319,17011,18969,20106,17933,18142,18793,22406,22883,20820,24166
0	1237	19185	31620,8793,21628,29247,32118,486,6303,28149,1798,6895,4930,31063,2454,8488,9440,2645,4294,5792,17450,16545,16166,15123,9995,16557,15271,14084,17829,11680,10123,16438,9551,18319,17011,18969,20106,17933,18142,18793,22406,22883,20820,24166
0	1237	24948	31620,8793,21628,29247,32118,486,6303,28149,1798,6895,4930,31063,2454,8488,9440,2645,4294,5792,17450,16545,16166,15123,9995,16557,15271,14084,17829,11680,10123,16438,9551,18319,17011,18969,20106,17933,18142,18793,22406,22883,20820,24166
0	1237	23882	31620,8793,21628,29247,32118,486,6303,28149,1798,6895,4930,31063,2454,8488,9440,2645,4294,5792,17450,16545,16166,15123,9995,16557,15271,14084,17829,11680,10123,16438,9551,18319,17011,18969,20106,17933,18142,18793,22406,22883,20820,24166
0	1237	23453	31620,8793,21628,29247,32118,486,6303,28149,1798,6895,4930,31063,2454,8488,9440,2645,4294,5792,17450,16545,16166,15123,9995,16557,15271,14084,17829,11680,10123,16438,9551,18319,17011,18969,20106,17933,18142,18793,22406,22883,20820,24166
0	1237	22111	31620,8793,21628,29247,32118,486,6303,28149,1798,6895,4930,31063,2454,8488,9440,2645,4294,5792,17450,16545,16166,15123,9995,16557,15271,14084,17829,11680,10123,16438,9551,18319,17011,18969,20106,17933,18142,18793,22406,22883,20820,24166
0	1237	13660	31620,8793,21628,29247,32118,486,6303,28149,1798,6895,4930,31063,2454,8488,9440,2645,4294,5792,17450,16545,16166,15123,9995,16557,15271,14084,17829,11680,10123,16438,9551,18319,17011,18969,20106,17933,18142,18793,22406,22883,20820,24166
0	1237	19376	31620,8793,21628,29247,32118,486,6303,28149,1798,6895,4930,31063,2454,8488,9440,2645,4294,5792,17450,16545,16166,15123,9995,16557,15271,14084,17829,11680,10123,16438,9551,18319,17011,18969,20106,17933,18142,18793,22406,22883,20820,24166
0	1237	15872	31620,8793,21628,29247,32118,486,6303,28149,1798,6895,4930,31063,2454,8488,9440,2645,4294,5792,17450,16545,16166,15123,9995,16557,15271,14084,17829,11680,10123,16438,9551,18319,17011,18969,20106,17933,18142,18793,22406,22883,20820,24166
0	1237	24458	31620,8793,21628,29247,32118,486,6303,28149,1798,6895,4930,31063,2454,8488,9440,2645,4294,5792,17450,16545,16166,15123,9995,16557,15271,14084,17829,11680,10123,16438,9551,18319,17011,18969,20106,17933,18142,18793,22406,22883,20820,24166
1	1237	21206	31620,8793,21628,29247,32118,486,6303,28149,1798,6895,4930,31063,2454,8488,9440,2645,4294,5792,17450,16545,16166,15123,9995,16557,15271,14084,17829,11680,10123,16438,9551,18319,17011,18969,20106,17933,18142,18793,22406,22883,20820,24166
1	1237	25338	31620,8793,21628,29247,32118,486,6303,28149,1798,6895,4930,31063,2454,8488,9440,2645,4294,5792,17450,16545,16166,15123,9995,16557,15271,14084,17829,11680,10123,16438,9551,18319,17011,18969,20106,17933,18142,18793,22406,22883,20820,24166,21206
1	1237	10877	31620,8793,21628,29247,32118,486,6303,28149,1798,6895,4930,31063,2454,8488,9440,2645,4294,5792,17450,16545,16166,15123,9995,16557,15271,14084,17829,11680,10123,16438,9551,18319,17011,18969,20106,17933,18142,18793,22406,22883,20820,24166,21206,25338
0	1237	24333	31620,8793,21628,29247,32118,486,6303,28149,1798,6895,4930,31063,2454,8488,9440,2645,4294,5792,17450,16545,16166,15123,9995,16557,15271,14084,17829,11680,10123,16438,9551,18319,17011,18969,20106,17933,18142,18793,22406,22883,20820,24166,21206,25338,10877
0	1237	24926	31620,8793,21628,29247,32118,486,6303,28149,1798,6895,4930,31063,2454,8488,9440,2645,4294,5792,17450,16545,16166,15123,9995,16557,15271,14084,17829,11680,10123,16438,9551,18319,17011,18969,20106,17933,18142,18793,22406,22883,20820,24166,21206,25338,10877
0	1237	25817	31620,8793,21628,29247,32118,486,6303,28149,1798,6895,4930,31063,2454,8488,9440,2645,4294,5792,17450,16545,16166,15123,9995,16557,15271,14084,17829,11680,10123,16438,9551,18319,17011,18969,20106,17933,18142,18793,22406,22883,20820,24166,21206,25338,10877
0	1237	26421	31620,8793,21628,29247,32118,486,6303,28149,1798,6895,4930,31063,2454,8488,9440,2645,4294,5792,17450,16545,16166,15123,9995,16557,15271,14084,17829,11680,10123,16438,9551,18319,17011,18969,20106,17933,18142,18793,22406,22883,20820,24166,21206,25338,10877
1	1237	19233	31620,8793,21628,29247,32118,486,6303,28149,1798,6895,4930,31063,2454,8488,9440,2645,4294,5792,17450,16545,16166,15123,9995,16557,15271,14084,17829,11680,10123,16438,9551,18319,17011,18969,20106,17933,18142,18793,22406,22883,20820,24166,21206,25338,10877
0	1237	24406	31620,8793,21628,29247,32118,486,6303,28149,1798,6895,4930,31063,2454,8488,9440,2645,4294,5792,17450,16545,16166,15123,9995,16557,15271,14084,17829,11680,10123,16438,9551,18319,17011,18969,20106,17933,18142,18793,22406,22883,20820,24166,21206,25338,10877,19233
0	1237	25248	31620,8793,21628,29247,32118,486,6303,28149,1798,6895,4930,31063,2454,8488,9440,2645,4294,5792,17450,16545,16166,15123,9995,16557,15271,14084,17829,11680,10123,16438,9551,18319,17011,18969,20106,17933,18142,18793,22406,22883,20820,24166,21206,25338,10877,19233
0	1237	25337	31620,8793,21628,29247,32118,486,6303,28149,1798,6895,4930,31063,2454,8488,9440,2645,4294,5792,17450,16545,16166,15123,9995,16557,15271,14084,17829,11680,10123,16438,9551,18319,17011,18969,20106,17933,18142,18793,22406,22883,20820,24166,21206,25338,10877,19233
0	1237	26671	31620,8793,21628,29247,32118,486,6303,28149,1798,6895,4930,31063,2454,8488,9440,2645,4294,5792,17450,16545,16166,15123,9995,16557,15271,14084,17829,11680,10123,16438,9551,18319,17011,18969,20106,17933,18142,18793,22406,22883,20820,24166,21206,25338,10877,19233
0	1237	25232	31620,8793,21628,29247,32118,486,6303,28149,1798,6895,4930,31063,2454,8488,9440,2645,4294,5792,17450,16545,16166,15123,9995,16557,15271,14084,17829,11680,10123,16438,9551,18319,17011,18969,20106,17933,18142,18793,22406,22883,20820,24166,21206,25338,10877,19233
0	1237	20069	31620,8793,21628,29247,32118,486,6303,28149,1798,6895,4930,31063,2454,8488,9440,2645,4294,5792,17450,16545,16166,15123,9995,16557,15271,14084,17829,11680,10123,16438,9551,18319,17011,18969,20106,17933,18142,18793,22406,22883,20820,24166,21206,25338,10877,19233
0	1237	22581	31620,8793,21628,29247,32118,486,6303,28149,1798,6895,4930,31063,2454,8488,9440,2645,4294,5792,17450,16545,16166,15123,9995,16557,15271,14084,17829,11680,10123,16438,9551,18319,17011,18969,20106,17933,18142,18793,22406,22883,20820,24166,21206,25338,10877,19233
1	1237	27113	31620,8793,21628,29247,32118,486,6303,28149,1798,6895,4930,31063,2454,8488,9440,2645,4294,5792,17450,16545,16166,15123,9995,16557,15271,14084,17829,11680,10123,16438,9551,18319,17011,18969,20106,17933,18142,18793,22406,22883,20820,24166,21206,25338,10877,19233
1	1237	27619	31620,8793,21628,29247,32118,486,6303,28149,1798,6895,4930,31063,2454,8488,9440,2645,4294,5792,17450,16545,16166,15123,9995,16557,15271,14084,17829,11680,10123,16438,9551,18319,17011,18969,20106,17933,18142,18793,22406,22883,20820,24166,21206,25338,10877,19233,27113
0	1237	27394	31620,8793,21628,29247,32118,486,6303,28149,1798,6895,4930,31063,2454,8488,9440,2645,4294,5792,17450,16545,16166,15123,9995,16557,15271,14084,17829,11680,10123,16438,9551,18319,17011,18969,20106,17933,18142,18793,22406,22883,20820,24166,21206,25338,10877,19233,27113,27619
0	1237	28066	31620,8793,21628,29247,32118,486,6303,28149,1798,6895,4930,31063,2454,8488,9440,2645,4294,5792,17450,16545,16166,15123,9995,16557,15271,14084,17829,11680,10123,16438,9551,18319,17011,18969,20106,17933,18142,18793,22406,22883,20820,24166,21206,25338,10877,19233,27113,27619
0	1237	24791	31620,8793,21628,29247,32118,486,6303,28149,1798,6895,4930,31063,2454,8488,9440,2645,4294,5792,17450,16545,16166,15123,9995,16557,15271,14084,17829,11680,10123,16438,9551,18319,17011,18969,20106,17933,18142,18793,22406,22883,20820,24166,21206,25338,10877,19233,27113,27619
0	1237	27829	31620,8793,21628,29247,32118,486,6303,28149,1798,6895,4930,31063,2454,8488,9440,2645,4294,5792,17450,16545,16166,15123,9995,16557,15271,14084,17829,11680,10123,16438,9551,18319,17011,18969,20106,17933,18142,18793,22406,22883,20820,24166,21206,25338,10877,19233,27113,27619
0	1237	26781	31620,8793,21628,29247,32118,486,6303,28149,1798,6895,4930,31063,2454,8488,9440,2645,4294,5792,17450,16545,16166,15123,9995,16557,15271,14084,17829,11680,10123,16438,9551,18319,17011,18969,20106,17933,18142,18793,22406,22883,20820,24166,21206,25338,10877,19233,27113,27619
0	1237	27509	31620,8793,21628,29247,32118,486,6303,28149,1798,6895,4930,31063,2454,8488,9440,2645,4294,5792,17450,16545,16166,15123,9995,16557,15271,14084,17829,11680,10123,16438,9551,18319,17011,18969,20106,17933,18142,18793,22406,22883,20820,24166,21206,25338,10877,19233,27113,27619
0	1237	28930	31620,8793,21628,29247,32118,486,6303,28149,1798,6895,4930,31063,2454,8488,9440,2645,4294,5792,17450,16545,16166,15123,9995,16557,15271,14084,17829,11680,10123,16438,9551,18319,17011,18969,20106,17933,18142,18793,22406,22883,20820,24166,21206,25338,10877,19233,27113,27619
0	1237	28962	31620,8793,21628,29247,32118,486,6303,28149,1798,6895,4930,31063,2454,8488,9440,2645,4294,5792,17450,16545,16166,15123,9995,16557,15271,14084,17829,11680,10123,16438,9551,18319,17011,18969,20106,17933,18142,18793,22406,22883,20820,24166,21206,25338,10877,19233,27113,27619
0	1237	28728	31620,8793,21628,29247,32118,486,6303,28149,1798,6895,4930,31063,2454,8488,9440,2645,4294,5792,17450,16545,16166,15123,9995,16557,15271,14084,17829,11680,10123,16438,9551,18319,17011,18969,20106,17933,18142,18793,22406,22883,20820,24166,21206,25338,10877,19233,27113,27619
1	1237	27997	31620,8793,21628,29247,32118,486,6303,28149,1798,6895,4930,31063,2454,8488,9440,2645,4294,5792,17450,16545,16166,15123,9995,16557,15271,14084,17829,11680,10123,16438,9551,18319,17011,18969,20106,17933,18142,18793,22406,22883,20820,24166,21206,25338,10877,19233,27113,27619
0	1237	17570	31620,8793,21628,29247,32118,486,6303,28149,1798,6895,4930,31063,2454,8488,9440,2645,4294,5792,17450,16545,16166,15123,9995,16557,15271,14084,17829,11680,10123,16438,9551,18319,17011,18969,20106,17933,18142,18793,22406,22883,20820,24166,21206,25338,10877,19233,27113,27619,27997
0	1237	28973	31620,8793,21628,29247,32118,486,6303,28149,1798,6895,4930,31063,2454,8488,9440,2645,4294,5792,17450,16545,16166,15123,9995,16557,15271,14084,17829,11680,10123,16438,9551,18319,17011,18969,20106,17933,18142,18793,22406,22883,20820,24166,21206,25338,10877,19233,27113,27619,27997
0	1237	25826	31620,8793,21628,29247,32118,486,6303,28149,1798,6895,4930,31063,2454,8488,9440,2645,4294,5792,17450,16545,16166,15123,9995,16557,15271,14084,17829,11680,10123,16438,9551,18319,17011,18969,20106,17933,18142,18793,22406,22883,20820,24166,21206,25338,10877,19233,27113,27619,27997
0	1237	29139	31620,8793,21628,29247,32118,486,6303,28149,1798,6895,4930,31063,2454,8488,9440,2645,4294,5792,17450,16545,16166,15123,9995,16557,15271,14084,17829,11680,10123,16438,9551,18319,17011,18969,20106,17933,18142,18793,22406,22883,20820,24166,21206,25338,10877,19233,27113,27619,27997
0	1237	28541	31620,8793,21628,29247,32118,486,6303,28149,1798,6895,4930,31063,2454,8488,9440,2645,4294,5792,17450,16545,16166,15123,9995,16557,15271,14084,17829,11680,10123,16438,9551,18319,17011,18969,20106,17933,18142,18793,22406,22883,20820,24166,21206,25338,10877,19233,27113,27619,27997
1	1237	29330	31620,8793,21628,29247,32118,486,6303,28149,1798,6895,4930,31063,2454,8488,9440,2645,4294,5792,17450,16545,16166,15123,9995,16557,15271,14084,17829,11680,10123,16438,9551,18319,17011,18969,20106,17933,18142,18793,22406,22883,20820,24166,21206,25338,10877,19233,27113,27619,27997
1	1237	27582	31620,8793,21628,29247,32118,486,6303,28149,1798,6895,4930,31063,2454,8488,9440,2645,4294,5792,17450,16545,16166,15123,9995,16557,15271,14084,17829,11680,10123,16438,9551,18319,17011,18969,20106,17933,18142,18793,22406,22883,20820,24166,21206,25338,10877,19233,27113,27619,27997,29330
0	1237	28877	31620,8793,21628,29247,32118,486,6303,28149,1798,6895,4930,31063,2454,8488,9440,2645,4294,5792,17450,16545,16166,15123,9995,16557,15271,14084,17829,11680,10123,16438,9551,18319,17011,18969,20106,17933,18142,18793,22406,22883,20820,24166,21206,25338,10877,19233,27113,27619,27997,29330,27582
0	1237	28429	31620,8793,21628,29247,32118,486,6303,28149,1798,6895,4930,31063,2454,8488,9440,2645,4294,5792,17450,16545,16166,15123,9995,16557,15271,14084,17829,11680,10123,16438,9551,18319,17011,18969,20106,17933,18142,18793,22406,22883,20820,24166,21206,25338,10877,19233,27113,27619,27997,29330,27582
