0	645	2507	0
1	645	3490	0
0	645	661	3490
1	645	1418	3490
0	645	28026	3490,1418
1	645	6949	3490,1418
1	645	6059	3490,1418,6949
1	645	23752	3490,1418,6949,6059
0	645	31041	3490,1418,6949,6059,23752
0	645	9456	3490,1418,6949,6059,23752
0	645	3713	3490,1418,6949,6059,23752
0	645	12185	3490,1418,6949,6059,23752
1	645	18576	3490,1418,6949,6059,23752
0	645	1024	3490,1418,6949,6059,23752,18576
0	645	1703	3490,1418,6949,6059,23752,18576
1	645	3333	3490,1418,6949,6059,23752,18576
1	645	4373	3490,1418,6949,6059,23752,18576,3333
0	645	21210	3490,1418,6949,6059,23752,18576,3333,4373
0	645	16758	3490,1418,6949,6059,23752,18576,3333,4373
0	645	11175	3490,1418,6949,6059,23752,18576,3333,4373
0	645	22817	3490,1418,6949,6059,23752,18576,3333,4373
1	645	22222	3490,1418,6949,6059,23752,18576,3333,4373
0	645	19653	3490,1418,6949,6059,23752,18576,3333,4373,22222
0	645	22217	3490,1418,6949,6059,23752,18576,3333,4373,22222
1	645	17011	3490,1418,6949,6059,23752,18576,3333,4373,22222
0	645	28617	3490,1418,6949,6059,23752,18576,3333,4373,22222,17011
0	645	24152	3490,1418,6949,6059,23752,18576,3333,4373,22222,17011
1	645	22111	3490,1418,6949,6059,23752,18576,3333,4373,22222,17011
1	645	23153	3490,1418,6949,6059,23752,18576,3333,4373,22222,17011,22111
1	645	24142	3490,1418,6949,6059,23752,18576,3333,4373,22222,17011,22111,23153
0	645	15221	3490,1418,6949,6059,23752,18576,3333,4373,22222,17011,22111,23153,24142
1	645	25258	3490,1418,6949,6059,23752,18576,3333,4373,22222,17011,22111,23153,24142
0	645	25116	3490,1418,6949,6059,23752,18576,3333,4373,22222,17011,22111,23153,24142,25258
1	645	15220	3490,1418,6949,6059,23752,18576,3333,4373,22222,17011,22111,23153,24142,25258
1	645	20625	3490,1418,6949,6059,23752,18576,3333,4373,22222,17011,22111,23153,24142,25258,15220
1	645	23128	3490,1418,6949,6059,23752,18576,3333,4373,22222,17011,22111,23153,24142,25258,15220,20625
1	645	24559	3490,1418,6949,6059,23752,18576,3333,4373,22222,17011,22111,23153,24142,25258,15220,20625,23128
1	645	24795	3490,1418,6949,6059,23752,18576,3333,4373,22222,17011,22111,23153,24142,25258,15220,20625,23128,24559
1	645	23129	3490,1418,6949,6059,23752,18576,3333,4373,22222,17011,22111,23153,24142,25258,15220,20625,23128,24559,24795
1	645	24726	3490,1418,6949,6059,23752,18576,3333,4373,22222,17011,22111,23153,24142,25258,15220,20625,23128,24559,24795,23129
1	645	24731	3490,1418,6949,6059,23752,18576,3333,4373,22222,17011,22111,23153,24142,25258,15220,20625,23128,24559,24795,23129,24726
0	645	26113	3490,1418,6949,6059,23752,18576,3333,4373,22222,17011,22111,23153,24142,25258,15220,20625,23128,24559,24795,23129,24726,24731
1	645	21291	3490,1418,6949,6059,23752,18576,3333,4373,22222,17011,22111,23153,24142,25258,15220,20625,23128,24559,24795,23129,24726,24731
1	645	25658	3490,1418,6949,6059,23752,18576,3333,4373,22222,17011,22111,23153,24142,25258,15220,20625,23128,24559,24795,23129,24726,24731,21291
1	645	25659	3490,1418,6949,6059,23752,18576,3333,4373,22222,17011,22111,23153,24142,25258,15220,20625,23128,24559,24795,23129,24726,24731,21291,25658
0	645	26111	3490,1418,6949,6059,23752,18576,3333,4373,22222,17011,22111,23153,24142,25258,15220,20625,23128,24559,24795,23129,24726,24731,21291,25658,25659
1	645	14711	3490,1418,6949,6059,23752,18576,3333,4373,22222,17011,22111,23153,24142,25258,15220,20625,23128,24559,24795,23129,24726,24731,21291,25658,25659
1	645	25817	3490,1418,6949,6059,23752,18576,3333,4373,22222,17011,22111,23153,24142,25258,15220,20625,23128,24559,24795,23129,24726,24731,21291,25658,25659,14711
1	645	26323	3490,1418,6949,6059,23752,18576,3333,4373,22222,17011,22111,23153,24142,25258,15220,20625,23128,24559,24795,23129,24726,24731,21291,25658,25659,14711,25817
1	645	26325	3490,1418,6949,6059,23752,18576,3333,4373,22222,17011,22111,23153,24142,25258,15220,20625,23128,24559,24795,23129,24726,24731,21291,25658,25659,14711,25817,26323
1	645	26326	3490,1418,6949,6059,23752,18576,3333,4373,22222,17011,22111,23153,24142,25258,15220,20625,23128,24559,24795,23129,24726,24731,21291,25658,25659,14711,25817,26323,26325
0	645	27055	3490,1418,6949,6059,23752,18576,3333,4373,22222,17011,22111,23153,24142,25258,15220,20625,23128,24559,24795,23129,24726,24731,21291,25658,25659,14711,25817,26323,26325,26326
0	645	26452	3490,1418,6949,6059,23752,18576,3333,4373,22222,17011,22111,23153,24142,25258,15220,20625,23128,24559,24795,23129,24726,24731,21291,25658,25659,14711,25817,26323,26325,26326
1	645	26777	3490,1418,6949,6059,23752,18576,3333,4373,22222,17011,22111,23153,24142,25258,15220,20625,23128,24559,24795,23129,24726,24731,21291,25658,25659,14711,25817,26323,26325,26326
1	645	24048	3490,1418,6949,6059,23752,18576,3333,4373,22222,17011,22111,23153,24142,25258,15220,20625,23128,24559,24795,23129,24726,24731,21291,25658,25659,14711,25817,26323,26325,26326,26777
0	645	27370	3490,1418,6949,6059,23752,18576,3333,4373,22222,17011,22111,23153,24142,25258,15220,20625,23128,24559,24795,23129,24726,24731,21291,25658,25659,14711,25817,26323,26325,26326,26777,24048
1	645	24458	3490,1418,6949,6059,23752,18576,3333,4373,22222,17011,22111,23153,24142,25258,15220,20625,23128,24559,24795,23129,24726,24731,21291,25658,25659,14711,25817,26323,26325,26326,26777,24048
