0	879	22670	0
0	879	4132	0
1	879	32813	0
1	879	8696	32813
1	879	11039	32813,8696
1	879	12148	32813,8696,11039
0	879	8973	32813,8696,11039,12148
0	879	14934	32813,8696,11039,12148
1	879	2983	32813,8696,11039,12148
0	879	2155	32813,8696,11039,12148,2983
1	879	12264	32813,8696,11039,12148,2983
1	879	22659	32813,8696,11039,12148,2983,12264
0	879	11035	32813,8696,11039,12148,2983,12264,22659
1	879	272	32813,8696,11039,12148,2983,12264,22659
1	879	19338	32813,8696,11039,12148,2983,12264,22659,272
1	879	19851	32813,8696,11039,12148,2983,12264,22659,272,19338
1	879	23474	32813,8696,11039,12148,2983,12264,22659,272,19338,19851
1	879	25325	32813,8696,11039,12148,2983,12264,22659,272,19338,19851,23474
1	879	23143	32813,8696,11039,12148,2983,12264,22659,272,19338,19851,23474,25325
1	879	25565	32813,8696,11039,12148,2983,12264,22659,272,19338,19851,23474,25325,23143
1	879	3506	32813,8696,11039,12148,2983,12264,22659,272,19338,19851,23474,25325,23143,25565
1	879	4319	32813,8696,11039,12148,2983,12264,22659,272,19338,19851,23474,25325,23143,25565,3506
1	879	19512	32813,8696,11039,12148,2983,12264,22659,272,19338,19851,23474,25325,23143,25565,3506,4319
1	879	19674	32813,8696,11039,12148,2983,12264,22659,272,19338,19851,23474,25325,23143,25565,3506,4319,19512
1	879	24480	32813,8696,11039,12148,2983,12264,22659,272,19338,19851,23474,25325,23143,25565,3506,4319,19512,19674
1	879	26455	32813,8696,11039,12148,2983,12264,22659,272,19338,19851,23474,25325,23143,25565,3506,4319,19512,19674,24480
1	879	26857	32813,8696,11039,12148,2983,12264,22659,272,19338,19851,23474,25325,23143,25565,3506,4319,19512,19674,24480,26455
1	879	20075	32813,8696,11039,12148,2983,12264,22659,272,19338,19851,23474,25325,23143,25565,3506,4319,19512,19674,24480,26455,26857
1	879	4272	32813,8696,11039,12148,2983,12264,22659,272,19338,19851,23474,25325,23143,25565,3506,4319,19512,19674,24480,26455,26857,20075
1	879	1051	32813,8696,11039,12148,2983,12264,22659,272,19338,19851,23474,25325,23143,25565,3506,4319,19512,19674,24480,26455,26857,20075,4272
0	879	3763	32813,8696,11039,12148,2983,12264,22659,272,19338,19851,23474,25325,23143,25565,3506,4319,19512,19674,24480,26455,26857,20075,4272,1051
1	879	26202	32813,8696,11039,12148,2983,12264,22659,272,19338,19851,23474,25325,23143,25565,3506,4319,19512,19674,24480,26455,26857,20075,4272,1051
0	879	27741	32813,8696,11039,12148,2983,12264,22659,272,19338,19851,23474,25325,23143,25565,3506,4319,19512,19674,24480,26455,26857,20075,4272,1051,26202
