1	992	31465	0
1	992	657	31465
1	992	7788	31465,657
1	992	6322	31465,657,7788
1	992	9959	31465,657,7788,6322
1	992	9222	31465,657,7788,6322,9959
1	992	15898	31465,657,7788,6322,9959,9222
1	992	13183	31465,657,7788,6322,9959,9222,15898
1	992	8685	31465,657,7788,6322,9959,9222,15898,13183
1	992	29320	31465,657,7788,6322,9959,9222,15898,13183,8685
1	992	1402	31465,657,7788,6322,9959,9222,15898,13183,8685,29320
1	992	10865	31465,657,7788,6322,9959,9222,15898,13183,8685,29320,1402
1	992	18801	31465,657,7788,6322,9959,9222,15898,13183,8685,29320,1402,10865
1	992	15526	31465,657,7788,6322,9959,9222,15898,13183,8685,29320,1402,10865,18801
1	992	20954	31465,657,7788,6322,9959,9222,15898,13183,8685,29320,1402,10865,18801,15526
1	992	22718	31465,657,7788,6322,9959,9222,15898,13183,8685,29320,1402,10865,18801,15526,20954
1	992	25470	31465,657,7788,6322,9959,9222,15898,13183,8685,29320,1402,10865,18801,15526,20954,22718
1	992	4158	31465,657,7788,6322,9959,9222,15898,13183,8685,29320,1402,10865,18801,15526,20954,22718,25470
1	992	20958	31465,657,7788,6322,9959,9222,15898,13183,8685,29320,1402,10865,18801,15526,20954,22718,25470,4158
1	992	17987	31465,657,7788,6322,9959,9222,15898,13183,8685,29320,1402,10865,18801,15526,20954,22718,25470,4158,20958
1	992	11782	31465,657,7788,6322,9959,9222,15898,13183,8685,29320,1402,10865,18801,15526,20954,22718,25470,4158,20958,17987
0	992	16399	31465,657,7788,6322,9959,9222,15898,13183,8685,29320,1402,10865,18801,15526,20954,22718,25470,4158,20958,17987,11782
1	992	19635	31465,657,7788,6322,9959,9222,15898,13183,8685,29320,1402,10865,18801,15526,20954,22718,25470,4158,20958,17987,11782
1	992	6373	31465,657,7788,6322,9959,9222,15898,13183,8685,29320,1402,10865,18801,15526,20954,22718,25470,4158,20958,17987,11782,19635
1	992	25467	31465,657,7788,6322,9959,9222,15898,13183,8685,29320,1402,10865,18801,15526,20954,22718,25470,4158,20958,17987,11782,19635,6373
1	992	24868	31465,657,7788,6322,9959,9222,15898,13183,8685,29320,1402,10865,18801,15526,20954,22718,25470,4158,20958,17987,11782,19635,6373,25467
1	992	4017	31465,657,7788,6322,9959,9222,15898,13183,8685,29320,1402,10865,18801,15526,20954,22718,25470,4158,20958,17987,11782,19635,6373,25467,24868
0	992	20249	31465,657,7788,6322,9959,9222,15898,13183,8685,29320,1402,10865,18801,15526,20954,22718,25470,4158,20958,17987,11782,19635,6373,25467,24868,4017
1	992	20940	31465,657,7788,6322,9959,9222,15898,13183,8685,29320,1402,10865,18801,15526,20954,22718,25470,4158,20958,17987,11782,19635,6373,25467,24868,4017
1	992	20989	31465,657,7788,6322,9959,9222,15898,13183,8685,29320,1402,10865,18801,15526,20954,22718,25470,4158,20958,17987,11782,19635,6373,25467,24868,4017,20940
1	992	26720	31465,657,7788,6322,9959,9222,15898,13183,8685,29320,1402,10865,18801,15526,20954,22718,25470,4158,20958,17987,11782,19635,6373,25467,24868,4017,20940,20989
1	992	26247	31465,657,7788,6322,9959,9222,15898,13183,8685,29320,1402,10865,18801,15526,20954,22718,25470,4158,20958,17987,11782,19635,6373,25467,24868,4017,20940,20989,26720
1	992	25156	31465,657,7788,6322,9959,9222,15898,13183,8685,29320,1402,10865,18801,15526,20954,22718,25470,4158,20958,17987,11782,19635,6373,25467,24868,4017,20940,20989,26720,26247
1	992	26633	31465,657,7788,6322,9959,9222,15898,13183,8685,29320,1402,10865,18801,15526,20954,22718,25470,4158,20958,17987,11782,19635,6373,25467,24868,4017,20940,20989,26720,26247,25156
1	992	17225	31465,657,7788,6322,9959,9222,15898,13183,8685,29320,1402,10865,18801,15526,20954,22718,25470,4158,20958,17987,11782,19635,6373,25467,24868,4017,20940,20989,26720,26247,25156,26633
1	992	32885	31465,657,7788,6322,9959,9222,15898,13183,8685,29320,1402,10865,18801,15526,20954,22718,25470,4158,20958,17987,11782,19635,6373,25467,24868,4017,20940,20989,26720,26247,25156,26633,17225
0	992	28872	31465,657,7788,6322,9959,9222,15898,13183,8685,29320,1402,10865,18801,15526,20954,22718,25470,4158,20958,17987,11782,19635,6373,25467,24868,4017,20940,20989,26720,26247,25156,26633,17225,32885
