1	1598	13353	0
0	1598	13277	13353
1	1598	13407	13353
1	1598	20290	13353,13407
1	1598	7293	13353,13407,20290
0	1598	12959	13353,13407,20290,7293
1	1598	15305	13353,13407,20290,7293
0	1598	15361	13353,13407,20290,7293,15305
1	1598	21716	13353,13407,20290,7293,15305
0	1598	20355	13353,13407,20290,7293,15305,21716
1	1598	19284	13353,13407,20290,7293,15305,21716
1	1598	6428	13353,13407,20290,7293,15305,21716,19284
0	1598	5863	13353,13407,20290,7293,15305,21716,19284,6428
1	1598	7993	13353,13407,20290,7293,15305,21716,19284,6428
1	1598	18488	13353,13407,20290,7293,15305,21716,19284,6428,7993
1	1598	21556	13353,13407,20290,7293,15305,21716,19284,6428,7993,18488
1	1598	25239	13353,13407,20290,7293,15305,21716,19284,6428,7993,18488,21556
1	1598	25814	13353,13407,20290,7293,15305,21716,19284,6428,7993,18488,21556,25239
1	1598	26036	13353,13407,20290,7293,15305,21716,19284,6428,7993,18488,21556,25239,25814
1	1598	26083	13353,13407,20290,7293,15305,21716,19284,6428,7993,18488,21556,25239,25814,26036
1	1598	3697	13353,13407,20290,7293,15305,21716,19284,6428,7993,18488,21556,25239,25814,26036,26083
0	1598	24681	13353,13407,20290,7293,15305,21716,19284,6428,7993,18488,21556,25239,25814,26036,26083,3697
1	1598	9652	13353,13407,20290,7293,15305,21716,19284,6428,7993,18488,21556,25239,25814,26036,26083,3697
0	1598	21627	13353,13407,20290,7293,15305,21716,19284,6428,7993,18488,21556,25239,25814,26036,26083,3697,9652
1	1598	22729	13353,13407,20290,7293,15305,21716,19284,6428,7993,18488,21556,25239,25814,26036,26083,3697,9652
1	1598	4305	13353,13407,20290,7293,15305,21716,19284,6428,7993,18488,21556,25239,25814,26036,26083,3697,9652,22729
1	1598	7717	13353,13407,20290,7293,15305,21716,19284,6428,7993,18488,21556,25239,25814,26036,26083,3697,9652,22729,4305
0	1598	8480	13353,13407,20290,7293,15305,21716,19284,6428,7993,18488,21556,25239,25814,26036,26083,3697,9652,22729,4305,7717
0	1598	12734	13353,13407,20290,7293,15305,21716,19284,6428,7993,18488,21556,25239,25814,26036,26083,3697,9652,22729,4305,7717
1	1598	15852	13353,13407,20290,7293,15305,21716,19284,6428,7993,18488,21556,25239,25814,26036,26083,3697,9652,22729,4305,7717
1	1598	18107	13353,13407,20290,7293,15305,21716,19284,6428,7993,18488,21556,25239,25814,26036,26083,3697,9652,22729,4305,7717,15852
0	1598	19636	13353,13407,20290,7293,15305,21716,19284,6428,7993,18488,21556,25239,25814,26036,26083,3697,9652,22729,4305,7717,15852,18107
1	1598	22364	13353,13407,20290,7293,15305,21716,19284,6428,7993,18488,21556,25239,25814,26036,26083,3697,9652,22729,4305,7717,15852,18107
1	1598	24223	13353,13407,20290,7293,15305,21716,19284,6428,7993,18488,21556,25239,25814,26036,26083,3697,9652,22729,4305,7717,15852,18107,22364
1	1598	20330	13353,13407,20290,7293,15305,21716,19284,6428,7993,18488,21556,25239,25814,26036,26083,3697,9652,22729,4305,7717,15852,18107,22364,24223
1	1598	21808	13353,13407,20290,7293,15305,21716,19284,6428,7993,18488,21556,25239,25814,26036,26083,3697,9652,22729,4305,7717,15852,18107,22364,24223,20330
0	1598	29580	13353,13407,20290,7293,15305,21716,19284,6428,7993,18488,21556,25239,25814,26036,26083,3697,9652,22729,4305,7717,15852,18107,22364,24223,20330,21808
1	1598	6891	13353,13407,20290,7293,15305,21716,19284,6428,7993,18488,21556,25239,25814,26036,26083,3697,9652,22729,4305,7717,15852,18107,22364,24223,20330,21808
1	1598	12531	13353,13407,20290,7293,15305,21716,19284,6428,7993,18488,21556,25239,25814,26036,26083,3697,9652,22729,4305,7717,15852,18107,22364,24223,20330,21808,6891
1	1598	15626	13353,13407,20290,7293,15305,21716,19284,6428,7993,18488,21556,25239,25814,26036,26083,3697,9652,22729,4305,7717,15852,18107,22364,24223,20330,21808,6891,12531
1	1598	28298	13353,13407,20290,7293,15305,21716,19284,6428,7993,18488,21556,25239,25814,26036,26083,3697,9652,22729,4305,7717,15852,18107,22364,24223,20330,21808,6891,12531,15626
1	1598	1505	13353,13407,20290,7293,15305,21716,19284,6428,7993,18488,21556,25239,25814,26036,26083,3697,9652,22729,4305,7717,15852,18107,22364,24223,20330,21808,6891,12531,15626,28298
1	1598	2092	13353,13407,20290,7293,15305,21716,19284,6428,7993,18488,21556,25239,25814,26036,26083,3697,9652,22729,4305,7717,15852,18107,22364,24223,20330,21808,6891,12531,15626,28298,1505
0	1598	2480	13353,13407,20290,7293,15305,21716,19284,6428,7993,18488,21556,25239,25814,26036,26083,3697,9652,22729,4305,7717,15852,18107,22364,24223,20330,21808,6891,12531,15626,28298,1505,2092
1	1598	3173	13353,13407,20290,7293,15305,21716,19284,6428,7993,18488,21556,25239,25814,26036,26083,3697,9652,22729,4305,7717,15852,18107,22364,24223,20330,21808,6891,12531,15626,28298,1505,2092
0	1598	5264	13353,13407,20290,7293,15305,21716,19284,6428,7993,18488,21556,25239,25814,26036,26083,3697,9652,22729,4305,7717,15852,18107,22364,24223,20330,21808,6891,12531,15626,28298,1505,2092,3173
1	1598	11866	13353,13407,20290,7293,15305,21716,19284,6428,7993,18488,21556,25239,25814,26036,26083,3697,9652,22729,4305,7717,15852,18107,22364,24223,20330,21808,6891,12531,15626,28298,1505,2092,3173
0	1598	13794	13353,13407,20290,7293,15305,21716,19284,6428,7993,18488,21556,25239,25814,26036,26083,3697,9652,22729,4305,7717,15852,18107,22364,24223,20330,21808,6891,12531,15626,28298,1505,2092,3173,11866
1	1598	26734	13353,13407,20290,7293,15305,21716,19284,6428,7993,18488,21556,25239,25814,26036,26083,3697,9652,22729,4305,7717,15852,18107,22364,24223,20330,21808,6891,12531,15626,28298,1505,2092,3173,11866
0	1598	29032	13353,13407,20290,7293,15305,21716,19284,6428,7993,18488,21556,25239,25814,26036,26083,3697,9652,22729,4305,7717,15852,18107,22364,24223,20330,21808,6891,12531,15626,28298,1505,2092,3173,11866,26734
