0	4	21623	0
1	4	7952	0
0	4	13709	7952
1	4	10138	7952
0	4	13390	7952,10138
0	4	31349	7952,10138
0	4	28696	7952,10138
1	4	15997	7952,10138
0	4	26863	7952,10138,15997
0	4	4670	7952,10138,15997
0	4	25922	7952,10138,15997
1	4	2129	7952,10138,15997
0	4	31263	7952,10138,15997,2129
0	4	1001	7952,10138,15997,2129
0	4	857	7952,10138,15997,2129
0	4	12832	7952,10138,15997,2129
0	4	32297	7952,10138,15997,2129
1	4	2757	7952,10138,15997,2129
0	4	9999	7952,10138,15997,2129,2757
1	4	7371	7952,10138,15997,2129,2757
0	4	3374	7952,10138,15997,2129,2757,7371
0	4	10639	7952,10138,15997,2129,2757,7371
0	4	6907	7952,10138,15997,2129,2757,7371
0	4	14093	7952,10138,15997,2129,2757,7371
1	4	14198	7952,10138,15997,2129,2757,7371
0	4	11744	7952,10138,15997,2129,2757,7371,14198
0	4	31659	7952,10138,15997,2129,2757,7371,14198
0	4	14251	7952,10138,15997,2129,2757,7371,14198
0	4	3791	7952,10138,15997,2129,2757,7371,14198
0	4	12999	7952,10138,15997,2129,2757,7371,14198
1	4	13861	7952,10138,15997,2129,2757,7371,14198
0	4	15958	7952,10138,15997,2129,2757,7371,14198,13861
0	4	8477	7952,10138,15997,2129,2757,7371,14198,13861
1	4	15218	7952,10138,15997,2129,2757,7371,14198,13861
0	4	10981	7952,10138,15997,2129,2757,7371,14198,13861,15218
0	4	20394	7952,10138,15997,2129,2757,7371,14198,13861,15218
1	4	19777	7952,10138,15997,2129,2757,7371,14198,13861,15218
1	4	796	7952,10138,15997,2129,2757,7371,14198,13861,15218,19777
0	4	19176	7952,10138,15997,2129,2757,7371,14198,13861,15218,19777,796
1	4	20105	7952,10138,15997,2129,2757,7371,14198,13861,15218,19777,796
0	4	19243	7952,10138,15997,2129,2757,7371,14198,13861,15218,19777,796,20105
1	4	5695	7952,10138,15997,2129,2757,7371,14198,13861,15218,19777,796,20105
0	4	12663	7952,10138,15997,2129,2757,7371,14198,13861,15218,19777,796,20105,5695
0	4	20442	7952,10138,15997,2129,2757,7371,14198,13861,15218,19777,796,20105,5695
0	4	6563	7952,10138,15997,2129,2757,7371,14198,13861,15218,19777,796,20105,5695
1	4	22563	7952,10138,15997,2129,2757,7371,14198,13861,15218,19777,796,20105,5695
0	4	7051	7952,10138,15997,2129,2757,7371,14198,13861,15218,19777,796,20105,5695,22563
1	4	21408	7952,10138,15997,2129,2757,7371,14198,13861,15218,19777,796,20105,5695,22563
0	4	21410	7952,10138,15997,2129,2757,7371,14198,13861,15218,19777,796,20105,5695,22563,21408
0	4	21885	7952,10138,15997,2129,2757,7371,14198,13861,15218,19777,796,20105,5695,22563,21408
1	4	17817	7952,10138,15997,2129,2757,7371,14198,13861,15218,19777,796,20105,5695,22563,21408
1	4	20634	7952,10138,15997,2129,2757,7371,14198,13861,15218,19777,796,20105,5695,22563,21408,17817
1	4	20954	7952,10138,15997,2129,2757,7371,14198,13861,15218,19777,796,20105,5695,22563,21408,17817,20634
1	4	15220	7952,10138,15997,2129,2757,7371,14198,13861,15218,19777,796,20105,5695,22563,21408,17817,20634,20954
1	4	1182	7952,10138,15997,2129,2757,7371,14198,13861,15218,19777,796,20105,5695,22563,21408,17817,20634,20954,15220
0	4	26726	7952,10138,15997,2129,2757,7371,14198,13861,15218,19777,796,20105,5695,22563,21408,17817,20634,20954,15220,1182
0	4	27287	7952,10138,15997,2129,2757,7371,14198,13861,15218,19777,796,20105,5695,22563,21408,17817,20634,20954,15220,1182
1	4	23389	7952,10138,15997,2129,2757,7371,14198,13861,15218,19777,796,20105,5695,22563,21408,17817,20634,20954,15220,1182
0	4	23624	7952,10138,15997,2129,2757,7371,14198,13861,15218,19777,796,20105,5695,22563,21408,17817,20634,20954,15220,1182,23389
0	4	27216	7952,10138,15997,2129,2757,7371,14198,13861,15218,19777,796,20105,5695,22563,21408,17817,20634,20954,15220,1182,23389
0	4	23928	7952,10138,15997,2129,2757,7371,14198,13861,15218,19777,796,20105,5695,22563,21408,17817,20634,20954,15220,1182,23389
1	4	27999	7952,10138,15997,2129,2757,7371,14198,13861,15218,19777,796,20105,5695,22563,21408,17817,20634,20954,15220,1182,23389
0	4	17570	7952,10138,15997,2129,2757,7371,14198,13861,15218,19777,796,20105,5695,22563,21408,17817,20634,20954,15220,1182,23389,27999
0	4	28504	7952,10138,15997,2129,2757,7371,14198,13861,15218,19777,796,20105,5695,22563,21408,17817,20634,20954,15220,1182,23389,27999
0	4	27679	7952,10138,15997,2129,2757,7371,14198,13861,15218,19777,796,20105,5695,22563,21408,17817,20634,20954,15220,1182,23389,27999
