1	1407	31326	0
1	1407	428	31326
1	1407	493	31326,428
0	1407	32474	31326,428,493
0	1407	7973	31326,428,493
1	1407	14684	31326,428,493
0	1407	18525	31326,428,493,14684
1	1407	31986	31326,428,493,14684
1	1407	10923	31326,428,493,14684,31986
1	1407	11733	31326,428,493,14684,31986,10923
1	1407	13072	31326,428,493,14684,31986,10923,11733
1	1407	13227	31326,428,493,14684,31986,10923,11733,13072
1	1407	17800	31326,428,493,14684,31986,10923,11733,13072,13227
1	1407	18000	31326,428,493,14684,31986,10923,11733,13072,13227,17800
1	1407	20256	31326,428,493,14684,31986,10923,11733,13072,13227,17800,18000
1	1407	23211	31326,428,493,14684,31986,10923,11733,13072,13227,17800,18000,20256
1	1407	24588	31326,428,493,14684,31986,10923,11733,13072,13227,17800,18000,20256,23211
1	1407	15876	31326,428,493,14684,31986,10923,11733,13072,13227,17800,18000,20256,23211,24588
1	1407	21642	31326,428,493,14684,31986,10923,11733,13072,13227,17800,18000,20256,23211,24588,15876
1	1407	11636	31326,428,493,14684,31986,10923,11733,13072,13227,17800,18000,20256,23211,24588,15876,21642
1	1407	13066	31326,428,493,14684,31986,10923,11733,13072,13227,17800,18000,20256,23211,24588,15876,21642,11636
1	1407	21103	31326,428,493,14684,31986,10923,11733,13072,13227,17800,18000,20256,23211,24588,15876,21642,11636,13066
1	1407	16490	31326,428,493,14684,31986,10923,11733,13072,13227,17800,18000,20256,23211,24588,15876,21642,11636,13066,21103
0	1407	1570	31326,428,493,14684,31986,10923,11733,13072,13227,17800,18000,20256,23211,24588,15876,21642,11636,13066,21103,16490
1	1407	5000	31326,428,493,14684,31986,10923,11733,13072,13227,17800,18000,20256,23211,24588,15876,21642,11636,13066,21103,16490
0	1407	20307	31326,428,493,14684,31986,10923,11733,13072,13227,17800,18000,20256,23211,24588,15876,21642,11636,13066,21103,16490,5000
1	1407	20364	31326,428,493,14684,31986,10923,11733,13072,13227,17800,18000,20256,23211,24588,15876,21642,11636,13066,21103,16490,5000
1	1407	21989	31326,428,493,14684,31986,10923,11733,13072,13227,17800,18000,20256,23211,24588,15876,21642,11636,13066,21103,16490,5000,20364
1	1407	24378	31326,428,493,14684,31986,10923,11733,13072,13227,17800,18000,20256,23211,24588,15876,21642,11636,13066,21103,16490,5000,20364,21989
1	1407	25059	31326,428,493,14684,31986,10923,11733,13072,13227,17800,18000,20256,23211,24588,15876,21642,11636,13066,21103,16490,5000,20364,21989,24378
1	1407	25108	31326,428,493,14684,31986,10923,11733,13072,13227,17800,18000,20256,23211,24588,15876,21642,11636,13066,21103,16490,5000,20364,21989,24378,25059
1	1407	14716	31326,428,493,14684,31986,10923,11733,13072,13227,17800,18000,20256,23211,24588,15876,21642,11636,13066,21103,16490,5000,20364,21989,24378,25059,25108
1	1407	16742	31326,428,493,14684,31986,10923,11733,13072,13227,17800,18000,20256,23211,24588,15876,21642,11636,13066,21103,16490,5000,20364,21989,24378,25059,25108,14716
0	1407	31057	31326,428,493,14684,31986,10923,11733,13072,13227,17800,18000,20256,23211,24588,15876,21642,11636,13066,21103,16490,5000,20364,21989,24378,25059,25108,14716,16742
1	1407	31533	31326,428,493,14684,31986,10923,11733,13072,13227,17800,18000,20256,23211,24588,15876,21642,11636,13066,21103,16490,5000,20364,21989,24378,25059,25108,14716,16742
1	1407	17516	31326,428,493,14684,31986,10923,11733,13072,13227,17800,18000,20256,23211,24588,15876,21642,11636,13066,21103,16490,5000,20364,21989,24378,25059,25108,14716,16742,31533
0	1407	21713	31326,428,493,14684,31986,10923,11733,13072,13227,17800,18000,20256,23211,24588,15876,21642,11636,13066,21103,16490,5000,20364,21989,24378,25059,25108,14716,16742,31533,17516
1	1407	1487	31326,428,493,14684,31986,10923,11733,13072,13227,17800,18000,20256,23211,24588,15876,21642,11636,13066,21103,16490,5000,20364,21989,24378,25059,25108,14716,16742,31533,17516
1	1407	10836	31326,428,493,14684,31986,10923,11733,13072,13227,17800,18000,20256,23211,24588,15876,21642,11636,13066,21103,16490,5000,20364,21989,24378,25059,25108,14716,16742,31533,17516,1487
1	1407	17285	31326,428,493,14684,31986,10923,11733,13072,13227,17800,18000,20256,23211,24588,15876,21642,11636,13066,21103,16490,5000,20364,21989,24378,25059,25108,14716,16742,31533,17516,1487,10836
1	1407	10693	31326,428,493,14684,31986,10923,11733,13072,13227,17800,18000,20256,23211,24588,15876,21642,11636,13066,21103,16490,5000,20364,21989,24378,25059,25108,14716,16742,31533,17516,1487,10836,17285
1	1407	13471	31326,428,493,14684,31986,10923,11733,13072,13227,17800,18000,20256,23211,24588,15876,21642,11636,13066,21103,16490,5000,20364,21989,24378,25059,25108,14716,16742,31533,17516,1487,10836,17285,10693
1	1407	21830	31326,428,493,14684,31986,10923,11733,13072,13227,17800,18000,20256,23211,24588,15876,21642,11636,13066,21103,16490,5000,20364,21989,24378,25059,25108,14716,16742,31533,17516,1487,10836,17285,10693,13471
1	1407	26299	31326,428,493,14684,31986,10923,11733,13072,13227,17800,18000,20256,23211,24588,15876,21642,11636,13066,21103,16490,5000,20364,21989,24378,25059,25108,14716,16742,31533,17516,1487,10836,17285,10693,13471,21830
0	1407	22741	31326,428,493,14684,31986,10923,11733,13072,13227,17800,18000,20256,23211,24588,15876,21642,11636,13066,21103,16490,5000,20364,21989,24378,25059,25108,14716,16742,31533,17516,1487,10836,17285,10693,13471,21830,26299
0	1407	24999	31326,428,493,14684,31986,10923,11733,13072,13227,17800,18000,20256,23211,24588,15876,21642,11636,13066,21103,16490,5000,20364,21989,24378,25059,25108,14716,16742,31533,17516,1487,10836,17285,10693,13471,21830,26299
1	1407	25486	31326,428,493,14684,31986,10923,11733,13072,13227,17800,18000,20256,23211,24588,15876,21642,11636,13066,21103,16490,5000,20364,21989,24378,25059,25108,14716,16742,31533,17516,1487,10836,17285,10693,13471,21830,26299
1	1407	26145	31326,428,493,14684,31986,10923,11733,13072,13227,17800,18000,20256,23211,24588,15876,21642,11636,13066,21103,16490,5000,20364,21989,24378,25059,25108,14716,16742,31533,17516,1487,10836,17285,10693,13471,21830,26299,25486
1	1407	27074	31326,428,493,14684,31986,10923,11733,13072,13227,17800,18000,20256,23211,24588,15876,21642,11636,13066,21103,16490,5000,20364,21989,24378,25059,25108,14716,16742,31533,17516,1487,10836,17285,10693,13471,21830,26299,25486,26145
1	1407	23210	31326,428,493,14684,31986,10923,11733,13072,13227,17800,18000,20256,23211,24588,15876,21642,11636,13066,21103,16490,5000,20364,21989,24378,25059,25108,14716,16742,31533,17516,1487,10836,17285,10693,13471,21830,26299,25486,26145,27074
