0	1496	32368	0
0	1496	17200	0
1	1496	20007	0
0	1496	19921	20007
1	1496	23054	20007
0	1496	22816	20007,23054
0	1496	24215	20007,23054
0	1496	26142	20007,23054
1	1496	25995	20007,23054
0	1496	22104	20007,23054,25995
0	1496	25997	20007,23054,25995
0	1496	10766	20007,23054,25995
0	1496	24789	20007,23054,25995
0	1496	24730	20007,23054,25995
0	1496	24731	20007,23054,25995
0	1496	24786	20007,23054,25995
0	1496	23491	20007,23054,25995
0	1496	22111	20007,23054,25995
1	1496	24795	20007,23054,25995
0	1496	25302	20007,23054,25995,24795
0	1496	8182	20007,23054,25995,24795
0	1496	25248	20007,23054,25995,24795
0	1496	25250	20007,23054,25995,24795
0	1496	25817	20007,23054,25995,24795
0	1496	25409	20007,23054,25995,24795
0	1496	26326	20007,23054,25995,24795
0	1496	9647	20007,23054,25995,24795
0	1496	23189	20007,23054,25995,24795
1	1496	27586	20007,23054,25995,24795
0	1496	27445	20007,23054,25995,24795,27586
0	1496	24788	20007,23054,25995,24795,27586
1	1496	24791	20007,23054,25995,24795,27586
0	1496	26178	20007,23054,25995,24795,27586,24791
1	1496	27909	20007,23054,25995,24795,27586,24791
1	1496	29275	20007,23054,25995,24795,27586,24791,27909
