1	524	12553	0
1	524	3307	12553
0	524	7077	12553,3307
1	524	9764	12553,3307
1	524	13834	12553,3307,9764
1	524	15102	12553,3307,9764,13834
1	524	15574	12553,3307,9764,13834,15102
0	524	17416	12553,3307,9764,13834,15102,15574
1	524	19336	12553,3307,9764,13834,15102,15574
1	524	19381	12553,3307,9764,13834,15102,15574,19336
0	524	19677	12553,3307,9764,13834,15102,15574,19336,19381
1	524	19941	12553,3307,9764,13834,15102,15574,19336,19381
0	524	7855	12553,3307,9764,13834,15102,15574,19336,19381,19941
1	524	4515	12553,3307,9764,13834,15102,15574,19336,19381,19941
0	524	11843	12553,3307,9764,13834,15102,15574,19336,19381,19941,4515
1	524	13217	12553,3307,9764,13834,15102,15574,19336,19381,19941,4515
1	524	24861	12553,3307,9764,13834,15102,15574,19336,19381,19941,4515,13217
0	524	7778	12553,3307,9764,13834,15102,15574,19336,19381,19941,4515,13217,24861
1	524	33089	12553,3307,9764,13834,15102,15574,19336,19381,19941,4515,13217,24861
0	524	689	12553,3307,9764,13834,15102,15574,19336,19381,19941,4515,13217,24861,33089
0	524	3697	12553,3307,9764,13834,15102,15574,19336,19381,19941,4515,13217,24861,33089
1	524	9970	12553,3307,9764,13834,15102,15574,19336,19381,19941,4515,13217,24861,33089
1	524	10380	12553,3307,9764,13834,15102,15574,19336,19381,19941,4515,13217,24861,33089,9970
0	524	16754	12553,3307,9764,13834,15102,15574,19336,19381,19941,4515,13217,24861,33089,9970,10380
0	524	19528	12553,3307,9764,13834,15102,15574,19336,19381,19941,4515,13217,24861,33089,9970,10380
1	524	11870	12553,3307,9764,13834,15102,15574,19336,19381,19941,4515,13217,24861,33089,9970,10380
1	524	15943	12553,3307,9764,13834,15102,15574,19336,19381,19941,4515,13217,24861,33089,9970,10380,11870
