0	1545	6849	0
0	1545	8447	0
0	1545	9663	0
0	1545	5246	0
1	1545	9166	0
1	1545	7010	9166
1	1545	18928	9166,7010
0	1545	32722	9166,7010,18928
0	1545	586	9166,7010,18928
1	1545	11320	9166,7010,18928
0	1545	13407	9166,7010,18928,11320
1	1545	11779	9166,7010,18928,11320
1	1545	5905	9166,7010,18928,11320,11779
1	1545	19469	9166,7010,18928,11320,11779,5905
1	1545	777	9166,7010,18928,11320,11779,5905,19469
0	1545	8227	9166,7010,18928,11320,11779,5905,19469,777
1	1545	2005	9166,7010,18928,11320,11779,5905,19469,777
1	1545	3092	9166,7010,18928,11320,11779,5905,19469,777,2005
0	1545	16544	9166,7010,18928,11320,11779,5905,19469,777,2005,3092
0	1545	5985	9166,7010,18928,11320,11779,5905,19469,777,2005,3092
1	1545	14736	9166,7010,18928,11320,11779,5905,19469,777,2005,3092
1	1545	2709	9166,7010,18928,11320,11779,5905,19469,777,2005,3092,14736
0	1545	19449	9166,7010,18928,11320,11779,5905,19469,777,2005,3092,14736,2709
1	1545	15832	9166,7010,18928,11320,11779,5905,19469,777,2005,3092,14736,2709
1	1545	19336	9166,7010,18928,11320,11779,5905,19469,777,2005,3092,14736,2709,15832
1	1545	23783	9166,7010,18928,11320,11779,5905,19469,777,2005,3092,14736,2709,15832,19336
1	1545	26650	9166,7010,18928,11320,11779,5905,19469,777,2005,3092,14736,2709,15832,19336,23783
0	1545	12356	9166,7010,18928,11320,11779,5905,19469,777,2005,3092,14736,2709,15832,19336,23783,26650
1	1545	42	9166,7010,18928,11320,11779,5905,19469,777,2005,3092,14736,2709,15832,19336,23783,26650
1	1545	3250	9166,7010,18928,11320,11779,5905,19469,777,2005,3092,14736,2709,15832,19336,23783,26650,42
