1	288	16684	0
0	288	8299	16684
1	288	11657	16684
1	288	13938	16684,11657
0	288	15656	16684,11657,13938
1	288	9336	16684,11657,13938
1	288	4195	16684,11657,13938,9336
1	288	18627	16684,11657,13938,9336,4195
1	288	18686	16684,11657,13938,9336,4195,18627
1	288	19943	16684,11657,13938,9336,4195,18627,18686
0	288	19999	16684,11657,13938,9336,4195,18627,18686,19943
1	288	22783	16684,11657,13938,9336,4195,18627,18686,19943
1	288	3233	16684,11657,13938,9336,4195,18627,18686,19943,22783
1	288	6632	16684,11657,13938,9336,4195,18627,18686,19943,22783,3233
1	288	9173	16684,11657,13938,9336,4195,18627,18686,19943,22783,3233,6632
1	288	9585	16684,11657,13938,9336,4195,18627,18686,19943,22783,3233,6632,9173
1	288	10704	16684,11657,13938,9336,4195,18627,18686,19943,22783,3233,6632,9173,9585
1	288	11817	16684,11657,13938,9336,4195,18627,18686,19943,22783,3233,6632,9173,9585,10704
1	288	16924	16684,11657,13938,9336,4195,18627,18686,19943,22783,3233,6632,9173,9585,10704,11817
1	288	17419	16684,11657,13938,9336,4195,18627,18686,19943,22783,3233,6632,9173,9585,10704,11817,16924
1	288	18825	16684,11657,13938,9336,4195,18627,18686,19943,22783,3233,6632,9173,9585,10704,11817,16924,17419
1	288	62	16684,11657,13938,9336,4195,18627,18686,19943,22783,3233,6632,9173,9585,10704,11817,16924,17419,18825
1	288	66	16684,11657,13938,9336,4195,18627,18686,19943,22783,3233,6632,9173,9585,10704,11817,16924,17419,18825,62
0	288	5582	16684,11657,13938,9336,4195,18627,18686,19943,22783,3233,6632,9173,9585,10704,11817,16924,17419,18825,62,66
1	288	6164	16684,11657,13938,9336,4195,18627,18686,19943,22783,3233,6632,9173,9585,10704,11817,16924,17419,18825,62,66
1	288	6308	16684,11657,13938,9336,4195,18627,18686,19943,22783,3233,6632,9173,9585,10704,11817,16924,17419,18825,62,66,6164
1	288	6331	16684,11657,13938,9336,4195,18627,18686,19943,22783,3233,6632,9173,9585,10704,11817,16924,17419,18825,62,66,6164,6308
1	288	6727	16684,11657,13938,9336,4195,18627,18686,19943,22783,3233,6632,9173,9585,10704,11817,16924,17419,18825,62,66,6164,6308,6331
1	288	6747	16684,11657,13938,9336,4195,18627,18686,19943,22783,3233,6632,9173,9585,10704,11817,16924,17419,18825,62,66,6164,6308,6331,6727
1	288	6992	16684,11657,13938,9336,4195,18627,18686,19943,22783,3233,6632,9173,9585,10704,11817,16924,17419,18825,62,66,6164,6308,6331,6727,6747
0	288	8208	16684,11657,13938,9336,4195,18627,18686,19943,22783,3233,6632,9173,9585,10704,11817,16924,17419,18825,62,66,6164,6308,6331,6727,6747,6992
1	288	9786	16684,11657,13938,9336,4195,18627,18686,19943,22783,3233,6632,9173,9585,10704,11817,16924,17419,18825,62,66,6164,6308,6331,6727,6747,6992
0	288	10599	16684,11657,13938,9336,4195,18627,18686,19943,22783,3233,6632,9173,9585,10704,11817,16924,17419,18825,62,66,6164,6308,6331,6727,6747,6992,9786
1	288	12120	16684,11657,13938,9336,4195,18627,18686,19943,22783,3233,6632,9173,9585,10704,11817,16924,17419,18825,62,66,6164,6308,6331,6727,6747,6992,9786
1	288	12939	16684,11657,13938,9336,4195,18627,18686,19943,22783,3233,6632,9173,9585,10704,11817,16924,17419,18825,62,66,6164,6308,6331,6727,6747,6992,9786,12120
1	288	13215	16684,11657,13938,9336,4195,18627,18686,19943,22783,3233,6632,9173,9585,10704,11817,16924,17419,18825,62,66,6164,6308,6331,6727,6747,6992,9786,12120,12939
1	288	14100	16684,11657,13938,9336,4195,18627,18686,19943,22783,3233,6632,9173,9585,10704,11817,16924,17419,18825,62,66,6164,6308,6331,6727,6747,6992,9786,12120,12939,13215
1	288	15343	16684,11657,13938,9336,4195,18627,18686,19943,22783,3233,6632,9173,9585,10704,11817,16924,17419,18825,62,66,6164,6308,6331,6727,6747,6992,9786,12120,12939,13215,14100
1	288	15912	16684,11657,13938,9336,4195,18627,18686,19943,22783,3233,6632,9173,9585,10704,11817,16924,17419,18825,62,66,6164,6308,6331,6727,6747,6992,9786,12120,12939,13215,14100,15343
1	288	16112	16684,11657,13938,9336,4195,18627,18686,19943,22783,3233,6632,9173,9585,10704,11817,16924,17419,18825,62,66,6164,6308,6331,6727,6747,6992,9786,12120,12939,13215,14100,15343,15912
1	288	16268	16684,11657,13938,9336,4195,18627,18686,19943,22783,3233,6632,9173,9585,10704,11817,16924,17419,18825,62,66,6164,6308,6331,6727,6747,6992,9786,12120,12939,13215,14100,15343,15912,16112
1	288	17816	16684,11657,13938,9336,4195,18627,18686,19943,22783,3233,6632,9173,9585,10704,11817,16924,17419,18825,62,66,6164,6308,6331,6727,6747,6992,9786,12120,12939,13215,14100,15343,15912,16112,16268
1	288	18027	16684,11657,13938,9336,4195,18627,18686,19943,22783,3233,6632,9173,9585,10704,11817,16924,17419,18825,62,66,6164,6308,6331,6727,6747,6992,9786,12120,12939,13215,14100,15343,15912,16112,16268,17816
1	288	19816	16684,11657,13938,9336,4195,18627,18686,19943,22783,3233,6632,9173,9585,10704,11817,16924,17419,18825,62,66,6164,6308,6331,6727,6747,6992,9786,12120,12939,13215,14100,15343,15912,16112,16268,17816,18027
1	288	20563	16684,11657,13938,9336,4195,18627,18686,19943,22783,3233,6632,9173,9585,10704,11817,16924,17419,18825,62,66,6164,6308,6331,6727,6747,6992,9786,12120,12939,13215,14100,15343,15912,16112,16268,17816,18027,19816
1	288	21023	16684,11657,13938,9336,4195,18627,18686,19943,22783,3233,6632,9173,9585,10704,11817,16924,17419,18825,62,66,6164,6308,6331,6727,6747,6992,9786,12120,12939,13215,14100,15343,15912,16112,16268,17816,18027,19816,20563
1	288	21219	16684,11657,13938,9336,4195,18627,18686,19943,22783,3233,6632,9173,9585,10704,11817,16924,17419,18825,62,66,6164,6308,6331,6727,6747,6992,9786,12120,12939,13215,14100,15343,15912,16112,16268,17816,18027,19816,20563,21023
1	288	24824	16684,11657,13938,9336,4195,18627,18686,19943,22783,3233,6632,9173,9585,10704,11817,16924,17419,18825,62,66,6164,6308,6331,6727,6747,6992,9786,12120,12939,13215,14100,15343,15912,16112,16268,17816,18027,19816,20563,21023,21219
1	288	27108	16684,11657,13938,9336,4195,18627,18686,19943,22783,3233,6632,9173,9585,10704,11817,16924,17419,18825,62,66,6164,6308,6331,6727,6747,6992,9786,12120,12939,13215,14100,15343,15912,16112,16268,17816,18027,19816,20563,21023,21219,24824
1	288	33090	16684,11657,13938,9336,4195,18627,18686,19943,22783,3233,6632,9173,9585,10704,11817,16924,17419,18825,62,66,6164,6308,6331,6727,6747,6992,9786,12120,12939,13215,14100,15343,15912,16112,16268,17816,18027,19816,20563,21023,21219,24824,27108
1	288	3264	16684,11657,13938,9336,4195,18627,18686,19943,22783,3233,6632,9173,9585,10704,11817,16924,17419,18825,62,66,6164,6308,6331,6727,6747,6992,9786,12120,12939,13215,14100,15343,15912,16112,16268,17816,18027,19816,20563,21023,21219,24824,27108,33090
1	288	9870	16684,11657,13938,9336,4195,18627,18686,19943,22783,3233,6632,9173,9585,10704,11817,16924,17419,18825,62,66,6164,6308,6331,6727,6747,6992,9786,12120,12939,13215,14100,15343,15912,16112,16268,17816,18027,19816,20563,21023,21219,24824,27108,33090,3264
1	288	18936	16684,11657,13938,9336,4195,18627,18686,19943,22783,3233,6632,9173,9585,10704,11817,16924,17419,18825,62,66,6164,6308,6331,6727,6747,6992,9786,12120,12939,13215,14100,15343,15912,16112,16268,17816,18027,19816,20563,21023,21219,24824,27108,33090,3264,9870
1	288	31600	16684,11657,13938,9336,4195,18627,18686,19943,22783,3233,6632,9173,9585,10704,11817,16924,17419,18825,62,66,6164,6308,6331,6727,6747,6992,9786,12120,12939,13215,14100,15343,15912,16112,16268,17816,18027,19816,20563,21023,21219,24824,27108,33090,3264,9870,18936
1	288	25981	16684,11657,13938,9336,4195,18627,18686,19943,22783,3233,6632,9173,9585,10704,11817,16924,17419,18825,62,66,6164,6308,6331,6727,6747,6992,9786,12120,12939,13215,14100,15343,15912,16112,16268,17816,18027,19816,20563,21023,21219,24824,27108,33090,3264,9870,18936,31600
1	288	28383	16684,11657,13938,9336,4195,18627,18686,19943,22783,3233,6632,9173,9585,10704,11817,16924,17419,18825,62,66,6164,6308,6331,6727,6747,6992,9786,12120,12939,13215,14100,15343,15912,16112,16268,17816,18027,19816,20563,21023,21219,24824,27108,33090,3264,9870,18936,31600,25981
