1	275	162	0
1	275	10229	162
0	275	19833	162,10229
1	275	21369	162,10229
0	275	5395	162,10229,21369
0	275	23233	162,10229,21369
1	275	18511	162,10229,21369
0	275	620	162,10229,21369,18511
0	275	6028	162,10229,21369,18511
1	275	12562	162,10229,21369,18511
0	275	17960	162,10229,21369,18511,12562
1	275	18627	162,10229,21369,18511,12562
1	275	18664	162,10229,21369,18511,12562,18627
1	275	24110	162,10229,21369,18511,12562,18627,18664
1	275	24381	162,10229,21369,18511,12562,18627,18664,24110
0	275	26650	162,10229,21369,18511,12562,18627,18664,24110,24381
0	275	29023	162,10229,21369,18511,12562,18627,18664,24110,24381
