1	199	31725	0
1	199	32011	31725
1	199	32877	31725,32011
0	199	313	31725,32011,32877
1	199	21057	31725,32011,32877
0	199	31359	31725,32011,32877,21057
0	199	24793	31725,32011,32877,21057
0	199	31363	31725,32011,32877,21057
1	199	117	31725,32011,32877,21057
1	199	78	31725,32011,32877,21057,117
1	199	850	31725,32011,32877,21057,117,78
0	199	31430	31725,32011,32877,21057,117,78,850
1	199	14659	31725,32011,32877,21057,117,78,850
1	199	4210	31725,32011,32877,21057,117,78,850,14659
1	199	32995	31725,32011,32877,21057,117,78,850,14659,4210
1	199	14668	31725,32011,32877,21057,117,78,850,14659,4210,32995
1	199	1736	31725,32011,32877,21057,117,78,850,14659,4210,32995,14668
1	199	2399	31725,32011,32877,21057,117,78,850,14659,4210,32995,14668,1736
1	199	4323	31725,32011,32877,21057,117,78,850,14659,4210,32995,14668,1736,2399
1	199	4799	31725,32011,32877,21057,117,78,850,14659,4210,32995,14668,1736,2399,4323
0	199	28656	31725,32011,32877,21057,117,78,850,14659,4210,32995,14668,1736,2399,4323,4799
1	199	32770	31725,32011,32877,21057,117,78,850,14659,4210,32995,14668,1736,2399,4323,4799
1	199	1970	31725,32011,32877,21057,117,78,850,14659,4210,32995,14668,1736,2399,4323,4799,32770
1	199	2780	31725,32011,32877,21057,117,78,850,14659,4210,32995,14668,1736,2399,4323,4799,32770,1970
1	199	5191	31725,32011,32877,21057,117,78,850,14659,4210,32995,14668,1736,2399,4323,4799,32770,1970,2780
1	199	12559	31725,32011,32877,21057,117,78,850,14659,4210,32995,14668,1736,2399,4323,4799,32770,1970,2780,5191
1	199	4690	31725,32011,32877,21057,117,78,850,14659,4210,32995,14668,1736,2399,4323,4799,32770,1970,2780,5191,12559
1	199	4757	31725,32011,32877,21057,117,78,850,14659,4210,32995,14668,1736,2399,4323,4799,32770,1970,2780,5191,12559,4690
1	199	1440	31725,32011,32877,21057,117,78,850,14659,4210,32995,14668,1736,2399,4323,4799,32770,1970,2780,5191,12559,4690,4757
1	199	4612	31725,32011,32877,21057,117,78,850,14659,4210,32995,14668,1736,2399,4323,4799,32770,1970,2780,5191,12559,4690,4757,1440
1	199	30683	31725,32011,32877,21057,117,78,850,14659,4210,32995,14668,1736,2399,4323,4799,32770,1970,2780,5191,12559,4690,4757,1440,4612
1	199	181	31725,32011,32877,21057,117,78,850,14659,4210,32995,14668,1736,2399,4323,4799,32770,1970,2780,5191,12559,4690,4757,1440,4612,30683
1	199	1341	31725,32011,32877,21057,117,78,850,14659,4210,32995,14668,1736,2399,4323,4799,32770,1970,2780,5191,12559,4690,4757,1440,4612,30683,181
1	199	1155	31725,32011,32877,21057,117,78,850,14659,4210,32995,14668,1736,2399,4323,4799,32770,1970,2780,5191,12559,4690,4757,1440,4612,30683,181,1341
0	199	1776	31725,32011,32877,21057,117,78,850,14659,4210,32995,14668,1736,2399,4323,4799,32770,1970,2780,5191,12559,4690,4757,1440,4612,30683,181,1341,1155
1	199	9740	31725,32011,32877,21057,117,78,850,14659,4210,32995,14668,1736,2399,4323,4799,32770,1970,2780,5191,12559,4690,4757,1440,4612,30683,181,1341,1155
1	199	1441	31725,32011,32877,21057,117,78,850,14659,4210,32995,14668,1736,2399,4323,4799,32770,1970,2780,5191,12559,4690,4757,1440,4612,30683,181,1341,1155,9740
1	199	29180	31725,32011,32877,21057,117,78,850,14659,4210,32995,14668,1736,2399,4323,4799,32770,1970,2780,5191,12559,4690,4757,1440,4612,30683,181,1341,1155,9740,1441
1	199	15619	31725,32011,32877,21057,117,78,850,14659,4210,32995,14668,1736,2399,4323,4799,32770,1970,2780,5191,12559,4690,4757,1440,4612,30683,181,1341,1155,9740,1441,29180
1	199	2575	31725,32011,32877,21057,117,78,850,14659,4210,32995,14668,1736,2399,4323,4799,32770,1970,2780,5191,12559,4690,4757,1440,4612,30683,181,1341,1155,9740,1441,29180,15619
1	199	3543	31725,32011,32877,21057,117,78,850,14659,4210,32995,14668,1736,2399,4323,4799,32770,1970,2780,5191,12559,4690,4757,1440,4612,30683,181,1341,1155,9740,1441,29180,15619,2575
1	199	5941	31725,32011,32877,21057,117,78,850,14659,4210,32995,14668,1736,2399,4323,4799,32770,1970,2780,5191,12559,4690,4757,1440,4612,30683,181,1341,1155,9740,1441,29180,15619,2575,3543
0	199	6239	31725,32011,32877,21057,117,78,850,14659,4210,32995,14668,1736,2399,4323,4799,32770,1970,2780,5191,12559,4690,4757,1440,4612,30683,181,1341,1155,9740,1441,29180,15619,2575,3543,5941
0	199	5155	31725,32011,32877,21057,117,78,850,14659,4210,32995,14668,1736,2399,4323,4799,32770,1970,2780,5191,12559,4690,4757,1440,4612,30683,181,1341,1155,9740,1441,29180,15619,2575,3543,5941
1	199	30607	31725,32011,32877,21057,117,78,850,14659,4210,32995,14668,1736,2399,4323,4799,32770,1970,2780,5191,12559,4690,4757,1440,4612,30683,181,1341,1155,9740,1441,29180,15619,2575,3543,5941
1	199	7876	31725,32011,32877,21057,117,78,850,14659,4210,32995,14668,1736,2399,4323,4799,32770,1970,2780,5191,12559,4690,4757,1440,4612,30683,181,1341,1155,9740,1441,29180,15619,2575,3543,5941,30607
1	199	3522	31725,32011,32877,21057,117,78,850,14659,4210,32995,14668,1736,2399,4323,4799,32770,1970,2780,5191,12559,4690,4757,1440,4612,30683,181,1341,1155,9740,1441,29180,15619,2575,3543,5941,30607,7876
0	199	15189	31725,32011,32877,21057,117,78,850,14659,4210,32995,14668,1736,2399,4323,4799,32770,1970,2780,5191,12559,4690,4757,1440,4612,30683,181,1341,1155,9740,1441,29180,15619,2575,3543,5941,30607,7876,3522
1	199	2576	31725,32011,32877,21057,117,78,850,14659,4210,32995,14668,1736,2399,4323,4799,32770,1970,2780,5191,12559,4690,4757,1440,4612,30683,181,1341,1155,9740,1441,29180,15619,2575,3543,5941,30607,7876,3522
1	199	5839	31725,32011,32877,21057,117,78,850,14659,4210,32995,14668,1736,2399,4323,4799,32770,1970,2780,5191,12559,4690,4757,1440,4612,30683,181,1341,1155,9740,1441,29180,15619,2575,3543,5941,30607,7876,3522,2576
1	199	31647	31725,32011,32877,21057,117,78,850,14659,4210,32995,14668,1736,2399,4323,4799,32770,1970,2780,5191,12559,4690,4757,1440,4612,30683,181,1341,1155,9740,1441,29180,15619,2575,3543,5941,30607,7876,3522,2576,5839
1	199	2157	31725,32011,32877,21057,117,78,850,14659,4210,32995,14668,1736,2399,4323,4799,32770,1970,2780,5191,12559,4690,4757,1440,4612,30683,181,1341,1155,9740,1441,29180,15619,2575,3543,5941,30607,7876,3522,2576,5839,31647
1	199	3925	31725,32011,32877,21057,117,78,850,14659,4210,32995,14668,1736,2399,4323,4799,32770,1970,2780,5191,12559,4690,4757,1440,4612,30683,181,1341,1155,9740,1441,29180,15619,2575,3543,5941,30607,7876,3522,2576,5839,31647,2157
1	199	3437	31725,32011,32877,21057,117,78,850,14659,4210,32995,14668,1736,2399,4323,4799,32770,1970,2780,5191,12559,4690,4757,1440,4612,30683,181,1341,1155,9740,1441,29180,15619,2575,3543,5941,30607,7876,3522,2576,5839,31647,2157,3925
1	199	6494	31725,32011,32877,21057,117,78,850,14659,4210,32995,14668,1736,2399,4323,4799,32770,1970,2780,5191,12559,4690,4757,1440,4612,30683,181,1341,1155,9740,1441,29180,15619,2575,3543,5941,30607,7876,3522,2576,5839,31647,2157,3925,3437
0	199	6538	31725,32011,32877,21057,117,78,850,14659,4210,32995,14668,1736,2399,4323,4799,32770,1970,2780,5191,12559,4690,4757,1440,4612,30683,181,1341,1155,9740,1441,29180,15619,2575,3543,5941,30607,7876,3522,2576,5839,31647,2157,3925,3437,6494
0	199	7091	31725,32011,32877,21057,117,78,850,14659,4210,32995,14668,1736,2399,4323,4799,32770,1970,2780,5191,12559,4690,4757,1440,4612,30683,181,1341,1155,9740,1441,29180,15619,2575,3543,5941,30607,7876,3522,2576,5839,31647,2157,3925,3437,6494
1	199	11510	31725,32011,32877,21057,117,78,850,14659,4210,32995,14668,1736,2399,4323,4799,32770,1970,2780,5191,12559,4690,4757,1440,4612,30683,181,1341,1155,9740,1441,29180,15619,2575,3543,5941,30607,7876,3522,2576,5839,31647,2157,3925,3437,6494
1	199	12306	31725,32011,32877,21057,117,78,850,14659,4210,32995,14668,1736,2399,4323,4799,32770,1970,2780,5191,12559,4690,4757,1440,4612,30683,181,1341,1155,9740,1441,29180,15619,2575,3543,5941,30607,7876,3522,2576,5839,31647,2157,3925,3437,6494,11510
1	199	32716	31725,32011,32877,21057,117,78,850,14659,4210,32995,14668,1736,2399,4323,4799,32770,1970,2780,5191,12559,4690,4757,1440,4612,30683,181,1341,1155,9740,1441,29180,15619,2575,3543,5941,30607,7876,3522,2576,5839,31647,2157,3925,3437,6494,11510,12306
0	199	10737	31725,32011,32877,21057,117,78,850,14659,4210,32995,14668,1736,2399,4323,4799,32770,1970,2780,5191,12559,4690,4757,1440,4612,30683,181,1341,1155,9740,1441,29180,15619,2575,3543,5941,30607,7876,3522,2576,5839,31647,2157,3925,3437,6494,11510,12306,32716
1	199	9795	31725,32011,32877,21057,117,78,850,14659,4210,32995,14668,1736,2399,4323,4799,32770,1970,2780,5191,12559,4690,4757,1440,4612,30683,181,1341,1155,9740,1441,29180,15619,2575,3543,5941,30607,7876,3522,2576,5839,31647,2157,3925,3437,6494,11510,12306,32716
1	199	12344	31725,32011,32877,21057,117,78,850,14659,4210,32995,14668,1736,2399,4323,4799,32770,1970,2780,5191,12559,4690,4757,1440,4612,30683,181,1341,1155,9740,1441,29180,15619,2575,3543,5941,30607,7876,3522,2576,5839,31647,2157,3925,3437,6494,11510,12306,32716,9795
0	199	3666	31725,32011,32877,21057,117,78,850,14659,4210,32995,14668,1736,2399,4323,4799,32770,1970,2780,5191,12559,4690,4757,1440,4612,30683,181,1341,1155,9740,1441,29180,15619,2575,3543,5941,30607,7876,3522,2576,5839,31647,2157,3925,3437,6494,11510,12306,32716,9795,12344
1	199	10431	31725,32011,32877,21057,117,78,850,14659,4210,32995,14668,1736,2399,4323,4799,32770,1970,2780,5191,12559,4690,4757,1440,4612,30683,181,1341,1155,9740,1441,29180,15619,2575,3543,5941,30607,7876,3522,2576,5839,31647,2157,3925,3437,6494,11510,12306,32716,9795,12344
0	199	9099	31725,32011,32877,21057,117,78,850,14659,4210,32995,14668,1736,2399,4323,4799,32770,1970,2780,5191,12559,4690,4757,1440,4612,30683,181,1341,1155,9740,1441,29180,15619,2575,3543,5941,30607,7876,3522,2576,5839,31647,2157,3925,3437,6494,11510,12306,32716,9795,12344,10431
1	199	19475	31725,32011,32877,21057,117,78,850,14659,4210,32995,14668,1736,2399,4323,4799,32770,1970,2780,5191,12559,4690,4757,1440,4612,30683,181,1341,1155,9740,1441,29180,15619,2575,3543,5941,30607,7876,3522,2576,5839,31647,2157,3925,3437,6494,11510,12306,32716,9795,12344,10431
1	199	23960	31725,32011,32877,21057,117,78,850,14659,4210,32995,14668,1736,2399,4323,4799,32770,1970,2780,5191,12559,4690,4757,1440,4612,30683,181,1341,1155,9740,1441,29180,15619,2575,3543,5941,30607,7876,3522,2576,5839,31647,2157,3925,3437,6494,11510,12306,32716,9795,12344,10431,19475
1	199	31057	31725,32011,32877,21057,117,78,850,14659,4210,32995,14668,1736,2399,4323,4799,32770,1970,2780,5191,12559,4690,4757,1440,4612,30683,181,1341,1155,9740,1441,29180,15619,2575,3543,5941,30607,7876,3522,2576,5839,31647,2157,3925,3437,6494,11510,12306,32716,9795,12344,10431,19475,23960
1	199	8280	31725,32011,32877,21057,117,78,850,14659,4210,32995,14668,1736,2399,4323,4799,32770,1970,2780,5191,12559,4690,4757,1440,4612,30683,181,1341,1155,9740,1441,29180,15619,2575,3543,5941,30607,7876,3522,2576,5839,31647,2157,3925,3437,6494,11510,12306,32716,9795,12344,10431,19475,23960,31057
1	199	19785	31725,32011,32877,21057,117,78,850,14659,4210,32995,14668,1736,2399,4323,4799,32770,1970,2780,5191,12559,4690,4757,1440,4612,30683,181,1341,1155,9740,1441,29180,15619,2575,3543,5941,30607,7876,3522,2576,5839,31647,2157,3925,3437,6494,11510,12306,32716,9795,12344,10431,19475,23960,31057,8280
1	199	21342	31725,32011,32877,21057,117,78,850,14659,4210,32995,14668,1736,2399,4323,4799,32770,1970,2780,5191,12559,4690,4757,1440,4612,30683,181,1341,1155,9740,1441,29180,15619,2575,3543,5941,30607,7876,3522,2576,5839,31647,2157,3925,3437,6494,11510,12306,32716,9795,12344,10431,19475,23960,31057,8280,19785
1	199	12307	31725,32011,32877,21057,117,78,850,14659,4210,32995,14668,1736,2399,4323,4799,32770,1970,2780,5191,12559,4690,4757,1440,4612,30683,181,1341,1155,9740,1441,29180,15619,2575,3543,5941,30607,7876,3522,2576,5839,31647,2157,3925,3437,6494,11510,12306,32716,9795,12344,10431,19475,23960,31057,8280,19785,21342
0	199	27092	31725,32011,32877,21057,117,78,850,14659,4210,32995,14668,1736,2399,4323,4799,32770,1970,2780,5191,12559,4690,4757,1440,4612,30683,181,1341,1155,9740,1441,29180,15619,2575,3543,5941,30607,7876,3522,2576,5839,31647,2157,3925,3437,6494,11510,12306,32716,9795,12344,10431,19475,23960,31057,8280,19785,21342,12307
1	199	27121	31725,32011,32877,21057,117,78,850,14659,4210,32995,14668,1736,2399,4323,4799,32770,1970,2780,5191,12559,4690,4757,1440,4612,30683,181,1341,1155,9740,1441,29180,15619,2575,3543,5941,30607,7876,3522,2576,5839,31647,2157,3925,3437,6494,11510,12306,32716,9795,12344,10431,19475,23960,31057,8280,19785,21342,12307
1	199	32666	31725,32011,32877,21057,117,78,850,14659,4210,32995,14668,1736,2399,4323,4799,32770,1970,2780,5191,12559,4690,4757,1440,4612,30683,181,1341,1155,9740,1441,29180,15619,2575,3543,5941,30607,7876,3522,2576,5839,31647,2157,3925,3437,6494,11510,12306,32716,9795,12344,10431,19475,23960,31057,8280,19785,21342,12307,27121
1	199	28119	31725,32011,32877,21057,117,78,850,14659,4210,32995,14668,1736,2399,4323,4799,32770,1970,2780,5191,12559,4690,4757,1440,4612,30683,181,1341,1155,9740,1441,29180,15619,2575,3543,5941,30607,7876,3522,2576,5839,31647,2157,3925,3437,6494,11510,12306,32716,9795,12344,10431,19475,23960,31057,8280,19785,21342,12307,27121,32666
1	199	26188	31725,32011,32877,21057,117,78,850,14659,4210,32995,14668,1736,2399,4323,4799,32770,1970,2780,5191,12559,4690,4757,1440,4612,30683,181,1341,1155,9740,1441,29180,15619,2575,3543,5941,30607,7876,3522,2576,5839,31647,2157,3925,3437,6494,11510,12306,32716,9795,12344,10431,19475,23960,31057,8280,19785,21342,12307,27121,32666,28119
