1	1104	1503	0
1	1104	32064	1503
1	1104	31749	1503,32064
1	1104	5081	1503,32064,31749
0	1104	407	1503,32064,31749,5081
0	1104	2616	1503,32064,31749,5081
0	1104	23986	1503,32064,31749,5081
0	1104	5926	1503,32064,31749,5081
1	1104	19305	1503,32064,31749,5081
0	1104	2520	1503,32064,31749,5081,19305
0	1104	7040	1503,32064,31749,5081,19305
0	1104	6269	1503,32064,31749,5081,19305
1	1104	5831	1503,32064,31749,5081,19305
1	1104	8206	1503,32064,31749,5081,19305,5831
0	1104	8512	1503,32064,31749,5081,19305,5831,8206
0	1104	6233	1503,32064,31749,5081,19305,5831,8206
1	1104	9310	1503,32064,31749,5081,19305,5831,8206
1	1104	9424	1503,32064,31749,5081,19305,5831,8206,9310
0	1104	9428	1503,32064,31749,5081,19305,5831,8206,9310,9424
0	1104	8675	1503,32064,31749,5081,19305,5831,8206,9310,9424
1	1104	25606	1503,32064,31749,5081,19305,5831,8206,9310,9424
0	1104	11722	1503,32064,31749,5081,19305,5831,8206,9310,9424,25606
0	1104	12043	1503,32064,31749,5081,19305,5831,8206,9310,9424,25606
1	1104	9304	1503,32064,31749,5081,19305,5831,8206,9310,9424,25606
1	1104	11867	1503,32064,31749,5081,19305,5831,8206,9310,9424,25606,9304
1	1104	8164	1503,32064,31749,5081,19305,5831,8206,9310,9424,25606,9304,11867
0	1104	15280	1503,32064,31749,5081,19305,5831,8206,9310,9424,25606,9304,11867,8164
0	1104	15426	1503,32064,31749,5081,19305,5831,8206,9310,9424,25606,9304,11867,8164
0	1104	16681	1503,32064,31749,5081,19305,5831,8206,9310,9424,25606,9304,11867,8164
0	1104	17606	1503,32064,31749,5081,19305,5831,8206,9310,9424,25606,9304,11867,8164
1	1104	16825	1503,32064,31749,5081,19305,5831,8206,9310,9424,25606,9304,11867,8164
0	1104	18181	1503,32064,31749,5081,19305,5831,8206,9310,9424,25606,9304,11867,8164,16825
1	1104	12814	1503,32064,31749,5081,19305,5831,8206,9310,9424,25606,9304,11867,8164,16825
0	1104	16940	1503,32064,31749,5081,19305,5831,8206,9310,9424,25606,9304,11867,8164,16825,12814
0	1104	19016	1503,32064,31749,5081,19305,5831,8206,9310,9424,25606,9304,11867,8164,16825,12814
1	1104	19365	1503,32064,31749,5081,19305,5831,8206,9310,9424,25606,9304,11867,8164,16825,12814
0	1104	20921	1503,32064,31749,5081,19305,5831,8206,9310,9424,25606,9304,11867,8164,16825,12814,19365
0	1104	21063	1503,32064,31749,5081,19305,5831,8206,9310,9424,25606,9304,11867,8164,16825,12814,19365
0	1104	21242	1503,32064,31749,5081,19305,5831,8206,9310,9424,25606,9304,11867,8164,16825,12814,19365
0	1104	22228	1503,32064,31749,5081,19305,5831,8206,9310,9424,25606,9304,11867,8164,16825,12814,19365
0	1104	21382	1503,32064,31749,5081,19305,5831,8206,9310,9424,25606,9304,11867,8164,16825,12814,19365
0	1104	19334	1503,32064,31749,5081,19305,5831,8206,9310,9424,25606,9304,11867,8164,16825,12814,19365
0	1104	21515	1503,32064,31749,5081,19305,5831,8206,9310,9424,25606,9304,11867,8164,16825,12814,19365
0	1104	22590	1503,32064,31749,5081,19305,5831,8206,9310,9424,25606,9304,11867,8164,16825,12814,19365
1	1104	23416	1503,32064,31749,5081,19305,5831,8206,9310,9424,25606,9304,11867,8164,16825,12814,19365
1	1104	23453	1503,32064,31749,5081,19305,5831,8206,9310,9424,25606,9304,11867,8164,16825,12814,19365,23416
0	1104	24162	1503,32064,31749,5081,19305,5831,8206,9310,9424,25606,9304,11867,8164,16825,12814,19365,23416,23453
0	1104	21586	1503,32064,31749,5081,19305,5831,8206,9310,9424,25606,9304,11867,8164,16825,12814,19365,23416,23453
0	1104	25373	1503,32064,31749,5081,19305,5831,8206,9310,9424,25606,9304,11867,8164,16825,12814,19365,23416,23453
1	1104	25913	1503,32064,31749,5081,19305,5831,8206,9310,9424,25606,9304,11867,8164,16825,12814,19365,23416,23453
1	1104	26759	1503,32064,31749,5081,19305,5831,8206,9310,9424,25606,9304,11867,8164,16825,12814,19365,23416,23453,25913
0	1104	24510	1503,32064,31749,5081,19305,5831,8206,9310,9424,25606,9304,11867,8164,16825,12814,19365,23416,23453,25913,26759
0	1104	25030	1503,32064,31749,5081,19305,5831,8206,9310,9424,25606,9304,11867,8164,16825,12814,19365,23416,23453,25913,26759
0	1104	25056	1503,32064,31749,5081,19305,5831,8206,9310,9424,25606,9304,11867,8164,16825,12814,19365,23416,23453,25913,26759
0	1104	26938	1503,32064,31749,5081,19305,5831,8206,9310,9424,25606,9304,11867,8164,16825,12814,19365,23416,23453,25913,26759
0	1104	25658	1503,32064,31749,5081,19305,5831,8206,9310,9424,25606,9304,11867,8164,16825,12814,19365,23416,23453,25913,26759
0	1104	26323	1503,32064,31749,5081,19305,5831,8206,9310,9424,25606,9304,11867,8164,16825,12814,19365,23416,23453,25913,26759
0	1104	26973	1503,32064,31749,5081,19305,5831,8206,9310,9424,25606,9304,11867,8164,16825,12814,19365,23416,23453,25913,26759
0	1104	25659	1503,32064,31749,5081,19305,5831,8206,9310,9424,25606,9304,11867,8164,16825,12814,19365,23416,23453,25913,26759
0	1104	27113	1503,32064,31749,5081,19305,5831,8206,9310,9424,25606,9304,11867,8164,16825,12814,19365,23416,23453,25913,26759
0	1104	27797	1503,32064,31749,5081,19305,5831,8206,9310,9424,25606,9304,11867,8164,16825,12814,19365,23416,23453,25913,26759
0	1104	28020	1503,32064,31749,5081,19305,5831,8206,9310,9424,25606,9304,11867,8164,16825,12814,19365,23416,23453,25913,26759
0	1104	27509	1503,32064,31749,5081,19305,5831,8206,9310,9424,25606,9304,11867,8164,16825,12814,19365,23416,23453,25913,26759
1	1104	29024	1503,32064,31749,5081,19305,5831,8206,9310,9424,25606,9304,11867,8164,16825,12814,19365,23416,23453,25913,26759
0	1104	28973	1503,32064,31749,5081,19305,5831,8206,9310,9424,25606,9304,11867,8164,16825,12814,19365,23416,23453,25913,26759,29024
0	1104	29133	1503,32064,31749,5081,19305,5831,8206,9310,9424,25606,9304,11867,8164,16825,12814,19365,23416,23453,25913,26759,29024
0	1104	14199	1503,32064,31749,5081,19305,5831,8206,9310,9424,25606,9304,11867,8164,16825,12814,19365,23416,23453,25913,26759,29024,29875
