0	1744	563	0
0	1744	531	0
0	1744	917	0
1	1744	2246	0
1	1744	31138	2246
1	1744	3135	2246,31138
0	1744	955	2246,31138,3135
0	1744	3071	2246,31138,3135
0	1744	4677	2246,31138,3135
0	1744	3078	2246,31138,3135
0	1744	5131	2246,31138,3135
0	1744	3033	2246,31138,3135
0	1744	3083	2246,31138,3135
0	1744	4841	2246,31138,3135
1	1744	3074	2246,31138,3135
0	1744	3133	2246,31138,3135,3074
1	1744	4676	2246,31138,3135,3074
0	1744	4754	2246,31138,3135,3074,4676
0	1744	4679	2246,31138,3135,3074,4676
1	1744	3018	2246,31138,3135,3074,4676
1	1744	3293	2246,31138,3135,3074,4676,3018
1	1744	6529	2246,31138,3135,3074,4676,3018,3293
1	1744	3014	2246,31138,3135,3074,4676,3018,3293,6529
0	1744	4323	2246,31138,3135,3074,4676,3018,3293,6529,3014
1	1744	7391	2246,31138,3135,3074,4676,3018,3293,6529,3014
0	1744	5404	2246,31138,3135,3074,4676,3018,3293,6529,3014,7391
1	1744	6408	2246,31138,3135,3074,4676,3018,3293,6529,3014,7391
0	1744	6982	2246,31138,3135,3074,4676,3018,3293,6529,3014,7391,6408
1	1744	8631	2246,31138,3135,3074,4676,3018,3293,6529,3014,7391,6408
1	1744	6537	2246,31138,3135,3074,4676,3018,3293,6529,3014,7391,6408,8631
1	1744	8425	2246,31138,3135,3074,4676,3018,3293,6529,3014,7391,6408,8631,6537
0	1744	8598	2246,31138,3135,3074,4676,3018,3293,6529,3014,7391,6408,8631,6537,8425
1	1744	627	2246,31138,3135,3074,4676,3018,3293,6529,3014,7391,6408,8631,6537,8425
1	1744	6446	2246,31138,3135,3074,4676,3018,3293,6529,3014,7391,6408,8631,6537,8425,627
1	1744	10721	2246,31138,3135,3074,4676,3018,3293,6529,3014,7391,6408,8631,6537,8425,627,6446
0	1744	6528	2246,31138,3135,3074,4676,3018,3293,6529,3014,7391,6408,8631,6537,8425,627,6446,10721
0	1744	8741	2246,31138,3135,3074,4676,3018,3293,6529,3014,7391,6408,8631,6537,8425,627,6446,10721
0	1744	10422	2246,31138,3135,3074,4676,3018,3293,6529,3014,7391,6408,8631,6537,8425,627,6446,10721
0	1744	12204	2246,31138,3135,3074,4676,3018,3293,6529,3014,7391,6408,8631,6537,8425,627,6446,10721
0	1744	6306	2246,31138,3135,3074,4676,3018,3293,6529,3014,7391,6408,8631,6537,8425,627,6446,10721
0	1744	10636	2246,31138,3135,3074,4676,3018,3293,6529,3014,7391,6408,8631,6537,8425,627,6446,10721
0	1744	4953	2246,31138,3135,3074,4676,3018,3293,6529,3014,7391,6408,8631,6537,8425,627,6446,10721
0	1744	8726	2246,31138,3135,3074,4676,3018,3293,6529,3014,7391,6408,8631,6537,8425,627,6446,10721
