1	1413	3502	0
1	1413	30107	3502
1	1413	19056	3502,30107
1	1413	20252	3502,30107,19056
1	1413	11869	3502,30107,19056,20252
1	1413	22481	3502,30107,19056,20252,11869
1	1413	22949	3502,30107,19056,20252,11869,22481
1	1413	23966	3502,30107,19056,20252,11869,22481,22949
1	1413	31478	3502,30107,19056,20252,11869,22481,22949,23966
1	1413	6540	3502,30107,19056,20252,11869,22481,22949,23966,31478
0	1413	7961	3502,30107,19056,20252,11869,22481,22949,23966,31478,6540
1	1413	740	3502,30107,19056,20252,11869,22481,22949,23966,31478,6540
1	1413	2035	3502,30107,19056,20252,11869,22481,22949,23966,31478,6540,740
1	1413	4319	3502,30107,19056,20252,11869,22481,22949,23966,31478,6540,740,2035
1	1413	4644	3502,30107,19056,20252,11869,22481,22949,23966,31478,6540,740,2035,4319
1	1413	7072	3502,30107,19056,20252,11869,22481,22949,23966,31478,6540,740,2035,4319,4644
1	1413	9184	3502,30107,19056,20252,11869,22481,22949,23966,31478,6540,740,2035,4319,4644,7072
1	1413	21837	3502,30107,19056,20252,11869,22481,22949,23966,31478,6540,740,2035,4319,4644,7072,9184
1	1413	32767	3502,30107,19056,20252,11869,22481,22949,23966,31478,6540,740,2035,4319,4644,7072,9184,21837
1	1413	7260	3502,30107,19056,20252,11869,22481,22949,23966,31478,6540,740,2035,4319,4644,7072,9184,21837,32767
1	1413	8658	3502,30107,19056,20252,11869,22481,22949,23966,31478,6540,740,2035,4319,4644,7072,9184,21837,32767,7260
0	1413	11237	3502,30107,19056,20252,11869,22481,22949,23966,31478,6540,740,2035,4319,4644,7072,9184,21837,32767,7260,8658
1	1413	32490	3502,30107,19056,20252,11869,22481,22949,23966,31478,6540,740,2035,4319,4644,7072,9184,21837,32767,7260,8658
1	1413	17426	3502,30107,19056,20252,11869,22481,22949,23966,31478,6540,740,2035,4319,4644,7072,9184,21837,32767,7260,8658,32490
1	1413	24238	3502,30107,19056,20252,11869,22481,22949,23966,31478,6540,740,2035,4319,4644,7072,9184,21837,32767,7260,8658,32490,17426
1	1413	26675	3502,30107,19056,20252,11869,22481,22949,23966,31478,6540,740,2035,4319,4644,7072,9184,21837,32767,7260,8658,32490,17426,24238
1	1413	27981	3502,30107,19056,20252,11869,22481,22949,23966,31478,6540,740,2035,4319,4644,7072,9184,21837,32767,7260,8658,32490,17426,24238,26675
0	1413	25971	3502,30107,19056,20252,11869,22481,22949,23966,31478,6540,740,2035,4319,4644,7072,9184,21837,32767,7260,8658,32490,17426,24238,26675,27981
1	1413	16652	3502,30107,19056,20252,11869,22481,22949,23966,31478,6540,740,2035,4319,4644,7072,9184,21837,32767,7260,8658,32490,17426,24238,26675,27981
1	1413	19336	3502,30107,19056,20252,11869,22481,22949,23966,31478,6540,740,2035,4319,4644,7072,9184,21837,32767,7260,8658,32490,17426,24238,26675,27981,16652
0	1413	23490	3502,30107,19056,20252,11869,22481,22949,23966,31478,6540,740,2035,4319,4644,7072,9184,21837,32767,7260,8658,32490,17426,24238,26675,27981,16652,19336
1	1413	23517	3502,30107,19056,20252,11869,22481,22949,23966,31478,6540,740,2035,4319,4644,7072,9184,21837,32767,7260,8658,32490,17426,24238,26675,27981,16652,19336
1	1413	26682	3502,30107,19056,20252,11869,22481,22949,23966,31478,6540,740,2035,4319,4644,7072,9184,21837,32767,7260,8658,32490,17426,24238,26675,27981,16652,19336,23517
0	1413	16668	3502,30107,19056,20252,11869,22481,22949,23966,31478,6540,740,2035,4319,4644,7072,9184,21837,32767,7260,8658,32490,17426,24238,26675,27981,16652,19336,23517,26682
1	1413	20697	3502,30107,19056,20252,11869,22481,22949,23966,31478,6540,740,2035,4319,4644,7072,9184,21837,32767,7260,8658,32490,17426,24238,26675,27981,16652,19336,23517,26682
1	1413	20809	3502,30107,19056,20252,11869,22481,22949,23966,31478,6540,740,2035,4319,4644,7072,9184,21837,32767,7260,8658,32490,17426,24238,26675,27981,16652,19336,23517,26682,20697
1	1413	28060	3502,30107,19056,20252,11869,22481,22949,23966,31478,6540,740,2035,4319,4644,7072,9184,21837,32767,7260,8658,32490,17426,24238,26675,27981,16652,19336,23517,26682,20697,20809
1	1413	6643	3502,30107,19056,20252,11869,22481,22949,23966,31478,6540,740,2035,4319,4644,7072,9184,21837,32767,7260,8658,32490,17426,24238,26675,27981,16652,19336,23517,26682,20697,20809,28060
1	1413	9902	3502,30107,19056,20252,11869,22481,22949,23966,31478,6540,740,2035,4319,4644,7072,9184,21837,32767,7260,8658,32490,17426,24238,26675,27981,16652,19336,23517,26682,20697,20809,28060,6643
1	1413	15395	3502,30107,19056,20252,11869,22481,22949,23966,31478,6540,740,2035,4319,4644,7072,9184,21837,32767,7260,8658,32490,17426,24238,26675,27981,16652,19336,23517,26682,20697,20809,28060,6643,9902
1	1413	15539	3502,30107,19056,20252,11869,22481,22949,23966,31478,6540,740,2035,4319,4644,7072,9184,21837,32767,7260,8658,32490,17426,24238,26675,27981,16652,19336,23517,26682,20697,20809,28060,6643,9902,15395
1	1413	24371	3502,30107,19056,20252,11869,22481,22949,23966,31478,6540,740,2035,4319,4644,7072,9184,21837,32767,7260,8658,32490,17426,24238,26675,27981,16652,19336,23517,26682,20697,20809,28060,6643,9902,15395,15539
1	1413	10914	3502,30107,19056,20252,11869,22481,22949,23966,31478,6540,740,2035,4319,4644,7072,9184,21837,32767,7260,8658,32490,17426,24238,26675,27981,16652,19336,23517,26682,20697,20809,28060,6643,9902,15395,15539,24371
1	1413	25761	3502,30107,19056,20252,11869,22481,22949,23966,31478,6540,740,2035,4319,4644,7072,9184,21837,32767,7260,8658,32490,17426,24238,26675,27981,16652,19336,23517,26682,20697,20809,28060,6643,9902,15395,15539,24371,10914
1	1413	13272	3502,30107,19056,20252,11869,22481,22949,23966,31478,6540,740,2035,4319,4644,7072,9184,21837,32767,7260,8658,32490,17426,24238,26675,27981,16652,19336,23517,26682,20697,20809,28060,6643,9902,15395,15539,24371,10914,25761
