1	756	1384	0
1	756	2196	1384
0	756	13719	1384,2196
1	756	17582	1384,2196
0	756	18769	1384,2196,17582
0	756	1839	1384,2196,17582
1	756	3812	1384,2196,17582
1	756	18259	1384,2196,17582,3812
1	756	7867	1384,2196,17582,3812,18259
0	756	10730	1384,2196,17582,3812,18259,7867
1	756	15651	1384,2196,17582,3812,18259,7867
1	756	2150	1384,2196,17582,3812,18259,7867,15651
1	756	26249	1384,2196,17582,3812,18259,7867,15651,2150
1	756	26782	1384,2196,17582,3812,18259,7867,15651,2150,26249
1	756	4198	1384,2196,17582,3812,18259,7867,15651,2150,26249,26782
1	756	4319	1384,2196,17582,3812,18259,7867,15651,2150,26249,26782,4198
0	756	5652	1384,2196,17582,3812,18259,7867,15651,2150,26249,26782,4198,4319
1	756	6410	1384,2196,17582,3812,18259,7867,15651,2150,26249,26782,4198,4319
1	756	16174	1384,2196,17582,3812,18259,7867,15651,2150,26249,26782,4198,4319,6410
1	756	16722	1384,2196,17582,3812,18259,7867,15651,2150,26249,26782,4198,4319,6410,16174
0	756	33	1384,2196,17582,3812,18259,7867,15651,2150,26249,26782,4198,4319,6410,16174,16722
1	756	13487	1384,2196,17582,3812,18259,7867,15651,2150,26249,26782,4198,4319,6410,16174,16722
1	756	13489	1384,2196,17582,3812,18259,7867,15651,2150,26249,26782,4198,4319,6410,16174,16722,13487
1	756	20460	1384,2196,17582,3812,18259,7867,15651,2150,26249,26782,4198,4319,6410,16174,16722,13487,13489
1	756	20807	1384,2196,17582,3812,18259,7867,15651,2150,26249,26782,4198,4319,6410,16174,16722,13487,13489,20460
1	756	26438	1384,2196,17582,3812,18259,7867,15651,2150,26249,26782,4198,4319,6410,16174,16722,13487,13489,20460,20807
1	756	27104	1384,2196,17582,3812,18259,7867,15651,2150,26249,26782,4198,4319,6410,16174,16722,13487,13489,20460,20807,26438
