1	319	31408	0
1	319	32030	31408
1	319	31375	31408,32030
1	319	31602	31408,32030,31375
1	319	32424	31408,32030,31375,31602
0	319	971	31408,32030,31375,31602,32424
1	319	4046	31408,32030,31375,31602,32424
1	319	32110	31408,32030,31375,31602,32424,4046
1	319	5126	31408,32030,31375,31602,32424,4046,32110
0	319	2320	31408,32030,31375,31602,32424,4046,32110,5126
1	319	6897	31408,32030,31375,31602,32424,4046,32110,5126
1	319	8906	31408,32030,31375,31602,32424,4046,32110,5126,6897
0	319	4575	31408,32030,31375,31602,32424,4046,32110,5126,6897,8906
1	319	7225	31408,32030,31375,31602,32424,4046,32110,5126,6897,8906
1	319	13650	31408,32030,31375,31602,32424,4046,32110,5126,6897,8906,7225
1	319	4319	31408,32030,31375,31602,32424,4046,32110,5126,6897,8906,7225,13650
0	319	16560	31408,32030,31375,31602,32424,4046,32110,5126,6897,8906,7225,13650,4319
1	319	9114	31408,32030,31375,31602,32424,4046,32110,5126,6897,8906,7225,13650,4319
1	319	30997	31408,32030,31375,31602,32424,4046,32110,5126,6897,8906,7225,13650,4319,9114
1	319	15626	31408,32030,31375,31602,32424,4046,32110,5126,6897,8906,7225,13650,4319,9114,30997
1	319	27983	31408,32030,31375,31602,32424,4046,32110,5126,6897,8906,7225,13650,4319,9114,30997,15626
1	319	13769	31408,32030,31375,31602,32424,4046,32110,5126,6897,8906,7225,13650,4319,9114,30997,15626,27983
1	319	19989	31408,32030,31375,31602,32424,4046,32110,5126,6897,8906,7225,13650,4319,9114,30997,15626,27983,13769
1	319	31669	31408,32030,31375,31602,32424,4046,32110,5126,6897,8906,7225,13650,4319,9114,30997,15626,27983,13769,19989
0	319	4058	31408,32030,31375,31602,32424,4046,32110,5126,6897,8906,7225,13650,4319,9114,30997,15626,27983,13769,19989,31669
0	319	20337	31408,32030,31375,31602,32424,4046,32110,5126,6897,8906,7225,13650,4319,9114,30997,15626,27983,13769,19989,31669
1	319	25562	31408,32030,31375,31602,32424,4046,32110,5126,6897,8906,7225,13650,4319,9114,30997,15626,27983,13769,19989,31669
1	319	26071	31408,32030,31375,31602,32424,4046,32110,5126,6897,8906,7225,13650,4319,9114,30997,15626,27983,13769,19989,31669,25562
1	319	21753	31408,32030,31375,31602,32424,4046,32110,5126,6897,8906,7225,13650,4319,9114,30997,15626,27983,13769,19989,31669,25562,26071
1	319	24488	31408,32030,31375,31602,32424,4046,32110,5126,6897,8906,7225,13650,4319,9114,30997,15626,27983,13769,19989,31669,25562,26071,21753
