0	1202	17499	0
1	1202	9871	0
1	1202	423	9871
0	1202	4127	9871,423
0	1202	1090	9871,423
1	1202	2008	9871,423
0	1202	7146	9871,423,2008
0	1202	8724	9871,423,2008
1	1202	33011	9871,423,2008
0	1202	11361	9871,423,2008,33011
0	1202	11714	9871,423,2008,33011
0	1202	11925	9871,423,2008,33011
1	1202	8490	9871,423,2008,33011
0	1202	9027	9871,423,2008,33011,8490
0	1202	12932	9871,423,2008,33011,8490
0	1202	11684	9871,423,2008,33011,8490
0	1202	11410	9871,423,2008,33011,8490
1	1202	13222	9871,423,2008,33011,8490
0	1202	10684	9871,423,2008,33011,8490,13222
0	1202	13309	9871,423,2008,33011,8490,13222
0	1202	12418	9871,423,2008,33011,8490,13222
0	1202	14622	9871,423,2008,33011,8490,13222
1	1202	13696	9871,423,2008,33011,8490,13222
1	1202	4702	9871,423,2008,33011,8490,13222,13696
1	1202	10132	9871,423,2008,33011,8490,13222,13696,4702
1	1202	10144	9871,423,2008,33011,8490,13222,13696,4702,10132
1	1202	15211	9871,423,2008,33011,8490,13222,13696,4702,10132,10144
0	1202	15219	9871,423,2008,33011,8490,13222,13696,4702,10132,10144,15211
0	1202	13977	9871,423,2008,33011,8490,13222,13696,4702,10132,10144,15211
0	1202	14177	9871,423,2008,33011,8490,13222,13696,4702,10132,10144,15211
1	1202	8386	9871,423,2008,33011,8490,13222,13696,4702,10132,10144,15211
0	1202	17669	9871,423,2008,33011,8490,13222,13696,4702,10132,10144,15211,8386
0	1202	17014	9871,423,2008,33011,8490,13222,13696,4702,10132,10144,15211,8386
1	1202	17011	9871,423,2008,33011,8490,13222,13696,4702,10132,10144,15211,8386
0	1202	18599	9871,423,2008,33011,8490,13222,13696,4702,10132,10144,15211,8386,17011
0	1202	17912	9871,423,2008,33011,8490,13222,13696,4702,10132,10144,15211,8386,17011
0	1202	19428	9871,423,2008,33011,8490,13222,13696,4702,10132,10144,15211,8386,17011
0	1202	20627	9871,423,2008,33011,8490,13222,13696,4702,10132,10144,15211,8386,17011
0	1202	22247	9871,423,2008,33011,8490,13222,13696,4702,10132,10144,15211,8386,17011
0	1202	4780	9871,423,2008,33011,8490,13222,13696,4702,10132,10144,15211,8386,17011
0	1202	9484	9871,423,2008,33011,8490,13222,13696,4702,10132,10144,15211,8386,17011
1	1202	23453	9871,423,2008,33011,8490,13222,13696,4702,10132,10144,15211,8386,17011
0	1202	25524	9871,423,2008,33011,8490,13222,13696,4702,10132,10144,15211,8386,17011,23453
1	1202	25863	9871,423,2008,33011,8490,13222,13696,4702,10132,10144,15211,8386,17011,23453
1	1202	26362	9871,423,2008,33011,8490,13222,13696,4702,10132,10144,15211,8386,17011,23453,25863
0	1202	23783	9871,423,2008,33011,8490,13222,13696,4702,10132,10144,15211,8386,17011,23453,25863,26362
0	1202	23389	9871,423,2008,33011,8490,13222,13696,4702,10132,10144,15211,8386,17011,23453,25863,26362
0	1202	9647	9871,423,2008,33011,8490,13222,13696,4702,10132,10144,15211,8386,17011,23453,25863,26362
0	1202	10601	9871,423,2008,33011,8490,13222,13696,4702,10132,10144,15211,8386,17011,23453,25863,26362
0	1202	27393	9871,423,2008,33011,8490,13222,13696,4702,10132,10144,15211,8386,17011,23453,25863,26362
1	1202	20151	9871,423,2008,33011,8490,13222,13696,4702,10132,10144,15211,8386,17011,23453,25863,26362
0	1202	28644	9871,423,2008,33011,8490,13222,13696,4702,10132,10144,15211,8386,17011,23453,25863,26362,20151
1	1202	28609	9871,423,2008,33011,8490,13222,13696,4702,10132,10144,15211,8386,17011,23453,25863,26362,20151
