1	990	15793	0
1	990	7543	15793
1	990	13823	15793,7543
1	990	1719	15793,7543,13823
1	990	1082	15793,7543,13823,1719
1	990	20326	15793,7543,13823,1719,1082
1	990	10726	15793,7543,13823,1719,1082,20326
1	990	33030	15793,7543,13823,1719,1082,20326,10726
1	990	16996	15793,7543,13823,1719,1082,20326,10726,33030
1	990	8464	15793,7543,13823,1719,1082,20326,10726,33030,16996
1	990	25902	15793,7543,13823,1719,1082,20326,10726,33030,16996,8464
1	990	24159	15793,7543,13823,1719,1082,20326,10726,33030,16996,8464,25902
0	990	5023	15793,7543,13823,1719,1082,20326,10726,33030,16996,8464,25902,24159
1	990	7659	15793,7543,13823,1719,1082,20326,10726,33030,16996,8464,25902,24159
1	990	24069	15793,7543,13823,1719,1082,20326,10726,33030,16996,8464,25902,24159,7659
1	990	25576	15793,7543,13823,1719,1082,20326,10726,33030,16996,8464,25902,24159,7659,24069
1	990	8459	15793,7543,13823,1719,1082,20326,10726,33030,16996,8464,25902,24159,7659,24069,25576
1	990	17135	15793,7543,13823,1719,1082,20326,10726,33030,16996,8464,25902,24159,7659,24069,25576,8459
1	990	25453	15793,7543,13823,1719,1082,20326,10726,33030,16996,8464,25902,24159,7659,24069,25576,8459,17135
1	990	5059	15793,7543,13823,1719,1082,20326,10726,33030,16996,8464,25902,24159,7659,24069,25576,8459,17135,25453
1	990	14722	15793,7543,13823,1719,1082,20326,10726,33030,16996,8464,25902,24159,7659,24069,25576,8459,17135,25453,5059
1	990	19321	15793,7543,13823,1719,1082,20326,10726,33030,16996,8464,25902,24159,7659,24069,25576,8459,17135,25453,5059,14722
1	990	18872	15793,7543,13823,1719,1082,20326,10726,33030,16996,8464,25902,24159,7659,24069,25576,8459,17135,25453,5059,14722,19321
1	990	22055	15793,7543,13823,1719,1082,20326,10726,33030,16996,8464,25902,24159,7659,24069,25576,8459,17135,25453,5059,14722,19321,18872
1	990	870	15793,7543,13823,1719,1082,20326,10726,33030,16996,8464,25902,24159,7659,24069,25576,8459,17135,25453,5059,14722,19321,18872,22055
1	990	1071	15793,7543,13823,1719,1082,20326,10726,33030,16996,8464,25902,24159,7659,24069,25576,8459,17135,25453,5059,14722,19321,18872,22055,870
1	990	3203	15793,7543,13823,1719,1082,20326,10726,33030,16996,8464,25902,24159,7659,24069,25576,8459,17135,25453,5059,14722,19321,18872,22055,870,1071
1	990	15616	15793,7543,13823,1719,1082,20326,10726,33030,16996,8464,25902,24159,7659,24069,25576,8459,17135,25453,5059,14722,19321,18872,22055,870,1071,3203
1	990	21260	15793,7543,13823,1719,1082,20326,10726,33030,16996,8464,25902,24159,7659,24069,25576,8459,17135,25453,5059,14722,19321,18872,22055,870,1071,3203,15616
1	990	20534	15793,7543,13823,1719,1082,20326,10726,33030,16996,8464,25902,24159,7659,24069,25576,8459,17135,25453,5059,14722,19321,18872,22055,870,1071,3203,15616,21260
1	990	4186	15793,7543,13823,1719,1082,20326,10726,33030,16996,8464,25902,24159,7659,24069,25576,8459,17135,25453,5059,14722,19321,18872,22055,870,1071,3203,15616,21260,20534
0	990	23131	15793,7543,13823,1719,1082,20326,10726,33030,16996,8464,25902,24159,7659,24069,25576,8459,17135,25453,5059,14722,19321,18872,22055,870,1071,3203,15616,21260,20534,4186
1	990	9585	15793,7543,13823,1719,1082,20326,10726,33030,16996,8464,25902,24159,7659,24069,25576,8459,17135,25453,5059,14722,19321,18872,22055,870,1071,3203,15616,21260,20534,4186
1	990	12972	15793,7543,13823,1719,1082,20326,10726,33030,16996,8464,25902,24159,7659,24069,25576,8459,17135,25453,5059,14722,19321,18872,22055,870,1071,3203,15616,21260,20534,4186,9585
1	990	13407	15793,7543,13823,1719,1082,20326,10726,33030,16996,8464,25902,24159,7659,24069,25576,8459,17135,25453,5059,14722,19321,18872,22055,870,1071,3203,15616,21260,20534,4186,9585,12972
1	990	19331	15793,7543,13823,1719,1082,20326,10726,33030,16996,8464,25902,24159,7659,24069,25576,8459,17135,25453,5059,14722,19321,18872,22055,870,1071,3203,15616,21260,20534,4186,9585,12972,13407
1	990	2323	15793,7543,13823,1719,1082,20326,10726,33030,16996,8464,25902,24159,7659,24069,25576,8459,17135,25453,5059,14722,19321,18872,22055,870,1071,3203,15616,21260,20534,4186,9585,12972,13407,19331
1	990	6324	15793,7543,13823,1719,1082,20326,10726,33030,16996,8464,25902,24159,7659,24069,25576,8459,17135,25453,5059,14722,19321,18872,22055,870,1071,3203,15616,21260,20534,4186,9585,12972,13407,19331,2323
1	990	16263	15793,7543,13823,1719,1082,20326,10726,33030,16996,8464,25902,24159,7659,24069,25576,8459,17135,25453,5059,14722,19321,18872,22055,870,1071,3203,15616,21260,20534,4186,9585,12972,13407,19331,2323,6324
1	990	23366	15793,7543,13823,1719,1082,20326,10726,33030,16996,8464,25902,24159,7659,24069,25576,8459,17135,25453,5059,14722,19321,18872,22055,870,1071,3203,15616,21260,20534,4186,9585,12972,13407,19331,2323,6324,16263
0	990	15439	15793,7543,13823,1719,1082,20326,10726,33030,16996,8464,25902,24159,7659,24069,25576,8459,17135,25453,5059,14722,19321,18872,22055,870,1071,3203,15616,21260,20534,4186,9585,12972,13407,19331,2323,6324,16263,23366
1	990	8771	15793,7543,13823,1719,1082,20326,10726,33030,16996,8464,25902,24159,7659,24069,25576,8459,17135,25453,5059,14722,19321,18872,22055,870,1071,3203,15616,21260,20534,4186,9585,12972,13407,19331,2323,6324,16263,23366
1	990	10131	15793,7543,13823,1719,1082,20326,10726,33030,16996,8464,25902,24159,7659,24069,25576,8459,17135,25453,5059,14722,19321,18872,22055,870,1071,3203,15616,21260,20534,4186,9585,12972,13407,19331,2323,6324,16263,23366,8771
