0	1204	31613	0
1	1204	32407	0
0	1204	1524	32407
0	1204	31632	32407
1	1204	6853	32407
0	1204	8316	32407,6853
1	1204	11125	32407,6853
1	1204	10001	32407,6853,11125
1	1204	13443	32407,6853,11125,10001
0	1204	13822	32407,6853,11125,10001,13443
0	1204	6129	32407,6853,11125,10001,13443
1	1204	32267	32407,6853,11125,10001,13443
1	1204	4803	32407,6853,11125,10001,13443,32267
0	1204	4942	32407,6853,11125,10001,13443,32267,4803
0	1204	12427	32407,6853,11125,10001,13443,32267,4803
0	1204	13202	32407,6853,11125,10001,13443,32267,4803
1	1204	5771	32407,6853,11125,10001,13443,32267,4803
0	1204	13819	32407,6853,11125,10001,13443,32267,4803,5771
0	1204	18195	32407,6853,11125,10001,13443,32267,4803,5771
1	1204	19358	32407,6853,11125,10001,13443,32267,4803,5771
1	1204	19853	32407,6853,11125,10001,13443,32267,4803,5771,19358
1	1204	20809	32407,6853,11125,10001,13443,32267,4803,5771,19358,19853
0	1204	5164	32407,6853,11125,10001,13443,32267,4803,5771,19358,19853,20809
0	1204	11237	32407,6853,11125,10001,13443,32267,4803,5771,19358,19853,20809
0	1204	14128	32407,6853,11125,10001,13443,32267,4803,5771,19358,19853,20809
1	1204	24886	32407,6853,11125,10001,13443,32267,4803,5771,19358,19853,20809
0	1204	1645	32407,6853,11125,10001,13443,32267,4803,5771,19358,19853,20809,24886
1	1204	8021	32407,6853,11125,10001,13443,32267,4803,5771,19358,19853,20809,24886
