1	1008	9711	0
0	1008	13598	9711
1	1008	13783	9711
1	1008	28942	9711,13783
1	1008	21974	9711,13783,28942
1	1008	28420	9711,13783,28942,21974
0	1008	32134	9711,13783,28942,21974,28420
1	1008	1170	9711,13783,28942,21974,28420
0	1008	3988	9711,13783,28942,21974,28420,1170
1	1008	8696	9711,13783,28942,21974,28420,1170
1	1008	14486	9711,13783,28942,21974,28420,1170,8696
1	1008	16096	9711,13783,28942,21974,28420,1170,8696,14486
1	1008	18559	9711,13783,28942,21974,28420,1170,8696,14486,16096
1	1008	19143	9711,13783,28942,21974,28420,1170,8696,14486,16096,18559
0	1008	20287	9711,13783,28942,21974,28420,1170,8696,14486,16096,18559,19143
1	1008	22440	9711,13783,28942,21974,28420,1170,8696,14486,16096,18559,19143
1	1008	23143	9711,13783,28942,21974,28420,1170,8696,14486,16096,18559,19143,22440
0	1008	22729	9711,13783,28942,21974,28420,1170,8696,14486,16096,18559,19143,22440,23143
1	1008	6894	9711,13783,28942,21974,28420,1170,8696,14486,16096,18559,19143,22440,23143
1	1008	25347	9711,13783,28942,21974,28420,1170,8696,14486,16096,18559,19143,22440,23143,6894
1	1008	6400	9711,13783,28942,21974,28420,1170,8696,14486,16096,18559,19143,22440,23143,6894,25347
0	1008	19527	9711,13783,28942,21974,28420,1170,8696,14486,16096,18559,19143,22440,23143,6894,25347,6400
0	1008	19960	9711,13783,28942,21974,28420,1170,8696,14486,16096,18559,19143,22440,23143,6894,25347,6400
0	1008	22409	9711,13783,28942,21974,28420,1170,8696,14486,16096,18559,19143,22440,23143,6894,25347,6400
0	1008	17339	9711,13783,28942,21974,28420,1170,8696,14486,16096,18559,19143,22440,23143,6894,25347,6400
0	1008	19979	9711,13783,28942,21974,28420,1170,8696,14486,16096,18559,19143,22440,23143,6894,25347,6400
0	1008	11671	9711,13783,28942,21974,28420,1170,8696,14486,16096,18559,19143,22440,23143,6894,25347,6400
0	1008	8701	9711,13783,28942,21974,28420,1170,8696,14486,16096,18559,19143,22440,23143,6894,25347,6400
0	1008	16127	9711,13783,28942,21974,28420,1170,8696,14486,16096,18559,19143,22440,23143,6894,25347,6400
1	1008	21671	9711,13783,28942,21974,28420,1170,8696,14486,16096,18559,19143,22440,23143,6894,25347,6400
0	1008	315	9711,13783,28942,21974,28420,1170,8696,14486,16096,18559,19143,22440,23143,6894,25347,6400,21671
0	1008	5159	9711,13783,28942,21974,28420,1170,8696,14486,16096,18559,19143,22440,23143,6894,25347,6400,21671
0	1008	8581	9711,13783,28942,21974,28420,1170,8696,14486,16096,18559,19143,22440,23143,6894,25347,6400,21671
0	1008	13730	9711,13783,28942,21974,28420,1170,8696,14486,16096,18559,19143,22440,23143,6894,25347,6400,21671
0	1008	15178	9711,13783,28942,21974,28420,1170,8696,14486,16096,18559,19143,22440,23143,6894,25347,6400,21671
0	1008	18686	9711,13783,28942,21974,28420,1170,8696,14486,16096,18559,19143,22440,23143,6894,25347,6400,21671
0	1008	21552	9711,13783,28942,21974,28420,1170,8696,14486,16096,18559,19143,22440,23143,6894,25347,6400,21671
0	1008	3038	9711,13783,28942,21974,28420,1170,8696,14486,16096,18559,19143,22440,23143,6894,25347,6400,21671
1	1008	9970	9711,13783,28942,21974,28420,1170,8696,14486,16096,18559,19143,22440,23143,6894,25347,6400,21671
0	1008	22505	9711,13783,28942,21974,28420,1170,8696,14486,16096,18559,19143,22440,23143,6894,25347,6400,21671,9970
1	1008	27649	9711,13783,28942,21974,28420,1170,8696,14486,16096,18559,19143,22440,23143,6894,25347,6400,21671,9970
