1	1250	24820	0
1	1250	85	24820
0	1250	30921	24820,85
1	1250	5919	24820,85
1	1250	6245	24820,85,5919
1	1250	50	24820,85,5919,6245
1	1250	7358	24820,85,5919,6245,50
0	1250	8145	24820,85,5919,6245,50,7358
1	1250	5562	24820,85,5919,6245,50,7358
1	1250	2589	24820,85,5919,6245,50,7358,5562
1	1250	10532	24820,85,5919,6245,50,7358,5562,2589
0	1250	7613	24820,85,5919,6245,50,7358,5562,2589,10532
1	1250	6184	24820,85,5919,6245,50,7358,5562,2589,10532
1	1250	31274	24820,85,5919,6245,50,7358,5562,2589,10532,6184
1	1250	8155	24820,85,5919,6245,50,7358,5562,2589,10532,6184,31274
1	1250	31636	24820,85,5919,6245,50,7358,5562,2589,10532,6184,31274,8155
1	1250	9588	24820,85,5919,6245,50,7358,5562,2589,10532,6184,31274,8155,31636
1	1250	9732	24820,85,5919,6245,50,7358,5562,2589,10532,6184,31274,8155,31636,9588
1	1250	1760	24820,85,5919,6245,50,7358,5562,2589,10532,6184,31274,8155,31636,9588,9732
1	1250	9531	24820,85,5919,6245,50,7358,5562,2589,10532,6184,31274,8155,31636,9588,9732,1760
1	1250	10560	24820,85,5919,6245,50,7358,5562,2589,10532,6184,31274,8155,31636,9588,9732,1760,9531
1	1250	6264	24820,85,5919,6245,50,7358,5562,2589,10532,6184,31274,8155,31636,9588,9732,1760,9531,10560
0	1250	7648	24820,85,5919,6245,50,7358,5562,2589,10532,6184,31274,8155,31636,9588,9732,1760,9531,10560,6264
1	1250	12911	24820,85,5919,6245,50,7358,5562,2589,10532,6184,31274,8155,31636,9588,9732,1760,9531,10560,6264
1	1250	16744	24820,85,5919,6245,50,7358,5562,2589,10532,6184,31274,8155,31636,9588,9732,1760,9531,10560,6264,12911
1	1250	4456	24820,85,5919,6245,50,7358,5562,2589,10532,6184,31274,8155,31636,9588,9732,1760,9531,10560,6264,12911,16744
1	1250	18388	24820,85,5919,6245,50,7358,5562,2589,10532,6184,31274,8155,31636,9588,9732,1760,9531,10560,6264,12911,16744,4456
0	1250	4787	24820,85,5919,6245,50,7358,5562,2589,10532,6184,31274,8155,31636,9588,9732,1760,9531,10560,6264,12911,16744,4456,18388
1	1250	5992	24820,85,5919,6245,50,7358,5562,2589,10532,6184,31274,8155,31636,9588,9732,1760,9531,10560,6264,12911,16744,4456,18388
0	1250	32814	24820,85,5919,6245,50,7358,5562,2589,10532,6184,31274,8155,31636,9588,9732,1760,9531,10560,6264,12911,16744,4456,18388,5992
1	1250	9789	24820,85,5919,6245,50,7358,5562,2589,10532,6184,31274,8155,31636,9588,9732,1760,9531,10560,6264,12911,16744,4456,18388,5992
1	1250	9941	24820,85,5919,6245,50,7358,5562,2589,10532,6184,31274,8155,31636,9588,9732,1760,9531,10560,6264,12911,16744,4456,18388,5992,9789
1	1250	12119	24820,85,5919,6245,50,7358,5562,2589,10532,6184,31274,8155,31636,9588,9732,1760,9531,10560,6264,12911,16744,4456,18388,5992,9789,9941
1	1250	15258	24820,85,5919,6245,50,7358,5562,2589,10532,6184,31274,8155,31636,9588,9732,1760,9531,10560,6264,12911,16744,4456,18388,5992,9789,9941,12119
1	1250	1623	24820,85,5919,6245,50,7358,5562,2589,10532,6184,31274,8155,31636,9588,9732,1760,9531,10560,6264,12911,16744,4456,18388,5992,9789,9941,12119,15258
1	1250	12128	24820,85,5919,6245,50,7358,5562,2589,10532,6184,31274,8155,31636,9588,9732,1760,9531,10560,6264,12911,16744,4456,18388,5992,9789,9941,12119,15258,1623
1	1250	12398	24820,85,5919,6245,50,7358,5562,2589,10532,6184,31274,8155,31636,9588,9732,1760,9531,10560,6264,12911,16744,4456,18388,5992,9789,9941,12119,15258,1623,12128
1	1250	13919	24820,85,5919,6245,50,7358,5562,2589,10532,6184,31274,8155,31636,9588,9732,1760,9531,10560,6264,12911,16744,4456,18388,5992,9789,9941,12119,15258,1623,12128,12398
1	1250	19713	24820,85,5919,6245,50,7358,5562,2589,10532,6184,31274,8155,31636,9588,9732,1760,9531,10560,6264,12911,16744,4456,18388,5992,9789,9941,12119,15258,1623,12128,12398,13919
1	1250	19275	24820,85,5919,6245,50,7358,5562,2589,10532,6184,31274,8155,31636,9588,9732,1760,9531,10560,6264,12911,16744,4456,18388,5992,9789,9941,12119,15258,1623,12128,12398,13919,19713
1	1250	20624	24820,85,5919,6245,50,7358,5562,2589,10532,6184,31274,8155,31636,9588,9732,1760,9531,10560,6264,12911,16744,4456,18388,5992,9789,9941,12119,15258,1623,12128,12398,13919,19713,19275
1	1250	18171	24820,85,5919,6245,50,7358,5562,2589,10532,6184,31274,8155,31636,9588,9732,1760,9531,10560,6264,12911,16744,4456,18388,5992,9789,9941,12119,15258,1623,12128,12398,13919,19713,19275,20624
1	1250	1083	24820,85,5919,6245,50,7358,5562,2589,10532,6184,31274,8155,31636,9588,9732,1760,9531,10560,6264,12911,16744,4456,18388,5992,9789,9941,12119,15258,1623,12128,12398,13919,19713,19275,20624,18171
1	1250	15378	24820,85,5919,6245,50,7358,5562,2589,10532,6184,31274,8155,31636,9588,9732,1760,9531,10560,6264,12911,16744,4456,18388,5992,9789,9941,12119,15258,1623,12128,12398,13919,19713,19275,20624,18171,1083
0	1250	3635	24820,85,5919,6245,50,7358,5562,2589,10532,6184,31274,8155,31636,9588,9732,1760,9531,10560,6264,12911,16744,4456,18388,5992,9789,9941,12119,15258,1623,12128,12398,13919,19713,19275,20624,18171,1083,15378
1	1250	10868	24820,85,5919,6245,50,7358,5562,2589,10532,6184,31274,8155,31636,9588,9732,1760,9531,10560,6264,12911,16744,4456,18388,5992,9789,9941,12119,15258,1623,12128,12398,13919,19713,19275,20624,18171,1083,15378
0	1250	3610	24820,85,5919,6245,50,7358,5562,2589,10532,6184,31274,8155,31636,9588,9732,1760,9531,10560,6264,12911,16744,4456,18388,5992,9789,9941,12119,15258,1623,12128,12398,13919,19713,19275,20624,18171,1083,15378,10868
1	1250	11786	24820,85,5919,6245,50,7358,5562,2589,10532,6184,31274,8155,31636,9588,9732,1760,9531,10560,6264,12911,16744,4456,18388,5992,9789,9941,12119,15258,1623,12128,12398,13919,19713,19275,20624,18171,1083,15378,10868
1	1250	15086	24820,85,5919,6245,50,7358,5562,2589,10532,6184,31274,8155,31636,9588,9732,1760,9531,10560,6264,12911,16744,4456,18388,5992,9789,9941,12119,15258,1623,12128,12398,13919,19713,19275,20624,18171,1083,15378,10868,11786
1	1250	9348	24820,85,5919,6245,50,7358,5562,2589,10532,6184,31274,8155,31636,9588,9732,1760,9531,10560,6264,12911,16744,4456,18388,5992,9789,9941,12119,15258,1623,12128,12398,13919,19713,19275,20624,18171,1083,15378,10868,11786,15086
1	1250	6391	24820,85,5919,6245,50,7358,5562,2589,10532,6184,31274,8155,31636,9588,9732,1760,9531,10560,6264,12911,16744,4456,18388,5992,9789,9941,12119,15258,1623,12128,12398,13919,19713,19275,20624,18171,1083,15378,10868,11786,15086,9348
1	1250	7777	24820,85,5919,6245,50,7358,5562,2589,10532,6184,31274,8155,31636,9588,9732,1760,9531,10560,6264,12911,16744,4456,18388,5992,9789,9941,12119,15258,1623,12128,12398,13919,19713,19275,20624,18171,1083,15378,10868,11786,15086,9348,6391
1	1250	2581	24820,85,5919,6245,50,7358,5562,2589,10532,6184,31274,8155,31636,9588,9732,1760,9531,10560,6264,12911,16744,4456,18388,5992,9789,9941,12119,15258,1623,12128,12398,13919,19713,19275,20624,18171,1083,15378,10868,11786,15086,9348,6391,7777
1	1250	16492	24820,85,5919,6245,50,7358,5562,2589,10532,6184,31274,8155,31636,9588,9732,1760,9531,10560,6264,12911,16744,4456,18388,5992,9789,9941,12119,15258,1623,12128,12398,13919,19713,19275,20624,18171,1083,15378,10868,11786,15086,9348,6391,7777,2581
1	1250	32478	24820,85,5919,6245,50,7358,5562,2589,10532,6184,31274,8155,31636,9588,9732,1760,9531,10560,6264,12911,16744,4456,18388,5992,9789,9941,12119,15258,1623,12128,12398,13919,19713,19275,20624,18171,1083,15378,10868,11786,15086,9348,6391,7777,2581,16492
1	1250	2916	24820,85,5919,6245,50,7358,5562,2589,10532,6184,31274,8155,31636,9588,9732,1760,9531,10560,6264,12911,16744,4456,18388,5992,9789,9941,12119,15258,1623,12128,12398,13919,19713,19275,20624,18171,1083,15378,10868,11786,15086,9348,6391,7777,2581,16492,32478
1	1250	11500	24820,85,5919,6245,50,7358,5562,2589,10532,6184,31274,8155,31636,9588,9732,1760,9531,10560,6264,12911,16744,4456,18388,5992,9789,9941,12119,15258,1623,12128,12398,13919,19713,19275,20624,18171,1083,15378,10868,11786,15086,9348,6391,7777,2581,16492,32478,2916
