1	624	1052	0
0	624	9277	1052
0	624	33036	1052
0	624	4773	1052
1	624	6010	1052
0	624	7193	1052,6010
0	624	4008	1052,6010
0	624	7377	1052,6010
1	624	7596	1052,6010
1	624	8159	1052,6010,7596
0	624	9689	1052,6010,7596,8159
0	624	9894	1052,6010,7596,8159
0	624	31628	1052,6010,7596,8159
0	624	9936	1052,6010,7596,8159
0	624	11447	1052,6010,7596,8159
0	624	11978	1052,6010,7596,8159
0	624	11136	1052,6010,7596,8159
0	624	10910	1052,6010,7596,8159
1	624	15030	1052,6010,7596,8159
1	624	16460	1052,6010,7596,8159,15030
0	624	16022	1052,6010,7596,8159,15030,16460
1	624	14761	1052,6010,7596,8159,15030,16460
0	624	18155	1052,6010,7596,8159,15030,16460,14761
1	624	18821	1052,6010,7596,8159,15030,16460,14761
0	624	17799	1052,6010,7596,8159,15030,16460,14761,18821
0	624	19620	1052,6010,7596,8159,15030,16460,14761,18821
0	624	19669	1052,6010,7596,8159,15030,16460,14761,18821
0	624	20268	1052,6010,7596,8159,15030,16460,14761,18821
0	624	11959	1052,6010,7596,8159,15030,16460,14761,18821
0	624	21063	1052,6010,7596,8159,15030,16460,14761,18821
0	624	17042	1052,6010,7596,8159,15030,16460,14761,18821
1	624	20163	1052,6010,7596,8159,15030,16460,14761,18821
1	624	23451	1052,6010,7596,8159,15030,16460,14761,18821,20163
0	624	21596	1052,6010,7596,8159,15030,16460,14761,18821,20163,23451
1	624	23259	1052,6010,7596,8159,15030,16460,14761,18821,20163,23451
0	624	25006	1052,6010,7596,8159,15030,16460,14761,18821,20163,23451,23259
1	624	26115	1052,6010,7596,8159,15030,16460,14761,18821,20163,23451,23259
1	624	26361	1052,6010,7596,8159,15030,16460,14761,18821,20163,23451,23259,26115
0	624	16426	1052,6010,7596,8159,15030,16460,14761,18821,20163,23451,23259,26115,26361
1	624	27095	1052,6010,7596,8159,15030,16460,14761,18821,20163,23451,23259,26115,26361
1	624	26867	1052,6010,7596,8159,15030,16460,14761,18821,20163,23451,23259,26115,26361,27095
1	624	26908	1052,6010,7596,8159,15030,16460,14761,18821,20163,23451,23259,26115,26361,27095,26867
0	624	9647	1052,6010,7596,8159,15030,16460,14761,18821,20163,23451,23259,26115,26361,27095,26867,26908
0	624	25847	1052,6010,7596,8159,15030,16460,14761,18821,20163,23451,23259,26115,26361,27095,26867,26908
0	624	24460	1052,6010,7596,8159,15030,16460,14761,18821,20163,23451,23259,26115,26361,27095,26867,26908
0	624	28020	1052,6010,7596,8159,15030,16460,14761,18821,20163,23451,23259,26115,26361,27095,26867,26908
1	624	26781	1052,6010,7596,8159,15030,16460,14761,18821,20163,23451,23259,26115,26361,27095,26867,26908
1	624	11173	1052,6010,7596,8159,15030,16460,14761,18821,20163,23451,23259,26115,26361,27095,26867,26908,26781
0	624	25826	1052,6010,7596,8159,15030,16460,14761,18821,20163,23451,23259,26115,26361,27095,26867,26908,26781,11173
1	624	28879	1052,6010,7596,8159,15030,16460,14761,18821,20163,23451,23259,26115,26361,27095,26867,26908,26781,11173
0	624	28185	1052,6010,7596,8159,15030,16460,14761,18821,20163,23451,23259,26115,26361,27095,26867,26908,26781,11173,28879
0	624	29170	1052,6010,7596,8159,15030,16460,14761,18821,20163,23451,23259,26115,26361,27095,26867,26908,26781,11173,28879
