1	298	2625	0
0	298	31528	2625
1	298	6743	2625
0	298	7676	2625,6743
1	298	13407	2625,6743
1	298	13825	2625,6743,13407
1	298	14040	2625,6743,13407,13825
1	298	16238	2625,6743,13407,13825,14040
0	298	20377	2625,6743,13407,13825,14040,16238
0	298	21492	2625,6743,13407,13825,14040,16238
0	298	23743	2625,6743,13407,13825,14040,16238
1	298	21627	2625,6743,13407,13825,14040,16238
1	298	4058	2625,6743,13407,13825,14040,16238,21627
1	298	4057	2625,6743,13407,13825,14040,16238,21627,4058
0	298	20103	2625,6743,13407,13825,14040,16238,21627,4058,4057
0	298	4368	2625,6743,13407,13825,14040,16238,21627,4058,4057
0	298	30944	2625,6743,13407,13825,14040,16238,21627,4058,4057
1	298	33018	2625,6743,13407,13825,14040,16238,21627,4058,4057
0	298	19321	2625,6743,13407,13825,14040,16238,21627,4058,4057,33018
1	298	20360	2625,6743,13407,13825,14040,16238,21627,4058,4057,33018
0	298	10112	2625,6743,13407,13825,14040,16238,21627,4058,4057,33018,20360
0	298	30868	2625,6743,13407,13825,14040,16238,21627,4058,4057,33018,20360
0	298	31509	2625,6743,13407,13825,14040,16238,21627,4058,4057,33018,20360
1	298	6979	2625,6743,13407,13825,14040,16238,21627,4058,4057,33018,20360
1	298	26219	2625,6743,13407,13825,14040,16238,21627,4058,4057,33018,20360,6979
0	298	7305	2625,6743,13407,13825,14040,16238,21627,4058,4057,33018,20360,6979,26219
1	298	31300	2625,6743,13407,13825,14040,16238,21627,4058,4057,33018,20360,6979,26219
0	298	3571	2625,6743,13407,13825,14040,16238,21627,4058,4057,33018,20360,6979,26219,31300
1	298	11250	2625,6743,13407,13825,14040,16238,21627,4058,4057,33018,20360,6979,26219,31300
1	298	26412	2625,6743,13407,13825,14040,16238,21627,4058,4057,33018,20360,6979,26219,31300,11250
1	298	20553	2625,6743,13407,13825,14040,16238,21627,4058,4057,33018,20360,6979,26219,31300,11250,26412
0	298	5196	2625,6743,13407,13825,14040,16238,21627,4058,4057,33018,20360,6979,26219,31300,11250,26412,20553
