0	1544	21925	0
0	1544	6715	0
0	1544	11112	0
0	1544	11114	0
0	1544	4874	0
0	1544	5051	0
0	1544	16452	0
0	1544	16514	0
1	1544	15230	0
1	1544	16456	15230
0	1544	19021	15230,16456
0	1544	19267	15230,16456
1	1544	1947	15230,16456
0	1544	19251	15230,16456,1947
0	1544	20441	15230,16456,1947
1	1544	20211	15230,16456,1947
0	1544	21383	15230,16456,1947,20211
0	1544	17132	15230,16456,1947,20211
0	1544	21954	15230,16456,1947,20211
0	1544	22320	15230,16456,1947,20211
0	1544	19017	15230,16456,1947,20211
0	1544	19018	15230,16456,1947,20211
0	1544	19189	15230,16456,1947,20211
0	1544	15096	15230,16456,1947,20211
0	1544	22217	15230,16456,1947,20211
0	1544	22816	15230,16456,1947,20211
0	1544	16449	15230,16456,1947,20211
0	1544	19164	15230,16456,1947,20211
0	1544	20816	15230,16456,1947,20211
1	1544	22111	15230,16456,1947,20211
0	1544	20088	15230,16456,1947,20211,22111
0	1544	18688	15230,16456,1947,20211,22111
0	1544	21184	15230,16456,1947,20211,22111
1	1544	21512	15230,16456,1947,20211,22111
0	1544	20397	15230,16456,1947,20211,22111,21512
0	1544	22878	15230,16456,1947,20211,22111,21512
0	1544	25112	15230,16456,1947,20211,22111,21512
0	1544	23394	15230,16456,1947,20211,22111,21512
0	1544	23055	15230,16456,1947,20211,22111,21512
0	1544	25978	15230,16456,1947,20211,22111,21512
0	1544	16426	15230,16456,1947,20211,22111,21512
0	1544	23128	15230,16456,1947,20211,22111,21512
0	1544	24384	15230,16456,1947,20211,22111,21512
0	1544	24726	15230,16456,1947,20211,22111,21512
0	1544	24727	15230,16456,1947,20211,22111,21512
0	1544	24729	15230,16456,1947,20211,22111,21512
0	1544	24730	15230,16456,1947,20211,22111,21512
0	1544	24731	15230,16456,1947,20211,22111,21512
0	1544	24786	15230,16456,1947,20211,22111,21512
0	1544	24788	15230,16456,1947,20211,22111,21512
1	1544	24196	15230,16456,1947,20211,22111,21512
0	1544	24789	15230,16456,1947,20211,22111,21512,24196
0	1544	24795	15230,16456,1947,20211,22111,21512,24196
1	1544	25817	15230,16456,1947,20211,22111,21512,24196
0	1544	26112	15230,16456,1947,20211,22111,21512,24196,25817
0	1544	22104	15230,16456,1947,20211,22111,21512,24196,25817
0	1544	23436	15230,16456,1947,20211,22111,21512,24196,25817
0	1544	24796	15230,16456,1947,20211,22111,21512,24196,25817
0	1544	25994	15230,16456,1947,20211,22111,21512,24196,25817
0	1544	25997	15230,16456,1947,20211,22111,21512,24196,25817
0	1544	25998	15230,16456,1947,20211,22111,21512,24196,25817
0	1544	26111	15230,16456,1947,20211,22111,21512,24196,25817
0	1544	26113	15230,16456,1947,20211,22111,21512,24196,25817
0	1544	23768	15230,16456,1947,20211,22111,21512,24196,25817
0	1544	25837	15230,16456,1947,20211,22111,21512,24196,25817
0	1544	25839	15230,16456,1947,20211,22111,21512,24196,25817
0	1544	25840	15230,16456,1947,20211,22111,21512,24196,25817
0	1544	25843	15230,16456,1947,20211,22111,21512,24196,25817
0	1544	25845	15230,16456,1947,20211,22111,21512,24196,25817
0	1544	26393	15230,16456,1947,20211,22111,21512,24196,25817
0	1544	23189	15230,16456,1947,20211,22111,21512,24196,25817
0	1544	25838	15230,16456,1947,20211,22111,21512,24196,25817
0	1544	25841	15230,16456,1947,20211,22111,21512,24196,25817
0	1544	25842	15230,16456,1947,20211,22111,21512,24196,25817
0	1544	25846	15230,16456,1947,20211,22111,21512,24196,25817
0	1544	25847	15230,16456,1947,20211,22111,21512,24196,25817
0	1544	26000	15230,16456,1947,20211,22111,21512,24196,25817
0	1544	26323	15230,16456,1947,20211,22111,21512,24196,25817
0	1544	26326	15230,16456,1947,20211,22111,21512,24196,25817
0	1544	26973	15230,16456,1947,20211,22111,21512,24196,25817
0	1544	26881	15230,16456,1947,20211,22111,21512,24196,25817
0	1544	16807	15230,16456,1947,20211,22111,21512,24196,25817
0	1544	24056	15230,16456,1947,20211,22111,21512,24196,25817
0	1544	10601	15230,16456,1947,20211,22111,21512,24196,25817
0	1544	26837	15230,16456,1947,20211,22111,21512,24196,25817
1	1544	27702	15230,16456,1947,20211,22111,21512,24196,25817
