1	466	2841	0
1	466	7582	2841
0	466	2848	2841,7582
0	466	31325	2841,7582
0	466	31109	2841,7582
1	466	31957	2841,7582
0	466	12079	2841,7582,31957
0	466	31734	2841,7582,31957
1	466	29898	2841,7582,31957
0	466	507	2841,7582,31957,29898
0	466	461	2841,7582,31957,29898
1	466	683	2841,7582,31957,29898
0	466	1873	2841,7582,31957,29898,683
0	466	1227	2841,7582,31957,29898,683
1	466	23692	2841,7582,31957,29898,683
0	466	3775	2841,7582,31957,29898,683,23692
1	466	4163	2841,7582,31957,29898,683,23692
0	466	5094	2841,7582,31957,29898,683,23692,4163
1	466	2748	2841,7582,31957,29898,683,23692,4163
1	466	4349	2841,7582,31957,29898,683,23692,4163,2748
0	466	5752	2841,7582,31957,29898,683,23692,4163,2748,4349
0	466	3955	2841,7582,31957,29898,683,23692,4163,2748,4349
0	466	32670	2841,7582,31957,29898,683,23692,4163,2748,4349
0	466	32297	2841,7582,31957,29898,683,23692,4163,2748,4349
1	466	5073	2841,7582,31957,29898,683,23692,4163,2748,4349
1	466	6333	2841,7582,31957,29898,683,23692,4163,2748,4349,5073
1	466	6922	2841,7582,31957,29898,683,23692,4163,2748,4349,5073,6333
1	466	6152	2841,7582,31957,29898,683,23692,4163,2748,4349,5073,6333,6922
0	466	6994	2841,7582,31957,29898,683,23692,4163,2748,4349,5073,6333,6922,6152
1	466	32199	2841,7582,31957,29898,683,23692,4163,2748,4349,5073,6333,6922,6152
0	466	6769	2841,7582,31957,29898,683,23692,4163,2748,4349,5073,6333,6922,6152,32199
0	466	1494	2841,7582,31957,29898,683,23692,4163,2748,4349,5073,6333,6922,6152,32199
1	466	13773	2841,7582,31957,29898,683,23692,4163,2748,4349,5073,6333,6922,6152,32199
1	466	1096	2841,7582,31957,29898,683,23692,4163,2748,4349,5073,6333,6922,6152,32199,13773
1	466	19935	2841,7582,31957,29898,683,23692,4163,2748,4349,5073,6333,6922,6152,32199,13773,1096
0	466	19897	2841,7582,31957,29898,683,23692,4163,2748,4349,5073,6333,6922,6152,32199,13773,1096,19935
0	466	22298	2841,7582,31957,29898,683,23692,4163,2748,4349,5073,6333,6922,6152,32199,13773,1096,19935
1	466	22621	2841,7582,31957,29898,683,23692,4163,2748,4349,5073,6333,6922,6152,32199,13773,1096,19935
1	466	23143	2841,7582,31957,29898,683,23692,4163,2748,4349,5073,6333,6922,6152,32199,13773,1096,19935,22621
1	466	24869	2841,7582,31957,29898,683,23692,4163,2748,4349,5073,6333,6922,6152,32199,13773,1096,19935,22621,23143
1	466	22469	2841,7582,31957,29898,683,23692,4163,2748,4349,5073,6333,6922,6152,32199,13773,1096,19935,22621,23143,24869
1	466	28575	2841,7582,31957,29898,683,23692,4163,2748,4349,5073,6333,6922,6152,32199,13773,1096,19935,22621,23143,24869,22469
0	466	3445	2841,7582,31957,29898,683,23692,4163,2748,4349,5073,6333,6922,6152,32199,13773,1096,19935,22621,23143,24869,22469,28575
