0	606	22969	0
1	606	23252	0
1	606	18341	23252
0	606	31048	23252,18341
1	606	6211	23252,18341
0	606	6962	23252,18341,6211
1	606	8107	23252,18341,6211
1	606	32111	23252,18341,6211,8107
1	606	32391	23252,18341,6211,8107,32111
1	606	70	23252,18341,6211,8107,32111,32391
0	606	5230	23252,18341,6211,8107,32111,32391,70
1	606	29485	23252,18341,6211,8107,32111,32391,70
1	606	4082	23252,18341,6211,8107,32111,32391,70,29485
1	606	6303	23252,18341,6211,8107,32111,32391,70,29485,4082
1	606	5591	23252,18341,6211,8107,32111,32391,70,29485,4082,6303
1	606	7179	23252,18341,6211,8107,32111,32391,70,29485,4082,6303,5591
1	606	6890	23252,18341,6211,8107,32111,32391,70,29485,4082,6303,5591,7179
1	606	6958	23252,18341,6211,8107,32111,32391,70,29485,4082,6303,5591,7179,6890
0	606	8310	23252,18341,6211,8107,32111,32391,70,29485,4082,6303,5591,7179,6890,6958
1	606	2349	23252,18341,6211,8107,32111,32391,70,29485,4082,6303,5591,7179,6890,6958
0	606	9726	23252,18341,6211,8107,32111,32391,70,29485,4082,6303,5591,7179,6890,6958,2349
1	606	10064	23252,18341,6211,8107,32111,32391,70,29485,4082,6303,5591,7179,6890,6958,2349
1	606	9907	23252,18341,6211,8107,32111,32391,70,29485,4082,6303,5591,7179,6890,6958,2349,10064
0	606	9616	23252,18341,6211,8107,32111,32391,70,29485,4082,6303,5591,7179,6890,6958,2349,10064,9907
1	606	8512	23252,18341,6211,8107,32111,32391,70,29485,4082,6303,5591,7179,6890,6958,2349,10064,9907
1	606	12652	23252,18341,6211,8107,32111,32391,70,29485,4082,6303,5591,7179,6890,6958,2349,10064,9907,8512
1	606	9904	23252,18341,6211,8107,32111,32391,70,29485,4082,6303,5591,7179,6890,6958,2349,10064,9907,8512,12652
0	606	1089	23252,18341,6211,8107,32111,32391,70,29485,4082,6303,5591,7179,6890,6958,2349,10064,9907,8512,12652,9904
0	606	14181	23252,18341,6211,8107,32111,32391,70,29485,4082,6303,5591,7179,6890,6958,2349,10064,9907,8512,12652,9904
1	606	13621	23252,18341,6211,8107,32111,32391,70,29485,4082,6303,5591,7179,6890,6958,2349,10064,9907,8512,12652,9904
1	606	12451	23252,18341,6211,8107,32111,32391,70,29485,4082,6303,5591,7179,6890,6958,2349,10064,9907,8512,12652,9904,13621
1	606	14349	23252,18341,6211,8107,32111,32391,70,29485,4082,6303,5591,7179,6890,6958,2349,10064,9907,8512,12652,9904,13621,12451
0	606	14949	23252,18341,6211,8107,32111,32391,70,29485,4082,6303,5591,7179,6890,6958,2349,10064,9907,8512,12652,9904,13621,12451,14349
1	606	16628	23252,18341,6211,8107,32111,32391,70,29485,4082,6303,5591,7179,6890,6958,2349,10064,9907,8512,12652,9904,13621,12451,14349
0	606	16023	23252,18341,6211,8107,32111,32391,70,29485,4082,6303,5591,7179,6890,6958,2349,10064,9907,8512,12652,9904,13621,12451,14349,16628
1	606	15860	23252,18341,6211,8107,32111,32391,70,29485,4082,6303,5591,7179,6890,6958,2349,10064,9907,8512,12652,9904,13621,12451,14349,16628
0	606	2379	23252,18341,6211,8107,32111,32391,70,29485,4082,6303,5591,7179,6890,6958,2349,10064,9907,8512,12652,9904,13621,12451,14349,16628,15860
0	606	17387	23252,18341,6211,8107,32111,32391,70,29485,4082,6303,5591,7179,6890,6958,2349,10064,9907,8512,12652,9904,13621,12451,14349,16628,15860
0	606	14058	23252,18341,6211,8107,32111,32391,70,29485,4082,6303,5591,7179,6890,6958,2349,10064,9907,8512,12652,9904,13621,12451,14349,16628,15860
0	606	17805	23252,18341,6211,8107,32111,32391,70,29485,4082,6303,5591,7179,6890,6958,2349,10064,9907,8512,12652,9904,13621,12451,14349,16628,15860
1	606	14126	23252,18341,6211,8107,32111,32391,70,29485,4082,6303,5591,7179,6890,6958,2349,10064,9907,8512,12652,9904,13621,12451,14349,16628,15860
0	606	18570	23252,18341,6211,8107,32111,32391,70,29485,4082,6303,5591,7179,6890,6958,2349,10064,9907,8512,12652,9904,13621,12451,14349,16628,15860,14126
0	606	18675	23252,18341,6211,8107,32111,32391,70,29485,4082,6303,5591,7179,6890,6958,2349,10064,9907,8512,12652,9904,13621,12451,14349,16628,15860,14126
1	606	15218	23252,18341,6211,8107,32111,32391,70,29485,4082,6303,5591,7179,6890,6958,2349,10064,9907,8512,12652,9904,13621,12451,14349,16628,15860,14126
1	606	19620	23252,18341,6211,8107,32111,32391,70,29485,4082,6303,5591,7179,6890,6958,2349,10064,9907,8512,12652,9904,13621,12451,14349,16628,15860,14126,15218
0	606	19822	23252,18341,6211,8107,32111,32391,70,29485,4082,6303,5591,7179,6890,6958,2349,10064,9907,8512,12652,9904,13621,12451,14349,16628,15860,14126,15218,19620
1	606	831	23252,18341,6211,8107,32111,32391,70,29485,4082,6303,5591,7179,6890,6958,2349,10064,9907,8512,12652,9904,13621,12451,14349,16628,15860,14126,15218,19620
