1	1585	31556	0
1	1585	5405	31556
1	1585	5496	31556,5405
1	1585	5913	31556,5405,5496
1	1585	6976	31556,5405,5496,5913
1	1585	7428	31556,5405,5496,5913,6976
1	1585	5221	31556,5405,5496,5913,6976,7428
1	1585	8510	31556,5405,5496,5913,6976,7428,5221
1	1585	10299	31556,5405,5496,5913,6976,7428,5221,8510
0	1585	9194	31556,5405,5496,5913,6976,7428,5221,8510,10299
1	1585	4530	31556,5405,5496,5913,6976,7428,5221,8510,10299
1	1585	8178	31556,5405,5496,5913,6976,7428,5221,8510,10299,4530
1	1585	4380	31556,5405,5496,5913,6976,7428,5221,8510,10299,4530,8178
1	1585	11507	31556,5405,5496,5913,6976,7428,5221,8510,10299,4530,8178,4380
1	1585	32134	31556,5405,5496,5913,6976,7428,5221,8510,10299,4530,8178,4380,11507
1	1585	32577	31556,5405,5496,5913,6976,7428,5221,8510,10299,4530,8178,4380,11507,32134
1	1585	8220	31556,5405,5496,5913,6976,7428,5221,8510,10299,4530,8178,4380,11507,32134,32577
1	1585	23018	31556,5405,5496,5913,6976,7428,5221,8510,10299,4530,8178,4380,11507,32134,32577,8220
0	1585	12949	31556,5405,5496,5913,6976,7428,5221,8510,10299,4530,8178,4380,11507,32134,32577,8220,23018
1	1585	11228	31556,5405,5496,5913,6976,7428,5221,8510,10299,4530,8178,4380,11507,32134,32577,8220,23018
0	1585	1888	31556,5405,5496,5913,6976,7428,5221,8510,10299,4530,8178,4380,11507,32134,32577,8220,23018,11228
1	1585	15019	31556,5405,5496,5913,6976,7428,5221,8510,10299,4530,8178,4380,11507,32134,32577,8220,23018,11228
1	1585	11746	31556,5405,5496,5913,6976,7428,5221,8510,10299,4530,8178,4380,11507,32134,32577,8220,23018,11228,15019
0	1585	218	31556,5405,5496,5913,6976,7428,5221,8510,10299,4530,8178,4380,11507,32134,32577,8220,23018,11228,15019,11746
1	1585	2371	31556,5405,5496,5913,6976,7428,5221,8510,10299,4530,8178,4380,11507,32134,32577,8220,23018,11228,15019,11746
0	1585	7420	31556,5405,5496,5913,6976,7428,5221,8510,10299,4530,8178,4380,11507,32134,32577,8220,23018,11228,15019,11746,2371
0	1585	13668	31556,5405,5496,5913,6976,7428,5221,8510,10299,4530,8178,4380,11507,32134,32577,8220,23018,11228,15019,11746,2371
0	1585	16023	31556,5405,5496,5913,6976,7428,5221,8510,10299,4530,8178,4380,11507,32134,32577,8220,23018,11228,15019,11746,2371
0	1585	15859	31556,5405,5496,5913,6976,7428,5221,8510,10299,4530,8178,4380,11507,32134,32577,8220,23018,11228,15019,11746,2371
1	1585	9970	31556,5405,5496,5913,6976,7428,5221,8510,10299,4530,8178,4380,11507,32134,32577,8220,23018,11228,15019,11746,2371
1	1585	1660	31556,5405,5496,5913,6976,7428,5221,8510,10299,4530,8178,4380,11507,32134,32577,8220,23018,11228,15019,11746,2371,9970
1	1585	5219	31556,5405,5496,5913,6976,7428,5221,8510,10299,4530,8178,4380,11507,32134,32577,8220,23018,11228,15019,11746,2371,9970,1660
1	1585	8620	31556,5405,5496,5913,6976,7428,5221,8510,10299,4530,8178,4380,11507,32134,32577,8220,23018,11228,15019,11746,2371,9970,1660,5219
0	1585	12597	31556,5405,5496,5913,6976,7428,5221,8510,10299,4530,8178,4380,11507,32134,32577,8220,23018,11228,15019,11746,2371,9970,1660,5219,8620
1	1585	12188	31556,5405,5496,5913,6976,7428,5221,8510,10299,4530,8178,4380,11507,32134,32577,8220,23018,11228,15019,11746,2371,9970,1660,5219,8620
1	1585	32718	31556,5405,5496,5913,6976,7428,5221,8510,10299,4530,8178,4380,11507,32134,32577,8220,23018,11228,15019,11746,2371,9970,1660,5219,8620,12188
1	1585	10980	31556,5405,5496,5913,6976,7428,5221,8510,10299,4530,8178,4380,11507,32134,32577,8220,23018,11228,15019,11746,2371,9970,1660,5219,8620,12188,32718
0	1585	19365	31556,5405,5496,5913,6976,7428,5221,8510,10299,4530,8178,4380,11507,32134,32577,8220,23018,11228,15019,11746,2371,9970,1660,5219,8620,12188,32718,10980
0	1585	27608	31556,5405,5496,5913,6976,7428,5221,8510,10299,4530,8178,4380,11507,32134,32577,8220,23018,11228,15019,11746,2371,9970,1660,5219,8620,12188,32718,10980
1	1585	19608	31556,5405,5496,5913,6976,7428,5221,8510,10299,4530,8178,4380,11507,32134,32577,8220,23018,11228,15019,11746,2371,9970,1660,5219,8620,12188,32718,10980
0	1585	15615	31556,5405,5496,5913,6976,7428,5221,8510,10299,4530,8178,4380,11507,32134,32577,8220,23018,11228,15019,11746,2371,9970,1660,5219,8620,12188,32718,10980,19608
1	1585	19605	31556,5405,5496,5913,6976,7428,5221,8510,10299,4530,8178,4380,11507,32134,32577,8220,23018,11228,15019,11746,2371,9970,1660,5219,8620,12188,32718,10980,19608
1	1585	19447	31556,5405,5496,5913,6976,7428,5221,8510,10299,4530,8178,4380,11507,32134,32577,8220,23018,11228,15019,11746,2371,9970,1660,5219,8620,12188,32718,10980,19608,19605
1	1585	21634	31556,5405,5496,5913,6976,7428,5221,8510,10299,4530,8178,4380,11507,32134,32577,8220,23018,11228,15019,11746,2371,9970,1660,5219,8620,12188,32718,10980,19608,19605,19447
1	1585	23490	31556,5405,5496,5913,6976,7428,5221,8510,10299,4530,8178,4380,11507,32134,32577,8220,23018,11228,15019,11746,2371,9970,1660,5219,8620,12188,32718,10980,19608,19605,19447,21634
1	1585	19448	31556,5405,5496,5913,6976,7428,5221,8510,10299,4530,8178,4380,11507,32134,32577,8220,23018,11228,15019,11746,2371,9970,1660,5219,8620,12188,32718,10980,19608,19605,19447,21634,23490
0	1585	22478	31556,5405,5496,5913,6976,7428,5221,8510,10299,4530,8178,4380,11507,32134,32577,8220,23018,11228,15019,11746,2371,9970,1660,5219,8620,12188,32718,10980,19608,19605,19447,21634,23490,19448
0	1585	21799	31556,5405,5496,5913,6976,7428,5221,8510,10299,4530,8178,4380,11507,32134,32577,8220,23018,11228,15019,11746,2371,9970,1660,5219,8620,12188,32718,10980,19608,19605,19447,21634,23490,19448
1	1585	23102	31556,5405,5496,5913,6976,7428,5221,8510,10299,4530,8178,4380,11507,32134,32577,8220,23018,11228,15019,11746,2371,9970,1660,5219,8620,12188,32718,10980,19608,19605,19447,21634,23490,19448
0	1585	22573	31556,5405,5496,5913,6976,7428,5221,8510,10299,4530,8178,4380,11507,32134,32577,8220,23018,11228,15019,11746,2371,9970,1660,5219,8620,12188,32718,10980,19608,19605,19447,21634,23490,19448,23102
1	1585	22636	31556,5405,5496,5913,6976,7428,5221,8510,10299,4530,8178,4380,11507,32134,32577,8220,23018,11228,15019,11746,2371,9970,1660,5219,8620,12188,32718,10980,19608,19605,19447,21634,23490,19448,23102
0	1585	19030	31556,5405,5496,5913,6976,7428,5221,8510,10299,4530,8178,4380,11507,32134,32577,8220,23018,11228,15019,11746,2371,9970,1660,5219,8620,12188,32718,10980,19608,19605,19447,21634,23490,19448,23102,22636
1	1585	11501	31556,5405,5496,5913,6976,7428,5221,8510,10299,4530,8178,4380,11507,32134,32577,8220,23018,11228,15019,11746,2371,9970,1660,5219,8620,12188,32718,10980,19608,19605,19447,21634,23490,19448,23102,22636
0	1585	12941	31556,5405,5496,5913,6976,7428,5221,8510,10299,4530,8178,4380,11507,32134,32577,8220,23018,11228,15019,11746,2371,9970,1660,5219,8620,12188,32718,10980,19608,19605,19447,21634,23490,19448,23102,22636,11501
0	1585	23864	31556,5405,5496,5913,6976,7428,5221,8510,10299,4530,8178,4380,11507,32134,32577,8220,23018,11228,15019,11746,2371,9970,1660,5219,8620,12188,32718,10980,19608,19605,19447,21634,23490,19448,23102,22636,11501
0	1585	20088	31556,5405,5496,5913,6976,7428,5221,8510,10299,4530,8178,4380,11507,32134,32577,8220,23018,11228,15019,11746,2371,9970,1660,5219,8620,12188,32718,10980,19608,19605,19447,21634,23490,19448,23102,22636,11501
0	1585	15219	31556,5405,5496,5913,6976,7428,5221,8510,10299,4530,8178,4380,11507,32134,32577,8220,23018,11228,15019,11746,2371,9970,1660,5219,8620,12188,32718,10980,19608,19605,19447,21634,23490,19448,23102,22636,11501
0	1585	24841	31556,5405,5496,5913,6976,7428,5221,8510,10299,4530,8178,4380,11507,32134,32577,8220,23018,11228,15019,11746,2371,9970,1660,5219,8620,12188,32718,10980,19608,19605,19447,21634,23490,19448,23102,22636,11501
0	1585	20681	31556,5405,5496,5913,6976,7428,5221,8510,10299,4530,8178,4380,11507,32134,32577,8220,23018,11228,15019,11746,2371,9970,1660,5219,8620,12188,32718,10980,19608,19605,19447,21634,23490,19448,23102,22636,11501
1	1585	22111	31556,5405,5496,5913,6976,7428,5221,8510,10299,4530,8178,4380,11507,32134,32577,8220,23018,11228,15019,11746,2371,9970,1660,5219,8620,12188,32718,10980,19608,19605,19447,21634,23490,19448,23102,22636,11501
1	1585	21518	31556,5405,5496,5913,6976,7428,5221,8510,10299,4530,8178,4380,11507,32134,32577,8220,23018,11228,15019,11746,2371,9970,1660,5219,8620,12188,32718,10980,19608,19605,19447,21634,23490,19448,23102,22636,11501,22111
1	1585	23154	31556,5405,5496,5913,6976,7428,5221,8510,10299,4530,8178,4380,11507,32134,32577,8220,23018,11228,15019,11746,2371,9970,1660,5219,8620,12188,32718,10980,19608,19605,19447,21634,23490,19448,23102,22636,11501,22111,21518
0	1585	23146	31556,5405,5496,5913,6976,7428,5221,8510,10299,4530,8178,4380,11507,32134,32577,8220,23018,11228,15019,11746,2371,9970,1660,5219,8620,12188,32718,10980,19608,19605,19447,21634,23490,19448,23102,22636,11501,22111,21518,23154
1	1585	23153	31556,5405,5496,5913,6976,7428,5221,8510,10299,4530,8178,4380,11507,32134,32577,8220,23018,11228,15019,11746,2371,9970,1660,5219,8620,12188,32718,10980,19608,19605,19447,21634,23490,19448,23102,22636,11501,22111,21518,23154
1	1585	23596	31556,5405,5496,5913,6976,7428,5221,8510,10299,4530,8178,4380,11507,32134,32577,8220,23018,11228,15019,11746,2371,9970,1660,5219,8620,12188,32718,10980,19608,19605,19447,21634,23490,19448,23102,22636,11501,22111,21518,23154,23153
0	1585	19397	31556,5405,5496,5913,6976,7428,5221,8510,10299,4530,8178,4380,11507,32134,32577,8220,23018,11228,15019,11746,2371,9970,1660,5219,8620,12188,32718,10980,19608,19605,19447,21634,23490,19448,23102,22636,11501,22111,21518,23154,23153,23596
0	1585	19418	31556,5405,5496,5913,6976,7428,5221,8510,10299,4530,8178,4380,11507,32134,32577,8220,23018,11228,15019,11746,2371,9970,1660,5219,8620,12188,32718,10980,19608,19605,19447,21634,23490,19448,23102,22636,11501,22111,21518,23154,23153,23596
0	1585	23128	31556,5405,5496,5913,6976,7428,5221,8510,10299,4530,8178,4380,11507,32134,32577,8220,23018,11228,15019,11746,2371,9970,1660,5219,8620,12188,32718,10980,19608,19605,19447,21634,23490,19448,23102,22636,11501,22111,21518,23154,23153,23596
0	1585	23129	31556,5405,5496,5913,6976,7428,5221,8510,10299,4530,8178,4380,11507,32134,32577,8220,23018,11228,15019,11746,2371,9970,1660,5219,8620,12188,32718,10980,19608,19605,19447,21634,23490,19448,23102,22636,11501,22111,21518,23154,23153,23596
1	1585	24561	31556,5405,5496,5913,6976,7428,5221,8510,10299,4530,8178,4380,11507,32134,32577,8220,23018,11228,15019,11746,2371,9970,1660,5219,8620,12188,32718,10980,19608,19605,19447,21634,23490,19448,23102,22636,11501,22111,21518,23154,23153,23596
1	1585	26355	31556,5405,5496,5913,6976,7428,5221,8510,10299,4530,8178,4380,11507,32134,32577,8220,23018,11228,15019,11746,2371,9970,1660,5219,8620,12188,32718,10980,19608,19605,19447,21634,23490,19448,23102,22636,11501,22111,21518,23154,23153,23596,24561
0	1585	26659	31556,5405,5496,5913,6976,7428,5221,8510,10299,4530,8178,4380,11507,32134,32577,8220,23018,11228,15019,11746,2371,9970,1660,5219,8620,12188,32718,10980,19608,19605,19447,21634,23490,19448,23102,22636,11501,22111,21518,23154,23153,23596,24561,26355
1	1585	1082	31556,5405,5496,5913,6976,7428,5221,8510,10299,4530,8178,4380,11507,32134,32577,8220,23018,11228,15019,11746,2371,9970,1660,5219,8620,12188,32718,10980,19608,19605,19447,21634,23490,19448,23102,22636,11501,22111,21518,23154,23153,23596,24561,26355
1	1585	26354	31556,5405,5496,5913,6976,7428,5221,8510,10299,4530,8178,4380,11507,32134,32577,8220,23018,11228,15019,11746,2371,9970,1660,5219,8620,12188,32718,10980,19608,19605,19447,21634,23490,19448,23102,22636,11501,22111,21518,23154,23153,23596,24561,26355,1082
0	1585	440	31556,5405,5496,5913,6976,7428,5221,8510,10299,4530,8178,4380,11507,32134,32577,8220,23018,11228,15019,11746,2371,9970,1660,5219,8620,12188,32718,10980,19608,19605,19447,21634,23490,19448,23102,22636,11501,22111,21518,23154,23153,23596,24561,26355,1082,26354
1	1585	27120	31556,5405,5496,5913,6976,7428,5221,8510,10299,4530,8178,4380,11507,32134,32577,8220,23018,11228,15019,11746,2371,9970,1660,5219,8620,12188,32718,10980,19608,19605,19447,21634,23490,19448,23102,22636,11501,22111,21518,23154,23153,23596,24561,26355,1082,26354
1	1585	27144	31556,5405,5496,5913,6976,7428,5221,8510,10299,4530,8178,4380,11507,32134,32577,8220,23018,11228,15019,11746,2371,9970,1660,5219,8620,12188,32718,10980,19608,19605,19447,21634,23490,19448,23102,22636,11501,22111,21518,23154,23153,23596,24561,26355,1082,26354,27120
0	1585	20460	31556,5405,5496,5913,6976,7428,5221,8510,10299,4530,8178,4380,11507,32134,32577,8220,23018,11228,15019,11746,2371,9970,1660,5219,8620,12188,32718,10980,19608,19605,19447,21634,23490,19448,23102,22636,11501,22111,21518,23154,23153,23596,24561,26355,1082,26354,27120,27144
1	1585	27091	31556,5405,5496,5913,6976,7428,5221,8510,10299,4530,8178,4380,11507,32134,32577,8220,23018,11228,15019,11746,2371,9970,1660,5219,8620,12188,32718,10980,19608,19605,19447,21634,23490,19448,23102,22636,11501,22111,21518,23154,23153,23596,24561,26355,1082,26354,27120,27144
1	1585	25881	31556,5405,5496,5913,6976,7428,5221,8510,10299,4530,8178,4380,11507,32134,32577,8220,23018,11228,15019,11746,2371,9970,1660,5219,8620,12188,32718,10980,19608,19605,19447,21634,23490,19448,23102,22636,11501,22111,21518,23154,23153,23596,24561,26355,1082,26354,27120,27144,27091
1	1585	27266	31556,5405,5496,5913,6976,7428,5221,8510,10299,4530,8178,4380,11507,32134,32577,8220,23018,11228,15019,11746,2371,9970,1660,5219,8620,12188,32718,10980,19608,19605,19447,21634,23490,19448,23102,22636,11501,22111,21518,23154,23153,23596,24561,26355,1082,26354,27120,27144,27091,25881
1	1585	27288	31556,5405,5496,5913,6976,7428,5221,8510,10299,4530,8178,4380,11507,32134,32577,8220,23018,11228,15019,11746,2371,9970,1660,5219,8620,12188,32718,10980,19608,19605,19447,21634,23490,19448,23102,22636,11501,22111,21518,23154,23153,23596,24561,26355,1082,26354,27120,27144,27091,25881,27266
1	1585	27289	31556,5405,5496,5913,6976,7428,5221,8510,10299,4530,8178,4380,11507,32134,32577,8220,23018,11228,15019,11746,2371,9970,1660,5219,8620,12188,32718,10980,19608,19605,19447,21634,23490,19448,23102,22636,11501,22111,21518,23154,23153,23596,24561,26355,1082,26354,27120,27144,27091,25881,27266,27288
1	1585	27290	31556,5405,5496,5913,6976,7428,5221,8510,10299,4530,8178,4380,11507,32134,32577,8220,23018,11228,15019,11746,2371,9970,1660,5219,8620,12188,32718,10980,19608,19605,19447,21634,23490,19448,23102,22636,11501,22111,21518,23154,23153,23596,24561,26355,1082,26354,27120,27144,27091,25881,27266,27288,27289
1	1585	26410	31556,5405,5496,5913,6976,7428,5221,8510,10299,4530,8178,4380,11507,32134,32577,8220,23018,11228,15019,11746,2371,9970,1660,5219,8620,12188,32718,10980,19608,19605,19447,21634,23490,19448,23102,22636,11501,22111,21518,23154,23153,23596,24561,26355,1082,26354,27120,27144,27091,25881,27266,27288,27289,27290
1	1585	26254	31556,5405,5496,5913,6976,7428,5221,8510,10299,4530,8178,4380,11507,32134,32577,8220,23018,11228,15019,11746,2371,9970,1660,5219,8620,12188,32718,10980,19608,19605,19447,21634,23490,19448,23102,22636,11501,22111,21518,23154,23153,23596,24561,26355,1082,26354,27120,27144,27091,25881,27266,27288,27289,27290,26410
0	1585	26325	31556,5405,5496,5913,6976,7428,5221,8510,10299,4530,8178,4380,11507,32134,32577,8220,23018,11228,15019,11746,2371,9970,1660,5219,8620,12188,32718,10980,19608,19605,19447,21634,23490,19448,23102,22636,11501,22111,21518,23154,23153,23596,24561,26355,1082,26354,27120,27144,27091,25881,27266,27288,27289,27290,26410,26254
0	1585	26364	31556,5405,5496,5913,6976,7428,5221,8510,10299,4530,8178,4380,11507,32134,32577,8220,23018,11228,15019,11746,2371,9970,1660,5219,8620,12188,32718,10980,19608,19605,19447,21634,23490,19448,23102,22636,11501,22111,21518,23154,23153,23596,24561,26355,1082,26354,27120,27144,27091,25881,27266,27288,27289,27290,26410,26254
1	1585	15574	31556,5405,5496,5913,6976,7428,5221,8510,10299,4530,8178,4380,11507,32134,32577,8220,23018,11228,15019,11746,2371,9970,1660,5219,8620,12188,32718,10980,19608,19605,19447,21634,23490,19448,23102,22636,11501,22111,21518,23154,23153,23596,24561,26355,1082,26354,27120,27144,27091,25881,27266,27288,27289,27290,26410,26254
0	1585	19333	31556,5405,5496,5913,6976,7428,5221,8510,10299,4530,8178,4380,11507,32134,32577,8220,23018,11228,15019,11746,2371,9970,1660,5219,8620,12188,32718,10980,19608,19605,19447,21634,23490,19448,23102,22636,11501,22111,21518,23154,23153,23596,24561,26355,1082,26354,27120,27144,27091,25881,27266,27288,27289,27290,26410,26254,15574
1	1585	23725	31556,5405,5496,5913,6976,7428,5221,8510,10299,4530,8178,4380,11507,32134,32577,8220,23018,11228,15019,11746,2371,9970,1660,5219,8620,12188,32718,10980,19608,19605,19447,21634,23490,19448,23102,22636,11501,22111,21518,23154,23153,23596,24561,26355,1082,26354,27120,27144,27091,25881,27266,27288,27289,27290,26410,26254,15574
0	1585	26973	31556,5405,5496,5913,6976,7428,5221,8510,10299,4530,8178,4380,11507,32134,32577,8220,23018,11228,15019,11746,2371,9970,1660,5219,8620,12188,32718,10980,19608,19605,19447,21634,23490,19448,23102,22636,11501,22111,21518,23154,23153,23596,24561,26355,1082,26354,27120,27144,27091,25881,27266,27288,27289,27290,26410,26254,15574,23725
0	1585	22516	31556,5405,5496,5913,6976,7428,5221,8510,10299,4530,8178,4380,11507,32134,32577,8220,23018,11228,15019,11746,2371,9970,1660,5219,8620,12188,32718,10980,19608,19605,19447,21634,23490,19448,23102,22636,11501,22111,21518,23154,23153,23596,24561,26355,1082,26354,27120,27144,27091,25881,27266,27288,27289,27290,26410,26254,15574,23725
1	1585	25832	31556,5405,5496,5913,6976,7428,5221,8510,10299,4530,8178,4380,11507,32134,32577,8220,23018,11228,15019,11746,2371,9970,1660,5219,8620,12188,32718,10980,19608,19605,19447,21634,23490,19448,23102,22636,11501,22111,21518,23154,23153,23596,24561,26355,1082,26354,27120,27144,27091,25881,27266,27288,27289,27290,26410,26254,15574,23725
1	1585	19989	31556,5405,5496,5913,6976,7428,5221,8510,10299,4530,8178,4380,11507,32134,32577,8220,23018,11228,15019,11746,2371,9970,1660,5219,8620,12188,32718,10980,19608,19605,19447,21634,23490,19448,23102,22636,11501,22111,21518,23154,23153,23596,24561,26355,1082,26354,27120,27144,27091,25881,27266,27288,27289,27290,26410,26254,15574,23725,25832
1	1585	24589	31556,5405,5496,5913,6976,7428,5221,8510,10299,4530,8178,4380,11507,32134,32577,8220,23018,11228,15019,11746,2371,9970,1660,5219,8620,12188,32718,10980,19608,19605,19447,21634,23490,19448,23102,22636,11501,22111,21518,23154,23153,23596,24561,26355,1082,26354,27120,27144,27091,25881,27266,27288,27289,27290,26410,26254,15574,23725,25832,19989
0	1585	27265	31556,5405,5496,5913,6976,7428,5221,8510,10299,4530,8178,4380,11507,32134,32577,8220,23018,11228,15019,11746,2371,9970,1660,5219,8620,12188,32718,10980,19608,19605,19447,21634,23490,19448,23102,22636,11501,22111,21518,23154,23153,23596,24561,26355,1082,26354,27120,27144,27091,25881,27266,27288,27289,27290,26410,26254,15574,23725,25832,19989,24589
0	1585	27769	31556,5405,5496,5913,6976,7428,5221,8510,10299,4530,8178,4380,11507,32134,32577,8220,23018,11228,15019,11746,2371,9970,1660,5219,8620,12188,32718,10980,19608,19605,19447,21634,23490,19448,23102,22636,11501,22111,21518,23154,23153,23596,24561,26355,1082,26354,27120,27144,27091,25881,27266,27288,27289,27290,26410,26254,15574,23725,25832,19989,24589
1	1585	28081	31556,5405,5496,5913,6976,7428,5221,8510,10299,4530,8178,4380,11507,32134,32577,8220,23018,11228,15019,11746,2371,9970,1660,5219,8620,12188,32718,10980,19608,19605,19447,21634,23490,19448,23102,22636,11501,22111,21518,23154,23153,23596,24561,26355,1082,26354,27120,27144,27091,25881,27266,27288,27289,27290,26410,26254,15574,23725,25832,19989,24589
1	1585	25491	31556,5405,5496,5913,6976,7428,5221,8510,10299,4530,8178,4380,11507,32134,32577,8220,23018,11228,15019,11746,2371,9970,1660,5219,8620,12188,32718,10980,19608,19605,19447,21634,23490,19448,23102,22636,11501,22111,21518,23154,23153,23596,24561,26355,1082,26354,27120,27144,27091,25881,27266,27288,27289,27290,26410,26254,15574,23725,25832,19989,24589,28081
1	1585	28017	31556,5405,5496,5913,6976,7428,5221,8510,10299,4530,8178,4380,11507,32134,32577,8220,23018,11228,15019,11746,2371,9970,1660,5219,8620,12188,32718,10980,19608,19605,19447,21634,23490,19448,23102,22636,11501,22111,21518,23154,23153,23596,24561,26355,1082,26354,27120,27144,27091,25881,27266,27288,27289,27290,26410,26254,15574,23725,25832,19989,24589,28081,25491
0	1585	28443	31556,5405,5496,5913,6976,7428,5221,8510,10299,4530,8178,4380,11507,32134,32577,8220,23018,11228,15019,11746,2371,9970,1660,5219,8620,12188,32718,10980,19608,19605,19447,21634,23490,19448,23102,22636,11501,22111,21518,23154,23153,23596,24561,26355,1082,26354,27120,27144,27091,25881,27266,27288,27289,27290,26410,26254,15574,23725,25832,19989,24589,28081,25491,28017
0	1585	28535	31556,5405,5496,5913,6976,7428,5221,8510,10299,4530,8178,4380,11507,32134,32577,8220,23018,11228,15019,11746,2371,9970,1660,5219,8620,12188,32718,10980,19608,19605,19447,21634,23490,19448,23102,22636,11501,22111,21518,23154,23153,23596,24561,26355,1082,26354,27120,27144,27091,25881,27266,27288,27289,27290,26410,26254,15574,23725,25832,19989,24589,28081,25491,28017
1	1585	28123	31556,5405,5496,5913,6976,7428,5221,8510,10299,4530,8178,4380,11507,32134,32577,8220,23018,11228,15019,11746,2371,9970,1660,5219,8620,12188,32718,10980,19608,19605,19447,21634,23490,19448,23102,22636,11501,22111,21518,23154,23153,23596,24561,26355,1082,26354,27120,27144,27091,25881,27266,27288,27289,27290,26410,26254,15574,23725,25832,19989,24589,28081,25491,28017
1	1585	27025	31556,5405,5496,5913,6976,7428,5221,8510,10299,4530,8178,4380,11507,32134,32577,8220,23018,11228,15019,11746,2371,9970,1660,5219,8620,12188,32718,10980,19608,19605,19447,21634,23490,19448,23102,22636,11501,22111,21518,23154,23153,23596,24561,26355,1082,26354,27120,27144,27091,25881,27266,27288,27289,27290,26410,26254,15574,23725,25832,19989,24589,28081,25491,28017,28123
0	1585	22713	31556,5405,5496,5913,6976,7428,5221,8510,10299,4530,8178,4380,11507,32134,32577,8220,23018,11228,15019,11746,2371,9970,1660,5219,8620,12188,32718,10980,19608,19605,19447,21634,23490,19448,23102,22636,11501,22111,21518,23154,23153,23596,24561,26355,1082,26354,27120,27144,27091,25881,27266,27288,27289,27290,26410,26254,15574,23725,25832,19989,24589,28081,25491,28017,28123,27025
1	1585	18232	31556,5405,5496,5913,6976,7428,5221,8510,10299,4530,8178,4380,11507,32134,32577,8220,23018,11228,15019,11746,2371,9970,1660,5219,8620,12188,32718,10980,19608,19605,19447,21634,23490,19448,23102,22636,11501,22111,21518,23154,23153,23596,24561,26355,1082,26354,27120,27144,27091,25881,27266,27288,27289,27290,26410,26254,15574,23725,25832,19989,24589,28081,25491,28017,28123,27025
1	1585	27957	31556,5405,5496,5913,6976,7428,5221,8510,10299,4530,8178,4380,11507,32134,32577,8220,23018,11228,15019,11746,2371,9970,1660,5219,8620,12188,32718,10980,19608,19605,19447,21634,23490,19448,23102,22636,11501,22111,21518,23154,23153,23596,24561,26355,1082,26354,27120,27144,27091,25881,27266,27288,27289,27290,26410,26254,15574,23725,25832,19989,24589,28081,25491,28017,28123,27025,18232
1	1585	28304	31556,5405,5496,5913,6976,7428,5221,8510,10299,4530,8178,4380,11507,32134,32577,8220,23018,11228,15019,11746,2371,9970,1660,5219,8620,12188,32718,10980,19608,19605,19447,21634,23490,19448,23102,22636,11501,22111,21518,23154,23153,23596,24561,26355,1082,26354,27120,27144,27091,25881,27266,27288,27289,27290,26410,26254,15574,23725,25832,19989,24589,28081,25491,28017,28123,27025,18232,27957
0	1585	27700	31556,5405,5496,5913,6976,7428,5221,8510,10299,4530,8178,4380,11507,32134,32577,8220,23018,11228,15019,11746,2371,9970,1660,5219,8620,12188,32718,10980,19608,19605,19447,21634,23490,19448,23102,22636,11501,22111,21518,23154,23153,23596,24561,26355,1082,26354,27120,27144,27091,25881,27266,27288,27289,27290,26410,26254,15574,23725,25832,19989,24589,28081,25491,28017,28123,27025,18232,27957,28304
1	1585	27968	31556,5405,5496,5913,6976,7428,5221,8510,10299,4530,8178,4380,11507,32134,32577,8220,23018,11228,15019,11746,2371,9970,1660,5219,8620,12188,32718,10980,19608,19605,19447,21634,23490,19448,23102,22636,11501,22111,21518,23154,23153,23596,24561,26355,1082,26354,27120,27144,27091,25881,27266,27288,27289,27290,26410,26254,15574,23725,25832,19989,24589,28081,25491,28017,28123,27025,18232,27957,28304
1	1585	28527	31556,5405,5496,5913,6976,7428,5221,8510,10299,4530,8178,4380,11507,32134,32577,8220,23018,11228,15019,11746,2371,9970,1660,5219,8620,12188,32718,10980,19608,19605,19447,21634,23490,19448,23102,22636,11501,22111,21518,23154,23153,23596,24561,26355,1082,26354,27120,27144,27091,25881,27266,27288,27289,27290,26410,26254,15574,23725,25832,19989,24589,28081,25491,28017,28123,27025,18232,27957,28304,27968
1	1585	29036	31556,5405,5496,5913,6976,7428,5221,8510,10299,4530,8178,4380,11507,32134,32577,8220,23018,11228,15019,11746,2371,9970,1660,5219,8620,12188,32718,10980,19608,19605,19447,21634,23490,19448,23102,22636,11501,22111,21518,23154,23153,23596,24561,26355,1082,26354,27120,27144,27091,25881,27266,27288,27289,27290,26410,26254,15574,23725,25832,19989,24589,28081,25491,28017,28123,27025,18232,27957,28304,27968,28527
0	1585	28472	31556,5405,5496,5913,6976,7428,5221,8510,10299,4530,8178,4380,11507,32134,32577,8220,23018,11228,15019,11746,2371,9970,1660,5219,8620,12188,32718,10980,19608,19605,19447,21634,23490,19448,23102,22636,11501,22111,21518,23154,23153,23596,24561,26355,1082,26354,27120,27144,27091,25881,27266,27288,27289,27290,26410,26254,15574,23725,25832,19989,24589,28081,25491,28017,28123,27025,18232,27957,28304,27968,28527,29036
1	1585	29124	31556,5405,5496,5913,6976,7428,5221,8510,10299,4530,8178,4380,11507,32134,32577,8220,23018,11228,15019,11746,2371,9970,1660,5219,8620,12188,32718,10980,19608,19605,19447,21634,23490,19448,23102,22636,11501,22111,21518,23154,23153,23596,24561,26355,1082,26354,27120,27144,27091,25881,27266,27288,27289,27290,26410,26254,15574,23725,25832,19989,24589,28081,25491,28017,28123,27025,18232,27957,28304,27968,28527,29036
1	1585	6891	31556,5405,5496,5913,6976,7428,5221,8510,10299,4530,8178,4380,11507,32134,32577,8220,23018,11228,15019,11746,2371,9970,1660,5219,8620,12188,32718,10980,19608,19605,19447,21634,23490,19448,23102,22636,11501,22111,21518,23154,23153,23596,24561,26355,1082,26354,27120,27144,27091,25881,27266,27288,27289,27290,26410,26254,15574,23725,25832,19989,24589,28081,25491,28017,28123,27025,18232,27957,28304,27968,28527,29036,29124
1	1585	6895	31556,5405,5496,5913,6976,7428,5221,8510,10299,4530,8178,4380,11507,32134,32577,8220,23018,11228,15019,11746,2371,9970,1660,5219,8620,12188,32718,10980,19608,19605,19447,21634,23490,19448,23102,22636,11501,22111,21518,23154,23153,23596,24561,26355,1082,26354,27120,27144,27091,25881,27266,27288,27289,27290,26410,26254,15574,23725,25832,19989,24589,28081,25491,28017,28123,27025,18232,27957,28304,27968,28527,29036,29124,6891
1	1585	12528	31556,5405,5496,5913,6976,7428,5221,8510,10299,4530,8178,4380,11507,32134,32577,8220,23018,11228,15019,11746,2371,9970,1660,5219,8620,12188,32718,10980,19608,19605,19447,21634,23490,19448,23102,22636,11501,22111,21518,23154,23153,23596,24561,26355,1082,26354,27120,27144,27091,25881,27266,27288,27289,27290,26410,26254,15574,23725,25832,19989,24589,28081,25491,28017,28123,27025,18232,27957,28304,27968,28527,29036,29124,6891,6895
1	1585	23462	31556,5405,5496,5913,6976,7428,5221,8510,10299,4530,8178,4380,11507,32134,32577,8220,23018,11228,15019,11746,2371,9970,1660,5219,8620,12188,32718,10980,19608,19605,19447,21634,23490,19448,23102,22636,11501,22111,21518,23154,23153,23596,24561,26355,1082,26354,27120,27144,27091,25881,27266,27288,27289,27290,26410,26254,15574,23725,25832,19989,24589,28081,25491,28017,28123,27025,18232,27957,28304,27968,28527,29036,29124,6891,6895,12528
1	1585	28028	31556,5405,5496,5913,6976,7428,5221,8510,10299,4530,8178,4380,11507,32134,32577,8220,23018,11228,15019,11746,2371,9970,1660,5219,8620,12188,32718,10980,19608,19605,19447,21634,23490,19448,23102,22636,11501,22111,21518,23154,23153,23596,24561,26355,1082,26354,27120,27144,27091,25881,27266,27288,27289,27290,26410,26254,15574,23725,25832,19989,24589,28081,25491,28017,28123,27025,18232,27957,28304,27968,28527,29036,29124,6891,6895,12528,23462
