0	575	3164	0
0	575	6420	0
0	575	19262	0
0	575	275	0
0	575	27478	0
1	575	31643	0
0	575	2449	31643
1	575	10828	31643
0	575	11867	31643,10828
0	575	14181	31643,10828
0	575	11324	31643,10828
0	575	31300	31643,10828
0	575	19640	31643,10828
1	575	9853	31643,10828
0	575	15496	31643,10828,9853
0	575	4857	31643,10828,9853
0	575	23447	31643,10828,9853
0	575	20574	31643,10828,9853
0	575	3691	31643,10828,9853
0	575	7836	31643,10828,9853
0	575	7835	31643,10828,9853
0	575	24660	31643,10828,9853
0	575	19364	31643,10828,9853
0	575	25185	31643,10828,9853
0	575	23189	31643,10828,9853
0	575	23190	31643,10828,9853
0	575	25899	31643,10828,9853
0	575	26088	31643,10828,9853
0	575	24631	31643,10828,9853
0	575	22137	31643,10828,9853
0	575	14662	31643,10828,9853
0	575	9746	31643,10828,9853
0	575	1505	31643,10828,9853
0	575	19603	31643,10828,9853
0	575	28961	31643,10828,9853
0	575	11175	31643,10828,9853
0	575	22860	31643,10828,9853
