0	1184	975	0
1	1184	33134	0
0	1184	9356	33134
1	1184	1405	33134
0	1184	11697	33134,1405
0	1184	11194	33134,1405
0	1184	11446	33134,1405
0	1184	12670	33134,1405
0	1184	12718	33134,1405
0	1184	11377	33134,1405
0	1184	14341	33134,1405
0	1184	13937	33134,1405
0	1184	16708	33134,1405
1	1184	17482	33134,1405
0	1184	11134	33134,1405,17482
0	1184	17541	33134,1405,17482
1	1184	13663	33134,1405,17482
0	1184	19735	33134,1405,17482,13663
0	1184	12473	33134,1405,17482,13663
0	1184	18008	33134,1405,17482,13663
0	1184	21957	33134,1405,17482,13663
0	1184	22105	33134,1405,17482,13663
0	1184	23447	33134,1405,17482,13663
0	1184	19176	33134,1405,17482,13663
1	1184	20927	33134,1405,17482,13663
0	1184	23452	33134,1405,17482,13663,20927
1	1184	25556	33134,1405,17482,13663,20927
0	1184	25038	33134,1405,17482,13663,20927,25556
1	1184	25545	33134,1405,17482,13663,20927,25556
1	1184	11756	33134,1405,17482,13663,20927,25556,25545
0	1184	10738	33134,1405,17482,13663,20927,25556,25545,11756
0	1184	10740	33134,1405,17482,13663,20927,25556,25545,11756
1	1184	20954	33134,1405,17482,13663,20927,25556,25545,11756
0	1184	24020	33134,1405,17482,13663,20927,25556,25545,11756,20954
0	1184	23780	33134,1405,17482,13663,20927,25556,25545,11756,20954
0	1184	27484	33134,1405,17482,13663,20927,25556,25545,11756,20954
1	1184	27581	33134,1405,17482,13663,20927,25556,25545,11756,20954
0	1184	28115	33134,1405,17482,13663,20927,25556,25545,11756,20954,27581
