1	720	33003	0
1	720	1300	33003
1	720	2266	33003,1300
0	720	4715	33003,1300,2266
0	720	2337	33003,1300,2266
0	720	5358	33003,1300,2266
0	720	8929	33003,1300,2266
1	720	22822	33003,1300,2266
0	720	5689	33003,1300,2266,22822
0	720	6070	33003,1300,2266,22822
1	720	6385	33003,1300,2266,22822
1	720	10871	33003,1300,2266,22822,6385
0	720	31323	33003,1300,2266,22822,6385,10871
1	720	8361	33003,1300,2266,22822,6385,10871
0	720	9377	33003,1300,2266,22822,6385,10871,8361
1	720	12623	33003,1300,2266,22822,6385,10871,8361
0	720	1553	33003,1300,2266,22822,6385,10871,8361,12623
0	720	3808	33003,1300,2266,22822,6385,10871,8361,12623
0	720	18682	33003,1300,2266,22822,6385,10871,8361,12623
0	720	8280	33003,1300,2266,22822,6385,10871,8361,12623
1	720	11014	33003,1300,2266,22822,6385,10871,8361,12623
0	720	13139	33003,1300,2266,22822,6385,10871,8361,12623,11014
0	720	18410	33003,1300,2266,22822,6385,10871,8361,12623,11014
1	720	2073	33003,1300,2266,22822,6385,10871,8361,12623,11014
0	720	5508	33003,1300,2266,22822,6385,10871,8361,12623,11014,2073
0	720	6083	33003,1300,2266,22822,6385,10871,8361,12623,11014,2073
0	720	1908	33003,1300,2266,22822,6385,10871,8361,12623,11014,2073
1	720	6058	33003,1300,2266,22822,6385,10871,8361,12623,11014,2073
1	720	7430	33003,1300,2266,22822,6385,10871,8361,12623,11014,2073,6058
1	720	15999	33003,1300,2266,22822,6385,10871,8361,12623,11014,2073,6058,7430
1	720	5196	33003,1300,2266,22822,6385,10871,8361,12623,11014,2073,6058,7430,15999
1	720	16930	33003,1300,2266,22822,6385,10871,8361,12623,11014,2073,6058,7430,15999,5196
1	720	22392	33003,1300,2266,22822,6385,10871,8361,12623,11014,2073,6058,7430,15999,5196,16930
1	720	6733	33003,1300,2266,22822,6385,10871,8361,12623,11014,2073,6058,7430,15999,5196,16930,22392
1	720	32885	33003,1300,2266,22822,6385,10871,8361,12623,11014,2073,6058,7430,15999,5196,16930,22392,6733
0	720	1570	33003,1300,2266,22822,6385,10871,8361,12623,11014,2073,6058,7430,15999,5196,16930,22392,6733,32885
1	720	3720	33003,1300,2266,22822,6385,10871,8361,12623,11014,2073,6058,7430,15999,5196,16930,22392,6733,32885
1	720	3749	33003,1300,2266,22822,6385,10871,8361,12623,11014,2073,6058,7430,15999,5196,16930,22392,6733,32885,3720
0	720	3925	33003,1300,2266,22822,6385,10871,8361,12623,11014,2073,6058,7430,15999,5196,16930,22392,6733,32885,3720,3749
1	720	5523	33003,1300,2266,22822,6385,10871,8361,12623,11014,2073,6058,7430,15999,5196,16930,22392,6733,32885,3720,3749
1	720	8586	33003,1300,2266,22822,6385,10871,8361,12623,11014,2073,6058,7430,15999,5196,16930,22392,6733,32885,3720,3749,5523
1	720	11869	33003,1300,2266,22822,6385,10871,8361,12623,11014,2073,6058,7430,15999,5196,16930,22392,6733,32885,3720,3749,5523,8586
1	720	13615	33003,1300,2266,22822,6385,10871,8361,12623,11014,2073,6058,7430,15999,5196,16930,22392,6733,32885,3720,3749,5523,8586,11869
1	720	14486	33003,1300,2266,22822,6385,10871,8361,12623,11014,2073,6058,7430,15999,5196,16930,22392,6733,32885,3720,3749,5523,8586,11869,13615
1	720	17912	33003,1300,2266,22822,6385,10871,8361,12623,11014,2073,6058,7430,15999,5196,16930,22392,6733,32885,3720,3749,5523,8586,11869,13615,14486
1	720	18627	33003,1300,2266,22822,6385,10871,8361,12623,11014,2073,6058,7430,15999,5196,16930,22392,6733,32885,3720,3749,5523,8586,11869,13615,14486,17912
1	720	20636	33003,1300,2266,22822,6385,10871,8361,12623,11014,2073,6058,7430,15999,5196,16930,22392,6733,32885,3720,3749,5523,8586,11869,13615,14486,17912,18627
1	720	23320	33003,1300,2266,22822,6385,10871,8361,12623,11014,2073,6058,7430,15999,5196,16930,22392,6733,32885,3720,3749,5523,8586,11869,13615,14486,17912,18627,20636
1	720	1981	33003,1300,2266,22822,6385,10871,8361,12623,11014,2073,6058,7430,15999,5196,16930,22392,6733,32885,3720,3749,5523,8586,11869,13615,14486,17912,18627,20636,23320
1	720	7692	33003,1300,2266,22822,6385,10871,8361,12623,11014,2073,6058,7430,15999,5196,16930,22392,6733,32885,3720,3749,5523,8586,11869,13615,14486,17912,18627,20636,23320,1981
1	720	18128	33003,1300,2266,22822,6385,10871,8361,12623,11014,2073,6058,7430,15999,5196,16930,22392,6733,32885,3720,3749,5523,8586,11869,13615,14486,17912,18627,20636,23320,1981,7692
1	720	20818	33003,1300,2266,22822,6385,10871,8361,12623,11014,2073,6058,7430,15999,5196,16930,22392,6733,32885,3720,3749,5523,8586,11869,13615,14486,17912,18627,20636,23320,1981,7692,18128
1	720	25182	33003,1300,2266,22822,6385,10871,8361,12623,11014,2073,6058,7430,15999,5196,16930,22392,6733,32885,3720,3749,5523,8586,11869,13615,14486,17912,18627,20636,23320,1981,7692,18128,20818
