0	967	32788	0
0	967	32162	0
1	967	32786	0
1	967	32642	32786
1	967	24793	32786,32642
0	967	31408	32786,32642,24793
1	967	32311	32786,32642,24793
0	967	32487	32786,32642,24793,32311
0	967	1492	32786,32642,24793,32311
1	967	32432	32786,32642,24793,32311
0	967	924	32786,32642,24793,32311,32432
1	967	32744	32786,32642,24793,32311,32432
0	967	16652	32786,32642,24793,32311,32432,32744
1	967	1668	32786,32642,24793,32311,32432,32744
1	967	2544	32786,32642,24793,32311,32432,32744,1668
1	967	3313	32786,32642,24793,32311,32432,32744,1668,2544
0	967	1272	32786,32642,24793,32311,32432,32744,1668,2544,3313
0	967	30909	32786,32642,24793,32311,32432,32744,1668,2544,3313
1	967	2851	32786,32642,24793,32311,32432,32744,1668,2544,3313
0	967	4526	32786,32642,24793,32311,32432,32744,1668,2544,3313,2851
0	967	5405	32786,32642,24793,32311,32432,32744,1668,2544,3313,2851
0	967	6756	32786,32642,24793,32311,32432,32744,1668,2544,3313,2851
1	967	7024	32786,32642,24793,32311,32432,32744,1668,2544,3313,2851
0	967	6780	32786,32642,24793,32311,32432,32744,1668,2544,3313,2851,7024
0	967	4756	32786,32642,24793,32311,32432,32744,1668,2544,3313,2851,7024
1	967	1455	32786,32642,24793,32311,32432,32744,1668,2544,3313,2851,7024
1	967	5575	32786,32642,24793,32311,32432,32744,1668,2544,3313,2851,7024,1455
1	967	1205	32786,32642,24793,32311,32432,32744,1668,2544,3313,2851,7024,1455,5575
0	967	31716	32786,32642,24793,32311,32432,32744,1668,2544,3313,2851,7024,1455,5575,1205
1	967	5925	32786,32642,24793,32311,32432,32744,1668,2544,3313,2851,7024,1455,5575,1205
1	967	4290	32786,32642,24793,32311,32432,32744,1668,2544,3313,2851,7024,1455,5575,1205,5925
1	967	2012	32786,32642,24793,32311,32432,32744,1668,2544,3313,2851,7024,1455,5575,1205,5925,4290
0	967	7491	32786,32642,24793,32311,32432,32744,1668,2544,3313,2851,7024,1455,5575,1205,5925,4290,2012
1	967	5342	32786,32642,24793,32311,32432,32744,1668,2544,3313,2851,7024,1455,5575,1205,5925,4290,2012
1	967	2780	32786,32642,24793,32311,32432,32744,1668,2544,3313,2851,7024,1455,5575,1205,5925,4290,2012,5342
1	967	3734	32786,32642,24793,32311,32432,32744,1668,2544,3313,2851,7024,1455,5575,1205,5925,4290,2012,5342,2780
0	967	7493	32786,32642,24793,32311,32432,32744,1668,2544,3313,2851,7024,1455,5575,1205,5925,4290,2012,5342,2780,3734
1	967	847	32786,32642,24793,32311,32432,32744,1668,2544,3313,2851,7024,1455,5575,1205,5925,4290,2012,5342,2780,3734
0	967	3254	32786,32642,24793,32311,32432,32744,1668,2544,3313,2851,7024,1455,5575,1205,5925,4290,2012,5342,2780,3734,847
1	967	6234	32786,32642,24793,32311,32432,32744,1668,2544,3313,2851,7024,1455,5575,1205,5925,4290,2012,5342,2780,3734,847
1	967	8206	32786,32642,24793,32311,32432,32744,1668,2544,3313,2851,7024,1455,5575,1205,5925,4290,2012,5342,2780,3734,847,6234
0	967	6959	32786,32642,24793,32311,32432,32744,1668,2544,3313,2851,7024,1455,5575,1205,5925,4290,2012,5342,2780,3734,847,6234,8206
1	967	8043	32786,32642,24793,32311,32432,32744,1668,2544,3313,2851,7024,1455,5575,1205,5925,4290,2012,5342,2780,3734,847,6234,8206
1	967	29000	32786,32642,24793,32311,32432,32744,1668,2544,3313,2851,7024,1455,5575,1205,5925,4290,2012,5342,2780,3734,847,6234,8206,8043
1	967	6287	32786,32642,24793,32311,32432,32744,1668,2544,3313,2851,7024,1455,5575,1205,5925,4290,2012,5342,2780,3734,847,6234,8206,8043,29000
1	967	8879	32786,32642,24793,32311,32432,32744,1668,2544,3313,2851,7024,1455,5575,1205,5925,4290,2012,5342,2780,3734,847,6234,8206,8043,29000,6287
1	967	8182	32786,32642,24793,32311,32432,32744,1668,2544,3313,2851,7024,1455,5575,1205,5925,4290,2012,5342,2780,3734,847,6234,8206,8043,29000,6287,8879
1	967	6858	32786,32642,24793,32311,32432,32744,1668,2544,3313,2851,7024,1455,5575,1205,5925,4290,2012,5342,2780,3734,847,6234,8206,8043,29000,6287,8879,8182
0	967	6818	32786,32642,24793,32311,32432,32744,1668,2544,3313,2851,7024,1455,5575,1205,5925,4290,2012,5342,2780,3734,847,6234,8206,8043,29000,6287,8879,8182,6858
0	967	9895	32786,32642,24793,32311,32432,32744,1668,2544,3313,2851,7024,1455,5575,1205,5925,4290,2012,5342,2780,3734,847,6234,8206,8043,29000,6287,8879,8182,6858
0	967	8947	32786,32642,24793,32311,32432,32744,1668,2544,3313,2851,7024,1455,5575,1205,5925,4290,2012,5342,2780,3734,847,6234,8206,8043,29000,6287,8879,8182,6858
1	967	11722	32786,32642,24793,32311,32432,32744,1668,2544,3313,2851,7024,1455,5575,1205,5925,4290,2012,5342,2780,3734,847,6234,8206,8043,29000,6287,8879,8182,6858
1	967	12040	32786,32642,24793,32311,32432,32744,1668,2544,3313,2851,7024,1455,5575,1205,5925,4290,2012,5342,2780,3734,847,6234,8206,8043,29000,6287,8879,8182,6858,11722
1	967	8729	32786,32642,24793,32311,32432,32744,1668,2544,3313,2851,7024,1455,5575,1205,5925,4290,2012,5342,2780,3734,847,6234,8206,8043,29000,6287,8879,8182,6858,11722,12040
1	967	8659	32786,32642,24793,32311,32432,32744,1668,2544,3313,2851,7024,1455,5575,1205,5925,4290,2012,5342,2780,3734,847,6234,8206,8043,29000,6287,8879,8182,6858,11722,12040,8729
0	967	10561	32786,32642,24793,32311,32432,32744,1668,2544,3313,2851,7024,1455,5575,1205,5925,4290,2012,5342,2780,3734,847,6234,8206,8043,29000,6287,8879,8182,6858,11722,12040,8729,8659
0	967	11550	32786,32642,24793,32311,32432,32744,1668,2544,3313,2851,7024,1455,5575,1205,5925,4290,2012,5342,2780,3734,847,6234,8206,8043,29000,6287,8879,8182,6858,11722,12040,8729,8659
1	967	9728	32786,32642,24793,32311,32432,32744,1668,2544,3313,2851,7024,1455,5575,1205,5925,4290,2012,5342,2780,3734,847,6234,8206,8043,29000,6287,8879,8182,6858,11722,12040,8729,8659
1	967	6477	32786,32642,24793,32311,32432,32744,1668,2544,3313,2851,7024,1455,5575,1205,5925,4290,2012,5342,2780,3734,847,6234,8206,8043,29000,6287,8879,8182,6858,11722,12040,8729,8659,9728
1	967	13669	32786,32642,24793,32311,32432,32744,1668,2544,3313,2851,7024,1455,5575,1205,5925,4290,2012,5342,2780,3734,847,6234,8206,8043,29000,6287,8879,8182,6858,11722,12040,8729,8659,9728,6477
1	967	14078	32786,32642,24793,32311,32432,32744,1668,2544,3313,2851,7024,1455,5575,1205,5925,4290,2012,5342,2780,3734,847,6234,8206,8043,29000,6287,8879,8182,6858,11722,12040,8729,8659,9728,6477,13669
0	967	13620	32786,32642,24793,32311,32432,32744,1668,2544,3313,2851,7024,1455,5575,1205,5925,4290,2012,5342,2780,3734,847,6234,8206,8043,29000,6287,8879,8182,6858,11722,12040,8729,8659,9728,6477,13669,14078
1	967	9710	32786,32642,24793,32311,32432,32744,1668,2544,3313,2851,7024,1455,5575,1205,5925,4290,2012,5342,2780,3734,847,6234,8206,8043,29000,6287,8879,8182,6858,11722,12040,8729,8659,9728,6477,13669,14078
0	967	31440	32786,32642,24793,32311,32432,32744,1668,2544,3313,2851,7024,1455,5575,1205,5925,4290,2012,5342,2780,3734,847,6234,8206,8043,29000,6287,8879,8182,6858,11722,12040,8729,8659,9728,6477,13669,14078,9710
0	967	16061	32786,32642,24793,32311,32432,32744,1668,2544,3313,2851,7024,1455,5575,1205,5925,4290,2012,5342,2780,3734,847,6234,8206,8043,29000,6287,8879,8182,6858,11722,12040,8729,8659,9728,6477,13669,14078,9710
1	967	31445	32786,32642,24793,32311,32432,32744,1668,2544,3313,2851,7024,1455,5575,1205,5925,4290,2012,5342,2780,3734,847,6234,8206,8043,29000,6287,8879,8182,6858,11722,12040,8729,8659,9728,6477,13669,14078,9710
1	967	15674	32786,32642,24793,32311,32432,32744,1668,2544,3313,2851,7024,1455,5575,1205,5925,4290,2012,5342,2780,3734,847,6234,8206,8043,29000,6287,8879,8182,6858,11722,12040,8729,8659,9728,6477,13669,14078,9710,31445
0	967	14364	32786,32642,24793,32311,32432,32744,1668,2544,3313,2851,7024,1455,5575,1205,5925,4290,2012,5342,2780,3734,847,6234,8206,8043,29000,6287,8879,8182,6858,11722,12040,8729,8659,9728,6477,13669,14078,9710,31445,15674
0	967	17234	32786,32642,24793,32311,32432,32744,1668,2544,3313,2851,7024,1455,5575,1205,5925,4290,2012,5342,2780,3734,847,6234,8206,8043,29000,6287,8879,8182,6858,11722,12040,8729,8659,9728,6477,13669,14078,9710,31445,15674
0	967	14948	32786,32642,24793,32311,32432,32744,1668,2544,3313,2851,7024,1455,5575,1205,5925,4290,2012,5342,2780,3734,847,6234,8206,8043,29000,6287,8879,8182,6858,11722,12040,8729,8659,9728,6477,13669,14078,9710,31445,15674
1	967	16332	32786,32642,24793,32311,32432,32744,1668,2544,3313,2851,7024,1455,5575,1205,5925,4290,2012,5342,2780,3734,847,6234,8206,8043,29000,6287,8879,8182,6858,11722,12040,8729,8659,9728,6477,13669,14078,9710,31445,15674
0	967	16808	32786,32642,24793,32311,32432,32744,1668,2544,3313,2851,7024,1455,5575,1205,5925,4290,2012,5342,2780,3734,847,6234,8206,8043,29000,6287,8879,8182,6858,11722,12040,8729,8659,9728,6477,13669,14078,9710,31445,15674,16332
1	967	17842	32786,32642,24793,32311,32432,32744,1668,2544,3313,2851,7024,1455,5575,1205,5925,4290,2012,5342,2780,3734,847,6234,8206,8043,29000,6287,8879,8182,6858,11722,12040,8729,8659,9728,6477,13669,14078,9710,31445,15674,16332
1	967	17805	32786,32642,24793,32311,32432,32744,1668,2544,3313,2851,7024,1455,5575,1205,5925,4290,2012,5342,2780,3734,847,6234,8206,8043,29000,6287,8879,8182,6858,11722,12040,8729,8659,9728,6477,13669,14078,9710,31445,15674,16332,17842
1	967	18155	32786,32642,24793,32311,32432,32744,1668,2544,3313,2851,7024,1455,5575,1205,5925,4290,2012,5342,2780,3734,847,6234,8206,8043,29000,6287,8879,8182,6858,11722,12040,8729,8659,9728,6477,13669,14078,9710,31445,15674,16332,17842,17805
1	967	18622	32786,32642,24793,32311,32432,32744,1668,2544,3313,2851,7024,1455,5575,1205,5925,4290,2012,5342,2780,3734,847,6234,8206,8043,29000,6287,8879,8182,6858,11722,12040,8729,8659,9728,6477,13669,14078,9710,31445,15674,16332,17842,17805,18155
1	967	18943	32786,32642,24793,32311,32432,32744,1668,2544,3313,2851,7024,1455,5575,1205,5925,4290,2012,5342,2780,3734,847,6234,8206,8043,29000,6287,8879,8182,6858,11722,12040,8729,8659,9728,6477,13669,14078,9710,31445,15674,16332,17842,17805,18155,18622
1	967	18937	32786,32642,24793,32311,32432,32744,1668,2544,3313,2851,7024,1455,5575,1205,5925,4290,2012,5342,2780,3734,847,6234,8206,8043,29000,6287,8879,8182,6858,11722,12040,8729,8659,9728,6477,13669,14078,9710,31445,15674,16332,17842,17805,18155,18622,18943
1	967	13618	32786,32642,24793,32311,32432,32744,1668,2544,3313,2851,7024,1455,5575,1205,5925,4290,2012,5342,2780,3734,847,6234,8206,8043,29000,6287,8879,8182,6858,11722,12040,8729,8659,9728,6477,13669,14078,9710,31445,15674,16332,17842,17805,18155,18622,18943,18937
1	967	31545	32786,32642,24793,32311,32432,32744,1668,2544,3313,2851,7024,1455,5575,1205,5925,4290,2012,5342,2780,3734,847,6234,8206,8043,29000,6287,8879,8182,6858,11722,12040,8729,8659,9728,6477,13669,14078,9710,31445,15674,16332,17842,17805,18155,18622,18943,18937,13618
1	967	13792	32786,32642,24793,32311,32432,32744,1668,2544,3313,2851,7024,1455,5575,1205,5925,4290,2012,5342,2780,3734,847,6234,8206,8043,29000,6287,8879,8182,6858,11722,12040,8729,8659,9728,6477,13669,14078,9710,31445,15674,16332,17842,17805,18155,18622,18943,18937,13618,31545
0	967	19176	32786,32642,24793,32311,32432,32744,1668,2544,3313,2851,7024,1455,5575,1205,5925,4290,2012,5342,2780,3734,847,6234,8206,8043,29000,6287,8879,8182,6858,11722,12040,8729,8659,9728,6477,13669,14078,9710,31445,15674,16332,17842,17805,18155,18622,18943,18937,13618,31545,13792
0	967	19268	32786,32642,24793,32311,32432,32744,1668,2544,3313,2851,7024,1455,5575,1205,5925,4290,2012,5342,2780,3734,847,6234,8206,8043,29000,6287,8879,8182,6858,11722,12040,8729,8659,9728,6477,13669,14078,9710,31445,15674,16332,17842,17805,18155,18622,18943,18937,13618,31545,13792
0	967	20113	32786,32642,24793,32311,32432,32744,1668,2544,3313,2851,7024,1455,5575,1205,5925,4290,2012,5342,2780,3734,847,6234,8206,8043,29000,6287,8879,8182,6858,11722,12040,8729,8659,9728,6477,13669,14078,9710,31445,15674,16332,17842,17805,18155,18622,18943,18937,13618,31545,13792
1	967	1510	32786,32642,24793,32311,32432,32744,1668,2544,3313,2851,7024,1455,5575,1205,5925,4290,2012,5342,2780,3734,847,6234,8206,8043,29000,6287,8879,8182,6858,11722,12040,8729,8659,9728,6477,13669,14078,9710,31445,15674,16332,17842,17805,18155,18622,18943,18937,13618,31545,13792
0	967	19238	32786,32642,24793,32311,32432,32744,1668,2544,3313,2851,7024,1455,5575,1205,5925,4290,2012,5342,2780,3734,847,6234,8206,8043,29000,6287,8879,8182,6858,11722,12040,8729,8659,9728,6477,13669,14078,9710,31445,15674,16332,17842,17805,18155,18622,18943,18937,13618,31545,13792,1510
1	967	20069	32786,32642,24793,32311,32432,32744,1668,2544,3313,2851,7024,1455,5575,1205,5925,4290,2012,5342,2780,3734,847,6234,8206,8043,29000,6287,8879,8182,6858,11722,12040,8729,8659,9728,6477,13669,14078,9710,31445,15674,16332,17842,17805,18155,18622,18943,18937,13618,31545,13792,1510
1	967	20835	32786,32642,24793,32311,32432,32744,1668,2544,3313,2851,7024,1455,5575,1205,5925,4290,2012,5342,2780,3734,847,6234,8206,8043,29000,6287,8879,8182,6858,11722,12040,8729,8659,9728,6477,13669,14078,9710,31445,15674,16332,17842,17805,18155,18622,18943,18937,13618,31545,13792,1510,20069
0	967	20531	32786,32642,24793,32311,32432,32744,1668,2544,3313,2851,7024,1455,5575,1205,5925,4290,2012,5342,2780,3734,847,6234,8206,8043,29000,6287,8879,8182,6858,11722,12040,8729,8659,9728,6477,13669,14078,9710,31445,15674,16332,17842,17805,18155,18622,18943,18937,13618,31545,13792,1510,20069,20835
1	967	20825	32786,32642,24793,32311,32432,32744,1668,2544,3313,2851,7024,1455,5575,1205,5925,4290,2012,5342,2780,3734,847,6234,8206,8043,29000,6287,8879,8182,6858,11722,12040,8729,8659,9728,6477,13669,14078,9710,31445,15674,16332,17842,17805,18155,18622,18943,18937,13618,31545,13792,1510,20069,20835
0	967	21063	32786,32642,24793,32311,32432,32744,1668,2544,3313,2851,7024,1455,5575,1205,5925,4290,2012,5342,2780,3734,847,6234,8206,8043,29000,6287,8879,8182,6858,11722,12040,8729,8659,9728,6477,13669,14078,9710,31445,15674,16332,17842,17805,18155,18622,18943,18937,13618,31545,13792,1510,20069,20835,20825
1	967	21927	32786,32642,24793,32311,32432,32744,1668,2544,3313,2851,7024,1455,5575,1205,5925,4290,2012,5342,2780,3734,847,6234,8206,8043,29000,6287,8879,8182,6858,11722,12040,8729,8659,9728,6477,13669,14078,9710,31445,15674,16332,17842,17805,18155,18622,18943,18937,13618,31545,13792,1510,20069,20835,20825
0	967	21957	32786,32642,24793,32311,32432,32744,1668,2544,3313,2851,7024,1455,5575,1205,5925,4290,2012,5342,2780,3734,847,6234,8206,8043,29000,6287,8879,8182,6858,11722,12040,8729,8659,9728,6477,13669,14078,9710,31445,15674,16332,17842,17805,18155,18622,18943,18937,13618,31545,13792,1510,20069,20835,20825,21927
0	967	11855	32786,32642,24793,32311,32432,32744,1668,2544,3313,2851,7024,1455,5575,1205,5925,4290,2012,5342,2780,3734,847,6234,8206,8043,29000,6287,8879,8182,6858,11722,12040,8729,8659,9728,6477,13669,14078,9710,31445,15674,16332,17842,17805,18155,18622,18943,18937,13618,31545,13792,1510,20069,20835,20825,21927
1	967	19336	32786,32642,24793,32311,32432,32744,1668,2544,3313,2851,7024,1455,5575,1205,5925,4290,2012,5342,2780,3734,847,6234,8206,8043,29000,6287,8879,8182,6858,11722,12040,8729,8659,9728,6477,13669,14078,9710,31445,15674,16332,17842,17805,18155,18622,18943,18937,13618,31545,13792,1510,20069,20835,20825,21927
0	967	22108	32786,32642,24793,32311,32432,32744,1668,2544,3313,2851,7024,1455,5575,1205,5925,4290,2012,5342,2780,3734,847,6234,8206,8043,29000,6287,8879,8182,6858,11722,12040,8729,8659,9728,6477,13669,14078,9710,31445,15674,16332,17842,17805,18155,18622,18943,18937,13618,31545,13792,1510,20069,20835,20825,21927,19336
0	967	22101	32786,32642,24793,32311,32432,32744,1668,2544,3313,2851,7024,1455,5575,1205,5925,4290,2012,5342,2780,3734,847,6234,8206,8043,29000,6287,8879,8182,6858,11722,12040,8729,8659,9728,6477,13669,14078,9710,31445,15674,16332,17842,17805,18155,18622,18943,18937,13618,31545,13792,1510,20069,20835,20825,21927,19336
0	967	22581	32786,32642,24793,32311,32432,32744,1668,2544,3313,2851,7024,1455,5575,1205,5925,4290,2012,5342,2780,3734,847,6234,8206,8043,29000,6287,8879,8182,6858,11722,12040,8729,8659,9728,6477,13669,14078,9710,31445,15674,16332,17842,17805,18155,18622,18943,18937,13618,31545,13792,1510,20069,20835,20825,21927,19336
0	967	17675	32786,32642,24793,32311,32432,32744,1668,2544,3313,2851,7024,1455,5575,1205,5925,4290,2012,5342,2780,3734,847,6234,8206,8043,29000,6287,8879,8182,6858,11722,12040,8729,8659,9728,6477,13669,14078,9710,31445,15674,16332,17842,17805,18155,18622,18943,18937,13618,31545,13792,1510,20069,20835,20825,21927,19336
1	967	23451	32786,32642,24793,32311,32432,32744,1668,2544,3313,2851,7024,1455,5575,1205,5925,4290,2012,5342,2780,3734,847,6234,8206,8043,29000,6287,8879,8182,6858,11722,12040,8729,8659,9728,6477,13669,14078,9710,31445,15674,16332,17842,17805,18155,18622,18943,18937,13618,31545,13792,1510,20069,20835,20825,21927,19336
0	967	22816	32786,32642,24793,32311,32432,32744,1668,2544,3313,2851,7024,1455,5575,1205,5925,4290,2012,5342,2780,3734,847,6234,8206,8043,29000,6287,8879,8182,6858,11722,12040,8729,8659,9728,6477,13669,14078,9710,31445,15674,16332,17842,17805,18155,18622,18943,18937,13618,31545,13792,1510,20069,20835,20825,21927,19336,23451
0	967	23490	32786,32642,24793,32311,32432,32744,1668,2544,3313,2851,7024,1455,5575,1205,5925,4290,2012,5342,2780,3734,847,6234,8206,8043,29000,6287,8879,8182,6858,11722,12040,8729,8659,9728,6477,13669,14078,9710,31445,15674,16332,17842,17805,18155,18622,18943,18937,13618,31545,13792,1510,20069,20835,20825,21927,19336,23451
0	967	23159	32786,32642,24793,32311,32432,32744,1668,2544,3313,2851,7024,1455,5575,1205,5925,4290,2012,5342,2780,3734,847,6234,8206,8043,29000,6287,8879,8182,6858,11722,12040,8729,8659,9728,6477,13669,14078,9710,31445,15674,16332,17842,17805,18155,18622,18943,18937,13618,31545,13792,1510,20069,20835,20825,21927,19336,23451
0	967	24181	32786,32642,24793,32311,32432,32744,1668,2544,3313,2851,7024,1455,5575,1205,5925,4290,2012,5342,2780,3734,847,6234,8206,8043,29000,6287,8879,8182,6858,11722,12040,8729,8659,9728,6477,13669,14078,9710,31445,15674,16332,17842,17805,18155,18622,18943,18937,13618,31545,13792,1510,20069,20835,20825,21927,19336,23451
0	967	19881	32786,32642,24793,32311,32432,32744,1668,2544,3313,2851,7024,1455,5575,1205,5925,4290,2012,5342,2780,3734,847,6234,8206,8043,29000,6287,8879,8182,6858,11722,12040,8729,8659,9728,6477,13669,14078,9710,31445,15674,16332,17842,17805,18155,18622,18943,18937,13618,31545,13792,1510,20069,20835,20825,21927,19336,23451
1	967	20397	32786,32642,24793,32311,32432,32744,1668,2544,3313,2851,7024,1455,5575,1205,5925,4290,2012,5342,2780,3734,847,6234,8206,8043,29000,6287,8879,8182,6858,11722,12040,8729,8659,9728,6477,13669,14078,9710,31445,15674,16332,17842,17805,18155,18622,18943,18937,13618,31545,13792,1510,20069,20835,20825,21927,19336,23451
1	967	20291	32786,32642,24793,32311,32432,32744,1668,2544,3313,2851,7024,1455,5575,1205,5925,4290,2012,5342,2780,3734,847,6234,8206,8043,29000,6287,8879,8182,6858,11722,12040,8729,8659,9728,6477,13669,14078,9710,31445,15674,16332,17842,17805,18155,18622,18943,18937,13618,31545,13792,1510,20069,20835,20825,21927,19336,23451,20397
0	967	22591	32786,32642,24793,32311,32432,32744,1668,2544,3313,2851,7024,1455,5575,1205,5925,4290,2012,5342,2780,3734,847,6234,8206,8043,29000,6287,8879,8182,6858,11722,12040,8729,8659,9728,6477,13669,14078,9710,31445,15674,16332,17842,17805,18155,18622,18943,18937,13618,31545,13792,1510,20069,20835,20825,21927,19336,23451,20397,20291
1	967	24549	32786,32642,24793,32311,32432,32744,1668,2544,3313,2851,7024,1455,5575,1205,5925,4290,2012,5342,2780,3734,847,6234,8206,8043,29000,6287,8879,8182,6858,11722,12040,8729,8659,9728,6477,13669,14078,9710,31445,15674,16332,17842,17805,18155,18622,18943,18937,13618,31545,13792,1510,20069,20835,20825,21927,19336,23451,20397,20291
0	967	20954	32786,32642,24793,32311,32432,32744,1668,2544,3313,2851,7024,1455,5575,1205,5925,4290,2012,5342,2780,3734,847,6234,8206,8043,29000,6287,8879,8182,6858,11722,12040,8729,8659,9728,6477,13669,14078,9710,31445,15674,16332,17842,17805,18155,18622,18943,18937,13618,31545,13792,1510,20069,20835,20825,21927,19336,23451,20397,20291,24549
1	967	24599	32786,32642,24793,32311,32432,32744,1668,2544,3313,2851,7024,1455,5575,1205,5925,4290,2012,5342,2780,3734,847,6234,8206,8043,29000,6287,8879,8182,6858,11722,12040,8729,8659,9728,6477,13669,14078,9710,31445,15674,16332,17842,17805,18155,18622,18943,18937,13618,31545,13792,1510,20069,20835,20825,21927,19336,23451,20397,20291,24549
1	967	23453	32786,32642,24793,32311,32432,32744,1668,2544,3313,2851,7024,1455,5575,1205,5925,4290,2012,5342,2780,3734,847,6234,8206,8043,29000,6287,8879,8182,6858,11722,12040,8729,8659,9728,6477,13669,14078,9710,31445,15674,16332,17842,17805,18155,18622,18943,18937,13618,31545,13792,1510,20069,20835,20825,21927,19336,23451,20397,20291,24549,24599
0	967	25020	32786,32642,24793,32311,32432,32744,1668,2544,3313,2851,7024,1455,5575,1205,5925,4290,2012,5342,2780,3734,847,6234,8206,8043,29000,6287,8879,8182,6858,11722,12040,8729,8659,9728,6477,13669,14078,9710,31445,15674,16332,17842,17805,18155,18622,18943,18937,13618,31545,13792,1510,20069,20835,20825,21927,19336,23451,20397,20291,24549,24599,23453
0	967	24250	32786,32642,24793,32311,32432,32744,1668,2544,3313,2851,7024,1455,5575,1205,5925,4290,2012,5342,2780,3734,847,6234,8206,8043,29000,6287,8879,8182,6858,11722,12040,8729,8659,9728,6477,13669,14078,9710,31445,15674,16332,17842,17805,18155,18622,18943,18937,13618,31545,13792,1510,20069,20835,20825,21927,19336,23451,20397,20291,24549,24599,23453
0	967	24215	32786,32642,24793,32311,32432,32744,1668,2544,3313,2851,7024,1455,5575,1205,5925,4290,2012,5342,2780,3734,847,6234,8206,8043,29000,6287,8879,8182,6858,11722,12040,8729,8659,9728,6477,13669,14078,9710,31445,15674,16332,17842,17805,18155,18622,18943,18937,13618,31545,13792,1510,20069,20835,20825,21927,19336,23451,20397,20291,24549,24599,23453
1	967	23450	32786,32642,24793,32311,32432,32744,1668,2544,3313,2851,7024,1455,5575,1205,5925,4290,2012,5342,2780,3734,847,6234,8206,8043,29000,6287,8879,8182,6858,11722,12040,8729,8659,9728,6477,13669,14078,9710,31445,15674,16332,17842,17805,18155,18622,18943,18937,13618,31545,13792,1510,20069,20835,20825,21927,19336,23451,20397,20291,24549,24599,23453
1	967	24929	32786,32642,24793,32311,32432,32744,1668,2544,3313,2851,7024,1455,5575,1205,5925,4290,2012,5342,2780,3734,847,6234,8206,8043,29000,6287,8879,8182,6858,11722,12040,8729,8659,9728,6477,13669,14078,9710,31445,15674,16332,17842,17805,18155,18622,18943,18937,13618,31545,13792,1510,20069,20835,20825,21927,19336,23451,20397,20291,24549,24599,23453,23450
1	967	23449	32786,32642,24793,32311,32432,32744,1668,2544,3313,2851,7024,1455,5575,1205,5925,4290,2012,5342,2780,3734,847,6234,8206,8043,29000,6287,8879,8182,6858,11722,12040,8729,8659,9728,6477,13669,14078,9710,31445,15674,16332,17842,17805,18155,18622,18943,18937,13618,31545,13792,1510,20069,20835,20825,21927,19336,23451,20397,20291,24549,24599,23453,23450,24929
1	967	11522	32786,32642,24793,32311,32432,32744,1668,2544,3313,2851,7024,1455,5575,1205,5925,4290,2012,5342,2780,3734,847,6234,8206,8043,29000,6287,8879,8182,6858,11722,12040,8729,8659,9728,6477,13669,14078,9710,31445,15674,16332,17842,17805,18155,18622,18943,18937,13618,31545,13792,1510,20069,20835,20825,21927,19336,23451,20397,20291,24549,24599,23453,23450,24929,23449
0	967	26759	32786,32642,24793,32311,32432,32744,1668,2544,3313,2851,7024,1455,5575,1205,5925,4290,2012,5342,2780,3734,847,6234,8206,8043,29000,6287,8879,8182,6858,11722,12040,8729,8659,9728,6477,13669,14078,9710,31445,15674,16332,17842,17805,18155,18622,18943,18937,13618,31545,13792,1510,20069,20835,20825,21927,19336,23451,20397,20291,24549,24599,23453,23450,24929,23449,11522
0	967	25802	32786,32642,24793,32311,32432,32744,1668,2544,3313,2851,7024,1455,5575,1205,5925,4290,2012,5342,2780,3734,847,6234,8206,8043,29000,6287,8879,8182,6858,11722,12040,8729,8659,9728,6477,13669,14078,9710,31445,15674,16332,17842,17805,18155,18622,18943,18937,13618,31545,13792,1510,20069,20835,20825,21927,19336,23451,20397,20291,24549,24599,23453,23450,24929,23449,11522
0	967	23760	32786,32642,24793,32311,32432,32744,1668,2544,3313,2851,7024,1455,5575,1205,5925,4290,2012,5342,2780,3734,847,6234,8206,8043,29000,6287,8879,8182,6858,11722,12040,8729,8659,9728,6477,13669,14078,9710,31445,15674,16332,17842,17805,18155,18622,18943,18937,13618,31545,13792,1510,20069,20835,20825,21927,19336,23451,20397,20291,24549,24599,23453,23450,24929,23449,11522
1	967	24846	32786,32642,24793,32311,32432,32744,1668,2544,3313,2851,7024,1455,5575,1205,5925,4290,2012,5342,2780,3734,847,6234,8206,8043,29000,6287,8879,8182,6858,11722,12040,8729,8659,9728,6477,13669,14078,9710,31445,15674,16332,17842,17805,18155,18622,18943,18937,13618,31545,13792,1510,20069,20835,20825,21927,19336,23451,20397,20291,24549,24599,23453,23450,24929,23449,11522
1	967	23452	32786,32642,24793,32311,32432,32744,1668,2544,3313,2851,7024,1455,5575,1205,5925,4290,2012,5342,2780,3734,847,6234,8206,8043,29000,6287,8879,8182,6858,11722,12040,8729,8659,9728,6477,13669,14078,9710,31445,15674,16332,17842,17805,18155,18622,18943,18937,13618,31545,13792,1510,20069,20835,20825,21927,19336,23451,20397,20291,24549,24599,23453,23450,24929,23449,11522,24846
0	967	25659	32786,32642,24793,32311,32432,32744,1668,2544,3313,2851,7024,1455,5575,1205,5925,4290,2012,5342,2780,3734,847,6234,8206,8043,29000,6287,8879,8182,6858,11722,12040,8729,8659,9728,6477,13669,14078,9710,31445,15674,16332,17842,17805,18155,18622,18943,18937,13618,31545,13792,1510,20069,20835,20825,21927,19336,23451,20397,20291,24549,24599,23453,23450,24929,23449,11522,24846,23452
0	967	25658	32786,32642,24793,32311,32432,32744,1668,2544,3313,2851,7024,1455,5575,1205,5925,4290,2012,5342,2780,3734,847,6234,8206,8043,29000,6287,8879,8182,6858,11722,12040,8729,8659,9728,6477,13669,14078,9710,31445,15674,16332,17842,17805,18155,18622,18943,18937,13618,31545,13792,1510,20069,20835,20825,21927,19336,23451,20397,20291,24549,24599,23453,23450,24929,23449,11522,24846,23452
1	967	26747	32786,32642,24793,32311,32432,32744,1668,2544,3313,2851,7024,1455,5575,1205,5925,4290,2012,5342,2780,3734,847,6234,8206,8043,29000,6287,8879,8182,6858,11722,12040,8729,8659,9728,6477,13669,14078,9710,31445,15674,16332,17842,17805,18155,18622,18943,18937,13618,31545,13792,1510,20069,20835,20825,21927,19336,23451,20397,20291,24549,24599,23453,23450,24929,23449,11522,24846,23452
0	967	27393	32786,32642,24793,32311,32432,32744,1668,2544,3313,2851,7024,1455,5575,1205,5925,4290,2012,5342,2780,3734,847,6234,8206,8043,29000,6287,8879,8182,6858,11722,12040,8729,8659,9728,6477,13669,14078,9710,31445,15674,16332,17842,17805,18155,18622,18943,18937,13618,31545,13792,1510,20069,20835,20825,21927,19336,23451,20397,20291,24549,24599,23453,23450,24929,23449,11522,24846,23452,26747
1	967	26764	32786,32642,24793,32311,32432,32744,1668,2544,3313,2851,7024,1455,5575,1205,5925,4290,2012,5342,2780,3734,847,6234,8206,8043,29000,6287,8879,8182,6858,11722,12040,8729,8659,9728,6477,13669,14078,9710,31445,15674,16332,17842,17805,18155,18622,18943,18937,13618,31545,13792,1510,20069,20835,20825,21927,19336,23451,20397,20291,24549,24599,23453,23450,24929,23449,11522,24846,23452,26747
0	967	24048	32786,32642,24793,32311,32432,32744,1668,2544,3313,2851,7024,1455,5575,1205,5925,4290,2012,5342,2780,3734,847,6234,8206,8043,29000,6287,8879,8182,6858,11722,12040,8729,8659,9728,6477,13669,14078,9710,31445,15674,16332,17842,17805,18155,18622,18943,18937,13618,31545,13792,1510,20069,20835,20825,21927,19336,23451,20397,20291,24549,24599,23453,23450,24929,23449,11522,24846,23452,26747,26764
1	967	27999	32786,32642,24793,32311,32432,32744,1668,2544,3313,2851,7024,1455,5575,1205,5925,4290,2012,5342,2780,3734,847,6234,8206,8043,29000,6287,8879,8182,6858,11722,12040,8729,8659,9728,6477,13669,14078,9710,31445,15674,16332,17842,17805,18155,18622,18943,18937,13618,31545,13792,1510,20069,20835,20825,21927,19336,23451,20397,20291,24549,24599,23453,23450,24929,23449,11522,24846,23452,26747,26764
1	967	28225	32786,32642,24793,32311,32432,32744,1668,2544,3313,2851,7024,1455,5575,1205,5925,4290,2012,5342,2780,3734,847,6234,8206,8043,29000,6287,8879,8182,6858,11722,12040,8729,8659,9728,6477,13669,14078,9710,31445,15674,16332,17842,17805,18155,18622,18943,18937,13618,31545,13792,1510,20069,20835,20825,21927,19336,23451,20397,20291,24549,24599,23453,23450,24929,23449,11522,24846,23452,26747,26764,27999
0	967	5649	32786,32642,24793,32311,32432,32744,1668,2544,3313,2851,7024,1455,5575,1205,5925,4290,2012,5342,2780,3734,847,6234,8206,8043,29000,6287,8879,8182,6858,11722,12040,8729,8659,9728,6477,13669,14078,9710,31445,15674,16332,17842,17805,18155,18622,18943,18937,13618,31545,13792,1510,20069,20835,20825,21927,19336,23451,20397,20291,24549,24599,23453,23450,24929,23449,11522,24846,23452,26747,26764,27999,28225
0	967	31669	32786,32642,24793,32311,32432,32744,1668,2544,3313,2851,7024,1455,5575,1205,5925,4290,2012,5342,2780,3734,847,6234,8206,8043,29000,6287,8879,8182,6858,11722,12040,8729,8659,9728,6477,13669,14078,9710,31445,15674,16332,17842,17805,18155,18622,18943,18937,13618,31545,13792,1510,20069,20835,20825,21927,19336,23451,20397,20291,24549,24599,23453,23450,24929,23449,11522,24846,23452,26747,26764,27999,28225
0	967	28115	32786,32642,24793,32311,32432,32744,1668,2544,3313,2851,7024,1455,5575,1205,5925,4290,2012,5342,2780,3734,847,6234,8206,8043,29000,6287,8879,8182,6858,11722,12040,8729,8659,9728,6477,13669,14078,9710,31445,15674,16332,17842,17805,18155,18622,18943,18937,13618,31545,13792,1510,20069,20835,20825,21927,19336,23451,20397,20291,24549,24599,23453,23450,24929,23449,11522,24846,23452,26747,26764,27999,28225
0	967	26516	32786,32642,24793,32311,32432,32744,1668,2544,3313,2851,7024,1455,5575,1205,5925,4290,2012,5342,2780,3734,847,6234,8206,8043,29000,6287,8879,8182,6858,11722,12040,8729,8659,9728,6477,13669,14078,9710,31445,15674,16332,17842,17805,18155,18622,18943,18937,13618,31545,13792,1510,20069,20835,20825,21927,19336,23451,20397,20291,24549,24599,23453,23450,24929,23449,11522,24846,23452,26747,26764,27999,28225
1	967	27173	32786,32642,24793,32311,32432,32744,1668,2544,3313,2851,7024,1455,5575,1205,5925,4290,2012,5342,2780,3734,847,6234,8206,8043,29000,6287,8879,8182,6858,11722,12040,8729,8659,9728,6477,13669,14078,9710,31445,15674,16332,17842,17805,18155,18622,18943,18937,13618,31545,13792,1510,20069,20835,20825,21927,19336,23451,20397,20291,24549,24599,23453,23450,24929,23449,11522,24846,23452,26747,26764,27999,28225
0	967	28937	32786,32642,24793,32311,32432,32744,1668,2544,3313,2851,7024,1455,5575,1205,5925,4290,2012,5342,2780,3734,847,6234,8206,8043,29000,6287,8879,8182,6858,11722,12040,8729,8659,9728,6477,13669,14078,9710,31445,15674,16332,17842,17805,18155,18622,18943,18937,13618,31545,13792,1510,20069,20835,20825,21927,19336,23451,20397,20291,24549,24599,23453,23450,24929,23449,11522,24846,23452,26747,26764,27999,28225,27173
0	967	28872	32786,32642,24793,32311,32432,32744,1668,2544,3313,2851,7024,1455,5575,1205,5925,4290,2012,5342,2780,3734,847,6234,8206,8043,29000,6287,8879,8182,6858,11722,12040,8729,8659,9728,6477,13669,14078,9710,31445,15674,16332,17842,17805,18155,18622,18943,18937,13618,31545,13792,1510,20069,20835,20825,21927,19336,23451,20397,20291,24549,24599,23453,23450,24929,23449,11522,24846,23452,26747,26764,27999,28225,27173
0	967	3706	32786,32642,24793,32311,32432,32744,1668,2544,3313,2851,7024,1455,5575,1205,5925,4290,2012,5342,2780,3734,847,6234,8206,8043,29000,6287,8879,8182,6858,11722,12040,8729,8659,9728,6477,13669,14078,9710,31445,15674,16332,17842,17805,18155,18622,18943,18937,13618,31545,13792,1510,20069,20835,20825,21927,19336,23451,20397,20291,24549,24599,23453,23450,24929,23449,11522,24846,23452,26747,26764,27999,28225,27173
1	967	29260	32786,32642,24793,32311,32432,32744,1668,2544,3313,2851,7024,1455,5575,1205,5925,4290,2012,5342,2780,3734,847,6234,8206,8043,29000,6287,8879,8182,6858,11722,12040,8729,8659,9728,6477,13669,14078,9710,31445,15674,16332,17842,17805,18155,18622,18943,18937,13618,31545,13792,1510,20069,20835,20825,21927,19336,23451,20397,20291,24549,24599,23453,23450,24929,23449,11522,24846,23452,26747,26764,27999,28225,27173
1	967	29494	32786,32642,24793,32311,32432,32744,1668,2544,3313,2851,7024,1455,5575,1205,5925,4290,2012,5342,2780,3734,847,6234,8206,8043,29000,6287,8879,8182,6858,11722,12040,8729,8659,9728,6477,13669,14078,9710,31445,15674,16332,17842,17805,18155,18622,18943,18937,13618,31545,13792,1510,20069,20835,20825,21927,19336,23451,20397,20291,24549,24599,23453,23450,24929,23449,11522,24846,23452,26747,26764,27999,28225,27173,29260
0	967	29245	32786,32642,24793,32311,32432,32744,1668,2544,3313,2851,7024,1455,5575,1205,5925,4290,2012,5342,2780,3734,847,6234,8206,8043,29000,6287,8879,8182,6858,11722,12040,8729,8659,9728,6477,13669,14078,9710,31445,15674,16332,17842,17805,18155,18622,18943,18937,13618,31545,13792,1510,20069,20835,20825,21927,19336,23451,20397,20291,24549,24599,23453,23450,24929,23449,11522,24846,23452,26747,26764,27999,28225,27173,29260,29494
0	967	29275	32786,32642,24793,32311,32432,32744,1668,2544,3313,2851,7024,1455,5575,1205,5925,4290,2012,5342,2780,3734,847,6234,8206,8043,29000,6287,8879,8182,6858,11722,12040,8729,8659,9728,6477,13669,14078,9710,31445,15674,16332,17842,17805,18155,18622,18943,18937,13618,31545,13792,1510,20069,20835,20825,21927,19336,23451,20397,20291,24549,24599,23453,23450,24929,23449,11522,24846,23452,26747,26764,27999,28225,27173,29260,29494
