1	564	25657	0
1	564	32085	25657
0	564	12566	25657,32085
1	564	1440	25657,32085
1	564	5171	25657,32085,1440
1	564	5975	25657,32085,1440,5171
1	564	6087	25657,32085,1440,5171,5975
1	564	5133	25657,32085,1440,5171,5975,6087
1	564	5930	25657,32085,1440,5171,5975,6087,5133
1	564	445	25657,32085,1440,5171,5975,6087,5133,5930
1	564	796	25657,32085,1440,5171,5975,6087,5133,5930,445
1	564	4702	25657,32085,1440,5171,5975,6087,5133,5930,445,796
1	564	4810	25657,32085,1440,5171,5975,6087,5133,5930,445,796,4702
1	564	13181	25657,32085,1440,5171,5975,6087,5133,5930,445,796,4702,4810
0	564	3139	25657,32085,1440,5171,5975,6087,5133,5930,445,796,4702,4810,13181
1	564	31677	25657,32085,1440,5171,5975,6087,5133,5930,445,796,4702,4810,13181
1	564	7549	25657,32085,1440,5171,5975,6087,5133,5930,445,796,4702,4810,13181,31677
0	564	8914	25657,32085,1440,5171,5975,6087,5133,5930,445,796,4702,4810,13181,31677,7549
1	564	1944	25657,32085,1440,5171,5975,6087,5133,5930,445,796,4702,4810,13181,31677,7549
1	564	5912	25657,32085,1440,5171,5975,6087,5133,5930,445,796,4702,4810,13181,31677,7549,1944
1	564	2691	25657,32085,1440,5171,5975,6087,5133,5930,445,796,4702,4810,13181,31677,7549,1944,5912
1	564	2867	25657,32085,1440,5171,5975,6087,5133,5930,445,796,4702,4810,13181,31677,7549,1944,5912,2691
0	564	678	25657,32085,1440,5171,5975,6087,5133,5930,445,796,4702,4810,13181,31677,7549,1944,5912,2691,2867
1	564	14108	25657,32085,1440,5171,5975,6087,5133,5930,445,796,4702,4810,13181,31677,7549,1944,5912,2691,2867
0	564	4173	25657,32085,1440,5171,5975,6087,5133,5930,445,796,4702,4810,13181,31677,7549,1944,5912,2691,2867,14108
1	564	9957	25657,32085,1440,5171,5975,6087,5133,5930,445,796,4702,4810,13181,31677,7549,1944,5912,2691,2867,14108
1	564	10167	25657,32085,1440,5171,5975,6087,5133,5930,445,796,4702,4810,13181,31677,7549,1944,5912,2691,2867,14108,9957
1	564	4364	25657,32085,1440,5171,5975,6087,5133,5930,445,796,4702,4810,13181,31677,7549,1944,5912,2691,2867,14108,9957,10167
1	564	2191	25657,32085,1440,5171,5975,6087,5133,5930,445,796,4702,4810,13181,31677,7549,1944,5912,2691,2867,14108,9957,10167,4364
0	564	203	25657,32085,1440,5171,5975,6087,5133,5930,445,796,4702,4810,13181,31677,7549,1944,5912,2691,2867,14108,9957,10167,4364,2191
1	564	3298	25657,32085,1440,5171,5975,6087,5133,5930,445,796,4702,4810,13181,31677,7549,1944,5912,2691,2867,14108,9957,10167,4364,2191
1	564	8348	25657,32085,1440,5171,5975,6087,5133,5930,445,796,4702,4810,13181,31677,7549,1944,5912,2691,2867,14108,9957,10167,4364,2191,3298
1	564	6113	25657,32085,1440,5171,5975,6087,5133,5930,445,796,4702,4810,13181,31677,7549,1944,5912,2691,2867,14108,9957,10167,4364,2191,3298,8348
1	564	10064	25657,32085,1440,5171,5975,6087,5133,5930,445,796,4702,4810,13181,31677,7549,1944,5912,2691,2867,14108,9957,10167,4364,2191,3298,8348,6113
0	564	1978	25657,32085,1440,5171,5975,6087,5133,5930,445,796,4702,4810,13181,31677,7549,1944,5912,2691,2867,14108,9957,10167,4364,2191,3298,8348,6113,10064
0	564	6991	25657,32085,1440,5171,5975,6087,5133,5930,445,796,4702,4810,13181,31677,7549,1944,5912,2691,2867,14108,9957,10167,4364,2191,3298,8348,6113,10064
1	564	8537	25657,32085,1440,5171,5975,6087,5133,5930,445,796,4702,4810,13181,31677,7549,1944,5912,2691,2867,14108,9957,10167,4364,2191,3298,8348,6113,10064
0	564	5714	25657,32085,1440,5171,5975,6087,5133,5930,445,796,4702,4810,13181,31677,7549,1944,5912,2691,2867,14108,9957,10167,4364,2191,3298,8348,6113,10064,8537
1	564	10532	25657,32085,1440,5171,5975,6087,5133,5930,445,796,4702,4810,13181,31677,7549,1944,5912,2691,2867,14108,9957,10167,4364,2191,3298,8348,6113,10064,8537
1	564	10843	25657,32085,1440,5171,5975,6087,5133,5930,445,796,4702,4810,13181,31677,7549,1944,5912,2691,2867,14108,9957,10167,4364,2191,3298,8348,6113,10064,8537,10532
1	564	8398	25657,32085,1440,5171,5975,6087,5133,5930,445,796,4702,4810,13181,31677,7549,1944,5912,2691,2867,14108,9957,10167,4364,2191,3298,8348,6113,10064,8537,10532,10843
1	564	3672	25657,32085,1440,5171,5975,6087,5133,5930,445,796,4702,4810,13181,31677,7549,1944,5912,2691,2867,14108,9957,10167,4364,2191,3298,8348,6113,10064,8537,10532,10843,8398
0	564	12628	25657,32085,1440,5171,5975,6087,5133,5930,445,796,4702,4810,13181,31677,7549,1944,5912,2691,2867,14108,9957,10167,4364,2191,3298,8348,6113,10064,8537,10532,10843,8398,3672
1	564	10123	25657,32085,1440,5171,5975,6087,5133,5930,445,796,4702,4810,13181,31677,7549,1944,5912,2691,2867,14108,9957,10167,4364,2191,3298,8348,6113,10064,8537,10532,10843,8398,3672
1	564	11102	25657,32085,1440,5171,5975,6087,5133,5930,445,796,4702,4810,13181,31677,7549,1944,5912,2691,2867,14108,9957,10167,4364,2191,3298,8348,6113,10064,8537,10532,10843,8398,3672,10123
1	564	11420	25657,32085,1440,5171,5975,6087,5133,5930,445,796,4702,4810,13181,31677,7549,1944,5912,2691,2867,14108,9957,10167,4364,2191,3298,8348,6113,10064,8537,10532,10843,8398,3672,10123,11102
0	564	32808	25657,32085,1440,5171,5975,6087,5133,5930,445,796,4702,4810,13181,31677,7549,1944,5912,2691,2867,14108,9957,10167,4364,2191,3298,8348,6113,10064,8537,10532,10843,8398,3672,10123,11102,11420
1	564	13008	25657,32085,1440,5171,5975,6087,5133,5930,445,796,4702,4810,13181,31677,7549,1944,5912,2691,2867,14108,9957,10167,4364,2191,3298,8348,6113,10064,8537,10532,10843,8398,3672,10123,11102,11420
1	564	9829	25657,32085,1440,5171,5975,6087,5133,5930,445,796,4702,4810,13181,31677,7549,1944,5912,2691,2867,14108,9957,10167,4364,2191,3298,8348,6113,10064,8537,10532,10843,8398,3672,10123,11102,11420,13008
1	564	22506	25657,32085,1440,5171,5975,6087,5133,5930,445,796,4702,4810,13181,31677,7549,1944,5912,2691,2867,14108,9957,10167,4364,2191,3298,8348,6113,10064,8537,10532,10843,8398,3672,10123,11102,11420,13008,9829
1	564	7326	25657,32085,1440,5171,5975,6087,5133,5930,445,796,4702,4810,13181,31677,7549,1944,5912,2691,2867,14108,9957,10167,4364,2191,3298,8348,6113,10064,8537,10532,10843,8398,3672,10123,11102,11420,13008,9829,22506
1	564	13318	25657,32085,1440,5171,5975,6087,5133,5930,445,796,4702,4810,13181,31677,7549,1944,5912,2691,2867,14108,9957,10167,4364,2191,3298,8348,6113,10064,8537,10532,10843,8398,3672,10123,11102,11420,13008,9829,22506,7326
1	564	31279	25657,32085,1440,5171,5975,6087,5133,5930,445,796,4702,4810,13181,31677,7549,1944,5912,2691,2867,14108,9957,10167,4364,2191,3298,8348,6113,10064,8537,10532,10843,8398,3672,10123,11102,11420,13008,9829,22506,7326,13318
1	564	11466	25657,32085,1440,5171,5975,6087,5133,5930,445,796,4702,4810,13181,31677,7549,1944,5912,2691,2867,14108,9957,10167,4364,2191,3298,8348,6113,10064,8537,10532,10843,8398,3672,10123,11102,11420,13008,9829,22506,7326,13318,31279
1	564	6571	25657,32085,1440,5171,5975,6087,5133,5930,445,796,4702,4810,13181,31677,7549,1944,5912,2691,2867,14108,9957,10167,4364,2191,3298,8348,6113,10064,8537,10532,10843,8398,3672,10123,11102,11420,13008,9829,22506,7326,13318,31279,11466
1	564	12446	25657,32085,1440,5171,5975,6087,5133,5930,445,796,4702,4810,13181,31677,7549,1944,5912,2691,2867,14108,9957,10167,4364,2191,3298,8348,6113,10064,8537,10532,10843,8398,3672,10123,11102,11420,13008,9829,22506,7326,13318,31279,11466,6571
1	564	7821	25657,32085,1440,5171,5975,6087,5133,5930,445,796,4702,4810,13181,31677,7549,1944,5912,2691,2867,14108,9957,10167,4364,2191,3298,8348,6113,10064,8537,10532,10843,8398,3672,10123,11102,11420,13008,9829,22506,7326,13318,31279,11466,6571,12446
1	564	16182	25657,32085,1440,5171,5975,6087,5133,5930,445,796,4702,4810,13181,31677,7549,1944,5912,2691,2867,14108,9957,10167,4364,2191,3298,8348,6113,10064,8537,10532,10843,8398,3672,10123,11102,11420,13008,9829,22506,7326,13318,31279,11466,6571,12446,7821
0	564	16773	25657,32085,1440,5171,5975,6087,5133,5930,445,796,4702,4810,13181,31677,7549,1944,5912,2691,2867,14108,9957,10167,4364,2191,3298,8348,6113,10064,8537,10532,10843,8398,3672,10123,11102,11420,13008,9829,22506,7326,13318,31279,11466,6571,12446,7821,16182
1	564	15769	25657,32085,1440,5171,5975,6087,5133,5930,445,796,4702,4810,13181,31677,7549,1944,5912,2691,2867,14108,9957,10167,4364,2191,3298,8348,6113,10064,8537,10532,10843,8398,3672,10123,11102,11420,13008,9829,22506,7326,13318,31279,11466,6571,12446,7821,16182
0	564	6762	25657,32085,1440,5171,5975,6087,5133,5930,445,796,4702,4810,13181,31677,7549,1944,5912,2691,2867,14108,9957,10167,4364,2191,3298,8348,6113,10064,8537,10532,10843,8398,3672,10123,11102,11420,13008,9829,22506,7326,13318,31279,11466,6571,12446,7821,16182,15769
1	564	2174	25657,32085,1440,5171,5975,6087,5133,5930,445,796,4702,4810,13181,31677,7549,1944,5912,2691,2867,14108,9957,10167,4364,2191,3298,8348,6113,10064,8537,10532,10843,8398,3672,10123,11102,11420,13008,9829,22506,7326,13318,31279,11466,6571,12446,7821,16182,15769
0	564	30055	25657,32085,1440,5171,5975,6087,5133,5930,445,796,4702,4810,13181,31677,7549,1944,5912,2691,2867,14108,9957,10167,4364,2191,3298,8348,6113,10064,8537,10532,10843,8398,3672,10123,11102,11420,13008,9829,22506,7326,13318,31279,11466,6571,12446,7821,16182,15769,2174
0	564	7293	25657,32085,1440,5171,5975,6087,5133,5930,445,796,4702,4810,13181,31677,7549,1944,5912,2691,2867,14108,9957,10167,4364,2191,3298,8348,6113,10064,8537,10532,10843,8398,3672,10123,11102,11420,13008,9829,22506,7326,13318,31279,11466,6571,12446,7821,16182,15769,2174
0	564	8560	25657,32085,1440,5171,5975,6087,5133,5930,445,796,4702,4810,13181,31677,7549,1944,5912,2691,2867,14108,9957,10167,4364,2191,3298,8348,6113,10064,8537,10532,10843,8398,3672,10123,11102,11420,13008,9829,22506,7326,13318,31279,11466,6571,12446,7821,16182,15769,2174
0	564	27104	25657,32085,1440,5171,5975,6087,5133,5930,445,796,4702,4810,13181,31677,7549,1944,5912,2691,2867,14108,9957,10167,4364,2191,3298,8348,6113,10064,8537,10532,10843,8398,3672,10123,11102,11420,13008,9829,22506,7326,13318,31279,11466,6571,12446,7821,16182,15769,2174
1	564	23334	25657,32085,1440,5171,5975,6087,5133,5930,445,796,4702,4810,13181,31677,7549,1944,5912,2691,2867,14108,9957,10167,4364,2191,3298,8348,6113,10064,8537,10532,10843,8398,3672,10123,11102,11420,13008,9829,22506,7326,13318,31279,11466,6571,12446,7821,16182,15769,2174
1	564	16996	25657,32085,1440,5171,5975,6087,5133,5930,445,796,4702,4810,13181,31677,7549,1944,5912,2691,2867,14108,9957,10167,4364,2191,3298,8348,6113,10064,8537,10532,10843,8398,3672,10123,11102,11420,13008,9829,22506,7326,13318,31279,11466,6571,12446,7821,16182,15769,2174,23334
1	564	21767	25657,32085,1440,5171,5975,6087,5133,5930,445,796,4702,4810,13181,31677,7549,1944,5912,2691,2867,14108,9957,10167,4364,2191,3298,8348,6113,10064,8537,10532,10843,8398,3672,10123,11102,11420,13008,9829,22506,7326,13318,31279,11466,6571,12446,7821,16182,15769,2174,23334,16996
1	564	162	25657,32085,1440,5171,5975,6087,5133,5930,445,796,4702,4810,13181,31677,7549,1944,5912,2691,2867,14108,9957,10167,4364,2191,3298,8348,6113,10064,8537,10532,10843,8398,3672,10123,11102,11420,13008,9829,22506,7326,13318,31279,11466,6571,12446,7821,16182,15769,2174,23334,16996,21767
0	564	17863	25657,32085,1440,5171,5975,6087,5133,5930,445,796,4702,4810,13181,31677,7549,1944,5912,2691,2867,14108,9957,10167,4364,2191,3298,8348,6113,10064,8537,10532,10843,8398,3672,10123,11102,11420,13008,9829,22506,7326,13318,31279,11466,6571,12446,7821,16182,15769,2174,23334,16996,21767,162
1	564	7865	25657,32085,1440,5171,5975,6087,5133,5930,445,796,4702,4810,13181,31677,7549,1944,5912,2691,2867,14108,9957,10167,4364,2191,3298,8348,6113,10064,8537,10532,10843,8398,3672,10123,11102,11420,13008,9829,22506,7326,13318,31279,11466,6571,12446,7821,16182,15769,2174,23334,16996,21767,162
