0	201	9871	0
1	201	9952	0
1	201	11332	9952
1	201	18471	9952,11332
1	201	32825	9952,11332,18471
1	201	32850	9952,11332,18471,32825
0	201	2161	9952,11332,18471,32825,32850
1	201	3911	9952,11332,18471,32825,32850
1	201	7405	9952,11332,18471,32825,32850,3911
1	201	9139	9952,11332,18471,32825,32850,3911,7405
1	201	9344	9952,11332,18471,32825,32850,3911,7405,9139
0	201	9717	9952,11332,18471,32825,32850,3911,7405,9139,9344
1	201	33106	9952,11332,18471,32825,32850,3911,7405,9139,9344
1	201	3546	9952,11332,18471,32825,32850,3911,7405,9139,9344,33106
1	201	10979	9952,11332,18471,32825,32850,3911,7405,9139,9344,33106,3546
0	201	13423	9952,11332,18471,32825,32850,3911,7405,9139,9344,33106,3546,10979
1	201	13954	9952,11332,18471,32825,32850,3911,7405,9139,9344,33106,3546,10979
1	201	19235	9952,11332,18471,32825,32850,3911,7405,9139,9344,33106,3546,10979,13954
1	201	20230	9952,11332,18471,32825,32850,3911,7405,9139,9344,33106,3546,10979,13954,19235
1	201	23548	9952,11332,18471,32825,32850,3911,7405,9139,9344,33106,3546,10979,13954,19235,20230
1	201	5493	9952,11332,18471,32825,32850,3911,7405,9139,9344,33106,3546,10979,13954,19235,20230,23548
1	201	15591	9952,11332,18471,32825,32850,3911,7405,9139,9344,33106,3546,10979,13954,19235,20230,23548,5493
1	201	16662	9952,11332,18471,32825,32850,3911,7405,9139,9344,33106,3546,10979,13954,19235,20230,23548,5493,15591
1	201	21798	9952,11332,18471,32825,32850,3911,7405,9139,9344,33106,3546,10979,13954,19235,20230,23548,5493,15591,16662
1	201	28773	9952,11332,18471,32825,32850,3911,7405,9139,9344,33106,3546,10979,13954,19235,20230,23548,5493,15591,16662,21798
1	201	4399	9952,11332,18471,32825,32850,3911,7405,9139,9344,33106,3546,10979,13954,19235,20230,23548,5493,15591,16662,21798,28773
1	201	12266	9952,11332,18471,32825,32850,3911,7405,9139,9344,33106,3546,10979,13954,19235,20230,23548,5493,15591,16662,21798,28773,4399
1	201	15316	9952,11332,18471,32825,32850,3911,7405,9139,9344,33106,3546,10979,13954,19235,20230,23548,5493,15591,16662,21798,28773,4399,12266
1	201	15495	9952,11332,18471,32825,32850,3911,7405,9139,9344,33106,3546,10979,13954,19235,20230,23548,5493,15591,16662,21798,28773,4399,12266,15316
0	201	23879	9952,11332,18471,32825,32850,3911,7405,9139,9344,33106,3546,10979,13954,19235,20230,23548,5493,15591,16662,21798,28773,4399,12266,15316,15495
0	201	26301	9952,11332,18471,32825,32850,3911,7405,9139,9344,33106,3546,10979,13954,19235,20230,23548,5493,15591,16662,21798,28773,4399,12266,15316,15495
1	201	9767	9952,11332,18471,32825,32850,3911,7405,9139,9344,33106,3546,10979,13954,19235,20230,23548,5493,15591,16662,21798,28773,4399,12266,15316,15495
1	201	26602	9952,11332,18471,32825,32850,3911,7405,9139,9344,33106,3546,10979,13954,19235,20230,23548,5493,15591,16662,21798,28773,4399,12266,15316,15495,9767
1	201	161	9952,11332,18471,32825,32850,3911,7405,9139,9344,33106,3546,10979,13954,19235,20230,23548,5493,15591,16662,21798,28773,4399,12266,15316,15495,9767,26602
1	201	26083	9952,11332,18471,32825,32850,3911,7405,9139,9344,33106,3546,10979,13954,19235,20230,23548,5493,15591,16662,21798,28773,4399,12266,15316,15495,9767,26602,161
