0	1065	18034	0
0	1065	7974	0
1	1065	16619	0
1	1065	21100	16619
0	1065	25678	16619,21100
0	1065	6832	16619,21100
0	1065	23516	16619,21100
1	1065	26930	16619,21100
0	1065	31188	16619,21100,26930
0	1065	31789	16619,21100,26930
0	1065	31542	16619,21100,26930
1	1065	32275	16619,21100,26930
1	1065	654	16619,21100,26930,32275
1	1065	2430	16619,21100,26930,32275,654
0	1065	2404	16619,21100,26930,32275,654,2430
1	1065	1502	16619,21100,26930,32275,654,2430
1	1065	2019	16619,21100,26930,32275,654,2430,1502
1	1065	28719	16619,21100,26930,32275,654,2430,1502,2019
0	1065	2616	16619,21100,26930,32275,654,2430,1502,2019,28719
0	1065	3391	16619,21100,26930,32275,654,2430,1502,2019,28719
1	1065	27514	16619,21100,26930,32275,654,2430,1502,2019,28719
1	1065	31613	16619,21100,26930,32275,654,2430,1502,2019,28719,27514
1	1065	32269	16619,21100,26930,32275,654,2430,1502,2019,28719,27514,31613
1	1065	2946	16619,21100,26930,32275,654,2430,1502,2019,28719,27514,31613,32269
1	1065	4773	16619,21100,26930,32275,654,2430,1502,2019,28719,27514,31613,32269,2946
0	1065	4854	16619,21100,26930,32275,654,2430,1502,2019,28719,27514,31613,32269,2946,4773
1	1065	5629	16619,21100,26930,32275,654,2430,1502,2019,28719,27514,31613,32269,2946,4773
0	1065	4177	16619,21100,26930,32275,654,2430,1502,2019,28719,27514,31613,32269,2946,4773,5629
0	1065	3497	16619,21100,26930,32275,654,2430,1502,2019,28719,27514,31613,32269,2946,4773,5629
0	1065	2002	16619,21100,26930,32275,654,2430,1502,2019,28719,27514,31613,32269,2946,4773,5629
1	1065	7948	16619,21100,26930,32275,654,2430,1502,2019,28719,27514,31613,32269,2946,4773,5629
0	1065	4423	16619,21100,26930,32275,654,2430,1502,2019,28719,27514,31613,32269,2946,4773,5629,7948
1	1065	3651	16619,21100,26930,32275,654,2430,1502,2019,28719,27514,31613,32269,2946,4773,5629,7948
1	1065	5141	16619,21100,26930,32275,654,2430,1502,2019,28719,27514,31613,32269,2946,4773,5629,7948,3651
1	1065	4925	16619,21100,26930,32275,654,2430,1502,2019,28719,27514,31613,32269,2946,4773,5629,7948,3651,5141
1	1065	4043	16619,21100,26930,32275,654,2430,1502,2019,28719,27514,31613,32269,2946,4773,5629,7948,3651,5141,4925
1	1065	5730	16619,21100,26930,32275,654,2430,1502,2019,28719,27514,31613,32269,2946,4773,5629,7948,3651,5141,4925,4043
1	1065	6518	16619,21100,26930,32275,654,2430,1502,2019,28719,27514,31613,32269,2946,4773,5629,7948,3651,5141,4925,4043,5730
1	1065	6916	16619,21100,26930,32275,654,2430,1502,2019,28719,27514,31613,32269,2946,4773,5629,7948,3651,5141,4925,4043,5730,6518
0	1065	6501	16619,21100,26930,32275,654,2430,1502,2019,28719,27514,31613,32269,2946,4773,5629,7948,3651,5141,4925,4043,5730,6518,6916
0	1065	6502	16619,21100,26930,32275,654,2430,1502,2019,28719,27514,31613,32269,2946,4773,5629,7948,3651,5141,4925,4043,5730,6518,6916
0	1065	7197	16619,21100,26930,32275,654,2430,1502,2019,28719,27514,31613,32269,2946,4773,5629,7948,3651,5141,4925,4043,5730,6518,6916
1	1065	7957	16619,21100,26930,32275,654,2430,1502,2019,28719,27514,31613,32269,2946,4773,5629,7948,3651,5141,4925,4043,5730,6518,6916
0	1065	7576	16619,21100,26930,32275,654,2430,1502,2019,28719,27514,31613,32269,2946,4773,5629,7948,3651,5141,4925,4043,5730,6518,6916,7957
0	1065	7978	16619,21100,26930,32275,654,2430,1502,2019,28719,27514,31613,32269,2946,4773,5629,7948,3651,5141,4925,4043,5730,6518,6916,7957
1	1065	6889	16619,21100,26930,32275,654,2430,1502,2019,28719,27514,31613,32269,2946,4773,5629,7948,3651,5141,4925,4043,5730,6518,6916,7957
1	1065	6958	16619,21100,26930,32275,654,2430,1502,2019,28719,27514,31613,32269,2946,4773,5629,7948,3651,5141,4925,4043,5730,6518,6916,7957,6889
1	1065	8342	16619,21100,26930,32275,654,2430,1502,2019,28719,27514,31613,32269,2946,4773,5629,7948,3651,5141,4925,4043,5730,6518,6916,7957,6889,6958
1	1065	9710	16619,21100,26930,32275,654,2430,1502,2019,28719,27514,31613,32269,2946,4773,5629,7948,3651,5141,4925,4043,5730,6518,6916,7957,6889,6958,8342
1	1065	8310	16619,21100,26930,32275,654,2430,1502,2019,28719,27514,31613,32269,2946,4773,5629,7948,3651,5141,4925,4043,5730,6518,6916,7957,6889,6958,8342,9710
0	1065	8941	16619,21100,26930,32275,654,2430,1502,2019,28719,27514,31613,32269,2946,4773,5629,7948,3651,5141,4925,4043,5730,6518,6916,7957,6889,6958,8342,9710,8310
1	1065	4380	16619,21100,26930,32275,654,2430,1502,2019,28719,27514,31613,32269,2946,4773,5629,7948,3651,5141,4925,4043,5730,6518,6916,7957,6889,6958,8342,9710,8310
1	1065	5684	16619,21100,26930,32275,654,2430,1502,2019,28719,27514,31613,32269,2946,4773,5629,7948,3651,5141,4925,4043,5730,6518,6916,7957,6889,6958,8342,9710,8310,4380
1	1065	9895	16619,21100,26930,32275,654,2430,1502,2019,28719,27514,31613,32269,2946,4773,5629,7948,3651,5141,4925,4043,5730,6518,6916,7957,6889,6958,8342,9710,8310,4380,5684
0	1065	9143	16619,21100,26930,32275,654,2430,1502,2019,28719,27514,31613,32269,2946,4773,5629,7948,3651,5141,4925,4043,5730,6518,6916,7957,6889,6958,8342,9710,8310,4380,5684,9895
0	1065	9462	16619,21100,26930,32275,654,2430,1502,2019,28719,27514,31613,32269,2946,4773,5629,7948,3651,5141,4925,4043,5730,6518,6916,7957,6889,6958,8342,9710,8310,4380,5684,9895
1	1065	9721	16619,21100,26930,32275,654,2430,1502,2019,28719,27514,31613,32269,2946,4773,5629,7948,3651,5141,4925,4043,5730,6518,6916,7957,6889,6958,8342,9710,8310,4380,5684,9895
1	1065	12040	16619,21100,26930,32275,654,2430,1502,2019,28719,27514,31613,32269,2946,4773,5629,7948,3651,5141,4925,4043,5730,6518,6916,7957,6889,6958,8342,9710,8310,4380,5684,9895,9721
1	1065	9906	16619,21100,26930,32275,654,2430,1502,2019,28719,27514,31613,32269,2946,4773,5629,7948,3651,5141,4925,4043,5730,6518,6916,7957,6889,6958,8342,9710,8310,4380,5684,9895,9721,12040
0	1065	11926	16619,21100,26930,32275,654,2430,1502,2019,28719,27514,31613,32269,2946,4773,5629,7948,3651,5141,4925,4043,5730,6518,6916,7957,6889,6958,8342,9710,8310,4380,5684,9895,9721,12040,9906
0	1065	9616	16619,21100,26930,32275,654,2430,1502,2019,28719,27514,31613,32269,2946,4773,5629,7948,3651,5141,4925,4043,5730,6518,6916,7957,6889,6958,8342,9710,8310,4380,5684,9895,9721,12040,9906
0	1065	9986	16619,21100,26930,32275,654,2430,1502,2019,28719,27514,31613,32269,2946,4773,5629,7948,3651,5141,4925,4043,5730,6518,6916,7957,6889,6958,8342,9710,8310,4380,5684,9895,9721,12040,9906
1	1065	11084	16619,21100,26930,32275,654,2430,1502,2019,28719,27514,31613,32269,2946,4773,5629,7948,3651,5141,4925,4043,5730,6518,6916,7957,6889,6958,8342,9710,8310,4380,5684,9895,9721,12040,9906
1	1065	12449	16619,21100,26930,32275,654,2430,1502,2019,28719,27514,31613,32269,2946,4773,5629,7948,3651,5141,4925,4043,5730,6518,6916,7957,6889,6958,8342,9710,8310,4380,5684,9895,9721,12040,9906,11084
0	1065	6005	16619,21100,26930,32275,654,2430,1502,2019,28719,27514,31613,32269,2946,4773,5629,7948,3651,5141,4925,4043,5730,6518,6916,7957,6889,6958,8342,9710,8310,4380,5684,9895,9721,12040,9906,11084,12449
1	1065	14030	16619,21100,26930,32275,654,2430,1502,2019,28719,27514,31613,32269,2946,4773,5629,7948,3651,5141,4925,4043,5730,6518,6916,7957,6889,6958,8342,9710,8310,4380,5684,9895,9721,12040,9906,11084,12449
1	1065	9904	16619,21100,26930,32275,654,2430,1502,2019,28719,27514,31613,32269,2946,4773,5629,7948,3651,5141,4925,4043,5730,6518,6916,7957,6889,6958,8342,9710,8310,4380,5684,9895,9721,12040,9906,11084,12449,14030
1	1065	8729	16619,21100,26930,32275,654,2430,1502,2019,28719,27514,31613,32269,2946,4773,5629,7948,3651,5141,4925,4043,5730,6518,6916,7957,6889,6958,8342,9710,8310,4380,5684,9895,9721,12040,9906,11084,12449,14030,9904
1	1065	11946	16619,21100,26930,32275,654,2430,1502,2019,28719,27514,31613,32269,2946,4773,5629,7948,3651,5141,4925,4043,5730,6518,6916,7957,6889,6958,8342,9710,8310,4380,5684,9895,9721,12040,9906,11084,12449,14030,9904,8729
0	1065	15280	16619,21100,26930,32275,654,2430,1502,2019,28719,27514,31613,32269,2946,4773,5629,7948,3651,5141,4925,4043,5730,6518,6916,7957,6889,6958,8342,9710,8310,4380,5684,9895,9721,12040,9906,11084,12449,14030,9904,8729,11946
1	1065	15774	16619,21100,26930,32275,654,2430,1502,2019,28719,27514,31613,32269,2946,4773,5629,7948,3651,5141,4925,4043,5730,6518,6916,7957,6889,6958,8342,9710,8310,4380,5684,9895,9721,12040,9906,11084,12449,14030,9904,8729,11946
0	1065	2669	16619,21100,26930,32275,654,2430,1502,2019,28719,27514,31613,32269,2946,4773,5629,7948,3651,5141,4925,4043,5730,6518,6916,7957,6889,6958,8342,9710,8310,4380,5684,9895,9721,12040,9906,11084,12449,14030,9904,8729,11946,15774
0	1065	4364	16619,21100,26930,32275,654,2430,1502,2019,28719,27514,31613,32269,2946,4773,5629,7948,3651,5141,4925,4043,5730,6518,6916,7957,6889,6958,8342,9710,8310,4380,5684,9895,9721,12040,9906,11084,12449,14030,9904,8729,11946,15774
1	1065	16001	16619,21100,26930,32275,654,2430,1502,2019,28719,27514,31613,32269,2946,4773,5629,7948,3651,5141,4925,4043,5730,6518,6916,7957,6889,6958,8342,9710,8310,4380,5684,9895,9721,12040,9906,11084,12449,14030,9904,8729,11946,15774
1	1065	14821	16619,21100,26930,32275,654,2430,1502,2019,28719,27514,31613,32269,2946,4773,5629,7948,3651,5141,4925,4043,5730,6518,6916,7957,6889,6958,8342,9710,8310,4380,5684,9895,9721,12040,9906,11084,12449,14030,9904,8729,11946,15774,16001
0	1065	16862	16619,21100,26930,32275,654,2430,1502,2019,28719,27514,31613,32269,2946,4773,5629,7948,3651,5141,4925,4043,5730,6518,6916,7957,6889,6958,8342,9710,8310,4380,5684,9895,9721,12040,9906,11084,12449,14030,9904,8729,11946,15774,16001,14821
1	1065	18195	16619,21100,26930,32275,654,2430,1502,2019,28719,27514,31613,32269,2946,4773,5629,7948,3651,5141,4925,4043,5730,6518,6916,7957,6889,6958,8342,9710,8310,4380,5684,9895,9721,12040,9906,11084,12449,14030,9904,8729,11946,15774,16001,14821
1	1065	18196	16619,21100,26930,32275,654,2430,1502,2019,28719,27514,31613,32269,2946,4773,5629,7948,3651,5141,4925,4043,5730,6518,6916,7957,6889,6958,8342,9710,8310,4380,5684,9895,9721,12040,9906,11084,12449,14030,9904,8729,11946,15774,16001,14821,18195
1	1065	18294	16619,21100,26930,32275,654,2430,1502,2019,28719,27514,31613,32269,2946,4773,5629,7948,3651,5141,4925,4043,5730,6518,6916,7957,6889,6958,8342,9710,8310,4380,5684,9895,9721,12040,9906,11084,12449,14030,9904,8729,11946,15774,16001,14821,18195,18196
0	1065	15292	16619,21100,26930,32275,654,2430,1502,2019,28719,27514,31613,32269,2946,4773,5629,7948,3651,5141,4925,4043,5730,6518,6916,7957,6889,6958,8342,9710,8310,4380,5684,9895,9721,12040,9906,11084,12449,14030,9904,8729,11946,15774,16001,14821,18195,18196,18294
0	1065	17462	16619,21100,26930,32275,654,2430,1502,2019,28719,27514,31613,32269,2946,4773,5629,7948,3651,5141,4925,4043,5730,6518,6916,7957,6889,6958,8342,9710,8310,4380,5684,9895,9721,12040,9906,11084,12449,14030,9904,8729,11946,15774,16001,14821,18195,18196,18294
0	1065	17773	16619,21100,26930,32275,654,2430,1502,2019,28719,27514,31613,32269,2946,4773,5629,7948,3651,5141,4925,4043,5730,6518,6916,7957,6889,6958,8342,9710,8310,4380,5684,9895,9721,12040,9906,11084,12449,14030,9904,8729,11946,15774,16001,14821,18195,18196,18294
1	1065	18067	16619,21100,26930,32275,654,2430,1502,2019,28719,27514,31613,32269,2946,4773,5629,7948,3651,5141,4925,4043,5730,6518,6916,7957,6889,6958,8342,9710,8310,4380,5684,9895,9721,12040,9906,11084,12449,14030,9904,8729,11946,15774,16001,14821,18195,18196,18294
1	1065	17511	16619,21100,26930,32275,654,2430,1502,2019,28719,27514,31613,32269,2946,4773,5629,7948,3651,5141,4925,4043,5730,6518,6916,7957,6889,6958,8342,9710,8310,4380,5684,9895,9721,12040,9906,11084,12449,14030,9904,8729,11946,15774,16001,14821,18195,18196,18294,18067
0	1065	18222	16619,21100,26930,32275,654,2430,1502,2019,28719,27514,31613,32269,2946,4773,5629,7948,3651,5141,4925,4043,5730,6518,6916,7957,6889,6958,8342,9710,8310,4380,5684,9895,9721,12040,9906,11084,12449,14030,9904,8729,11946,15774,16001,14821,18195,18196,18294,18067,17511
0	1065	20342	16619,21100,26930,32275,654,2430,1502,2019,28719,27514,31613,32269,2946,4773,5629,7948,3651,5141,4925,4043,5730,6518,6916,7957,6889,6958,8342,9710,8310,4380,5684,9895,9721,12040,9906,11084,12449,14030,9904,8729,11946,15774,16001,14821,18195,18196,18294,18067,17511
0	1065	19894	16619,21100,26930,32275,654,2430,1502,2019,28719,27514,31613,32269,2946,4773,5629,7948,3651,5141,4925,4043,5730,6518,6916,7957,6889,6958,8342,9710,8310,4380,5684,9895,9721,12040,9906,11084,12449,14030,9904,8729,11946,15774,16001,14821,18195,18196,18294,18067,17511
1	1065	19041	16619,21100,26930,32275,654,2430,1502,2019,28719,27514,31613,32269,2946,4773,5629,7948,3651,5141,4925,4043,5730,6518,6916,7957,6889,6958,8342,9710,8310,4380,5684,9895,9721,12040,9906,11084,12449,14030,9904,8729,11946,15774,16001,14821,18195,18196,18294,18067,17511
1	1065	20069	16619,21100,26930,32275,654,2430,1502,2019,28719,27514,31613,32269,2946,4773,5629,7948,3651,5141,4925,4043,5730,6518,6916,7957,6889,6958,8342,9710,8310,4380,5684,9895,9721,12040,9906,11084,12449,14030,9904,8729,11946,15774,16001,14821,18195,18196,18294,18067,17511,19041
1	1065	20043	16619,21100,26930,32275,654,2430,1502,2019,28719,27514,31613,32269,2946,4773,5629,7948,3651,5141,4925,4043,5730,6518,6916,7957,6889,6958,8342,9710,8310,4380,5684,9895,9721,12040,9906,11084,12449,14030,9904,8729,11946,15774,16001,14821,18195,18196,18294,18067,17511,19041,20069
0	1065	20531	16619,21100,26930,32275,654,2430,1502,2019,28719,27514,31613,32269,2946,4773,5629,7948,3651,5141,4925,4043,5730,6518,6916,7957,6889,6958,8342,9710,8310,4380,5684,9895,9721,12040,9906,11084,12449,14030,9904,8729,11946,15774,16001,14821,18195,18196,18294,18067,17511,19041,20069,20043
1	1065	19070	16619,21100,26930,32275,654,2430,1502,2019,28719,27514,31613,32269,2946,4773,5629,7948,3651,5141,4925,4043,5730,6518,6916,7957,6889,6958,8342,9710,8310,4380,5684,9895,9721,12040,9906,11084,12449,14030,9904,8729,11946,15774,16001,14821,18195,18196,18294,18067,17511,19041,20069,20043
1	1065	21242	16619,21100,26930,32275,654,2430,1502,2019,28719,27514,31613,32269,2946,4773,5629,7948,3651,5141,4925,4043,5730,6518,6916,7957,6889,6958,8342,9710,8310,4380,5684,9895,9721,12040,9906,11084,12449,14030,9904,8729,11946,15774,16001,14821,18195,18196,18294,18067,17511,19041,20069,20043,19070
0	1065	21063	16619,21100,26930,32275,654,2430,1502,2019,28719,27514,31613,32269,2946,4773,5629,7948,3651,5141,4925,4043,5730,6518,6916,7957,6889,6958,8342,9710,8310,4380,5684,9895,9721,12040,9906,11084,12449,14030,9904,8729,11946,15774,16001,14821,18195,18196,18294,18067,17511,19041,20069,20043,19070,21242
1	1065	22069	16619,21100,26930,32275,654,2430,1502,2019,28719,27514,31613,32269,2946,4773,5629,7948,3651,5141,4925,4043,5730,6518,6916,7957,6889,6958,8342,9710,8310,4380,5684,9895,9721,12040,9906,11084,12449,14030,9904,8729,11946,15774,16001,14821,18195,18196,18294,18067,17511,19041,20069,20043,19070,21242
0	1065	22099	16619,21100,26930,32275,654,2430,1502,2019,28719,27514,31613,32269,2946,4773,5629,7948,3651,5141,4925,4043,5730,6518,6916,7957,6889,6958,8342,9710,8310,4380,5684,9895,9721,12040,9906,11084,12449,14030,9904,8729,11946,15774,16001,14821,18195,18196,18294,18067,17511,19041,20069,20043,19070,21242,22069
1	1065	19062	16619,21100,26930,32275,654,2430,1502,2019,28719,27514,31613,32269,2946,4773,5629,7948,3651,5141,4925,4043,5730,6518,6916,7957,6889,6958,8342,9710,8310,4380,5684,9895,9721,12040,9906,11084,12449,14030,9904,8729,11946,15774,16001,14821,18195,18196,18294,18067,17511,19041,20069,20043,19070,21242,22069
1	1065	12460	16619,21100,26930,32275,654,2430,1502,2019,28719,27514,31613,32269,2946,4773,5629,7948,3651,5141,4925,4043,5730,6518,6916,7957,6889,6958,8342,9710,8310,4380,5684,9895,9721,12040,9906,11084,12449,14030,9904,8729,11946,15774,16001,14821,18195,18196,18294,18067,17511,19041,20069,20043,19070,21242,22069,19062
0	1065	14285	16619,21100,26930,32275,654,2430,1502,2019,28719,27514,31613,32269,2946,4773,5629,7948,3651,5141,4925,4043,5730,6518,6916,7957,6889,6958,8342,9710,8310,4380,5684,9895,9721,12040,9906,11084,12449,14030,9904,8729,11946,15774,16001,14821,18195,18196,18294,18067,17511,19041,20069,20043,19070,21242,22069,19062,12460
0	1065	22350	16619,21100,26930,32275,654,2430,1502,2019,28719,27514,31613,32269,2946,4773,5629,7948,3651,5141,4925,4043,5730,6518,6916,7957,6889,6958,8342,9710,8310,4380,5684,9895,9721,12040,9906,11084,12449,14030,9904,8729,11946,15774,16001,14821,18195,18196,18294,18067,17511,19041,20069,20043,19070,21242,22069,19062,12460
1	1065	22355	16619,21100,26930,32275,654,2430,1502,2019,28719,27514,31613,32269,2946,4773,5629,7948,3651,5141,4925,4043,5730,6518,6916,7957,6889,6958,8342,9710,8310,4380,5684,9895,9721,12040,9906,11084,12449,14030,9904,8729,11946,15774,16001,14821,18195,18196,18294,18067,17511,19041,20069,20043,19070,21242,22069,19062,12460
0	1065	17673	16619,21100,26930,32275,654,2430,1502,2019,28719,27514,31613,32269,2946,4773,5629,7948,3651,5141,4925,4043,5730,6518,6916,7957,6889,6958,8342,9710,8310,4380,5684,9895,9721,12040,9906,11084,12449,14030,9904,8729,11946,15774,16001,14821,18195,18196,18294,18067,17511,19041,20069,20043,19070,21242,22069,19062,12460,22355
1	1065	10357	16619,21100,26930,32275,654,2430,1502,2019,28719,27514,31613,32269,2946,4773,5629,7948,3651,5141,4925,4043,5730,6518,6916,7957,6889,6958,8342,9710,8310,4380,5684,9895,9721,12040,9906,11084,12449,14030,9904,8729,11946,15774,16001,14821,18195,18196,18294,18067,17511,19041,20069,20043,19070,21242,22069,19062,12460,22355
1	1065	22720	16619,21100,26930,32275,654,2430,1502,2019,28719,27514,31613,32269,2946,4773,5629,7948,3651,5141,4925,4043,5730,6518,6916,7957,6889,6958,8342,9710,8310,4380,5684,9895,9721,12040,9906,11084,12449,14030,9904,8729,11946,15774,16001,14821,18195,18196,18294,18067,17511,19041,20069,20043,19070,21242,22069,19062,12460,22355,10357
0	1065	21006	16619,21100,26930,32275,654,2430,1502,2019,28719,27514,31613,32269,2946,4773,5629,7948,3651,5141,4925,4043,5730,6518,6916,7957,6889,6958,8342,9710,8310,4380,5684,9895,9721,12040,9906,11084,12449,14030,9904,8729,11946,15774,16001,14821,18195,18196,18294,18067,17511,19041,20069,20043,19070,21242,22069,19062,12460,22355,10357,22720
0	1065	21799	16619,21100,26930,32275,654,2430,1502,2019,28719,27514,31613,32269,2946,4773,5629,7948,3651,5141,4925,4043,5730,6518,6916,7957,6889,6958,8342,9710,8310,4380,5684,9895,9721,12040,9906,11084,12449,14030,9904,8729,11946,15774,16001,14821,18195,18196,18294,18067,17511,19041,20069,20043,19070,21242,22069,19062,12460,22355,10357,22720
0	1065	23416	16619,21100,26930,32275,654,2430,1502,2019,28719,27514,31613,32269,2946,4773,5629,7948,3651,5141,4925,4043,5730,6518,6916,7957,6889,6958,8342,9710,8310,4380,5684,9895,9721,12040,9906,11084,12449,14030,9904,8729,11946,15774,16001,14821,18195,18196,18294,18067,17511,19041,20069,20043,19070,21242,22069,19062,12460,22355,10357,22720
0	1065	23491	16619,21100,26930,32275,654,2430,1502,2019,28719,27514,31613,32269,2946,4773,5629,7948,3651,5141,4925,4043,5730,6518,6916,7957,6889,6958,8342,9710,8310,4380,5684,9895,9721,12040,9906,11084,12449,14030,9904,8729,11946,15774,16001,14821,18195,18196,18294,18067,17511,19041,20069,20043,19070,21242,22069,19062,12460,22355,10357,22720
1	1065	22919	16619,21100,26930,32275,654,2430,1502,2019,28719,27514,31613,32269,2946,4773,5629,7948,3651,5141,4925,4043,5730,6518,6916,7957,6889,6958,8342,9710,8310,4380,5684,9895,9721,12040,9906,11084,12449,14030,9904,8729,11946,15774,16001,14821,18195,18196,18294,18067,17511,19041,20069,20043,19070,21242,22069,19062,12460,22355,10357,22720
1	1065	21251	16619,21100,26930,32275,654,2430,1502,2019,28719,27514,31613,32269,2946,4773,5629,7948,3651,5141,4925,4043,5730,6518,6916,7957,6889,6958,8342,9710,8310,4380,5684,9895,9721,12040,9906,11084,12449,14030,9904,8729,11946,15774,16001,14821,18195,18196,18294,18067,17511,19041,20069,20043,19070,21242,22069,19062,12460,22355,10357,22720,22919
1	1065	23160	16619,21100,26930,32275,654,2430,1502,2019,28719,27514,31613,32269,2946,4773,5629,7948,3651,5141,4925,4043,5730,6518,6916,7957,6889,6958,8342,9710,8310,4380,5684,9895,9721,12040,9906,11084,12449,14030,9904,8729,11946,15774,16001,14821,18195,18196,18294,18067,17511,19041,20069,20043,19070,21242,22069,19062,12460,22355,10357,22720,22919,21251
1	1065	23206	16619,21100,26930,32275,654,2430,1502,2019,28719,27514,31613,32269,2946,4773,5629,7948,3651,5141,4925,4043,5730,6518,6916,7957,6889,6958,8342,9710,8310,4380,5684,9895,9721,12040,9906,11084,12449,14030,9904,8729,11946,15774,16001,14821,18195,18196,18294,18067,17511,19041,20069,20043,19070,21242,22069,19062,12460,22355,10357,22720,22919,21251,23160
0	1065	23697	16619,21100,26930,32275,654,2430,1502,2019,28719,27514,31613,32269,2946,4773,5629,7948,3651,5141,4925,4043,5730,6518,6916,7957,6889,6958,8342,9710,8310,4380,5684,9895,9721,12040,9906,11084,12449,14030,9904,8729,11946,15774,16001,14821,18195,18196,18294,18067,17511,19041,20069,20043,19070,21242,22069,19062,12460,22355,10357,22720,22919,21251,23160,23206
1	1065	16550	16619,21100,26930,32275,654,2430,1502,2019,28719,27514,31613,32269,2946,4773,5629,7948,3651,5141,4925,4043,5730,6518,6916,7957,6889,6958,8342,9710,8310,4380,5684,9895,9721,12040,9906,11084,12449,14030,9904,8729,11946,15774,16001,14821,18195,18196,18294,18067,17511,19041,20069,20043,19070,21242,22069,19062,12460,22355,10357,22720,22919,21251,23160,23206
0	1065	25132	16619,21100,26930,32275,654,2430,1502,2019,28719,27514,31613,32269,2946,4773,5629,7948,3651,5141,4925,4043,5730,6518,6916,7957,6889,6958,8342,9710,8310,4380,5684,9895,9721,12040,9906,11084,12449,14030,9904,8729,11946,15774,16001,14821,18195,18196,18294,18067,17511,19041,20069,20043,19070,21242,22069,19062,12460,22355,10357,22720,22919,21251,23160,23206,16550
1	1065	21566	16619,21100,26930,32275,654,2430,1502,2019,28719,27514,31613,32269,2946,4773,5629,7948,3651,5141,4925,4043,5730,6518,6916,7957,6889,6958,8342,9710,8310,4380,5684,9895,9721,12040,9906,11084,12449,14030,9904,8729,11946,15774,16001,14821,18195,18196,18294,18067,17511,19041,20069,20043,19070,21242,22069,19062,12460,22355,10357,22720,22919,21251,23160,23206,16550
0	1065	14295	16619,21100,26930,32275,654,2430,1502,2019,28719,27514,31613,32269,2946,4773,5629,7948,3651,5141,4925,4043,5730,6518,6916,7957,6889,6958,8342,9710,8310,4380,5684,9895,9721,12040,9906,11084,12449,14030,9904,8729,11946,15774,16001,14821,18195,18196,18294,18067,17511,19041,20069,20043,19070,21242,22069,19062,12460,22355,10357,22720,22919,21251,23160,23206,16550,21566
1	1065	14586	16619,21100,26930,32275,654,2430,1502,2019,28719,27514,31613,32269,2946,4773,5629,7948,3651,5141,4925,4043,5730,6518,6916,7957,6889,6958,8342,9710,8310,4380,5684,9895,9721,12040,9906,11084,12449,14030,9904,8729,11946,15774,16001,14821,18195,18196,18294,18067,17511,19041,20069,20043,19070,21242,22069,19062,12460,22355,10357,22720,22919,21251,23160,23206,16550,21566
0	1065	16449	16619,21100,26930,32275,654,2430,1502,2019,28719,27514,31613,32269,2946,4773,5629,7948,3651,5141,4925,4043,5730,6518,6916,7957,6889,6958,8342,9710,8310,4380,5684,9895,9721,12040,9906,11084,12449,14030,9904,8729,11946,15774,16001,14821,18195,18196,18294,18067,17511,19041,20069,20043,19070,21242,22069,19062,12460,22355,10357,22720,22919,21251,23160,23206,16550,21566,14586
1	1065	23155	16619,21100,26930,32275,654,2430,1502,2019,28719,27514,31613,32269,2946,4773,5629,7948,3651,5141,4925,4043,5730,6518,6916,7957,6889,6958,8342,9710,8310,4380,5684,9895,9721,12040,9906,11084,12449,14030,9904,8729,11946,15774,16001,14821,18195,18196,18294,18067,17511,19041,20069,20043,19070,21242,22069,19062,12460,22355,10357,22720,22919,21251,23160,23206,16550,21566,14586
1	1065	24215	16619,21100,26930,32275,654,2430,1502,2019,28719,27514,31613,32269,2946,4773,5629,7948,3651,5141,4925,4043,5730,6518,6916,7957,6889,6958,8342,9710,8310,4380,5684,9895,9721,12040,9906,11084,12449,14030,9904,8729,11946,15774,16001,14821,18195,18196,18294,18067,17511,19041,20069,20043,19070,21242,22069,19062,12460,22355,10357,22720,22919,21251,23160,23206,16550,21566,14586,23155
0	1065	23143	16619,21100,26930,32275,654,2430,1502,2019,28719,27514,31613,32269,2946,4773,5629,7948,3651,5141,4925,4043,5730,6518,6916,7957,6889,6958,8342,9710,8310,4380,5684,9895,9721,12040,9906,11084,12449,14030,9904,8729,11946,15774,16001,14821,18195,18196,18294,18067,17511,19041,20069,20043,19070,21242,22069,19062,12460,22355,10357,22720,22919,21251,23160,23206,16550,21566,14586,23155,24215
1	1065	26121	16619,21100,26930,32275,654,2430,1502,2019,28719,27514,31613,32269,2946,4773,5629,7948,3651,5141,4925,4043,5730,6518,6916,7957,6889,6958,8342,9710,8310,4380,5684,9895,9721,12040,9906,11084,12449,14030,9904,8729,11946,15774,16001,14821,18195,18196,18294,18067,17511,19041,20069,20043,19070,21242,22069,19062,12460,22355,10357,22720,22919,21251,23160,23206,16550,21566,14586,23155,24215
1	1065	23780	16619,21100,26930,32275,654,2430,1502,2019,28719,27514,31613,32269,2946,4773,5629,7948,3651,5141,4925,4043,5730,6518,6916,7957,6889,6958,8342,9710,8310,4380,5684,9895,9721,12040,9906,11084,12449,14030,9904,8729,11946,15774,16001,14821,18195,18196,18294,18067,17511,19041,20069,20043,19070,21242,22069,19062,12460,22355,10357,22720,22919,21251,23160,23206,16550,21566,14586,23155,24215,26121
0	1065	23449	16619,21100,26930,32275,654,2430,1502,2019,28719,27514,31613,32269,2946,4773,5629,7948,3651,5141,4925,4043,5730,6518,6916,7957,6889,6958,8342,9710,8310,4380,5684,9895,9721,12040,9906,11084,12449,14030,9904,8729,11946,15774,16001,14821,18195,18196,18294,18067,17511,19041,20069,20043,19070,21242,22069,19062,12460,22355,10357,22720,22919,21251,23160,23206,16550,21566,14586,23155,24215,26121,23780
0	1065	26261	16619,21100,26930,32275,654,2430,1502,2019,28719,27514,31613,32269,2946,4773,5629,7948,3651,5141,4925,4043,5730,6518,6916,7957,6889,6958,8342,9710,8310,4380,5684,9895,9721,12040,9906,11084,12449,14030,9904,8729,11946,15774,16001,14821,18195,18196,18294,18067,17511,19041,20069,20043,19070,21242,22069,19062,12460,22355,10357,22720,22919,21251,23160,23206,16550,21566,14586,23155,24215,26121,23780
0	1065	26164	16619,21100,26930,32275,654,2430,1502,2019,28719,27514,31613,32269,2946,4773,5629,7948,3651,5141,4925,4043,5730,6518,6916,7957,6889,6958,8342,9710,8310,4380,5684,9895,9721,12040,9906,11084,12449,14030,9904,8729,11946,15774,16001,14821,18195,18196,18294,18067,17511,19041,20069,20043,19070,21242,22069,19062,12460,22355,10357,22720,22919,21251,23160,23206,16550,21566,14586,23155,24215,26121,23780
1	1065	23453	16619,21100,26930,32275,654,2430,1502,2019,28719,27514,31613,32269,2946,4773,5629,7948,3651,5141,4925,4043,5730,6518,6916,7957,6889,6958,8342,9710,8310,4380,5684,9895,9721,12040,9906,11084,12449,14030,9904,8729,11946,15774,16001,14821,18195,18196,18294,18067,17511,19041,20069,20043,19070,21242,22069,19062,12460,22355,10357,22720,22919,21251,23160,23206,16550,21566,14586,23155,24215,26121,23780
1	1065	26196	16619,21100,26930,32275,654,2430,1502,2019,28719,27514,31613,32269,2946,4773,5629,7948,3651,5141,4925,4043,5730,6518,6916,7957,6889,6958,8342,9710,8310,4380,5684,9895,9721,12040,9906,11084,12449,14030,9904,8729,11946,15774,16001,14821,18195,18196,18294,18067,17511,19041,20069,20043,19070,21242,22069,19062,12460,22355,10357,22720,22919,21251,23160,23206,16550,21566,14586,23155,24215,26121,23780,23453
0	1065	26867	16619,21100,26930,32275,654,2430,1502,2019,28719,27514,31613,32269,2946,4773,5629,7948,3651,5141,4925,4043,5730,6518,6916,7957,6889,6958,8342,9710,8310,4380,5684,9895,9721,12040,9906,11084,12449,14030,9904,8729,11946,15774,16001,14821,18195,18196,18294,18067,17511,19041,20069,20043,19070,21242,22069,19062,12460,22355,10357,22720,22919,21251,23160,23206,16550,21566,14586,23155,24215,26121,23780,23453,26196
1	1065	25337	16619,21100,26930,32275,654,2430,1502,2019,28719,27514,31613,32269,2946,4773,5629,7948,3651,5141,4925,4043,5730,6518,6916,7957,6889,6958,8342,9710,8310,4380,5684,9895,9721,12040,9906,11084,12449,14030,9904,8729,11946,15774,16001,14821,18195,18196,18294,18067,17511,19041,20069,20043,19070,21242,22069,19062,12460,22355,10357,22720,22919,21251,23160,23206,16550,21566,14586,23155,24215,26121,23780,23453,26196
0	1065	16808	16619,21100,26930,32275,654,2430,1502,2019,28719,27514,31613,32269,2946,4773,5629,7948,3651,5141,4925,4043,5730,6518,6916,7957,6889,6958,8342,9710,8310,4380,5684,9895,9721,12040,9906,11084,12449,14030,9904,8729,11946,15774,16001,14821,18195,18196,18294,18067,17511,19041,20069,20043,19070,21242,22069,19062,12460,22355,10357,22720,22919,21251,23160,23206,16550,21566,14586,23155,24215,26121,23780,23453,26196,25337
1	1065	22283	16619,21100,26930,32275,654,2430,1502,2019,28719,27514,31613,32269,2946,4773,5629,7948,3651,5141,4925,4043,5730,6518,6916,7957,6889,6958,8342,9710,8310,4380,5684,9895,9721,12040,9906,11084,12449,14030,9904,8729,11946,15774,16001,14821,18195,18196,18294,18067,17511,19041,20069,20043,19070,21242,22069,19062,12460,22355,10357,22720,22919,21251,23160,23206,16550,21566,14586,23155,24215,26121,23780,23453,26196,25337
1	1065	23768	16619,21100,26930,32275,654,2430,1502,2019,28719,27514,31613,32269,2946,4773,5629,7948,3651,5141,4925,4043,5730,6518,6916,7957,6889,6958,8342,9710,8310,4380,5684,9895,9721,12040,9906,11084,12449,14030,9904,8729,11946,15774,16001,14821,18195,18196,18294,18067,17511,19041,20069,20043,19070,21242,22069,19062,12460,22355,10357,22720,22919,21251,23160,23206,16550,21566,14586,23155,24215,26121,23780,23453,26196,25337,22283
1	1065	23957	16619,21100,26930,32275,654,2430,1502,2019,28719,27514,31613,32269,2946,4773,5629,7948,3651,5141,4925,4043,5730,6518,6916,7957,6889,6958,8342,9710,8310,4380,5684,9895,9721,12040,9906,11084,12449,14030,9904,8729,11946,15774,16001,14821,18195,18196,18294,18067,17511,19041,20069,20043,19070,21242,22069,19062,12460,22355,10357,22720,22919,21251,23160,23206,16550,21566,14586,23155,24215,26121,23780,23453,26196,25337,22283,23768
0	1065	27526	16619,21100,26930,32275,654,2430,1502,2019,28719,27514,31613,32269,2946,4773,5629,7948,3651,5141,4925,4043,5730,6518,6916,7957,6889,6958,8342,9710,8310,4380,5684,9895,9721,12040,9906,11084,12449,14030,9904,8729,11946,15774,16001,14821,18195,18196,18294,18067,17511,19041,20069,20043,19070,21242,22069,19062,12460,22355,10357,22720,22919,21251,23160,23206,16550,21566,14586,23155,24215,26121,23780,23453,26196,25337,22283,23768,23957
1	1065	27113	16619,21100,26930,32275,654,2430,1502,2019,28719,27514,31613,32269,2946,4773,5629,7948,3651,5141,4925,4043,5730,6518,6916,7957,6889,6958,8342,9710,8310,4380,5684,9895,9721,12040,9906,11084,12449,14030,9904,8729,11946,15774,16001,14821,18195,18196,18294,18067,17511,19041,20069,20043,19070,21242,22069,19062,12460,22355,10357,22720,22919,21251,23160,23206,16550,21566,14586,23155,24215,26121,23780,23453,26196,25337,22283,23768,23957
1	1065	27586	16619,21100,26930,32275,654,2430,1502,2019,28719,27514,31613,32269,2946,4773,5629,7948,3651,5141,4925,4043,5730,6518,6916,7957,6889,6958,8342,9710,8310,4380,5684,9895,9721,12040,9906,11084,12449,14030,9904,8729,11946,15774,16001,14821,18195,18196,18294,18067,17511,19041,20069,20043,19070,21242,22069,19062,12460,22355,10357,22720,22919,21251,23160,23206,16550,21566,14586,23155,24215,26121,23780,23453,26196,25337,22283,23768,23957,27113
0	1065	24589	16619,21100,26930,32275,654,2430,1502,2019,28719,27514,31613,32269,2946,4773,5629,7948,3651,5141,4925,4043,5730,6518,6916,7957,6889,6958,8342,9710,8310,4380,5684,9895,9721,12040,9906,11084,12449,14030,9904,8729,11946,15774,16001,14821,18195,18196,18294,18067,17511,19041,20069,20043,19070,21242,22069,19062,12460,22355,10357,22720,22919,21251,23160,23206,16550,21566,14586,23155,24215,26121,23780,23453,26196,25337,22283,23768,23957,27113,27586
1	1065	24620	16619,21100,26930,32275,654,2430,1502,2019,28719,27514,31613,32269,2946,4773,5629,7948,3651,5141,4925,4043,5730,6518,6916,7957,6889,6958,8342,9710,8310,4380,5684,9895,9721,12040,9906,11084,12449,14030,9904,8729,11946,15774,16001,14821,18195,18196,18294,18067,17511,19041,20069,20043,19070,21242,22069,19062,12460,22355,10357,22720,22919,21251,23160,23206,16550,21566,14586,23155,24215,26121,23780,23453,26196,25337,22283,23768,23957,27113,27586
0	1065	23928	16619,21100,26930,32275,654,2430,1502,2019,28719,27514,31613,32269,2946,4773,5629,7948,3651,5141,4925,4043,5730,6518,6916,7957,6889,6958,8342,9710,8310,4380,5684,9895,9721,12040,9906,11084,12449,14030,9904,8729,11946,15774,16001,14821,18195,18196,18294,18067,17511,19041,20069,20043,19070,21242,22069,19062,12460,22355,10357,22720,22919,21251,23160,23206,16550,21566,14586,23155,24215,26121,23780,23453,26196,25337,22283,23768,23957,27113,27586,24620
1	1065	26175	16619,21100,26930,32275,654,2430,1502,2019,28719,27514,31613,32269,2946,4773,5629,7948,3651,5141,4925,4043,5730,6518,6916,7957,6889,6958,8342,9710,8310,4380,5684,9895,9721,12040,9906,11084,12449,14030,9904,8729,11946,15774,16001,14821,18195,18196,18294,18067,17511,19041,20069,20043,19070,21242,22069,19062,12460,22355,10357,22720,22919,21251,23160,23206,16550,21566,14586,23155,24215,26121,23780,23453,26196,25337,22283,23768,23957,27113,27586,24620
1	1065	24048	16619,21100,26930,32275,654,2430,1502,2019,28719,27514,31613,32269,2946,4773,5629,7948,3651,5141,4925,4043,5730,6518,6916,7957,6889,6958,8342,9710,8310,4380,5684,9895,9721,12040,9906,11084,12449,14030,9904,8729,11946,15774,16001,14821,18195,18196,18294,18067,17511,19041,20069,20043,19070,21242,22069,19062,12460,22355,10357,22720,22919,21251,23160,23206,16550,21566,14586,23155,24215,26121,23780,23453,26196,25337,22283,23768,23957,27113,27586,24620,26175
0	1065	27853	16619,21100,26930,32275,654,2430,1502,2019,28719,27514,31613,32269,2946,4773,5629,7948,3651,5141,4925,4043,5730,6518,6916,7957,6889,6958,8342,9710,8310,4380,5684,9895,9721,12040,9906,11084,12449,14030,9904,8729,11946,15774,16001,14821,18195,18196,18294,18067,17511,19041,20069,20043,19070,21242,22069,19062,12460,22355,10357,22720,22919,21251,23160,23206,16550,21566,14586,23155,24215,26121,23780,23453,26196,25337,22283,23768,23957,27113,27586,24620,26175,24048
0	1065	27999	16619,21100,26930,32275,654,2430,1502,2019,28719,27514,31613,32269,2946,4773,5629,7948,3651,5141,4925,4043,5730,6518,6916,7957,6889,6958,8342,9710,8310,4380,5684,9895,9721,12040,9906,11084,12449,14030,9904,8729,11946,15774,16001,14821,18195,18196,18294,18067,17511,19041,20069,20043,19070,21242,22069,19062,12460,22355,10357,22720,22919,21251,23160,23206,16550,21566,14586,23155,24215,26121,23780,23453,26196,25337,22283,23768,23957,27113,27586,24620,26175,24048
1	1065	28530	16619,21100,26930,32275,654,2430,1502,2019,28719,27514,31613,32269,2946,4773,5629,7948,3651,5141,4925,4043,5730,6518,6916,7957,6889,6958,8342,9710,8310,4380,5684,9895,9721,12040,9906,11084,12449,14030,9904,8729,11946,15774,16001,14821,18195,18196,18294,18067,17511,19041,20069,20043,19070,21242,22069,19062,12460,22355,10357,22720,22919,21251,23160,23206,16550,21566,14586,23155,24215,26121,23780,23453,26196,25337,22283,23768,23957,27113,27586,24620,26175,24048
0	1065	28439	16619,21100,26930,32275,654,2430,1502,2019,28719,27514,31613,32269,2946,4773,5629,7948,3651,5141,4925,4043,5730,6518,6916,7957,6889,6958,8342,9710,8310,4380,5684,9895,9721,12040,9906,11084,12449,14030,9904,8729,11946,15774,16001,14821,18195,18196,18294,18067,17511,19041,20069,20043,19070,21242,22069,19062,12460,22355,10357,22720,22919,21251,23160,23206,16550,21566,14586,23155,24215,26121,23780,23453,26196,25337,22283,23768,23957,27113,27586,24620,26175,24048,28530
0	1065	14916	16619,21100,26930,32275,654,2430,1502,2019,28719,27514,31613,32269,2946,4773,5629,7948,3651,5141,4925,4043,5730,6518,6916,7957,6889,6958,8342,9710,8310,4380,5684,9895,9721,12040,9906,11084,12449,14030,9904,8729,11946,15774,16001,14821,18195,18196,18294,18067,17511,19041,20069,20043,19070,21242,22069,19062,12460,22355,10357,22720,22919,21251,23160,23206,16550,21566,14586,23155,24215,26121,23780,23453,26196,25337,22283,23768,23957,27113,27586,24620,26175,24048,28530
1	1065	28452	16619,21100,26930,32275,654,2430,1502,2019,28719,27514,31613,32269,2946,4773,5629,7948,3651,5141,4925,4043,5730,6518,6916,7957,6889,6958,8342,9710,8310,4380,5684,9895,9721,12040,9906,11084,12449,14030,9904,8729,11946,15774,16001,14821,18195,18196,18294,18067,17511,19041,20069,20043,19070,21242,22069,19062,12460,22355,10357,22720,22919,21251,23160,23206,16550,21566,14586,23155,24215,26121,23780,23453,26196,25337,22283,23768,23957,27113,27586,24620,26175,24048,28530
0	1065	25826	16619,21100,26930,32275,654,2430,1502,2019,28719,27514,31613,32269,2946,4773,5629,7948,3651,5141,4925,4043,5730,6518,6916,7957,6889,6958,8342,9710,8310,4380,5684,9895,9721,12040,9906,11084,12449,14030,9904,8729,11946,15774,16001,14821,18195,18196,18294,18067,17511,19041,20069,20043,19070,21242,22069,19062,12460,22355,10357,22720,22919,21251,23160,23206,16550,21566,14586,23155,24215,26121,23780,23453,26196,25337,22283,23768,23957,27113,27586,24620,26175,24048,28530,28452
1	1065	25915	16619,21100,26930,32275,654,2430,1502,2019,28719,27514,31613,32269,2946,4773,5629,7948,3651,5141,4925,4043,5730,6518,6916,7957,6889,6958,8342,9710,8310,4380,5684,9895,9721,12040,9906,11084,12449,14030,9904,8729,11946,15774,16001,14821,18195,18196,18294,18067,17511,19041,20069,20043,19070,21242,22069,19062,12460,22355,10357,22720,22919,21251,23160,23206,16550,21566,14586,23155,24215,26121,23780,23453,26196,25337,22283,23768,23957,27113,27586,24620,26175,24048,28530,28452
0	1065	26516	16619,21100,26930,32275,654,2430,1502,2019,28719,27514,31613,32269,2946,4773,5629,7948,3651,5141,4925,4043,5730,6518,6916,7957,6889,6958,8342,9710,8310,4380,5684,9895,9721,12040,9906,11084,12449,14030,9904,8729,11946,15774,16001,14821,18195,18196,18294,18067,17511,19041,20069,20043,19070,21242,22069,19062,12460,22355,10357,22720,22919,21251,23160,23206,16550,21566,14586,23155,24215,26121,23780,23453,26196,25337,22283,23768,23957,27113,27586,24620,26175,24048,28530,28452,25915
1	1065	24495	16619,21100,26930,32275,654,2430,1502,2019,28719,27514,31613,32269,2946,4773,5629,7948,3651,5141,4925,4043,5730,6518,6916,7957,6889,6958,8342,9710,8310,4380,5684,9895,9721,12040,9906,11084,12449,14030,9904,8729,11946,15774,16001,14821,18195,18196,18294,18067,17511,19041,20069,20043,19070,21242,22069,19062,12460,22355,10357,22720,22919,21251,23160,23206,16550,21566,14586,23155,24215,26121,23780,23453,26196,25337,22283,23768,23957,27113,27586,24620,26175,24048,28530,28452,25915
1	1065	28038	16619,21100,26930,32275,654,2430,1502,2019,28719,27514,31613,32269,2946,4773,5629,7948,3651,5141,4925,4043,5730,6518,6916,7957,6889,6958,8342,9710,8310,4380,5684,9895,9721,12040,9906,11084,12449,14030,9904,8729,11946,15774,16001,14821,18195,18196,18294,18067,17511,19041,20069,20043,19070,21242,22069,19062,12460,22355,10357,22720,22919,21251,23160,23206,16550,21566,14586,23155,24215,26121,23780,23453,26196,25337,22283,23768,23957,27113,27586,24620,26175,24048,28530,28452,25915,24495
0	1065	27246	16619,21100,26930,32275,654,2430,1502,2019,28719,27514,31613,32269,2946,4773,5629,7948,3651,5141,4925,4043,5730,6518,6916,7957,6889,6958,8342,9710,8310,4380,5684,9895,9721,12040,9906,11084,12449,14030,9904,8729,11946,15774,16001,14821,18195,18196,18294,18067,17511,19041,20069,20043,19070,21242,22069,19062,12460,22355,10357,22720,22919,21251,23160,23206,16550,21566,14586,23155,24215,26121,23780,23453,26196,25337,22283,23768,23957,27113,27586,24620,26175,24048,28530,28452,25915,24495,28038
1	1065	27644	16619,21100,26930,32275,654,2430,1502,2019,28719,27514,31613,32269,2946,4773,5629,7948,3651,5141,4925,4043,5730,6518,6916,7957,6889,6958,8342,9710,8310,4380,5684,9895,9721,12040,9906,11084,12449,14030,9904,8729,11946,15774,16001,14821,18195,18196,18294,18067,17511,19041,20069,20043,19070,21242,22069,19062,12460,22355,10357,22720,22919,21251,23160,23206,16550,21566,14586,23155,24215,26121,23780,23453,26196,25337,22283,23768,23957,27113,27586,24620,26175,24048,28530,28452,25915,24495,28038
0	1065	18997	16619,21100,26930,32275,654,2430,1502,2019,28719,27514,31613,32269,2946,4773,5629,7948,3651,5141,4925,4043,5730,6518,6916,7957,6889,6958,8342,9710,8310,4380,5684,9895,9721,12040,9906,11084,12449,14030,9904,8729,11946,15774,16001,14821,18195,18196,18294,18067,17511,19041,20069,20043,19070,21242,22069,19062,12460,22355,10357,22720,22919,21251,23160,23206,16550,21566,14586,23155,24215,26121,23780,23453,26196,25337,22283,23768,23957,27113,27586,24620,26175,24048,28530,28452,25915,24495,28038,27644
0	1065	24725	16619,21100,26930,32275,654,2430,1502,2019,28719,27514,31613,32269,2946,4773,5629,7948,3651,5141,4925,4043,5730,6518,6916,7957,6889,6958,8342,9710,8310,4380,5684,9895,9721,12040,9906,11084,12449,14030,9904,8729,11946,15774,16001,14821,18195,18196,18294,18067,17511,19041,20069,20043,19070,21242,22069,19062,12460,22355,10357,22720,22919,21251,23160,23206,16550,21566,14586,23155,24215,26121,23780,23453,26196,25337,22283,23768,23957,27113,27586,24620,26175,24048,28530,28452,25915,24495,28038,27644
0	1065	29260	16619,21100,26930,32275,654,2430,1502,2019,28719,27514,31613,32269,2946,4773,5629,7948,3651,5141,4925,4043,5730,6518,6916,7957,6889,6958,8342,9710,8310,4380,5684,9895,9721,12040,9906,11084,12449,14030,9904,8729,11946,15774,16001,14821,18195,18196,18294,18067,17511,19041,20069,20043,19070,21242,22069,19062,12460,22355,10357,22720,22919,21251,23160,23206,16550,21566,14586,23155,24215,26121,23780,23453,26196,25337,22283,23768,23957,27113,27586,24620,26175,24048,28530,28452,25915,24495,28038,27644
