1	278	30395	0
1	278	831	30395
0	278	700	30395,831
1	278	6733	30395,831
1	278	6991	30395,831,6733
1	278	5027	30395,831,6733,6991
1	278	5147	30395,831,6733,6991,5027
0	278	8782	30395,831,6733,6991,5027,5147
1	278	12507	30395,831,6733,6991,5027,5147
1	278	7887	30395,831,6733,6991,5027,5147,12507
1	278	31669	30395,831,6733,6991,5027,5147,12507,7887
1	278	5622	30395,831,6733,6991,5027,5147,12507,7887,31669
1	278	23879	30395,831,6733,6991,5027,5147,12507,7887,31669,5622
1	278	2323	30395,831,6733,6991,5027,5147,12507,7887,31669,5622,23879
1	278	15301	30395,831,6733,6991,5027,5147,12507,7887,31669,5622,23879,2323
1	278	14595	30395,831,6733,6991,5027,5147,12507,7887,31669,5622,23879,2323,15301
1	278	21150	30395,831,6733,6991,5027,5147,12507,7887,31669,5622,23879,2323,15301,14595
1	278	18232	30395,831,6733,6991,5027,5147,12507,7887,31669,5622,23879,2323,15301,14595,21150
1	278	25705	30395,831,6733,6991,5027,5147,12507,7887,31669,5622,23879,2323,15301,14595,21150,18232
1	278	25450	30395,831,6733,6991,5027,5147,12507,7887,31669,5622,23879,2323,15301,14595,21150,18232,25705
1	278	2353	30395,831,6733,6991,5027,5147,12507,7887,31669,5622,23879,2323,15301,14595,21150,18232,25705,25450
1	278	7472	30395,831,6733,6991,5027,5147,12507,7887,31669,5622,23879,2323,15301,14595,21150,18232,25705,25450,2353
1	278	21713	30395,831,6733,6991,5027,5147,12507,7887,31669,5622,23879,2323,15301,14595,21150,18232,25705,25450,2353,7472
1	278	26778	30395,831,6733,6991,5027,5147,12507,7887,31669,5622,23879,2323,15301,14595,21150,18232,25705,25450,2353,7472,21713
1	278	25988	30395,831,6733,6991,5027,5147,12507,7887,31669,5622,23879,2323,15301,14595,21150,18232,25705,25450,2353,7472,21713,26778
1	278	119	30395,831,6733,6991,5027,5147,12507,7887,31669,5622,23879,2323,15301,14595,21150,18232,25705,25450,2353,7472,21713,26778,25988
1	278	11715	30395,831,6733,6991,5027,5147,12507,7887,31669,5622,23879,2323,15301,14595,21150,18232,25705,25450,2353,7472,21713,26778,25988,119
1	278	15513	30395,831,6733,6991,5027,5147,12507,7887,31669,5622,23879,2323,15301,14595,21150,18232,25705,25450,2353,7472,21713,26778,25988,119,11715
1	278	28872	30395,831,6733,6991,5027,5147,12507,7887,31669,5622,23879,2323,15301,14595,21150,18232,25705,25450,2353,7472,21713,26778,25988,119,11715,15513
1	278	8945	30395,831,6733,6991,5027,5147,12507,7887,31669,5622,23879,2323,15301,14595,21150,18232,25705,25450,2353,7472,21713,26778,25988,119,11715,15513,28872
1	278	10078	30395,831,6733,6991,5027,5147,12507,7887,31669,5622,23879,2323,15301,14595,21150,18232,25705,25450,2353,7472,21713,26778,25988,119,11715,15513,28872,8945
1	278	6152	30395,831,6733,6991,5027,5147,12507,7887,31669,5622,23879,2323,15301,14595,21150,18232,25705,25450,2353,7472,21713,26778,25988,119,11715,15513,28872,8945,10078
1	278	14966	30395,831,6733,6991,5027,5147,12507,7887,31669,5622,23879,2323,15301,14595,21150,18232,25705,25450,2353,7472,21713,26778,25988,119,11715,15513,28872,8945,10078,6152
1	278	15574	30395,831,6733,6991,5027,5147,12507,7887,31669,5622,23879,2323,15301,14595,21150,18232,25705,25450,2353,7472,21713,26778,25988,119,11715,15513,28872,8945,10078,6152,14966
1	278	15593	30395,831,6733,6991,5027,5147,12507,7887,31669,5622,23879,2323,15301,14595,21150,18232,25705,25450,2353,7472,21713,26778,25988,119,11715,15513,28872,8945,10078,6152,14966,15574
