0	1156	12802	0
0	1156	16119	0
0	1156	23167	0
0	1156	31254	0
0	1156	8793	0
0	1156	26009	0
0	1156	24380	0
0	1156	30947	0
0	1156	14693	0
1	1156	32581	0
0	1156	32011	32581
1	1156	32931	32581
0	1156	33074	32581,32931
1	1156	1406	32581,32931
1	1156	30559	32581,32931,1406
0	1156	31514	32581,32931,1406,30559
1	1156	32935	32581,32931,1406,30559
0	1156	32751	32581,32931,1406,30559,32935
0	1156	30948	32581,32931,1406,30559,32935
0	1156	12937	32581,32931,1406,30559,32935
0	1156	32562	32581,32931,1406,30559,32935
0	1156	658	32581,32931,1406,30559,32935
0	1156	657	32581,32931,1406,30559,32935
1	1156	8950	32581,32931,1406,30559,32935
1	1156	5204	32581,32931,1406,30559,32935,8950
0	1156	5523	32581,32931,1406,30559,32935,8950,5204
0	1156	671	32581,32931,1406,30559,32935,8950,5204
1	1156	3079	32581,32931,1406,30559,32935,8950,5204
0	1156	26930	32581,32931,1406,30559,32935,8950,5204,3079
0	1156	2102	32581,32931,1406,30559,32935,8950,5204,3079
0	1156	3755	32581,32931,1406,30559,32935,8950,5204,3079
0	1156	8488	32581,32931,1406,30559,32935,8950,5204,3079
0	1156	8629	32581,32931,1406,30559,32935,8950,5204,3079
0	1156	8877	32581,32931,1406,30559,32935,8950,5204,3079
0	1156	473	32581,32931,1406,30559,32935,8950,5204,3079
0	1156	281	32581,32931,1406,30559,32935,8950,5204,3079
0	1156	8570	32581,32931,1406,30559,32935,8950,5204,3079
1	1156	3710	32581,32931,1406,30559,32935,8950,5204,3079
1	1156	4732	32581,32931,1406,30559,32935,8950,5204,3079,3710
0	1156	10142	32581,32931,1406,30559,32935,8950,5204,3079,3710,4732
1	1156	12576	32581,32931,1406,30559,32935,8950,5204,3079,3710,4732
0	1156	13878	32581,32931,1406,30559,32935,8950,5204,3079,3710,4732,12576
0	1156	15019	32581,32931,1406,30559,32935,8950,5204,3079,3710,4732,12576
0	1156	11870	32581,32931,1406,30559,32935,8950,5204,3079,3710,4732,12576
0	1156	14094	32581,32931,1406,30559,32935,8950,5204,3079,3710,4732,12576
0	1156	16615	32581,32931,1406,30559,32935,8950,5204,3079,3710,4732,12576
1	1156	16753	32581,32931,1406,30559,32935,8950,5204,3079,3710,4732,12576
1	1156	31660	32581,32931,1406,30559,32935,8950,5204,3079,3710,4732,12576,16753
1	1156	31610	32581,32931,1406,30559,32935,8950,5204,3079,3710,4732,12576,16753,31660
1	1156	18329	32581,32931,1406,30559,32935,8950,5204,3079,3710,4732,12576,16753,31660,31610
0	1156	14884	32581,32931,1406,30559,32935,8950,5204,3079,3710,4732,12576,16753,31660,31610,18329
0	1156	19875	32581,32931,1406,30559,32935,8950,5204,3079,3710,4732,12576,16753,31660,31610,18329
1	1156	9968	32581,32931,1406,30559,32935,8950,5204,3079,3710,4732,12576,16753,31660,31610,18329
1	1156	20373	32581,32931,1406,30559,32935,8950,5204,3079,3710,4732,12576,16753,31660,31610,18329,9968
0	1156	12128	32581,32931,1406,30559,32935,8950,5204,3079,3710,4732,12576,16753,31660,31610,18329,9968,20373
0	1156	19607	32581,32931,1406,30559,32935,8950,5204,3079,3710,4732,12576,16753,31660,31610,18329,9968,20373
1	1156	16019	32581,32931,1406,30559,32935,8950,5204,3079,3710,4732,12576,16753,31660,31610,18329,9968,20373
1	1156	14078	32581,32931,1406,30559,32935,8950,5204,3079,3710,4732,12576,16753,31660,31610,18329,9968,20373,16019
0	1156	20343	32581,32931,1406,30559,32935,8950,5204,3079,3710,4732,12576,16753,31660,31610,18329,9968,20373,16019,14078
1	1156	20376	32581,32931,1406,30559,32935,8950,5204,3079,3710,4732,12576,16753,31660,31610,18329,9968,20373,16019,14078
0	1156	19827	32581,32931,1406,30559,32935,8950,5204,3079,3710,4732,12576,16753,31660,31610,18329,9968,20373,16019,14078,20376
1	1156	19876	32581,32931,1406,30559,32935,8950,5204,3079,3710,4732,12576,16753,31660,31610,18329,9968,20373,16019,14078,20376
1	1156	22098	32581,32931,1406,30559,32935,8950,5204,3079,3710,4732,12576,16753,31660,31610,18329,9968,20373,16019,14078,20376,19876
1	1156	19336	32581,32931,1406,30559,32935,8950,5204,3079,3710,4732,12576,16753,31660,31610,18329,9968,20373,16019,14078,20376,19876,22098
0	1156	19030	32581,32931,1406,30559,32935,8950,5204,3079,3710,4732,12576,16753,31660,31610,18329,9968,20373,16019,14078,20376,19876,22098,19336
1	1156	31057	32581,32931,1406,30559,32935,8950,5204,3079,3710,4732,12576,16753,31660,31610,18329,9968,20373,16019,14078,20376,19876,22098,19336
0	1156	16889	32581,32931,1406,30559,32935,8950,5204,3079,3710,4732,12576,16753,31660,31610,18329,9968,20373,16019,14078,20376,19876,22098,19336,31057
0	1156	19108	32581,32931,1406,30559,32935,8950,5204,3079,3710,4732,12576,16753,31660,31610,18329,9968,20373,16019,14078,20376,19876,22098,19336,31057
1	1156	21598	32581,32931,1406,30559,32935,8950,5204,3079,3710,4732,12576,16753,31660,31610,18329,9968,20373,16019,14078,20376,19876,22098,19336,31057
0	1156	21039	32581,32931,1406,30559,32935,8950,5204,3079,3710,4732,12576,16753,31660,31610,18329,9968,20373,16019,14078,20376,19876,22098,19336,31057,21598
1	1156	25629	32581,32931,1406,30559,32935,8950,5204,3079,3710,4732,12576,16753,31660,31610,18329,9968,20373,16019,14078,20376,19876,22098,19336,31057,21598
1	1156	2737	32581,32931,1406,30559,32935,8950,5204,3079,3710,4732,12576,16753,31660,31610,18329,9968,20373,16019,14078,20376,19876,22098,19336,31057,21598,25629
1	1156	13857	32581,32931,1406,30559,32935,8950,5204,3079,3710,4732,12576,16753,31660,31610,18329,9968,20373,16019,14078,20376,19876,22098,19336,31057,21598,25629,2737
0	1156	22205	32581,32931,1406,30559,32935,8950,5204,3079,3710,4732,12576,16753,31660,31610,18329,9968,20373,16019,14078,20376,19876,22098,19336,31057,21598,25629,2737,13857
0	1156	30683	32581,32931,1406,30559,32935,8950,5204,3079,3710,4732,12576,16753,31660,31610,18329,9968,20373,16019,14078,20376,19876,22098,19336,31057,21598,25629,2737,13857
1	1156	1719	32581,32931,1406,30559,32935,8950,5204,3079,3710,4732,12576,16753,31660,31610,18329,9968,20373,16019,14078,20376,19876,22098,19336,31057,21598,25629,2737,13857
0	1156	17196	32581,32931,1406,30559,32935,8950,5204,3079,3710,4732,12576,16753,31660,31610,18329,9968,20373,16019,14078,20376,19876,22098,19336,31057,21598,25629,2737,13857,1719
0	1156	25002	32581,32931,1406,30559,32935,8950,5204,3079,3710,4732,12576,16753,31660,31610,18329,9968,20373,16019,14078,20376,19876,22098,19336,31057,21598,25629,2737,13857,1719
0	1156	15615	32581,32931,1406,30559,32935,8950,5204,3079,3710,4732,12576,16753,31660,31610,18329,9968,20373,16019,14078,20376,19876,22098,19336,31057,21598,25629,2737,13857,1719
0	1156	26776	32581,32931,1406,30559,32935,8950,5204,3079,3710,4732,12576,16753,31660,31610,18329,9968,20373,16019,14078,20376,19876,22098,19336,31057,21598,25629,2737,13857,1719
1	1156	19584	32581,32931,1406,30559,32935,8950,5204,3079,3710,4732,12576,16753,31660,31610,18329,9968,20373,16019,14078,20376,19876,22098,19336,31057,21598,25629,2737,13857,1719
1	1156	28514	32581,32931,1406,30559,32935,8950,5204,3079,3710,4732,12576,16753,31660,31610,18329,9968,20373,16019,14078,20376,19876,22098,19336,31057,21598,25629,2737,13857,1719,19584
0	1156	27453	32581,32931,1406,30559,32935,8950,5204,3079,3710,4732,12576,16753,31660,31610,18329,9968,20373,16019,14078,20376,19876,22098,19336,31057,21598,25629,2737,13857,1719,19584,28514
0	1156	19115	32581,32931,1406,30559,32935,8950,5204,3079,3710,4732,12576,16753,31660,31610,18329,9968,20373,16019,14078,20376,19876,22098,19336,31057,21598,25629,2737,13857,1719,19584,28514
1	1156	28523	32581,32931,1406,30559,32935,8950,5204,3079,3710,4732,12576,16753,31660,31610,18329,9968,20373,16019,14078,20376,19876,22098,19336,31057,21598,25629,2737,13857,1719,19584,28514
1	1156	27750	32581,32931,1406,30559,32935,8950,5204,3079,3710,4732,12576,16753,31660,31610,18329,9968,20373,16019,14078,20376,19876,22098,19336,31057,21598,25629,2737,13857,1719,19584,28514,28523
1	1156	28647	32581,32931,1406,30559,32935,8950,5204,3079,3710,4732,12576,16753,31660,31610,18329,9968,20373,16019,14078,20376,19876,22098,19336,31057,21598,25629,2737,13857,1719,19584,28514,28523,27750
0	1156	4508	32581,32931,1406,30559,32935,8950,5204,3079,3710,4732,12576,16753,31660,31610,18329,9968,20373,16019,14078,20376,19876,22098,19336,31057,21598,25629,2737,13857,1719,19584,28514,28523,27750,28647
1	1156	14375	32581,32931,1406,30559,32935,8950,5204,3079,3710,4732,12576,16753,31660,31610,18329,9968,20373,16019,14078,20376,19876,22098,19336,31057,21598,25629,2737,13857,1719,19584,28514,28523,27750,28647
0	1156	20085	32581,32931,1406,30559,32935,8950,5204,3079,3710,4732,12576,16753,31660,31610,18329,9968,20373,16019,14078,20376,19876,22098,19336,31057,21598,25629,2737,13857,1719,19584,28514,28523,27750,28647,14375
0	1156	16635	32581,32931,1406,30559,32935,8950,5204,3079,3710,4732,12576,16753,31660,31610,18329,9968,20373,16019,14078,20376,19876,22098,19336,31057,21598,25629,2737,13857,1719,19584,28514,28523,27750,28647,14375
