1	145	907	0
1	145	28942	907
1	145	31292	907,28942
1	145	18298	907,28942,31292
0	145	19078	907,28942,31292,18298
1	145	315	907,28942,31292,18298
1	145	1708	907,28942,31292,18298,315
0	145	2257	907,28942,31292,18298,315,1708
1	145	10144	907,28942,31292,18298,315,1708
1	145	10877	907,28942,31292,18298,315,1708,10144
1	145	17022	907,28942,31292,18298,315,1708,10144,10877
1	145	13008	907,28942,31292,18298,315,1708,10144,10877,17022
0	145	2842	907,28942,31292,18298,315,1708,10144,10877,17022,13008
1	145	32029	907,28942,31292,18298,315,1708,10144,10877,17022,13008
1	145	6161	907,28942,31292,18298,315,1708,10144,10877,17022,13008,32029
1	145	4410	907,28942,31292,18298,315,1708,10144,10877,17022,13008,32029,6161
1	145	26677	907,28942,31292,18298,315,1708,10144,10877,17022,13008,32029,6161,4410
1	145	19548	907,28942,31292,18298,315,1708,10144,10877,17022,13008,32029,6161,4410,26677
1	145	13057	907,28942,31292,18298,315,1708,10144,10877,17022,13008,32029,6161,4410,26677,19548
1	145	19229	907,28942,31292,18298,315,1708,10144,10877,17022,13008,32029,6161,4410,26677,19548,13057
0	145	11327	907,28942,31292,18298,315,1708,10144,10877,17022,13008,32029,6161,4410,26677,19548,13057,19229
1	145	6690	907,28942,31292,18298,315,1708,10144,10877,17022,13008,32029,6161,4410,26677,19548,13057,19229
0	145	4249	907,28942,31292,18298,315,1708,10144,10877,17022,13008,32029,6161,4410,26677,19548,13057,19229,6690
1	145	13920	907,28942,31292,18298,315,1708,10144,10877,17022,13008,32029,6161,4410,26677,19548,13057,19229,6690
1	145	15775	907,28942,31292,18298,315,1708,10144,10877,17022,13008,32029,6161,4410,26677,19548,13057,19229,6690,13920
1	145	1505	907,28942,31292,18298,315,1708,10144,10877,17022,13008,32029,6161,4410,26677,19548,13057,19229,6690,13920,15775
1	145	12294	907,28942,31292,18298,315,1708,10144,10877,17022,13008,32029,6161,4410,26677,19548,13057,19229,6690,13920,15775,1505
1	145	13768	907,28942,31292,18298,315,1708,10144,10877,17022,13008,32029,6161,4410,26677,19548,13057,19229,6690,13920,15775,1505,12294
1	145	5237	907,28942,31292,18298,315,1708,10144,10877,17022,13008,32029,6161,4410,26677,19548,13057,19229,6690,13920,15775,1505,12294,13768
1	145	3754	907,28942,31292,18298,315,1708,10144,10877,17022,13008,32029,6161,4410,26677,19548,13057,19229,6690,13920,15775,1505,12294,13768,5237
1	145	12886	907,28942,31292,18298,315,1708,10144,10877,17022,13008,32029,6161,4410,26677,19548,13057,19229,6690,13920,15775,1505,12294,13768,5237,3754
1	145	17447	907,28942,31292,18298,315,1708,10144,10877,17022,13008,32029,6161,4410,26677,19548,13057,19229,6690,13920,15775,1505,12294,13768,5237,3754,12886
1	145	14651	907,28942,31292,18298,315,1708,10144,10877,17022,13008,32029,6161,4410,26677,19548,13057,19229,6690,13920,15775,1505,12294,13768,5237,3754,12886,17447
0	145	16778	907,28942,31292,18298,315,1708,10144,10877,17022,13008,32029,6161,4410,26677,19548,13057,19229,6690,13920,15775,1505,12294,13768,5237,3754,12886,17447,14651
1	145	3930	907,28942,31292,18298,315,1708,10144,10877,17022,13008,32029,6161,4410,26677,19548,13057,19229,6690,13920,15775,1505,12294,13768,5237,3754,12886,17447,14651
1	145	821	907,28942,31292,18298,315,1708,10144,10877,17022,13008,32029,6161,4410,26677,19548,13057,19229,6690,13920,15775,1505,12294,13768,5237,3754,12886,17447,14651,3930
1	145	9344	907,28942,31292,18298,315,1708,10144,10877,17022,13008,32029,6161,4410,26677,19548,13057,19229,6690,13920,15775,1505,12294,13768,5237,3754,12886,17447,14651,3930,821
1	145	15967	907,28942,31292,18298,315,1708,10144,10877,17022,13008,32029,6161,4410,26677,19548,13057,19229,6690,13920,15775,1505,12294,13768,5237,3754,12886,17447,14651,3930,821,9344
1	145	16235	907,28942,31292,18298,315,1708,10144,10877,17022,13008,32029,6161,4410,26677,19548,13057,19229,6690,13920,15775,1505,12294,13768,5237,3754,12886,17447,14651,3930,821,9344,15967
0	145	11932	907,28942,31292,18298,315,1708,10144,10877,17022,13008,32029,6161,4410,26677,19548,13057,19229,6690,13920,15775,1505,12294,13768,5237,3754,12886,17447,14651,3930,821,9344,15967,16235
1	145	15355	907,28942,31292,18298,315,1708,10144,10877,17022,13008,32029,6161,4410,26677,19548,13057,19229,6690,13920,15775,1505,12294,13768,5237,3754,12886,17447,14651,3930,821,9344,15967,16235
1	145	22331	907,28942,31292,18298,315,1708,10144,10877,17022,13008,32029,6161,4410,26677,19548,13057,19229,6690,13920,15775,1505,12294,13768,5237,3754,12886,17447,14651,3930,821,9344,15967,16235,15355
