0	1800	2527	0
1	1800	5357	0
0	1800	1183	5357
1	1800	6798	5357
1	1800	5061	5357,6798
1	1800	5395	5357,6798,5061
1	1800	11340	5357,6798,5061,5395
1	1800	371	5357,6798,5061,5395,11340
0	1800	13596	5357,6798,5061,5395,11340,371
0	1800	16425	5357,6798,5061,5395,11340,371
0	1800	17666	5357,6798,5061,5395,11340,371
0	1800	17668	5357,6798,5061,5395,11340,371
0	1800	10841	5357,6798,5061,5395,11340,371
0	1800	15900	5357,6798,5061,5395,11340,371
1	1800	1182	5357,6798,5061,5395,11340,371
1	1800	5222	5357,6798,5061,5395,11340,371,1182
1	1800	8945	5357,6798,5061,5395,11340,371,1182,5222
0	1800	10078	5357,6798,5061,5395,11340,371,1182,5222,8945
1	1800	18639	5357,6798,5061,5395,11340,371,1182,5222,8945
0	1800	19185	5357,6798,5061,5395,11340,371,1182,5222,8945,18639
1	1800	31640	5357,6798,5061,5395,11340,371,1182,5222,8945,18639
1	1800	4058	5357,6798,5061,5395,11340,371,1182,5222,8945,18639,31640
0	1800	4898	5357,6798,5061,5395,11340,371,1182,5222,8945,18639,31640,4058
1	1800	20442	5357,6798,5061,5395,11340,371,1182,5222,8945,18639,31640,4058
1	1800	22389	5357,6798,5061,5395,11340,371,1182,5222,8945,18639,31640,4058,20442
0	1800	19892	5357,6798,5061,5395,11340,371,1182,5222,8945,18639,31640,4058,20442,22389
0	1800	25939	5357,6798,5061,5395,11340,371,1182,5222,8945,18639,31640,4058,20442,22389
1	1800	25940	5357,6798,5061,5395,11340,371,1182,5222,8945,18639,31640,4058,20442,22389
0	1800	21284	5357,6798,5061,5395,11340,371,1182,5222,8945,18639,31640,4058,20442,22389,25940
0	1800	2306	5357,6798,5061,5395,11340,371,1182,5222,8945,18639,31640,4058,20442,22389,25940
1	1800	8459	5357,6798,5061,5395,11340,371,1182,5222,8945,18639,31640,4058,20442,22389,25940
1	1800	12513	5357,6798,5061,5395,11340,371,1182,5222,8945,18639,31640,4058,20442,22389,25940,8459
1	1800	13217	5357,6798,5061,5395,11340,371,1182,5222,8945,18639,31640,4058,20442,22389,25940,8459,12513
0	1800	13407	5357,6798,5061,5395,11340,371,1182,5222,8945,18639,31640,4058,20442,22389,25940,8459,12513,13217
0	1800	19170	5357,6798,5061,5395,11340,371,1182,5222,8945,18639,31640,4058,20442,22389,25940,8459,12513,13217
