1	1749	31051	0
1	1749	28441	31051
0	1749	32099	31051,28441
0	1749	1048	31051,28441
0	1749	822	31051,28441
0	1749	1000	31051,28441
0	1749	26875	31051,28441
0	1749	2782	31051,28441
1	1749	18109	31051,28441
1	1749	4127	31051,28441,18109
1	1749	1708	31051,28441,18109,4127
1	1749	16396	31051,28441,18109,4127,1708
1	1749	3040	31051,28441,18109,4127,1708,16396
0	1749	6681	31051,28441,18109,4127,1708,16396,3040
0	1749	6306	31051,28441,18109,4127,1708,16396,3040
0	1749	11142	31051,28441,18109,4127,1708,16396,3040
1	1749	22317	31051,28441,18109,4127,1708,16396,3040
0	1749	8330	31051,28441,18109,4127,1708,16396,3040,22317
1	1749	4647	31051,28441,18109,4127,1708,16396,3040,22317
0	1749	2474	31051,28441,18109,4127,1708,16396,3040,22317,4647
0	1749	4857	31051,28441,18109,4127,1708,16396,3040,22317,4647
1	1749	3043	31051,28441,18109,4127,1708,16396,3040,22317,4647
1	1749	2150	31051,28441,18109,4127,1708,16396,3040,22317,4647,3043
0	1749	10382	31051,28441,18109,4127,1708,16396,3040,22317,4647,3043,2150
0	1749	10781	31051,28441,18109,4127,1708,16396,3040,22317,4647,3043,2150
0	1749	10472	31051,28441,18109,4127,1708,16396,3040,22317,4647,3043,2150
0	1749	9726	31051,28441,18109,4127,1708,16396,3040,22317,4647,3043,2150
1	1749	32672	31051,28441,18109,4127,1708,16396,3040,22317,4647,3043,2150
1	1749	11125	31051,28441,18109,4127,1708,16396,3040,22317,4647,3043,2150,32672
0	1749	9009	31051,28441,18109,4127,1708,16396,3040,22317,4647,3043,2150,32672,11125
1	1749	4059	31051,28441,18109,4127,1708,16396,3040,22317,4647,3043,2150,32672,11125
0	1749	13431	31051,28441,18109,4127,1708,16396,3040,22317,4647,3043,2150,32672,11125,4059
1	1749	10891	31051,28441,18109,4127,1708,16396,3040,22317,4647,3043,2150,32672,11125,4059
1	1749	6503	31051,28441,18109,4127,1708,16396,3040,22317,4647,3043,2150,32672,11125,4059,10891
0	1749	12643	31051,28441,18109,4127,1708,16396,3040,22317,4647,3043,2150,32672,11125,4059,10891,6503
0	1749	10350	31051,28441,18109,4127,1708,16396,3040,22317,4647,3043,2150,32672,11125,4059,10891,6503
1	1749	11765	31051,28441,18109,4127,1708,16396,3040,22317,4647,3043,2150,32672,11125,4059,10891,6503
1	1749	10561	31051,28441,18109,4127,1708,16396,3040,22317,4647,3043,2150,32672,11125,4059,10891,6503,11765
1	1749	13818	31051,28441,18109,4127,1708,16396,3040,22317,4647,3043,2150,32672,11125,4059,10891,6503,11765,10561
0	1749	14948	31051,28441,18109,4127,1708,16396,3040,22317,4647,3043,2150,32672,11125,4059,10891,6503,11765,10561,13818
0	1749	11414	31051,28441,18109,4127,1708,16396,3040,22317,4647,3043,2150,32672,11125,4059,10891,6503,11765,10561,13818
1	1749	16997	31051,28441,18109,4127,1708,16396,3040,22317,4647,3043,2150,32672,11125,4059,10891,6503,11765,10561,13818
0	1749	17258	31051,28441,18109,4127,1708,16396,3040,22317,4647,3043,2150,32672,11125,4059,10891,6503,11765,10561,13818,16997
1	1749	18672	31051,28441,18109,4127,1708,16396,3040,22317,4647,3043,2150,32672,11125,4059,10891,6503,11765,10561,13818,16997
0	1749	16292	31051,28441,18109,4127,1708,16396,3040,22317,4647,3043,2150,32672,11125,4059,10891,6503,11765,10561,13818,16997,18672
0	1749	4583	31051,28441,18109,4127,1708,16396,3040,22317,4647,3043,2150,32672,11125,4059,10891,6503,11765,10561,13818,16997,18672
0	1749	12664	31051,28441,18109,4127,1708,16396,3040,22317,4647,3043,2150,32672,11125,4059,10891,6503,11765,10561,13818,16997,18672
0	1749	13660	31051,28441,18109,4127,1708,16396,3040,22317,4647,3043,2150,32672,11125,4059,10891,6503,11765,10561,13818,16997,18672
1	1749	20159	31051,28441,18109,4127,1708,16396,3040,22317,4647,3043,2150,32672,11125,4059,10891,6503,11765,10561,13818,16997,18672
1	1749	3092	31051,28441,18109,4127,1708,16396,3040,22317,4647,3043,2150,32672,11125,4059,10891,6503,11765,10561,13818,16997,18672,20159
0	1749	20268	31051,28441,18109,4127,1708,16396,3040,22317,4647,3043,2150,32672,11125,4059,10891,6503,11765,10561,13818,16997,18672,20159,3092
0	1749	17629	31051,28441,18109,4127,1708,16396,3040,22317,4647,3043,2150,32672,11125,4059,10891,6503,11765,10561,13818,16997,18672,20159,3092
1	1749	14300	31051,28441,18109,4127,1708,16396,3040,22317,4647,3043,2150,32672,11125,4059,10891,6503,11765,10561,13818,16997,18672,20159,3092
0	1749	17676	31051,28441,18109,4127,1708,16396,3040,22317,4647,3043,2150,32672,11125,4059,10891,6503,11765,10561,13818,16997,18672,20159,3092,14300
0	1749	22217	31051,28441,18109,4127,1708,16396,3040,22317,4647,3043,2150,32672,11125,4059,10891,6503,11765,10561,13818,16997,18672,20159,3092,14300
0	1749	23447	31051,28441,18109,4127,1708,16396,3040,22317,4647,3043,2150,32672,11125,4059,10891,6503,11765,10561,13818,16997,18672,20159,3092,14300
0	1749	17040	31051,28441,18109,4127,1708,16396,3040,22317,4647,3043,2150,32672,11125,4059,10891,6503,11765,10561,13818,16997,18672,20159,3092,14300
0	1749	24181	31051,28441,18109,4127,1708,16396,3040,22317,4647,3043,2150,32672,11125,4059,10891,6503,11765,10561,13818,16997,18672,20159,3092,14300
0	1749	11883	31051,28441,18109,4127,1708,16396,3040,22317,4647,3043,2150,32672,11125,4059,10891,6503,11765,10561,13818,16997,18672,20159,3092,14300
0	1749	25113	31051,28441,18109,4127,1708,16396,3040,22317,4647,3043,2150,32672,11125,4059,10891,6503,11765,10561,13818,16997,18672,20159,3092,14300
0	1749	23780	31051,28441,18109,4127,1708,16396,3040,22317,4647,3043,2150,32672,11125,4059,10891,6503,11765,10561,13818,16997,18672,20159,3092,14300
1	1749	9851	31051,28441,18109,4127,1708,16396,3040,22317,4647,3043,2150,32672,11125,4059,10891,6503,11765,10561,13818,16997,18672,20159,3092,14300
0	1749	20417	31051,28441,18109,4127,1708,16396,3040,22317,4647,3043,2150,32672,11125,4059,10891,6503,11765,10561,13818,16997,18672,20159,3092,14300,9851
0	1749	27690	31051,28441,18109,4127,1708,16396,3040,22317,4647,3043,2150,32672,11125,4059,10891,6503,11765,10561,13818,16997,18672,20159,3092,14300,9851
1	1749	27439	31051,28441,18109,4127,1708,16396,3040,22317,4647,3043,2150,32672,11125,4059,10891,6503,11765,10561,13818,16997,18672,20159,3092,14300,9851
0	1749	27382	31051,28441,18109,4127,1708,16396,3040,22317,4647,3043,2150,32672,11125,4059,10891,6503,11765,10561,13818,16997,18672,20159,3092,14300,9851,27439
