1	184	9289	0
1	184	6762	9289
1	184	8629	9289,6762
0	184	1745	9289,6762,8629
0	184	15138	9289,6762,8629
1	184	11278	9289,6762,8629
1	184	17805	9289,6762,8629,11278
0	184	16023	9289,6762,8629,11278,17805
1	184	16214	9289,6762,8629,11278,17805
1	184	18436	9289,6762,8629,11278,17805,16214
1	184	1511	9289,6762,8629,11278,17805,16214,18436
1	184	15871	9289,6762,8629,11278,17805,16214,18436,1511
0	184	21959	9289,6762,8629,11278,17805,16214,18436,1511,15871
0	184	19232	9289,6762,8629,11278,17805,16214,18436,1511,15871
0	184	20785	9289,6762,8629,11278,17805,16214,18436,1511,15871
0	184	22352	9289,6762,8629,11278,17805,16214,18436,1511,15871
1	184	8535	9289,6762,8629,11278,17805,16214,18436,1511,15871
1	184	23490	9289,6762,8629,11278,17805,16214,18436,1511,15871,8535
1	184	20681	9289,6762,8629,11278,17805,16214,18436,1511,15871,8535,23490
1	184	24731	9289,6762,8629,11278,17805,16214,18436,1511,15871,8535,23490,20681
1	184	23449	9289,6762,8629,11278,17805,16214,18436,1511,15871,8535,23490,20681,24731
1	184	24789	9289,6762,8629,11278,17805,16214,18436,1511,15871,8535,23490,20681,24731,23449
1	184	16426	9289,6762,8629,11278,17805,16214,18436,1511,15871,8535,23490,20681,24731,23449,24789
1	184	23768	9289,6762,8629,11278,17805,16214,18436,1511,15871,8535,23490,20681,24731,23449,24789,16426
0	184	24507	9289,6762,8629,11278,17805,16214,18436,1511,15871,8535,23490,20681,24731,23449,24789,16426,23768
1	184	25408	9289,6762,8629,11278,17805,16214,18436,1511,15871,8535,23490,20681,24731,23449,24789,16426,23768
0	184	25434	9289,6762,8629,11278,17805,16214,18436,1511,15871,8535,23490,20681,24731,23449,24789,16426,23768,25408
0	184	26164	9289,6762,8629,11278,17805,16214,18436,1511,15871,8535,23490,20681,24731,23449,24789,16426,23768,25408
1	184	26915	9289,6762,8629,11278,17805,16214,18436,1511,15871,8535,23490,20681,24731,23449,24789,16426,23768,25408
0	184	18736	9289,6762,8629,11278,17805,16214,18436,1511,15871,8535,23490,20681,24731,23449,24789,16426,23768,25408,26915
1	184	27367	9289,6762,8629,11278,17805,16214,18436,1511,15871,8535,23490,20681,24731,23449,24789,16426,23768,25408,26915
1	184	27703	9289,6762,8629,11278,17805,16214,18436,1511,15871,8535,23490,20681,24731,23449,24789,16426,23768,25408,26915,27367
1	184	27830	9289,6762,8629,11278,17805,16214,18436,1511,15871,8535,23490,20681,24731,23449,24789,16426,23768,25408,26915,27367,27703
1	184	9546	9289,6762,8629,11278,17805,16214,18436,1511,15871,8535,23490,20681,24731,23449,24789,16426,23768,25408,26915,27367,27703,27830
1	184	28299	9289,6762,8629,11278,17805,16214,18436,1511,15871,8535,23490,20681,24731,23449,24789,16426,23768,25408,26915,27367,27703,27830,9546
1	184	28547	9289,6762,8629,11278,17805,16214,18436,1511,15871,8535,23490,20681,24731,23449,24789,16426,23768,25408,26915,27367,27703,27830,9546,28299
0	184	26516	9289,6762,8629,11278,17805,16214,18436,1511,15871,8535,23490,20681,24731,23449,24789,16426,23768,25408,26915,27367,27703,27830,9546,28299,28547
1	184	29440	9289,6762,8629,11278,17805,16214,18436,1511,15871,8535,23490,20681,24731,23449,24789,16426,23768,25408,26915,27367,27703,27830,9546,28299,28547
1	184	29575	9289,6762,8629,11278,17805,16214,18436,1511,15871,8535,23490,20681,24731,23449,24789,16426,23768,25408,26915,27367,27703,27830,9546,28299,28547,29440
