1	1594	23331	0
1	1594	31704	23331
1	1594	32901	23331,31704
1	1594	31465	23331,31704,32901
1	1594	931	23331,31704,32901,31465
1	1594	4758	23331,31704,32901,31465,931
0	1594	10319	23331,31704,32901,31465,931,4758
0	1594	12460	23331,31704,32901,31465,931,4758
0	1594	4556	23331,31704,32901,31465,931,4758
1	1594	15683	23331,31704,32901,31465,931,4758
1	1594	6183	23331,31704,32901,31465,931,4758,15683
1	1594	3055	23331,31704,32901,31465,931,4758,15683,6183
1	1594	2809	23331,31704,32901,31465,931,4758,15683,6183,3055
0	1594	11759	23331,31704,32901,31465,931,4758,15683,6183,3055,2809
1	1594	589	23331,31704,32901,31465,931,4758,15683,6183,3055,2809
1	1594	9970	23331,31704,32901,31465,931,4758,15683,6183,3055,2809,589
1	1594	15301	23331,31704,32901,31465,931,4758,15683,6183,3055,2809,589,9970
1	1594	21172	23331,31704,32901,31465,931,4758,15683,6183,3055,2809,589,9970,15301
1	1594	20690	23331,31704,32901,31465,931,4758,15683,6183,3055,2809,589,9970,15301,21172
1	1594	20982	23331,31704,32901,31465,931,4758,15683,6183,3055,2809,589,9970,15301,21172,20690
1	1594	6264	23331,31704,32901,31465,931,4758,15683,6183,3055,2809,589,9970,15301,21172,20690,20982
1	1594	25814	23331,31704,32901,31465,931,4758,15683,6183,3055,2809,589,9970,15301,21172,20690,20982,6264
1	1594	17999	23331,31704,32901,31465,931,4758,15683,6183,3055,2809,589,9970,15301,21172,20690,20982,6264,25814
0	1594	22324	23331,31704,32901,31465,931,4758,15683,6183,3055,2809,589,9970,15301,21172,20690,20982,6264,25814,17999
0	1594	1553	23331,31704,32901,31465,931,4758,15683,6183,3055,2809,589,9970,15301,21172,20690,20982,6264,25814,17999
1	1594	27188	23331,31704,32901,31465,931,4758,15683,6183,3055,2809,589,9970,15301,21172,20690,20982,6264,25814,17999
0	1594	21314	23331,31704,32901,31465,931,4758,15683,6183,3055,2809,589,9970,15301,21172,20690,20982,6264,25814,17999,27188
0	1594	29433	23331,31704,32901,31465,931,4758,15683,6183,3055,2809,589,9970,15301,21172,20690,20982,6264,25814,17999,27188
