1	1214	32939	0
1	1214	15172	32939
0	1214	10051	32939,15172
1	1214	5258	32939,15172
0	1214	2110	32939,15172,5258
1	1214	8339	32939,15172,5258
0	1214	9879	32939,15172,5258,8339
1	1214	9456	32939,15172,5258,8339
1	1214	9903	32939,15172,5258,8339,9456
1	1214	7634	32939,15172,5258,8339,9456,9903
1	1214	11141	32939,15172,5258,8339,9456,9903,7634
1	1214	12458	32939,15172,5258,8339,9456,9903,7634,11141
1	1214	13217	32939,15172,5258,8339,9456,9903,7634,11141,12458
0	1214	11978	32939,15172,5258,8339,9456,9903,7634,11141,12458,13217
1	1214	8214	32939,15172,5258,8339,9456,9903,7634,11141,12458,13217
1	1214	3527	32939,15172,5258,8339,9456,9903,7634,11141,12458,13217,8214
0	1214	13172	32939,15172,5258,8339,9456,9903,7634,11141,12458,13217,8214,3527
1	1214	9702	32939,15172,5258,8339,9456,9903,7634,11141,12458,13217,8214,3527
1	1214	14806	32939,15172,5258,8339,9456,9903,7634,11141,12458,13217,8214,3527,9702
0	1214	16929	32939,15172,5258,8339,9456,9903,7634,11141,12458,13217,8214,3527,9702,14806
1	1214	18576	32939,15172,5258,8339,9456,9903,7634,11141,12458,13217,8214,3527,9702,14806
0	1214	18278	32939,15172,5258,8339,9456,9903,7634,11141,12458,13217,8214,3527,9702,14806,18576
1	1214	18670	32939,15172,5258,8339,9456,9903,7634,11141,12458,13217,8214,3527,9702,14806,18576
0	1214	18937	32939,15172,5258,8339,9456,9903,7634,11141,12458,13217,8214,3527,9702,14806,18576,18670
1	1214	16880	32939,15172,5258,8339,9456,9903,7634,11141,12458,13217,8214,3527,9702,14806,18576,18670
1	1214	18972	32939,15172,5258,8339,9456,9903,7634,11141,12458,13217,8214,3527,9702,14806,18576,18670,16880
0	1214	19400	32939,15172,5258,8339,9456,9903,7634,11141,12458,13217,8214,3527,9702,14806,18576,18670,16880,18972
1	1214	20207	32939,15172,5258,8339,9456,9903,7634,11141,12458,13217,8214,3527,9702,14806,18576,18670,16880,18972
1	1214	21364	32939,15172,5258,8339,9456,9903,7634,11141,12458,13217,8214,3527,9702,14806,18576,18670,16880,18972,20207
1	1214	22359	32939,15172,5258,8339,9456,9903,7634,11141,12458,13217,8214,3527,9702,14806,18576,18670,16880,18972,20207,21364
0	1214	20341	32939,15172,5258,8339,9456,9903,7634,11141,12458,13217,8214,3527,9702,14806,18576,18670,16880,18972,20207,21364,22359
0	1214	22350	32939,15172,5258,8339,9456,9903,7634,11141,12458,13217,8214,3527,9702,14806,18576,18670,16880,18972,20207,21364,22359
0	1214	10196	32939,15172,5258,8339,9456,9903,7634,11141,12458,13217,8214,3527,9702,14806,18576,18670,16880,18972,20207,21364,22359
1	1214	22101	32939,15172,5258,8339,9456,9903,7634,11141,12458,13217,8214,3527,9702,14806,18576,18670,16880,18972,20207,21364,22359
1	1214	20658	32939,15172,5258,8339,9456,9903,7634,11141,12458,13217,8214,3527,9702,14806,18576,18670,16880,18972,20207,21364,22359,22101
1	1214	23491	32939,15172,5258,8339,9456,9903,7634,11141,12458,13217,8214,3527,9702,14806,18576,18670,16880,18972,20207,21364,22359,22101,20658
1	1214	14586	32939,15172,5258,8339,9456,9903,7634,11141,12458,13217,8214,3527,9702,14806,18576,18670,16880,18972,20207,21364,22359,22101,20658,23491
1	1214	21596	32939,15172,5258,8339,9456,9903,7634,11141,12458,13217,8214,3527,9702,14806,18576,18670,16880,18972,20207,21364,22359,22101,20658,23491,14586
1	1214	23436	32939,15172,5258,8339,9456,9903,7634,11141,12458,13217,8214,3527,9702,14806,18576,18670,16880,18972,20207,21364,22359,22101,20658,23491,14586,21596
1	1214	25802	32939,15172,5258,8339,9456,9903,7634,11141,12458,13217,8214,3527,9702,14806,18576,18670,16880,18972,20207,21364,22359,22101,20658,23491,14586,21596,23436
0	1214	23444	32939,15172,5258,8339,9456,9903,7634,11141,12458,13217,8214,3527,9702,14806,18576,18670,16880,18972,20207,21364,22359,22101,20658,23491,14586,21596,23436,25802
1	1214	21039	32939,15172,5258,8339,9456,9903,7634,11141,12458,13217,8214,3527,9702,14806,18576,18670,16880,18972,20207,21364,22359,22101,20658,23491,14586,21596,23436,25802
0	1214	26462	32939,15172,5258,8339,9456,9903,7634,11141,12458,13217,8214,3527,9702,14806,18576,18670,16880,18972,20207,21364,22359,22101,20658,23491,14586,21596,23436,25802,21039
1	1214	24662	32939,15172,5258,8339,9456,9903,7634,11141,12458,13217,8214,3527,9702,14806,18576,18670,16880,18972,20207,21364,22359,22101,20658,23491,14586,21596,23436,25802,21039
1	1214	27750	32939,15172,5258,8339,9456,9903,7634,11141,12458,13217,8214,3527,9702,14806,18576,18670,16880,18972,20207,21364,22359,22101,20658,23491,14586,21596,23436,25802,21039,24662
