1	867	14128	0
0	867	11557	14128
1	867	15648	14128
1	867	31981	14128,15648
0	867	31110	14128,15648,31981
1	867	4036	14128,15648,31981
1	867	8815	14128,15648,31981,4036
0	867	32763	14128,15648,31981,4036,8815
0	867	518	14128,15648,31981,4036,8815
1	867	569	14128,15648,31981,4036,8815
0	867	32019	14128,15648,31981,4036,8815,569
0	867	32553	14128,15648,31981,4036,8815,569
0	867	33030	14128,15648,31981,4036,8815,569
0	867	476	14128,15648,31981,4036,8815,569
1	867	31027	14128,15648,31981,4036,8815,569
0	867	32414	14128,15648,31981,4036,8815,569,31027
1	867	32307	14128,15648,31981,4036,8815,569,31027
1	867	32799	14128,15648,31981,4036,8815,569,31027,32307
1	867	31287	14128,15648,31981,4036,8815,569,31027,32307,32799
0	867	1263	14128,15648,31981,4036,8815,569,31027,32307,32799,31287
0	867	3608	14128,15648,31981,4036,8815,569,31027,32307,32799,31287
1	867	9762	14128,15648,31981,4036,8815,569,31027,32307,32799,31287
1	867	32406	14128,15648,31981,4036,8815,569,31027,32307,32799,31287,9762
0	867	9959	14128,15648,31981,4036,8815,569,31027,32307,32799,31287,9762,32406
1	867	11914	14128,15648,31981,4036,8815,569,31027,32307,32799,31287,9762,32406
0	867	12581	14128,15648,31981,4036,8815,569,31027,32307,32799,31287,9762,32406,11914
0	867	19060	14128,15648,31981,4036,8815,569,31027,32307,32799,31287,9762,32406,11914
1	867	20987	14128,15648,31981,4036,8815,569,31027,32307,32799,31287,9762,32406,11914
1	867	19775	14128,15648,31981,4036,8815,569,31027,32307,32799,31287,9762,32406,11914,20987
0	867	14945	14128,15648,31981,4036,8815,569,31027,32307,32799,31287,9762,32406,11914,20987,19775
0	867	4278	14128,15648,31981,4036,8815,569,31027,32307,32799,31287,9762,32406,11914,20987,19775
1	867	1762	14128,15648,31981,4036,8815,569,31027,32307,32799,31287,9762,32406,11914,20987,19775
0	867	19963	14128,15648,31981,4036,8815,569,31027,32307,32799,31287,9762,32406,11914,20987,19775,1762
1	867	18936	14128,15648,31981,4036,8815,569,31027,32307,32799,31287,9762,32406,11914,20987,19775,1762
0	867	9203	14128,15648,31981,4036,8815,569,31027,32307,32799,31287,9762,32406,11914,20987,19775,1762,18936
1	867	25887	14128,15648,31981,4036,8815,569,31027,32307,32799,31287,9762,32406,11914,20987,19775,1762,18936
1	867	22784	14128,15648,31981,4036,8815,569,31027,32307,32799,31287,9762,32406,11914,20987,19775,1762,18936,25887
1	867	22852	14128,15648,31981,4036,8815,569,31027,32307,32799,31287,9762,32406,11914,20987,19775,1762,18936,25887,22784
1	867	28294	14128,15648,31981,4036,8815,569,31027,32307,32799,31287,9762,32406,11914,20987,19775,1762,18936,25887,22784,22852
