0	245	32537	0
0	245	31780	0
1	245	32406	0
1	245	573	32406
1	245	3092	32406,573
1	245	8145	32406,573,3092
1	245	7104	32406,573,3092,8145
0	245	2091	32406,573,3092,8145,7104
0	245	8876	32406,573,3092,8145,7104
0	245	17253	32406,573,3092,8145,7104
1	245	21569	32406,573,3092,8145,7104
0	245	15495	32406,573,3092,8145,7104,21569
1	245	12394	32406,573,3092,8145,7104,21569
0	245	18553	32406,573,3092,8145,7104,21569,12394
1	245	19143	32406,573,3092,8145,7104,21569,12394
0	245	8120	32406,573,3092,8145,7104,21569,12394,19143
1	245	13757	32406,573,3092,8145,7104,21569,12394,19143
0	245	15177	32406,573,3092,8145,7104,21569,12394,19143,13757
0	245	9588	32406,573,3092,8145,7104,21569,12394,19143,13757
1	245	18858	32406,573,3092,8145,7104,21569,12394,19143,13757
0	245	17493	32406,573,3092,8145,7104,21569,12394,19143,13757,18858
0	245	9777	32406,573,3092,8145,7104,21569,12394,19143,13757,18858
1	245	16059	32406,573,3092,8145,7104,21569,12394,19143,13757,18858
1	245	17086	32406,573,3092,8145,7104,21569,12394,19143,13757,18858,16059
1	245	16295	32406,573,3092,8145,7104,21569,12394,19143,13757,18858,16059,17086
0	245	19034	32406,573,3092,8145,7104,21569,12394,19143,13757,18858,16059,17086,16295
1	245	21906	32406,573,3092,8145,7104,21569,12394,19143,13757,18858,16059,17086,16295
1	245	25056	32406,573,3092,8145,7104,21569,12394,19143,13757,18858,16059,17086,16295,21906
1	245	20676	32406,573,3092,8145,7104,21569,12394,19143,13757,18858,16059,17086,16295,21906,25056
0	245	25860	32406,573,3092,8145,7104,21569,12394,19143,13757,18858,16059,17086,16295,21906,25056,20676
1	245	837	32406,573,3092,8145,7104,21569,12394,19143,13757,18858,16059,17086,16295,21906,25056,20676
1	245	18511	32406,573,3092,8145,7104,21569,12394,19143,13757,18858,16059,17086,16295,21906,25056,20676,837
1	245	22176	32406,573,3092,8145,7104,21569,12394,19143,13757,18858,16059,17086,16295,21906,25056,20676,837,18511
0	245	26759	32406,573,3092,8145,7104,21569,12394,19143,13757,18858,16059,17086,16295,21906,25056,20676,837,18511,22176
0	245	11586	32406,573,3092,8145,7104,21569,12394,19143,13757,18858,16059,17086,16295,21906,25056,20676,837,18511,22176
1	245	11365	32406,573,3092,8145,7104,21569,12394,19143,13757,18858,16059,17086,16295,21906,25056,20676,837,18511,22176
0	245	20124	32406,573,3092,8145,7104,21569,12394,19143,13757,18858,16059,17086,16295,21906,25056,20676,837,18511,22176,11365
