1	1126	14175	0
1	1126	13485	14175
1	1126	12725	14175,13485
1	1126	10315	14175,13485,12725
1	1126	8740	14175,13485,12725,10315
1	1126	11992	14175,13485,12725,10315,8740
0	1126	9484	14175,13485,12725,10315,8740,11992
1	1126	22093	14175,13485,12725,10315,8740,11992
1	1126	5614	14175,13485,12725,10315,8740,11992,22093
1	1126	2053	14175,13485,12725,10315,8740,11992,22093,5614
0	1126	969	14175,13485,12725,10315,8740,11992,22093,5614,2053
0	1126	9712	14175,13485,12725,10315,8740,11992,22093,5614,2053
1	1126	11471	14175,13485,12725,10315,8740,11992,22093,5614,2053
1	1126	13402	14175,13485,12725,10315,8740,11992,22093,5614,2053,11471
0	1126	14400	14175,13485,12725,10315,8740,11992,22093,5614,2053,11471,13402
0	1126	14815	14175,13485,12725,10315,8740,11992,22093,5614,2053,11471,13402
0	1126	18190	14175,13485,12725,10315,8740,11992,22093,5614,2053,11471,13402
1	1126	11977	14175,13485,12725,10315,8740,11992,22093,5614,2053,11471,13402
0	1126	31632	14175,13485,12725,10315,8740,11992,22093,5614,2053,11471,13402,11977
0	1126	2018	14175,13485,12725,10315,8740,11992,22093,5614,2053,11471,13402,11977
1	1126	4795	14175,13485,12725,10315,8740,11992,22093,5614,2053,11471,13402,11977
0	1126	11987	14175,13485,12725,10315,8740,11992,22093,5614,2053,11471,13402,11977,4795
1	1126	27075	14175,13485,12725,10315,8740,11992,22093,5614,2053,11471,13402,11977,4795
1	1126	11193	14175,13485,12725,10315,8740,11992,22093,5614,2053,11471,13402,11977,4795,27075
1	1126	22317	14175,13485,12725,10315,8740,11992,22093,5614,2053,11471,13402,11977,4795,27075,11193
1	1126	22673	14175,13485,12725,10315,8740,11992,22093,5614,2053,11471,13402,11977,4795,27075,11193,22317
1	1126	7248	14175,13485,12725,10315,8740,11992,22093,5614,2053,11471,13402,11977,4795,27075,11193,22317,22673
1	1126	24394	14175,13485,12725,10315,8740,11992,22093,5614,2053,11471,13402,11977,4795,27075,11193,22317,22673,7248
1	1126	8136	14175,13485,12725,10315,8740,11992,22093,5614,2053,11471,13402,11977,4795,27075,11193,22317,22673,7248,24394
1	1126	33108	14175,13485,12725,10315,8740,11992,22093,5614,2053,11471,13402,11977,4795,27075,11193,22317,22673,7248,24394,8136
0	1126	8480	14175,13485,12725,10315,8740,11992,22093,5614,2053,11471,13402,11977,4795,27075,11193,22317,22673,7248,24394,8136,33108
1	1126	23887	14175,13485,12725,10315,8740,11992,22093,5614,2053,11471,13402,11977,4795,27075,11193,22317,22673,7248,24394,8136,33108
1	1126	19226	14175,13485,12725,10315,8740,11992,22093,5614,2053,11471,13402,11977,4795,27075,11193,22317,22673,7248,24394,8136,33108,23887
1	1126	28188	14175,13485,12725,10315,8740,11992,22093,5614,2053,11471,13402,11977,4795,27075,11193,22317,22673,7248,24394,8136,33108,23887,19226
1	1126	25303	14175,13485,12725,10315,8740,11992,22093,5614,2053,11471,13402,11977,4795,27075,11193,22317,22673,7248,24394,8136,33108,23887,19226,28188
