0	21	32513	0
0	21	2406	0
1	21	2151	0
0	21	810	2151
0	21	916	2151
0	21	1965	2151
0	21	2627	2151
1	21	722	2151
1	21	212	2151,722
0	21	4526	2151,722,212
0	21	1926	2151,722,212
1	21	2782	2151,722,212
1	21	4108	2151,722,212,2782
0	21	4773	2151,722,212,2782,4108
1	21	4960	2151,722,212,2782,4108
0	21	3733	2151,722,212,2782,4108,4960
0	21	5353	2151,722,212,2782,4108,4960
0	21	5458	2151,722,212,2782,4108,4960
0	21	5975	2151,722,212,2782,4108,4960
0	21	6756	2151,722,212,2782,4108,4960
1	21	6568	2151,722,212,2782,4108,4960
0	21	6916	2151,722,212,2782,4108,4960,6568
0	21	6326	2151,722,212,2782,4108,4960,6568
1	21	936	2151,722,212,2782,4108,4960,6568
0	21	6462	2151,722,212,2782,4108,4960,6568,936
1	21	8863	2151,722,212,2782,4108,4960,6568,936
0	21	8515	2151,722,212,2782,4108,4960,6568,936,8863
0	21	8189	2151,722,212,2782,4108,4960,6568,936,8863
0	21	6170	2151,722,212,2782,4108,4960,6568,936,8863
0	21	7384	2151,722,212,2782,4108,4960,6568,936,8863
0	21	8655	2151,722,212,2782,4108,4960,6568,936,8863
0	21	8942	2151,722,212,2782,4108,4960,6568,936,8863
1	21	9162	2151,722,212,2782,4108,4960,6568,936,8863
0	21	9823	2151,722,212,2782,4108,4960,6568,936,8863,9162
0	21	10052	2151,722,212,2782,4108,4960,6568,936,8863,9162
1	21	6858	2151,722,212,2782,4108,4960,6568,936,8863,9162
0	21	6818	2151,722,212,2782,4108,4960,6568,936,8863,9162,6858
0	21	9895	2151,722,212,2782,4108,4960,6568,936,8863,9162,6858
0	21	11697	2151,722,212,2782,4108,4960,6568,936,8863,9162,6858
0	21	9721	2151,722,212,2782,4108,4960,6568,936,8863,9162,6858
0	21	9726	2151,722,212,2782,4108,4960,6568,936,8863,9162,6858
1	21	7976	2151,722,212,2782,4108,4960,6568,936,8863,9162,6858
0	21	9906	2151,722,212,2782,4108,4960,6568,936,8863,9162,6858,7976
0	21	9616	2151,722,212,2782,4108,4960,6568,936,8863,9162,6858,7976
0	21	1089	2151,722,212,2782,4108,4960,6568,936,8863,9162,6858,7976
0	21	15499	2151,722,212,2782,4108,4960,6568,936,8863,9162,6858,7976
0	21	929	2151,722,212,2782,4108,4960,6568,936,8863,9162,6858,7976
0	21	8848	2151,722,212,2782,4108,4960,6568,936,8863,9162,6858,7976
1	21	11870	2151,722,212,2782,4108,4960,6568,936,8863,9162,6858,7976
0	21	15655	2151,722,212,2782,4108,4960,6568,936,8863,9162,6858,7976,11870
0	21	9852	2151,722,212,2782,4108,4960,6568,936,8863,9162,6858,7976,11870
0	21	10763	2151,722,212,2782,4108,4960,6568,936,8863,9162,6858,7976,11870
0	21	20386	2151,722,212,2782,4108,4960,6568,936,8863,9162,6858,7976,11870
0	21	23451	2151,722,212,2782,4108,4960,6568,936,8863,9162,6858,7976,11870
0	21	10269	2151,722,212,2782,4108,4960,6568,936,8863,9162,6858,7976,11870
1	21	23998	2151,722,212,2782,4108,4960,6568,936,8863,9162,6858,7976,11870
0	21	23056	2151,722,212,2782,4108,4960,6568,936,8863,9162,6858,7976,11870,23998
0	21	23230	2151,722,212,2782,4108,4960,6568,936,8863,9162,6858,7976,11870,23998
1	21	23760	2151,722,212,2782,4108,4960,6568,936,8863,9162,6858,7976,11870,23998
1	21	25889	2151,722,212,2782,4108,4960,6568,936,8863,9162,6858,7976,11870,23998,23760
0	21	23768	2151,722,212,2782,4108,4960,6568,936,8863,9162,6858,7976,11870,23998,23760,25889
0	21	25232	2151,722,212,2782,4108,4960,6568,936,8863,9162,6858,7976,11870,23998,23760,25889
1	21	25916	2151,722,212,2782,4108,4960,6568,936,8863,9162,6858,7976,11870,23998,23760,25889
0	21	29104	2151,722,212,2782,4108,4960,6568,936,8863,9162,6858,7976,11870,23998,23760,25889,25916
0	21	29660	2151,722,212,2782,4108,4960,6568,936,8863,9162,6858,7976,11870,23998,23760,25889,25916
