1	1251	9644	0
0	1251	2029	9644
1	1251	9852	9644
0	1251	7731	9644,9852
1	1251	9495	9644,9852
1	1251	14249	9644,9852,9495
0	1251	9399	9644,9852,9495,14249
1	1251	17022	9644,9852,9495,14249
1	1251	18816	9644,9852,9495,14249,17022
1	1251	19215	9644,9852,9495,14249,17022,18816
1	1251	14951	9644,9852,9495,14249,17022,18816,19215
1	1251	21595	9644,9852,9495,14249,17022,18816,19215,14951
1	1251	15485	9644,9852,9495,14249,17022,18816,19215,14951,21595
0	1251	3459	9644,9852,9495,14249,17022,18816,19215,14951,21595,15485
0	1251	22377	9644,9852,9495,14249,17022,18816,19215,14951,21595,15485
1	1251	11869	9644,9852,9495,14249,17022,18816,19215,14951,21595,15485
0	1251	22332	9644,9852,9495,14249,17022,18816,19215,14951,21595,15485,11869
1	1251	30683	9644,9852,9495,14249,17022,18816,19215,14951,21595,15485,11869
1	1251	18438	9644,9852,9495,14249,17022,18816,19215,14951,21595,15485,11869,30683
1	1251	5593	9644,9852,9495,14249,17022,18816,19215,14951,21595,15485,11869,30683,18438
1	1251	11036	9644,9852,9495,14249,17022,18816,19215,14951,21595,15485,11869,30683,18438,5593
1	1251	12844	9644,9852,9495,14249,17022,18816,19215,14951,21595,15485,11869,30683,18438,5593,11036
1	1251	23582	9644,9852,9495,14249,17022,18816,19215,14951,21595,15485,11869,30683,18438,5593,11036,12844
1	1251	8556	9644,9852,9495,14249,17022,18816,19215,14951,21595,15485,11869,30683,18438,5593,11036,12844,23582
1	1251	10243	9644,9852,9495,14249,17022,18816,19215,14951,21595,15485,11869,30683,18438,5593,11036,12844,23582,8556
1	1251	18227	9644,9852,9495,14249,17022,18816,19215,14951,21595,15485,11869,30683,18438,5593,11036,12844,23582,8556,10243
1	1251	21717	9644,9852,9495,14249,17022,18816,19215,14951,21595,15485,11869,30683,18438,5593,11036,12844,23582,8556,10243,18227
1	1251	25103	9644,9852,9495,14249,17022,18816,19215,14951,21595,15485,11869,30683,18438,5593,11036,12844,23582,8556,10243,18227,21717
1	1251	26455	9644,9852,9495,14249,17022,18816,19215,14951,21595,15485,11869,30683,18438,5593,11036,12844,23582,8556,10243,18227,21717,25103
0	1251	25892	9644,9852,9495,14249,17022,18816,19215,14951,21595,15485,11869,30683,18438,5593,11036,12844,23582,8556,10243,18227,21717,25103,26455
1	1251	11191	9644,9852,9495,14249,17022,18816,19215,14951,21595,15485,11869,30683,18438,5593,11036,12844,23582,8556,10243,18227,21717,25103,26455
1	1251	7717	9644,9852,9495,14249,17022,18816,19215,14951,21595,15485,11869,30683,18438,5593,11036,12844,23582,8556,10243,18227,21717,25103,26455,11191
1	1251	9893	9644,9852,9495,14249,17022,18816,19215,14951,21595,15485,11869,30683,18438,5593,11036,12844,23582,8556,10243,18227,21717,25103,26455,11191,7717
0	1251	17169	9644,9852,9495,14249,17022,18816,19215,14951,21595,15485,11869,30683,18438,5593,11036,12844,23582,8556,10243,18227,21717,25103,26455,11191,7717,9893
0	1251	23239	9644,9852,9495,14249,17022,18816,19215,14951,21595,15485,11869,30683,18438,5593,11036,12844,23582,8556,10243,18227,21717,25103,26455,11191,7717,9893
1	1251	21424	9644,9852,9495,14249,17022,18816,19215,14951,21595,15485,11869,30683,18438,5593,11036,12844,23582,8556,10243,18227,21717,25103,26455,11191,7717,9893
1	1251	25440	9644,9852,9495,14249,17022,18816,19215,14951,21595,15485,11869,30683,18438,5593,11036,12844,23582,8556,10243,18227,21717,25103,26455,11191,7717,9893,21424
1	1251	26859	9644,9852,9495,14249,17022,18816,19215,14951,21595,15485,11869,30683,18438,5593,11036,12844,23582,8556,10243,18227,21717,25103,26455,11191,7717,9893,21424,25440
0	1251	10728	9644,9852,9495,14249,17022,18816,19215,14951,21595,15485,11869,30683,18438,5593,11036,12844,23582,8556,10243,18227,21717,25103,26455,11191,7717,9893,21424,25440,26859
0	1251	22253	9644,9852,9495,14249,17022,18816,19215,14951,21595,15485,11869,30683,18438,5593,11036,12844,23582,8556,10243,18227,21717,25103,26455,11191,7717,9893,21424,25440,26859
1	1251	4401	9644,9852,9495,14249,17022,18816,19215,14951,21595,15485,11869,30683,18438,5593,11036,12844,23582,8556,10243,18227,21717,25103,26455,11191,7717,9893,21424,25440,26859
0	1251	11611	9644,9852,9495,14249,17022,18816,19215,14951,21595,15485,11869,30683,18438,5593,11036,12844,23582,8556,10243,18227,21717,25103,26455,11191,7717,9893,21424,25440,26859,4401
1	1251	7173	9644,9852,9495,14249,17022,18816,19215,14951,21595,15485,11869,30683,18438,5593,11036,12844,23582,8556,10243,18227,21717,25103,26455,11191,7717,9893,21424,25440,26859,4401
1	1251	25527	9644,9852,9495,14249,17022,18816,19215,14951,21595,15485,11869,30683,18438,5593,11036,12844,23582,8556,10243,18227,21717,25103,26455,11191,7717,9893,21424,25440,26859,4401,7173
1	1251	21710	9644,9852,9495,14249,17022,18816,19215,14951,21595,15485,11869,30683,18438,5593,11036,12844,23582,8556,10243,18227,21717,25103,26455,11191,7717,9893,21424,25440,26859,4401,7173,25527
1	1251	17972	9644,9852,9495,14249,17022,18816,19215,14951,21595,15485,11869,30683,18438,5593,11036,12844,23582,8556,10243,18227,21717,25103,26455,11191,7717,9893,21424,25440,26859,4401,7173,25527,21710
1	1251	22498	9644,9852,9495,14249,17022,18816,19215,14951,21595,15485,11869,30683,18438,5593,11036,12844,23582,8556,10243,18227,21717,25103,26455,11191,7717,9893,21424,25440,26859,4401,7173,25527,21710,17972
0	1251	9662	9644,9852,9495,14249,17022,18816,19215,14951,21595,15485,11869,30683,18438,5593,11036,12844,23582,8556,10243,18227,21717,25103,26455,11191,7717,9893,21424,25440,26859,4401,7173,25527,21710,17972,22498
1	1251	16585	9644,9852,9495,14249,17022,18816,19215,14951,21595,15485,11869,30683,18438,5593,11036,12844,23582,8556,10243,18227,21717,25103,26455,11191,7717,9893,21424,25440,26859,4401,7173,25527,21710,17972,22498
1	1251	18715	9644,9852,9495,14249,17022,18816,19215,14951,21595,15485,11869,30683,18438,5593,11036,12844,23582,8556,10243,18227,21717,25103,26455,11191,7717,9893,21424,25440,26859,4401,7173,25527,21710,17972,22498,16585
1	1251	21189	9644,9852,9495,14249,17022,18816,19215,14951,21595,15485,11869,30683,18438,5593,11036,12844,23582,8556,10243,18227,21717,25103,26455,11191,7717,9893,21424,25440,26859,4401,7173,25527,21710,17972,22498,16585,18715
0	1251	28854	9644,9852,9495,14249,17022,18816,19215,14951,21595,15485,11869,30683,18438,5593,11036,12844,23582,8556,10243,18227,21717,25103,26455,11191,7717,9893,21424,25440,26859,4401,7173,25527,21710,17972,22498,16585,18715,21189
