0	852	727	0
1	852	32110	0
1	852	3605	32110
0	852	2652	32110,3605
1	852	16894	32110,3605
0	852	2039	32110,3605,16894
1	852	19	32110,3605,16894
1	852	32899	32110,3605,16894,19
0	852	1992	32110,3605,16894,19,32899
0	852	31512	32110,3605,16894,19,32899
1	852	6028	32110,3605,16894,19,32899
0	852	9558	32110,3605,16894,19,32899,6028
1	852	843	32110,3605,16894,19,32899,6028
1	852	4743	32110,3605,16894,19,32899,6028,843
1	852	7682	32110,3605,16894,19,32899,6028,843,4743
1	852	4918	32110,3605,16894,19,32899,6028,843,4743,7682
1	852	10921	32110,3605,16894,19,32899,6028,843,4743,7682,4918
1	852	9128	32110,3605,16894,19,32899,6028,843,4743,7682,4918,10921
1	852	7398	32110,3605,16894,19,32899,6028,843,4743,7682,4918,10921,9128
0	852	3600	32110,3605,16894,19,32899,6028,843,4743,7682,4918,10921,9128,7398
1	852	26847	32110,3605,16894,19,32899,6028,843,4743,7682,4918,10921,9128,7398
1	852	7456	32110,3605,16894,19,32899,6028,843,4743,7682,4918,10921,9128,7398,26847
1	852	7152	32110,3605,16894,19,32899,6028,843,4743,7682,4918,10921,9128,7398,26847,7456
1	852	32294	32110,3605,16894,19,32899,6028,843,4743,7682,4918,10921,9128,7398,26847,7456,7152
0	852	33110	32110,3605,16894,19,32899,6028,843,4743,7682,4918,10921,9128,7398,26847,7456,7152,32294
0	852	5016	32110,3605,16894,19,32899,6028,843,4743,7682,4918,10921,9128,7398,26847,7456,7152,32294
0	852	1335	32110,3605,16894,19,32899,6028,843,4743,7682,4918,10921,9128,7398,26847,7456,7152,32294
1	852	9485	32110,3605,16894,19,32899,6028,843,4743,7682,4918,10921,9128,7398,26847,7456,7152,32294
1	852	11235	32110,3605,16894,19,32899,6028,843,4743,7682,4918,10921,9128,7398,26847,7456,7152,32294,9485
0	852	3894	32110,3605,16894,19,32899,6028,843,4743,7682,4918,10921,9128,7398,26847,7456,7152,32294,9485,11235
0	852	3956	32110,3605,16894,19,32899,6028,843,4743,7682,4918,10921,9128,7398,26847,7456,7152,32294,9485,11235
0	852	3044	32110,3605,16894,19,32899,6028,843,4743,7682,4918,10921,9128,7398,26847,7456,7152,32294,9485,11235
1	852	4942	32110,3605,16894,19,32899,6028,843,4743,7682,4918,10921,9128,7398,26847,7456,7152,32294,9485,11235
0	852	11267	32110,3605,16894,19,32899,6028,843,4743,7682,4918,10921,9128,7398,26847,7456,7152,32294,9485,11235,4942
1	852	31867	32110,3605,16894,19,32899,6028,843,4743,7682,4918,10921,9128,7398,26847,7456,7152,32294,9485,11235,4942
1	852	18329	32110,3605,16894,19,32899,6028,843,4743,7682,4918,10921,9128,7398,26847,7456,7152,32294,9485,11235,4942,31867
1	852	21854	32110,3605,16894,19,32899,6028,843,4743,7682,4918,10921,9128,7398,26847,7456,7152,32294,9485,11235,4942,31867,18329
0	852	32449	32110,3605,16894,19,32899,6028,843,4743,7682,4918,10921,9128,7398,26847,7456,7152,32294,9485,11235,4942,31867,18329,21854
0	852	2959	32110,3605,16894,19,32899,6028,843,4743,7682,4918,10921,9128,7398,26847,7456,7152,32294,9485,11235,4942,31867,18329,21854
1	852	9853	32110,3605,16894,19,32899,6028,843,4743,7682,4918,10921,9128,7398,26847,7456,7152,32294,9485,11235,4942,31867,18329,21854
0	852	18409	32110,3605,16894,19,32899,6028,843,4743,7682,4918,10921,9128,7398,26847,7456,7152,32294,9485,11235,4942,31867,18329,21854,9853
0	852	24654	32110,3605,16894,19,32899,6028,843,4743,7682,4918,10921,9128,7398,26847,7456,7152,32294,9485,11235,4942,31867,18329,21854,9853
1	852	2060	32110,3605,16894,19,32899,6028,843,4743,7682,4918,10921,9128,7398,26847,7456,7152,32294,9485,11235,4942,31867,18329,21854,9853
1	852	15147	32110,3605,16894,19,32899,6028,843,4743,7682,4918,10921,9128,7398,26847,7456,7152,32294,9485,11235,4942,31867,18329,21854,9853,2060
