1	1007	29415	0
1	1007	483	29415
0	1007	5023	29415,483
0	1007	28162	29415,483
1	1007	15698	29415,483
0	1007	32432	29415,483,15698
1	1007	1165	29415,483,15698
0	1007	145	29415,483,15698,1165
1	1007	32294	29415,483,15698,1165
1	1007	1201	29415,483,15698,1165,32294
0	1007	2357	29415,483,15698,1165,32294,1201
0	1007	1237	29415,483,15698,1165,32294,1201
1	1007	4021	29415,483,15698,1165,32294,1201
0	1007	31780	29415,483,15698,1165,32294,1201,4021
1	1007	3903	29415,483,15698,1165,32294,1201,4021
0	1007	1272	29415,483,15698,1165,32294,1201,4021,3903
0	1007	4110	29415,483,15698,1165,32294,1201,4021,3903
1	1007	3122	29415,483,15698,1165,32294,1201,4021,3903
1	1007	5975	29415,483,15698,1165,32294,1201,4021,3903,3122
0	1007	7414	29415,483,15698,1165,32294,1201,4021,3903,3122,5975
0	1007	8891	29415,483,15698,1165,32294,1201,4021,3903,3122,5975
1	1007	11571	29415,483,15698,1165,32294,1201,4021,3903,3122,5975
1	1007	9900	29415,483,15698,1165,32294,1201,4021,3903,3122,5975,11571
0	1007	11506	29415,483,15698,1165,32294,1201,4021,3903,3122,5975,11571,9900
0	1007	10555	29415,483,15698,1165,32294,1201,4021,3903,3122,5975,11571,9900
1	1007	11684	29415,483,15698,1165,32294,1201,4021,3903,3122,5975,11571,9900
0	1007	11126	29415,483,15698,1165,32294,1201,4021,3903,3122,5975,11571,9900,11684
1	1007	14235	29415,483,15698,1165,32294,1201,4021,3903,3122,5975,11571,9900,11684
0	1007	12451	29415,483,15698,1165,32294,1201,4021,3903,3122,5975,11571,9900,11684,14235
0	1007	13416	29415,483,15698,1165,32294,1201,4021,3903,3122,5975,11571,9900,11684,14235
0	1007	2379	29415,483,15698,1165,32294,1201,4021,3903,3122,5975,11571,9900,11684,14235
0	1007	16084	29415,483,15698,1165,32294,1201,4021,3903,3122,5975,11571,9900,11684,14235
0	1007	17775	29415,483,15698,1165,32294,1201,4021,3903,3122,5975,11571,9900,11684,14235
0	1007	21511	29415,483,15698,1165,32294,1201,4021,3903,3122,5975,11571,9900,11684,14235
0	1007	13798	29415,483,15698,1165,32294,1201,4021,3903,3122,5975,11571,9900,11684,14235
0	1007	23180	29415,483,15698,1165,32294,1201,4021,3903,3122,5975,11571,9900,11684,14235
1	1007	25007	29415,483,15698,1165,32294,1201,4021,3903,3122,5975,11571,9900,11684,14235
0	1007	21166	29415,483,15698,1165,32294,1201,4021,3903,3122,5975,11571,9900,11684,14235,25007
0	1007	16426	29415,483,15698,1165,32294,1201,4021,3903,3122,5975,11571,9900,11684,14235,25007
1	1007	19689	29415,483,15698,1165,32294,1201,4021,3903,3122,5975,11571,9900,11684,14235,25007
0	1007	22890	29415,483,15698,1165,32294,1201,4021,3903,3122,5975,11571,9900,11684,14235,25007,19689
0	1007	27959	29415,483,15698,1165,32294,1201,4021,3903,3122,5975,11571,9900,11684,14235,25007,19689
0	1007	28277	29415,483,15698,1165,32294,1201,4021,3903,3122,5975,11571,9900,11684,14235,25007,19689
0	1007	11261	29415,483,15698,1165,32294,1201,4021,3903,3122,5975,11571,9900,11684,14235,25007,19689
0	1007	2217	29415,483,15698,1165,32294,1201,4021,3903,3122,5975,11571,9900,11684,14235,25007,19689
