1	915	6976	0
0	915	5227	6976
0	915	7199	6976
1	915	6103	6976
1	915	6895	6976,6103
1	915	10517	6976,6103,6895
1	915	13590	6976,6103,6895,10517
1	915	13398	6976,6103,6895,10517,13590
1	915	13670	6976,6103,6895,10517,13590,13398
0	915	9703	6976,6103,6895,10517,13590,13398,13670
0	915	18675	6976,6103,6895,10517,13590,13398,13670
0	915	10708	6976,6103,6895,10517,13590,13398,13670
1	915	17519	6976,6103,6895,10517,13590,13398,13670
0	915	19760	6976,6103,6895,10517,13590,13398,13670,17519
0	915	18702	6976,6103,6895,10517,13590,13398,13670,17519
1	915	20950	6976,6103,6895,10517,13590,13398,13670,17519
0	915	14005	6976,6103,6895,10517,13590,13398,13670,17519,20950
1	915	15387	6976,6103,6895,10517,13590,13398,13670,17519,20950
0	915	19232	6976,6103,6895,10517,13590,13398,13670,17519,20950,15387
0	915	17132	6976,6103,6895,10517,13590,13398,13670,17519,20950,15387
0	915	22182	6976,6103,6895,10517,13590,13398,13670,17519,20950,15387
1	915	22276	6976,6103,6895,10517,13590,13398,13670,17519,20950,15387
1	915	23447	6976,6103,6895,10517,13590,13398,13670,17519,20950,15387,22276
0	915	3136	6976,6103,6895,10517,13590,13398,13670,17519,20950,15387,22276,23447
0	915	22593	6976,6103,6895,10517,13590,13398,13670,17519,20950,15387,22276,23447
1	915	21870	6976,6103,6895,10517,13590,13398,13670,17519,20950,15387,22276,23447
1	915	23259	6976,6103,6895,10517,13590,13398,13670,17519,20950,15387,22276,23447,21870
0	915	12628	6976,6103,6895,10517,13590,13398,13670,17519,20950,15387,22276,23447,21870,23259
1	915	9811	6976,6103,6895,10517,13590,13398,13670,17519,20950,15387,22276,23447,21870,23259
0	915	15219	6976,6103,6895,10517,13590,13398,13670,17519,20950,15387,22276,23447,21870,23259,9811
0	915	22111	6976,6103,6895,10517,13590,13398,13670,17519,20950,15387,22276,23447,21870,23259,9811
0	915	25055	6976,6103,6895,10517,13590,13398,13670,17519,20950,15387,22276,23447,21870,23259,9811
0	915	25532	6976,6103,6895,10517,13590,13398,13670,17519,20950,15387,22276,23447,21870,23259,9811
1	915	6473	6976,6103,6895,10517,13590,13398,13670,17519,20950,15387,22276,23447,21870,23259,9811
1	915	25114	6976,6103,6895,10517,13590,13398,13670,17519,20950,15387,22276,23447,21870,23259,9811,6473
0	915	10877	6976,6103,6895,10517,13590,13398,13670,17519,20950,15387,22276,23447,21870,23259,9811,6473,25114
0	915	24727	6976,6103,6895,10517,13590,13398,13670,17519,20950,15387,22276,23447,21870,23259,9811,6473,25114
0	915	10601	6976,6103,6895,10517,13590,13398,13670,17519,20950,15387,22276,23447,21870,23259,9811,6473,25114
0	915	24787	6976,6103,6895,10517,13590,13398,13670,17519,20950,15387,22276,23447,21870,23259,9811,6473,25114
0	915	24791	6976,6103,6895,10517,13590,13398,13670,17519,20950,15387,22276,23447,21870,23259,9811,6473,25114
0	915	15220	6976,6103,6895,10517,13590,13398,13670,17519,20950,15387,22276,23447,21870,23259,9811,6473,25114
0	915	23121	6976,6103,6895,10517,13590,13398,13670,17519,20950,15387,22276,23447,21870,23259,9811,6473,25114
0	915	4648	6976,6103,6895,10517,13590,13398,13670,17519,20950,15387,22276,23447,21870,23259,9811,6473,25114
0	915	23768	6976,6103,6895,10517,13590,13398,13670,17519,20950,15387,22276,23447,21870,23259,9811,6473,25114
0	915	27113	6976,6103,6895,10517,13590,13398,13670,17519,20950,15387,22276,23447,21870,23259,9811,6473,25114
0	915	26750	6976,6103,6895,10517,13590,13398,13670,17519,20950,15387,22276,23447,21870,23259,9811,6473,25114
0	915	28153	6976,6103,6895,10517,13590,13398,13670,17519,20950,15387,22276,23447,21870,23259,9811,6473,25114
1	915	28124	6976,6103,6895,10517,13590,13398,13670,17519,20950,15387,22276,23447,21870,23259,9811,6473,25114
0	915	28123	6976,6103,6895,10517,13590,13398,13670,17519,20950,15387,22276,23447,21870,23259,9811,6473,25114,28124
1	915	28469	6976,6103,6895,10517,13590,13398,13670,17519,20950,15387,22276,23447,21870,23259,9811,6473,25114,28124
0	915	24048	6976,6103,6895,10517,13590,13398,13670,17519,20950,15387,22276,23447,21870,23259,9811,6473,25114,28124,28469
0	915	11261	6976,6103,6895,10517,13590,13398,13670,17519,20950,15387,22276,23447,21870,23259,9811,6473,25114,28124,28469
0	915	22619	6976,6103,6895,10517,13590,13398,13670,17519,20950,15387,22276,23447,21870,23259,9811,6473,25114,28124,28469
1	915	25992	6976,6103,6895,10517,13590,13398,13670,17519,20950,15387,22276,23447,21870,23259,9811,6473,25114,28124,28469
0	915	25826	6976,6103,6895,10517,13590,13398,13670,17519,20950,15387,22276,23447,21870,23259,9811,6473,25114,28124,28469,25992
0	915	28541	6976,6103,6895,10517,13590,13398,13670,17519,20950,15387,22276,23447,21870,23259,9811,6473,25114,28124,28469,25992
0	915	28748	6976,6103,6895,10517,13590,13398,13670,17519,20950,15387,22276,23447,21870,23259,9811,6473,25114,28124,28469,25992
0	915	28004	6976,6103,6895,10517,13590,13398,13670,17519,20950,15387,22276,23447,21870,23259,9811,6473,25114,28124,28469,25992
1	915	28524	6976,6103,6895,10517,13590,13398,13670,17519,20950,15387,22276,23447,21870,23259,9811,6473,25114,28124,28469,25992
1	915	28523	6976,6103,6895,10517,13590,13398,13670,17519,20950,15387,22276,23447,21870,23259,9811,6473,25114,28124,28469,25992,28524
1	915	29040	6976,6103,6895,10517,13590,13398,13670,17519,20950,15387,22276,23447,21870,23259,9811,6473,25114,28124,28469,25992,28524,28523
0	915	23462	6976,6103,6895,10517,13590,13398,13670,17519,20950,15387,22276,23447,21870,23259,9811,6473,25114,28124,28469,25992,28524,28523,29040
0	915	29108	6976,6103,6895,10517,13590,13398,13670,17519,20950,15387,22276,23447,21870,23259,9811,6473,25114,28124,28469,25992,28524,28523,29040
1	915	33066	6976,6103,6895,10517,13590,13398,13670,17519,20950,15387,22276,23447,21870,23259,9811,6473,25114,28124,28469,25992,28524,28523,29040
1	915	28514	6976,6103,6895,10517,13590,13398,13670,17519,20950,15387,22276,23447,21870,23259,9811,6473,25114,28124,28469,25992,28524,28523,29040,33066
0	915	29274	6976,6103,6895,10517,13590,13398,13670,17519,20950,15387,22276,23447,21870,23259,9811,6473,25114,28124,28469,25992,28524,28523,29040,33066,28514
