0	1373	13048	0
1	1373	32162	0
0	1373	32445	32162
1	1373	5702	32162
0	1373	5303	32162,5702
1	1373	28447	32162,5702
1	1373	1644	32162,5702,28447
1	1373	1645	32162,5702,28447,1644
0	1373	31834	32162,5702,28447,1644,1645
1	1373	5103	32162,5702,28447,1644,1645
0	1373	2763	32162,5702,28447,1644,1645,5103
0	1373	12751	32162,5702,28447,1644,1645,5103
0	1373	7226	32162,5702,28447,1644,1645,5103
0	1373	12183	32162,5702,28447,1644,1645,5103
1	1373	12226	32162,5702,28447,1644,1645,5103
1	1373	2668	32162,5702,28447,1644,1645,5103,12226
1	1373	7758	32162,5702,28447,1644,1645,5103,12226,2668
0	1373	13338	32162,5702,28447,1644,1645,5103,12226,2668,7758
0	1373	3897	32162,5702,28447,1644,1645,5103,12226,2668,7758
0	1373	6596	32162,5702,28447,1644,1645,5103,12226,2668,7758
1	1373	12412	32162,5702,28447,1644,1645,5103,12226,2668,7758
1	1373	19657	32162,5702,28447,1644,1645,5103,12226,2668,7758,12412
0	1373	8620	32162,5702,28447,1644,1645,5103,12226,2668,7758,12412,19657
1	1373	12626	32162,5702,28447,1644,1645,5103,12226,2668,7758,12412,19657
0	1373	16681	32162,5702,28447,1644,1645,5103,12226,2668,7758,12412,19657,12626
1	1373	18436	32162,5702,28447,1644,1645,5103,12226,2668,7758,12412,19657,12626
1	1373	12705	32162,5702,28447,1644,1645,5103,12226,2668,7758,12412,19657,12626,18436
1	1373	18680	32162,5702,28447,1644,1645,5103,12226,2668,7758,12412,19657,12626,18436,12705
1	1373	15117	32162,5702,28447,1644,1645,5103,12226,2668,7758,12412,19657,12626,18436,12705,18680
0	1373	17674	32162,5702,28447,1644,1645,5103,12226,2668,7758,12412,19657,12626,18436,12705,18680,15117
0	1373	17469	32162,5702,28447,1644,1645,5103,12226,2668,7758,12412,19657,12626,18436,12705,18680,15117
1	1373	7475	32162,5702,28447,1644,1645,5103,12226,2668,7758,12412,19657,12626,18436,12705,18680,15117
0	1373	15932	32162,5702,28447,1644,1645,5103,12226,2668,7758,12412,19657,12626,18436,12705,18680,15117,7475
1	1373	17030	32162,5702,28447,1644,1645,5103,12226,2668,7758,12412,19657,12626,18436,12705,18680,15117,7475
0	1373	17095	32162,5702,28447,1644,1645,5103,12226,2668,7758,12412,19657,12626,18436,12705,18680,15117,7475,17030
0	1373	3691	32162,5702,28447,1644,1645,5103,12226,2668,7758,12412,19657,12626,18436,12705,18680,15117,7475,17030
1	1373	16420	32162,5702,28447,1644,1645,5103,12226,2668,7758,12412,19657,12626,18436,12705,18680,15117,7475,17030
1	1373	25765	32162,5702,28447,1644,1645,5103,12226,2668,7758,12412,19657,12626,18436,12705,18680,15117,7475,17030,16420
0	1373	16426	32162,5702,28447,1644,1645,5103,12226,2668,7758,12412,19657,12626,18436,12705,18680,15117,7475,17030,16420,25765
1	1373	15419	32162,5702,28447,1644,1645,5103,12226,2668,7758,12412,19657,12626,18436,12705,18680,15117,7475,17030,16420,25765
0	1373	27730	32162,5702,28447,1644,1645,5103,12226,2668,7758,12412,19657,12626,18436,12705,18680,15117,7475,17030,16420,25765,15419
0	1373	14456	32162,5702,28447,1644,1645,5103,12226,2668,7758,12412,19657,12626,18436,12705,18680,15117,7475,17030,16420,25765,15419
1	1373	25225	32162,5702,28447,1644,1645,5103,12226,2668,7758,12412,19657,12626,18436,12705,18680,15117,7475,17030,16420,25765,15419
