0	1046	5139	0
0	1046	6600	0
1	1046	22506	0
1	1046	1057	22506
1	1046	1941	22506,1057
0	1046	5061	22506,1057,1941
1	1046	6894	22506,1057,1941
0	1046	7160	22506,1057,1941,6894
0	1046	7695	22506,1057,1941,6894
0	1046	9412	22506,1057,1941,6894
1	1046	11020	22506,1057,1941,6894
0	1046	11463	22506,1057,1941,6894,11020
1	1046	12014	22506,1057,1941,6894,11020
1	1046	12910	22506,1057,1941,6894,11020,12014
1	1046	13180	22506,1057,1941,6894,11020,12014,12910
0	1046	13615	22506,1057,1941,6894,11020,12014,12910,13180
0	1046	14041	22506,1057,1941,6894,11020,12014,12910,13180
0	1046	14121	22506,1057,1941,6894,11020,12014,12910,13180
1	1046	18006	22506,1057,1941,6894,11020,12014,12910,13180
0	1046	18894	22506,1057,1941,6894,11020,12014,12910,13180,18006
0	1046	18928	22506,1057,1941,6894,11020,12014,12910,13180,18006
1	1046	19155	22506,1057,1941,6894,11020,12014,12910,13180,18006
1	1046	19791	22506,1057,1941,6894,11020,12014,12910,13180,18006,19155
0	1046	20144	22506,1057,1941,6894,11020,12014,12910,13180,18006,19155,19791
1	1046	21103	22506,1057,1941,6894,11020,12014,12910,13180,18006,19155,19791
0	1046	21138	22506,1057,1941,6894,11020,12014,12910,13180,18006,19155,19791,21103
1	1046	25524	22506,1057,1941,6894,11020,12014,12910,13180,18006,19155,19791,21103
0	1046	25677	22506,1057,1941,6894,11020,12014,12910,13180,18006,19155,19791,21103,25524
0	1046	11432	22506,1057,1941,6894,11020,12014,12910,13180,18006,19155,19791,21103,25524
1	1046	8488	22506,1057,1941,6894,11020,12014,12910,13180,18006,19155,19791,21103,25524
0	1046	22000	22506,1057,1941,6894,11020,12014,12910,13180,18006,19155,19791,21103,25524,8488
0	1046	9320	22506,1057,1941,6894,11020,12014,12910,13180,18006,19155,19791,21103,25524,8488
1	1046	25493	22506,1057,1941,6894,11020,12014,12910,13180,18006,19155,19791,21103,25524,8488
1	1046	26397	22506,1057,1941,6894,11020,12014,12910,13180,18006,19155,19791,21103,25524,8488,25493
1	1046	431	22506,1057,1941,6894,11020,12014,12910,13180,18006,19155,19791,21103,25524,8488,25493,26397
0	1046	13348	22506,1057,1941,6894,11020,12014,12910,13180,18006,19155,19791,21103,25524,8488,25493,26397,431
0	1046	16246	22506,1057,1941,6894,11020,12014,12910,13180,18006,19155,19791,21103,25524,8488,25493,26397,431
0	1046	20588	22506,1057,1941,6894,11020,12014,12910,13180,18006,19155,19791,21103,25524,8488,25493,26397,431
0	1046	23840	22506,1057,1941,6894,11020,12014,12910,13180,18006,19155,19791,21103,25524,8488,25493,26397,431
1	1046	25338	22506,1057,1941,6894,11020,12014,12910,13180,18006,19155,19791,21103,25524,8488,25493,26397,431
0	1046	25359	22506,1057,1941,6894,11020,12014,12910,13180,18006,19155,19791,21103,25524,8488,25493,26397,431,25338
0	1046	26721	22506,1057,1941,6894,11020,12014,12910,13180,18006,19155,19791,21103,25524,8488,25493,26397,431,25338
1	1046	22437	22506,1057,1941,6894,11020,12014,12910,13180,18006,19155,19791,21103,25524,8488,25493,26397,431,25338
