0	444	31055	0
0	444	1254	0
0	444	32837	0
0	444	793	0
1	444	13254	0
1	444	13261	13254
0	444	32173	13254,13261
0	444	28888	13254,13261
0	444	30848	13254,13261
0	444	1034	13254,13261
0	444	30850	13254,13261
0	444	136	13254,13261
0	444	1906	13254,13261
1	444	6556	13254,13261
0	444	160	13254,13261,6556
0	444	32100	13254,13261,6556
0	444	32266	13254,13261,6556
1	444	2237	13254,13261,6556
1	444	15587	13254,13261,6556,2237
0	444	1319	13254,13261,6556,2237,15587
0	444	6548	13254,13261,6556,2237,15587
0	444	2337	13254,13261,6556,2237,15587
1	444	32179	13254,13261,6556,2237,15587
0	444	2205	13254,13261,6556,2237,15587,32179
0	444	286	13254,13261,6556,2237,15587,32179
0	444	6670	13254,13261,6556,2237,15587,32179
0	444	7055	13254,13261,6556,2237,15587,32179
0	444	6994	13254,13261,6556,2237,15587,32179
0	444	7225	13254,13261,6556,2237,15587,32179
1	444	513	13254,13261,6556,2237,15587,32179
1	444	32573	13254,13261,6556,2237,15587,32179,513
0	444	5219	13254,13261,6556,2237,15587,32179,513,32573
1	444	5870	13254,13261,6556,2237,15587,32179,513,32573
0	444	7629	13254,13261,6556,2237,15587,32179,513,32573,5870
1	444	7278	13254,13261,6556,2237,15587,32179,513,32573,5870
0	444	5214	13254,13261,6556,2237,15587,32179,513,32573,5870,7278
0	444	10473	13254,13261,6556,2237,15587,32179,513,32573,5870,7278
0	444	31440	13254,13261,6556,2237,15587,32179,513,32573,5870,7278
0	444	8842	13254,13261,6556,2237,15587,32179,513,32573,5870,7278
1	444	9968	13254,13261,6556,2237,15587,32179,513,32573,5870,7278
0	444	9027	13254,13261,6556,2237,15587,32179,513,32573,5870,7278,9968
0	444	14150	13254,13261,6556,2237,15587,32179,513,32573,5870,7278,9968
1	444	32468	13254,13261,6556,2237,15587,32179,513,32573,5870,7278,9968
1	444	6981	13254,13261,6556,2237,15587,32179,513,32573,5870,7278,9968,32468
0	444	22833	13254,13261,6556,2237,15587,32179,513,32573,5870,7278,9968,32468,6981
1	444	7494	13254,13261,6556,2237,15587,32179,513,32573,5870,7278,9968,32468,6981
0	444	5302	13254,13261,6556,2237,15587,32179,513,32573,5870,7278,9968,32468,6981,7494
1	444	7110	13254,13261,6556,2237,15587,32179,513,32573,5870,7278,9968,32468,6981,7494
1	444	3978	13254,13261,6556,2237,15587,32179,513,32573,5870,7278,9968,32468,6981,7494,7110
0	444	8499	13254,13261,6556,2237,15587,32179,513,32573,5870,7278,9968,32468,6981,7494,7110,3978
0	444	15054	13254,13261,6556,2237,15587,32179,513,32573,5870,7278,9968,32468,6981,7494,7110,3978
1	444	9853	13254,13261,6556,2237,15587,32179,513,32573,5870,7278,9968,32468,6981,7494,7110,3978
1	444	19986	13254,13261,6556,2237,15587,32179,513,32573,5870,7278,9968,32468,6981,7494,7110,3978,9853
0	444	17132	13254,13261,6556,2237,15587,32179,513,32573,5870,7278,9968,32468,6981,7494,7110,3978,9853,19986
0	444	7679	13254,13261,6556,2237,15587,32179,513,32573,5870,7278,9968,32468,6981,7494,7110,3978,9853,19986
0	444	22722	13254,13261,6556,2237,15587,32179,513,32573,5870,7278,9968,32468,6981,7494,7110,3978,9853,19986
0	444	10832	13254,13261,6556,2237,15587,32179,513,32573,5870,7278,9968,32468,6981,7494,7110,3978,9853,19986
0	444	11170	13254,13261,6556,2237,15587,32179,513,32573,5870,7278,9968,32468,6981,7494,7110,3978,9853,19986
1	444	23754	13254,13261,6556,2237,15587,32179,513,32573,5870,7278,9968,32468,6981,7494,7110,3978,9853,19986
0	444	21987	13254,13261,6556,2237,15587,32179,513,32573,5870,7278,9968,32468,6981,7494,7110,3978,9853,19986,23754
