0	536	16917	0
1	536	27780	0
1	536	6832	27780
0	536	18506	27780,6832
1	536	32056	27780,6832
1	536	47	27780,6832,32056
1	536	32581	27780,6832,32056,47
0	536	31896	27780,6832,32056,47,32581
0	536	82	27780,6832,32056,47,32581
1	536	22522	27780,6832,32056,47,32581
1	536	33081	27780,6832,32056,47,32581,22522
1	536	1359	27780,6832,32056,47,32581,22522,33081
0	536	1100	27780,6832,32056,47,32581,22522,33081,1359
1	536	1878	27780,6832,32056,47,32581,22522,33081,1359
0	536	1907	27780,6832,32056,47,32581,22522,33081,1359,1878
0	536	2228	27780,6832,32056,47,32581,22522,33081,1359,1878
1	536	30877	27780,6832,32056,47,32581,22522,33081,1359,1878
0	536	295	27780,6832,32056,47,32581,22522,33081,1359,1878,30877
0	536	2857	27780,6832,32056,47,32581,22522,33081,1359,1878,30877
0	536	666	27780,6832,32056,47,32581,22522,33081,1359,1878,30877
1	536	4884	27780,6832,32056,47,32581,22522,33081,1359,1878,30877
1	536	12	27780,6832,32056,47,32581,22522,33081,1359,1878,30877,4884
1	536	32454	27780,6832,32056,47,32581,22522,33081,1359,1878,30877,4884,12
0	536	18858	27780,6832,32056,47,32581,22522,33081,1359,1878,30877,4884,12,32454
1	536	2106	27780,6832,32056,47,32581,22522,33081,1359,1878,30877,4884,12,32454
1	536	24066	27780,6832,32056,47,32581,22522,33081,1359,1878,30877,4884,12,32454,2106
0	536	2949	27780,6832,32056,47,32581,22522,33081,1359,1878,30877,4884,12,32454,2106,24066
0	536	32680	27780,6832,32056,47,32581,22522,33081,1359,1878,30877,4884,12,32454,2106,24066
0	536	3576	27780,6832,32056,47,32581,22522,33081,1359,1878,30877,4884,12,32454,2106,24066
0	536	4108	27780,6832,32056,47,32581,22522,33081,1359,1878,30877,4884,12,32454,2106,24066
1	536	32886	27780,6832,32056,47,32581,22522,33081,1359,1878,30877,4884,12,32454,2106,24066
1	536	2074	27780,6832,32056,47,32581,22522,33081,1359,1878,30877,4884,12,32454,2106,24066,32886
0	536	5693	27780,6832,32056,47,32581,22522,33081,1359,1878,30877,4884,12,32454,2106,24066,32886,2074
0	536	8779	27780,6832,32056,47,32581,22522,33081,1359,1878,30877,4884,12,32454,2106,24066,32886,2074
1	536	32281	27780,6832,32056,47,32581,22522,33081,1359,1878,30877,4884,12,32454,2106,24066,32886,2074
0	536	9160	27780,6832,32056,47,32581,22522,33081,1359,1878,30877,4884,12,32454,2106,24066,32886,2074,32281
1	536	9538	27780,6832,32056,47,32581,22522,33081,1359,1878,30877,4884,12,32454,2106,24066,32886,2074,32281
0	536	8758	27780,6832,32056,47,32581,22522,33081,1359,1878,30877,4884,12,32454,2106,24066,32886,2074,32281,9538
0	536	10861	27780,6832,32056,47,32581,22522,33081,1359,1878,30877,4884,12,32454,2106,24066,32886,2074,32281,9538
1	536	8458	27780,6832,32056,47,32581,22522,33081,1359,1878,30877,4884,12,32454,2106,24066,32886,2074,32281,9538
0	536	6851	27780,6832,32056,47,32581,22522,33081,1359,1878,30877,4884,12,32454,2106,24066,32886,2074,32281,9538,8458
1	536	18821	27780,6832,32056,47,32581,22522,33081,1359,1878,30877,4884,12,32454,2106,24066,32886,2074,32281,9538,8458
0	536	18843	27780,6832,32056,47,32581,22522,33081,1359,1878,30877,4884,12,32454,2106,24066,32886,2074,32281,9538,8458,18821
1	536	9647	27780,6832,32056,47,32581,22522,33081,1359,1878,30877,4884,12,32454,2106,24066,32886,2074,32281,9538,8458,18821
1	536	25995	27780,6832,32056,47,32581,22522,33081,1359,1878,30877,4884,12,32454,2106,24066,32886,2074,32281,9538,8458,18821,9647
0	536	24613	27780,6832,32056,47,32581,22522,33081,1359,1878,30877,4884,12,32454,2106,24066,32886,2074,32281,9538,8458,18821,9647,25995
0	536	23760	27780,6832,32056,47,32581,22522,33081,1359,1878,30877,4884,12,32454,2106,24066,32886,2074,32281,9538,8458,18821,9647,25995
1	536	837	27780,6832,32056,47,32581,22522,33081,1359,1878,30877,4884,12,32454,2106,24066,32886,2074,32281,9538,8458,18821,9647,25995
0	536	27151	27780,6832,32056,47,32581,22522,33081,1359,1878,30877,4884,12,32454,2106,24066,32886,2074,32281,9538,8458,18821,9647,25995,837
0	536	24048	27780,6832,32056,47,32581,22522,33081,1359,1878,30877,4884,12,32454,2106,24066,32886,2074,32281,9538,8458,18821,9647,25995,837
1	536	23317	27780,6832,32056,47,32581,22522,33081,1359,1878,30877,4884,12,32454,2106,24066,32886,2074,32281,9538,8458,18821,9647,25995,837
1	536	28469	27780,6832,32056,47,32581,22522,33081,1359,1878,30877,4884,12,32454,2106,24066,32886,2074,32281,9538,8458,18821,9647,25995,837,23317
1	536	20691	27780,6832,32056,47,32581,22522,33081,1359,1878,30877,4884,12,32454,2106,24066,32886,2074,32281,9538,8458,18821,9647,25995,837,23317,28469
0	536	28872	27780,6832,32056,47,32581,22522,33081,1359,1878,30877,4884,12,32454,2106,24066,32886,2074,32281,9538,8458,18821,9647,25995,837,23317,28469,20691
