0	1605	23742	0
0	1605	4495	0
1	1605	26472	0
1	1605	1291	26472
0	1605	3582	26472,1291
0	1605	3732	26472,1291
0	1605	3521	26472,1291
0	1605	19229	26472,1291
0	1605	26093	26472,1291
0	1605	7763	26472,1291
0	1605	8376	26472,1291
1	1605	19664	26472,1291
0	1605	26041	26472,1291,19664
1	1605	13472	26472,1291,19664
1	1605	21818	26472,1291,19664,13472
0	1605	3749	26472,1291,19664,13472,21818
0	1605	14364	26472,1291,19664,13472,21818
1	1605	11869	26472,1291,19664,13472,21818
0	1605	16798	26472,1291,19664,13472,21818,11869
0	1605	17619	26472,1291,19664,13472,21818,11869
1	1605	17095	26472,1291,19664,13472,21818,11869
0	1605	21314	26472,1291,19664,13472,21818,11869,17095
0	1605	21302	26472,1291,19664,13472,21818,11869,17095
