0	1243	2941	0
0	1243	2508	0
0	1243	6589	0
1	1243	9260	0
0	1243	2012	9260
1	1243	9716	9260
1	1243	10720	9260,9716
1	1243	10806	9260,9716,10720
0	1243	27983	9260,9716,10720,10806
1	1243	1798	9260,9716,10720,10806
1	1243	5342	9260,9716,10720,10806,1798
0	1243	5705	9260,9716,10720,10806,1798,5342
0	1243	7199	9260,9716,10720,10806,1798,5342
1	1243	11419	9260,9716,10720,10806,1798,5342
1	1243	15061	9260,9716,10720,10806,1798,5342,11419
0	1243	8923	9260,9716,10720,10806,1798,5342,11419,15061
0	1243	26631	9260,9716,10720,10806,1798,5342,11419,15061
1	1243	4190	9260,9716,10720,10806,1798,5342,11419,15061
1	1243	33108	9260,9716,10720,10806,1798,5342,11419,15061,4190
1	1243	24881	9260,9716,10720,10806,1798,5342,11419,15061,4190,33108
1	1243	7714	9260,9716,10720,10806,1798,5342,11419,15061,4190,33108,24881
0	1243	5277	9260,9716,10720,10806,1798,5342,11419,15061,4190,33108,24881,7714
0	1243	8491	9260,9716,10720,10806,1798,5342,11419,15061,4190,33108,24881,7714
1	1243	5341	9260,9716,10720,10806,1798,5342,11419,15061,4190,33108,24881,7714
1	1243	9434	9260,9716,10720,10806,1798,5342,11419,15061,4190,33108,24881,7714,5341
0	1243	17386	9260,9716,10720,10806,1798,5342,11419,15061,4190,33108,24881,7714,5341,9434
0	1243	12626	9260,9716,10720,10806,1798,5342,11419,15061,4190,33108,24881,7714,5341,9434
0	1243	14311	9260,9716,10720,10806,1798,5342,11419,15061,4190,33108,24881,7714,5341,9434
1	1243	19027	9260,9716,10720,10806,1798,5342,11419,15061,4190,33108,24881,7714,5341,9434
0	1243	19001	9260,9716,10720,10806,1798,5342,11419,15061,4190,33108,24881,7714,5341,9434,19027
0	1243	9797	9260,9716,10720,10806,1798,5342,11419,15061,4190,33108,24881,7714,5341,9434,19027
1	1243	11794	9260,9716,10720,10806,1798,5342,11419,15061,4190,33108,24881,7714,5341,9434,19027
0	1243	17045	9260,9716,10720,10806,1798,5342,11419,15061,4190,33108,24881,7714,5341,9434,19027,11794
0	1243	21959	9260,9716,10720,10806,1798,5342,11419,15061,4190,33108,24881,7714,5341,9434,19027,11794
1	1243	20950	9260,9716,10720,10806,1798,5342,11419,15061,4190,33108,24881,7714,5341,9434,19027,11794
1	1243	18142	9260,9716,10720,10806,1798,5342,11419,15061,4190,33108,24881,7714,5341,9434,19027,11794,20950
0	1243	17677	9260,9716,10720,10806,1798,5342,11419,15061,4190,33108,24881,7714,5341,9434,19027,11794,20950,18142
1	1243	18860	9260,9716,10720,10806,1798,5342,11419,15061,4190,33108,24881,7714,5341,9434,19027,11794,20950,18142
0	1243	23490	9260,9716,10720,10806,1798,5342,11419,15061,4190,33108,24881,7714,5341,9434,19027,11794,20950,18142,18860
0	1243	24009	9260,9716,10720,10806,1798,5342,11419,15061,4190,33108,24881,7714,5341,9434,19027,11794,20950,18142,18860
1	1243	23491	9260,9716,10720,10806,1798,5342,11419,15061,4190,33108,24881,7714,5341,9434,19027,11794,20950,18142,18860
0	1243	21241	9260,9716,10720,10806,1798,5342,11419,15061,4190,33108,24881,7714,5341,9434,19027,11794,20950,18142,18860,23491
0	1243	7052	9260,9716,10720,10806,1798,5342,11419,15061,4190,33108,24881,7714,5341,9434,19027,11794,20950,18142,18860,23491
0	1243	23259	9260,9716,10720,10806,1798,5342,11419,15061,4190,33108,24881,7714,5341,9434,19027,11794,20950,18142,18860,23491
0	1243	21510	9260,9716,10720,10806,1798,5342,11419,15061,4190,33108,24881,7714,5341,9434,19027,11794,20950,18142,18860,23491
1	1243	23449	9260,9716,10720,10806,1798,5342,11419,15061,4190,33108,24881,7714,5341,9434,19027,11794,20950,18142,18860,23491
1	1243	23453	9260,9716,10720,10806,1798,5342,11419,15061,4190,33108,24881,7714,5341,9434,19027,11794,20950,18142,18860,23491,23449
1	1243	23452	9260,9716,10720,10806,1798,5342,11419,15061,4190,33108,24881,7714,5341,9434,19027,11794,20950,18142,18860,23491,23449,23453
1	1243	25659	9260,9716,10720,10806,1798,5342,11419,15061,4190,33108,24881,7714,5341,9434,19027,11794,20950,18142,18860,23491,23449,23453,23452
0	1243	25658	9260,9716,10720,10806,1798,5342,11419,15061,4190,33108,24881,7714,5341,9434,19027,11794,20950,18142,18860,23491,23449,23453,23452,25659
1	1243	23450	9260,9716,10720,10806,1798,5342,11419,15061,4190,33108,24881,7714,5341,9434,19027,11794,20950,18142,18860,23491,23449,23453,23452,25659
1	1243	23157	9260,9716,10720,10806,1798,5342,11419,15061,4190,33108,24881,7714,5341,9434,19027,11794,20950,18142,18860,23491,23449,23453,23452,25659,23450
1	1243	20625	9260,9716,10720,10806,1798,5342,11419,15061,4190,33108,24881,7714,5341,9434,19027,11794,20950,18142,18860,23491,23449,23453,23452,25659,23450,23157
0	1243	23768	9260,9716,10720,10806,1798,5342,11419,15061,4190,33108,24881,7714,5341,9434,19027,11794,20950,18142,18860,23491,23449,23453,23452,25659,23450,23157,20625
0	1243	27770	9260,9716,10720,10806,1798,5342,11419,15061,4190,33108,24881,7714,5341,9434,19027,11794,20950,18142,18860,23491,23449,23453,23452,25659,23450,23157,20625
1	1243	21808	9260,9716,10720,10806,1798,5342,11419,15061,4190,33108,24881,7714,5341,9434,19027,11794,20950,18142,18860,23491,23449,23453,23452,25659,23450,23157,20625
1	1243	27544	9260,9716,10720,10806,1798,5342,11419,15061,4190,33108,24881,7714,5341,9434,19027,11794,20950,18142,18860,23491,23449,23453,23452,25659,23450,23157,20625,21808
0	1243	28208	9260,9716,10720,10806,1798,5342,11419,15061,4190,33108,24881,7714,5341,9434,19027,11794,20950,18142,18860,23491,23449,23453,23452,25659,23450,23157,20625,21808,27544
1	1243	28504	9260,9716,10720,10806,1798,5342,11419,15061,4190,33108,24881,7714,5341,9434,19027,11794,20950,18142,18860,23491,23449,23453,23452,25659,23450,23157,20625,21808,27544
0	1243	29275	9260,9716,10720,10806,1798,5342,11419,15061,4190,33108,24881,7714,5341,9434,19027,11794,20950,18142,18860,23491,23449,23453,23452,25659,23450,23157,20625,21808,27544,28504
1	1243	28663	9260,9716,10720,10806,1798,5342,11419,15061,4190,33108,24881,7714,5341,9434,19027,11794,20950,18142,18860,23491,23449,23453,23452,25659,23450,23157,20625,21808,27544,28504
