1	591	547	0
1	591	1127	547
0	591	1131	547,1127
1	591	448	547,1127
1	591	2552	547,1127,448
1	591	4073	547,1127,448,2552
1	591	11400	547,1127,448,2552,4073
1	591	31965	547,1127,448,2552,4073,11400
0	591	1154	547,1127,448,2552,4073,11400,31965
1	591	3743	547,1127,448,2552,4073,11400,31965
0	591	3917	547,1127,448,2552,4073,11400,31965,3743
0	591	4003	547,1127,448,2552,4073,11400,31965,3743
0	591	4412	547,1127,448,2552,4073,11400,31965,3743
1	591	8103	547,1127,448,2552,4073,11400,31965,3743
0	591	8960	547,1127,448,2552,4073,11400,31965,3743,8103
0	591	1645	547,1127,448,2552,4073,11400,31965,3743,8103
0	591	1897	547,1127,448,2552,4073,11400,31965,3743,8103
1	591	2570	547,1127,448,2552,4073,11400,31965,3743,8103
0	591	32933	547,1127,448,2552,4073,11400,31965,3743,8103,2570
1	591	14122	547,1127,448,2552,4073,11400,31965,3743,8103,2570
0	591	16183	547,1127,448,2552,4073,11400,31965,3743,8103,2570,14122
1	591	5200	547,1127,448,2552,4073,11400,31965,3743,8103,2570,14122
1	591	9440	547,1127,448,2552,4073,11400,31965,3743,8103,2570,14122,5200
0	591	32742	547,1127,448,2552,4073,11400,31965,3743,8103,2570,14122,5200,9440
1	591	6661	547,1127,448,2552,4073,11400,31965,3743,8103,2570,14122,5200,9440
1	591	1982	547,1127,448,2552,4073,11400,31965,3743,8103,2570,14122,5200,9440,6661
1	591	9852	547,1127,448,2552,4073,11400,31965,3743,8103,2570,14122,5200,9440,6661,1982
1	591	16993	547,1127,448,2552,4073,11400,31965,3743,8103,2570,14122,5200,9440,6661,1982,9852
1	591	8488	547,1127,448,2552,4073,11400,31965,3743,8103,2570,14122,5200,9440,6661,1982,9852,16993
1	591	13214	547,1127,448,2552,4073,11400,31965,3743,8103,2570,14122,5200,9440,6661,1982,9852,16993,8488
1	591	19374	547,1127,448,2552,4073,11400,31965,3743,8103,2570,14122,5200,9440,6661,1982,9852,16993,8488,13214
1	591	3299	547,1127,448,2552,4073,11400,31965,3743,8103,2570,14122,5200,9440,6661,1982,9852,16993,8488,13214,19374
1	591	19533	547,1127,448,2552,4073,11400,31965,3743,8103,2570,14122,5200,9440,6661,1982,9852,16993,8488,13214,19374,3299
1	591	16359	547,1127,448,2552,4073,11400,31965,3743,8103,2570,14122,5200,9440,6661,1982,9852,16993,8488,13214,19374,3299,19533
0	591	17033	547,1127,448,2552,4073,11400,31965,3743,8103,2570,14122,5200,9440,6661,1982,9852,16993,8488,13214,19374,3299,19533,16359
1	591	1660	547,1127,448,2552,4073,11400,31965,3743,8103,2570,14122,5200,9440,6661,1982,9852,16993,8488,13214,19374,3299,19533,16359
0	591	13112	547,1127,448,2552,4073,11400,31965,3743,8103,2570,14122,5200,9440,6661,1982,9852,16993,8488,13214,19374,3299,19533,16359,1660
0	591	20342	547,1127,448,2552,4073,11400,31965,3743,8103,2570,14122,5200,9440,6661,1982,9852,16993,8488,13214,19374,3299,19533,16359,1660
0	591	20754	547,1127,448,2552,4073,11400,31965,3743,8103,2570,14122,5200,9440,6661,1982,9852,16993,8488,13214,19374,3299,19533,16359,1660
1	591	16744	547,1127,448,2552,4073,11400,31965,3743,8103,2570,14122,5200,9440,6661,1982,9852,16993,8488,13214,19374,3299,19533,16359,1660
0	591	1505	547,1127,448,2552,4073,11400,31965,3743,8103,2570,14122,5200,9440,6661,1982,9852,16993,8488,13214,19374,3299,19533,16359,1660,16744
1	591	16807	547,1127,448,2552,4073,11400,31965,3743,8103,2570,14122,5200,9440,6661,1982,9852,16993,8488,13214,19374,3299,19533,16359,1660,16744
1	591	14486	547,1127,448,2552,4073,11400,31965,3743,8103,2570,14122,5200,9440,6661,1982,9852,16993,8488,13214,19374,3299,19533,16359,1660,16744,16807
1	591	17545	547,1127,448,2552,4073,11400,31965,3743,8103,2570,14122,5200,9440,6661,1982,9852,16993,8488,13214,19374,3299,19533,16359,1660,16744,16807,14486
