1	1814	3322	0
1	1814	16807	3322
1	1814	17998	3322,16807
1	1814	17162	3322,16807,17998
1	1814	28773	3322,16807,17998,17162
1	1814	11863	3322,16807,17998,17162,28773
1	1814	22323	3322,16807,17998,17162,28773,11863
1	1814	6173	3322,16807,17998,17162,28773,11863,22323
1	1814	2923	3322,16807,17998,17162,28773,11863,22323,6173
1	1814	32885	3322,16807,17998,17162,28773,11863,22323,6173,2923
1	1814	9730	3322,16807,17998,17162,28773,11863,22323,6173,2923,32885
1	1814	28420	3322,16807,17998,17162,28773,11863,22323,6173,2923,32885,9730
1	1814	17628	3322,16807,17998,17162,28773,11863,22323,6173,2923,32885,9730,28420
1	1814	4857	3322,16807,17998,17162,28773,11863,22323,6173,2923,32885,9730,28420,17628
1	1814	3647	3322,16807,17998,17162,28773,11863,22323,6173,2923,32885,9730,28420,17628,4857
1	1814	20645	3322,16807,17998,17162,28773,11863,22323,6173,2923,32885,9730,28420,17628,4857,3647
1	1814	16267	3322,16807,17998,17162,28773,11863,22323,6173,2923,32885,9730,28420,17628,4857,3647,20645
1	1814	24201	3322,16807,17998,17162,28773,11863,22323,6173,2923,32885,9730,28420,17628,4857,3647,20645,16267
1	1814	15228	3322,16807,17998,17162,28773,11863,22323,6173,2923,32885,9730,28420,17628,4857,3647,20645,16267,24201
1	1814	23883	3322,16807,17998,17162,28773,11863,22323,6173,2923,32885,9730,28420,17628,4857,3647,20645,16267,24201,15228
0	1814	24732	3322,16807,17998,17162,28773,11863,22323,6173,2923,32885,9730,28420,17628,4857,3647,20645,16267,24201,15228,23883
1	1814	26107	3322,16807,17998,17162,28773,11863,22323,6173,2923,32885,9730,28420,17628,4857,3647,20645,16267,24201,15228,23883
0	1814	16496	3322,16807,17998,17162,28773,11863,22323,6173,2923,32885,9730,28420,17628,4857,3647,20645,16267,24201,15228,23883,26107
1	1814	18821	3322,16807,17998,17162,28773,11863,22323,6173,2923,32885,9730,28420,17628,4857,3647,20645,16267,24201,15228,23883,26107
1	1814	21631	3322,16807,17998,17162,28773,11863,22323,6173,2923,32885,9730,28420,17628,4857,3647,20645,16267,24201,15228,23883,26107,18821
1	1814	25275	3322,16807,17998,17162,28773,11863,22323,6173,2923,32885,9730,28420,17628,4857,3647,20645,16267,24201,15228,23883,26107,18821,21631
1	1814	26095	3322,16807,17998,17162,28773,11863,22323,6173,2923,32885,9730,28420,17628,4857,3647,20645,16267,24201,15228,23883,26107,18821,21631,25275
1	1814	17754	3322,16807,17998,17162,28773,11863,22323,6173,2923,32885,9730,28420,17628,4857,3647,20645,16267,24201,15228,23883,26107,18821,21631,25275,26095
1	1814	6308	3322,16807,17998,17162,28773,11863,22323,6173,2923,32885,9730,28420,17628,4857,3647,20645,16267,24201,15228,23883,26107,18821,21631,25275,26095,17754
1	1814	11110	3322,16807,17998,17162,28773,11863,22323,6173,2923,32885,9730,28420,17628,4857,3647,20645,16267,24201,15228,23883,26107,18821,21631,25275,26095,17754,6308
1	1814	8561	3322,16807,17998,17162,28773,11863,22323,6173,2923,32885,9730,28420,17628,4857,3647,20645,16267,24201,15228,23883,26107,18821,21631,25275,26095,17754,6308,11110
1	1814	25279	3322,16807,17998,17162,28773,11863,22323,6173,2923,32885,9730,28420,17628,4857,3647,20645,16267,24201,15228,23883,26107,18821,21631,25275,26095,17754,6308,11110,8561
1	1814	24245	3322,16807,17998,17162,28773,11863,22323,6173,2923,32885,9730,28420,17628,4857,3647,20645,16267,24201,15228,23883,26107,18821,21631,25275,26095,17754,6308,11110,8561,25279
1	1814	3325	3322,16807,17998,17162,28773,11863,22323,6173,2923,32885,9730,28420,17628,4857,3647,20645,16267,24201,15228,23883,26107,18821,21631,25275,26095,17754,6308,11110,8561,25279,24245
1	1814	13463	3322,16807,17998,17162,28773,11863,22323,6173,2923,32885,9730,28420,17628,4857,3647,20645,16267,24201,15228,23883,26107,18821,21631,25275,26095,17754,6308,11110,8561,25279,24245,3325
1	1814	26096	3322,16807,17998,17162,28773,11863,22323,6173,2923,32885,9730,28420,17628,4857,3647,20645,16267,24201,15228,23883,26107,18821,21631,25275,26095,17754,6308,11110,8561,25279,24245,3325,13463
1	1814	18177	3322,16807,17998,17162,28773,11863,22323,6173,2923,32885,9730,28420,17628,4857,3647,20645,16267,24201,15228,23883,26107,18821,21631,25275,26095,17754,6308,11110,8561,25279,24245,3325,13463,26096
1	1814	22051	3322,16807,17998,17162,28773,11863,22323,6173,2923,32885,9730,28420,17628,4857,3647,20645,16267,24201,15228,23883,26107,18821,21631,25275,26095,17754,6308,11110,8561,25279,24245,3325,13463,26096,18177
0	1814	16628	3322,16807,17998,17162,28773,11863,22323,6173,2923,32885,9730,28420,17628,4857,3647,20645,16267,24201,15228,23883,26107,18821,21631,25275,26095,17754,6308,11110,8561,25279,24245,3325,13463,26096,18177,22051
1	1814	26074	3322,16807,17998,17162,28773,11863,22323,6173,2923,32885,9730,28420,17628,4857,3647,20645,16267,24201,15228,23883,26107,18821,21631,25275,26095,17754,6308,11110,8561,25279,24245,3325,13463,26096,18177,22051
1	1814	28325	3322,16807,17998,17162,28773,11863,22323,6173,2923,32885,9730,28420,17628,4857,3647,20645,16267,24201,15228,23883,26107,18821,21631,25275,26095,17754,6308,11110,8561,25279,24245,3325,13463,26096,18177,22051,26074
1	1814	9729	3322,16807,17998,17162,28773,11863,22323,6173,2923,32885,9730,28420,17628,4857,3647,20645,16267,24201,15228,23883,26107,18821,21631,25275,26095,17754,6308,11110,8561,25279,24245,3325,13463,26096,18177,22051,26074,28325
1	1814	18532	3322,16807,17998,17162,28773,11863,22323,6173,2923,32885,9730,28420,17628,4857,3647,20645,16267,24201,15228,23883,26107,18821,21631,25275,26095,17754,6308,11110,8561,25279,24245,3325,13463,26096,18177,22051,26074,28325,9729
0	1814	22791	3322,16807,17998,17162,28773,11863,22323,6173,2923,32885,9730,28420,17628,4857,3647,20645,16267,24201,15228,23883,26107,18821,21631,25275,26095,17754,6308,11110,8561,25279,24245,3325,13463,26096,18177,22051,26074,28325,9729,18532
1	1814	23315	3322,16807,17998,17162,28773,11863,22323,6173,2923,32885,9730,28420,17628,4857,3647,20645,16267,24201,15228,23883,26107,18821,21631,25275,26095,17754,6308,11110,8561,25279,24245,3325,13463,26096,18177,22051,26074,28325,9729,18532
1	1814	27116	3322,16807,17998,17162,28773,11863,22323,6173,2923,32885,9730,28420,17628,4857,3647,20645,16267,24201,15228,23883,26107,18821,21631,25275,26095,17754,6308,11110,8561,25279,24245,3325,13463,26096,18177,22051,26074,28325,9729,18532,23315
0	1814	27327	3322,16807,17998,17162,28773,11863,22323,6173,2923,32885,9730,28420,17628,4857,3647,20645,16267,24201,15228,23883,26107,18821,21631,25275,26095,17754,6308,11110,8561,25279,24245,3325,13463,26096,18177,22051,26074,28325,9729,18532,23315,27116
1	1814	29842	3322,16807,17998,17162,28773,11863,22323,6173,2923,32885,9730,28420,17628,4857,3647,20645,16267,24201,15228,23883,26107,18821,21631,25275,26095,17754,6308,11110,8561,25279,24245,3325,13463,26096,18177,22051,26074,28325,9729,18532,23315,27116
0	1814	16111	3322,16807,17998,17162,28773,11863,22323,6173,2923,32885,9730,28420,17628,4857,3647,20645,16267,24201,15228,23883,26107,18821,21631,25275,26095,17754,6308,11110,8561,25279,24245,3325,13463,26096,18177,22051,26074,28325,9729,18532,23315,27116,29842
0	1814	21552	3322,16807,17998,17162,28773,11863,22323,6173,2923,32885,9730,28420,17628,4857,3647,20645,16267,24201,15228,23883,26107,18821,21631,25275,26095,17754,6308,11110,8561,25279,24245,3325,13463,26096,18177,22051,26074,28325,9729,18532,23315,27116,29842
1	1814	23143	3322,16807,17998,17162,28773,11863,22323,6173,2923,32885,9730,28420,17628,4857,3647,20645,16267,24201,15228,23883,26107,18821,21631,25275,26095,17754,6308,11110,8561,25279,24245,3325,13463,26096,18177,22051,26074,28325,9729,18532,23315,27116,29842
0	1814	25884	3322,16807,17998,17162,28773,11863,22323,6173,2923,32885,9730,28420,17628,4857,3647,20645,16267,24201,15228,23883,26107,18821,21631,25275,26095,17754,6308,11110,8561,25279,24245,3325,13463,26096,18177,22051,26074,28325,9729,18532,23315,27116,29842,23143
1	1814	27677	3322,16807,17998,17162,28773,11863,22323,6173,2923,32885,9730,28420,17628,4857,3647,20645,16267,24201,15228,23883,26107,18821,21631,25275,26095,17754,6308,11110,8561,25279,24245,3325,13463,26096,18177,22051,26074,28325,9729,18532,23315,27116,29842,23143
1	1814	27765	3322,16807,17998,17162,28773,11863,22323,6173,2923,32885,9730,28420,17628,4857,3647,20645,16267,24201,15228,23883,26107,18821,21631,25275,26095,17754,6308,11110,8561,25279,24245,3325,13463,26096,18177,22051,26074,28325,9729,18532,23315,27116,29842,23143,27677
1	1814	18053	3322,16807,17998,17162,28773,11863,22323,6173,2923,32885,9730,28420,17628,4857,3647,20645,16267,24201,15228,23883,26107,18821,21631,25275,26095,17754,6308,11110,8561,25279,24245,3325,13463,26096,18177,22051,26074,28325,9729,18532,23315,27116,29842,23143,27677,27765
1	1814	11405	3322,16807,17998,17162,28773,11863,22323,6173,2923,32885,9730,28420,17628,4857,3647,20645,16267,24201,15228,23883,26107,18821,21631,25275,26095,17754,6308,11110,8561,25279,24245,3325,13463,26096,18177,22051,26074,28325,9729,18532,23315,27116,29842,23143,27677,27765,18053
0	1814	22340	3322,16807,17998,17162,28773,11863,22323,6173,2923,32885,9730,28420,17628,4857,3647,20645,16267,24201,15228,23883,26107,18821,21631,25275,26095,17754,6308,11110,8561,25279,24245,3325,13463,26096,18177,22051,26074,28325,9729,18532,23315,27116,29842,23143,27677,27765,18053,11405
1	1814	24440	3322,16807,17998,17162,28773,11863,22323,6173,2923,32885,9730,28420,17628,4857,3647,20645,16267,24201,15228,23883,26107,18821,21631,25275,26095,17754,6308,11110,8561,25279,24245,3325,13463,26096,18177,22051,26074,28325,9729,18532,23315,27116,29842,23143,27677,27765,18053,11405
0	1814	25147	3322,16807,17998,17162,28773,11863,22323,6173,2923,32885,9730,28420,17628,4857,3647,20645,16267,24201,15228,23883,26107,18821,21631,25275,26095,17754,6308,11110,8561,25279,24245,3325,13463,26096,18177,22051,26074,28325,9729,18532,23315,27116,29842,23143,27677,27765,18053,11405,24440
