0	1821	31725	0
1	1821	1113	0
1	1821	1755	1113
1	1821	3005	1113,1755
1	1821	4526	1113,1755,3005
1	1821	4924	1113,1755,3005,4526
0	1821	5230	1113,1755,3005,4526,4924
1	1821	5523	1113,1755,3005,4526,4924
1	1821	6172	1113,1755,3005,4526,4924,5523
0	1821	7040	1113,1755,3005,4526,4924,5523,6172
0	1821	6269	1113,1755,3005,4526,4924,5523,6172
0	1821	8488	1113,1755,3005,4526,4924,5523,6172
0	1821	6636	1113,1755,3005,4526,4924,5523,6172
0	1821	6958	1113,1755,3005,4526,4924,5523,6172
0	1821	10735	1113,1755,3005,4526,4924,5523,6172
0	1821	7634	1113,1755,3005,4526,4924,5523,6172
0	1821	13225	1113,1755,3005,4526,4924,5523,6172
0	1821	14365	1113,1755,3005,4526,4924,5523,6172
1	1821	13400	1113,1755,3005,4526,4924,5523,6172
0	1821	14849	1113,1755,3005,4526,4924,5523,6172,13400
0	1821	16547	1113,1755,3005,4526,4924,5523,6172,13400
1	1821	16359	1113,1755,3005,4526,4924,5523,6172,13400
0	1821	17483	1113,1755,3005,4526,4924,5523,6172,13400,16359
0	1821	16718	1113,1755,3005,4526,4924,5523,6172,13400,16359
0	1821	17891	1113,1755,3005,4526,4924,5523,6172,13400,16359
1	1821	17720	1113,1755,3005,4526,4924,5523,6172,13400,16359
0	1821	17415	1113,1755,3005,4526,4924,5523,6172,13400,16359,17720
0	1821	19176	1113,1755,3005,4526,4924,5523,6172,13400,16359,17720
1	1821	15479	1113,1755,3005,4526,4924,5523,6172,13400,16359,17720
0	1821	13221	1113,1755,3005,4526,4924,5523,6172,13400,16359,17720,15479
0	1821	20319	1113,1755,3005,4526,4924,5523,6172,13400,16359,17720,15479
1	1821	20442	1113,1755,3005,4526,4924,5523,6172,13400,16359,17720,15479
1	1821	19514	1113,1755,3005,4526,4924,5523,6172,13400,16359,17720,15479,20442
0	1821	21242	1113,1755,3005,4526,4924,5523,6172,13400,16359,17720,15479,20442,19514
0	1821	22458	1113,1755,3005,4526,4924,5523,6172,13400,16359,17720,15479,20442,19514
0	1821	22314	1113,1755,3005,4526,4924,5523,6172,13400,16359,17720,15479,20442,19514
1	1821	23453	1113,1755,3005,4526,4924,5523,6172,13400,16359,17720,15479,20442,19514
0	1821	10739	1113,1755,3005,4526,4924,5523,6172,13400,16359,17720,15479,20442,19514,23453
0	1821	22383	1113,1755,3005,4526,4924,5523,6172,13400,16359,17720,15479,20442,19514,23453
0	1821	23101	1113,1755,3005,4526,4924,5523,6172,13400,16359,17720,15479,20442,19514,23453
0	1821	22919	1113,1755,3005,4526,4924,5523,6172,13400,16359,17720,15479,20442,19514,23453
0	1821	25463	1113,1755,3005,4526,4924,5523,6172,13400,16359,17720,15479,20442,19514,23453
0	1821	25373	1113,1755,3005,4526,4924,5523,6172,13400,16359,17720,15479,20442,19514,23453
0	1821	20922	1113,1755,3005,4526,4924,5523,6172,13400,16359,17720,15479,20442,19514,23453
1	1821	23452	1113,1755,3005,4526,4924,5523,6172,13400,16359,17720,15479,20442,19514,23453
0	1821	25659	1113,1755,3005,4526,4924,5523,6172,13400,16359,17720,15479,20442,19514,23453,23452
0	1821	8528	1113,1755,3005,4526,4924,5523,6172,13400,16359,17720,15479,20442,19514,23453,23452
1	1821	23768	1113,1755,3005,4526,4924,5523,6172,13400,16359,17720,15479,20442,19514,23453,23452
0	1821	25890	1113,1755,3005,4526,4924,5523,6172,13400,16359,17720,15479,20442,19514,23453,23452,23768
0	1821	25685	1113,1755,3005,4526,4924,5523,6172,13400,16359,17720,15479,20442,19514,23453,23452,23768
0	1821	27326	1113,1755,3005,4526,4924,5523,6172,13400,16359,17720,15479,20442,19514,23453,23452,23768
0	1821	24048	1113,1755,3005,4526,4924,5523,6172,13400,16359,17720,15479,20442,19514,23453,23452,23768
0	1821	27999	1113,1755,3005,4526,4924,5523,6172,13400,16359,17720,15479,20442,19514,23453,23452,23768
0	1821	28161	1113,1755,3005,4526,4924,5523,6172,13400,16359,17720,15479,20442,19514,23453,23452,23768
0	1821	27831	1113,1755,3005,4526,4924,5523,6172,13400,16359,17720,15479,20442,19514,23453,23452,23768
0	1821	20444	1113,1755,3005,4526,4924,5523,6172,13400,16359,17720,15479,20442,19514,23453,23452,23768
1	1821	28052	1113,1755,3005,4526,4924,5523,6172,13400,16359,17720,15479,20442,19514,23453,23452,23768
0	1821	27603	1113,1755,3005,4526,4924,5523,6172,13400,16359,17720,15479,20442,19514,23453,23452,23768,28052
0	1821	28878	1113,1755,3005,4526,4924,5523,6172,13400,16359,17720,15479,20442,19514,23453,23452,23768,28052
0	1821	29127	1113,1755,3005,4526,4924,5523,6172,13400,16359,17720,15479,20442,19514,23453,23452,23768,28052
