1	296	32064	0
0	296	31360	32064
1	296	32574	32064
1	296	27600	32064,32574
1	296	15704	32064,32574,27600
0	296	31169	32064,32574,27600,15704
1	296	31410	32064,32574,27600,15704
1	296	10655	32064,32574,27600,15704,31410
1	296	703	32064,32574,27600,15704,31410,10655
1	296	31025	32064,32574,27600,15704,31410,10655,703
1	296	32033	32064,32574,27600,15704,31410,10655,703,31025
1	296	2066	32064,32574,27600,15704,31410,10655,703,31025,32033
1	296	27983	32064,32574,27600,15704,31410,10655,703,31025,32033,2066
0	296	31477	32064,32574,27600,15704,31410,10655,703,31025,32033,2066,27983
1	296	31286	32064,32574,27600,15704,31410,10655,703,31025,32033,2066,27983
1	296	179	32064,32574,27600,15704,31410,10655,703,31025,32033,2066,27983,31286
1	296	3313	32064,32574,27600,15704,31410,10655,703,31025,32033,2066,27983,31286,179
1	296	3903	32064,32574,27600,15704,31410,10655,703,31025,32033,2066,27983,31286,179,3313
1	296	1556	32064,32574,27600,15704,31410,10655,703,31025,32033,2066,27983,31286,179,3313,3903
1	296	3069	32064,32574,27600,15704,31410,10655,703,31025,32033,2066,27983,31286,179,3313,3903,1556
0	296	4265	32064,32574,27600,15704,31410,10655,703,31025,32033,2066,27983,31286,179,3313,3903,1556,3069
0	296	4526	32064,32574,27600,15704,31410,10655,703,31025,32033,2066,27983,31286,179,3313,3903,1556,3069
1	296	9235	32064,32574,27600,15704,31410,10655,703,31025,32033,2066,27983,31286,179,3313,3903,1556,3069
1	296	5565	32064,32574,27600,15704,31410,10655,703,31025,32033,2066,27983,31286,179,3313,3903,1556,3069,9235
1	296	26930	32064,32574,27600,15704,31410,10655,703,31025,32033,2066,27983,31286,179,3313,3903,1556,3069,9235,5565
0	296	32718	32064,32574,27600,15704,31410,10655,703,31025,32033,2066,27983,31286,179,3313,3903,1556,3069,9235,5565,26930
1	296	34	32064,32574,27600,15704,31410,10655,703,31025,32033,2066,27983,31286,179,3313,3903,1556,3069,9235,5565,26930
1	296	1409	32064,32574,27600,15704,31410,10655,703,31025,32033,2066,27983,31286,179,3313,3903,1556,3069,9235,5565,26930,34
1	296	23318	32064,32574,27600,15704,31410,10655,703,31025,32033,2066,27983,31286,179,3313,3903,1556,3069,9235,5565,26930,34,1409
1	296	4477	32064,32574,27600,15704,31410,10655,703,31025,32033,2066,27983,31286,179,3313,3903,1556,3069,9235,5565,26930,34,1409,23318
1	296	4708	32064,32574,27600,15704,31410,10655,703,31025,32033,2066,27983,31286,179,3313,3903,1556,3069,9235,5565,26930,34,1409,23318,4477
0	296	5983	32064,32574,27600,15704,31410,10655,703,31025,32033,2066,27983,31286,179,3313,3903,1556,3069,9235,5565,26930,34,1409,23318,4477,4708
1	296	30868	32064,32574,27600,15704,31410,10655,703,31025,32033,2066,27983,31286,179,3313,3903,1556,3069,9235,5565,26930,34,1409,23318,4477,4708
0	296	5719	32064,32574,27600,15704,31410,10655,703,31025,32033,2066,27983,31286,179,3313,3903,1556,3069,9235,5565,26930,34,1409,23318,4477,4708,30868
0	296	5732	32064,32574,27600,15704,31410,10655,703,31025,32033,2066,27983,31286,179,3313,3903,1556,3069,9235,5565,26930,34,1409,23318,4477,4708,30868
1	296	4	32064,32574,27600,15704,31410,10655,703,31025,32033,2066,27983,31286,179,3313,3903,1556,3069,9235,5565,26930,34,1409,23318,4477,4708,30868
1	296	14573	32064,32574,27600,15704,31410,10655,703,31025,32033,2066,27983,31286,179,3313,3903,1556,3069,9235,5565,26930,34,1409,23318,4477,4708,30868,4
0	296	18098	32064,32574,27600,15704,31410,10655,703,31025,32033,2066,27983,31286,179,3313,3903,1556,3069,9235,5565,26930,34,1409,23318,4477,4708,30868,4,14573
1	296	8261	32064,32574,27600,15704,31410,10655,703,31025,32033,2066,27983,31286,179,3313,3903,1556,3069,9235,5565,26930,34,1409,23318,4477,4708,30868,4,14573
1	296	1645	32064,32574,27600,15704,31410,10655,703,31025,32033,2066,27983,31286,179,3313,3903,1556,3069,9235,5565,26930,34,1409,23318,4477,4708,30868,4,14573,8261
1	296	6333	32064,32574,27600,15704,31410,10655,703,31025,32033,2066,27983,31286,179,3313,3903,1556,3069,9235,5565,26930,34,1409,23318,4477,4708,30868,4,14573,8261,1645
1	296	4804	32064,32574,27600,15704,31410,10655,703,31025,32033,2066,27983,31286,179,3313,3903,1556,3069,9235,5565,26930,34,1409,23318,4477,4708,30868,4,14573,8261,1645,6333
1	296	11243	32064,32574,27600,15704,31410,10655,703,31025,32033,2066,27983,31286,179,3313,3903,1556,3069,9235,5565,26930,34,1409,23318,4477,4708,30868,4,14573,8261,1645,6333,4804
1	296	6734	32064,32574,27600,15704,31410,10655,703,31025,32033,2066,27983,31286,179,3313,3903,1556,3069,9235,5565,26930,34,1409,23318,4477,4708,30868,4,14573,8261,1645,6333,4804,11243
1	296	7264	32064,32574,27600,15704,31410,10655,703,31025,32033,2066,27983,31286,179,3313,3903,1556,3069,9235,5565,26930,34,1409,23318,4477,4708,30868,4,14573,8261,1645,6333,4804,11243,6734
0	296	11861	32064,32574,27600,15704,31410,10655,703,31025,32033,2066,27983,31286,179,3313,3903,1556,3069,9235,5565,26930,34,1409,23318,4477,4708,30868,4,14573,8261,1645,6333,4804,11243,6734,7264
0	296	8199	32064,32574,27600,15704,31410,10655,703,31025,32033,2066,27983,31286,179,3313,3903,1556,3069,9235,5565,26930,34,1409,23318,4477,4708,30868,4,14573,8261,1645,6333,4804,11243,6734,7264
0	296	10684	32064,32574,27600,15704,31410,10655,703,31025,32033,2066,27983,31286,179,3313,3903,1556,3069,9235,5565,26930,34,1409,23318,4477,4708,30868,4,14573,8261,1645,6333,4804,11243,6734,7264
1	296	13619	32064,32574,27600,15704,31410,10655,703,31025,32033,2066,27983,31286,179,3313,3903,1556,3069,9235,5565,26930,34,1409,23318,4477,4708,30868,4,14573,8261,1645,6333,4804,11243,6734,7264
1	296	25713	32064,32574,27600,15704,31410,10655,703,31025,32033,2066,27983,31286,179,3313,3903,1556,3069,9235,5565,26930,34,1409,23318,4477,4708,30868,4,14573,8261,1645,6333,4804,11243,6734,7264,13619
1	296	16222	32064,32574,27600,15704,31410,10655,703,31025,32033,2066,27983,31286,179,3313,3903,1556,3069,9235,5565,26930,34,1409,23318,4477,4708,30868,4,14573,8261,1645,6333,4804,11243,6734,7264,13619,25713
1	296	14121	32064,32574,27600,15704,31410,10655,703,31025,32033,2066,27983,31286,179,3313,3903,1556,3069,9235,5565,26930,34,1409,23318,4477,4708,30868,4,14573,8261,1645,6333,4804,11243,6734,7264,13619,25713,16222
1	296	15674	32064,32574,27600,15704,31410,10655,703,31025,32033,2066,27983,31286,179,3313,3903,1556,3069,9235,5565,26930,34,1409,23318,4477,4708,30868,4,14573,8261,1645,6333,4804,11243,6734,7264,13619,25713,16222,14121
1	296	17134	32064,32574,27600,15704,31410,10655,703,31025,32033,2066,27983,31286,179,3313,3903,1556,3069,9235,5565,26930,34,1409,23318,4477,4708,30868,4,14573,8261,1645,6333,4804,11243,6734,7264,13619,25713,16222,14121,15674
1	296	18576	32064,32574,27600,15704,31410,10655,703,31025,32033,2066,27983,31286,179,3313,3903,1556,3069,9235,5565,26930,34,1409,23318,4477,4708,30868,4,14573,8261,1645,6333,4804,11243,6734,7264,13619,25713,16222,14121,15674,17134
0	296	18156	32064,32574,27600,15704,31410,10655,703,31025,32033,2066,27983,31286,179,3313,3903,1556,3069,9235,5565,26930,34,1409,23318,4477,4708,30868,4,14573,8261,1645,6333,4804,11243,6734,7264,13619,25713,16222,14121,15674,17134,18576
1	296	15926	32064,32574,27600,15704,31410,10655,703,31025,32033,2066,27983,31286,179,3313,3903,1556,3069,9235,5565,26930,34,1409,23318,4477,4708,30868,4,14573,8261,1645,6333,4804,11243,6734,7264,13619,25713,16222,14121,15674,17134,18576
0	296	17462	32064,32574,27600,15704,31410,10655,703,31025,32033,2066,27983,31286,179,3313,3903,1556,3069,9235,5565,26930,34,1409,23318,4477,4708,30868,4,14573,8261,1645,6333,4804,11243,6734,7264,13619,25713,16222,14121,15674,17134,18576,15926
0	296	19951	32064,32574,27600,15704,31410,10655,703,31025,32033,2066,27983,31286,179,3313,3903,1556,3069,9235,5565,26930,34,1409,23318,4477,4708,30868,4,14573,8261,1645,6333,4804,11243,6734,7264,13619,25713,16222,14121,15674,17134,18576,15926
0	296	19238	32064,32574,27600,15704,31410,10655,703,31025,32033,2066,27983,31286,179,3313,3903,1556,3069,9235,5565,26930,34,1409,23318,4477,4708,30868,4,14573,8261,1645,6333,4804,11243,6734,7264,13619,25713,16222,14121,15674,17134,18576,15926
0	296	1079	32064,32574,27600,15704,31410,10655,703,31025,32033,2066,27983,31286,179,3313,3903,1556,3069,9235,5565,26930,34,1409,23318,4477,4708,30868,4,14573,8261,1645,6333,4804,11243,6734,7264,13619,25713,16222,14121,15674,17134,18576,15926
1	296	19760	32064,32574,27600,15704,31410,10655,703,31025,32033,2066,27983,31286,179,3313,3903,1556,3069,9235,5565,26930,34,1409,23318,4477,4708,30868,4,14573,8261,1645,6333,4804,11243,6734,7264,13619,25713,16222,14121,15674,17134,18576,15926
1	296	20342	32064,32574,27600,15704,31410,10655,703,31025,32033,2066,27983,31286,179,3313,3903,1556,3069,9235,5565,26930,34,1409,23318,4477,4708,30868,4,14573,8261,1645,6333,4804,11243,6734,7264,13619,25713,16222,14121,15674,17134,18576,15926,19760
0	296	20341	32064,32574,27600,15704,31410,10655,703,31025,32033,2066,27983,31286,179,3313,3903,1556,3069,9235,5565,26930,34,1409,23318,4477,4708,30868,4,14573,8261,1645,6333,4804,11243,6734,7264,13619,25713,16222,14121,15674,17134,18576,15926,19760,20342
0	296	8229	32064,32574,27600,15704,31410,10655,703,31025,32033,2066,27983,31286,179,3313,3903,1556,3069,9235,5565,26930,34,1409,23318,4477,4708,30868,4,14573,8261,1645,6333,4804,11243,6734,7264,13619,25713,16222,14121,15674,17134,18576,15926,19760,20342
0	296	17168	32064,32574,27600,15704,31410,10655,703,31025,32033,2066,27983,31286,179,3313,3903,1556,3069,9235,5565,26930,34,1409,23318,4477,4708,30868,4,14573,8261,1645,6333,4804,11243,6734,7264,13619,25713,16222,14121,15674,17134,18576,15926,19760,20342
1	296	15626	32064,32574,27600,15704,31410,10655,703,31025,32033,2066,27983,31286,179,3313,3903,1556,3069,9235,5565,26930,34,1409,23318,4477,4708,30868,4,14573,8261,1645,6333,4804,11243,6734,7264,13619,25713,16222,14121,15674,17134,18576,15926,19760,20342
1	296	22165	32064,32574,27600,15704,31410,10655,703,31025,32033,2066,27983,31286,179,3313,3903,1556,3069,9235,5565,26930,34,1409,23318,4477,4708,30868,4,14573,8261,1645,6333,4804,11243,6734,7264,13619,25713,16222,14121,15674,17134,18576,15926,19760,20342,15626
1	296	20088	32064,32574,27600,15704,31410,10655,703,31025,32033,2066,27983,31286,179,3313,3903,1556,3069,9235,5565,26930,34,1409,23318,4477,4708,30868,4,14573,8261,1645,6333,4804,11243,6734,7264,13619,25713,16222,14121,15674,17134,18576,15926,19760,20342,15626,22165
1	296	17848	32064,32574,27600,15704,31410,10655,703,31025,32033,2066,27983,31286,179,3313,3903,1556,3069,9235,5565,26930,34,1409,23318,4477,4708,30868,4,14573,8261,1645,6333,4804,11243,6734,7264,13619,25713,16222,14121,15674,17134,18576,15926,19760,20342,15626,22165,20088
1	296	11403	32064,32574,27600,15704,31410,10655,703,31025,32033,2066,27983,31286,179,3313,3903,1556,3069,9235,5565,26930,34,1409,23318,4477,4708,30868,4,14573,8261,1645,6333,4804,11243,6734,7264,13619,25713,16222,14121,15674,17134,18576,15926,19760,20342,15626,22165,20088,17848
0	296	25373	32064,32574,27600,15704,31410,10655,703,31025,32033,2066,27983,31286,179,3313,3903,1556,3069,9235,5565,26930,34,1409,23318,4477,4708,30868,4,14573,8261,1645,6333,4804,11243,6734,7264,13619,25713,16222,14121,15674,17134,18576,15926,19760,20342,15626,22165,20088,17848,11403
0	296	22111	32064,32574,27600,15704,31410,10655,703,31025,32033,2066,27983,31286,179,3313,3903,1556,3069,9235,5565,26930,34,1409,23318,4477,4708,30868,4,14573,8261,1645,6333,4804,11243,6734,7264,13619,25713,16222,14121,15674,17134,18576,15926,19760,20342,15626,22165,20088,17848,11403
1	296	24884	32064,32574,27600,15704,31410,10655,703,31025,32033,2066,27983,31286,179,3313,3903,1556,3069,9235,5565,26930,34,1409,23318,4477,4708,30868,4,14573,8261,1645,6333,4804,11243,6734,7264,13619,25713,16222,14121,15674,17134,18576,15926,19760,20342,15626,22165,20088,17848,11403
1	296	15218	32064,32574,27600,15704,31410,10655,703,31025,32033,2066,27983,31286,179,3313,3903,1556,3069,9235,5565,26930,34,1409,23318,4477,4708,30868,4,14573,8261,1645,6333,4804,11243,6734,7264,13619,25713,16222,14121,15674,17134,18576,15926,19760,20342,15626,22165,20088,17848,11403,24884
0	296	24731	32064,32574,27600,15704,31410,10655,703,31025,32033,2066,27983,31286,179,3313,3903,1556,3069,9235,5565,26930,34,1409,23318,4477,4708,30868,4,14573,8261,1645,6333,4804,11243,6734,7264,13619,25713,16222,14121,15674,17134,18576,15926,19760,20342,15626,22165,20088,17848,11403,24884,15218
1	296	23389	32064,32574,27600,15704,31410,10655,703,31025,32033,2066,27983,31286,179,3313,3903,1556,3069,9235,5565,26930,34,1409,23318,4477,4708,30868,4,14573,8261,1645,6333,4804,11243,6734,7264,13619,25713,16222,14121,15674,17134,18576,15926,19760,20342,15626,22165,20088,17848,11403,24884,15218
1	296	23760	32064,32574,27600,15704,31410,10655,703,31025,32033,2066,27983,31286,179,3313,3903,1556,3069,9235,5565,26930,34,1409,23318,4477,4708,30868,4,14573,8261,1645,6333,4804,11243,6734,7264,13619,25713,16222,14121,15674,17134,18576,15926,19760,20342,15626,22165,20088,17848,11403,24884,15218,23389
0	296	22890	32064,32574,27600,15704,31410,10655,703,31025,32033,2066,27983,31286,179,3313,3903,1556,3069,9235,5565,26930,34,1409,23318,4477,4708,30868,4,14573,8261,1645,6333,4804,11243,6734,7264,13619,25713,16222,14121,15674,17134,18576,15926,19760,20342,15626,22165,20088,17848,11403,24884,15218,23389,23760
0	296	26881	32064,32574,27600,15704,31410,10655,703,31025,32033,2066,27983,31286,179,3313,3903,1556,3069,9235,5565,26930,34,1409,23318,4477,4708,30868,4,14573,8261,1645,6333,4804,11243,6734,7264,13619,25713,16222,14121,15674,17134,18576,15926,19760,20342,15626,22165,20088,17848,11403,24884,15218,23389,23760
0	296	20456	32064,32574,27600,15704,31410,10655,703,31025,32033,2066,27983,31286,179,3313,3903,1556,3069,9235,5565,26930,34,1409,23318,4477,4708,30868,4,14573,8261,1645,6333,4804,11243,6734,7264,13619,25713,16222,14121,15674,17134,18576,15926,19760,20342,15626,22165,20088,17848,11403,24884,15218,23389,23760
1	296	16807	32064,32574,27600,15704,31410,10655,703,31025,32033,2066,27983,31286,179,3313,3903,1556,3069,9235,5565,26930,34,1409,23318,4477,4708,30868,4,14573,8261,1645,6333,4804,11243,6734,7264,13619,25713,16222,14121,15674,17134,18576,15926,19760,20342,15626,22165,20088,17848,11403,24884,15218,23389,23760
0	296	27544	32064,32574,27600,15704,31410,10655,703,31025,32033,2066,27983,31286,179,3313,3903,1556,3069,9235,5565,26930,34,1409,23318,4477,4708,30868,4,14573,8261,1645,6333,4804,11243,6734,7264,13619,25713,16222,14121,15674,17134,18576,15926,19760,20342,15626,22165,20088,17848,11403,24884,15218,23389,23760,16807
1	296	28504	32064,32574,27600,15704,31410,10655,703,31025,32033,2066,27983,31286,179,3313,3903,1556,3069,9235,5565,26930,34,1409,23318,4477,4708,30868,4,14573,8261,1645,6333,4804,11243,6734,7264,13619,25713,16222,14121,15674,17134,18576,15926,19760,20342,15626,22165,20088,17848,11403,24884,15218,23389,23760,16807
1	296	28947	32064,32574,27600,15704,31410,10655,703,31025,32033,2066,27983,31286,179,3313,3903,1556,3069,9235,5565,26930,34,1409,23318,4477,4708,30868,4,14573,8261,1645,6333,4804,11243,6734,7264,13619,25713,16222,14121,15674,17134,18576,15926,19760,20342,15626,22165,20088,17848,11403,24884,15218,23389,23760,16807,28504
