0	107	8740	0
0	107	32174	0
0	107	23318	0
0	107	31526	0
1	107	1607	0
0	107	5850	1607
0	107	10641	1607
0	107	26625	1607
1	107	22439	1607
1	107	5922	1607,22439
1	107	11174	1607,22439,5922
1	107	1234	1607,22439,5922,11174
1	107	4073	1607,22439,5922,11174,1234
0	107	22296	1607,22439,5922,11174,1234,4073
1	107	15434	1607,22439,5922,11174,1234,4073
0	107	16635	1607,22439,5922,11174,1234,4073,15434
1	107	8370	1607,22439,5922,11174,1234,4073,15434
1	107	16596	1607,22439,5922,11174,1234,4073,15434,8370
1	107	14434	1607,22439,5922,11174,1234,4073,15434,8370,16596
1	107	2097	1607,22439,5922,11174,1234,4073,15434,8370,16596,14434
1	107	22474	1607,22439,5922,11174,1234,4073,15434,8370,16596,14434,2097
1	107	10437	1607,22439,5922,11174,1234,4073,15434,8370,16596,14434,2097,22474
1	107	19513	1607,22439,5922,11174,1234,4073,15434,8370,16596,14434,2097,22474,10437
0	107	3094	1607,22439,5922,11174,1234,4073,15434,8370,16596,14434,2097,22474,10437,19513
1	107	7175	1607,22439,5922,11174,1234,4073,15434,8370,16596,14434,2097,22474,10437,19513
1	107	22518	1607,22439,5922,11174,1234,4073,15434,8370,16596,14434,2097,22474,10437,19513,7175
1	107	6814	1607,22439,5922,11174,1234,4073,15434,8370,16596,14434,2097,22474,10437,19513,7175,22518
1	107	21901	1607,22439,5922,11174,1234,4073,15434,8370,16596,14434,2097,22474,10437,19513,7175,22518,6814
1	107	24982	1607,22439,5922,11174,1234,4073,15434,8370,16596,14434,2097,22474,10437,19513,7175,22518,6814,21901
0	107	21464	1607,22439,5922,11174,1234,4073,15434,8370,16596,14434,2097,22474,10437,19513,7175,22518,6814,21901,24982
0	107	24594	1607,22439,5922,11174,1234,4073,15434,8370,16596,14434,2097,22474,10437,19513,7175,22518,6814,21901,24982
0	107	4839	1607,22439,5922,11174,1234,4073,15434,8370,16596,14434,2097,22474,10437,19513,7175,22518,6814,21901,24982
0	107	11177	1607,22439,5922,11174,1234,4073,15434,8370,16596,14434,2097,22474,10437,19513,7175,22518,6814,21901,24982
1	107	9484	1607,22439,5922,11174,1234,4073,15434,8370,16596,14434,2097,22474,10437,19513,7175,22518,6814,21901,24982
0	107	27986	1607,22439,5922,11174,1234,4073,15434,8370,16596,14434,2097,22474,10437,19513,7175,22518,6814,21901,24982,9484
1	107	8619	1607,22439,5922,11174,1234,4073,15434,8370,16596,14434,2097,22474,10437,19513,7175,22518,6814,21901,24982,9484
1	107	9970	1607,22439,5922,11174,1234,4073,15434,8370,16596,14434,2097,22474,10437,19513,7175,22518,6814,21901,24982,9484,8619
0	107	21980	1607,22439,5922,11174,1234,4073,15434,8370,16596,14434,2097,22474,10437,19513,7175,22518,6814,21901,24982,9484,8619,9970
