1	993	9816	0
1	993	6897	9816
0	993	11748	9816,6897
0	993	9002	9816,6897
1	993	13654	9816,6897
1	993	14365	9816,6897,13654
1	993	6107	9816,6897,13654,14365
1	993	31889	9816,6897,13654,14365,6107
1	993	17508	9816,6897,13654,14365,6107,31889
0	993	11155	9816,6897,13654,14365,6107,31889,17508
1	993	7854	9816,6897,13654,14365,6107,31889,17508
1	993	12553	9816,6897,13654,14365,6107,31889,17508,7854
1	993	14189	9816,6897,13654,14365,6107,31889,17508,7854,12553
1	993	17419	9816,6897,13654,14365,6107,31889,17508,7854,12553,14189
1	993	7293	9816,6897,13654,14365,6107,31889,17508,7854,12553,14189,17419
1	993	6113	9816,6897,13654,14365,6107,31889,17508,7854,12553,14189,17419,7293
1	993	24125	9816,6897,13654,14365,6107,31889,17508,7854,12553,14189,17419,7293,6113
1	993	21627	9816,6897,13654,14365,6107,31889,17508,7854,12553,14189,17419,7293,6113,24125
0	993	22458	9816,6897,13654,14365,6107,31889,17508,7854,12553,14189,17419,7293,6113,24125,21627
1	993	22844	9816,6897,13654,14365,6107,31889,17508,7854,12553,14189,17419,7293,6113,24125,21627
0	993	18533	9816,6897,13654,14365,6107,31889,17508,7854,12553,14189,17419,7293,6113,24125,21627,22844
1	993	25803	9816,6897,13654,14365,6107,31889,17508,7854,12553,14189,17419,7293,6113,24125,21627,22844
0	993	12898	9816,6897,13654,14365,6107,31889,17508,7854,12553,14189,17419,7293,6113,24125,21627,22844,25803
0	993	22902	9816,6897,13654,14365,6107,31889,17508,7854,12553,14189,17419,7293,6113,24125,21627,22844,25803
1	993	12233	9816,6897,13654,14365,6107,31889,17508,7854,12553,14189,17419,7293,6113,24125,21627,22844,25803
1	993	25366	9816,6897,13654,14365,6107,31889,17508,7854,12553,14189,17419,7293,6113,24125,21627,22844,25803,12233
1	993	22580	9816,6897,13654,14365,6107,31889,17508,7854,12553,14189,17419,7293,6113,24125,21627,22844,25803,12233,25366
0	993	19497	9816,6897,13654,14365,6107,31889,17508,7854,12553,14189,17419,7293,6113,24125,21627,22844,25803,12233,25366,22580
0	993	17064	9816,6897,13654,14365,6107,31889,17508,7854,12553,14189,17419,7293,6113,24125,21627,22844,25803,12233,25366,22580
0	993	25247	9816,6897,13654,14365,6107,31889,17508,7854,12553,14189,17419,7293,6113,24125,21627,22844,25803,12233,25366,22580
1	993	32665	9816,6897,13654,14365,6107,31889,17508,7854,12553,14189,17419,7293,6113,24125,21627,22844,25803,12233,25366,22580
0	993	26928	9816,6897,13654,14365,6107,31889,17508,7854,12553,14189,17419,7293,6113,24125,21627,22844,25803,12233,25366,22580,32665
0	993	26778	9816,6897,13654,14365,6107,31889,17508,7854,12553,14189,17419,7293,6113,24125,21627,22844,25803,12233,25366,22580,32665
