1	1362	15791	0
1	1362	32994	15791
1	1362	2442	15791,32994
1	1362	6618	15791,32994,2442
1	1362	6327	15791,32994,2442,6618
0	1362	6502	15791,32994,2442,6618,6327
1	1362	4008	15791,32994,2442,6618,6327
1	1362	8425	15791,32994,2442,6618,6327,4008
0	1362	8494	15791,32994,2442,6618,6327,4008,8425
1	1362	7225	15791,32994,2442,6618,6327,4008,8425
0	1362	26214	15791,32994,2442,6618,6327,4008,8425,7225
1	1362	9817	15791,32994,2442,6618,6327,4008,8425,7225
1	1362	1899	15791,32994,2442,6618,6327,4008,8425,7225,9817
1	1362	9583	15791,32994,2442,6618,6327,4008,8425,7225,9817,1899
1	1362	8228	15791,32994,2442,6618,6327,4008,8425,7225,9817,1899,9583
1	1362	6722	15791,32994,2442,6618,6327,4008,8425,7225,9817,1899,9583,8228
1	1362	14763	15791,32994,2442,6618,6327,4008,8425,7225,9817,1899,9583,8228,6722
1	1362	4319	15791,32994,2442,6618,6327,4008,8425,7225,9817,1899,9583,8228,6722,14763
0	1362	6338	15791,32994,2442,6618,6327,4008,8425,7225,9817,1899,9583,8228,6722,14763,4319
1	1362	10354	15791,32994,2442,6618,6327,4008,8425,7225,9817,1899,9583,8228,6722,14763,4319
0	1362	12144	15791,32994,2442,6618,6327,4008,8425,7225,9817,1899,9583,8228,6722,14763,4319,10354
0	1362	11446	15791,32994,2442,6618,6327,4008,8425,7225,9817,1899,9583,8228,6722,14763,4319,10354
0	1362	11622	15791,32994,2442,6618,6327,4008,8425,7225,9817,1899,9583,8228,6722,14763,4319,10354
1	1362	13750	15791,32994,2442,6618,6327,4008,8425,7225,9817,1899,9583,8228,6722,14763,4319,10354
0	1362	13672	15791,32994,2442,6618,6327,4008,8425,7225,9817,1899,9583,8228,6722,14763,4319,10354,13750
1	1362	31792	15791,32994,2442,6618,6327,4008,8425,7225,9817,1899,9583,8228,6722,14763,4319,10354,13750
1	1362	12095	15791,32994,2442,6618,6327,4008,8425,7225,9817,1899,9583,8228,6722,14763,4319,10354,13750,31792
1	1362	15337	15791,32994,2442,6618,6327,4008,8425,7225,9817,1899,9583,8228,6722,14763,4319,10354,13750,31792,12095
1	1362	9434	15791,32994,2442,6618,6327,4008,8425,7225,9817,1899,9583,8228,6722,14763,4319,10354,13750,31792,12095,15337
1	1362	12736	15791,32994,2442,6618,6327,4008,8425,7225,9817,1899,9583,8228,6722,14763,4319,10354,13750,31792,12095,15337,9434
0	1362	16621	15791,32994,2442,6618,6327,4008,8425,7225,9817,1899,9583,8228,6722,14763,4319,10354,13750,31792,12095,15337,9434,12736
1	1362	15251	15791,32994,2442,6618,6327,4008,8425,7225,9817,1899,9583,8228,6722,14763,4319,10354,13750,31792,12095,15337,9434,12736
0	1362	14495	15791,32994,2442,6618,6327,4008,8425,7225,9817,1899,9583,8228,6722,14763,4319,10354,13750,31792,12095,15337,9434,12736,15251
0	1362	17502	15791,32994,2442,6618,6327,4008,8425,7225,9817,1899,9583,8228,6722,14763,4319,10354,13750,31792,12095,15337,9434,12736,15251
1	1362	10615	15791,32994,2442,6618,6327,4008,8425,7225,9817,1899,9583,8228,6722,14763,4319,10354,13750,31792,12095,15337,9434,12736,15251
1	1362	10742	15791,32994,2442,6618,6327,4008,8425,7225,9817,1899,9583,8228,6722,14763,4319,10354,13750,31792,12095,15337,9434,12736,15251,10615
0	1362	13038	15791,32994,2442,6618,6327,4008,8425,7225,9817,1899,9583,8228,6722,14763,4319,10354,13750,31792,12095,15337,9434,12736,15251,10615,10742
1	1362	17014	15791,32994,2442,6618,6327,4008,8425,7225,9817,1899,9583,8228,6722,14763,4319,10354,13750,31792,12095,15337,9434,12736,15251,10615,10742
1	1362	16064	15791,32994,2442,6618,6327,4008,8425,7225,9817,1899,9583,8228,6722,14763,4319,10354,13750,31792,12095,15337,9434,12736,15251,10615,10742,17014
0	1362	19224	15791,32994,2442,6618,6327,4008,8425,7225,9817,1899,9583,8228,6722,14763,4319,10354,13750,31792,12095,15337,9434,12736,15251,10615,10742,17014,16064
1	1362	19463	15791,32994,2442,6618,6327,4008,8425,7225,9817,1899,9583,8228,6722,14763,4319,10354,13750,31792,12095,15337,9434,12736,15251,10615,10742,17014,16064
0	1362	20105	15791,32994,2442,6618,6327,4008,8425,7225,9817,1899,9583,8228,6722,14763,4319,10354,13750,31792,12095,15337,9434,12736,15251,10615,10742,17014,16064,19463
1	1362	8074	15791,32994,2442,6618,6327,4008,8425,7225,9817,1899,9583,8228,6722,14763,4319,10354,13750,31792,12095,15337,9434,12736,15251,10615,10742,17014,16064,19463
1	1362	18821	15791,32994,2442,6618,6327,4008,8425,7225,9817,1899,9583,8228,6722,14763,4319,10354,13750,31792,12095,15337,9434,12736,15251,10615,10742,17014,16064,19463,8074
1	1362	16313	15791,32994,2442,6618,6327,4008,8425,7225,9817,1899,9583,8228,6722,14763,4319,10354,13750,31792,12095,15337,9434,12736,15251,10615,10742,17014,16064,19463,8074,18821
1	1362	21805	15791,32994,2442,6618,6327,4008,8425,7225,9817,1899,9583,8228,6722,14763,4319,10354,13750,31792,12095,15337,9434,12736,15251,10615,10742,17014,16064,19463,8074,18821,16313
1	1362	22475	15791,32994,2442,6618,6327,4008,8425,7225,9817,1899,9583,8228,6722,14763,4319,10354,13750,31792,12095,15337,9434,12736,15251,10615,10742,17014,16064,19463,8074,18821,16313,21805
0	1362	22109	15791,32994,2442,6618,6327,4008,8425,7225,9817,1899,9583,8228,6722,14763,4319,10354,13750,31792,12095,15337,9434,12736,15251,10615,10742,17014,16064,19463,8074,18821,16313,21805,22475
1	1362	19412	15791,32994,2442,6618,6327,4008,8425,7225,9817,1899,9583,8228,6722,14763,4319,10354,13750,31792,12095,15337,9434,12736,15251,10615,10742,17014,16064,19463,8074,18821,16313,21805,22475
1	1362	18142	15791,32994,2442,6618,6327,4008,8425,7225,9817,1899,9583,8228,6722,14763,4319,10354,13750,31792,12095,15337,9434,12736,15251,10615,10742,17014,16064,19463,8074,18821,16313,21805,22475,19412
1	1362	19071	15791,32994,2442,6618,6327,4008,8425,7225,9817,1899,9583,8228,6722,14763,4319,10354,13750,31792,12095,15337,9434,12736,15251,10615,10742,17014,16064,19463,8074,18821,16313,21805,22475,19412,18142
0	1362	23452	15791,32994,2442,6618,6327,4008,8425,7225,9817,1899,9583,8228,6722,14763,4319,10354,13750,31792,12095,15337,9434,12736,15251,10615,10742,17014,16064,19463,8074,18821,16313,21805,22475,19412,18142,19071
0	1362	9712	15791,32994,2442,6618,6327,4008,8425,7225,9817,1899,9583,8228,6722,14763,4319,10354,13750,31792,12095,15337,9434,12736,15251,10615,10742,17014,16064,19463,8074,18821,16313,21805,22475,19412,18142,19071
0	1362	24181	15791,32994,2442,6618,6327,4008,8425,7225,9817,1899,9583,8228,6722,14763,4319,10354,13750,31792,12095,15337,9434,12736,15251,10615,10742,17014,16064,19463,8074,18821,16313,21805,22475,19412,18142,19071
1	1362	22075	15791,32994,2442,6618,6327,4008,8425,7225,9817,1899,9583,8228,6722,14763,4319,10354,13750,31792,12095,15337,9434,12736,15251,10615,10742,17014,16064,19463,8074,18821,16313,21805,22475,19412,18142,19071
0	1362	6564	15791,32994,2442,6618,6327,4008,8425,7225,9817,1899,9583,8228,6722,14763,4319,10354,13750,31792,12095,15337,9434,12736,15251,10615,10742,17014,16064,19463,8074,18821,16313,21805,22475,19412,18142,19071,22075
1	1362	11141	15791,32994,2442,6618,6327,4008,8425,7225,9817,1899,9583,8228,6722,14763,4319,10354,13750,31792,12095,15337,9434,12736,15251,10615,10742,17014,16064,19463,8074,18821,16313,21805,22475,19412,18142,19071,22075
1	1362	25353	15791,32994,2442,6618,6327,4008,8425,7225,9817,1899,9583,8228,6722,14763,4319,10354,13750,31792,12095,15337,9434,12736,15251,10615,10742,17014,16064,19463,8074,18821,16313,21805,22475,19412,18142,19071,22075,11141
1	1362	25113	15791,32994,2442,6618,6327,4008,8425,7225,9817,1899,9583,8228,6722,14763,4319,10354,13750,31792,12095,15337,9434,12736,15251,10615,10742,17014,16064,19463,8074,18821,16313,21805,22475,19412,18142,19071,22075,11141,25353
1	1362	2480	15791,32994,2442,6618,6327,4008,8425,7225,9817,1899,9583,8228,6722,14763,4319,10354,13750,31792,12095,15337,9434,12736,15251,10615,10742,17014,16064,19463,8074,18821,16313,21805,22475,19412,18142,19071,22075,11141,25353,25113
1	1362	21444	15791,32994,2442,6618,6327,4008,8425,7225,9817,1899,9583,8228,6722,14763,4319,10354,13750,31792,12095,15337,9434,12736,15251,10615,10742,17014,16064,19463,8074,18821,16313,21805,22475,19412,18142,19071,22075,11141,25353,25113,2480
1	1362	23760	15791,32994,2442,6618,6327,4008,8425,7225,9817,1899,9583,8228,6722,14763,4319,10354,13750,31792,12095,15337,9434,12736,15251,10615,10742,17014,16064,19463,8074,18821,16313,21805,22475,19412,18142,19071,22075,11141,25353,25113,2480,21444
0	1362	26733	15791,32994,2442,6618,6327,4008,8425,7225,9817,1899,9583,8228,6722,14763,4319,10354,13750,31792,12095,15337,9434,12736,15251,10615,10742,17014,16064,19463,8074,18821,16313,21805,22475,19412,18142,19071,22075,11141,25353,25113,2480,21444,23760
1	1362	27586	15791,32994,2442,6618,6327,4008,8425,7225,9817,1899,9583,8228,6722,14763,4319,10354,13750,31792,12095,15337,9434,12736,15251,10615,10742,17014,16064,19463,8074,18821,16313,21805,22475,19412,18142,19071,22075,11141,25353,25113,2480,21444,23760
0	1362	27770	15791,32994,2442,6618,6327,4008,8425,7225,9817,1899,9583,8228,6722,14763,4319,10354,13750,31792,12095,15337,9434,12736,15251,10615,10742,17014,16064,19463,8074,18821,16313,21805,22475,19412,18142,19071,22075,11141,25353,25113,2480,21444,23760,27586
1	1362	21595	15791,32994,2442,6618,6327,4008,8425,7225,9817,1899,9583,8228,6722,14763,4319,10354,13750,31792,12095,15337,9434,12736,15251,10615,10742,17014,16064,19463,8074,18821,16313,21805,22475,19412,18142,19071,22075,11141,25353,25113,2480,21444,23760,27586
1	1362	24045	15791,32994,2442,6618,6327,4008,8425,7225,9817,1899,9583,8228,6722,14763,4319,10354,13750,31792,12095,15337,9434,12736,15251,10615,10742,17014,16064,19463,8074,18821,16313,21805,22475,19412,18142,19071,22075,11141,25353,25113,2480,21444,23760,27586,21595
1	1362	28535	15791,32994,2442,6618,6327,4008,8425,7225,9817,1899,9583,8228,6722,14763,4319,10354,13750,31792,12095,15337,9434,12736,15251,10615,10742,17014,16064,19463,8074,18821,16313,21805,22475,19412,18142,19071,22075,11141,25353,25113,2480,21444,23760,27586,21595,24045
0	1362	28514	15791,32994,2442,6618,6327,4008,8425,7225,9817,1899,9583,8228,6722,14763,4319,10354,13750,31792,12095,15337,9434,12736,15251,10615,10742,17014,16064,19463,8074,18821,16313,21805,22475,19412,18142,19071,22075,11141,25353,25113,2480,21444,23760,27586,21595,24045,28535
0	1362	29034	15791,32994,2442,6618,6327,4008,8425,7225,9817,1899,9583,8228,6722,14763,4319,10354,13750,31792,12095,15337,9434,12736,15251,10615,10742,17014,16064,19463,8074,18821,16313,21805,22475,19412,18142,19071,22075,11141,25353,25113,2480,21444,23760,27586,21595,24045,28535
1	1362	7355	15791,32994,2442,6618,6327,4008,8425,7225,9817,1899,9583,8228,6722,14763,4319,10354,13750,31792,12095,15337,9434,12736,15251,10615,10742,17014,16064,19463,8074,18821,16313,21805,22475,19412,18142,19071,22075,11141,25353,25113,2480,21444,23760,27586,21595,24045,28535
0	1362	28872	15791,32994,2442,6618,6327,4008,8425,7225,9817,1899,9583,8228,6722,14763,4319,10354,13750,31792,12095,15337,9434,12736,15251,10615,10742,17014,16064,19463,8074,18821,16313,21805,22475,19412,18142,19071,22075,11141,25353,25113,2480,21444,23760,27586,21595,24045,28535,7355
1	1362	28879	15791,32994,2442,6618,6327,4008,8425,7225,9817,1899,9583,8228,6722,14763,4319,10354,13750,31792,12095,15337,9434,12736,15251,10615,10742,17014,16064,19463,8074,18821,16313,21805,22475,19412,18142,19071,22075,11141,25353,25113,2480,21444,23760,27586,21595,24045,28535,7355
1	1362	28915	15791,32994,2442,6618,6327,4008,8425,7225,9817,1899,9583,8228,6722,14763,4319,10354,13750,31792,12095,15337,9434,12736,15251,10615,10742,17014,16064,19463,8074,18821,16313,21805,22475,19412,18142,19071,22075,11141,25353,25113,2480,21444,23760,27586,21595,24045,28535,7355,28879
0	1362	26175	15791,32994,2442,6618,6327,4008,8425,7225,9817,1899,9583,8228,6722,14763,4319,10354,13750,31792,12095,15337,9434,12736,15251,10615,10742,17014,16064,19463,8074,18821,16313,21805,22475,19412,18142,19071,22075,11141,25353,25113,2480,21444,23760,27586,21595,24045,28535,7355,28879,28915
0	1362	28748	15791,32994,2442,6618,6327,4008,8425,7225,9817,1899,9583,8228,6722,14763,4319,10354,13750,31792,12095,15337,9434,12736,15251,10615,10742,17014,16064,19463,8074,18821,16313,21805,22475,19412,18142,19071,22075,11141,25353,25113,2480,21444,23760,27586,21595,24045,28535,7355,28879,28915
1	1362	23462	15791,32994,2442,6618,6327,4008,8425,7225,9817,1899,9583,8228,6722,14763,4319,10354,13750,31792,12095,15337,9434,12736,15251,10615,10742,17014,16064,19463,8074,18821,16313,21805,22475,19412,18142,19071,22075,11141,25353,25113,2480,21444,23760,27586,21595,24045,28535,7355,28879,28915
1	1362	28007	15791,32994,2442,6618,6327,4008,8425,7225,9817,1899,9583,8228,6722,14763,4319,10354,13750,31792,12095,15337,9434,12736,15251,10615,10742,17014,16064,19463,8074,18821,16313,21805,22475,19412,18142,19071,22075,11141,25353,25113,2480,21444,23760,27586,21595,24045,28535,7355,28879,28915,23462
1	1362	29494	15791,32994,2442,6618,6327,4008,8425,7225,9817,1899,9583,8228,6722,14763,4319,10354,13750,31792,12095,15337,9434,12736,15251,10615,10742,17014,16064,19463,8074,18821,16313,21805,22475,19412,18142,19071,22075,11141,25353,25113,2480,21444,23760,27586,21595,24045,28535,7355,28879,28915,23462,28007
