1	891	32236	0
1	891	32695	32236
1	891	1875	32236,32695
1	891	29490	32236,32695,1875
0	891	30048	32236,32695,1875,29490
1	891	33132	32236,32695,1875,29490
0	891	33121	32236,32695,1875,29490,33132
1	891	869	32236,32695,1875,29490,33132
1	891	2978	32236,32695,1875,29490,33132,869
1	891	5578	32236,32695,1875,29490,33132,869,2978
1	891	5335	32236,32695,1875,29490,33132,869,2978,5578
1	891	5592	32236,32695,1875,29490,33132,869,2978,5578,5335
0	891	5625	32236,32695,1875,29490,33132,869,2978,5578,5335,5592
1	891	4979	32236,32695,1875,29490,33132,869,2978,5578,5335,5592
1	891	5708	32236,32695,1875,29490,33132,869,2978,5578,5335,5592,4979
1	891	1545	32236,32695,1875,29490,33132,869,2978,5578,5335,5592,4979,5708
1	891	6170	32236,32695,1875,29490,33132,869,2978,5578,5335,5592,4979,5708,1545
1	891	6916	32236,32695,1875,29490,33132,869,2978,5578,5335,5592,4979,5708,1545,6170
0	891	6359	32236,32695,1875,29490,33132,869,2978,5578,5335,5592,4979,5708,1545,6170,6916
1	891	6316	32236,32695,1875,29490,33132,869,2978,5578,5335,5592,4979,5708,1545,6170,6916
1	891	3048	32236,32695,1875,29490,33132,869,2978,5578,5335,5592,4979,5708,1545,6170,6916,6316
0	891	6462	32236,32695,1875,29490,33132,869,2978,5578,5335,5592,4979,5708,1545,6170,6916,6316,3048
0	891	7491	32236,32695,1875,29490,33132,869,2978,5578,5335,5592,4979,5708,1545,6170,6916,6316,3048
0	891	7965	32236,32695,1875,29490,33132,869,2978,5578,5335,5592,4979,5708,1545,6170,6916,6316,3048
0	891	7493	32236,32695,1875,29490,33132,869,2978,5578,5335,5592,4979,5708,1545,6170,6916,6316,3048
0	891	6333	32236,32695,1875,29490,33132,869,2978,5578,5335,5592,4979,5708,1545,6170,6916,6316,3048
1	891	8330	32236,32695,1875,29490,33132,869,2978,5578,5335,5592,4979,5708,1545,6170,6916,6316,3048
0	891	8654	32236,32695,1875,29490,33132,869,2978,5578,5335,5592,4979,5708,1545,6170,6916,6316,3048,8330
0	891	8848	32236,32695,1875,29490,33132,869,2978,5578,5335,5592,4979,5708,1545,6170,6916,6316,3048,8330
1	891	7869	32236,32695,1875,29490,33132,869,2978,5578,5335,5592,4979,5708,1545,6170,6916,6316,3048,8330
0	891	6895	32236,32695,1875,29490,33132,869,2978,5578,5335,5592,4979,5708,1545,6170,6916,6316,3048,8330,7869
0	891	3173	32236,32695,1875,29490,33132,869,2978,5578,5335,5592,4979,5708,1545,6170,6916,6316,3048,8330,7869
0	891	7574	32236,32695,1875,29490,33132,869,2978,5578,5335,5592,4979,5708,1545,6170,6916,6316,3048,8330,7869
0	891	9162	32236,32695,1875,29490,33132,869,2978,5578,5335,5592,4979,5708,1545,6170,6916,6316,3048,8330,7869
1	891	3573	32236,32695,1875,29490,33132,869,2978,5578,5335,5592,4979,5708,1545,6170,6916,6316,3048,8330,7869
1	891	10052	32236,32695,1875,29490,33132,869,2978,5578,5335,5592,4979,5708,1545,6170,6916,6316,3048,8330,7869,3573
0	891	9823	32236,32695,1875,29490,33132,869,2978,5578,5335,5592,4979,5708,1545,6170,6916,6316,3048,8330,7869,3573,10052
0	891	9683	32236,32695,1875,29490,33132,869,2978,5578,5335,5592,4979,5708,1545,6170,6916,6316,3048,8330,7869,3573,10052
0	891	7902	32236,32695,1875,29490,33132,869,2978,5578,5335,5592,4979,5708,1545,6170,6916,6316,3048,8330,7869,3573,10052
1	891	9195	32236,32695,1875,29490,33132,869,2978,5578,5335,5592,4979,5708,1545,6170,6916,6316,3048,8330,7869,3573,10052
0	891	6858	32236,32695,1875,29490,33132,869,2978,5578,5335,5592,4979,5708,1545,6170,6916,6316,3048,8330,7869,3573,10052,9195
0	891	6145	32236,32695,1875,29490,33132,869,2978,5578,5335,5592,4979,5708,1545,6170,6916,6316,3048,8330,7869,3573,10052,9195
0	891	6818	32236,32695,1875,29490,33132,869,2978,5578,5335,5592,4979,5708,1545,6170,6916,6316,3048,8330,7869,3573,10052,9195
0	891	3375	32236,32695,1875,29490,33132,869,2978,5578,5335,5592,4979,5708,1545,6170,6916,6316,3048,8330,7869,3573,10052,9195
0	891	9462	32236,32695,1875,29490,33132,869,2978,5578,5335,5592,4979,5708,1545,6170,6916,6316,3048,8330,7869,3573,10052,9195
0	891	9824	32236,32695,1875,29490,33132,869,2978,5578,5335,5592,4979,5708,1545,6170,6916,6316,3048,8330,7869,3573,10052,9195
1	891	9725	32236,32695,1875,29490,33132,869,2978,5578,5335,5592,4979,5708,1545,6170,6916,6316,3048,8330,7869,3573,10052,9195
0	891	12043	32236,32695,1875,29490,33132,869,2978,5578,5335,5592,4979,5708,1545,6170,6916,6316,3048,8330,7869,3573,10052,9195,9725
0	891	12240	32236,32695,1875,29490,33132,869,2978,5578,5335,5592,4979,5708,1545,6170,6916,6316,3048,8330,7869,3573,10052,9195,9725
0	891	11602	32236,32695,1875,29490,33132,869,2978,5578,5335,5592,4979,5708,1545,6170,6916,6316,3048,8330,7869,3573,10052,9195,9725
0	891	8729	32236,32695,1875,29490,33132,869,2978,5578,5335,5592,4979,5708,1545,6170,6916,6316,3048,8330,7869,3573,10052,9195,9725
0	891	9616	32236,32695,1875,29490,33132,869,2978,5578,5335,5592,4979,5708,1545,6170,6916,6316,3048,8330,7869,3573,10052,9195,9725
0	891	13252	32236,32695,1875,29490,33132,869,2978,5578,5335,5592,4979,5708,1545,6170,6916,6316,3048,8330,7869,3573,10052,9195,9725
0	891	11620	32236,32695,1875,29490,33132,869,2978,5578,5335,5592,4979,5708,1545,6170,6916,6316,3048,8330,7869,3573,10052,9195,9725
1	891	12620	32236,32695,1875,29490,33132,869,2978,5578,5335,5592,4979,5708,1545,6170,6916,6316,3048,8330,7869,3573,10052,9195,9725
1	891	12951	32236,32695,1875,29490,33132,869,2978,5578,5335,5592,4979,5708,1545,6170,6916,6316,3048,8330,7869,3573,10052,9195,9725,12620
0	891	12111	32236,32695,1875,29490,33132,869,2978,5578,5335,5592,4979,5708,1545,6170,6916,6316,3048,8330,7869,3573,10052,9195,9725,12620,12951
1	891	14628	32236,32695,1875,29490,33132,869,2978,5578,5335,5592,4979,5708,1545,6170,6916,6316,3048,8330,7869,3573,10052,9195,9725,12620,12951
0	891	15325	32236,32695,1875,29490,33132,869,2978,5578,5335,5592,4979,5708,1545,6170,6916,6316,3048,8330,7869,3573,10052,9195,9725,12620,12951,14628
0	891	15280	32236,32695,1875,29490,33132,869,2978,5578,5335,5592,4979,5708,1545,6170,6916,6316,3048,8330,7869,3573,10052,9195,9725,12620,12951,14628
0	891	7341	32236,32695,1875,29490,33132,869,2978,5578,5335,5592,4979,5708,1545,6170,6916,6316,3048,8330,7869,3573,10052,9195,9725,12620,12951,14628
1	891	15900	32236,32695,1875,29490,33132,869,2978,5578,5335,5592,4979,5708,1545,6170,6916,6316,3048,8330,7869,3573,10052,9195,9725,12620,12951,14628
1	891	33125	32236,32695,1875,29490,33132,869,2978,5578,5335,5592,4979,5708,1545,6170,6916,6316,3048,8330,7869,3573,10052,9195,9725,12620,12951,14628,15900
1	891	11211	32236,32695,1875,29490,33132,869,2978,5578,5335,5592,4979,5708,1545,6170,6916,6316,3048,8330,7869,3573,10052,9195,9725,12620,12951,14628,15900,33125
1	891	17668	32236,32695,1875,29490,33132,869,2978,5578,5335,5592,4979,5708,1545,6170,6916,6316,3048,8330,7869,3573,10052,9195,9725,12620,12951,14628,15900,33125,11211
0	891	17664	32236,32695,1875,29490,33132,869,2978,5578,5335,5592,4979,5708,1545,6170,6916,6316,3048,8330,7869,3573,10052,9195,9725,12620,12951,14628,15900,33125,11211,17668
0	891	18622	32236,32695,1875,29490,33132,869,2978,5578,5335,5592,4979,5708,1545,6170,6916,6316,3048,8330,7869,3573,10052,9195,9725,12620,12951,14628,15900,33125,11211,17668
0	891	17152	32236,32695,1875,29490,33132,869,2978,5578,5335,5592,4979,5708,1545,6170,6916,6316,3048,8330,7869,3573,10052,9195,9725,12620,12951,14628,15900,33125,11211,17668
0	891	18903	32236,32695,1875,29490,33132,869,2978,5578,5335,5592,4979,5708,1545,6170,6916,6316,3048,8330,7869,3573,10052,9195,9725,12620,12951,14628,15900,33125,11211,17668
1	891	19512	32236,32695,1875,29490,33132,869,2978,5578,5335,5592,4979,5708,1545,6170,6916,6316,3048,8330,7869,3573,10052,9195,9725,12620,12951,14628,15900,33125,11211,17668
1	891	15218	32236,32695,1875,29490,33132,869,2978,5578,5335,5592,4979,5708,1545,6170,6916,6316,3048,8330,7869,3573,10052,9195,9725,12620,12951,14628,15900,33125,11211,17668,19512
0	891	11297	32236,32695,1875,29490,33132,869,2978,5578,5335,5592,4979,5708,1545,6170,6916,6316,3048,8330,7869,3573,10052,9195,9725,12620,12951,14628,15900,33125,11211,17668,19512,15218
0	891	20477	32236,32695,1875,29490,33132,869,2978,5578,5335,5592,4979,5708,1545,6170,6916,6316,3048,8330,7869,3573,10052,9195,9725,12620,12951,14628,15900,33125,11211,17668,19512,15218
0	891	20436	32236,32695,1875,29490,33132,869,2978,5578,5335,5592,4979,5708,1545,6170,6916,6316,3048,8330,7869,3573,10052,9195,9725,12620,12951,14628,15900,33125,11211,17668,19512,15218
0	891	19930	32236,32695,1875,29490,33132,869,2978,5578,5335,5592,4979,5708,1545,6170,6916,6316,3048,8330,7869,3573,10052,9195,9725,12620,12951,14628,15900,33125,11211,17668,19512,15218
0	891	20937	32236,32695,1875,29490,33132,869,2978,5578,5335,5592,4979,5708,1545,6170,6916,6316,3048,8330,7869,3573,10052,9195,9725,12620,12951,14628,15900,33125,11211,17668,19512,15218
0	891	9132	32236,32695,1875,29490,33132,869,2978,5578,5335,5592,4979,5708,1545,6170,6916,6316,3048,8330,7869,3573,10052,9195,9725,12620,12951,14628,15900,33125,11211,17668,19512,15218
0	891	20627	32236,32695,1875,29490,33132,869,2978,5578,5335,5592,4979,5708,1545,6170,6916,6316,3048,8330,7869,3573,10052,9195,9725,12620,12951,14628,15900,33125,11211,17668,19512,15218
1	891	21158	32236,32695,1875,29490,33132,869,2978,5578,5335,5592,4979,5708,1545,6170,6916,6316,3048,8330,7869,3573,10052,9195,9725,12620,12951,14628,15900,33125,11211,17668,19512,15218
0	891	22804	32236,32695,1875,29490,33132,869,2978,5578,5335,5592,4979,5708,1545,6170,6916,6316,3048,8330,7869,3573,10052,9195,9725,12620,12951,14628,15900,33125,11211,17668,19512,15218,21158
0	891	21415	32236,32695,1875,29490,33132,869,2978,5578,5335,5592,4979,5708,1545,6170,6916,6316,3048,8330,7869,3573,10052,9195,9725,12620,12951,14628,15900,33125,11211,17668,19512,15218,21158
0	891	19145	32236,32695,1875,29490,33132,869,2978,5578,5335,5592,4979,5708,1545,6170,6916,6316,3048,8330,7869,3573,10052,9195,9725,12620,12951,14628,15900,33125,11211,17668,19512,15218,21158
1	891	19715	32236,32695,1875,29490,33132,869,2978,5578,5335,5592,4979,5708,1545,6170,6916,6316,3048,8330,7869,3573,10052,9195,9725,12620,12951,14628,15900,33125,11211,17668,19512,15218,21158
0	891	23158	32236,32695,1875,29490,33132,869,2978,5578,5335,5592,4979,5708,1545,6170,6916,6316,3048,8330,7869,3573,10052,9195,9725,12620,12951,14628,15900,33125,11211,17668,19512,15218,21158,19715
1	891	15219	32236,32695,1875,29490,33132,869,2978,5578,5335,5592,4979,5708,1545,6170,6916,6316,3048,8330,7869,3573,10052,9195,9725,12620,12951,14628,15900,33125,11211,17668,19512,15218,21158,19715
0	891	24181	32236,32695,1875,29490,33132,869,2978,5578,5335,5592,4979,5708,1545,6170,6916,6316,3048,8330,7869,3573,10052,9195,9725,12620,12951,14628,15900,33125,11211,17668,19512,15218,21158,19715,15219
0	891	4780	32236,32695,1875,29490,33132,869,2978,5578,5335,5592,4979,5708,1545,6170,6916,6316,3048,8330,7869,3573,10052,9195,9725,12620,12951,14628,15900,33125,11211,17668,19512,15218,21158,19715,15219
0	891	20954	32236,32695,1875,29490,33132,869,2978,5578,5335,5592,4979,5708,1545,6170,6916,6316,3048,8330,7869,3573,10052,9195,9725,12620,12951,14628,15900,33125,11211,17668,19512,15218,21158,19715,15219
0	891	22588	32236,32695,1875,29490,33132,869,2978,5578,5335,5592,4979,5708,1545,6170,6916,6316,3048,8330,7869,3573,10052,9195,9725,12620,12951,14628,15900,33125,11211,17668,19512,15218,21158,19715,15219
0	891	23768	32236,32695,1875,29490,33132,869,2978,5578,5335,5592,4979,5708,1545,6170,6916,6316,3048,8330,7869,3573,10052,9195,9725,12620,12951,14628,15900,33125,11211,17668,19512,15218,21158,19715,15219
0	891	19176	32236,32695,1875,29490,33132,869,2978,5578,5335,5592,4979,5708,1545,6170,6916,6316,3048,8330,7869,3573,10052,9195,9725,12620,12951,14628,15900,33125,11211,17668,19512,15218,21158,19715,15219
1	891	32885	32236,32695,1875,29490,33132,869,2978,5578,5335,5592,4979,5708,1545,6170,6916,6316,3048,8330,7869,3573,10052,9195,9725,12620,12951,14628,15900,33125,11211,17668,19512,15218,21158,19715,15219
0	891	21310	32236,32695,1875,29490,33132,869,2978,5578,5335,5592,4979,5708,1545,6170,6916,6316,3048,8330,7869,3573,10052,9195,9725,12620,12951,14628,15900,33125,11211,17668,19512,15218,21158,19715,15219,32885
1	891	8671	32236,32695,1875,29490,33132,869,2978,5578,5335,5592,4979,5708,1545,6170,6916,6316,3048,8330,7869,3573,10052,9195,9725,12620,12951,14628,15900,33125,11211,17668,19512,15218,21158,19715,15219,32885
1	891	4314	32236,32695,1875,29490,33132,869,2978,5578,5335,5592,4979,5708,1545,6170,6916,6316,3048,8330,7869,3573,10052,9195,9725,12620,12951,14628,15900,33125,11211,17668,19512,15218,21158,19715,15219,32885,8671
0	891	6027	32236,32695,1875,29490,33132,869,2978,5578,5335,5592,4979,5708,1545,6170,6916,6316,3048,8330,7869,3573,10052,9195,9725,12620,12951,14628,15900,33125,11211,17668,19512,15218,21158,19715,15219,32885,8671,4314
1	891	5880	32236,32695,1875,29490,33132,869,2978,5578,5335,5592,4979,5708,1545,6170,6916,6316,3048,8330,7869,3573,10052,9195,9725,12620,12951,14628,15900,33125,11211,17668,19512,15218,21158,19715,15219,32885,8671,4314
1	891	11289	32236,32695,1875,29490,33132,869,2978,5578,5335,5592,4979,5708,1545,6170,6916,6316,3048,8330,7869,3573,10052,9195,9725,12620,12951,14628,15900,33125,11211,17668,19512,15218,21158,19715,15219,32885,8671,4314,5880
0	891	11975	32236,32695,1875,29490,33132,869,2978,5578,5335,5592,4979,5708,1545,6170,6916,6316,3048,8330,7869,3573,10052,9195,9725,12620,12951,14628,15900,33125,11211,17668,19512,15218,21158,19715,15219,32885,8671,4314,5880,11289
1	891	4081	32236,32695,1875,29490,33132,869,2978,5578,5335,5592,4979,5708,1545,6170,6916,6316,3048,8330,7869,3573,10052,9195,9725,12620,12951,14628,15900,33125,11211,17668,19512,15218,21158,19715,15219,32885,8671,4314,5880,11289
0	891	1028	32236,32695,1875,29490,33132,869,2978,5578,5335,5592,4979,5708,1545,6170,6916,6316,3048,8330,7869,3573,10052,9195,9725,12620,12951,14628,15900,33125,11211,17668,19512,15218,21158,19715,15219,32885,8671,4314,5880,11289,4081
0	891	13181	32236,32695,1875,29490,33132,869,2978,5578,5335,5592,4979,5708,1545,6170,6916,6316,3048,8330,7869,3573,10052,9195,9725,12620,12951,14628,15900,33125,11211,17668,19512,15218,21158,19715,15219,32885,8671,4314,5880,11289,4081
0	891	17391	32236,32695,1875,29490,33132,869,2978,5578,5335,5592,4979,5708,1545,6170,6916,6316,3048,8330,7869,3573,10052,9195,9725,12620,12951,14628,15900,33125,11211,17668,19512,15218,21158,19715,15219,32885,8671,4314,5880,11289,4081
1	891	22801	32236,32695,1875,29490,33132,869,2978,5578,5335,5592,4979,5708,1545,6170,6916,6316,3048,8330,7869,3573,10052,9195,9725,12620,12951,14628,15900,33125,11211,17668,19512,15218,21158,19715,15219,32885,8671,4314,5880,11289,4081
1	891	22802	32236,32695,1875,29490,33132,869,2978,5578,5335,5592,4979,5708,1545,6170,6916,6316,3048,8330,7869,3573,10052,9195,9725,12620,12951,14628,15900,33125,11211,17668,19512,15218,21158,19715,15219,32885,8671,4314,5880,11289,4081,22801
1	891	22805	32236,32695,1875,29490,33132,869,2978,5578,5335,5592,4979,5708,1545,6170,6916,6316,3048,8330,7869,3573,10052,9195,9725,12620,12951,14628,15900,33125,11211,17668,19512,15218,21158,19715,15219,32885,8671,4314,5880,11289,4081,22801,22802
0	891	10408	32236,32695,1875,29490,33132,869,2978,5578,5335,5592,4979,5708,1545,6170,6916,6316,3048,8330,7869,3573,10052,9195,9725,12620,12951,14628,15900,33125,11211,17668,19512,15218,21158,19715,15219,32885,8671,4314,5880,11289,4081,22801,22802,22805
1	891	23565	32236,32695,1875,29490,33132,869,2978,5578,5335,5592,4979,5708,1545,6170,6916,6316,3048,8330,7869,3573,10052,9195,9725,12620,12951,14628,15900,33125,11211,17668,19512,15218,21158,19715,15219,32885,8671,4314,5880,11289,4081,22801,22802,22805
1	891	25705	32236,32695,1875,29490,33132,869,2978,5578,5335,5592,4979,5708,1545,6170,6916,6316,3048,8330,7869,3573,10052,9195,9725,12620,12951,14628,15900,33125,11211,17668,19512,15218,21158,19715,15219,32885,8671,4314,5880,11289,4081,22801,22802,22805,23565
1	891	24785	32236,32695,1875,29490,33132,869,2978,5578,5335,5592,4979,5708,1545,6170,6916,6316,3048,8330,7869,3573,10052,9195,9725,12620,12951,14628,15900,33125,11211,17668,19512,15218,21158,19715,15219,32885,8671,4314,5880,11289,4081,22801,22802,22805,23565,25705
0	891	33041	32236,32695,1875,29490,33132,869,2978,5578,5335,5592,4979,5708,1545,6170,6916,6316,3048,8330,7869,3573,10052,9195,9725,12620,12951,14628,15900,33125,11211,17668,19512,15218,21158,19715,15219,32885,8671,4314,5880,11289,4081,22801,22802,22805,23565,25705,24785
1	891	21335	32236,32695,1875,29490,33132,869,2978,5578,5335,5592,4979,5708,1545,6170,6916,6316,3048,8330,7869,3573,10052,9195,9725,12620,12951,14628,15900,33125,11211,17668,19512,15218,21158,19715,15219,32885,8671,4314,5880,11289,4081,22801,22802,22805,23565,25705,24785
0	891	24362	32236,32695,1875,29490,33132,869,2978,5578,5335,5592,4979,5708,1545,6170,6916,6316,3048,8330,7869,3573,10052,9195,9725,12620,12951,14628,15900,33125,11211,17668,19512,15218,21158,19715,15219,32885,8671,4314,5880,11289,4081,22801,22802,22805,23565,25705,24785,21335
0	891	21627	32236,32695,1875,29490,33132,869,2978,5578,5335,5592,4979,5708,1545,6170,6916,6316,3048,8330,7869,3573,10052,9195,9725,12620,12951,14628,15900,33125,11211,17668,19512,15218,21158,19715,15219,32885,8671,4314,5880,11289,4081,22801,22802,22805,23565,25705,24785,21335
1	891	18946	32236,32695,1875,29490,33132,869,2978,5578,5335,5592,4979,5708,1545,6170,6916,6316,3048,8330,7869,3573,10052,9195,9725,12620,12951,14628,15900,33125,11211,17668,19512,15218,21158,19715,15219,32885,8671,4314,5880,11289,4081,22801,22802,22805,23565,25705,24785,21335
0	891	21056	32236,32695,1875,29490,33132,869,2978,5578,5335,5592,4979,5708,1545,6170,6916,6316,3048,8330,7869,3573,10052,9195,9725,12620,12951,14628,15900,33125,11211,17668,19512,15218,21158,19715,15219,32885,8671,4314,5880,11289,4081,22801,22802,22805,23565,25705,24785,21335,18946
1	891	1704	32236,32695,1875,29490,33132,869,2978,5578,5335,5592,4979,5708,1545,6170,6916,6316,3048,8330,7869,3573,10052,9195,9725,12620,12951,14628,15900,33125,11211,17668,19512,15218,21158,19715,15219,32885,8671,4314,5880,11289,4081,22801,22802,22805,23565,25705,24785,21335,18946
0	891	15806	32236,32695,1875,29490,33132,869,2978,5578,5335,5592,4979,5708,1545,6170,6916,6316,3048,8330,7869,3573,10052,9195,9725,12620,12951,14628,15900,33125,11211,17668,19512,15218,21158,19715,15219,32885,8671,4314,5880,11289,4081,22801,22802,22805,23565,25705,24785,21335,18946,1704
1	891	14152	32236,32695,1875,29490,33132,869,2978,5578,5335,5592,4979,5708,1545,6170,6916,6316,3048,8330,7869,3573,10052,9195,9725,12620,12951,14628,15900,33125,11211,17668,19512,15218,21158,19715,15219,32885,8671,4314,5880,11289,4081,22801,22802,22805,23565,25705,24785,21335,18946,1704
0	891	23299	32236,32695,1875,29490,33132,869,2978,5578,5335,5592,4979,5708,1545,6170,6916,6316,3048,8330,7869,3573,10052,9195,9725,12620,12951,14628,15900,33125,11211,17668,19512,15218,21158,19715,15219,32885,8671,4314,5880,11289,4081,22801,22802,22805,23565,25705,24785,21335,18946,1704,14152
0	891	20534	32236,32695,1875,29490,33132,869,2978,5578,5335,5592,4979,5708,1545,6170,6916,6316,3048,8330,7869,3573,10052,9195,9725,12620,12951,14628,15900,33125,11211,17668,19512,15218,21158,19715,15219,32885,8671,4314,5880,11289,4081,22801,22802,22805,23565,25705,24785,21335,18946,1704,14152
0	891	8452	32236,32695,1875,29490,33132,869,2978,5578,5335,5592,4979,5708,1545,6170,6916,6316,3048,8330,7869,3573,10052,9195,9725,12620,12951,14628,15900,33125,11211,17668,19512,15218,21158,19715,15219,32885,8671,4314,5880,11289,4081,22801,22802,22805,23565,25705,24785,21335,18946,1704,14152
0	891	7477	32236,32695,1875,29490,33132,869,2978,5578,5335,5592,4979,5708,1545,6170,6916,6316,3048,8330,7869,3573,10052,9195,9725,12620,12951,14628,15900,33125,11211,17668,19512,15218,21158,19715,15219,32885,8671,4314,5880,11289,4081,22801,22802,22805,23565,25705,24785,21335,18946,1704,14152
0	891	27919	32236,32695,1875,29490,33132,869,2978,5578,5335,5592,4979,5708,1545,6170,6916,6316,3048,8330,7869,3573,10052,9195,9725,12620,12951,14628,15900,33125,11211,17668,19512,15218,21158,19715,15219,32885,8671,4314,5880,11289,4081,22801,22802,22805,23565,25705,24785,21335,18946,1704,14152
0	891	27097	32236,32695,1875,29490,33132,869,2978,5578,5335,5592,4979,5708,1545,6170,6916,6316,3048,8330,7869,3573,10052,9195,9725,12620,12951,14628,15900,33125,11211,17668,19512,15218,21158,19715,15219,32885,8671,4314,5880,11289,4081,22801,22802,22805,23565,25705,24785,21335,18946,1704,14152
0	891	25108	32236,32695,1875,29490,33132,869,2978,5578,5335,5592,4979,5708,1545,6170,6916,6316,3048,8330,7869,3573,10052,9195,9725,12620,12951,14628,15900,33125,11211,17668,19512,15218,21158,19715,15219,32885,8671,4314,5880,11289,4081,22801,22802,22805,23565,25705,24785,21335,18946,1704,14152
1	891	14616	32236,32695,1875,29490,33132,869,2978,5578,5335,5592,4979,5708,1545,6170,6916,6316,3048,8330,7869,3573,10052,9195,9725,12620,12951,14628,15900,33125,11211,17668,19512,15218,21158,19715,15219,32885,8671,4314,5880,11289,4081,22801,22802,22805,23565,25705,24785,21335,18946,1704,14152
1	891	21091	32236,32695,1875,29490,33132,869,2978,5578,5335,5592,4979,5708,1545,6170,6916,6316,3048,8330,7869,3573,10052,9195,9725,12620,12951,14628,15900,33125,11211,17668,19512,15218,21158,19715,15219,32885,8671,4314,5880,11289,4081,22801,22802,22805,23565,25705,24785,21335,18946,1704,14152,14616
1	891	23845	32236,32695,1875,29490,33132,869,2978,5578,5335,5592,4979,5708,1545,6170,6916,6316,3048,8330,7869,3573,10052,9195,9725,12620,12951,14628,15900,33125,11211,17668,19512,15218,21158,19715,15219,32885,8671,4314,5880,11289,4081,22801,22802,22805,23565,25705,24785,21335,18946,1704,14152,14616,21091
1	891	27850	32236,32695,1875,29490,33132,869,2978,5578,5335,5592,4979,5708,1545,6170,6916,6316,3048,8330,7869,3573,10052,9195,9725,12620,12951,14628,15900,33125,11211,17668,19512,15218,21158,19715,15219,32885,8671,4314,5880,11289,4081,22801,22802,22805,23565,25705,24785,21335,18946,1704,14152,14616,21091,23845
0	891	18928	32236,32695,1875,29490,33132,869,2978,5578,5335,5592,4979,5708,1545,6170,6916,6316,3048,8330,7869,3573,10052,9195,9725,12620,12951,14628,15900,33125,11211,17668,19512,15218,21158,19715,15219,32885,8671,4314,5880,11289,4081,22801,22802,22805,23565,25705,24785,21335,18946,1704,14152,14616,21091,23845,27850
0	891	28161	32236,32695,1875,29490,33132,869,2978,5578,5335,5592,4979,5708,1545,6170,6916,6316,3048,8330,7869,3573,10052,9195,9725,12620,12951,14628,15900,33125,11211,17668,19512,15218,21158,19715,15219,32885,8671,4314,5880,11289,4081,22801,22802,22805,23565,25705,24785,21335,18946,1704,14152,14616,21091,23845,27850
0	891	14497	32236,32695,1875,29490,33132,869,2978,5578,5335,5592,4979,5708,1545,6170,6916,6316,3048,8330,7869,3573,10052,9195,9725,12620,12951,14628,15900,33125,11211,17668,19512,15218,21158,19715,15219,32885,8671,4314,5880,11289,4081,22801,22802,22805,23565,25705,24785,21335,18946,1704,14152,14616,21091,23845,27850
1	891	837	32236,32695,1875,29490,33132,869,2978,5578,5335,5592,4979,5708,1545,6170,6916,6316,3048,8330,7869,3573,10052,9195,9725,12620,12951,14628,15900,33125,11211,17668,19512,15218,21158,19715,15219,32885,8671,4314,5880,11289,4081,22801,22802,22805,23565,25705,24785,21335,18946,1704,14152,14616,21091,23845,27850
1	891	27625	32236,32695,1875,29490,33132,869,2978,5578,5335,5592,4979,5708,1545,6170,6916,6316,3048,8330,7869,3573,10052,9195,9725,12620,12951,14628,15900,33125,11211,17668,19512,15218,21158,19715,15219,32885,8671,4314,5880,11289,4081,22801,22802,22805,23565,25705,24785,21335,18946,1704,14152,14616,21091,23845,27850,837
0	891	28642	32236,32695,1875,29490,33132,869,2978,5578,5335,5592,4979,5708,1545,6170,6916,6316,3048,8330,7869,3573,10052,9195,9725,12620,12951,14628,15900,33125,11211,17668,19512,15218,21158,19715,15219,32885,8671,4314,5880,11289,4081,22801,22802,22805,23565,25705,24785,21335,18946,1704,14152,14616,21091,23845,27850,837,27625
1	891	11544	32236,32695,1875,29490,33132,869,2978,5578,5335,5592,4979,5708,1545,6170,6916,6316,3048,8330,7869,3573,10052,9195,9725,12620,12951,14628,15900,33125,11211,17668,19512,15218,21158,19715,15219,32885,8671,4314,5880,11289,4081,22801,22802,22805,23565,25705,24785,21335,18946,1704,14152,14616,21091,23845,27850,837,27625
0	891	26781	32236,32695,1875,29490,33132,869,2978,5578,5335,5592,4979,5708,1545,6170,6916,6316,3048,8330,7869,3573,10052,9195,9725,12620,12951,14628,15900,33125,11211,17668,19512,15218,21158,19715,15219,32885,8671,4314,5880,11289,4081,22801,22802,22805,23565,25705,24785,21335,18946,1704,14152,14616,21091,23845,27850,837,27625,11544
1	891	28820	32236,32695,1875,29490,33132,869,2978,5578,5335,5592,4979,5708,1545,6170,6916,6316,3048,8330,7869,3573,10052,9195,9725,12620,12951,14628,15900,33125,11211,17668,19512,15218,21158,19715,15219,32885,8671,4314,5880,11289,4081,22801,22802,22805,23565,25705,24785,21335,18946,1704,14152,14616,21091,23845,27850,837,27625,11544
1	891	28243	32236,32695,1875,29490,33132,869,2978,5578,5335,5592,4979,5708,1545,6170,6916,6316,3048,8330,7869,3573,10052,9195,9725,12620,12951,14628,15900,33125,11211,17668,19512,15218,21158,19715,15219,32885,8671,4314,5880,11289,4081,22801,22802,22805,23565,25705,24785,21335,18946,1704,14152,14616,21091,23845,27850,837,27625,11544,28820
1	891	31867	32236,32695,1875,29490,33132,869,2978,5578,5335,5592,4979,5708,1545,6170,6916,6316,3048,8330,7869,3573,10052,9195,9725,12620,12951,14628,15900,33125,11211,17668,19512,15218,21158,19715,15219,32885,8671,4314,5880,11289,4081,22801,22802,22805,23565,25705,24785,21335,18946,1704,14152,14616,21091,23845,27850,837,27625,11544,28820,28243
1	891	17208	32236,32695,1875,29490,33132,869,2978,5578,5335,5592,4979,5708,1545,6170,6916,6316,3048,8330,7869,3573,10052,9195,9725,12620,12951,14628,15900,33125,11211,17668,19512,15218,21158,19715,15219,32885,8671,4314,5880,11289,4081,22801,22802,22805,23565,25705,24785,21335,18946,1704,14152,14616,21091,23845,27850,837,27625,11544,28820,28243,31867
1	891	27170	32236,32695,1875,29490,33132,869,2978,5578,5335,5592,4979,5708,1545,6170,6916,6316,3048,8330,7869,3573,10052,9195,9725,12620,12951,14628,15900,33125,11211,17668,19512,15218,21158,19715,15219,32885,8671,4314,5880,11289,4081,22801,22802,22805,23565,25705,24785,21335,18946,1704,14152,14616,21091,23845,27850,837,27625,11544,28820,28243,31867,17208
1	891	27900	32236,32695,1875,29490,33132,869,2978,5578,5335,5592,4979,5708,1545,6170,6916,6316,3048,8330,7869,3573,10052,9195,9725,12620,12951,14628,15900,33125,11211,17668,19512,15218,21158,19715,15219,32885,8671,4314,5880,11289,4081,22801,22802,22805,23565,25705,24785,21335,18946,1704,14152,14616,21091,23845,27850,837,27625,11544,28820,28243,31867,17208,27170
0	891	28700	32236,32695,1875,29490,33132,869,2978,5578,5335,5592,4979,5708,1545,6170,6916,6316,3048,8330,7869,3573,10052,9195,9725,12620,12951,14628,15900,33125,11211,17668,19512,15218,21158,19715,15219,32885,8671,4314,5880,11289,4081,22801,22802,22805,23565,25705,24785,21335,18946,1704,14152,14616,21091,23845,27850,837,27625,11544,28820,28243,31867,17208,27170,27900
0	891	24218	32236,32695,1875,29490,33132,869,2978,5578,5335,5592,4979,5708,1545,6170,6916,6316,3048,8330,7869,3573,10052,9195,9725,12620,12951,14628,15900,33125,11211,17668,19512,15218,21158,19715,15219,32885,8671,4314,5880,11289,4081,22801,22802,22805,23565,25705,24785,21335,18946,1704,14152,14616,21091,23845,27850,837,27625,11544,28820,28243,31867,17208,27170,27900
1	891	16486	32236,32695,1875,29490,33132,869,2978,5578,5335,5592,4979,5708,1545,6170,6916,6316,3048,8330,7869,3573,10052,9195,9725,12620,12951,14628,15900,33125,11211,17668,19512,15218,21158,19715,15219,32885,8671,4314,5880,11289,4081,22801,22802,22805,23565,25705,24785,21335,18946,1704,14152,14616,21091,23845,27850,837,27625,11544,28820,28243,31867,17208,27170,27900
1	891	24966	32236,32695,1875,29490,33132,869,2978,5578,5335,5592,4979,5708,1545,6170,6916,6316,3048,8330,7869,3573,10052,9195,9725,12620,12951,14628,15900,33125,11211,17668,19512,15218,21158,19715,15219,32885,8671,4314,5880,11289,4081,22801,22802,22805,23565,25705,24785,21335,18946,1704,14152,14616,21091,23845,27850,837,27625,11544,28820,28243,31867,17208,27170,27900,16486
1	891	28871	32236,32695,1875,29490,33132,869,2978,5578,5335,5592,4979,5708,1545,6170,6916,6316,3048,8330,7869,3573,10052,9195,9725,12620,12951,14628,15900,33125,11211,17668,19512,15218,21158,19715,15219,32885,8671,4314,5880,11289,4081,22801,22802,22805,23565,25705,24785,21335,18946,1704,14152,14616,21091,23845,27850,837,27625,11544,28820,28243,31867,17208,27170,27900,16486,24966
