1	675	2230	0
0	675	31894	2230
1	675	48	2230
0	675	595	2230,48
1	675	5977	2230,48
1	675	12763	2230,48,5977
1	675	18141	2230,48,5977,12763
0	675	425	2230,48,5977,12763,18141
0	675	23011	2230,48,5977,12763,18141
0	675	1776	2230,48,5977,12763,18141
0	675	30952	2230,48,5977,12763,18141
1	675	20894	2230,48,5977,12763,18141
0	675	24474	2230,48,5977,12763,18141,20894
1	675	20669	2230,48,5977,12763,18141,20894
0	675	20434	2230,48,5977,12763,18141,20894,20669
1	675	22547	2230,48,5977,12763,18141,20894,20669
0	675	16164	2230,48,5977,12763,18141,20894,20669,22547
0	675	12229	2230,48,5977,12763,18141,20894,20669,22547
1	675	18484	2230,48,5977,12763,18141,20894,20669,22547
1	675	12477	2230,48,5977,12763,18141,20894,20669,22547,18484
1	675	22741	2230,48,5977,12763,18141,20894,20669,22547,18484,12477
0	675	7395	2230,48,5977,12763,18141,20894,20669,22547,18484,12477,22741
1	675	2809	2230,48,5977,12763,18141,20894,20669,22547,18484,12477,22741
0	675	24002	2230,48,5977,12763,18141,20894,20669,22547,18484,12477,22741,2809
1	675	130	2230,48,5977,12763,18141,20894,20669,22547,18484,12477,22741,2809
0	675	25520	2230,48,5977,12763,18141,20894,20669,22547,18484,12477,22741,2809,130
0	675	25876	2230,48,5977,12763,18141,20894,20669,22547,18484,12477,22741,2809,130
0	675	27661	2230,48,5977,12763,18141,20894,20669,22547,18484,12477,22741,2809,130
1	675	17803	2230,48,5977,12763,18141,20894,20669,22547,18484,12477,22741,2809,130
0	675	26963	2230,48,5977,12763,18141,20894,20669,22547,18484,12477,22741,2809,130,17803
1	675	28554	2230,48,5977,12763,18141,20894,20669,22547,18484,12477,22741,2809,130,17803
