1	1149	25265	0
1	1149	7550	25265
1	1149	27241	25265,7550
0	1149	31748	25265,7550,27241
0	1149	31143	25265,7550,27241
0	1149	3083	25265,7550,27241
0	1149	986	25265,7550,27241
1	1149	13228	25265,7550,27241
1	1149	13222	25265,7550,27241,13228
1	1149	19396	25265,7550,27241,13228,13222
1	1149	1510	25265,7550,27241,13228,13222,19396
0	1149	16937	25265,7550,27241,13228,13222,19396,1510
1	1149	24786	25265,7550,27241,13228,13222,19396,1510
1	1149	28789	25265,7550,27241,13228,13222,19396,1510,24786
0	1149	22672	25265,7550,27241,13228,13222,19396,1510,24786,28789
1	1149	27895	25265,7550,27241,13228,13222,19396,1510,24786,28789
1	1149	13804	25265,7550,27241,13228,13222,19396,1510,24786,28789,27895
1	1149	28038	25265,7550,27241,13228,13222,19396,1510,24786,28789,27895,13804
0	1149	22382	25265,7550,27241,13228,13222,19396,1510,24786,28789,27895,13804,28038
0	1149	5283	25265,7550,27241,13228,13222,19396,1510,24786,28789,27895,13804,28038,29094,28756,28841,153,11805,25580,13062,10598,18413,28846,20507,29014,20502,20508,15842,17917,28060,29308,12244,12451,12527,25497,27614,26419,30479,30638
