0	1741	31119	0
0	1741	986	0
0	1741	31780	0
0	1741	3903	0
0	1741	4265	0
0	1741	4432	0
0	1741	31725	0
0	1741	2090	0
0	1741	568	0
0	1741	4960	0
0	1741	5281	0
0	1741	6089	0
1	1741	6303	0
0	1741	6316	6303
1	1741	8396	6303
0	1741	9318	6303,8396
0	1741	1423	6303,8396
0	1741	8488	6303,8396
0	1741	5223	6303,8396
0	1741	9462	6303,8396
1	1741	9898	6303,8396
0	1741	9905	6303,8396,9898
1	1741	9304	6303,8396,9898
0	1741	6499	6303,8396,9898,9304
0	1741	13205	6303,8396,9898,9304
1	1741	12451	6303,8396,9898,9304
0	1741	15337	6303,8396,9898,9304,12451
0	1741	10899	6303,8396,9898,9304,12451
1	1741	11958	6303,8396,9898,9304,12451
0	1741	16460	6303,8396,9898,9304,12451,11958
1	1741	14761	6303,8396,9898,9304,12451,11958
0	1741	15944	6303,8396,9898,9304,12451,11958,14761
0	1741	17045	6303,8396,9898,9304,12451,11958,14761
0	1741	16877	6303,8396,9898,9304,12451,11958,14761
0	1741	11284	6303,8396,9898,9304,12451,11958,14761
0	1741	19176	6303,8396,9898,9304,12451,11958,14761
0	1741	19238	6303,8396,9898,9304,12451,11958,14761
0	1741	20441	6303,8396,9898,9304,12451,11958,14761
0	1741	18887	6303,8396,9898,9304,12451,11958,14761
1	1741	19599	6303,8396,9898,9304,12451,11958,14761
0	1741	21959	6303,8396,9898,9304,12451,11958,14761,19599
1	1741	19870	6303,8396,9898,9304,12451,11958,14761,19599
0	1741	21954	6303,8396,9898,9304,12451,11958,14761,19599,19870
0	1741	22099	6303,8396,9898,9304,12451,11958,14761,19599,19870
0	1741	22273	6303,8396,9898,9304,12451,11958,14761,19599,19870
0	1741	22355	6303,8396,9898,9304,12451,11958,14761,19599,19870
0	1741	22314	6303,8396,9898,9304,12451,11958,14761,19599,19870
0	1741	21166	6303,8396,9898,9304,12451,11958,14761,19599,19870
0	1741	22991	6303,8396,9898,9304,12451,11958,14761,19599,19870
0	1741	2729	6303,8396,9898,9304,12451,11958,14761,19599,19870
0	1741	17672	6303,8396,9898,9304,12451,11958,14761,19599,19870
0	1741	24400	6303,8396,9898,9304,12451,11958,14761,19599,19870
0	1741	25132	6303,8396,9898,9304,12451,11958,14761,19599,19870
0	1741	23479	6303,8396,9898,9304,12451,11958,14761,19599,19870
0	1741	24679	6303,8396,9898,9304,12451,11958,14761,19599,19870
0	1741	22395	6303,8396,9898,9304,12451,11958,14761,19599,19870
0	1741	25126	6303,8396,9898,9304,12451,11958,14761,19599,19870
0	1741	26164	6303,8396,9898,9304,12451,11958,14761,19599,19870
0	1741	25223	6303,8396,9898,9304,12451,11958,14761,19599,19870
1	1741	19746	6303,8396,9898,9304,12451,11958,14761,19599,19870
0	1741	21862	6303,8396,9898,9304,12451,11958,14761,19599,19870,19746
0	1741	25778	6303,8396,9898,9304,12451,11958,14761,19599,19870,19746
0	1741	21971	6303,8396,9898,9304,12451,11958,14761,19599,19870,19746
0	1741	25997	6303,8396,9898,9304,12451,11958,14761,19599,19870,19746
1	1741	23286	6303,8396,9898,9304,12451,11958,14761,19599,19870,19746
0	1741	25030	6303,8396,9898,9304,12451,11958,14761,19599,19870,19746,23286
0	1741	23624	6303,8396,9898,9304,12451,11958,14761,19599,19870,19746,23286
1	1741	25337	6303,8396,9898,9304,12451,11958,14761,19599,19870,19746,23286
0	1741	26975	6303,8396,9898,9304,12451,11958,14761,19599,19870,19746,23286,25337
0	1741	23768	6303,8396,9898,9304,12451,11958,14761,19599,19870,19746,23286,25337
1	1741	9852	6303,8396,9898,9304,12451,11958,14761,19599,19870,19746,23286,25337
0	1741	23449	6303,8396,9898,9304,12451,11958,14761,19599,19870,19746,23286,25337,9852
0	1741	27585	6303,8396,9898,9304,12451,11958,14761,19599,19870,19746,23286,25337,9852
0	1741	8688	6303,8396,9898,9304,12451,11958,14761,19599,19870,19746,23286,25337,9852
0	1741	26451	6303,8396,9898,9304,12451,11958,14761,19599,19870,19746,23286,25337,9852
0	1741	27779	6303,8396,9898,9304,12451,11958,14761,19599,19870,19746,23286,25337,9852
1	1741	28173	6303,8396,9898,9304,12451,11958,14761,19599,19870,19746,23286,25337,9852
0	1741	28161	6303,8396,9898,9304,12451,11958,14761,19599,19870,19746,23286,25337,9852,28173
0	1741	26826	6303,8396,9898,9304,12451,11958,14761,19599,19870,19746,23286,25337,9852,28173
0	1741	20617	6303,8396,9898,9304,12451,11958,14761,19599,19870,19746,23286,25337,9852,28173
1	1741	27320	6303,8396,9898,9304,12451,11958,14761,19599,19870,19746,23286,25337,9852,28173
0	1741	28146	6303,8396,9898,9304,12451,11958,14761,19599,19870,19746,23286,25337,9852,28173,27320
1	1741	28004	6303,8396,9898,9304,12451,11958,14761,19599,19870,19746,23286,25337,9852,28173,27320
0	1741	27624	6303,8396,9898,9304,12451,11958,14761,19599,19870,19746,23286,25337,9852,28173,27320,28004
0	1741	28728	6303,8396,9898,9304,12451,11958,14761,19599,19870,19746,23286,25337,9852,28173,27320,28004
0	1741	24765	6303,8396,9898,9304,12451,11958,14761,19599,19870,19746,23286,25337,9852,28173,27320,28004
0	1741	25915	6303,8396,9898,9304,12451,11958,14761,19599,19870,19746,23286,25337,9852,28173,27320,28004
1	1741	28924	6303,8396,9898,9304,12451,11958,14761,19599,19870,19746,23286,25337,9852,28173,27320,28004
1	1741	19930	6303,8396,9898,9304,12451,11958,14761,19599,19870,19746,23286,25337,9852,28173,27320,28004,28924
1	1741	29242	6303,8396,9898,9304,12451,11958,14761,19599,19870,19746,23286,25337,9852,28173,27320,28004,28924,19930
0	1741	28015	6303,8396,9898,9304,12451,11958,14761,19599,19870,19746,23286,25337,9852,28173,27320,28004,28924,19930,29242
