0	1323	3089	0
0	1323	23202	0
1	1323	27816	0
1	1323	7389	27816
0	1323	31121	27816,7389
1	1323	25370	27816,7389
1	1323	1931	27816,7389,25370
0	1323	1938	27816,7389,25370,1931
1	1323	32495	27816,7389,25370,1931
0	1323	24692	27816,7389,25370,1931,32495
1	1323	30898	27816,7389,25370,1931,32495
0	1323	32583	27816,7389,25370,1931,32495,30898
0	1323	32682	27816,7389,25370,1931,32495,30898
0	1323	31543	27816,7389,25370,1931,32495,30898
0	1323	4410	27816,7389,25370,1931,32495,30898
0	1323	4926	27816,7389,25370,1931,32495,30898
1	1323	4305	27816,7389,25370,1931,32495,30898
1	1323	352	27816,7389,25370,1931,32495,30898,4305
1	1323	2622	27816,7389,25370,1931,32495,30898,4305,352
1	1323	8533	27816,7389,25370,1931,32495,30898,4305,352,2622
1	1323	9699	27816,7389,25370,1931,32495,30898,4305,352,2622,8533
0	1323	5739	27816,7389,25370,1931,32495,30898,4305,352,2622,8533,9699
0	1323	7110	27816,7389,25370,1931,32495,30898,4305,352,2622,8533,9699
1	1323	6571	27816,7389,25370,1931,32495,30898,4305,352,2622,8533,9699
0	1323	12238	27816,7389,25370,1931,32495,30898,4305,352,2622,8533,9699,6571
0	1323	12109	27816,7389,25370,1931,32495,30898,4305,352,2622,8533,9699,6571
1	1323	14122	27816,7389,25370,1931,32495,30898,4305,352,2622,8533,9699,6571
1	1323	30781	27816,7389,25370,1931,32495,30898,4305,352,2622,8533,9699,6571,14122
0	1323	16058	27816,7389,25370,1931,32495,30898,4305,352,2622,8533,9699,6571,14122,30781
1	1323	14625	27816,7389,25370,1931,32495,30898,4305,352,2622,8533,9699,6571,14122,30781
1	1323	31537	27816,7389,25370,1931,32495,30898,4305,352,2622,8533,9699,6571,14122,30781,14625
1	1323	4354	27816,7389,25370,1931,32495,30898,4305,352,2622,8533,9699,6571,14122,30781,14625,31537
1	1323	18821	27816,7389,25370,1931,32495,30898,4305,352,2622,8533,9699,6571,14122,30781,14625,31537,4354
0	1323	24468	27816,7389,25370,1931,32495,30898,4305,352,2622,8533,9699,6571,14122,30781,14625,31537,4354,18821
1	1323	26449	27816,7389,25370,1931,32495,30898,4305,352,2622,8533,9699,6571,14122,30781,14625,31537,4354,18821
1	1323	14151	27816,7389,25370,1931,32495,30898,4305,352,2622,8533,9699,6571,14122,30781,14625,31537,4354,18821,26449
0	1323	18843	27816,7389,25370,1931,32495,30898,4305,352,2622,8533,9699,6571,14122,30781,14625,31537,4354,18821,26449,14151
1	1323	28225	27816,7389,25370,1931,32495,30898,4305,352,2622,8533,9699,6571,14122,30781,14625,31537,4354,18821,26449,14151
0	1323	20931	27816,7389,25370,1931,32495,30898,4305,352,2622,8533,9699,6571,14122,30781,14625,31537,4354,18821,26449,14151,28225
