0	1029	2396	0
1	1029	3666	0
0	1029	6428	3666
1	1029	31151	3666
1	1029	5882	3666,31151
1	1029	32697	3666,31151,5882
0	1029	2698	3666,31151,5882,32697
0	1029	21073	3666,31151,5882,32697
0	1029	32211	3666,31151,5882,32697
1	1029	10239	3666,31151,5882,32697
0	1029	7195	3666,31151,5882,32697,10239
1	1029	2309	3666,31151,5882,32697,10239
1	1029	5575	3666,31151,5882,32697,10239,2309
0	1029	5442	3666,31151,5882,32697,10239,2309,5575
1	1029	20534	3666,31151,5882,32697,10239,2309,5575
1	1029	27547	3666,31151,5882,32697,10239,2309,5575,20534
1	1029	9431	3666,31151,5882,32697,10239,2309,5575,20534,27547
1	1029	4832	3666,31151,5882,32697,10239,2309,5575,20534,27547,9431
1	1029	21471	3666,31151,5882,32697,10239,2309,5575,20534,27547,9431,4832
1	1029	4663	3666,31151,5882,32697,10239,2309,5575,20534,27547,9431,4832,21471
1	1029	31440	3666,31151,5882,32697,10239,2309,5575,20534,27547,9431,4832,21471,4663
0	1029	14639	3666,31151,5882,32697,10239,2309,5575,20534,27547,9431,4832,21471,4663,31440
0	1029	1383	3666,31151,5882,32697,10239,2309,5575,20534,27547,9431,4832,21471,4663,31440
0	1029	16444	3666,31151,5882,32697,10239,2309,5575,20534,27547,9431,4832,21471,4663,31440
1	1029	17711	3666,31151,5882,32697,10239,2309,5575,20534,27547,9431,4832,21471,4663,31440
0	1029	2774	3666,31151,5882,32697,10239,2309,5575,20534,27547,9431,4832,21471,4663,31440,17711
0	1029	16808	3666,31151,5882,32697,10239,2309,5575,20534,27547,9431,4832,21471,4663,31440,17711
1	1029	9325	3666,31151,5882,32697,10239,2309,5575,20534,27547,9431,4832,21471,4663,31440,17711
1	1029	12282	3666,31151,5882,32697,10239,2309,5575,20534,27547,9431,4832,21471,4663,31440,17711,9325
0	1029	19668	3666,31151,5882,32697,10239,2309,5575,20534,27547,9431,4832,21471,4663,31440,17711,9325,12282
0	1029	5892	3666,31151,5882,32697,10239,2309,5575,20534,27547,9431,4832,21471,4663,31440,17711,9325,12282
1	1029	10979	3666,31151,5882,32697,10239,2309,5575,20534,27547,9431,4832,21471,4663,31440,17711,9325,12282
0	1029	13472	3666,31151,5882,32697,10239,2309,5575,20534,27547,9431,4832,21471,4663,31440,17711,9325,12282,10979
1	1029	5586	3666,31151,5882,32697,10239,2309,5575,20534,27547,9431,4832,21471,4663,31440,17711,9325,12282,10979
0	1029	13670	3666,31151,5882,32697,10239,2309,5575,20534,27547,9431,4832,21471,4663,31440,17711,9325,12282,10979,5586
0	1029	10241	3666,31151,5882,32697,10239,2309,5575,20534,27547,9431,4832,21471,4663,31440,17711,9325,12282,10979,5586
0	1029	23490	3666,31151,5882,32697,10239,2309,5575,20534,27547,9431,4832,21471,4663,31440,17711,9325,12282,10979,5586
0	1029	8153	3666,31151,5882,32697,10239,2309,5575,20534,27547,9431,4832,21471,4663,31440,17711,9325,12282,10979,5586
0	1029	8699	3666,31151,5882,32697,10239,2309,5575,20534,27547,9431,4832,21471,4663,31440,17711,9325,12282,10979,5586
0	1029	22111	3666,31151,5882,32697,10239,2309,5575,20534,27547,9431,4832,21471,4663,31440,17711,9325,12282,10979,5586
0	1029	25006	3666,31151,5882,32697,10239,2309,5575,20534,27547,9431,4832,21471,4663,31440,17711,9325,12282,10979,5586
0	1029	19418	3666,31151,5882,32697,10239,2309,5575,20534,27547,9431,4832,21471,4663,31440,17711,9325,12282,10979,5586
0	1029	8488	3666,31151,5882,32697,10239,2309,5575,20534,27547,9431,4832,21471,4663,31440,17711,9325,12282,10979,5586
0	1029	15211	3666,31151,5882,32697,10239,2309,5575,20534,27547,9431,4832,21471,4663,31440,17711,9325,12282,10979,5586
0	1029	24884	3666,31151,5882,32697,10239,2309,5575,20534,27547,9431,4832,21471,4663,31440,17711,9325,12282,10979,5586
1	1029	22217	3666,31151,5882,32697,10239,2309,5575,20534,27547,9431,4832,21471,4663,31440,17711,9325,12282,10979,5586
0	1029	25030	3666,31151,5882,32697,10239,2309,5575,20534,27547,9431,4832,21471,4663,31440,17711,9325,12282,10979,5586,22217
0	1029	23449	3666,31151,5882,32697,10239,2309,5575,20534,27547,9431,4832,21471,4663,31440,17711,9325,12282,10979,5586,22217
1	1029	23466	3666,31151,5882,32697,10239,2309,5575,20534,27547,9431,4832,21471,4663,31440,17711,9325,12282,10979,5586,22217
1	1029	19109	3666,31151,5882,32697,10239,2309,5575,20534,27547,9431,4832,21471,4663,31440,17711,9325,12282,10979,5586,22217,23466
0	1029	27113	3666,31151,5882,32697,10239,2309,5575,20534,27547,9431,4832,21471,4663,31440,17711,9325,12282,10979,5586,22217,23466,19109
