1	1382	32783	0
0	1382	32162	32783
0	1382	3691	32783
0	1382	30930	32783
0	1382	5203	32783
0	1382	4854	32783
0	1382	646	32783
0	1382	6386	32783
0	1382	3162	32783
1	1382	5708	32783
0	1382	1545	32783,5708
0	1382	2673	32783,5708
1	1382	31486	32783,5708
0	1382	5211	32783,5708,31486
1	1382	6762	32783,5708,31486
1	1382	8290	32783,5708,31486,6762
0	1382	7414	32783,5708,31486,6762,8290
0	1382	4567	32783,5708,31486,6762,8290
1	1382	2231	32783,5708,31486,6762,8290
1	1382	7539	32783,5708,31486,6762,8290,2231
1	1382	9225	32783,5708,31486,6762,8290,2231,7539
1	1382	9071	32783,5708,31486,6762,8290,2231,7539,9225
1	1382	11097	32783,5708,31486,6762,8290,2231,7539,9225,9071
1	1382	9894	32783,5708,31486,6762,8290,2231,7539,9225,9071,11097
1	1382	9462	32783,5708,31486,6762,8290,2231,7539,9225,9071,11097,9894
1	1382	9726	32783,5708,31486,6762,8290,2231,7539,9225,9071,11097,9894,9462
1	1382	4487	32783,5708,31486,6762,8290,2231,7539,9225,9071,11097,9894,9462,9726
1	1382	11237	32783,5708,31486,6762,8290,2231,7539,9225,9071,11097,9894,9462,9726,4487
1	1382	1440	32783,5708,31486,6762,8290,2231,7539,9225,9071,11097,9894,9462,9726,4487,11237
1	1382	1279	32783,5708,31486,6762,8290,2231,7539,9225,9071,11097,9894,9462,9726,4487,11237,1440
0	1382	9010	32783,5708,31486,6762,8290,2231,7539,9225,9071,11097,9894,9462,9726,4487,11237,1440,1279
1	1382	13717	32783,5708,31486,6762,8290,2231,7539,9225,9071,11097,9894,9462,9726,4487,11237,1440,1279
1	1382	32478	32783,5708,31486,6762,8290,2231,7539,9225,9071,11097,9894,9462,9726,4487,11237,1440,1279,13717
1	1382	1328	32783,5708,31486,6762,8290,2231,7539,9225,9071,11097,9894,9462,9726,4487,11237,1440,1279,13717,32478
1	1382	15215	32783,5708,31486,6762,8290,2231,7539,9225,9071,11097,9894,9462,9726,4487,11237,1440,1279,13717,32478,1328
1	1382	15692	32783,5708,31486,6762,8290,2231,7539,9225,9071,11097,9894,9462,9726,4487,11237,1440,1279,13717,32478,1328,15215
1	1382	11261	32783,5708,31486,6762,8290,2231,7539,9225,9071,11097,9894,9462,9726,4487,11237,1440,1279,13717,32478,1328,15215,15692
1	1382	15707	32783,5708,31486,6762,8290,2231,7539,9225,9071,11097,9894,9462,9726,4487,11237,1440,1279,13717,32478,1328,15215,15692,11261
0	1382	18622	32783,5708,31486,6762,8290,2231,7539,9225,9071,11097,9894,9462,9726,4487,11237,1440,1279,13717,32478,1328,15215,15692,11261,15707
0	1382	14158	32783,5708,31486,6762,8290,2231,7539,9225,9071,11097,9894,9462,9726,4487,11237,1440,1279,13717,32478,1328,15215,15692,11261,15707
1	1382	16292	32783,5708,31486,6762,8290,2231,7539,9225,9071,11097,9894,9462,9726,4487,11237,1440,1279,13717,32478,1328,15215,15692,11261,15707
1	1382	16754	32783,5708,31486,6762,8290,2231,7539,9225,9071,11097,9894,9462,9726,4487,11237,1440,1279,13717,32478,1328,15215,15692,11261,15707,16292
0	1382	19653	32783,5708,31486,6762,8290,2231,7539,9225,9071,11097,9894,9462,9726,4487,11237,1440,1279,13717,32478,1328,15215,15692,11261,15707,16292,16754
0	1382	22109	32783,5708,31486,6762,8290,2231,7539,9225,9071,11097,9894,9462,9726,4487,11237,1440,1279,13717,32478,1328,15215,15692,11261,15707,16292,16754
0	1382	21525	32783,5708,31486,6762,8290,2231,7539,9225,9071,11097,9894,9462,9726,4487,11237,1440,1279,13717,32478,1328,15215,15692,11261,15707,16292,16754
0	1382	21165	32783,5708,31486,6762,8290,2231,7539,9225,9071,11097,9894,9462,9726,4487,11237,1440,1279,13717,32478,1328,15215,15692,11261,15707,16292,16754
1	1382	22749	32783,5708,31486,6762,8290,2231,7539,9225,9071,11097,9894,9462,9726,4487,11237,1440,1279,13717,32478,1328,15215,15692,11261,15707,16292,16754
1	1382	25052	32783,5708,31486,6762,8290,2231,7539,9225,9071,11097,9894,9462,9726,4487,11237,1440,1279,13717,32478,1328,15215,15692,11261,15707,16292,16754,22749
0	1382	25226	32783,5708,31486,6762,8290,2231,7539,9225,9071,11097,9894,9462,9726,4487,11237,1440,1279,13717,32478,1328,15215,15692,11261,15707,16292,16754,22749,25052
0	1382	14586	32783,5708,31486,6762,8290,2231,7539,9225,9071,11097,9894,9462,9726,4487,11237,1440,1279,13717,32478,1328,15215,15692,11261,15707,16292,16754,22749,25052
0	1382	26091	32783,5708,31486,6762,8290,2231,7539,9225,9071,11097,9894,9462,9726,4487,11237,1440,1279,13717,32478,1328,15215,15692,11261,15707,16292,16754,22749,25052
0	1382	15091	32783,5708,31486,6762,8290,2231,7539,9225,9071,11097,9894,9462,9726,4487,11237,1440,1279,13717,32478,1328,15215,15692,11261,15707,16292,16754,22749,25052
1	1382	25915	32783,5708,31486,6762,8290,2231,7539,9225,9071,11097,9894,9462,9726,4487,11237,1440,1279,13717,32478,1328,15215,15692,11261,15707,16292,16754,22749,25052
1	1382	28089	32783,5708,31486,6762,8290,2231,7539,9225,9071,11097,9894,9462,9726,4487,11237,1440,1279,13717,32478,1328,15215,15692,11261,15707,16292,16754,22749,25052,25915
0	1382	26781	32783,5708,31486,6762,8290,2231,7539,9225,9071,11097,9894,9462,9726,4487,11237,1440,1279,13717,32478,1328,15215,15692,11261,15707,16292,16754,22749,25052,25915,28089
