1	1155	32493	0
1	1155	5433	32493
0	1155	15630	32493,5433
1	1155	10852	32493,5433
1	1155	22559	32493,5433,10852
0	1155	7503	32493,5433,10852,22559
0	1155	8672	32493,5433,10852,22559
1	1155	19051	32493,5433,10852,22559
1	1155	26197	32493,5433,10852,22559,19051
1	1155	6981	32493,5433,10852,22559,19051,26197
1	1155	654	32493,5433,10852,22559,19051,26197,6981
1	1155	32901	32493,5433,10852,22559,19051,26197,6981,654
0	1155	33112	32493,5433,10852,22559,19051,26197,6981,654,32901
1	1155	32422	32493,5433,10852,22559,19051,26197,6981,654,32901
1	1155	25945	32493,5433,10852,22559,19051,26197,6981,654,32901,32422
1	1155	782	32493,5433,10852,22559,19051,26197,6981,654,32901,32422,25945
1	1155	987	32493,5433,10852,22559,19051,26197,6981,654,32901,32422,25945,782
1	1155	5320	32493,5433,10852,22559,19051,26197,6981,654,32901,32422,25945,782,987
1	1155	1131	32493,5433,10852,22559,19051,26197,6981,654,32901,32422,25945,782,987,5320
0	1155	913	32493,5433,10852,22559,19051,26197,6981,654,32901,32422,25945,782,987,5320,1131
1	1155	8694	32493,5433,10852,22559,19051,26197,6981,654,32901,32422,25945,782,987,5320,1131
1	1155	9667	32493,5433,10852,22559,19051,26197,6981,654,32901,32422,25945,782,987,5320,1131,8694
1	1155	9676	32493,5433,10852,22559,19051,26197,6981,654,32901,32422,25945,782,987,5320,1131,8694,9667
1	1155	12725	32493,5433,10852,22559,19051,26197,6981,654,32901,32422,25945,782,987,5320,1131,8694,9667,9676
1	1155	11403	32493,5433,10852,22559,19051,26197,6981,654,32901,32422,25945,782,987,5320,1131,8694,9667,9676,12725
1	1155	5264	32493,5433,10852,22559,19051,26197,6981,654,32901,32422,25945,782,987,5320,1131,8694,9667,9676,12725,11403
1	1155	22440	32493,5433,10852,22559,19051,26197,6981,654,32901,32422,25945,782,987,5320,1131,8694,9667,9676,12725,11403,5264
0	1155	17545	32493,5433,10852,22559,19051,26197,6981,654,32901,32422,25945,782,987,5320,1131,8694,9667,9676,12725,11403,5264,22440
0	1155	4224	32493,5433,10852,22559,19051,26197,6981,654,32901,32422,25945,782,987,5320,1131,8694,9667,9676,12725,11403,5264,22440
1	1155	25003	32493,5433,10852,22559,19051,26197,6981,654,32901,32422,25945,782,987,5320,1131,8694,9667,9676,12725,11403,5264,22440
1	1155	25465	32493,5433,10852,22559,19051,26197,6981,654,32901,32422,25945,782,987,5320,1131,8694,9667,9676,12725,11403,5264,22440,25003
0	1155	15279	32493,5433,10852,22559,19051,26197,6981,654,32901,32422,25945,782,987,5320,1131,8694,9667,9676,12725,11403,5264,22440,25003,25465
1	1155	10611	32493,5433,10852,22559,19051,26197,6981,654,32901,32422,25945,782,987,5320,1131,8694,9667,9676,12725,11403,5264,22440,25003,25465
1	1155	31079	32493,5433,10852,22559,19051,26197,6981,654,32901,32422,25945,782,987,5320,1131,8694,9667,9676,12725,11403,5264,22440,25003,25465,10611
1	1155	11905	32493,5433,10852,22559,19051,26197,6981,654,32901,32422,25945,782,987,5320,1131,8694,9667,9676,12725,11403,5264,22440,25003,25465,10611,31079
1	1155	25005	32493,5433,10852,22559,19051,26197,6981,654,32901,32422,25945,782,987,5320,1131,8694,9667,9676,12725,11403,5264,22440,25003,25465,10611,31079,11905
1	1155	11992	32493,5433,10852,22559,19051,26197,6981,654,32901,32422,25945,782,987,5320,1131,8694,9667,9676,12725,11403,5264,22440,25003,25465,10611,31079,11905,25005
0	1155	11300	32493,5433,10852,22559,19051,26197,6981,654,32901,32422,25945,782,987,5320,1131,8694,9667,9676,12725,11403,5264,22440,25003,25465,10611,31079,11905,25005,11992
1	1155	13794	32493,5433,10852,22559,19051,26197,6981,654,32901,32422,25945,782,987,5320,1131,8694,9667,9676,12725,11403,5264,22440,25003,25465,10611,31079,11905,25005,11992
1	1155	30529	32493,5433,10852,22559,19051,26197,6981,654,32901,32422,25945,782,987,5320,1131,8694,9667,9676,12725,11403,5264,22440,25003,25465,10611,31079,11905,25005,11992,13794,28641,26347,14111,27386
