1	1452	1886	0
1	1452	32491	1886
0	1452	4585	1886,32491
0	1452	4588	1886,32491
0	1452	2782	1886,32491
0	1452	5209	1886,32491
0	1452	4922	1886,32491
0	1452	4989	1886,32491
0	1452	4960	1886,32491
1	1452	4450	1886,32491
0	1452	5732	1886,32491,4450
0	1452	4177	1886,32491,4450
0	1452	6170	1886,32491,4450
0	1452	2114	1886,32491,4450
1	1452	6333	1886,32491,4450
0	1452	8782	1886,32491,4450,6333
0	1452	8890	1886,32491,4450,6333
0	1452	7965	1886,32491,4450,6333
0	1452	8425	1886,32491,4450,6333
0	1452	6484	1886,32491,4450,6333
1	1452	9824	1886,32491,4450,6333
0	1452	9462	1886,32491,4450,6333,9824
0	1452	12239	1886,32491,4450,6333,9824
0	1452	9616	1886,32491,4450,6333,9824
0	1452	10736	1886,32491,4450,6333,9824
0	1452	11447	1886,32491,4450,6333,9824
1	1452	11866	1886,32491,4450,6333,9824
1	1452	14151	1886,32491,4450,6333,9824,11866
0	1452	14365	1886,32491,4450,6333,9824,11866,14151
0	1452	14343	1886,32491,4450,6333,9824,11866,14151
1	1452	14671	1886,32491,4450,6333,9824,11866,14151
1	1452	14806	1886,32491,4450,6333,9824,11866,14151,14671
1	1452	14949	1886,32491,4450,6333,9824,11866,14151,14671,14806
0	1452	15280	1886,32491,4450,6333,9824,11866,14151,14671,14806,14949
0	1452	9162	1886,32491,4450,6333,9824,11866,14151,14671,14806,14949
1	1452	13652	1886,32491,4450,6333,9824,11866,14151,14671,14806,14949
0	1452	18383	1886,32491,4450,6333,9824,11866,14151,14671,14806,14949,13652
0	1452	19027	1886,32491,4450,6333,9824,11866,14151,14671,14806,14949,13652
0	1452	19238	1886,32491,4450,6333,9824,11866,14151,14671,14806,14949,13652
0	1452	19640	1886,32491,4450,6333,9824,11866,14151,14671,14806,14949,13652
0	1452	20693	1886,32491,4450,6333,9824,11866,14151,14671,14806,14949,13652
0	1452	21063	1886,32491,4450,6333,9824,11866,14151,14671,14806,14949,13652
0	1452	10377	1886,32491,4450,6333,9824,11866,14151,14671,14806,14949,13652
0	1452	19805	1886,32491,4450,6333,9824,11866,14151,14671,14806,14949,13652
0	1452	20343	1886,32491,4450,6333,9824,11866,14151,14671,14806,14949,13652
0	1452	21497	1886,32491,4450,6333,9824,11866,14151,14671,14806,14949,13652
0	1452	23490	1886,32491,4450,6333,9824,11866,14151,14671,14806,14949,13652
0	1452	23491	1886,32491,4450,6333,9824,11866,14151,14671,14806,14949,13652
0	1452	23159	1886,32491,4450,6333,9824,11866,14151,14671,14806,14949,13652
0	1452	20397	1886,32491,4450,6333,9824,11866,14151,14671,14806,14949,13652
0	1452	24361	1886,32491,4450,6333,9824,11866,14151,14671,14806,14949,13652
0	1452	24599	1886,32491,4450,6333,9824,11866,14151,14671,14806,14949,13652
1	1452	21162	1886,32491,4450,6333,9824,11866,14151,14671,14806,14949,13652
0	1452	25524	1886,32491,4450,6333,9824,11866,14151,14671,14806,14949,13652,21162
0	1452	25020	1886,32491,4450,6333,9824,11866,14151,14671,14806,14949,13652,21162
0	1452	17915	1886,32491,4450,6333,9824,11866,14151,14671,14806,14949,13652,21162
0	1452	4282	1886,32491,4450,6333,9824,11866,14151,14671,14806,14949,13652,21162
0	1452	19233	1886,32491,4450,6333,9824,11866,14151,14671,14806,14949,13652,21162
0	1452	25418	1886,32491,4450,6333,9824,11866,14151,14671,14806,14949,13652,21162
1	1452	26759	1886,32491,4450,6333,9824,11866,14151,14671,14806,14949,13652,21162
1	1452	24500	1886,32491,4450,6333,9824,11866,14151,14671,14806,14949,13652,21162,26759
0	1452	24846	1886,32491,4450,6333,9824,11866,14151,14671,14806,14949,13652,21162,26759,24500
0	1452	26241	1886,32491,4450,6333,9824,11866,14151,14671,14806,14949,13652,21162,26759,24500
0	1452	23453	1886,32491,4450,6333,9824,11866,14151,14671,14806,14949,13652,21162,26759,24500
0	1452	27580	1886,32491,4450,6333,9824,11866,14151,14671,14806,14949,13652,21162,26759,24500
0	1452	24048	1886,32491,4450,6333,9824,11866,14151,14671,14806,14949,13652,21162,26759,24500
0	1452	25892	1886,32491,4450,6333,9824,11866,14151,14671,14806,14949,13652,21162,26759,24500
1	1452	837	1886,32491,4450,6333,9824,11866,14151,14671,14806,14949,13652,21162,26759,24500
0	1452	28644	1886,32491,4450,6333,9824,11866,14151,14671,14806,14949,13652,21162,26759,24500,837
0	1452	28175	1886,32491,4450,6333,9824,11866,14151,14671,14806,14949,13652,21162,26759,24500,837
1	1452	29255	1886,32491,4450,6333,9824,11866,14151,14671,14806,14949,13652,21162,26759,24500,837
