1	807	2732	0
0	807	12435	2732
1	807	6375	2732
1	807	20098	2732,6375
1	807	277	2732,6375,20098
1	807	11780	2732,6375,20098,277
1	807	14916	2732,6375,20098,277,11780
0	807	14548	2732,6375,20098,277,11780,14916
1	807	8843	2732,6375,20098,277,11780,14916
0	807	9928	2732,6375,20098,277,11780,14916,8843
0	807	12385	2732,6375,20098,277,11780,14916,8843
1	807	27967	2732,6375,20098,277,11780,14916,8843
1	807	498	2732,6375,20098,277,11780,14916,8843,27967
1	807	773	2732,6375,20098,277,11780,14916,8843,27967,498
0	807	2483	2732,6375,20098,277,11780,14916,8843,27967,498,773
0	807	4864	2732,6375,20098,277,11780,14916,8843,27967,498,773
1	807	2059	2732,6375,20098,277,11780,14916,8843,27967,498,773
0	807	31615	2732,6375,20098,277,11780,14916,8843,27967,498,773,2059
1	807	30996	2732,6375,20098,277,11780,14916,8843,27967,498,773,2059
1	807	14078	2732,6375,20098,277,11780,14916,8843,27967,498,773,2059,30996
0	807	2879	2732,6375,20098,277,11780,14916,8843,27967,498,773,2059,30996,14078
0	807	7491	2732,6375,20098,277,11780,14916,8843,27967,498,773,2059,30996,14078
0	807	13975	2732,6375,20098,277,11780,14916,8843,27967,498,773,2059,30996,14078
1	807	18627	2732,6375,20098,277,11780,14916,8843,27967,498,773,2059,30996,14078
0	807	18876	2732,6375,20098,277,11780,14916,8843,27967,498,773,2059,30996,14078,18627
1	807	3320	2732,6375,20098,277,11780,14916,8843,27967,498,773,2059,30996,14078,18627
1	807	215	2732,6375,20098,277,11780,14916,8843,27967,498,773,2059,30996,14078,18627,3320
1	807	20884	2732,6375,20098,277,11780,14916,8843,27967,498,773,2059,30996,14078,18627,3320,215
1	807	19803	2732,6375,20098,277,11780,14916,8843,27967,498,773,2059,30996,14078,18627,3320,215,20884
0	807	21699	2732,6375,20098,277,11780,14916,8843,27967,498,773,2059,30996,14078,18627,3320,215,20884,19803
0	807	30892	2732,6375,20098,277,11780,14916,8843,27967,498,773,2059,30996,14078,18627,3320,215,20884,19803
0	807	18681	2732,6375,20098,277,11780,14916,8843,27967,498,773,2059,30996,14078,18627,3320,215,20884,19803
1	807	27325	2732,6375,20098,277,11780,14916,8843,27967,498,773,2059,30996,14078,18627,3320,215,20884,19803
1	807	14716	2732,6375,20098,277,11780,14916,8843,27967,498,773,2059,30996,14078,18627,3320,215,20884,19803,27325
1	807	32654	2732,6375,20098,277,11780,14916,8843,27967,498,773,2059,30996,14078,18627,3320,215,20884,19803,27325,14716
1	807	24252	2732,6375,20098,277,11780,14916,8843,27967,498,773,2059,30996,14078,18627,3320,215,20884,19803,27325,14716,32654
1	807	7305	2732,6375,20098,277,11780,14916,8843,27967,498,773,2059,30996,14078,18627,3320,215,20884,19803,27325,14716,32654,24252
1	807	28358	2732,6375,20098,277,11780,14916,8843,27967,498,773,2059,30996,14078,18627,3320,215,20884,19803,27325,14716,32654,24252,7305
