1	679	8812	0
1	679	4937	8812
0	679	9719	8812,4937
0	679	4208	8812,4937
1	679	6209	8812,4937
0	679	6331	8812,4937,6209
0	679	11744	8812,4937,6209
0	679	11851	8812,4937,6209
0	679	12147	8812,4937,6209
0	679	12941	8812,4937,6209
1	679	13443	8812,4937,6209
1	679	13697	8812,4937,6209,13443
0	679	14086	8812,4937,6209,13443,13697
1	679	1963	8812,4937,6209,13443,13697
0	679	2564	8812,4937,6209,13443,13697,1963
0	679	13440	8812,4937,6209,13443,13697,1963
1	679	9731	8812,4937,6209,13443,13697,1963
1	679	18578	8812,4937,6209,13443,13697,1963,9731
1	679	7297	8812,4937,6209,13443,13697,1963,9731,18578
0	679	10044	8812,4937,6209,13443,13697,1963,9731,18578,7297
1	679	19072	8812,4937,6209,13443,13697,1963,9731,18578,7297
1	679	20222	8812,4937,6209,13443,13697,1963,9731,18578,7297,19072
1	679	21627	8812,4937,6209,13443,13697,1963,9731,18578,7297,19072,20222
1	679	22869	8812,4937,6209,13443,13697,1963,9731,18578,7297,19072,20222,21627
1	679	23221	8812,4937,6209,13443,13697,1963,9731,18578,7297,19072,20222,21627,22869
1	679	24941	8812,4937,6209,13443,13697,1963,9731,18578,7297,19072,20222,21627,22869,23221
0	679	14763	8812,4937,6209,13443,13697,1963,9731,18578,7297,19072,20222,21627,22869,23221,24941
1	679	14822	8812,4937,6209,13443,13697,1963,9731,18578,7297,19072,20222,21627,22869,23221,24941
1	679	31123	8812,4937,6209,13443,13697,1963,9731,18578,7297,19072,20222,21627,22869,23221,24941,14822
1	679	31949	8812,4937,6209,13443,13697,1963,9731,18578,7297,19072,20222,21627,22869,23221,24941,14822,31123
1	679	513	8812,4937,6209,13443,13697,1963,9731,18578,7297,19072,20222,21627,22869,23221,24941,14822,31123,31949
1	679	6187	8812,4937,6209,13443,13697,1963,9731,18578,7297,19072,20222,21627,22869,23221,24941,14822,31123,31949,513
1	679	6299	8812,4937,6209,13443,13697,1963,9731,18578,7297,19072,20222,21627,22869,23221,24941,14822,31123,31949,513,6187
1	679	8995	8812,4937,6209,13443,13697,1963,9731,18578,7297,19072,20222,21627,22869,23221,24941,14822,31123,31949,513,6187,6299
0	679	19620	8812,4937,6209,13443,13697,1963,9731,18578,7297,19072,20222,21627,22869,23221,24941,14822,31123,31949,513,6187,6299,8995
0	679	20028	8812,4937,6209,13443,13697,1963,9731,18578,7297,19072,20222,21627,22869,23221,24941,14822,31123,31949,513,6187,6299,8995
1	679	20983	8812,4937,6209,13443,13697,1963,9731,18578,7297,19072,20222,21627,22869,23221,24941,14822,31123,31949,513,6187,6299,8995
1	679	21482	8812,4937,6209,13443,13697,1963,9731,18578,7297,19072,20222,21627,22869,23221,24941,14822,31123,31949,513,6187,6299,8995,20983
1	679	21974	8812,4937,6209,13443,13697,1963,9731,18578,7297,19072,20222,21627,22869,23221,24941,14822,31123,31949,513,6187,6299,8995,20983,21482
1	679	22860	8812,4937,6209,13443,13697,1963,9731,18578,7297,19072,20222,21627,22869,23221,24941,14822,31123,31949,513,6187,6299,8995,20983,21482,21974
1	679	16835	8812,4937,6209,13443,13697,1963,9731,18578,7297,19072,20222,21627,22869,23221,24941,14822,31123,31949,513,6187,6299,8995,20983,21482,21974,22860
1	679	18183	8812,4937,6209,13443,13697,1963,9731,18578,7297,19072,20222,21627,22869,23221,24941,14822,31123,31949,513,6187,6299,8995,20983,21482,21974,22860,16835
1	679	22783	8812,4937,6209,13443,13697,1963,9731,18578,7297,19072,20222,21627,22869,23221,24941,14822,31123,31949,513,6187,6299,8995,20983,21482,21974,22860,16835,18183
1	679	23551	8812,4937,6209,13443,13697,1963,9731,18578,7297,19072,20222,21627,22869,23221,24941,14822,31123,31949,513,6187,6299,8995,20983,21482,21974,22860,16835,18183,22783
1	679	24635	8812,4937,6209,13443,13697,1963,9731,18578,7297,19072,20222,21627,22869,23221,24941,14822,31123,31949,513,6187,6299,8995,20983,21482,21974,22860,16835,18183,22783,23551
