1	49	31522	0
0	49	117	31522
0	49	6537	31522
0	49	31672	31522
0	49	11424	31522
0	49	12718	31522
0	49	5163	31522
1	49	14005	31522
0	49	13416	31522,14005
0	49	14070	31522,14005
0	49	32094	31522,14005
0	49	27706	31522,14005
0	49	11131	31522,14005
0	49	12986	31522,14005
0	49	24233	31522,14005
1	49	8204	31522,14005
0	49	15627	31522,14005,8204
0	49	11146	31522,14005,8204
0	49	12921	31522,14005,8204
0	49	4417	31522,14005,8204
0	49	17775	31522,14005,8204
1	49	22747	31522,14005,8204
0	49	25871	31522,14005,8204,22747
0	49	20917	31522,14005,8204,22747
1	49	11024	31522,14005,8204,22747
0	49	26135	31522,14005,8204,22747,11024
0	49	26476	31522,14005,8204,22747,11024
1	49	20132	31522,14005,8204,22747,11024
0	49	27001	31522,14005,8204,22747,11024,20132
0	49	28797	31522,14005,8204,22747,11024,20132
