1	974	3309	0
1	974	2349	3309
1	974	31819	3309,2349
1	974	2036	3309,2349,31819
0	974	3525	3309,2349,31819,2036
1	974	3640	3309,2349,31819,2036
1	974	3733	3309,2349,31819,2036,3640
0	974	4019	3309,2349,31819,2036,3640,3733
0	974	5157	3309,2349,31819,2036,3640,3733
0	974	7147	3309,2349,31819,2036,3640,3733
1	974	6500	3309,2349,31819,2036,3640,3733
1	974	7050	3309,2349,31819,2036,3640,3733,6500
0	974	23927	3309,2349,31819,2036,3640,3733,6500,7050
1	974	7619	3309,2349,31819,2036,3640,3733,6500,7050
1	974	7044	3309,2349,31819,2036,3640,3733,6500,7050,7619
1	974	8937	3309,2349,31819,2036,3640,3733,6500,7050,7619,7044
1	974	11400	3309,2349,31819,2036,3640,3733,6500,7050,7619,7044,8937
1	974	11799	3309,2349,31819,2036,3640,3733,6500,7050,7619,7044,8937,11400
1	974	19801	3309,2349,31819,2036,3640,3733,6500,7050,7619,7044,8937,11400,11799
1	974	5805	3309,2349,31819,2036,3640,3733,6500,7050,7619,7044,8937,11400,11799,19801
0	974	17494	3309,2349,31819,2036,3640,3733,6500,7050,7619,7044,8937,11400,11799,19801,5805
1	974	22468	3309,2349,31819,2036,3640,3733,6500,7050,7619,7044,8937,11400,11799,19801,5805
0	974	7697	3309,2349,31819,2036,3640,3733,6500,7050,7619,7044,8937,11400,11799,19801,5805,22468
0	974	21995	3309,2349,31819,2036,3640,3733,6500,7050,7619,7044,8937,11400,11799,19801,5805,22468
1	974	16363	3309,2349,31819,2036,3640,3733,6500,7050,7619,7044,8937,11400,11799,19801,5805,22468
1	974	18228	3309,2349,31819,2036,3640,3733,6500,7050,7619,7044,8937,11400,11799,19801,5805,22468,16363
1	974	24466	3309,2349,31819,2036,3640,3733,6500,7050,7619,7044,8937,11400,11799,19801,5805,22468,16363,18228
0	974	2084	3309,2349,31819,2036,3640,3733,6500,7050,7619,7044,8937,11400,11799,19801,5805,22468,16363,18228,24466
1	974	23313	3309,2349,31819,2036,3640,3733,6500,7050,7619,7044,8937,11400,11799,19801,5805,22468,16363,18228,24466
0	974	17831	3309,2349,31819,2036,3640,3733,6500,7050,7619,7044,8937,11400,11799,19801,5805,22468,16363,18228,24466,23313
1	974	11606	3309,2349,31819,2036,3640,3733,6500,7050,7619,7044,8937,11400,11799,19801,5805,22468,16363,18228,24466,23313
0	974	5527	3309,2349,31819,2036,3640,3733,6500,7050,7619,7044,8937,11400,11799,19801,5805,22468,16363,18228,24466,23313,11606
