1	1497	31961	0
0	1497	2231	31961
1	1497	4515	31961
1	1497	740	31961,4515
1	1497	8501	31961,4515,740
1	1497	21145	31961,4515,740,8501
0	1497	23230	31961,4515,740,8501,21145
1	1497	18936	31961,4515,740,8501,21145
0	1497	22160	31961,4515,740,8501,21145,18936
0	1497	2635	31961,4515,740,8501,21145,18936
0	1497	16252	31961,4515,740,8501,21145,18936
0	1497	20088	31961,4515,740,8501,21145,18936
0	1497	23453	31961,4515,740,8501,21145,18936
1	1497	11416	31961,4515,740,8501,21145,18936
0	1497	15221	31961,4515,740,8501,21145,18936,11416
1	1497	10601	31961,4515,740,8501,21145,18936,11416
0	1497	16426	31961,4515,740,8501,21145,18936,11416,10601
0	1497	23449	31961,4515,740,8501,21145,18936,11416,10601
0	1497	22111	31961,4515,740,8501,21145,18936,11416,10601
0	1497	25248	31961,4515,740,8501,21145,18936,11416,10601
1	1497	25250	31961,4515,740,8501,21145,18936,11416,10601
1	1497	26872	31961,4515,740,8501,21145,18936,11416,10601,25250
0	1497	16807	31961,4515,740,8501,21145,18936,11416,10601,25250,26872
0	1497	22988	31961,4515,740,8501,21145,18936,11416,10601,25250,26872
0	1497	27965	31961,4515,740,8501,21145,18936,11416,10601,25250,26872
0	1497	20691	31961,4515,740,8501,21145,18936,11416,10601,25250,26872
0	1497	28902	31961,4515,740,8501,21145,18936,11416,10601,25250,26872
1	1497	12431	31961,4515,740,8501,21145,18936,11416,10601,25250,26872
1	1497	23462	31961,4515,740,8501,21145,18936,11416,10601,25250,26872,12431
