1	90	5357	0
0	90	6775	5357
1	90	7792	5357
1	90	1589	5357,7792
1	90	7206	5357,7792,1589
1	90	1491	5357,7792,1589,7206
1	90	1431	5357,7792,1589,7206,1491
1	90	9576	5357,7792,1589,7206,1491,1431
0	90	6265	5357,7792,1589,7206,1491,1431,9576
1	90	4780	5357,7792,1589,7206,1491,1431,9576
0	90	10719	5357,7792,1589,7206,1491,1431,9576,4780
1	90	4212	5357,7792,1589,7206,1491,1431,9576,4780
1	90	10291	5357,7792,1589,7206,1491,1431,9576,4780,4212
0	90	10272	5357,7792,1589,7206,1491,1431,9576,4780,4212,10291
0	90	8314	5357,7792,1589,7206,1491,1431,9576,4780,4212,10291
1	90	11801	5357,7792,1589,7206,1491,1431,9576,4780,4212,10291
1	90	212	5357,7792,1589,7206,1491,1431,9576,4780,4212,10291,11801
1	90	6732	5357,7792,1589,7206,1491,1431,9576,4780,4212,10291,11801,212
1	90	12896	5357,7792,1589,7206,1491,1431,9576,4780,4212,10291,11801,212,6732
0	90	8671	5357,7792,1589,7206,1491,1431,9576,4780,4212,10291,11801,212,6732,12896
1	90	17227	5357,7792,1589,7206,1491,1431,9576,4780,4212,10291,11801,212,6732,12896
1	90	17226	5357,7792,1589,7206,1491,1431,9576,4780,4212,10291,11801,212,6732,12896,17227
0	90	17349	5357,7792,1589,7206,1491,1431,9576,4780,4212,10291,11801,212,6732,12896,17227,17226
1	90	7988	5357,7792,1589,7206,1491,1431,9576,4780,4212,10291,11801,212,6732,12896,17227,17226
1	90	10617	5357,7792,1589,7206,1491,1431,9576,4780,4212,10291,11801,212,6732,12896,17227,17226,7988
1	90	2435	5357,7792,1589,7206,1491,1431,9576,4780,4212,10291,11801,212,6732,12896,17227,17226,7988,10617
0	90	16269	5357,7792,1589,7206,1491,1431,9576,4780,4212,10291,11801,212,6732,12896,17227,17226,7988,10617,2435
0	90	20787	5357,7792,1589,7206,1491,1431,9576,4780,4212,10291,11801,212,6732,12896,17227,17226,7988,10617,2435
1	90	21332	5357,7792,1589,7206,1491,1431,9576,4780,4212,10291,11801,212,6732,12896,17227,17226,7988,10617,2435
1	90	9495	5357,7792,1589,7206,1491,1431,9576,4780,4212,10291,11801,212,6732,12896,17227,17226,7988,10617,2435,21332
1	90	23766	5357,7792,1589,7206,1491,1431,9576,4780,4212,10291,11801,212,6732,12896,17227,17226,7988,10617,2435,21332,9495
1	90	23820	5357,7792,1589,7206,1491,1431,9576,4780,4212,10291,11801,212,6732,12896,17227,17226,7988,10617,2435,21332,9495,23766
0	90	17560	5357,7792,1589,7206,1491,1431,9576,4780,4212,10291,11801,212,6732,12896,17227,17226,7988,10617,2435,21332,9495,23766,23820
0	90	22351	5357,7792,1589,7206,1491,1431,9576,4780,4212,10291,11801,212,6732,12896,17227,17226,7988,10617,2435,21332,9495,23766,23820
0	90	21494	5357,7792,1589,7206,1491,1431,9576,4780,4212,10291,11801,212,6732,12896,17227,17226,7988,10617,2435,21332,9495,23766,23820
0	90	21839	5357,7792,1589,7206,1491,1431,9576,4780,4212,10291,11801,212,6732,12896,17227,17226,7988,10617,2435,21332,9495,23766,23820
1	90	27053	5357,7792,1589,7206,1491,1431,9576,4780,4212,10291,11801,212,6732,12896,17227,17226,7988,10617,2435,21332,9495,23766,23820
