1	1365	9549	0
1	1365	18858	9549
1	1365	1523	9549,18858
1	1365	3299	9549,18858,1523
0	1365	9033	9549,18858,1523,3299
1	1365	10155	9549,18858,1523,3299
1	1365	11869	9549,18858,1523,3299,10155
1	1365	14595	9549,18858,1523,3299,10155,11869
1	1365	14816	9549,18858,1523,3299,10155,11869,14595
1	1365	15665	9549,18858,1523,3299,10155,11869,14595,14816
0	1365	19835	9549,18858,1523,3299,10155,11869,14595,14816,15665
0	1365	23107	9549,18858,1523,3299,10155,11869,14595,14816,15665
1	1365	23236	9549,18858,1523,3299,10155,11869,14595,14816,15665
1	1365	23288	9549,18858,1523,3299,10155,11869,14595,14816,15665,23236
1	1365	23394	9549,18858,1523,3299,10155,11869,14595,14816,15665,23236,23288
1	1365	23442	9549,18858,1523,3299,10155,11869,14595,14816,15665,23236,23288,23394
1	1365	27871	9549,18858,1523,3299,10155,11869,14595,14816,15665,23236,23288,23394,23442
0	1365	12769	9549,18858,1523,3299,10155,11869,14595,14816,15665,23236,23288,23394,23442,27871
1	1365	17912	9549,18858,1523,3299,10155,11869,14595,14816,15665,23236,23288,23394,23442,27871
0	1365	18936	9549,18858,1523,3299,10155,11869,14595,14816,15665,23236,23288,23394,23442,27871,17912
1	1365	31844	9549,18858,1523,3299,10155,11869,14595,14816,15665,23236,23288,23394,23442,27871,17912
1	1365	6092	9549,18858,1523,3299,10155,11869,14595,14816,15665,23236,23288,23394,23442,27871,17912,31844
1	1365	6894	9549,18858,1523,3299,10155,11869,14595,14816,15665,23236,23288,23394,23442,27871,17912,31844,6092
1	1365	6895	9549,18858,1523,3299,10155,11869,14595,14816,15665,23236,23288,23394,23442,27871,17912,31844,6092,6894
1	1365	7248	9549,18858,1523,3299,10155,11869,14595,14816,15665,23236,23288,23394,23442,27871,17912,31844,6092,6894,6895
1	1365	19740	9549,18858,1523,3299,10155,11869,14595,14816,15665,23236,23288,23394,23442,27871,17912,31844,6092,6894,6895,7248
1	1365	17012	9549,18858,1523,3299,10155,11869,14595,14816,15665,23236,23288,23394,23442,27871,17912,31844,6092,6894,6895,7248,19740
0	1365	15361	9549,18858,1523,3299,10155,11869,14595,14816,15665,23236,23288,23394,23442,27871,17912,31844,6092,6894,6895,7248,19740,17012
1	1365	7758	9549,18858,1523,3299,10155,11869,14595,14816,15665,23236,23288,23394,23442,27871,17912,31844,6092,6894,6895,7248,19740,17012
1	1365	11153	9549,18858,1523,3299,10155,11869,14595,14816,15665,23236,23288,23394,23442,27871,17912,31844,6092,6894,6895,7248,19740,17012,7758
1	1365	23315	9549,18858,1523,3299,10155,11869,14595,14816,15665,23236,23288,23394,23442,27871,17912,31844,6092,6894,6895,7248,19740,17012,7758,11153
1	1365	26126	9549,18858,1523,3299,10155,11869,14595,14816,15665,23236,23288,23394,23442,27871,17912,31844,6092,6894,6895,7248,19740,17012,7758,11153,23315
1	1365	14396	9549,18858,1523,3299,10155,11869,14595,14816,15665,23236,23288,23394,23442,27871,17912,31844,6092,6894,6895,7248,19740,17012,7758,11153,23315,26126
1	1365	31388	9549,18858,1523,3299,10155,11869,14595,14816,15665,23236,23288,23394,23442,27871,17912,31844,6092,6894,6895,7248,19740,17012,7758,11153,23315,26126,14396
