1	1574	12535	0
1	1574	1158	12535
1	1574	32329	12535,1158
1	1574	31408	12535,1158,32329
0	1574	32897	12535,1158,32329,31408
0	1574	1869	12535,1158,32329,31408
1	1574	6444	12535,1158,32329,31408
1	1574	7939	12535,1158,32329,31408,6444
0	1574	12311	12535,1158,32329,31408,6444,7939
0	1574	14120	12535,1158,32329,31408,6444,7939
0	1574	10350	12535,1158,32329,31408,6444,7939
0	1574	11411	12535,1158,32329,31408,6444,7939
1	1574	15674	12535,1158,32329,31408,6444,7939
0	1574	13619	12535,1158,32329,31408,6444,7939,15674
0	1574	16574	12535,1158,32329,31408,6444,7939,15674
1	1574	16798	12535,1158,32329,31408,6444,7939,15674
0	1574	18018	12535,1158,32329,31408,6444,7939,15674,16798
1	1574	19615	12535,1158,32329,31408,6444,7939,15674,16798
1	1574	19894	12535,1158,32329,31408,6444,7939,15674,16798,19615
0	1574	20207	12535,1158,32329,31408,6444,7939,15674,16798,19615,19894
1	1574	20211	12535,1158,32329,31408,6444,7939,15674,16798,19615,19894
1	1574	15335	12535,1158,32329,31408,6444,7939,15674,16798,19615,19894,20211
0	1574	24508	12535,1158,32329,31408,6444,7939,15674,16798,19615,19894,20211,15335
0	1574	24199	12535,1158,32329,31408,6444,7939,15674,16798,19615,19894,20211,15335
0	1574	21601	12535,1158,32329,31408,6444,7939,15674,16798,19615,19894,20211,15335
0	1574	22111	12535,1158,32329,31408,6444,7939,15674,16798,19615,19894,20211,15335
0	1574	22399	12535,1158,32329,31408,6444,7939,15674,16798,19615,19894,20211,15335
1	1574	17372	12535,1158,32329,31408,6444,7939,15674,16798,19615,19894,20211,15335
1	1574	24384	12535,1158,32329,31408,6444,7939,15674,16798,19615,19894,20211,15335,17372
1	1574	24731	12535,1158,32329,31408,6444,7939,15674,16798,19615,19894,20211,15335,17372,24384
1	1574	25418	12535,1158,32329,31408,6444,7939,15674,16798,19615,19894,20211,15335,17372,24384,24731
0	1574	25891	12535,1158,32329,31408,6444,7939,15674,16798,19615,19894,20211,15335,17372,24384,24731,25418
1	1574	26841	12535,1158,32329,31408,6444,7939,15674,16798,19615,19894,20211,15335,17372,24384,24731,25418
1	1574	25866	12535,1158,32329,31408,6444,7939,15674,16798,19615,19894,20211,15335,17372,24384,24731,25418,26841
0	1574	25985	12535,1158,32329,31408,6444,7939,15674,16798,19615,19894,20211,15335,17372,24384,24731,25418,26841,25866
1	1574	22718	12535,1158,32329,31408,6444,7939,15674,16798,19615,19894,20211,15335,17372,24384,24731,25418,26841,25866
0	1574	27379	12535,1158,32329,31408,6444,7939,15674,16798,19615,19894,20211,15335,17372,24384,24731,25418,26841,25866,22718
0	1574	26751	12535,1158,32329,31408,6444,7939,15674,16798,19615,19894,20211,15335,17372,24384,24731,25418,26841,25866,22718
1	1574	24048	12535,1158,32329,31408,6444,7939,15674,16798,19615,19894,20211,15335,17372,24384,24731,25418,26841,25866,22718
0	1574	23873	12535,1158,32329,31408,6444,7939,15674,16798,19615,19894,20211,15335,17372,24384,24731,25418,26841,25866,22718,24048,28843,8636,28868,29724
