0	147	17042	0
1	147	13685	0
0	147	15759	13685
1	147	19669	13685
0	147	20268	13685,19669
0	147	19329	13685,19669
0	147	20319	13685,19669
1	147	20053	13685,19669
1	147	17132	13685,19669,20053
0	147	15948	13685,19669,20053,17132
0	147	23490	13685,19669,20053,17132
1	147	7052	13685,19669,20053,17132
0	147	22747	13685,19669,20053,17132,7052
0	147	22743	13685,19669,20053,17132,7052
0	147	19558	13685,19669,20053,17132,7052
0	147	22258	13685,19669,20053,17132,7052
0	147	25055	13685,19669,20053,17132,7052
1	147	25338	13685,19669,20053,17132,7052
0	147	21039	13685,19669,20053,17132,7052,25338
0	147	11883	13685,19669,20053,17132,7052,25338
0	147	26114	13685,19669,20053,17132,7052,25338
1	147	872	13685,19669,20053,17132,7052,25338
1	147	25765	13685,19669,20053,17132,7052,25338,872
0	147	15615	13685,19669,20053,17132,7052,25338,872,25765
0	147	24383	13685,19669,20053,17132,7052,25338,872,25765
0	147	14697	13685,19669,20053,17132,7052,25338,872,25765
0	147	25704	13685,19669,20053,17132,7052,25338,872,25765
0	147	26867	13685,19669,20053,17132,7052,25338,872,25765
1	147	27429	13685,19669,20053,17132,7052,25338,872,25765
0	147	24331	13685,19669,20053,17132,7052,25338,872,25765,27429
0	147	28066	13685,19669,20053,17132,7052,25338,872,25765,27429
1	147	27853	13685,19669,20053,17132,7052,25338,872,25765,27429
0	147	26781	13685,19669,20053,17132,7052,25338,872,25765,27429,27853
0	147	27638	13685,19669,20053,17132,7052,25338,872,25765,27429,27853
0	147	26578	13685,19669,20053,17132,7052,25338,872,25765,27429,27853
1	147	10519	13685,19669,20053,17132,7052,25338,872,25765,27429,27853
0	147	27128	13685,19669,20053,17132,7052,25338,872,25765,27429,27853,10519
1	147	28877	13685,19669,20053,17132,7052,25338,872,25765,27429,27853,10519
1	147	29316	13685,19669,20053,17132,7052,25338,872,25765,27429,27853,10519,28877
