1	789	21287	0
1	789	2153	21287
1	789	6359	21287,2153
0	789	10636	21287,2153,6359
1	789	2517	21287,2153,6359
1	789	4320	21287,2153,6359,2517
1	789	9778	21287,2153,6359,2517,4320
1	789	14106	21287,2153,6359,2517,4320,9778
1	789	3203	21287,2153,6359,2517,4320,9778,14106
1	789	3233	21287,2153,6359,2517,4320,9778,14106,3203
1	789	3751	21287,2153,6359,2517,4320,9778,14106,3203,3233
1	789	9970	21287,2153,6359,2517,4320,9778,14106,3203,3233,3751
1	789	16773	21287,2153,6359,2517,4320,9778,14106,3203,3233,3751,9970
1	789	20032	21287,2153,6359,2517,4320,9778,14106,3203,3233,3751,9970,16773
1	789	2538	21287,2153,6359,2517,4320,9778,14106,3203,3233,3751,9970,16773,20032
1	789	2511	21287,2153,6359,2517,4320,9778,14106,3203,3233,3751,9970,16773,20032,2538
1	789	2554	21287,2153,6359,2517,4320,9778,14106,3203,3233,3751,9970,16773,20032,2538,2511
1	789	20480	21287,2153,6359,2517,4320,9778,14106,3203,3233,3751,9970,16773,20032,2538,2511,2554
0	789	3523	21287,2153,6359,2517,4320,9778,14106,3203,3233,3751,9970,16773,20032,2538,2511,2554,20480
1	789	9806	21287,2153,6359,2517,4320,9778,14106,3203,3233,3751,9970,16773,20032,2538,2511,2554,20480
1	789	2337	21287,2153,6359,2517,4320,9778,14106,3203,3233,3751,9970,16773,20032,2538,2511,2554,20480,9806
1	789	2735	21287,2153,6359,2517,4320,9778,14106,3203,3233,3751,9970,16773,20032,2538,2511,2554,20480,9806,2337
1	789	12263	21287,2153,6359,2517,4320,9778,14106,3203,3233,3751,9970,16773,20032,2538,2511,2554,20480,9806,2337,2735
1	789	21150	21287,2153,6359,2517,4320,9778,14106,3203,3233,3751,9970,16773,20032,2538,2511,2554,20480,9806,2337,2735,12263
1	789	17380	21287,2153,6359,2517,4320,9778,14106,3203,3233,3751,9970,16773,20032,2538,2511,2554,20480,9806,2337,2735,12263,21150
1	789	31679	21287,2153,6359,2517,4320,9778,14106,3203,3233,3751,9970,16773,20032,2538,2511,2554,20480,9806,2337,2735,12263,21150,17380
1	789	2756	21287,2153,6359,2517,4320,9778,14106,3203,3233,3751,9970,16773,20032,2538,2511,2554,20480,9806,2337,2735,12263,21150,17380,31679
1	789	18825	21287,2153,6359,2517,4320,9778,14106,3203,3233,3751,9970,16773,20032,2538,2511,2554,20480,9806,2337,2735,12263,21150,17380,31679,2756
1	789	6115	21287,2153,6359,2517,4320,9778,14106,3203,3233,3751,9970,16773,20032,2538,2511,2554,20480,9806,2337,2735,12263,21150,17380,31679,2756,18825
1	789	21114	21287,2153,6359,2517,4320,9778,14106,3203,3233,3751,9970,16773,20032,2538,2511,2554,20480,9806,2337,2735,12263,21150,17380,31679,2756,18825,6115
1	789	23548	21287,2153,6359,2517,4320,9778,14106,3203,3233,3751,9970,16773,20032,2538,2511,2554,20480,9806,2337,2735,12263,21150,17380,31679,2756,18825,6115,21114
