1	1151	3160	0
1	1151	3333	3160
1	1151	32270	3160,3333
1	1151	3154	3160,3333,32270
0	1151	28125	3160,3333,32270,3154
1	1151	5789	3160,3333,32270,3154
1	1151	4	3160,3333,32270,3154,5789
0	1151	8774	3160,3333,32270,3154,5789,4
1	1151	6804	3160,3333,32270,3154,5789,4
1	1151	4319	3160,3333,32270,3154,5789,4,6804
1	1151	10935	3160,3333,32270,3154,5789,4,6804,4319
1	1151	30774	3160,3333,32270,3154,5789,4,6804,4319,10935
1	1151	11213	3160,3333,32270,3154,5789,4,6804,4319,10935,30774
1	1151	12480	3160,3333,32270,3154,5789,4,6804,4319,10935,30774,11213
0	1151	2919	3160,3333,32270,3154,5789,4,6804,4319,10935,30774,11213,12480
1	1151	3325	3160,3333,32270,3154,5789,4,6804,4319,10935,30774,11213,12480
1	1151	16016	3160,3333,32270,3154,5789,4,6804,4319,10935,30774,11213,12480,3325
1	1151	16346	3160,3333,32270,3154,5789,4,6804,4319,10935,30774,11213,12480,3325,16016
1	1151	5594	3160,3333,32270,3154,5789,4,6804,4319,10935,30774,11213,12480,3325,16016,16346
0	1151	17971	3160,3333,32270,3154,5789,4,6804,4319,10935,30774,11213,12480,3325,16016,16346,5594
0	1151	18986	3160,3333,32270,3154,5789,4,6804,4319,10935,30774,11213,12480,3325,16016,16346,5594
1	1151	8901	3160,3333,32270,3154,5789,4,6804,4319,10935,30774,11213,12480,3325,16016,16346,5594
0	1151	23240	3160,3333,32270,3154,5789,4,6804,4319,10935,30774,11213,12480,3325,16016,16346,5594,8901
0	1151	21939	3160,3333,32270,3154,5789,4,6804,4319,10935,30774,11213,12480,3325,16016,16346,5594,8901
1	1151	23732	3160,3333,32270,3154,5789,4,6804,4319,10935,30774,11213,12480,3325,16016,16346,5594,8901
1	1151	14138	3160,3333,32270,3154,5789,4,6804,4319,10935,30774,11213,12480,3325,16016,16346,5594,8901,23732
1	1151	20306	3160,3333,32270,3154,5789,4,6804,4319,10935,30774,11213,12480,3325,16016,16346,5594,8901,23732,14138
0	1151	18285	3160,3333,32270,3154,5789,4,6804,4319,10935,30774,11213,12480,3325,16016,16346,5594,8901,23732,14138,20306
1	1151	18633	3160,3333,32270,3154,5789,4,6804,4319,10935,30774,11213,12480,3325,16016,16346,5594,8901,23732,14138,20306
1	1151	25894	3160,3333,32270,3154,5789,4,6804,4319,10935,30774,11213,12480,3325,16016,16346,5594,8901,23732,14138,20306,18633
0	1151	27361	3160,3333,32270,3154,5789,4,6804,4319,10935,30774,11213,12480,3325,16016,16346,5594,8901,23732,14138,20306,18633,25894
0	1151	31827	3160,3333,32270,3154,5789,4,6804,4319,10935,30774,11213,12480,3325,16016,16346,5594,8901,23732,14138,20306,18633,25894
0	1151	26480	3160,3333,32270,3154,5789,4,6804,4319,10935,30774,11213,12480,3325,16016,16346,5594,8901,23732,14138,20306,18633,25894
0	1151	7485	3160,3333,32270,3154,5789,4,6804,4319,10935,30774,11213,12480,3325,16016,16346,5594,8901,23732,14138,20306,18633,25894
0	1151	11175	3160,3333,32270,3154,5789,4,6804,4319,10935,30774,11213,12480,3325,16016,16346,5594,8901,23732,14138,20306,18633,25894
1	1151	5595	3160,3333,32270,3154,5789,4,6804,4319,10935,30774,11213,12480,3325,16016,16346,5594,8901,23732,14138,20306,18633,25894
1	1151	19528	3160,3333,32270,3154,5789,4,6804,4319,10935,30774,11213,12480,3325,16016,16346,5594,8901,23732,14138,20306,18633,25894,5595
1	1151	9473	3160,3333,32270,3154,5789,4,6804,4319,10935,30774,11213,12480,3325,16016,16346,5594,8901,23732,14138,20306,18633,25894,5595,19528
