1	455	23070	0
0	455	32226	23070
0	455	31117	23070
0	455	1973	23070
1	455	1547	23070
0	455	1664	23070,1547
0	455	2485	23070,1547
1	455	3184	23070,1547
0	455	320	23070,1547,3184
0	455	32498	23070,1547,3184
1	455	32122	23070,1547,3184
0	455	26466	23070,1547,3184,32122
0	455	2031	23070,1547,3184,32122
1	455	3368	23070,1547,3184,32122
1	455	4657	23070,1547,3184,32122,3368
0	455	5565	23070,1547,3184,32122,3368,4657
0	455	3781	23070,1547,3184,32122,3368,4657
0	455	5695	23070,1547,3184,32122,3368,4657
1	455	5625	23070,1547,3184,32122,3368,4657
0	455	5999	23070,1547,3184,32122,3368,4657,5625
0	455	4979	23070,1547,3184,32122,3368,4657,5625
0	455	5353	23070,1547,3184,32122,3368,4657,5625
1	455	5276	23070,1547,3184,32122,3368,4657,5625
0	455	4746	23070,1547,3184,32122,3368,4657,5625,5276
1	455	1545	23070,1547,3184,32122,3368,4657,5625,5276
1	455	5081	23070,1547,3184,32122,3368,4657,5625,5276,1545
0	455	4072	23070,1547,3184,32122,3368,4657,5625,5276,1545,5081
0	455	6303	23070,1547,3184,32122,3368,4657,5625,5276,1545,5081
0	455	7080	23070,1547,3184,32122,3368,4657,5625,5276,1545,5081
0	455	7491	23070,1547,3184,32122,3368,4657,5625,5276,1545,5081
0	455	7580	23070,1547,3184,32122,3368,4657,5625,5276,1545,5081
0	455	7965	23070,1547,3184,32122,3368,4657,5625,5276,1545,5081
0	455	8110	23070,1547,3184,32122,3368,4657,5625,5276,1545,5081
1	455	6333	23070,1547,3184,32122,3368,4657,5625,5276,1545,5081
1	455	8930	23070,1547,3184,32122,3368,4657,5625,5276,1545,5081,6333
1	455	8515	23070,1547,3184,32122,3368,4657,5625,5276,1545,5081,6333,8930
0	455	9060	23070,1547,3184,32122,3368,4657,5625,5276,1545,5081,6333,8930,8515
0	455	6958	23070,1547,3184,32122,3368,4657,5625,5276,1545,5081,6333,8930,8515
0	455	6960	23070,1547,3184,32122,3368,4657,5625,5276,1545,5081,6333,8930,8515
0	455	6636	23070,1547,3184,32122,3368,4657,5625,5276,1545,5081,6333,8930,8515
1	455	3576	23070,1547,3184,32122,3368,4657,5625,5276,1545,5081,6333,8930,8515
0	455	9823	23070,1547,3184,32122,3368,4657,5625,5276,1545,5081,6333,8930,8515,3576
0	455	6818	23070,1547,3184,32122,3368,4657,5625,5276,1545,5081,6333,8930,8515,3576
1	455	9462	23070,1547,3184,32122,3368,4657,5625,5276,1545,5081,6333,8930,8515,3576
1	455	9824	23070,1547,3184,32122,3368,4657,5625,5276,1545,5081,6333,8930,8515,3576,9462
0	455	1364	23070,1547,3184,32122,3368,4657,5625,5276,1545,5081,6333,8930,8515,3576,9462,9824
0	455	9616	23070,1547,3184,32122,3368,4657,5625,5276,1545,5081,6333,8930,8515,3576,9462,9824
0	455	6762	23070,1547,3184,32122,3368,4657,5625,5276,1545,5081,6333,8930,8515,3576,9462,9824
1	455	9446	23070,1547,3184,32122,3368,4657,5625,5276,1545,5081,6333,8930,8515,3576,9462,9824
0	455	10524	23070,1547,3184,32122,3368,4657,5625,5276,1545,5081,6333,8930,8515,3576,9462,9824,9446
0	455	10698	23070,1547,3184,32122,3368,4657,5625,5276,1545,5081,6333,8930,8515,3576,9462,9824,9446
0	455	8576	23070,1547,3184,32122,3368,4657,5625,5276,1545,5081,6333,8930,8515,3576,9462,9824,9446
1	455	3782	23070,1547,3184,32122,3368,4657,5625,5276,1545,5081,6333,8930,8515,3576,9462,9824,9446
1	455	6159	23070,1547,3184,32122,3368,4657,5625,5276,1545,5081,6333,8930,8515,3576,9462,9824,9446,3782
0	455	8666	23070,1547,3184,32122,3368,4657,5625,5276,1545,5081,6333,8930,8515,3576,9462,9824,9446,3782,6159
1	455	5279	23070,1547,3184,32122,3368,4657,5625,5276,1545,5081,6333,8930,8515,3576,9462,9824,9446,3782,6159
0	455	14365	23070,1547,3184,32122,3368,4657,5625,5276,1545,5081,6333,8930,8515,3576,9462,9824,9446,3782,6159,5279
0	455	929	23070,1547,3184,32122,3368,4657,5625,5276,1545,5081,6333,8930,8515,3576,9462,9824,9446,3782,6159,5279
0	455	16656	23070,1547,3184,32122,3368,4657,5625,5276,1545,5081,6333,8930,8515,3576,9462,9824,9446,3782,6159,5279
0	455	1013	23070,1547,3184,32122,3368,4657,5625,5276,1545,5081,6333,8930,8515,3576,9462,9824,9446,3782,6159,5279
0	455	11066	23070,1547,3184,32122,3368,4657,5625,5276,1545,5081,6333,8930,8515,3576,9462,9824,9446,3782,6159,5279
1	455	7744	23070,1547,3184,32122,3368,4657,5625,5276,1545,5081,6333,8930,8515,3576,9462,9824,9446,3782,6159,5279
0	455	13619	23070,1547,3184,32122,3368,4657,5625,5276,1545,5081,6333,8930,8515,3576,9462,9824,9446,3782,6159,5279,7744
0	455	13621	23070,1547,3184,32122,3368,4657,5625,5276,1545,5081,6333,8930,8515,3576,9462,9824,9446,3782,6159,5279,7744
0	455	5862	23070,1547,3184,32122,3368,4657,5625,5276,1545,5081,6333,8930,8515,3576,9462,9824,9446,3782,6159,5279,7744
1	455	15221	23070,1547,3184,32122,3368,4657,5625,5276,1545,5081,6333,8930,8515,3576,9462,9824,9446,3782,6159,5279,7744
0	455	9898	23070,1547,3184,32122,3368,4657,5625,5276,1545,5081,6333,8930,8515,3576,9462,9824,9446,3782,6159,5279,7744,15221
1	455	7434	23070,1547,3184,32122,3368,4657,5625,5276,1545,5081,6333,8930,8515,3576,9462,9824,9446,3782,6159,5279,7744,15221
0	455	15590	23070,1547,3184,32122,3368,4657,5625,5276,1545,5081,6333,8930,8515,3576,9462,9824,9446,3782,6159,5279,7744,15221,7434
0	455	16460	23070,1547,3184,32122,3368,4657,5625,5276,1545,5081,6333,8930,8515,3576,9462,9824,9446,3782,6159,5279,7744,15221,7434
1	455	9050	23070,1547,3184,32122,3368,4657,5625,5276,1545,5081,6333,8930,8515,3576,9462,9824,9446,3782,6159,5279,7744,15221,7434
0	455	16459	23070,1547,3184,32122,3368,4657,5625,5276,1545,5081,6333,8930,8515,3576,9462,9824,9446,3782,6159,5279,7744,15221,7434,9050
0	455	12454	23070,1547,3184,32122,3368,4657,5625,5276,1545,5081,6333,8930,8515,3576,9462,9824,9446,3782,6159,5279,7744,15221,7434,9050
0	455	16810	23070,1547,3184,32122,3368,4657,5625,5276,1545,5081,6333,8930,8515,3576,9462,9824,9446,3782,6159,5279,7744,15221,7434,9050
1	455	18195	23070,1547,3184,32122,3368,4657,5625,5276,1545,5081,6333,8930,8515,3576,9462,9824,9446,3782,6159,5279,7744,15221,7434,9050
1	455	18031	23070,1547,3184,32122,3368,4657,5625,5276,1545,5081,6333,8930,8515,3576,9462,9824,9446,3782,6159,5279,7744,15221,7434,9050,18195
1	455	18139	23070,1547,3184,32122,3368,4657,5625,5276,1545,5081,6333,8930,8515,3576,9462,9824,9446,3782,6159,5279,7744,15221,7434,9050,18195,18031
1	455	17722	23070,1547,3184,32122,3368,4657,5625,5276,1545,5081,6333,8930,8515,3576,9462,9824,9446,3782,6159,5279,7744,15221,7434,9050,18195,18031,18139
0	455	15872	23070,1547,3184,32122,3368,4657,5625,5276,1545,5081,6333,8930,8515,3576,9462,9824,9446,3782,6159,5279,7744,15221,7434,9050,18195,18031,18139,17722
0	455	16929	23070,1547,3184,32122,3368,4657,5625,5276,1545,5081,6333,8930,8515,3576,9462,9824,9446,3782,6159,5279,7744,15221,7434,9050,18195,18031,18139,17722
1	455	18643	23070,1547,3184,32122,3368,4657,5625,5276,1545,5081,6333,8930,8515,3576,9462,9824,9446,3782,6159,5279,7744,15221,7434,9050,18195,18031,18139,17722
0	455	18943	23070,1547,3184,32122,3368,4657,5625,5276,1545,5081,6333,8930,8515,3576,9462,9824,9446,3782,6159,5279,7744,15221,7434,9050,18195,18031,18139,17722,18643
0	455	13142	23070,1547,3184,32122,3368,4657,5625,5276,1545,5081,6333,8930,8515,3576,9462,9824,9446,3782,6159,5279,7744,15221,7434,9050,18195,18031,18139,17722,18643
0	455	17393	23070,1547,3184,32122,3368,4657,5625,5276,1545,5081,6333,8930,8515,3576,9462,9824,9446,3782,6159,5279,7744,15221,7434,9050,18195,18031,18139,17722,18643
0	455	19224	23070,1547,3184,32122,3368,4657,5625,5276,1545,5081,6333,8930,8515,3576,9462,9824,9446,3782,6159,5279,7744,15221,7434,9050,18195,18031,18139,17722,18643
1	455	15615	23070,1547,3184,32122,3368,4657,5625,5276,1545,5081,6333,8930,8515,3576,9462,9824,9446,3782,6159,5279,7744,15221,7434,9050,18195,18031,18139,17722,18643
1	455	18972	23070,1547,3184,32122,3368,4657,5625,5276,1545,5081,6333,8930,8515,3576,9462,9824,9446,3782,6159,5279,7744,15221,7434,9050,18195,18031,18139,17722,18643,15615
0	455	17170	23070,1547,3184,32122,3368,4657,5625,5276,1545,5081,6333,8930,8515,3576,9462,9824,9446,3782,6159,5279,7744,15221,7434,9050,18195,18031,18139,17722,18643,15615,18972
0	455	20342	23070,1547,3184,32122,3368,4657,5625,5276,1545,5081,6333,8930,8515,3576,9462,9824,9446,3782,6159,5279,7744,15221,7434,9050,18195,18031,18139,17722,18643,15615,18972
0	455	19543	23070,1547,3184,32122,3368,4657,5625,5276,1545,5081,6333,8930,8515,3576,9462,9824,9446,3782,6159,5279,7744,15221,7434,9050,18195,18031,18139,17722,18643,15615,18972
0	455	6028	23070,1547,3184,32122,3368,4657,5625,5276,1545,5081,6333,8930,8515,3576,9462,9824,9446,3782,6159,5279,7744,15221,7434,9050,18195,18031,18139,17722,18643,15615,18972
0	455	20969	23070,1547,3184,32122,3368,4657,5625,5276,1545,5081,6333,8930,8515,3576,9462,9824,9446,3782,6159,5279,7744,15221,7434,9050,18195,18031,18139,17722,18643,15615,18972
0	455	17181	23070,1547,3184,32122,3368,4657,5625,5276,1545,5081,6333,8930,8515,3576,9462,9824,9446,3782,6159,5279,7744,15221,7434,9050,18195,18031,18139,17722,18643,15615,18972
0	455	17171	23070,1547,3184,32122,3368,4657,5625,5276,1545,5081,6333,8930,8515,3576,9462,9824,9446,3782,6159,5279,7744,15221,7434,9050,18195,18031,18139,17722,18643,15615,18972
1	455	21392	23070,1547,3184,32122,3368,4657,5625,5276,1545,5081,6333,8930,8515,3576,9462,9824,9446,3782,6159,5279,7744,15221,7434,9050,18195,18031,18139,17722,18643,15615,18972
0	455	6526	23070,1547,3184,32122,3368,4657,5625,5276,1545,5081,6333,8930,8515,3576,9462,9824,9446,3782,6159,5279,7744,15221,7434,9050,18195,18031,18139,17722,18643,15615,18972,21392
0	455	21242	23070,1547,3184,32122,3368,4657,5625,5276,1545,5081,6333,8930,8515,3576,9462,9824,9446,3782,6159,5279,7744,15221,7434,9050,18195,18031,18139,17722,18643,15615,18972,21392
0	455	21921	23070,1547,3184,32122,3368,4657,5625,5276,1545,5081,6333,8930,8515,3576,9462,9824,9446,3782,6159,5279,7744,15221,7434,9050,18195,18031,18139,17722,18643,15615,18972,21392
0	455	16474	23070,1547,3184,32122,3368,4657,5625,5276,1545,5081,6333,8930,8515,3576,9462,9824,9446,3782,6159,5279,7744,15221,7434,9050,18195,18031,18139,17722,18643,15615,18972,21392
0	455	8229	23070,1547,3184,32122,3368,4657,5625,5276,1545,5081,6333,8930,8515,3576,9462,9824,9446,3782,6159,5279,7744,15221,7434,9050,18195,18031,18139,17722,18643,15615,18972,21392
0	455	16463	23070,1547,3184,32122,3368,4657,5625,5276,1545,5081,6333,8930,8515,3576,9462,9824,9446,3782,6159,5279,7744,15221,7434,9050,18195,18031,18139,17722,18643,15615,18972,21392
0	455	22107	23070,1547,3184,32122,3368,4657,5625,5276,1545,5081,6333,8930,8515,3576,9462,9824,9446,3782,6159,5279,7744,15221,7434,9050,18195,18031,18139,17722,18643,15615,18972,21392
0	455	20959	23070,1547,3184,32122,3368,4657,5625,5276,1545,5081,6333,8930,8515,3576,9462,9824,9446,3782,6159,5279,7744,15221,7434,9050,18195,18031,18139,17722,18643,15615,18972,21392
0	455	22314	23070,1547,3184,32122,3368,4657,5625,5276,1545,5081,6333,8930,8515,3576,9462,9824,9446,3782,6159,5279,7744,15221,7434,9050,18195,18031,18139,17722,18643,15615,18972,21392
1	455	23491	23070,1547,3184,32122,3368,4657,5625,5276,1545,5081,6333,8930,8515,3576,9462,9824,9446,3782,6159,5279,7744,15221,7434,9050,18195,18031,18139,17722,18643,15615,18972,21392
0	455	23490	23070,1547,3184,32122,3368,4657,5625,5276,1545,5081,6333,8930,8515,3576,9462,9824,9446,3782,6159,5279,7744,15221,7434,9050,18195,18031,18139,17722,18643,15615,18972,21392,23491
1	455	6612	23070,1547,3184,32122,3368,4657,5625,5276,1545,5081,6333,8930,8515,3576,9462,9824,9446,3782,6159,5279,7744,15221,7434,9050,18195,18031,18139,17722,18643,15615,18972,21392,23491
1	455	16729	23070,1547,3184,32122,3368,4657,5625,5276,1545,5081,6333,8930,8515,3576,9462,9824,9446,3782,6159,5279,7744,15221,7434,9050,18195,18031,18139,17722,18643,15615,18972,21392,23491,6612
1	455	24181	23070,1547,3184,32122,3368,4657,5625,5276,1545,5081,6333,8930,8515,3576,9462,9824,9446,3782,6159,5279,7744,15221,7434,9050,18195,18031,18139,17722,18643,15615,18972,21392,23491,6612,16729
1	455	24487	23070,1547,3184,32122,3368,4657,5625,5276,1545,5081,6333,8930,8515,3576,9462,9824,9446,3782,6159,5279,7744,15221,7434,9050,18195,18031,18139,17722,18643,15615,18972,21392,23491,6612,16729,24181
0	455	14536	23070,1547,3184,32122,3368,4657,5625,5276,1545,5081,6333,8930,8515,3576,9462,9824,9446,3782,6159,5279,7744,15221,7434,9050,18195,18031,18139,17722,18643,15615,18972,21392,23491,6612,16729,24181,24487
1	455	20110	23070,1547,3184,32122,3368,4657,5625,5276,1545,5081,6333,8930,8515,3576,9462,9824,9446,3782,6159,5279,7744,15221,7434,9050,18195,18031,18139,17722,18643,15615,18972,21392,23491,6612,16729,24181,24487
0	455	20088	23070,1547,3184,32122,3368,4657,5625,5276,1545,5081,6333,8930,8515,3576,9462,9824,9446,3782,6159,5279,7744,15221,7434,9050,18195,18031,18139,17722,18643,15615,18972,21392,23491,6612,16729,24181,24487,20110
0	455	22355	23070,1547,3184,32122,3368,4657,5625,5276,1545,5081,6333,8930,8515,3576,9462,9824,9446,3782,6159,5279,7744,15221,7434,9050,18195,18031,18139,17722,18643,15615,18972,21392,23491,6612,16729,24181,24487,20110
1	455	10601	23070,1547,3184,32122,3368,4657,5625,5276,1545,5081,6333,8930,8515,3576,9462,9824,9446,3782,6159,5279,7744,15221,7434,9050,18195,18031,18139,17722,18643,15615,18972,21392,23491,6612,16729,24181,24487,20110
0	455	25030	23070,1547,3184,32122,3368,4657,5625,5276,1545,5081,6333,8930,8515,3576,9462,9824,9446,3782,6159,5279,7744,15221,7434,9050,18195,18031,18139,17722,18643,15615,18972,21392,23491,6612,16729,24181,24487,20110,10601
0	455	24386	23070,1547,3184,32122,3368,4657,5625,5276,1545,5081,6333,8930,8515,3576,9462,9824,9446,3782,6159,5279,7744,15221,7434,9050,18195,18031,18139,17722,18643,15615,18972,21392,23491,6612,16729,24181,24487,20110,10601
1	455	26063	23070,1547,3184,32122,3368,4657,5625,5276,1545,5081,6333,8930,8515,3576,9462,9824,9446,3782,6159,5279,7744,15221,7434,9050,18195,18031,18139,17722,18643,15615,18972,21392,23491,6612,16729,24181,24487,20110,10601
0	455	18821	23070,1547,3184,32122,3368,4657,5625,5276,1545,5081,6333,8930,8515,3576,9462,9824,9446,3782,6159,5279,7744,15221,7434,9050,18195,18031,18139,17722,18643,15615,18972,21392,23491,6612,16729,24181,24487,20110,10601,26063
0	455	10229	23070,1547,3184,32122,3368,4657,5625,5276,1545,5081,6333,8930,8515,3576,9462,9824,9446,3782,6159,5279,7744,15221,7434,9050,18195,18031,18139,17722,18643,15615,18972,21392,23491,6612,16729,24181,24487,20110,10601,26063
0	455	23131	23070,1547,3184,32122,3368,4657,5625,5276,1545,5081,6333,8930,8515,3576,9462,9824,9446,3782,6159,5279,7744,15221,7434,9050,18195,18031,18139,17722,18643,15615,18972,21392,23491,6612,16729,24181,24487,20110,10601,26063
0	455	23791	23070,1547,3184,32122,3368,4657,5625,5276,1545,5081,6333,8930,8515,3576,9462,9824,9446,3782,6159,5279,7744,15221,7434,9050,18195,18031,18139,17722,18643,15615,18972,21392,23491,6612,16729,24181,24487,20110,10601,26063
0	455	3542	23070,1547,3184,32122,3368,4657,5625,5276,1545,5081,6333,8930,8515,3576,9462,9824,9446,3782,6159,5279,7744,15221,7434,9050,18195,18031,18139,17722,18643,15615,18972,21392,23491,6612,16729,24181,24487,20110,10601,26063
0	455	14859	23070,1547,3184,32122,3368,4657,5625,5276,1545,5081,6333,8930,8515,3576,9462,9824,9446,3782,6159,5279,7744,15221,7434,9050,18195,18031,18139,17722,18643,15615,18972,21392,23491,6612,16729,24181,24487,20110,10601,26063
0	455	6187	23070,1547,3184,32122,3368,4657,5625,5276,1545,5081,6333,8930,8515,3576,9462,9824,9446,3782,6159,5279,7744,15221,7434,9050,18195,18031,18139,17722,18643,15615,18972,21392,23491,6612,16729,24181,24487,20110,10601,26063
0	455	24362	23070,1547,3184,32122,3368,4657,5625,5276,1545,5081,6333,8930,8515,3576,9462,9824,9446,3782,6159,5279,7744,15221,7434,9050,18195,18031,18139,17722,18643,15615,18972,21392,23491,6612,16729,24181,24487,20110,10601,26063
1	455	24500	23070,1547,3184,32122,3368,4657,5625,5276,1545,5081,6333,8930,8515,3576,9462,9824,9446,3782,6159,5279,7744,15221,7434,9050,18195,18031,18139,17722,18643,15615,18972,21392,23491,6612,16729,24181,24487,20110,10601,26063
0	455	25406	23070,1547,3184,32122,3368,4657,5625,5276,1545,5081,6333,8930,8515,3576,9462,9824,9446,3782,6159,5279,7744,15221,7434,9050,18195,18031,18139,17722,18643,15615,18972,21392,23491,6612,16729,24181,24487,20110,10601,26063,24500
0	455	24270	23070,1547,3184,32122,3368,4657,5625,5276,1545,5081,6333,8930,8515,3576,9462,9824,9446,3782,6159,5279,7744,15221,7434,9050,18195,18031,18139,17722,18643,15615,18972,21392,23491,6612,16729,24181,24487,20110,10601,26063,24500
0	455	20412	23070,1547,3184,32122,3368,4657,5625,5276,1545,5081,6333,8930,8515,3576,9462,9824,9446,3782,6159,5279,7744,15221,7434,9050,18195,18031,18139,17722,18643,15615,18972,21392,23491,6612,16729,24181,24487,20110,10601,26063,24500
1	455	23452	23070,1547,3184,32122,3368,4657,5625,5276,1545,5081,6333,8930,8515,3576,9462,9824,9446,3782,6159,5279,7744,15221,7434,9050,18195,18031,18139,17722,18643,15615,18972,21392,23491,6612,16729,24181,24487,20110,10601,26063,24500
1	455	23453	23070,1547,3184,32122,3368,4657,5625,5276,1545,5081,6333,8930,8515,3576,9462,9824,9446,3782,6159,5279,7744,15221,7434,9050,18195,18031,18139,17722,18643,15615,18972,21392,23491,6612,16729,24181,24487,20110,10601,26063,24500,23452
1	455	24425	23070,1547,3184,32122,3368,4657,5625,5276,1545,5081,6333,8930,8515,3576,9462,9824,9446,3782,6159,5279,7744,15221,7434,9050,18195,18031,18139,17722,18643,15615,18972,21392,23491,6612,16729,24181,24487,20110,10601,26063,24500,23452,23453
1	455	25890	23070,1547,3184,32122,3368,4657,5625,5276,1545,5081,6333,8930,8515,3576,9462,9824,9446,3782,6159,5279,7744,15221,7434,9050,18195,18031,18139,17722,18643,15615,18972,21392,23491,6612,16729,24181,24487,20110,10601,26063,24500,23452,23453,24425
1	455	23768	23070,1547,3184,32122,3368,4657,5625,5276,1545,5081,6333,8930,8515,3576,9462,9824,9446,3782,6159,5279,7744,15221,7434,9050,18195,18031,18139,17722,18643,15615,18972,21392,23491,6612,16729,24181,24487,20110,10601,26063,24500,23452,23453,24425,25890
0	455	26896	23070,1547,3184,32122,3368,4657,5625,5276,1545,5081,6333,8930,8515,3576,9462,9824,9446,3782,6159,5279,7744,15221,7434,9050,18195,18031,18139,17722,18643,15615,18972,21392,23491,6612,16729,24181,24487,20110,10601,26063,24500,23452,23453,24425,25890,23768
0	455	27235	23070,1547,3184,32122,3368,4657,5625,5276,1545,5081,6333,8930,8515,3576,9462,9824,9446,3782,6159,5279,7744,15221,7434,9050,18195,18031,18139,17722,18643,15615,18972,21392,23491,6612,16729,24181,24487,20110,10601,26063,24500,23452,23453,24425,25890,23768
0	455	33073	23070,1547,3184,32122,3368,4657,5625,5276,1545,5081,6333,8930,8515,3576,9462,9824,9446,3782,6159,5279,7744,15221,7434,9050,18195,18031,18139,17722,18643,15615,18972,21392,23491,6612,16729,24181,24487,20110,10601,26063,24500,23452,23453,24425,25890,23768
0	455	31145	23070,1547,3184,32122,3368,4657,5625,5276,1545,5081,6333,8930,8515,3576,9462,9824,9446,3782,6159,5279,7744,15221,7434,9050,18195,18031,18139,17722,18643,15615,18972,21392,23491,6612,16729,24181,24487,20110,10601,26063,24500,23452,23453,24425,25890,23768
1	455	22571	23070,1547,3184,32122,3368,4657,5625,5276,1545,5081,6333,8930,8515,3576,9462,9824,9446,3782,6159,5279,7744,15221,7434,9050,18195,18031,18139,17722,18643,15615,18972,21392,23491,6612,16729,24181,24487,20110,10601,26063,24500,23452,23453,24425,25890,23768
0	455	23058	23070,1547,3184,32122,3368,4657,5625,5276,1545,5081,6333,8930,8515,3576,9462,9824,9446,3782,6159,5279,7744,15221,7434,9050,18195,18031,18139,17722,18643,15615,18972,21392,23491,6612,16729,24181,24487,20110,10601,26063,24500,23452,23453,24425,25890,23768,22571
1	455	27770	23070,1547,3184,32122,3368,4657,5625,5276,1545,5081,6333,8930,8515,3576,9462,9824,9446,3782,6159,5279,7744,15221,7434,9050,18195,18031,18139,17722,18643,15615,18972,21392,23491,6612,16729,24181,24487,20110,10601,26063,24500,23452,23453,24425,25890,23768,22571
0	455	14974	23070,1547,3184,32122,3368,4657,5625,5276,1545,5081,6333,8930,8515,3576,9462,9824,9446,3782,6159,5279,7744,15221,7434,9050,18195,18031,18139,17722,18643,15615,18972,21392,23491,6612,16729,24181,24487,20110,10601,26063,24500,23452,23453,24425,25890,23768,22571,27770
0	455	21017	23070,1547,3184,32122,3368,4657,5625,5276,1545,5081,6333,8930,8515,3576,9462,9824,9446,3782,6159,5279,7744,15221,7434,9050,18195,18031,18139,17722,18643,15615,18972,21392,23491,6612,16729,24181,24487,20110,10601,26063,24500,23452,23453,24425,25890,23768,22571,27770
1	455	27535	23070,1547,3184,32122,3368,4657,5625,5276,1545,5081,6333,8930,8515,3576,9462,9824,9446,3782,6159,5279,7744,15221,7434,9050,18195,18031,18139,17722,18643,15615,18972,21392,23491,6612,16729,24181,24487,20110,10601,26063,24500,23452,23453,24425,25890,23768,22571,27770
0	455	27579	23070,1547,3184,32122,3368,4657,5625,5276,1545,5081,6333,8930,8515,3576,9462,9824,9446,3782,6159,5279,7744,15221,7434,9050,18195,18031,18139,17722,18643,15615,18972,21392,23491,6612,16729,24181,24487,20110,10601,26063,24500,23452,23453,24425,25890,23768,22571,27770,27535
0	455	26976	23070,1547,3184,32122,3368,4657,5625,5276,1545,5081,6333,8930,8515,3576,9462,9824,9446,3782,6159,5279,7744,15221,7434,9050,18195,18031,18139,17722,18643,15615,18972,21392,23491,6612,16729,24181,24487,20110,10601,26063,24500,23452,23453,24425,25890,23768,22571,27770,27535
1	455	27625	23070,1547,3184,32122,3368,4657,5625,5276,1545,5081,6333,8930,8515,3576,9462,9824,9446,3782,6159,5279,7744,15221,7434,9050,18195,18031,18139,17722,18643,15615,18972,21392,23491,6612,16729,24181,24487,20110,10601,26063,24500,23452,23453,24425,25890,23768,22571,27770,27535
0	455	27423	23070,1547,3184,32122,3368,4657,5625,5276,1545,5081,6333,8930,8515,3576,9462,9824,9446,3782,6159,5279,7744,15221,7434,9050,18195,18031,18139,17722,18643,15615,18972,21392,23491,6612,16729,24181,24487,20110,10601,26063,24500,23452,23453,24425,25890,23768,22571,27770,27535,27625
0	455	19338	23070,1547,3184,32122,3368,4657,5625,5276,1545,5081,6333,8930,8515,3576,9462,9824,9446,3782,6159,5279,7744,15221,7434,9050,18195,18031,18139,17722,18643,15615,18972,21392,23491,6612,16729,24181,24487,20110,10601,26063,24500,23452,23453,24425,25890,23768,22571,27770,27535,27625
1	455	22561	23070,1547,3184,32122,3368,4657,5625,5276,1545,5081,6333,8930,8515,3576,9462,9824,9446,3782,6159,5279,7744,15221,7434,9050,18195,18031,18139,17722,18643,15615,18972,21392,23491,6612,16729,24181,24487,20110,10601,26063,24500,23452,23453,24425,25890,23768,22571,27770,27535,27625
0	455	28208	23070,1547,3184,32122,3368,4657,5625,5276,1545,5081,6333,8930,8515,3576,9462,9824,9446,3782,6159,5279,7744,15221,7434,9050,18195,18031,18139,17722,18643,15615,18972,21392,23491,6612,16729,24181,24487,20110,10601,26063,24500,23452,23453,24425,25890,23768,22571,27770,27535,27625,22561
0	455	27624	23070,1547,3184,32122,3368,4657,5625,5276,1545,5081,6333,8930,8515,3576,9462,9824,9446,3782,6159,5279,7744,15221,7434,9050,18195,18031,18139,17722,18643,15615,18972,21392,23491,6612,16729,24181,24487,20110,10601,26063,24500,23452,23453,24425,25890,23768,22571,27770,27535,27625,22561
0	455	24725	23070,1547,3184,32122,3368,4657,5625,5276,1545,5081,6333,8930,8515,3576,9462,9824,9446,3782,6159,5279,7744,15221,7434,9050,18195,18031,18139,17722,18643,15615,18972,21392,23491,6612,16729,24181,24487,20110,10601,26063,24500,23452,23453,24425,25890,23768,22571,27770,27535,27625,22561
0	455	1983	23070,1547,3184,32122,3368,4657,5625,5276,1545,5081,6333,8930,8515,3576,9462,9824,9446,3782,6159,5279,7744,15221,7434,9050,18195,18031,18139,17722,18643,15615,18972,21392,23491,6612,16729,24181,24487,20110,10601,26063,24500,23452,23453,24425,25890,23768,22571,27770,27535,27625,22561
0	455	19624	23070,1547,3184,32122,3368,4657,5625,5276,1545,5081,6333,8930,8515,3576,9462,9824,9446,3782,6159,5279,7744,15221,7434,9050,18195,18031,18139,17722,18643,15615,18972,21392,23491,6612,16729,24181,24487,20110,10601,26063,24500,23452,23453,24425,25890,23768,22571,27770,27535,27625,22561
0	455	23711	23070,1547,3184,32122,3368,4657,5625,5276,1545,5081,6333,8930,8515,3576,9462,9824,9446,3782,6159,5279,7744,15221,7434,9050,18195,18031,18139,17722,18643,15615,18972,21392,23491,6612,16729,24181,24487,20110,10601,26063,24500,23452,23453,24425,25890,23768,22571,27770,27535,27625,22561
0	455	28488	23070,1547,3184,32122,3368,4657,5625,5276,1545,5081,6333,8930,8515,3576,9462,9824,9446,3782,6159,5279,7744,15221,7434,9050,18195,18031,18139,17722,18643,15615,18972,21392,23491,6612,16729,24181,24487,20110,10601,26063,24500,23452,23453,24425,25890,23768,22571,27770,27535,27625,22561
0	455	28879	23070,1547,3184,32122,3368,4657,5625,5276,1545,5081,6333,8930,8515,3576,9462,9824,9446,3782,6159,5279,7744,15221,7434,9050,18195,18031,18139,17722,18643,15615,18972,21392,23491,6612,16729,24181,24487,20110,10601,26063,24500,23452,23453,24425,25890,23768,22571,27770,27535,27625,22561
0	455	26451	23070,1547,3184,32122,3368,4657,5625,5276,1545,5081,6333,8930,8515,3576,9462,9824,9446,3782,6159,5279,7744,15221,7434,9050,18195,18031,18139,17722,18643,15615,18972,21392,23491,6612,16729,24181,24487,20110,10601,26063,24500,23452,23453,24425,25890,23768,22571,27770,27535,27625,22561
1	455	28649	23070,1547,3184,32122,3368,4657,5625,5276,1545,5081,6333,8930,8515,3576,9462,9824,9446,3782,6159,5279,7744,15221,7434,9050,18195,18031,18139,17722,18643,15615,18972,21392,23491,6612,16729,24181,24487,20110,10601,26063,24500,23452,23453,24425,25890,23768,22571,27770,27535,27625,22561
1	455	28902	23070,1547,3184,32122,3368,4657,5625,5276,1545,5081,6333,8930,8515,3576,9462,9824,9446,3782,6159,5279,7744,15221,7434,9050,18195,18031,18139,17722,18643,15615,18972,21392,23491,6612,16729,24181,24487,20110,10601,26063,24500,23452,23453,24425,25890,23768,22571,27770,27535,27625,22561,28649
1	455	28594	23070,1547,3184,32122,3368,4657,5625,5276,1545,5081,6333,8930,8515,3576,9462,9824,9446,3782,6159,5279,7744,15221,7434,9050,18195,18031,18139,17722,18643,15615,18972,21392,23491,6612,16729,24181,24487,20110,10601,26063,24500,23452,23453,24425,25890,23768,22571,27770,27535,27625,22561,28649,28902
0	455	21954	23070,1547,3184,32122,3368,4657,5625,5276,1545,5081,6333,8930,8515,3576,9462,9824,9446,3782,6159,5279,7744,15221,7434,9050,18195,18031,18139,17722,18643,15615,18972,21392,23491,6612,16729,24181,24487,20110,10601,26063,24500,23452,23453,24425,25890,23768,22571,27770,27535,27625,22561,28649,28902,28594
1	455	29108	23070,1547,3184,32122,3368,4657,5625,5276,1545,5081,6333,8930,8515,3576,9462,9824,9446,3782,6159,5279,7744,15221,7434,9050,18195,18031,18139,17722,18643,15615,18972,21392,23491,6612,16729,24181,24487,20110,10601,26063,24500,23452,23453,24425,25890,23768,22571,27770,27535,27625,22561,28649,28902,28594
0	455	15646	23070,1547,3184,32122,3368,4657,5625,5276,1545,5081,6333,8930,8515,3576,9462,9824,9446,3782,6159,5279,7744,15221,7434,9050,18195,18031,18139,17722,18643,15615,18972,21392,23491,6612,16729,24181,24487,20110,10601,26063,24500,23452,23453,24425,25890,23768,22571,27770,27535,27625,22561,28649,28902,28594,29108
0	455	29692	23070,1547,3184,32122,3368,4657,5625,5276,1545,5081,6333,8930,8515,3576,9462,9824,9446,3782,6159,5279,7744,15221,7434,9050,18195,18031,18139,17722,18643,15615,18972,21392,23491,6612,16729,24181,24487,20110,10601,26063,24500,23452,23453,24425,25890,23768,22571,27770,27535,27625,22561,28649,28902,28594,29108
