1	1261	14858	0
0	1261	22921	14858
0	1261	23930	14858
0	1261	31987	14858
1	1261	31056	14858
1	1261	16385	14858,31056
0	1261	31686	14858,31056,16385
1	1261	32426	14858,31056,16385
0	1261	32837	14858,31056,16385,32426
1	1261	335	14858,31056,16385,32426
0	1261	32596	14858,31056,16385,32426,335
1	1261	32807	14858,31056,16385,32426,335
0	1261	4495	14858,31056,16385,32426,335,32807
1	1261	32581	14858,31056,16385,32426,335,32807
1	1261	3725	14858,31056,16385,32426,335,32807,32581
0	1261	348	14858,31056,16385,32426,335,32807,32581,3725
1	1261	32034	14858,31056,16385,32426,335,32807,32581,3725
1	1261	31713	14858,31056,16385,32426,335,32807,32581,3725,32034
0	1261	6089	14858,31056,16385,32426,335,32807,32581,3725,32034,31713
0	1261	6501	14858,31056,16385,32426,335,32807,32581,3725,32034,31713
0	1261	7041	14858,31056,16385,32426,335,32807,32581,3725,32034,31713
1	1261	6568	14858,31056,16385,32426,335,32807,32581,3725,32034,31713
0	1261	6772	14858,31056,16385,32426,335,32807,32581,3725,32034,31713,6568
0	1261	6994	14858,31056,16385,32426,335,32807,32581,3725,32034,31713,6568
1	1261	9255	14858,31056,16385,32426,335,32807,32581,3725,32034,31713,6568
1	1261	293	14858,31056,16385,32426,335,32807,32581,3725,32034,31713,6568,9255
1	1261	10772	14858,31056,16385,32426,335,32807,32581,3725,32034,31713,6568,9255,293
1	1261	5237	14858,31056,16385,32426,335,32807,32581,3725,32034,31713,6568,9255,293,10772
1	1261	12522	14858,31056,16385,32426,335,32807,32581,3725,32034,31713,6568,9255,293,10772,5237
0	1261	16460	14858,31056,16385,32426,335,32807,32581,3725,32034,31713,6568,9255,293,10772,5237,12522
1	1261	16178	14858,31056,16385,32426,335,32807,32581,3725,32034,31713,6568,9255,293,10772,5237,12522
1	1261	12128	14858,31056,16385,32426,335,32807,32581,3725,32034,31713,6568,9255,293,10772,5237,12522,16178
0	1261	18932	14858,31056,16385,32426,335,32807,32581,3725,32034,31713,6568,9255,293,10772,5237,12522,16178,12128
0	1261	10763	14858,31056,16385,32426,335,32807,32581,3725,32034,31713,6568,9255,293,10772,5237,12522,16178,12128
0	1261	20603	14858,31056,16385,32426,335,32807,32581,3725,32034,31713,6568,9255,293,10772,5237,12522,16178,12128
0	1261	19931	14858,31056,16385,32426,335,32807,32581,3725,32034,31713,6568,9255,293,10772,5237,12522,16178,12128
1	1261	9560	14858,31056,16385,32426,335,32807,32581,3725,32034,31713,6568,9255,293,10772,5237,12522,16178,12128
0	1261	19600	14858,31056,16385,32426,335,32807,32581,3725,32034,31713,6568,9255,293,10772,5237,12522,16178,12128,9560
1	1261	20351	14858,31056,16385,32426,335,32807,32581,3725,32034,31713,6568,9255,293,10772,5237,12522,16178,12128,9560
1	1261	14073	14858,31056,16385,32426,335,32807,32581,3725,32034,31713,6568,9255,293,10772,5237,12522,16178,12128,9560,20351
0	1261	21851	14858,31056,16385,32426,335,32807,32581,3725,32034,31713,6568,9255,293,10772,5237,12522,16178,12128,9560,20351,14073
0	1261	23766	14858,31056,16385,32426,335,32807,32581,3725,32034,31713,6568,9255,293,10772,5237,12522,16178,12128,9560,20351,14073
0	1261	22783	14858,31056,16385,32426,335,32807,32581,3725,32034,31713,6568,9255,293,10772,5237,12522,16178,12128,9560,20351,14073
1	1261	25036	14858,31056,16385,32426,335,32807,32581,3725,32034,31713,6568,9255,293,10772,5237,12522,16178,12128,9560,20351,14073
1	1261	23768	14858,31056,16385,32426,335,32807,32581,3725,32034,31713,6568,9255,293,10772,5237,12522,16178,12128,9560,20351,14073,25036
1	1261	26539	14858,31056,16385,32426,335,32807,32581,3725,32034,31713,6568,9255,293,10772,5237,12522,16178,12128,9560,20351,14073,25036,23768
0	1261	25419	14858,31056,16385,32426,335,32807,32581,3725,32034,31713,6568,9255,293,10772,5237,12522,16178,12128,9560,20351,14073,25036,23768,26539
0	1261	23760	14858,31056,16385,32426,335,32807,32581,3725,32034,31713,6568,9255,293,10772,5237,12522,16178,12128,9560,20351,14073,25036,23768,26539
0	1261	26803	14858,31056,16385,32426,335,32807,32581,3725,32034,31713,6568,9255,293,10772,5237,12522,16178,12128,9560,20351,14073,25036,23768,26539
1	1261	28555	14858,31056,16385,32426,335,32807,32581,3725,32034,31713,6568,9255,293,10772,5237,12522,16178,12128,9560,20351,14073,25036,23768,26539
1	1261	28341	14858,31056,16385,32426,335,32807,32581,3725,32034,31713,6568,9255,293,10772,5237,12522,16178,12128,9560,20351,14073,25036,23768,26539,28555
0	1261	28004	14858,31056,16385,32426,335,32807,32581,3725,32034,31713,6568,9255,293,10772,5237,12522,16178,12128,9560,20351,14073,25036,23768,26539,28555,28341
1	1261	29422	14858,31056,16385,32426,335,32807,32581,3725,32034,31713,6568,9255,293,10772,5237,12522,16178,12128,9560,20351,14073,25036,23768,26539,28555,28341
