1	952	19776	0
1	952	31063	19776
1	952	212	19776,31063
1	952	944	19776,31063,212
1	952	3160	19776,31063,212,944
1	952	5149	19776,31063,212,944,3160
1	952	6743	19776,31063,212,944,3160,5149
1	952	9474	19776,31063,212,944,3160,5149,6743
1	952	9564	19776,31063,212,944,3160,5149,6743,9474
1	952	9968	19776,31063,212,944,3160,5149,6743,9474,9564
0	952	11237	19776,31063,212,944,3160,5149,6743,9474,9564,9968
1	952	11377	19776,31063,212,944,3160,5149,6743,9474,9564,9968
1	952	11866	19776,31063,212,944,3160,5149,6743,9474,9564,9968,11377
1	952	12993	19776,31063,212,944,3160,5149,6743,9474,9564,9968,11377,11866
1	952	13831	19776,31063,212,944,3160,5149,6743,9474,9564,9968,11377,11866,12993
1	952	14064	19776,31063,212,944,3160,5149,6743,9474,9564,9968,11377,11866,12993,13831
1	952	14684	19776,31063,212,944,3160,5149,6743,9474,9564,9968,11377,11866,12993,13831,14064
1	952	15574	19776,31063,212,944,3160,5149,6743,9474,9564,9968,11377,11866,12993,13831,14064,14684
1	952	15748	19776,31063,212,944,3160,5149,6743,9474,9564,9968,11377,11866,12993,13831,14064,14684,15574
0	952	15840	19776,31063,212,944,3160,5149,6743,9474,9564,9968,11377,11866,12993,13831,14064,14684,15574,15748
1	952	16594	19776,31063,212,944,3160,5149,6743,9474,9564,9968,11377,11866,12993,13831,14064,14684,15574,15748
1	952	17293	19776,31063,212,944,3160,5149,6743,9474,9564,9968,11377,11866,12993,13831,14064,14684,15574,15748,16594
1	952	18048	19776,31063,212,944,3160,5149,6743,9474,9564,9968,11377,11866,12993,13831,14064,14684,15574,15748,16594,17293
0	952	19336	19776,31063,212,944,3160,5149,6743,9474,9564,9968,11377,11866,12993,13831,14064,14684,15574,15748,16594,17293,18048
1	952	20494	19776,31063,212,944,3160,5149,6743,9474,9564,9968,11377,11866,12993,13831,14064,14684,15574,15748,16594,17293,18048
0	952	21039	19776,31063,212,944,3160,5149,6743,9474,9564,9968,11377,11866,12993,13831,14064,14684,15574,15748,16594,17293,18048,20494
1	952	21773	19776,31063,212,944,3160,5149,6743,9474,9564,9968,11377,11866,12993,13831,14064,14684,15574,15748,16594,17293,18048,20494
1	952	21776	19776,31063,212,944,3160,5149,6743,9474,9564,9968,11377,11866,12993,13831,14064,14684,15574,15748,16594,17293,18048,20494,21773
1	952	21830	19776,31063,212,944,3160,5149,6743,9474,9564,9968,11377,11866,12993,13831,14064,14684,15574,15748,16594,17293,18048,20494,21773,21776
1	952	23143	19776,31063,212,944,3160,5149,6743,9474,9564,9968,11377,11866,12993,13831,14064,14684,15574,15748,16594,17293,18048,20494,21773,21776,21830
1	952	10123	19776,31063,212,944,3160,5149,6743,9474,9564,9968,11377,11866,12993,13831,14064,14684,15574,15748,16594,17293,18048,20494,21773,21776,21830,23143
1	952	5374	19776,31063,212,944,3160,5149,6743,9474,9564,9968,11377,11866,12993,13831,14064,14684,15574,15748,16594,17293,18048,20494,21773,21776,21830,23143,10123
1	952	23471	19776,31063,212,944,3160,5149,6743,9474,9564,9968,11377,11866,12993,13831,14064,14684,15574,15748,16594,17293,18048,20494,21773,21776,21830,23143,10123,5374
0	952	30055	19776,31063,212,944,3160,5149,6743,9474,9564,9968,11377,11866,12993,13831,14064,14684,15574,15748,16594,17293,18048,20494,21773,21776,21830,23143,10123,5374,23471
1	952	30790	19776,31063,212,944,3160,5149,6743,9474,9564,9968,11377,11866,12993,13831,14064,14684,15574,15748,16594,17293,18048,20494,21773,21776,21830,23143,10123,5374,23471
1	952	1737	19776,31063,212,944,3160,5149,6743,9474,9564,9968,11377,11866,12993,13831,14064,14684,15574,15748,16594,17293,18048,20494,21773,21776,21830,23143,10123,5374,23471,30790
1	952	2285	19776,31063,212,944,3160,5149,6743,9474,9564,9968,11377,11866,12993,13831,14064,14684,15574,15748,16594,17293,18048,20494,21773,21776,21830,23143,10123,5374,23471,30790,1737
1	952	6298	19776,31063,212,944,3160,5149,6743,9474,9564,9968,11377,11866,12993,13831,14064,14684,15574,15748,16594,17293,18048,20494,21773,21776,21830,23143,10123,5374,23471,30790,1737,2285
1	952	7073	19776,31063,212,944,3160,5149,6743,9474,9564,9968,11377,11866,12993,13831,14064,14684,15574,15748,16594,17293,18048,20494,21773,21776,21830,23143,10123,5374,23471,30790,1737,2285,6298
1	952	7493	19776,31063,212,944,3160,5149,6743,9474,9564,9968,11377,11866,12993,13831,14064,14684,15574,15748,16594,17293,18048,20494,21773,21776,21830,23143,10123,5374,23471,30790,1737,2285,6298,7073
0	952	8479	19776,31063,212,944,3160,5149,6743,9474,9564,9968,11377,11866,12993,13831,14064,14684,15574,15748,16594,17293,18048,20494,21773,21776,21830,23143,10123,5374,23471,30790,1737,2285,6298,7073,7493
1	952	8501	19776,31063,212,944,3160,5149,6743,9474,9564,9968,11377,11866,12993,13831,14064,14684,15574,15748,16594,17293,18048,20494,21773,21776,21830,23143,10123,5374,23471,30790,1737,2285,6298,7073,7493
1	952	9021	19776,31063,212,944,3160,5149,6743,9474,9564,9968,11377,11866,12993,13831,14064,14684,15574,15748,16594,17293,18048,20494,21773,21776,21830,23143,10123,5374,23471,30790,1737,2285,6298,7073,7493,8501
1	952	10570	19776,31063,212,944,3160,5149,6743,9474,9564,9968,11377,11866,12993,13831,14064,14684,15574,15748,16594,17293,18048,20494,21773,21776,21830,23143,10123,5374,23471,30790,1737,2285,6298,7073,7493,8501,9021
1	952	12248	19776,31063,212,944,3160,5149,6743,9474,9564,9968,11377,11866,12993,13831,14064,14684,15574,15748,16594,17293,18048,20494,21773,21776,21830,23143,10123,5374,23471,30790,1737,2285,6298,7073,7493,8501,9021,10570
1	952	12650	19776,31063,212,944,3160,5149,6743,9474,9564,9968,11377,11866,12993,13831,14064,14684,15574,15748,16594,17293,18048,20494,21773,21776,21830,23143,10123,5374,23471,30790,1737,2285,6298,7073,7493,8501,9021,10570,12248
1	952	12943	19776,31063,212,944,3160,5149,6743,9474,9564,9968,11377,11866,12993,13831,14064,14684,15574,15748,16594,17293,18048,20494,21773,21776,21830,23143,10123,5374,23471,30790,1737,2285,6298,7073,7493,8501,9021,10570,12248,12650
1	952	13497	19776,31063,212,944,3160,5149,6743,9474,9564,9968,11377,11866,12993,13831,14064,14684,15574,15748,16594,17293,18048,20494,21773,21776,21830,23143,10123,5374,23471,30790,1737,2285,6298,7073,7493,8501,9021,10570,12248,12650,12943
1	952	14078	19776,31063,212,944,3160,5149,6743,9474,9564,9968,11377,11866,12993,13831,14064,14684,15574,15748,16594,17293,18048,20494,21773,21776,21830,23143,10123,5374,23471,30790,1737,2285,6298,7073,7493,8501,9021,10570,12248,12650,12943,13497
1	952	14866	19776,31063,212,944,3160,5149,6743,9474,9564,9968,11377,11866,12993,13831,14064,14684,15574,15748,16594,17293,18048,20494,21773,21776,21830,23143,10123,5374,23471,30790,1737,2285,6298,7073,7493,8501,9021,10570,12248,12650,12943,13497,14078
1	952	19713	19776,31063,212,944,3160,5149,6743,9474,9564,9968,11377,11866,12993,13831,14064,14684,15574,15748,16594,17293,18048,20494,21773,21776,21830,23143,10123,5374,23471,30790,1737,2285,6298,7073,7493,8501,9021,10570,12248,12650,12943,13497,14078,14866
1	952	17131	19776,31063,212,944,3160,5149,6743,9474,9564,9968,11377,11866,12993,13831,14064,14684,15574,15748,16594,17293,18048,20494,21773,21776,21830,23143,10123,5374,23471,30790,1737,2285,6298,7073,7493,8501,9021,10570,12248,12650,12943,13497,14078,14866,19713
1	952	22469	19776,31063,212,944,3160,5149,6743,9474,9564,9968,11377,11866,12993,13831,14064,14684,15574,15748,16594,17293,18048,20494,21773,21776,21830,23143,10123,5374,23471,30790,1737,2285,6298,7073,7493,8501,9021,10570,12248,12650,12943,13497,14078,14866,19713,17131
1	952	9617	19776,31063,212,944,3160,5149,6743,9474,9564,9968,11377,11866,12993,13831,14064,14684,15574,15748,16594,17293,18048,20494,21773,21776,21830,23143,10123,5374,23471,30790,1737,2285,6298,7073,7493,8501,9021,10570,12248,12650,12943,13497,14078,14866,19713,17131,22469
1	952	15629	19776,31063,212,944,3160,5149,6743,9474,9564,9968,11377,11866,12993,13831,14064,14684,15574,15748,16594,17293,18048,20494,21773,21776,21830,23143,10123,5374,23471,30790,1737,2285,6298,7073,7493,8501,9021,10570,12248,12650,12943,13497,14078,14866,19713,17131,22469,9617
0	952	22856	19776,31063,212,944,3160,5149,6743,9474,9564,9968,11377,11866,12993,13831,14064,14684,15574,15748,16594,17293,18048,20494,21773,21776,21830,23143,10123,5374,23471,30790,1737,2285,6298,7073,7493,8501,9021,10570,12248,12650,12943,13497,14078,14866,19713,17131,22469,9617,15629
1	952	28915	19776,31063,212,944,3160,5149,6743,9474,9564,9968,11377,11866,12993,13831,14064,14684,15574,15748,16594,17293,18048,20494,21773,21776,21830,23143,10123,5374,23471,30790,1737,2285,6298,7073,7493,8501,9021,10570,12248,12650,12943,13497,14078,14866,19713,17131,22469,9617,15629
1	952	10149	19776,31063,212,944,3160,5149,6743,9474,9564,9968,11377,11866,12993,13831,14064,14684,15574,15748,16594,17293,18048,20494,21773,21776,21830,23143,10123,5374,23471,30790,1737,2285,6298,7073,7493,8501,9021,10570,12248,12650,12943,13497,14078,14866,19713,17131,22469,9617,15629,28915
1	952	19220	19776,31063,212,944,3160,5149,6743,9474,9564,9968,11377,11866,12993,13831,14064,14684,15574,15748,16594,17293,18048,20494,21773,21776,21830,23143,10123,5374,23471,30790,1737,2285,6298,7073,7493,8501,9021,10570,12248,12650,12943,13497,14078,14866,19713,17131,22469,9617,15629,28915,10149
1	952	11175	19776,31063,212,944,3160,5149,6743,9474,9564,9968,11377,11866,12993,13831,14064,14684,15574,15748,16594,17293,18048,20494,21773,21776,21830,23143,10123,5374,23471,30790,1737,2285,6298,7073,7493,8501,9021,10570,12248,12650,12943,13497,14078,14866,19713,17131,22469,9617,15629,28915,10149,19220
1	952	16734	19776,31063,212,944,3160,5149,6743,9474,9564,9968,11377,11866,12993,13831,14064,14684,15574,15748,16594,17293,18048,20494,21773,21776,21830,23143,10123,5374,23471,30790,1737,2285,6298,7073,7493,8501,9021,10570,12248,12650,12943,13497,14078,14866,19713,17131,22469,9617,15629,28915,10149,19220,11175
1	952	19185	19776,31063,212,944,3160,5149,6743,9474,9564,9968,11377,11866,12993,13831,14064,14684,15574,15748,16594,17293,18048,20494,21773,21776,21830,23143,10123,5374,23471,30790,1737,2285,6298,7073,7493,8501,9021,10570,12248,12650,12943,13497,14078,14866,19713,17131,22469,9617,15629,28915,10149,19220,11175,16734
1	952	23513	19776,31063,212,944,3160,5149,6743,9474,9564,9968,11377,11866,12993,13831,14064,14684,15574,15748,16594,17293,18048,20494,21773,21776,21830,23143,10123,5374,23471,30790,1737,2285,6298,7073,7493,8501,9021,10570,12248,12650,12943,13497,14078,14866,19713,17131,22469,9617,15629,28915,10149,19220,11175,16734,19185
1	952	24495	19776,31063,212,944,3160,5149,6743,9474,9564,9968,11377,11866,12993,13831,14064,14684,15574,15748,16594,17293,18048,20494,21773,21776,21830,23143,10123,5374,23471,30790,1737,2285,6298,7073,7493,8501,9021,10570,12248,12650,12943,13497,14078,14866,19713,17131,22469,9617,15629,28915,10149,19220,11175,16734,19185,23513
1	952	25988	19776,31063,212,944,3160,5149,6743,9474,9564,9968,11377,11866,12993,13831,14064,14684,15574,15748,16594,17293,18048,20494,21773,21776,21830,23143,10123,5374,23471,30790,1737,2285,6298,7073,7493,8501,9021,10570,12248,12650,12943,13497,14078,14866,19713,17131,22469,9617,15629,28915,10149,19220,11175,16734,19185,23513,24495
1	952	6733	19776,31063,212,944,3160,5149,6743,9474,9564,9968,11377,11866,12993,13831,14064,14684,15574,15748,16594,17293,18048,20494,21773,21776,21830,23143,10123,5374,23471,30790,1737,2285,6298,7073,7493,8501,9021,10570,12248,12650,12943,13497,14078,14866,19713,17131,22469,9617,15629,28915,10149,19220,11175,16734,19185,23513,24495,25988
1	952	30107	19776,31063,212,944,3160,5149,6743,9474,9564,9968,11377,11866,12993,13831,14064,14684,15574,15748,16594,17293,18048,20494,21773,21776,21830,23143,10123,5374,23471,30790,1737,2285,6298,7073,7493,8501,9021,10570,12248,12650,12943,13497,14078,14866,19713,17131,22469,9617,15629,28915,10149,19220,11175,16734,19185,23513,24495,25988,6733
1	952	1122	19776,31063,212,944,3160,5149,6743,9474,9564,9968,11377,11866,12993,13831,14064,14684,15574,15748,16594,17293,18048,20494,21773,21776,21830,23143,10123,5374,23471,30790,1737,2285,6298,7073,7493,8501,9021,10570,12248,12650,12943,13497,14078,14866,19713,17131,22469,9617,15629,28915,10149,19220,11175,16734,19185,23513,24495,25988,6733,30107
1	952	2323	19776,31063,212,944,3160,5149,6743,9474,9564,9968,11377,11866,12993,13831,14064,14684,15574,15748,16594,17293,18048,20494,21773,21776,21830,23143,10123,5374,23471,30790,1737,2285,6298,7073,7493,8501,9021,10570,12248,12650,12943,13497,14078,14866,19713,17131,22469,9617,15629,28915,10149,19220,11175,16734,19185,23513,24495,25988,6733,30107,1122
1	952	3555	19776,31063,212,944,3160,5149,6743,9474,9564,9968,11377,11866,12993,13831,14064,14684,15574,15748,16594,17293,18048,20494,21773,21776,21830,23143,10123,5374,23471,30790,1737,2285,6298,7073,7493,8501,9021,10570,12248,12650,12943,13497,14078,14866,19713,17131,22469,9617,15629,28915,10149,19220,11175,16734,19185,23513,24495,25988,6733,30107,1122,2323
1	952	4780	19776,31063,212,944,3160,5149,6743,9474,9564,9968,11377,11866,12993,13831,14064,14684,15574,15748,16594,17293,18048,20494,21773,21776,21830,23143,10123,5374,23471,30790,1737,2285,6298,7073,7493,8501,9021,10570,12248,12650,12943,13497,14078,14866,19713,17131,22469,9617,15629,28915,10149,19220,11175,16734,19185,23513,24495,25988,6733,30107,1122,2323,3555
1	952	6225	19776,31063,212,944,3160,5149,6743,9474,9564,9968,11377,11866,12993,13831,14064,14684,15574,15748,16594,17293,18048,20494,21773,21776,21830,23143,10123,5374,23471,30790,1737,2285,6298,7073,7493,8501,9021,10570,12248,12650,12943,13497,14078,14866,19713,17131,22469,9617,15629,28915,10149,19220,11175,16734,19185,23513,24495,25988,6733,30107,1122,2323,3555,4780
1	952	9082	19776,31063,212,944,3160,5149,6743,9474,9564,9968,11377,11866,12993,13831,14064,14684,15574,15748,16594,17293,18048,20494,21773,21776,21830,23143,10123,5374,23471,30790,1737,2285,6298,7073,7493,8501,9021,10570,12248,12650,12943,13497,14078,14866,19713,17131,22469,9617,15629,28915,10149,19220,11175,16734,19185,23513,24495,25988,6733,30107,1122,2323,3555,4780,6225
1	952	10614	19776,31063,212,944,3160,5149,6743,9474,9564,9968,11377,11866,12993,13831,14064,14684,15574,15748,16594,17293,18048,20494,21773,21776,21830,23143,10123,5374,23471,30790,1737,2285,6298,7073,7493,8501,9021,10570,12248,12650,12943,13497,14078,14866,19713,17131,22469,9617,15629,28915,10149,19220,11175,16734,19185,23513,24495,25988,6733,30107,1122,2323,3555,4780,6225,9082
1	952	11869	19776,31063,212,944,3160,5149,6743,9474,9564,9968,11377,11866,12993,13831,14064,14684,15574,15748,16594,17293,18048,20494,21773,21776,21830,23143,10123,5374,23471,30790,1737,2285,6298,7073,7493,8501,9021,10570,12248,12650,12943,13497,14078,14866,19713,17131,22469,9617,15629,28915,10149,19220,11175,16734,19185,23513,24495,25988,6733,30107,1122,2323,3555,4780,6225,9082,10614
1	952	14969	19776,31063,212,944,3160,5149,6743,9474,9564,9968,11377,11866,12993,13831,14064,14684,15574,15748,16594,17293,18048,20494,21773,21776,21830,23143,10123,5374,23471,30790,1737,2285,6298,7073,7493,8501,9021,10570,12248,12650,12943,13497,14078,14866,19713,17131,22469,9617,15629,28915,10149,19220,11175,16734,19185,23513,24495,25988,6733,30107,1122,2323,3555,4780,6225,9082,10614,11869
1	952	16174	19776,31063,212,944,3160,5149,6743,9474,9564,9968,11377,11866,12993,13831,14064,14684,15574,15748,16594,17293,18048,20494,21773,21776,21830,23143,10123,5374,23471,30790,1737,2285,6298,7073,7493,8501,9021,10570,12248,12650,12943,13497,14078,14866,19713,17131,22469,9617,15629,28915,10149,19220,11175,16734,19185,23513,24495,25988,6733,30107,1122,2323,3555,4780,6225,9082,10614,11869,14969
1	952	16267	19776,31063,212,944,3160,5149,6743,9474,9564,9968,11377,11866,12993,13831,14064,14684,15574,15748,16594,17293,18048,20494,21773,21776,21830,23143,10123,5374,23471,30790,1737,2285,6298,7073,7493,8501,9021,10570,12248,12650,12943,13497,14078,14866,19713,17131,22469,9617,15629,28915,10149,19220,11175,16734,19185,23513,24495,25988,6733,30107,1122,2323,3555,4780,6225,9082,10614,11869,14969,16174
1	952	16299	19776,31063,212,944,3160,5149,6743,9474,9564,9968,11377,11866,12993,13831,14064,14684,15574,15748,16594,17293,18048,20494,21773,21776,21830,23143,10123,5374,23471,30790,1737,2285,6298,7073,7493,8501,9021,10570,12248,12650,12943,13497,14078,14866,19713,17131,22469,9617,15629,28915,10149,19220,11175,16734,19185,23513,24495,25988,6733,30107,1122,2323,3555,4780,6225,9082,10614,11869,14969,16174,16267
1	952	18951	19776,31063,212,944,3160,5149,6743,9474,9564,9968,11377,11866,12993,13831,14064,14684,15574,15748,16594,17293,18048,20494,21773,21776,21830,23143,10123,5374,23471,30790,1737,2285,6298,7073,7493,8501,9021,10570,12248,12650,12943,13497,14078,14866,19713,17131,22469,9617,15629,28915,10149,19220,11175,16734,19185,23513,24495,25988,6733,30107,1122,2323,3555,4780,6225,9082,10614,11869,14969,16174,16267,16299
1	952	20434	19776,31063,212,944,3160,5149,6743,9474,9564,9968,11377,11866,12993,13831,14064,14684,15574,15748,16594,17293,18048,20494,21773,21776,21830,23143,10123,5374,23471,30790,1737,2285,6298,7073,7493,8501,9021,10570,12248,12650,12943,13497,14078,14866,19713,17131,22469,9617,15629,28915,10149,19220,11175,16734,19185,23513,24495,25988,6733,30107,1122,2323,3555,4780,6225,9082,10614,11869,14969,16174,16267,16299,18951
1	952	20770	19776,31063,212,944,3160,5149,6743,9474,9564,9968,11377,11866,12993,13831,14064,14684,15574,15748,16594,17293,18048,20494,21773,21776,21830,23143,10123,5374,23471,30790,1737,2285,6298,7073,7493,8501,9021,10570,12248,12650,12943,13497,14078,14866,19713,17131,22469,9617,15629,28915,10149,19220,11175,16734,19185,23513,24495,25988,6733,30107,1122,2323,3555,4780,6225,9082,10614,11869,14969,16174,16267,16299,18951,20434
1	952	20942	19776,31063,212,944,3160,5149,6743,9474,9564,9968,11377,11866,12993,13831,14064,14684,15574,15748,16594,17293,18048,20494,21773,21776,21830,23143,10123,5374,23471,30790,1737,2285,6298,7073,7493,8501,9021,10570,12248,12650,12943,13497,14078,14866,19713,17131,22469,9617,15629,28915,10149,19220,11175,16734,19185,23513,24495,25988,6733,30107,1122,2323,3555,4780,6225,9082,10614,11869,14969,16174,16267,16299,18951,20434,20770
1	952	20982	19776,31063,212,944,3160,5149,6743,9474,9564,9968,11377,11866,12993,13831,14064,14684,15574,15748,16594,17293,18048,20494,21773,21776,21830,23143,10123,5374,23471,30790,1737,2285,6298,7073,7493,8501,9021,10570,12248,12650,12943,13497,14078,14866,19713,17131,22469,9617,15629,28915,10149,19220,11175,16734,19185,23513,24495,25988,6733,30107,1122,2323,3555,4780,6225,9082,10614,11869,14969,16174,16267,16299,18951,20434,20770,20942
1	952	22621	19776,31063,212,944,3160,5149,6743,9474,9564,9968,11377,11866,12993,13831,14064,14684,15574,15748,16594,17293,18048,20494,21773,21776,21830,23143,10123,5374,23471,30790,1737,2285,6298,7073,7493,8501,9021,10570,12248,12650,12943,13497,14078,14866,19713,17131,22469,9617,15629,28915,10149,19220,11175,16734,19185,23513,24495,25988,6733,30107,1122,2323,3555,4780,6225,9082,10614,11869,14969,16174,16267,16299,18951,20434,20770,20942,20982
1	952	22860	19776,31063,212,944,3160,5149,6743,9474,9564,9968,11377,11866,12993,13831,14064,14684,15574,15748,16594,17293,18048,20494,21773,21776,21830,23143,10123,5374,23471,30790,1737,2285,6298,7073,7493,8501,9021,10570,12248,12650,12943,13497,14078,14866,19713,17131,22469,9617,15629,28915,10149,19220,11175,16734,19185,23513,24495,25988,6733,30107,1122,2323,3555,4780,6225,9082,10614,11869,14969,16174,16267,16299,18951,20434,20770,20942,20982,22621
1	952	22977	19776,31063,212,944,3160,5149,6743,9474,9564,9968,11377,11866,12993,13831,14064,14684,15574,15748,16594,17293,18048,20494,21773,21776,21830,23143,10123,5374,23471,30790,1737,2285,6298,7073,7493,8501,9021,10570,12248,12650,12943,13497,14078,14866,19713,17131,22469,9617,15629,28915,10149,19220,11175,16734,19185,23513,24495,25988,6733,30107,1122,2323,3555,4780,6225,9082,10614,11869,14969,16174,16267,16299,18951,20434,20770,20942,20982,22621,22860
1	952	24557	19776,31063,212,944,3160,5149,6743,9474,9564,9968,11377,11866,12993,13831,14064,14684,15574,15748,16594,17293,18048,20494,21773,21776,21830,23143,10123,5374,23471,30790,1737,2285,6298,7073,7493,8501,9021,10570,12248,12650,12943,13497,14078,14866,19713,17131,22469,9617,15629,28915,10149,19220,11175,16734,19185,23513,24495,25988,6733,30107,1122,2323,3555,4780,6225,9082,10614,11869,14969,16174,16267,16299,18951,20434,20770,20942,20982,22621,22860,22977
1	952	26905	19776,31063,212,944,3160,5149,6743,9474,9564,9968,11377,11866,12993,13831,14064,14684,15574,15748,16594,17293,18048,20494,21773,21776,21830,23143,10123,5374,23471,30790,1737,2285,6298,7073,7493,8501,9021,10570,12248,12650,12943,13497,14078,14866,19713,17131,22469,9617,15629,28915,10149,19220,11175,16734,19185,23513,24495,25988,6733,30107,1122,2323,3555,4780,6225,9082,10614,11869,14969,16174,16267,16299,18951,20434,20770,20942,20982,22621,22860,22977,24557
