0	1558	31419	0
0	1558	887	0
0	1558	24395	0
1	1558	14654	0
1	1558	8375	14654
0	1558	26020	14654,8375
1	1558	32868	14654,8375
1	1558	2368	14654,8375,32868
1	1558	19776	14654,8375,32868,2368
1	1558	32503	14654,8375,32868,2368,19776
1	1558	31381	14654,8375,32868,2368,19776,32503
1	1558	29799	14654,8375,32868,2368,19776,32503,31381
1	1558	30982	14654,8375,32868,2368,19776,32503,31381,29799
1	1558	4215	14654,8375,32868,2368,19776,32503,31381,29799,30982
0	1558	14938	14654,8375,32868,2368,19776,32503,31381,29799,30982,4215
0	1558	32102	14654,8375,32868,2368,19776,32503,31381,29799,30982,4215
1	1558	32103	14654,8375,32868,2368,19776,32503,31381,29799,30982,4215
1	1558	2271	14654,8375,32868,2368,19776,32503,31381,29799,30982,4215,32103
1	1558	3438	14654,8375,32868,2368,19776,32503,31381,29799,30982,4215,32103,2271
1	1558	29079	14654,8375,32868,2368,19776,32503,31381,29799,30982,4215,32103,2271,3438
1	1558	12535	14654,8375,32868,2368,19776,32503,31381,29799,30982,4215,32103,2271,3438,29079
1	1558	31387	14654,8375,32868,2368,19776,32503,31381,29799,30982,4215,32103,2271,3438,29079,12535
0	1558	195	14654,8375,32868,2368,19776,32503,31381,29799,30982,4215,32103,2271,3438,29079,12535,31387
1	1558	6231	14654,8375,32868,2368,19776,32503,31381,29799,30982,4215,32103,2271,3438,29079,12535,31387
1	1558	31383	14654,8375,32868,2368,19776,32503,31381,29799,30982,4215,32103,2271,3438,29079,12535,31387,6231
1	1558	4620	14654,8375,32868,2368,19776,32503,31381,29799,30982,4215,32103,2271,3438,29079,12535,31387,6231,31383
1	1558	4523	14654,8375,32868,2368,19776,32503,31381,29799,30982,4215,32103,2271,3438,29079,12535,31387,6231,31383,4620
0	1558	15908	14654,8375,32868,2368,19776,32503,31381,29799,30982,4215,32103,2271,3438,29079,12535,31387,6231,31383,4620,4523
0	1558	15251	14654,8375,32868,2368,19776,32503,31381,29799,30982,4215,32103,2271,3438,29079,12535,31387,6231,31383,4620,4523
1	1558	18671	14654,8375,32868,2368,19776,32503,31381,29799,30982,4215,32103,2271,3438,29079,12535,31387,6231,31383,4620,4523
0	1558	23156	14654,8375,32868,2368,19776,32503,31381,29799,30982,4215,32103,2271,3438,29079,12535,31387,6231,31383,4620,4523,18671
0	1558	26063	14654,8375,32868,2368,19776,32503,31381,29799,30982,4215,32103,2271,3438,29079,12535,31387,6231,31383,4620,4523,18671
1	1558	10601	14654,8375,32868,2368,19776,32503,31381,29799,30982,4215,32103,2271,3438,29079,12535,31387,6231,31383,4620,4523,18671
0	1558	7134	14654,8375,32868,2368,19776,32503,31381,29799,30982,4215,32103,2271,3438,29079,12535,31387,6231,31383,4620,4523,18671,10601
1	1558	14032	14654,8375,32868,2368,19776,32503,31381,29799,30982,4215,32103,2271,3438,29079,12535,31387,6231,31383,4620,4523,18671,10601
0	1558	21578	14654,8375,32868,2368,19776,32503,31381,29799,30982,4215,32103,2271,3438,29079,12535,31387,6231,31383,4620,4523,18671,10601,14032
0	1558	29311	14654,8375,32868,2368,19776,32503,31381,29799,30982,4215,32103,2271,3438,29079,12535,31387,6231,31383,4620,4523,18671,10601,14032
