0	653	6435	0
0	653	2007	0
1	653	1430	0
0	653	3198	1430
0	653	11847	1430
0	653	6134	1430
0	653	1534	1430
1	653	1168	1430
1	653	3783	1430,1168
0	653	13260	1430,1168,3783
1	653	412	1430,1168,3783
0	653	11894	1430,1168,3783,412
0	653	7146	1430,1168,3783,412
0	653	10777	1430,1168,3783,412
1	653	1623	1430,1168,3783,412
0	653	7490	1430,1168,3783,412,1623
0	653	13449	1430,1168,3783,412,1623
0	653	2364	1430,1168,3783,412,1623
0	653	20643	1430,1168,3783,412,1623
0	653	4780	1430,1168,3783,412,1623
0	653	13214	1430,1168,3783,412,1623
0	653	16425	1430,1168,3783,412,1623
0	653	20728	1430,1168,3783,412,1623
1	653	23783	1430,1168,3783,412,1623
0	653	15602	1430,1168,3783,412,1623,23783
0	653	22474	1430,1168,3783,412,1623,23783
0	653	18077	1430,1168,3783,412,1623,23783
0	653	20584	1430,1168,3783,412,1623,23783
1	653	25207	1430,1168,3783,412,1623,23783
0	653	18974	1430,1168,3783,412,1623,23783,25207
0	653	4052	1430,1168,3783,412,1623,23783,25207
0	653	17131	1430,1168,3783,412,1623,23783,25207
1	653	9474	1430,1168,3783,412,1623,23783,25207
0	653	10914	1430,1168,3783,412,1623,23783,25207,9474
0	653	12587	1430,1168,3783,412,1623,23783,25207,9474
0	653	9567	1430,1168,3783,412,1623,23783,25207,9474
1	653	7900	1430,1168,3783,412,1623,23783,25207,9474
0	653	21587	1430,1168,3783,412,1623,23783,25207,9474,7900
0	653	26162	1430,1168,3783,412,1623,23783,25207,9474,7900
0	653	9920	1430,1168,3783,412,1623,23783,25207,9474,7900
0	653	28589	1430,1168,3783,412,1623,23783,25207,9474,7900
0	653	2128	1430,1168,3783,412,1623,23783,25207,9474,7900
