1	843	684	0
1	843	32853	684
1	843	27983	684,32853
1	843	3855	684,32853,27983
0	843	10759	684,32853,27983,3855
1	843	14693	684,32853,27983,3855
1	843	1478	684,32853,27983,3855,14693
0	843	5281	684,32853,27983,3855,14693,1478
1	843	4177	684,32853,27983,3855,14693,1478
1	843	27780	684,32853,27983,3855,14693,1478,4177
1	843	2947	684,32853,27983,3855,14693,1478,4177,27780
1	843	4708	684,32853,27983,3855,14693,1478,4177,27780,2947
1	843	2920	684,32853,27983,3855,14693,1478,4177,27780,2947,4708
0	843	17833	684,32853,27983,3855,14693,1478,4177,27780,2947,4708,2920
0	843	5577	684,32853,27983,3855,14693,1478,4177,27780,2947,4708,2920
1	843	267	684,32853,27983,3855,14693,1478,4177,27780,2947,4708,2920
0	843	24416	684,32853,27983,3855,14693,1478,4177,27780,2947,4708,2920,267
0	843	24422	684,32853,27983,3855,14693,1478,4177,27780,2947,4708,2920,267
0	843	6171	684,32853,27983,3855,14693,1478,4177,27780,2947,4708,2920,267
1	843	1553	684,32853,27983,3855,14693,1478,4177,27780,2947,4708,2920,267
1	843	2185	684,32853,27983,3855,14693,1478,4177,27780,2947,4708,2920,267,1553
0	843	6502	684,32853,27983,3855,14693,1478,4177,27780,2947,4708,2920,267,1553,2185
0	843	6501	684,32853,27983,3855,14693,1478,4177,27780,2947,4708,2920,267,1553,2185
0	843	6135	684,32853,27983,3855,14693,1478,4177,27780,2947,4708,2920,267,1553,2185
1	843	10812	684,32853,27983,3855,14693,1478,4177,27780,2947,4708,2920,267,1553,2185
1	843	5345	684,32853,27983,3855,14693,1478,4177,27780,2947,4708,2920,267,1553,2185,10812
0	843	6338	684,32853,27983,3855,14693,1478,4177,27780,2947,4708,2920,267,1553,2185,10812,5345
0	843	31465	684,32853,27983,3855,14693,1478,4177,27780,2947,4708,2920,267,1553,2185,10812,5345
1	843	28433	684,32853,27983,3855,14693,1478,4177,27780,2947,4708,2920,267,1553,2185,10812,5345
1	843	7957	684,32853,27983,3855,14693,1478,4177,27780,2947,4708,2920,267,1553,2185,10812,5345,28433
0	843	1871	684,32853,27983,3855,14693,1478,4177,27780,2947,4708,2920,267,1553,2185,10812,5345,28433,7957
0	843	8528	684,32853,27983,3855,14693,1478,4177,27780,2947,4708,2920,267,1553,2185,10812,5345,28433,7957
1	843	3892	684,32853,27983,3855,14693,1478,4177,27780,2947,4708,2920,267,1553,2185,10812,5345,28433,7957
0	843	9407	684,32853,27983,3855,14693,1478,4177,27780,2947,4708,2920,267,1553,2185,10812,5345,28433,7957,3892
0	843	6210	684,32853,27983,3855,14693,1478,4177,27780,2947,4708,2920,267,1553,2185,10812,5345,28433,7957,3892
1	843	1915	684,32853,27983,3855,14693,1478,4177,27780,2947,4708,2920,267,1553,2185,10812,5345,28433,7957,3892
0	843	9725	684,32853,27983,3855,14693,1478,4177,27780,2947,4708,2920,267,1553,2185,10812,5345,28433,7957,3892,1915
0	843	11884	684,32853,27983,3855,14693,1478,4177,27780,2947,4708,2920,267,1553,2185,10812,5345,28433,7957,3892,1915
0	843	11411	684,32853,27983,3855,14693,1478,4177,27780,2947,4708,2920,267,1553,2185,10812,5345,28433,7957,3892,1915
1	843	2859	684,32853,27983,3855,14693,1478,4177,27780,2947,4708,2920,267,1553,2185,10812,5345,28433,7957,3892,1915
0	843	8377	684,32853,27983,3855,14693,1478,4177,27780,2947,4708,2920,267,1553,2185,10812,5345,28433,7957,3892,1915,2859
0	843	9907	684,32853,27983,3855,14693,1478,4177,27780,2947,4708,2920,267,1553,2185,10812,5345,28433,7957,3892,1915,2859
0	843	28636	684,32853,27983,3855,14693,1478,4177,27780,2947,4708,2920,267,1553,2185,10812,5345,28433,7957,3892,1915,2859
0	843	11978	684,32853,27983,3855,14693,1478,4177,27780,2947,4708,2920,267,1553,2185,10812,5345,28433,7957,3892,1915,2859
0	843	10880	684,32853,27983,3855,14693,1478,4177,27780,2947,4708,2920,267,1553,2185,10812,5345,28433,7957,3892,1915,2859
1	843	2864	684,32853,27983,3855,14693,1478,4177,27780,2947,4708,2920,267,1553,2185,10812,5345,28433,7957,3892,1915,2859
0	843	11360	684,32853,27983,3855,14693,1478,4177,27780,2947,4708,2920,267,1553,2185,10812,5345,28433,7957,3892,1915,2859,2864
1	843	22089	684,32853,27983,3855,14693,1478,4177,27780,2947,4708,2920,267,1553,2185,10812,5345,28433,7957,3892,1915,2859,2864
0	843	1072	684,32853,27983,3855,14693,1478,4177,27780,2947,4708,2920,267,1553,2185,10812,5345,28433,7957,3892,1915,2859,2864,22089
0	843	13222	684,32853,27983,3855,14693,1478,4177,27780,2947,4708,2920,267,1553,2185,10812,5345,28433,7957,3892,1915,2859,2864,22089
0	843	10044	684,32853,27983,3855,14693,1478,4177,27780,2947,4708,2920,267,1553,2185,10812,5345,28433,7957,3892,1915,2859,2864,22089
0	843	14064	684,32853,27983,3855,14693,1478,4177,27780,2947,4708,2920,267,1553,2185,10812,5345,28433,7957,3892,1915,2859,2864,22089
0	843	32083	684,32853,27983,3855,14693,1478,4177,27780,2947,4708,2920,267,1553,2185,10812,5345,28433,7957,3892,1915,2859,2864,22089
0	843	4595	684,32853,27983,3855,14693,1478,4177,27780,2947,4708,2920,267,1553,2185,10812,5345,28433,7957,3892,1915,2859,2864,22089
0	843	11241	684,32853,27983,3855,14693,1478,4177,27780,2947,4708,2920,267,1553,2185,10812,5345,28433,7957,3892,1915,2859,2864,22089
0	843	212	684,32853,27983,3855,14693,1478,4177,27780,2947,4708,2920,267,1553,2185,10812,5345,28433,7957,3892,1915,2859,2864,22089
0	843	3357	684,32853,27983,3855,14693,1478,4177,27780,2947,4708,2920,267,1553,2185,10812,5345,28433,7957,3892,1915,2859,2864,22089
1	843	31030	684,32853,27983,3855,14693,1478,4177,27780,2947,4708,2920,267,1553,2185,10812,5345,28433,7957,3892,1915,2859,2864,22089
1	843	12160	684,32853,27983,3855,14693,1478,4177,27780,2947,4708,2920,267,1553,2185,10812,5345,28433,7957,3892,1915,2859,2864,22089,31030
1	843	30921	684,32853,27983,3855,14693,1478,4177,27780,2947,4708,2920,267,1553,2185,10812,5345,28433,7957,3892,1915,2859,2864,22089,31030,12160
0	843	6143	684,32853,27983,3855,14693,1478,4177,27780,2947,4708,2920,267,1553,2185,10812,5345,28433,7957,3892,1915,2859,2864,22089,31030,12160,30921
1	843	12800	684,32853,27983,3855,14693,1478,4177,27780,2947,4708,2920,267,1553,2185,10812,5345,28433,7957,3892,1915,2859,2864,22089,31030,12160,30921
1	843	14815	684,32853,27983,3855,14693,1478,4177,27780,2947,4708,2920,267,1553,2185,10812,5345,28433,7957,3892,1915,2859,2864,22089,31030,12160,30921,12800
0	843	142	684,32853,27983,3855,14693,1478,4177,27780,2947,4708,2920,267,1553,2185,10812,5345,28433,7957,3892,1915,2859,2864,22089,31030,12160,30921,12800,14815
1	843	5016	684,32853,27983,3855,14693,1478,4177,27780,2947,4708,2920,267,1553,2185,10812,5345,28433,7957,3892,1915,2859,2864,22089,31030,12160,30921,12800,14815
1	843	11869	684,32853,27983,3855,14693,1478,4177,27780,2947,4708,2920,267,1553,2185,10812,5345,28433,7957,3892,1915,2859,2864,22089,31030,12160,30921,12800,14815,5016
0	843	15650	684,32853,27983,3855,14693,1478,4177,27780,2947,4708,2920,267,1553,2185,10812,5345,28433,7957,3892,1915,2859,2864,22089,31030,12160,30921,12800,14815,5016,11869
0	843	16804	684,32853,27983,3855,14693,1478,4177,27780,2947,4708,2920,267,1553,2185,10812,5345,28433,7957,3892,1915,2859,2864,22089,31030,12160,30921,12800,14815,5016,11869
0	843	15190	684,32853,27983,3855,14693,1478,4177,27780,2947,4708,2920,267,1553,2185,10812,5345,28433,7957,3892,1915,2859,2864,22089,31030,12160,30921,12800,14815,5016,11869
0	843	14078	684,32853,27983,3855,14693,1478,4177,27780,2947,4708,2920,267,1553,2185,10812,5345,28433,7957,3892,1915,2859,2864,22089,31030,12160,30921,12800,14815,5016,11869
0	843	7498	684,32853,27983,3855,14693,1478,4177,27780,2947,4708,2920,267,1553,2185,10812,5345,28433,7957,3892,1915,2859,2864,22089,31030,12160,30921,12800,14815,5016,11869
0	843	2055	684,32853,27983,3855,14693,1478,4177,27780,2947,4708,2920,267,1553,2185,10812,5345,28433,7957,3892,1915,2859,2864,22089,31030,12160,30921,12800,14815,5016,11869
0	843	15304	684,32853,27983,3855,14693,1478,4177,27780,2947,4708,2920,267,1553,2185,10812,5345,28433,7957,3892,1915,2859,2864,22089,31030,12160,30921,12800,14815,5016,11869
1	843	25656	684,32853,27983,3855,14693,1478,4177,27780,2947,4708,2920,267,1553,2185,10812,5345,28433,7957,3892,1915,2859,2864,22089,31030,12160,30921,12800,14815,5016,11869
1	843	9853	684,32853,27983,3855,14693,1478,4177,27780,2947,4708,2920,267,1553,2185,10812,5345,28433,7957,3892,1915,2859,2864,22089,31030,12160,30921,12800,14815,5016,11869,25656
0	843	12128	684,32853,27983,3855,14693,1478,4177,27780,2947,4708,2920,267,1553,2185,10812,5345,28433,7957,3892,1915,2859,2864,22089,31030,12160,30921,12800,14815,5016,11869,25656,9853
1	843	2933	684,32853,27983,3855,14693,1478,4177,27780,2947,4708,2920,267,1553,2185,10812,5345,28433,7957,3892,1915,2859,2864,22089,31030,12160,30921,12800,14815,5016,11869,25656,9853
0	843	4427	684,32853,27983,3855,14693,1478,4177,27780,2947,4708,2920,267,1553,2185,10812,5345,28433,7957,3892,1915,2859,2864,22089,31030,12160,30921,12800,14815,5016,11869,25656,9853,2933
1	843	19371	684,32853,27983,3855,14693,1478,4177,27780,2947,4708,2920,267,1553,2185,10812,5345,28433,7957,3892,1915,2859,2864,22089,31030,12160,30921,12800,14815,5016,11869,25656,9853,2933
1	843	1510	684,32853,27983,3855,14693,1478,4177,27780,2947,4708,2920,267,1553,2185,10812,5345,28433,7957,3892,1915,2859,2864,22089,31030,12160,30921,12800,14815,5016,11869,25656,9853,2933,19371
0	843	21067	684,32853,27983,3855,14693,1478,4177,27780,2947,4708,2920,267,1553,2185,10812,5345,28433,7957,3892,1915,2859,2864,22089,31030,12160,30921,12800,14815,5016,11869,25656,9853,2933,19371,1510
0	843	19612	684,32853,27983,3855,14693,1478,4177,27780,2947,4708,2920,267,1553,2185,10812,5345,28433,7957,3892,1915,2859,2864,22089,31030,12160,30921,12800,14815,5016,11869,25656,9853,2933,19371,1510
0	843	19238	684,32853,27983,3855,14693,1478,4177,27780,2947,4708,2920,267,1553,2185,10812,5345,28433,7957,3892,1915,2859,2864,22089,31030,12160,30921,12800,14815,5016,11869,25656,9853,2933,19371,1510
1	843	513	684,32853,27983,3855,14693,1478,4177,27780,2947,4708,2920,267,1553,2185,10812,5345,28433,7957,3892,1915,2859,2864,22089,31030,12160,30921,12800,14815,5016,11869,25656,9853,2933,19371,1510
1	843	21063	684,32853,27983,3855,14693,1478,4177,27780,2947,4708,2920,267,1553,2185,10812,5345,28433,7957,3892,1915,2859,2864,22089,31030,12160,30921,12800,14815,5016,11869,25656,9853,2933,19371,1510,513
0	843	19569	684,32853,27983,3855,14693,1478,4177,27780,2947,4708,2920,267,1553,2185,10812,5345,28433,7957,3892,1915,2859,2864,22089,31030,12160,30921,12800,14815,5016,11869,25656,9853,2933,19371,1510,513,21063
1	843	20627	684,32853,27983,3855,14693,1478,4177,27780,2947,4708,2920,267,1553,2185,10812,5345,28433,7957,3892,1915,2859,2864,22089,31030,12160,30921,12800,14815,5016,11869,25656,9853,2933,19371,1510,513,21063
0	843	13115	684,32853,27983,3855,14693,1478,4177,27780,2947,4708,2920,267,1553,2185,10812,5345,28433,7957,3892,1915,2859,2864,22089,31030,12160,30921,12800,14815,5016,11869,25656,9853,2933,19371,1510,513,21063,20627
1	843	21424	684,32853,27983,3855,14693,1478,4177,27780,2947,4708,2920,267,1553,2185,10812,5345,28433,7957,3892,1915,2859,2864,22089,31030,12160,30921,12800,14815,5016,11869,25656,9853,2933,19371,1510,513,21063,20627
0	843	21402	684,32853,27983,3855,14693,1478,4177,27780,2947,4708,2920,267,1553,2185,10812,5345,28433,7957,3892,1915,2859,2864,22089,31030,12160,30921,12800,14815,5016,11869,25656,9853,2933,19371,1510,513,21063,20627,21424
0	843	18111	684,32853,27983,3855,14693,1478,4177,27780,2947,4708,2920,267,1553,2185,10812,5345,28433,7957,3892,1915,2859,2864,22089,31030,12160,30921,12800,14815,5016,11869,25656,9853,2933,19371,1510,513,21063,20627,21424
1	843	19112	684,32853,27983,3855,14693,1478,4177,27780,2947,4708,2920,267,1553,2185,10812,5345,28433,7957,3892,1915,2859,2864,22089,31030,12160,30921,12800,14815,5016,11869,25656,9853,2933,19371,1510,513,21063,20627,21424
1	843	21446	684,32853,27983,3855,14693,1478,4177,27780,2947,4708,2920,267,1553,2185,10812,5345,28433,7957,3892,1915,2859,2864,22089,31030,12160,30921,12800,14815,5016,11869,25656,9853,2933,19371,1510,513,21063,20627,21424,19112
0	843	15615	684,32853,27983,3855,14693,1478,4177,27780,2947,4708,2920,267,1553,2185,10812,5345,28433,7957,3892,1915,2859,2864,22089,31030,12160,30921,12800,14815,5016,11869,25656,9853,2933,19371,1510,513,21063,20627,21424,19112,21446
0	843	20618	684,32853,27983,3855,14693,1478,4177,27780,2947,4708,2920,267,1553,2185,10812,5345,28433,7957,3892,1915,2859,2864,22089,31030,12160,30921,12800,14815,5016,11869,25656,9853,2933,19371,1510,513,21063,20627,21424,19112,21446
0	843	31488	684,32853,27983,3855,14693,1478,4177,27780,2947,4708,2920,267,1553,2185,10812,5345,28433,7957,3892,1915,2859,2864,22089,31030,12160,30921,12800,14815,5016,11869,25656,9853,2933,19371,1510,513,21063,20627,21424,19112,21446
0	843	23490	684,32853,27983,3855,14693,1478,4177,27780,2947,4708,2920,267,1553,2185,10812,5345,28433,7957,3892,1915,2859,2864,22089,31030,12160,30921,12800,14815,5016,11869,25656,9853,2933,19371,1510,513,21063,20627,21424,19112,21446
0	843	23102	684,32853,27983,3855,14693,1478,4177,27780,2947,4708,2920,267,1553,2185,10812,5345,28433,7957,3892,1915,2859,2864,22089,31030,12160,30921,12800,14815,5016,11869,25656,9853,2933,19371,1510,513,21063,20627,21424,19112,21446
0	843	23718	684,32853,27983,3855,14693,1478,4177,27780,2947,4708,2920,267,1553,2185,10812,5345,28433,7957,3892,1915,2859,2864,22089,31030,12160,30921,12800,14815,5016,11869,25656,9853,2933,19371,1510,513,21063,20627,21424,19112,21446
0	843	22593	684,32853,27983,3855,14693,1478,4177,27780,2947,4708,2920,267,1553,2185,10812,5345,28433,7957,3892,1915,2859,2864,22089,31030,12160,30921,12800,14815,5016,11869,25656,9853,2933,19371,1510,513,21063,20627,21424,19112,21446
0	843	20937	684,32853,27983,3855,14693,1478,4177,27780,2947,4708,2920,267,1553,2185,10812,5345,28433,7957,3892,1915,2859,2864,22089,31030,12160,30921,12800,14815,5016,11869,25656,9853,2933,19371,1510,513,21063,20627,21424,19112,21446
1	843	17701	684,32853,27983,3855,14693,1478,4177,27780,2947,4708,2920,267,1553,2185,10812,5345,28433,7957,3892,1915,2859,2864,22089,31030,12160,30921,12800,14815,5016,11869,25656,9853,2933,19371,1510,513,21063,20627,21424,19112,21446
0	843	20634	684,32853,27983,3855,14693,1478,4177,27780,2947,4708,2920,267,1553,2185,10812,5345,28433,7957,3892,1915,2859,2864,22089,31030,12160,30921,12800,14815,5016,11869,25656,9853,2933,19371,1510,513,21063,20627,21424,19112,21446,17701
0	843	11958	684,32853,27983,3855,14693,1478,4177,27780,2947,4708,2920,267,1553,2185,10812,5345,28433,7957,3892,1915,2859,2864,22089,31030,12160,30921,12800,14815,5016,11869,25656,9853,2933,19371,1510,513,21063,20627,21424,19112,21446,17701
1	843	20266	684,32853,27983,3855,14693,1478,4177,27780,2947,4708,2920,267,1553,2185,10812,5345,28433,7957,3892,1915,2859,2864,22089,31030,12160,30921,12800,14815,5016,11869,25656,9853,2933,19371,1510,513,21063,20627,21424,19112,21446,17701
0	843	20088	684,32853,27983,3855,14693,1478,4177,27780,2947,4708,2920,267,1553,2185,10812,5345,28433,7957,3892,1915,2859,2864,22089,31030,12160,30921,12800,14815,5016,11869,25656,9853,2933,19371,1510,513,21063,20627,21424,19112,21446,17701,20266
0	843	14285	684,32853,27983,3855,14693,1478,4177,27780,2947,4708,2920,267,1553,2185,10812,5345,28433,7957,3892,1915,2859,2864,22089,31030,12160,30921,12800,14815,5016,11869,25656,9853,2933,19371,1510,513,21063,20627,21424,19112,21446,17701,20266
0	843	21651	684,32853,27983,3855,14693,1478,4177,27780,2947,4708,2920,267,1553,2185,10812,5345,28433,7957,3892,1915,2859,2864,22089,31030,12160,30921,12800,14815,5016,11869,25656,9853,2933,19371,1510,513,21063,20627,21424,19112,21446,17701,20266
0	843	21366	684,32853,27983,3855,14693,1478,4177,27780,2947,4708,2920,267,1553,2185,10812,5345,28433,7957,3892,1915,2859,2864,22089,31030,12160,30921,12800,14815,5016,11869,25656,9853,2933,19371,1510,513,21063,20627,21424,19112,21446,17701,20266
0	843	20999	684,32853,27983,3855,14693,1478,4177,27780,2947,4708,2920,267,1553,2185,10812,5345,28433,7957,3892,1915,2859,2864,22089,31030,12160,30921,12800,14815,5016,11869,25656,9853,2933,19371,1510,513,21063,20627,21424,19112,21446,17701,20266
1	843	22111	684,32853,27983,3855,14693,1478,4177,27780,2947,4708,2920,267,1553,2185,10812,5345,28433,7957,3892,1915,2859,2864,22089,31030,12160,30921,12800,14815,5016,11869,25656,9853,2933,19371,1510,513,21063,20627,21424,19112,21446,17701,20266
0	843	24549	684,32853,27983,3855,14693,1478,4177,27780,2947,4708,2920,267,1553,2185,10812,5345,28433,7957,3892,1915,2859,2864,22089,31030,12160,30921,12800,14815,5016,11869,25656,9853,2933,19371,1510,513,21063,20627,21424,19112,21446,17701,20266,22111
0	843	25006	684,32853,27983,3855,14693,1478,4177,27780,2947,4708,2920,267,1553,2185,10812,5345,28433,7957,3892,1915,2859,2864,22089,31030,12160,30921,12800,14815,5016,11869,25656,9853,2933,19371,1510,513,21063,20627,21424,19112,21446,17701,20266,22111
1	843	25339	684,32853,27983,3855,14693,1478,4177,27780,2947,4708,2920,267,1553,2185,10812,5345,28433,7957,3892,1915,2859,2864,22089,31030,12160,30921,12800,14815,5016,11869,25656,9853,2933,19371,1510,513,21063,20627,21424,19112,21446,17701,20266,22111
0	843	26519	684,32853,27983,3855,14693,1478,4177,27780,2947,4708,2920,267,1553,2185,10812,5345,28433,7957,3892,1915,2859,2864,22089,31030,12160,30921,12800,14815,5016,11869,25656,9853,2933,19371,1510,513,21063,20627,21424,19112,21446,17701,20266,22111,25339
1	843	14248	684,32853,27983,3855,14693,1478,4177,27780,2947,4708,2920,267,1553,2185,10812,5345,28433,7957,3892,1915,2859,2864,22089,31030,12160,30921,12800,14815,5016,11869,25656,9853,2933,19371,1510,513,21063,20627,21424,19112,21446,17701,20266,22111,25339
1	843	21262	684,32853,27983,3855,14693,1478,4177,27780,2947,4708,2920,267,1553,2185,10812,5345,28433,7957,3892,1915,2859,2864,22089,31030,12160,30921,12800,14815,5016,11869,25656,9853,2933,19371,1510,513,21063,20627,21424,19112,21446,17701,20266,22111,25339,14248
0	843	25563	684,32853,27983,3855,14693,1478,4177,27780,2947,4708,2920,267,1553,2185,10812,5345,28433,7957,3892,1915,2859,2864,22089,31030,12160,30921,12800,14815,5016,11869,25656,9853,2933,19371,1510,513,21063,20627,21424,19112,21446,17701,20266,22111,25339,14248,21262
1	843	25044	684,32853,27983,3855,14693,1478,4177,27780,2947,4708,2920,267,1553,2185,10812,5345,28433,7957,3892,1915,2859,2864,22089,31030,12160,30921,12800,14815,5016,11869,25656,9853,2933,19371,1510,513,21063,20627,21424,19112,21446,17701,20266,22111,25339,14248,21262
1	843	7143	684,32853,27983,3855,14693,1478,4177,27780,2947,4708,2920,267,1553,2185,10812,5345,28433,7957,3892,1915,2859,2864,22089,31030,12160,30921,12800,14815,5016,11869,25656,9853,2933,19371,1510,513,21063,20627,21424,19112,21446,17701,20266,22111,25339,14248,21262,25044
1	843	29780	684,32853,27983,3855,14693,1478,4177,27780,2947,4708,2920,267,1553,2185,10812,5345,28433,7957,3892,1915,2859,2864,22089,31030,12160,30921,12800,14815,5016,11869,25656,9853,2933,19371,1510,513,21063,20627,21424,19112,21446,17701,20266,22111,25339,14248,21262,25044,7143
1	843	6187	684,32853,27983,3855,14693,1478,4177,27780,2947,4708,2920,267,1553,2185,10812,5345,28433,7957,3892,1915,2859,2864,22089,31030,12160,30921,12800,14815,5016,11869,25656,9853,2933,19371,1510,513,21063,20627,21424,19112,21446,17701,20266,22111,25339,14248,21262,25044,7143,29780
1	843	26036	684,32853,27983,3855,14693,1478,4177,27780,2947,4708,2920,267,1553,2185,10812,5345,28433,7957,3892,1915,2859,2864,22089,31030,12160,30921,12800,14815,5016,11869,25656,9853,2933,19371,1510,513,21063,20627,21424,19112,21446,17701,20266,22111,25339,14248,21262,25044,7143,29780,6187
0	843	26237	684,32853,27983,3855,14693,1478,4177,27780,2947,4708,2920,267,1553,2185,10812,5345,28433,7957,3892,1915,2859,2864,22089,31030,12160,30921,12800,14815,5016,11869,25656,9853,2933,19371,1510,513,21063,20627,21424,19112,21446,17701,20266,22111,25339,14248,21262,25044,7143,29780,6187,26036
1	843	22212	684,32853,27983,3855,14693,1478,4177,27780,2947,4708,2920,267,1553,2185,10812,5345,28433,7957,3892,1915,2859,2864,22089,31030,12160,30921,12800,14815,5016,11869,25656,9853,2933,19371,1510,513,21063,20627,21424,19112,21446,17701,20266,22111,25339,14248,21262,25044,7143,29780,6187,26036
0	843	5170	684,32853,27983,3855,14693,1478,4177,27780,2947,4708,2920,267,1553,2185,10812,5345,28433,7957,3892,1915,2859,2864,22089,31030,12160,30921,12800,14815,5016,11869,25656,9853,2933,19371,1510,513,21063,20627,21424,19112,21446,17701,20266,22111,25339,14248,21262,25044,7143,29780,6187,26036,22212
1	843	18825	684,32853,27983,3855,14693,1478,4177,27780,2947,4708,2920,267,1553,2185,10812,5345,28433,7957,3892,1915,2859,2864,22089,31030,12160,30921,12800,14815,5016,11869,25656,9853,2933,19371,1510,513,21063,20627,21424,19112,21446,17701,20266,22111,25339,14248,21262,25044,7143,29780,6187,26036,22212
0	843	9448	684,32853,27983,3855,14693,1478,4177,27780,2947,4708,2920,267,1553,2185,10812,5345,28433,7957,3892,1915,2859,2864,22089,31030,12160,30921,12800,14815,5016,11869,25656,9853,2933,19371,1510,513,21063,20627,21424,19112,21446,17701,20266,22111,25339,14248,21262,25044,7143,29780,6187,26036,22212,18825
0	843	15221	684,32853,27983,3855,14693,1478,4177,27780,2947,4708,2920,267,1553,2185,10812,5345,28433,7957,3892,1915,2859,2864,22089,31030,12160,30921,12800,14815,5016,11869,25656,9853,2933,19371,1510,513,21063,20627,21424,19112,21446,17701,20266,22111,25339,14248,21262,25044,7143,29780,6187,26036,22212,18825
1	843	15318	684,32853,27983,3855,14693,1478,4177,27780,2947,4708,2920,267,1553,2185,10812,5345,28433,7957,3892,1915,2859,2864,22089,31030,12160,30921,12800,14815,5016,11869,25656,9853,2933,19371,1510,513,21063,20627,21424,19112,21446,17701,20266,22111,25339,14248,21262,25044,7143,29780,6187,26036,22212,18825
1	843	18331	684,32853,27983,3855,14693,1478,4177,27780,2947,4708,2920,267,1553,2185,10812,5345,28433,7957,3892,1915,2859,2864,22089,31030,12160,30921,12800,14815,5016,11869,25656,9853,2933,19371,1510,513,21063,20627,21424,19112,21446,17701,20266,22111,25339,14248,21262,25044,7143,29780,6187,26036,22212,18825,15318
1	843	20277	684,32853,27983,3855,14693,1478,4177,27780,2947,4708,2920,267,1553,2185,10812,5345,28433,7957,3892,1915,2859,2864,22089,31030,12160,30921,12800,14815,5016,11869,25656,9853,2933,19371,1510,513,21063,20627,21424,19112,21446,17701,20266,22111,25339,14248,21262,25044,7143,29780,6187,26036,22212,18825,15318,18331
0	843	20835	684,32853,27983,3855,14693,1478,4177,27780,2947,4708,2920,267,1553,2185,10812,5345,28433,7957,3892,1915,2859,2864,22089,31030,12160,30921,12800,14815,5016,11869,25656,9853,2933,19371,1510,513,21063,20627,21424,19112,21446,17701,20266,22111,25339,14248,21262,25044,7143,29780,6187,26036,22212,18825,15318,18331,20277
0	843	20690	684,32853,27983,3855,14693,1478,4177,27780,2947,4708,2920,267,1553,2185,10812,5345,28433,7957,3892,1915,2859,2864,22089,31030,12160,30921,12800,14815,5016,11869,25656,9853,2933,19371,1510,513,21063,20627,21424,19112,21446,17701,20266,22111,25339,14248,21262,25044,7143,29780,6187,26036,22212,18825,15318,18331,20277
0	843	11171	684,32853,27983,3855,14693,1478,4177,27780,2947,4708,2920,267,1553,2185,10812,5345,28433,7957,3892,1915,2859,2864,22089,31030,12160,30921,12800,14815,5016,11869,25656,9853,2933,19371,1510,513,21063,20627,21424,19112,21446,17701,20266,22111,25339,14248,21262,25044,7143,29780,6187,26036,22212,18825,15318,18331,20277
0	843	7613	684,32853,27983,3855,14693,1478,4177,27780,2947,4708,2920,267,1553,2185,10812,5345,28433,7957,3892,1915,2859,2864,22089,31030,12160,30921,12800,14815,5016,11869,25656,9853,2933,19371,1510,513,21063,20627,21424,19112,21446,17701,20266,22111,25339,14248,21262,25044,7143,29780,6187,26036,22212,18825,15318,18331,20277
0	843	23436	684,32853,27983,3855,14693,1478,4177,27780,2947,4708,2920,267,1553,2185,10812,5345,28433,7957,3892,1915,2859,2864,22089,31030,12160,30921,12800,14815,5016,11869,25656,9853,2933,19371,1510,513,21063,20627,21424,19112,21446,17701,20266,22111,25339,14248,21262,25044,7143,29780,6187,26036,22212,18825,15318,18331,20277
0	843	23780	684,32853,27983,3855,14693,1478,4177,27780,2947,4708,2920,267,1553,2185,10812,5345,28433,7957,3892,1915,2859,2864,22089,31030,12160,30921,12800,14815,5016,11869,25656,9853,2933,19371,1510,513,21063,20627,21424,19112,21446,17701,20266,22111,25339,14248,21262,25044,7143,29780,6187,26036,22212,18825,15318,18331,20277
0	843	10493	684,32853,27983,3855,14693,1478,4177,27780,2947,4708,2920,267,1553,2185,10812,5345,28433,7957,3892,1915,2859,2864,22089,31030,12160,30921,12800,14815,5016,11869,25656,9853,2933,19371,1510,513,21063,20627,21424,19112,21446,17701,20266,22111,25339,14248,21262,25044,7143,29780,6187,26036,22212,18825,15318,18331,20277
1	843	27232	684,32853,27983,3855,14693,1478,4177,27780,2947,4708,2920,267,1553,2185,10812,5345,28433,7957,3892,1915,2859,2864,22089,31030,12160,30921,12800,14815,5016,11869,25656,9853,2933,19371,1510,513,21063,20627,21424,19112,21446,17701,20266,22111,25339,14248,21262,25044,7143,29780,6187,26036,22212,18825,15318,18331,20277
0	843	23599	684,32853,27983,3855,14693,1478,4177,27780,2947,4708,2920,267,1553,2185,10812,5345,28433,7957,3892,1915,2859,2864,22089,31030,12160,30921,12800,14815,5016,11869,25656,9853,2933,19371,1510,513,21063,20627,21424,19112,21446,17701,20266,22111,25339,14248,21262,25044,7143,29780,6187,26036,22212,18825,15318,18331,20277,27232
0	843	27120	684,32853,27983,3855,14693,1478,4177,27780,2947,4708,2920,267,1553,2185,10812,5345,28433,7957,3892,1915,2859,2864,22089,31030,12160,30921,12800,14815,5016,11869,25656,9853,2933,19371,1510,513,21063,20627,21424,19112,21446,17701,20266,22111,25339,14248,21262,25044,7143,29780,6187,26036,22212,18825,15318,18331,20277,27232
0	843	26759	684,32853,27983,3855,14693,1478,4177,27780,2947,4708,2920,267,1553,2185,10812,5345,28433,7957,3892,1915,2859,2864,22089,31030,12160,30921,12800,14815,5016,11869,25656,9853,2933,19371,1510,513,21063,20627,21424,19112,21446,17701,20266,22111,25339,14248,21262,25044,7143,29780,6187,26036,22212,18825,15318,18331,20277,27232
0	843	26111	684,32853,27983,3855,14693,1478,4177,27780,2947,4708,2920,267,1553,2185,10812,5345,28433,7957,3892,1915,2859,2864,22089,31030,12160,30921,12800,14815,5016,11869,25656,9853,2933,19371,1510,513,21063,20627,21424,19112,21446,17701,20266,22111,25339,14248,21262,25044,7143,29780,6187,26036,22212,18825,15318,18331,20277,27232
1	843	27289	684,32853,27983,3855,14693,1478,4177,27780,2947,4708,2920,267,1553,2185,10812,5345,28433,7957,3892,1915,2859,2864,22089,31030,12160,30921,12800,14815,5016,11869,25656,9853,2933,19371,1510,513,21063,20627,21424,19112,21446,17701,20266,22111,25339,14248,21262,25044,7143,29780,6187,26036,22212,18825,15318,18331,20277,27232
1	843	27269	684,32853,27983,3855,14693,1478,4177,27780,2947,4708,2920,267,1553,2185,10812,5345,28433,7957,3892,1915,2859,2864,22089,31030,12160,30921,12800,14815,5016,11869,25656,9853,2933,19371,1510,513,21063,20627,21424,19112,21446,17701,20266,22111,25339,14248,21262,25044,7143,29780,6187,26036,22212,18825,15318,18331,20277,27232,27289
0	843	27401	684,32853,27983,3855,14693,1478,4177,27780,2947,4708,2920,267,1553,2185,10812,5345,28433,7957,3892,1915,2859,2864,22089,31030,12160,30921,12800,14815,5016,11869,25656,9853,2933,19371,1510,513,21063,20627,21424,19112,21446,17701,20266,22111,25339,14248,21262,25044,7143,29780,6187,26036,22212,18825,15318,18331,20277,27232,27289,27269
1	843	27165	684,32853,27983,3855,14693,1478,4177,27780,2947,4708,2920,267,1553,2185,10812,5345,28433,7957,3892,1915,2859,2864,22089,31030,12160,30921,12800,14815,5016,11869,25656,9853,2933,19371,1510,513,21063,20627,21424,19112,21446,17701,20266,22111,25339,14248,21262,25044,7143,29780,6187,26036,22212,18825,15318,18331,20277,27232,27289,27269
1	843	27700	684,32853,27983,3855,14693,1478,4177,27780,2947,4708,2920,267,1553,2185,10812,5345,28433,7957,3892,1915,2859,2864,22089,31030,12160,30921,12800,14815,5016,11869,25656,9853,2933,19371,1510,513,21063,20627,21424,19112,21446,17701,20266,22111,25339,14248,21262,25044,7143,29780,6187,26036,22212,18825,15318,18331,20277,27232,27289,27269,27165
0	843	7814	684,32853,27983,3855,14693,1478,4177,27780,2947,4708,2920,267,1553,2185,10812,5345,28433,7957,3892,1915,2859,2864,22089,31030,12160,30921,12800,14815,5016,11869,25656,9853,2933,19371,1510,513,21063,20627,21424,19112,21446,17701,20266,22111,25339,14248,21262,25044,7143,29780,6187,26036,22212,18825,15318,18331,20277,27232,27289,27269,27165,27700
1	843	25866	684,32853,27983,3855,14693,1478,4177,27780,2947,4708,2920,267,1553,2185,10812,5345,28433,7957,3892,1915,2859,2864,22089,31030,12160,30921,12800,14815,5016,11869,25656,9853,2933,19371,1510,513,21063,20627,21424,19112,21446,17701,20266,22111,25339,14248,21262,25044,7143,29780,6187,26036,22212,18825,15318,18331,20277,27232,27289,27269,27165,27700
1	843	27247	684,32853,27983,3855,14693,1478,4177,27780,2947,4708,2920,267,1553,2185,10812,5345,28433,7957,3892,1915,2859,2864,22089,31030,12160,30921,12800,14815,5016,11869,25656,9853,2933,19371,1510,513,21063,20627,21424,19112,21446,17701,20266,22111,25339,14248,21262,25044,7143,29780,6187,26036,22212,18825,15318,18331,20277,27232,27289,27269,27165,27700,25866
1	843	22664	684,32853,27983,3855,14693,1478,4177,27780,2947,4708,2920,267,1553,2185,10812,5345,28433,7957,3892,1915,2859,2864,22089,31030,12160,30921,12800,14815,5016,11869,25656,9853,2933,19371,1510,513,21063,20627,21424,19112,21446,17701,20266,22111,25339,14248,21262,25044,7143,29780,6187,26036,22212,18825,15318,18331,20277,27232,27289,27269,27165,27700,25866,27247
1	843	28188	684,32853,27983,3855,14693,1478,4177,27780,2947,4708,2920,267,1553,2185,10812,5345,28433,7957,3892,1915,2859,2864,22089,31030,12160,30921,12800,14815,5016,11869,25656,9853,2933,19371,1510,513,21063,20627,21424,19112,21446,17701,20266,22111,25339,14248,21262,25044,7143,29780,6187,26036,22212,18825,15318,18331,20277,27232,27289,27269,27165,27700,25866,27247,22664
0	843	10601	684,32853,27983,3855,14693,1478,4177,27780,2947,4708,2920,267,1553,2185,10812,5345,28433,7957,3892,1915,2859,2864,22089,31030,12160,30921,12800,14815,5016,11869,25656,9853,2933,19371,1510,513,21063,20627,21424,19112,21446,17701,20266,22111,25339,14248,21262,25044,7143,29780,6187,26036,22212,18825,15318,18331,20277,27232,27289,27269,27165,27700,25866,27247,22664,28188
1	843	28185	684,32853,27983,3855,14693,1478,4177,27780,2947,4708,2920,267,1553,2185,10812,5345,28433,7957,3892,1915,2859,2864,22089,31030,12160,30921,12800,14815,5016,11869,25656,9853,2933,19371,1510,513,21063,20627,21424,19112,21446,17701,20266,22111,25339,14248,21262,25044,7143,29780,6187,26036,22212,18825,15318,18331,20277,27232,27289,27269,27165,27700,25866,27247,22664,28188
0	843	24860	684,32853,27983,3855,14693,1478,4177,27780,2947,4708,2920,267,1553,2185,10812,5345,28433,7957,3892,1915,2859,2864,22089,31030,12160,30921,12800,14815,5016,11869,25656,9853,2933,19371,1510,513,21063,20627,21424,19112,21446,17701,20266,22111,25339,14248,21262,25044,7143,29780,6187,26036,22212,18825,15318,18331,20277,27232,27289,27269,27165,27700,25866,27247,22664,28188,28185
0	843	9647	684,32853,27983,3855,14693,1478,4177,27780,2947,4708,2920,267,1553,2185,10812,5345,28433,7957,3892,1915,2859,2864,22089,31030,12160,30921,12800,14815,5016,11869,25656,9853,2933,19371,1510,513,21063,20627,21424,19112,21446,17701,20266,22111,25339,14248,21262,25044,7143,29780,6187,26036,22212,18825,15318,18331,20277,27232,27289,27269,27165,27700,25866,27247,22664,28188,28185
0	843	17869	684,32853,27983,3855,14693,1478,4177,27780,2947,4708,2920,267,1553,2185,10812,5345,28433,7957,3892,1915,2859,2864,22089,31030,12160,30921,12800,14815,5016,11869,25656,9853,2933,19371,1510,513,21063,20627,21424,19112,21446,17701,20266,22111,25339,14248,21262,25044,7143,29780,6187,26036,22212,18825,15318,18331,20277,27232,27289,27269,27165,27700,25866,27247,22664,28188,28185
0	843	20269	684,32853,27983,3855,14693,1478,4177,27780,2947,4708,2920,267,1553,2185,10812,5345,28433,7957,3892,1915,2859,2864,22089,31030,12160,30921,12800,14815,5016,11869,25656,9853,2933,19371,1510,513,21063,20627,21424,19112,21446,17701,20266,22111,25339,14248,21262,25044,7143,29780,6187,26036,22212,18825,15318,18331,20277,27232,27289,27269,27165,27700,25866,27247,22664,28188,28185
0	843	25806	684,32853,27983,3855,14693,1478,4177,27780,2947,4708,2920,267,1553,2185,10812,5345,28433,7957,3892,1915,2859,2864,22089,31030,12160,30921,12800,14815,5016,11869,25656,9853,2933,19371,1510,513,21063,20627,21424,19112,21446,17701,20266,22111,25339,14248,21262,25044,7143,29780,6187,26036,22212,18825,15318,18331,20277,27232,27289,27269,27165,27700,25866,27247,22664,28188,28185
0	843	14681	684,32853,27983,3855,14693,1478,4177,27780,2947,4708,2920,267,1553,2185,10812,5345,28433,7957,3892,1915,2859,2864,22089,31030,12160,30921,12800,14815,5016,11869,25656,9853,2933,19371,1510,513,21063,20627,21424,19112,21446,17701,20266,22111,25339,14248,21262,25044,7143,29780,6187,26036,22212,18825,15318,18331,20277,27232,27289,27269,27165,27700,25866,27247,22664,28188,28185
1	843	28302	684,32853,27983,3855,14693,1478,4177,27780,2947,4708,2920,267,1553,2185,10812,5345,28433,7957,3892,1915,2859,2864,22089,31030,12160,30921,12800,14815,5016,11869,25656,9853,2933,19371,1510,513,21063,20627,21424,19112,21446,17701,20266,22111,25339,14248,21262,25044,7143,29780,6187,26036,22212,18825,15318,18331,20277,27232,27289,27269,27165,27700,25866,27247,22664,28188,28185
1	843	28267	684,32853,27983,3855,14693,1478,4177,27780,2947,4708,2920,267,1553,2185,10812,5345,28433,7957,3892,1915,2859,2864,22089,31030,12160,30921,12800,14815,5016,11869,25656,9853,2933,19371,1510,513,21063,20627,21424,19112,21446,17701,20266,22111,25339,14248,21262,25044,7143,29780,6187,26036,22212,18825,15318,18331,20277,27232,27289,27269,27165,27700,25866,27247,22664,28188,28185,28302
0	843	27710	684,32853,27983,3855,14693,1478,4177,27780,2947,4708,2920,267,1553,2185,10812,5345,28433,7957,3892,1915,2859,2864,22089,31030,12160,30921,12800,14815,5016,11869,25656,9853,2933,19371,1510,513,21063,20627,21424,19112,21446,17701,20266,22111,25339,14248,21262,25044,7143,29780,6187,26036,22212,18825,15318,18331,20277,27232,27289,27269,27165,27700,25866,27247,22664,28188,28185,28302,28267
1	843	28535	684,32853,27983,3855,14693,1478,4177,27780,2947,4708,2920,267,1553,2185,10812,5345,28433,7957,3892,1915,2859,2864,22089,31030,12160,30921,12800,14815,5016,11869,25656,9853,2933,19371,1510,513,21063,20627,21424,19112,21446,17701,20266,22111,25339,14248,21262,25044,7143,29780,6187,26036,22212,18825,15318,18331,20277,27232,27289,27269,27165,27700,25866,27247,22664,28188,28185,28302,28267
0	843	28678	684,32853,27983,3855,14693,1478,4177,27780,2947,4708,2920,267,1553,2185,10812,5345,28433,7957,3892,1915,2859,2864,22089,31030,12160,30921,12800,14815,5016,11869,25656,9853,2933,19371,1510,513,21063,20627,21424,19112,21446,17701,20266,22111,25339,14248,21262,25044,7143,29780,6187,26036,22212,18825,15318,18331,20277,27232,27289,27269,27165,27700,25866,27247,22664,28188,28185,28302,28267,28535
0	843	24625	684,32853,27983,3855,14693,1478,4177,27780,2947,4708,2920,267,1553,2185,10812,5345,28433,7957,3892,1915,2859,2864,22089,31030,12160,30921,12800,14815,5016,11869,25656,9853,2933,19371,1510,513,21063,20627,21424,19112,21446,17701,20266,22111,25339,14248,21262,25044,7143,29780,6187,26036,22212,18825,15318,18331,20277,27232,27289,27269,27165,27700,25866,27247,22664,28188,28185,28302,28267,28535
0	843	28443	684,32853,27983,3855,14693,1478,4177,27780,2947,4708,2920,267,1553,2185,10812,5345,28433,7957,3892,1915,2859,2864,22089,31030,12160,30921,12800,14815,5016,11869,25656,9853,2933,19371,1510,513,21063,20627,21424,19112,21446,17701,20266,22111,25339,14248,21262,25044,7143,29780,6187,26036,22212,18825,15318,18331,20277,27232,27289,27269,27165,27700,25866,27247,22664,28188,28185,28302,28267,28535
1	843	26763	684,32853,27983,3855,14693,1478,4177,27780,2947,4708,2920,267,1553,2185,10812,5345,28433,7957,3892,1915,2859,2864,22089,31030,12160,30921,12800,14815,5016,11869,25656,9853,2933,19371,1510,513,21063,20627,21424,19112,21446,17701,20266,22111,25339,14248,21262,25044,7143,29780,6187,26036,22212,18825,15318,18331,20277,27232,27289,27269,27165,27700,25866,27247,22664,28188,28185,28302,28267,28535
0	843	26398	684,32853,27983,3855,14693,1478,4177,27780,2947,4708,2920,267,1553,2185,10812,5345,28433,7957,3892,1915,2859,2864,22089,31030,12160,30921,12800,14815,5016,11869,25656,9853,2933,19371,1510,513,21063,20627,21424,19112,21446,17701,20266,22111,25339,14248,21262,25044,7143,29780,6187,26036,22212,18825,15318,18331,20277,27232,27289,27269,27165,27700,25866,27247,22664,28188,28185,28302,28267,28535,26763
1	843	28514	684,32853,27983,3855,14693,1478,4177,27780,2947,4708,2920,267,1553,2185,10812,5345,28433,7957,3892,1915,2859,2864,22089,31030,12160,30921,12800,14815,5016,11869,25656,9853,2933,19371,1510,513,21063,20627,21424,19112,21446,17701,20266,22111,25339,14248,21262,25044,7143,29780,6187,26036,22212,18825,15318,18331,20277,27232,27289,27269,27165,27700,25866,27247,22664,28188,28185,28302,28267,28535,26763
0	843	28303	684,32853,27983,3855,14693,1478,4177,27780,2947,4708,2920,267,1553,2185,10812,5345,28433,7957,3892,1915,2859,2864,22089,31030,12160,30921,12800,14815,5016,11869,25656,9853,2933,19371,1510,513,21063,20627,21424,19112,21446,17701,20266,22111,25339,14248,21262,25044,7143,29780,6187,26036,22212,18825,15318,18331,20277,27232,27289,27269,27165,27700,25866,27247,22664,28188,28185,28302,28267,28535,26763,28514
0	843	28698	684,32853,27983,3855,14693,1478,4177,27780,2947,4708,2920,267,1553,2185,10812,5345,28433,7957,3892,1915,2859,2864,22089,31030,12160,30921,12800,14815,5016,11869,25656,9853,2933,19371,1510,513,21063,20627,21424,19112,21446,17701,20266,22111,25339,14248,21262,25044,7143,29780,6187,26036,22212,18825,15318,18331,20277,27232,27289,27269,27165,27700,25866,27247,22664,28188,28185,28302,28267,28535,26763,28514
0	843	28785	684,32853,27983,3855,14693,1478,4177,27780,2947,4708,2920,267,1553,2185,10812,5345,28433,7957,3892,1915,2859,2864,22089,31030,12160,30921,12800,14815,5016,11869,25656,9853,2933,19371,1510,513,21063,20627,21424,19112,21446,17701,20266,22111,25339,14248,21262,25044,7143,29780,6187,26036,22212,18825,15318,18331,20277,27232,27289,27269,27165,27700,25866,27247,22664,28188,28185,28302,28267,28535,26763,28514
1	843	28473	684,32853,27983,3855,14693,1478,4177,27780,2947,4708,2920,267,1553,2185,10812,5345,28433,7957,3892,1915,2859,2864,22089,31030,12160,30921,12800,14815,5016,11869,25656,9853,2933,19371,1510,513,21063,20627,21424,19112,21446,17701,20266,22111,25339,14248,21262,25044,7143,29780,6187,26036,22212,18825,15318,18331,20277,27232,27289,27269,27165,27700,25866,27247,22664,28188,28185,28302,28267,28535,26763,28514
0	843	13215	684,32853,27983,3855,14693,1478,4177,27780,2947,4708,2920,267,1553,2185,10812,5345,28433,7957,3892,1915,2859,2864,22089,31030,12160,30921,12800,14815,5016,11869,25656,9853,2933,19371,1510,513,21063,20627,21424,19112,21446,17701,20266,22111,25339,14248,21262,25044,7143,29780,6187,26036,22212,18825,15318,18331,20277,27232,27289,27269,27165,27700,25866,27247,22664,28188,28185,28302,28267,28535,26763,28514,28473
0	843	5125	684,32853,27983,3855,14693,1478,4177,27780,2947,4708,2920,267,1553,2185,10812,5345,28433,7957,3892,1915,2859,2864,22089,31030,12160,30921,12800,14815,5016,11869,25656,9853,2933,19371,1510,513,21063,20627,21424,19112,21446,17701,20266,22111,25339,14248,21262,25044,7143,29780,6187,26036,22212,18825,15318,18331,20277,27232,27289,27269,27165,27700,25866,27247,22664,28188,28185,28302,28267,28535,26763,28514,28473
1	843	28946	684,32853,27983,3855,14693,1478,4177,27780,2947,4708,2920,267,1553,2185,10812,5345,28433,7957,3892,1915,2859,2864,22089,31030,12160,30921,12800,14815,5016,11869,25656,9853,2933,19371,1510,513,21063,20627,21424,19112,21446,17701,20266,22111,25339,14248,21262,25044,7143,29780,6187,26036,22212,18825,15318,18331,20277,27232,27289,27269,27165,27700,25866,27247,22664,28188,28185,28302,28267,28535,26763,28514,28473
0	843	29106	684,32853,27983,3855,14693,1478,4177,27780,2947,4708,2920,267,1553,2185,10812,5345,28433,7957,3892,1915,2859,2864,22089,31030,12160,30921,12800,14815,5016,11869,25656,9853,2933,19371,1510,513,21063,20627,21424,19112,21446,17701,20266,22111,25339,14248,21262,25044,7143,29780,6187,26036,22212,18825,15318,18331,20277,27232,27289,27269,27165,27700,25866,27247,22664,28188,28185,28302,28267,28535,26763,28514,28473,28946
0	843	28523	684,32853,27983,3855,14693,1478,4177,27780,2947,4708,2920,267,1553,2185,10812,5345,28433,7957,3892,1915,2859,2864,22089,31030,12160,30921,12800,14815,5016,11869,25656,9853,2933,19371,1510,513,21063,20627,21424,19112,21446,17701,20266,22111,25339,14248,21262,25044,7143,29780,6187,26036,22212,18825,15318,18331,20277,27232,27289,27269,27165,27700,25866,27247,22664,28188,28185,28302,28267,28535,26763,28514,28473,28946
0	843	29037	684,32853,27983,3855,14693,1478,4177,27780,2947,4708,2920,267,1553,2185,10812,5345,28433,7957,3892,1915,2859,2864,22089,31030,12160,30921,12800,14815,5016,11869,25656,9853,2933,19371,1510,513,21063,20627,21424,19112,21446,17701,20266,22111,25339,14248,21262,25044,7143,29780,6187,26036,22212,18825,15318,18331,20277,27232,27289,27269,27165,27700,25866,27247,22664,28188,28185,28302,28267,28535,26763,28514,28473,28946
0	843	22713	684,32853,27983,3855,14693,1478,4177,27780,2947,4708,2920,267,1553,2185,10812,5345,28433,7957,3892,1915,2859,2864,22089,31030,12160,30921,12800,14815,5016,11869,25656,9853,2933,19371,1510,513,21063,20627,21424,19112,21446,17701,20266,22111,25339,14248,21262,25044,7143,29780,6187,26036,22212,18825,15318,18331,20277,27232,27289,27269,27165,27700,25866,27247,22664,28188,28185,28302,28267,28535,26763,28514,28473,28946
0	843	29229	684,32853,27983,3855,14693,1478,4177,27780,2947,4708,2920,267,1553,2185,10812,5345,28433,7957,3892,1915,2859,2864,22089,31030,12160,30921,12800,14815,5016,11869,25656,9853,2933,19371,1510,513,21063,20627,21424,19112,21446,17701,20266,22111,25339,14248,21262,25044,7143,29780,6187,26036,22212,18825,15318,18331,20277,27232,27289,27269,27165,27700,25866,27247,22664,28188,28185,28302,28267,28535,26763,28514,28473,28946
1	843	28915	684,32853,27983,3855,14693,1478,4177,27780,2947,4708,2920,267,1553,2185,10812,5345,28433,7957,3892,1915,2859,2864,22089,31030,12160,30921,12800,14815,5016,11869,25656,9853,2933,19371,1510,513,21063,20627,21424,19112,21446,17701,20266,22111,25339,14248,21262,25044,7143,29780,6187,26036,22212,18825,15318,18331,20277,27232,27289,27269,27165,27700,25866,27247,22664,28188,28185,28302,28267,28535,26763,28514,28473,28946
1	843	29021	684,32853,27983,3855,14693,1478,4177,27780,2947,4708,2920,267,1553,2185,10812,5345,28433,7957,3892,1915,2859,2864,22089,31030,12160,30921,12800,14815,5016,11869,25656,9853,2933,19371,1510,513,21063,20627,21424,19112,21446,17701,20266,22111,25339,14248,21262,25044,7143,29780,6187,26036,22212,18825,15318,18331,20277,27232,27289,27269,27165,27700,25866,27247,22664,28188,28185,28302,28267,28535,26763,28514,28473,28946,28915
0	843	6198	684,32853,27983,3855,14693,1478,4177,27780,2947,4708,2920,267,1553,2185,10812,5345,28433,7957,3892,1915,2859,2864,22089,31030,12160,30921,12800,14815,5016,11869,25656,9853,2933,19371,1510,513,21063,20627,21424,19112,21446,17701,20266,22111,25339,14248,21262,25044,7143,29780,6187,26036,22212,18825,15318,18331,20277,27232,27289,27269,27165,27700,25866,27247,22664,28188,28185,28302,28267,28535,26763,28514,28473,28946,28915,29021
0	843	23462	684,32853,27983,3855,14693,1478,4177,27780,2947,4708,2920,267,1553,2185,10812,5345,28433,7957,3892,1915,2859,2864,22089,31030,12160,30921,12800,14815,5016,11869,25656,9853,2933,19371,1510,513,21063,20627,21424,19112,21446,17701,20266,22111,25339,14248,21262,25044,7143,29780,6187,26036,22212,18825,15318,18331,20277,27232,27289,27269,27165,27700,25866,27247,22664,28188,28185,28302,28267,28535,26763,28514,28473,28946,28915,29021
1	843	29392	684,32853,27983,3855,14693,1478,4177,27780,2947,4708,2920,267,1553,2185,10812,5345,28433,7957,3892,1915,2859,2864,22089,31030,12160,30921,12800,14815,5016,11869,25656,9853,2933,19371,1510,513,21063,20627,21424,19112,21446,17701,20266,22111,25339,14248,21262,25044,7143,29780,6187,26036,22212,18825,15318,18331,20277,27232,27289,27269,27165,27700,25866,27247,22664,28188,28185,28302,28267,28535,26763,28514,28473,28946,28915,29021
1	843	29627	684,32853,27983,3855,14693,1478,4177,27780,2947,4708,2920,267,1553,2185,10812,5345,28433,7957,3892,1915,2859,2864,22089,31030,12160,30921,12800,14815,5016,11869,25656,9853,2933,19371,1510,513,21063,20627,21424,19112,21446,17701,20266,22111,25339,14248,21262,25044,7143,29780,6187,26036,22212,18825,15318,18331,20277,27232,27289,27269,27165,27700,25866,27247,22664,28188,28185,28302,28267,28535,26763,28514,28473,28946,28915,29021,29392
1	843	29766	684,32853,27983,3855,14693,1478,4177,27780,2947,4708,2920,267,1553,2185,10812,5345,28433,7957,3892,1915,2859,2864,22089,31030,12160,30921,12800,14815,5016,11869,25656,9853,2933,19371,1510,513,21063,20627,21424,19112,21446,17701,20266,22111,25339,14248,21262,25044,7143,29780,6187,26036,22212,18825,15318,18331,20277,27232,27289,27269,27165,27700,25866,27247,22664,28188,28185,28302,28267,28535,26763,28514,28473,28946,28915,29021,29392,29627
0	843	13469	684,32853,27983,3855,14693,1478,4177,27780,2947,4708,2920,267,1553,2185,10812,5345,28433,7957,3892,1915,2859,2864,22089,31030,12160,30921,12800,14815,5016,11869,25656,9853,2933,19371,1510,513,21063,20627,21424,19112,21446,17701,20266,22111,25339,14248,21262,25044,7143,29780,6187,26036,22212,18825,15318,18331,20277,27232,27289,27269,27165,27700,25866,27247,22664,28188,28185,28302,28267,28535,26763,28514,28473,28946,28915,29021,29392,29627,29766
0	843	13494	684,32853,27983,3855,14693,1478,4177,27780,2947,4708,2920,267,1553,2185,10812,5345,28433,7957,3892,1915,2859,2864,22089,31030,12160,30921,12800,14815,5016,11869,25656,9853,2933,19371,1510,513,21063,20627,21424,19112,21446,17701,20266,22111,25339,14248,21262,25044,7143,29780,6187,26036,22212,18825,15318,18331,20277,27232,27289,27269,27165,27700,25866,27247,22664,28188,28185,28302,28267,28535,26763,28514,28473,28946,28915,29021,29392,29627,29766
