0	850	21073	0
0	850	23481	0
0	850	23537	0
0	850	473	0
0	850	1102	0
0	850	1200	0
0	850	2330	0
0	850	2347	0
0	850	3895	0
1	850	5220	0
1	850	6434	5220
0	850	3633	5220,6434
1	850	1244	5220,6434
1	850	3591	5220,6434,1244
0	850	8985	5220,6434,1244,3591
1	850	6786	5220,6434,1244,3591
0	850	32808	5220,6434,1244,3591,6786
1	850	5342	5220,6434,1244,3591,6786
0	850	8063	5220,6434,1244,3591,6786,5342
1	850	2231	5220,6434,1244,3591,6786,5342
1	850	6279	5220,6434,1244,3591,6786,5342,2231
1	850	13217	5220,6434,1244,3591,6786,5342,2231,6279
0	850	13326	5220,6434,1244,3591,6786,5342,2231,6279,13217
1	850	32354	5220,6434,1244,3591,6786,5342,2231,6279,13217
1	850	3956	5220,6434,1244,3591,6786,5342,2231,6279,13217,32354
1	850	6640	5220,6434,1244,3591,6786,5342,2231,6279,13217,32354,3956
0	850	32134	5220,6434,1244,3591,6786,5342,2231,6279,13217,32354,3956,6640
1	850	14122	5220,6434,1244,3591,6786,5342,2231,6279,13217,32354,3956,6640
0	850	12452	5220,6434,1244,3591,6786,5342,2231,6279,13217,32354,3956,6640,14122
1	850	371	5220,6434,1244,3591,6786,5342,2231,6279,13217,32354,3956,6640,14122
1	850	14063	5220,6434,1244,3591,6786,5342,2231,6279,13217,32354,3956,6640,14122,371
0	850	15900	5220,6434,1244,3591,6786,5342,2231,6279,13217,32354,3956,6640,14122,371,14063
0	850	17668	5220,6434,1244,3591,6786,5342,2231,6279,13217,32354,3956,6640,14122,371,14063
0	850	11602	5220,6434,1244,3591,6786,5342,2231,6279,13217,32354,3956,6640,14122,371,14063
0	850	13780	5220,6434,1244,3591,6786,5342,2231,6279,13217,32354,3956,6640,14122,371,14063
1	850	16454	5220,6434,1244,3591,6786,5342,2231,6279,13217,32354,3956,6640,14122,371,14063
1	850	19271	5220,6434,1244,3591,6786,5342,2231,6279,13217,32354,3956,6640,14122,371,14063,16454
1	850	11839	5220,6434,1244,3591,6786,5342,2231,6279,13217,32354,3956,6640,14122,371,14063,16454,19271
1	850	9852	5220,6434,1244,3591,6786,5342,2231,6279,13217,32354,3956,6640,14122,371,14063,16454,19271,11839
1	850	19172	5220,6434,1244,3591,6786,5342,2231,6279,13217,32354,3956,6640,14122,371,14063,16454,19271,11839,9852
1	850	19872	5220,6434,1244,3591,6786,5342,2231,6279,13217,32354,3956,6640,14122,371,14063,16454,19271,11839,9852,19172
1	850	1440	5220,6434,1244,3591,6786,5342,2231,6279,13217,32354,3956,6640,14122,371,14063,16454,19271,11839,9852,19172,19872
0	850	2891	5220,6434,1244,3591,6786,5342,2231,6279,13217,32354,3956,6640,14122,371,14063,16454,19271,11839,9852,19172,19872,1440
1	850	3749	5220,6434,1244,3591,6786,5342,2231,6279,13217,32354,3956,6640,14122,371,14063,16454,19271,11839,9852,19172,19872,1440
1	850	24737	5220,6434,1244,3591,6786,5342,2231,6279,13217,32354,3956,6640,14122,371,14063,16454,19271,11839,9852,19172,19872,1440,3749
1	850	9636	5220,6434,1244,3591,6786,5342,2231,6279,13217,32354,3956,6640,14122,371,14063,16454,19271,11839,9852,19172,19872,1440,3749,24737
0	850	12414	5220,6434,1244,3591,6786,5342,2231,6279,13217,32354,3956,6640,14122,371,14063,16454,19271,11839,9852,19172,19872,1440,3749,24737,9636
0	850	19396	5220,6434,1244,3591,6786,5342,2231,6279,13217,32354,3956,6640,14122,371,14063,16454,19271,11839,9852,19172,19872,1440,3749,24737,9636
1	850	10088	5220,6434,1244,3591,6786,5342,2231,6279,13217,32354,3956,6640,14122,371,14063,16454,19271,11839,9852,19172,19872,1440,3749,24737,9636
1	850	15361	5220,6434,1244,3591,6786,5342,2231,6279,13217,32354,3956,6640,14122,371,14063,16454,19271,11839,9852,19172,19872,1440,3749,24737,9636,10088
1	850	31636	5220,6434,1244,3591,6786,5342,2231,6279,13217,32354,3956,6640,14122,371,14063,16454,19271,11839,9852,19172,19872,1440,3749,24737,9636,10088,15361
1	850	13227	5220,6434,1244,3591,6786,5342,2231,6279,13217,32354,3956,6640,14122,371,14063,16454,19271,11839,9852,19172,19872,1440,3749,24737,9636,10088,15361,31636
1	850	16490	5220,6434,1244,3591,6786,5342,2231,6279,13217,32354,3956,6640,14122,371,14063,16454,19271,11839,9852,19172,19872,1440,3749,24737,9636,10088,15361,31636,13227
0	850	15696	5220,6434,1244,3591,6786,5342,2231,6279,13217,32354,3956,6640,14122,371,14063,16454,19271,11839,9852,19172,19872,1440,3749,24737,9636,10088,15361,31636,13227,16490
1	850	18627	5220,6434,1244,3591,6786,5342,2231,6279,13217,32354,3956,6640,14122,371,14063,16454,19271,11839,9852,19172,19872,1440,3749,24737,9636,10088,15361,31636,13227,16490
0	850	21805	5220,6434,1244,3591,6786,5342,2231,6279,13217,32354,3956,6640,14122,371,14063,16454,19271,11839,9852,19172,19872,1440,3749,24737,9636,10088,15361,31636,13227,16490,18627
1	850	31659	5220,6434,1244,3591,6786,5342,2231,6279,13217,32354,3956,6640,14122,371,14063,16454,19271,11839,9852,19172,19872,1440,3749,24737,9636,10088,15361,31636,13227,16490,18627
1	850	11473	5220,6434,1244,3591,6786,5342,2231,6279,13217,32354,3956,6640,14122,371,14063,16454,19271,11839,9852,19172,19872,1440,3749,24737,9636,10088,15361,31636,13227,16490,18627,31659
0	850	364	5220,6434,1244,3591,6786,5342,2231,6279,13217,32354,3956,6640,14122,371,14063,16454,19271,11839,9852,19172,19872,1440,3749,24737,9636,10088,15361,31636,13227,16490,18627,31659,11473
0	850	3744	5220,6434,1244,3591,6786,5342,2231,6279,13217,32354,3956,6640,14122,371,14063,16454,19271,11839,9852,19172,19872,1440,3749,24737,9636,10088,15361,31636,13227,16490,18627,31659,11473
1	850	7175	5220,6434,1244,3591,6786,5342,2231,6279,13217,32354,3956,6640,14122,371,14063,16454,19271,11839,9852,19172,19872,1440,3749,24737,9636,10088,15361,31636,13227,16490,18627,31659,11473
1	850	17310	5220,6434,1244,3591,6786,5342,2231,6279,13217,32354,3956,6640,14122,371,14063,16454,19271,11839,9852,19172,19872,1440,3749,24737,9636,10088,15361,31636,13227,16490,18627,31659,11473,7175
1	850	21901	5220,6434,1244,3591,6786,5342,2231,6279,13217,32354,3956,6640,14122,371,14063,16454,19271,11839,9852,19172,19872,1440,3749,24737,9636,10088,15361,31636,13227,16490,18627,31659,11473,7175,17310
1	850	20560	5220,6434,1244,3591,6786,5342,2231,6279,13217,32354,3956,6640,14122,371,14063,16454,19271,11839,9852,19172,19872,1440,3749,24737,9636,10088,15361,31636,13227,16490,18627,31659,11473,7175,17310,21901
1	850	17469	5220,6434,1244,3591,6786,5342,2231,6279,13217,32354,3956,6640,14122,371,14063,16454,19271,11839,9852,19172,19872,1440,3749,24737,9636,10088,15361,31636,13227,16490,18627,31659,11473,7175,17310,21901,20560
1	850	21441	5220,6434,1244,3591,6786,5342,2231,6279,13217,32354,3956,6640,14122,371,14063,16454,19271,11839,9852,19172,19872,1440,3749,24737,9636,10088,15361,31636,13227,16490,18627,31659,11473,7175,17310,21901,20560,17469
0	850	21006	5220,6434,1244,3591,6786,5342,2231,6279,13217,32354,3956,6640,14122,371,14063,16454,19271,11839,9852,19172,19872,1440,3749,24737,9636,10088,15361,31636,13227,16490,18627,31659,11473,7175,17310,21901,20560,17469,21441
1	850	23206	5220,6434,1244,3591,6786,5342,2231,6279,13217,32354,3956,6640,14122,371,14063,16454,19271,11839,9852,19172,19872,1440,3749,24737,9636,10088,15361,31636,13227,16490,18627,31659,11473,7175,17310,21901,20560,17469,21441
0	850	20954	5220,6434,1244,3591,6786,5342,2231,6279,13217,32354,3956,6640,14122,371,14063,16454,19271,11839,9852,19172,19872,1440,3749,24737,9636,10088,15361,31636,13227,16490,18627,31659,11473,7175,17310,21901,20560,17469,21441,23206
0	850	14064	5220,6434,1244,3591,6786,5342,2231,6279,13217,32354,3956,6640,14122,371,14063,16454,19271,11839,9852,19172,19872,1440,3749,24737,9636,10088,15361,31636,13227,16490,18627,31659,11473,7175,17310,21901,20560,17469,21441,23206
0	850	31827	5220,6434,1244,3591,6786,5342,2231,6279,13217,32354,3956,6640,14122,371,14063,16454,19271,11839,9852,19172,19872,1440,3749,24737,9636,10088,15361,31636,13227,16490,18627,31659,11473,7175,17310,21901,20560,17469,21441,23206
0	850	25997	5220,6434,1244,3591,6786,5342,2231,6279,13217,32354,3956,6640,14122,371,14063,16454,19271,11839,9852,19172,19872,1440,3749,24737,9636,10088,15361,31636,13227,16490,18627,31659,11473,7175,17310,21901,20560,17469,21441,23206
1	850	24778	5220,6434,1244,3591,6786,5342,2231,6279,13217,32354,3956,6640,14122,371,14063,16454,19271,11839,9852,19172,19872,1440,3749,24737,9636,10088,15361,31636,13227,16490,18627,31659,11473,7175,17310,21901,20560,17469,21441,23206
1	850	23885	5220,6434,1244,3591,6786,5342,2231,6279,13217,32354,3956,6640,14122,371,14063,16454,19271,11839,9852,19172,19872,1440,3749,24737,9636,10088,15361,31636,13227,16490,18627,31659,11473,7175,17310,21901,20560,17469,21441,23206,24778
1	850	26764	5220,6434,1244,3591,6786,5342,2231,6279,13217,32354,3956,6640,14122,371,14063,16454,19271,11839,9852,19172,19872,1440,3749,24737,9636,10088,15361,31636,13227,16490,18627,31659,11473,7175,17310,21901,20560,17469,21441,23206,24778,23885
1	850	32885	5220,6434,1244,3591,6786,5342,2231,6279,13217,32354,3956,6640,14122,371,14063,16454,19271,11839,9852,19172,19872,1440,3749,24737,9636,10088,15361,31636,13227,16490,18627,31659,11473,7175,17310,21901,20560,17469,21441,23206,24778,23885,26764
1	850	24166	5220,6434,1244,3591,6786,5342,2231,6279,13217,32354,3956,6640,14122,371,14063,16454,19271,11839,9852,19172,19872,1440,3749,24737,9636,10088,15361,31636,13227,16490,18627,31659,11473,7175,17310,21901,20560,17469,21441,23206,24778,23885,26764,32885
0	850	27919	5220,6434,1244,3591,6786,5342,2231,6279,13217,32354,3956,6640,14122,371,14063,16454,19271,11839,9852,19172,19872,1440,3749,24737,9636,10088,15361,31636,13227,16490,18627,31659,11473,7175,17310,21901,20560,17469,21441,23206,24778,23885,26764,32885,24166
0	850	14497	5220,6434,1244,3591,6786,5342,2231,6279,13217,32354,3956,6640,14122,371,14063,16454,19271,11839,9852,19172,19872,1440,3749,24737,9636,10088,15361,31636,13227,16490,18627,31659,11473,7175,17310,21901,20560,17469,21441,23206,24778,23885,26764,32885,24166
0	850	28161	5220,6434,1244,3591,6786,5342,2231,6279,13217,32354,3956,6640,14122,371,14063,16454,19271,11839,9852,19172,19872,1440,3749,24737,9636,10088,15361,31636,13227,16490,18627,31659,11473,7175,17310,21901,20560,17469,21441,23206,24778,23885,26764,32885,24166
1	850	20691	5220,6434,1244,3591,6786,5342,2231,6279,13217,32354,3956,6640,14122,371,14063,16454,19271,11839,9852,19172,19872,1440,3749,24737,9636,10088,15361,31636,13227,16490,18627,31659,11473,7175,17310,21901,20560,17469,21441,23206,24778,23885,26764,32885,24166
0	850	28063	5220,6434,1244,3591,6786,5342,2231,6279,13217,32354,3956,6640,14122,371,14063,16454,19271,11839,9852,19172,19872,1440,3749,24737,9636,10088,15361,31636,13227,16490,18627,31659,11473,7175,17310,21901,20560,17469,21441,23206,24778,23885,26764,32885,24166,20691
1	850	25988	5220,6434,1244,3591,6786,5342,2231,6279,13217,32354,3956,6640,14122,371,14063,16454,19271,11839,9852,19172,19872,1440,3749,24737,9636,10088,15361,31636,13227,16490,18627,31659,11473,7175,17310,21901,20560,17469,21441,23206,24778,23885,26764,32885,24166,20691
0	850	29318	5220,6434,1244,3591,6786,5342,2231,6279,13217,32354,3956,6640,14122,371,14063,16454,19271,11839,9852,19172,19872,1440,3749,24737,9636,10088,15361,31636,13227,16490,18627,31659,11473,7175,17310,21901,20560,17469,21441,23206,24778,23885,26764,32885,24166,20691,25988
1	850	29330	5220,6434,1244,3591,6786,5342,2231,6279,13217,32354,3956,6640,14122,371,14063,16454,19271,11839,9852,19172,19872,1440,3749,24737,9636,10088,15361,31636,13227,16490,18627,31659,11473,7175,17310,21901,20560,17469,21441,23206,24778,23885,26764,32885,24166,20691,25988
1	850	29575	5220,6434,1244,3591,6786,5342,2231,6279,13217,32354,3956,6640,14122,371,14063,16454,19271,11839,9852,19172,19872,1440,3749,24737,9636,10088,15361,31636,13227,16490,18627,31659,11473,7175,17310,21901,20560,17469,21441,23206,24778,23885,26764,32885,24166,20691,25988,29330
1	850	1765	5220,6434,1244,3591,6786,5342,2231,6279,13217,32354,3956,6640,14122,371,14063,16454,19271,11839,9852,19172,19872,1440,3749,24737,9636,10088,15361,31636,13227,16490,18627,31659,11473,7175,17310,21901,20560,17469,21441,23206,24778,23885,26764,32885,24166,20691,25988,29330,29575
