1	1281	27706	0
1	1281	2796	27706
0	1281	4737	27706,2796
1	1281	4888	27706,2796
0	1281	8019	27706,2796,4888
0	1281	1989	27706,2796,4888
0	1281	13382	27706,2796,4888
0	1281	23769	27706,2796,4888
0	1281	33030	27706,2796,4888
1	1281	3387	27706,2796,4888
0	1281	4740	27706,2796,4888,3387
1	1281	5341	27706,2796,4888,3387
1	1281	10951	27706,2796,4888,3387,5341
1	1281	3370	27706,2796,4888,3387,5341,10951
1	1281	4390	27706,2796,4888,3387,5341,10951,3370
0	1281	7653	27706,2796,4888,3387,5341,10951,3370,4390
1	1281	10123	27706,2796,4888,3387,5341,10951,3370,4390
1	1281	12656	27706,2796,4888,3387,5341,10951,3370,4390,10123
1	1281	14953	27706,2796,4888,3387,5341,10951,3370,4390,10123,12656
1	1281	18856	27706,2796,4888,3387,5341,10951,3370,4390,10123,12656,14953
1	1281	18917	27706,2796,4888,3387,5341,10951,3370,4390,10123,12656,14953,18856
1	1281	20219	27706,2796,4888,3387,5341,10951,3370,4390,10123,12656,14953,18856,18917
1	1281	20849	27706,2796,4888,3387,5341,10951,3370,4390,10123,12656,14953,18856,18917,20219
1	1281	12385	27706,2796,4888,3387,5341,10951,3370,4390,10123,12656,14953,18856,18917,20219,20849
1	1281	31715	27706,2796,4888,3387,5341,10951,3370,4390,10123,12656,14953,18856,18917,20219,20849,12385
1	1281	32968	27706,2796,4888,3387,5341,10951,3370,4390,10123,12656,14953,18856,18917,20219,20849,12385,31715
1	1281	32969	27706,2796,4888,3387,5341,10951,3370,4390,10123,12656,14953,18856,18917,20219,20849,12385,31715,32968
1	1281	7993	27706,2796,4888,3387,5341,10951,3370,4390,10123,12656,14953,18856,18917,20219,20849,12385,31715,32968,32969
1	1281	13380	27706,2796,4888,3387,5341,10951,3370,4390,10123,12656,14953,18856,18917,20219,20849,12385,31715,32968,32969,7993
1	1281	16279	27706,2796,4888,3387,5341,10951,3370,4390,10123,12656,14953,18856,18917,20219,20849,12385,31715,32968,32969,7993,13380
1	1281	21374	27706,2796,4888,3387,5341,10951,3370,4390,10123,12656,14953,18856,18917,20219,20849,12385,31715,32968,32969,7993,13380,16279
1	1281	22426	27706,2796,4888,3387,5341,10951,3370,4390,10123,12656,14953,18856,18917,20219,20849,12385,31715,32968,32969,7993,13380,16279,21374
1	1281	20260	27706,2796,4888,3387,5341,10951,3370,4390,10123,12656,14953,18856,18917,20219,20849,12385,31715,32968,32969,7993,13380,16279,21374,22426
