1	1335	13787	0
0	1335	14547	13787
0	1335	28107	13787
1	1335	60	13787
1	1335	4626	13787,60
0	1335	5349	13787,60,4626
1	1335	6303	13787,60,4626
0	1335	6269	13787,60,4626,6303
0	1335	8135	13787,60,4626,6303
1	1335	6990	13787,60,4626,6303
1	1335	6958	13787,60,4626,6303,6990
1	1335	8973	13787,60,4626,6303,6990,6958
1	1335	8724	13787,60,4626,6303,6990,6958,8973
1	1335	8960	13787,60,4626,6303,6990,6958,8973,8724
0	1335	9194	13787,60,4626,6303,6990,6958,8973,8724,8960
1	1335	11571	13787,60,4626,6303,6990,6958,8973,8724,8960
0	1335	12040	13787,60,4626,6303,6990,6958,8973,8724,8960,11571
1	1335	13228	13787,60,4626,6303,6990,6958,8973,8724,8960,11571
1	1335	9877	13787,60,4626,6303,6990,6958,8973,8724,8960,11571,13228
1	1335	12899	13787,60,4626,6303,6990,6958,8973,8724,8960,11571,13228,9877
0	1335	8528	13787,60,4626,6303,6990,6958,8973,8724,8960,11571,13228,9877,12899
0	1335	12941	13787,60,4626,6303,6990,6958,8973,8724,8960,11571,13228,9877,12899
0	1335	13960	13787,60,4626,6303,6990,6958,8973,8724,8960,11571,13228,9877,12899
1	1335	12794	13787,60,4626,6303,6990,6958,8973,8724,8960,11571,13228,9877,12899
1	1335	16754	13787,60,4626,6303,6990,6958,8973,8724,8960,11571,13228,9877,12899,12794
1	1335	15533	13787,60,4626,6303,6990,6958,8973,8724,8960,11571,13228,9877,12899,12794,16754
1	1335	15859	13787,60,4626,6303,6990,6958,8973,8724,8960,11571,13228,9877,12899,12794,16754,15533
1	1335	17330	13787,60,4626,6303,6990,6958,8973,8724,8960,11571,13228,9877,12899,12794,16754,15533,15859
1	1335	5423	13787,60,4626,6303,6990,6958,8973,8724,8960,11571,13228,9877,12899,12794,16754,15533,15859,17330
0	1335	19792	13787,60,4626,6303,6990,6958,8973,8724,8960,11571,13228,9877,12899,12794,16754,15533,15859,17330,5423
1	1335	9703	13787,60,4626,6303,6990,6958,8973,8724,8960,11571,13228,9877,12899,12794,16754,15533,15859,17330,5423
1	1335	17150	13787,60,4626,6303,6990,6958,8973,8724,8960,11571,13228,9877,12899,12794,16754,15533,15859,17330,5423,9703
1	1335	13660	13787,60,4626,6303,6990,6958,8973,8724,8960,11571,13228,9877,12899,12794,16754,15533,15859,17330,5423,9703,17150
0	1335	19445	13787,60,4626,6303,6990,6958,8973,8724,8960,11571,13228,9877,12899,12794,16754,15533,15859,17330,5423,9703,17150,13660
1	1335	20658	13787,60,4626,6303,6990,6958,8973,8724,8960,11571,13228,9877,12899,12794,16754,15533,15859,17330,5423,9703,17150,13660
0	1335	18757	13787,60,4626,6303,6990,6958,8973,8724,8960,11571,13228,9877,12899,12794,16754,15533,15859,17330,5423,9703,17150,13660,20658
0	1335	18403	13787,60,4626,6303,6990,6958,8973,8724,8960,11571,13228,9877,12899,12794,16754,15533,15859,17330,5423,9703,17150,13660,20658
0	1335	22919	13787,60,4626,6303,6990,6958,8973,8724,8960,11571,13228,9877,12899,12794,16754,15533,15859,17330,5423,9703,17150,13660,20658
1	1335	22319	13787,60,4626,6303,6990,6958,8973,8724,8960,11571,13228,9877,12899,12794,16754,15533,15859,17330,5423,9703,17150,13660,20658
1	1335	24089	13787,60,4626,6303,6990,6958,8973,8724,8960,11571,13228,9877,12899,12794,16754,15533,15859,17330,5423,9703,17150,13660,20658,22319
0	1335	15219	13787,60,4626,6303,6990,6958,8973,8724,8960,11571,13228,9877,12899,12794,16754,15533,15859,17330,5423,9703,17150,13660,20658,22319,24089
0	1335	6326	13787,60,4626,6303,6990,6958,8973,8724,8960,11571,13228,9877,12899,12794,16754,15533,15859,17330,5423,9703,17150,13660,20658,22319,24089
1	1335	17807	13787,60,4626,6303,6990,6958,8973,8724,8960,11571,13228,9877,12899,12794,16754,15533,15859,17330,5423,9703,17150,13660,20658,22319,24089
1	1335	19579	13787,60,4626,6303,6990,6958,8973,8724,8960,11571,13228,9877,12899,12794,16754,15533,15859,17330,5423,9703,17150,13660,20658,22319,24089,17807
0	1335	23127	13787,60,4626,6303,6990,6958,8973,8724,8960,11571,13228,9877,12899,12794,16754,15533,15859,17330,5423,9703,17150,13660,20658,22319,24089,17807,19579
1	1335	25161	13787,60,4626,6303,6990,6958,8973,8724,8960,11571,13228,9877,12899,12794,16754,15533,15859,17330,5423,9703,17150,13660,20658,22319,24089,17807,19579
0	1335	23322	13787,60,4626,6303,6990,6958,8973,8724,8960,11571,13228,9877,12899,12794,16754,15533,15859,17330,5423,9703,17150,13660,20658,22319,24089,17807,19579,25161
0	1335	24729	13787,60,4626,6303,6990,6958,8973,8724,8960,11571,13228,9877,12899,12794,16754,15533,15859,17330,5423,9703,17150,13660,20658,22319,24089,17807,19579,25161
0	1335	22515	13787,60,4626,6303,6990,6958,8973,8724,8960,11571,13228,9877,12899,12794,16754,15533,15859,17330,5423,9703,17150,13660,20658,22319,24089,17807,19579,25161
0	1335	27076	13787,60,4626,6303,6990,6958,8973,8724,8960,11571,13228,9877,12899,12794,16754,15533,15859,17330,5423,9703,17150,13660,20658,22319,24089,17807,19579,25161
1	1335	23768	13787,60,4626,6303,6990,6958,8973,8724,8960,11571,13228,9877,12899,12794,16754,15533,15859,17330,5423,9703,17150,13660,20658,22319,24089,17807,19579,25161
1	1335	26181	13787,60,4626,6303,6990,6958,8973,8724,8960,11571,13228,9877,12899,12794,16754,15533,15859,17330,5423,9703,17150,13660,20658,22319,24089,17807,19579,25161,23768
0	1335	4011	13787,60,4626,6303,6990,6958,8973,8724,8960,11571,13228,9877,12899,12794,16754,15533,15859,17330,5423,9703,17150,13660,20658,22319,24089,17807,19579,25161,23768,26181
0	1335	27395	13787,60,4626,6303,6990,6958,8973,8724,8960,11571,13228,9877,12899,12794,16754,15533,15859,17330,5423,9703,17150,13660,20658,22319,24089,17807,19579,25161,23768,26181
0	1335	28609	13787,60,4626,6303,6990,6958,8973,8724,8960,11571,13228,9877,12899,12794,16754,15533,15859,17330,5423,9703,17150,13660,20658,22319,24089,17807,19579,25161,23768,26181
1	1335	28038	13787,60,4626,6303,6990,6958,8973,8724,8960,11571,13228,9877,12899,12794,16754,15533,15859,17330,5423,9703,17150,13660,20658,22319,24089,17807,19579,25161,23768,26181
