1	382	802	0
1	382	31722	802
0	382	4756	802,31722
1	382	9169	802,31722
0	382	31074	802,31722,9169
1	382	2053	802,31722,9169
0	382	11933	802,31722,9169,2053
1	382	7110	802,31722,9169,2053
1	382	1451	802,31722,9169,2053,7110
0	382	1703	802,31722,9169,2053,7110,1451
1	382	3159	802,31722,9169,2053,7110,1451
0	382	13265	802,31722,9169,2053,7110,1451,3159
1	382	13941	802,31722,9169,2053,7110,1451,3159
0	382	19783	802,31722,9169,2053,7110,1451,3159,13941
0	382	7480	802,31722,9169,2053,7110,1451,3159,13941
1	382	31541	802,31722,9169,2053,7110,1451,3159,13941
0	382	22180	802,31722,9169,2053,7110,1451,3159,13941,31541
1	382	15491	802,31722,9169,2053,7110,1451,3159,13941,31541
1	382	6970	802,31722,9169,2053,7110,1451,3159,13941,31541,15491
1	382	14018	802,31722,9169,2053,7110,1451,3159,13941,31541,15491,6970
1	382	14966	802,31722,9169,2053,7110,1451,3159,13941,31541,15491,6970,14018
1	382	15702	802,31722,9169,2053,7110,1451,3159,13941,31541,15491,6970,14018,14966
1	382	17871	802,31722,9169,2053,7110,1451,3159,13941,31541,15491,6970,14018,14966,15702
1	382	19481	802,31722,9169,2053,7110,1451,3159,13941,31541,15491,6970,14018,14966,15702,17871
1	382	21915	802,31722,9169,2053,7110,1451,3159,13941,31541,15491,6970,14018,14966,15702,17871,19481
1	382	32256	802,31722,9169,2053,7110,1451,3159,13941,31541,15491,6970,14018,14966,15702,17871,19481,21915
0	382	18914	802,31722,9169,2053,7110,1451,3159,13941,31541,15491,6970,14018,14966,15702,17871,19481,21915,32256
1	382	21830	802,31722,9169,2053,7110,1451,3159,13941,31541,15491,6970,14018,14966,15702,17871,19481,21915,32256
0	382	23978	802,31722,9169,2053,7110,1451,3159,13941,31541,15491,6970,14018,14966,15702,17871,19481,21915,32256,21830
0	382	32163	802,31722,9169,2053,7110,1451,3159,13941,31541,15491,6970,14018,14966,15702,17871,19481,21915,32256,21830
0	382	24682	802,31722,9169,2053,7110,1451,3159,13941,31541,15491,6970,14018,14966,15702,17871,19481,21915,32256,21830
1	382	19144	802,31722,9169,2053,7110,1451,3159,13941,31541,15491,6970,14018,14966,15702,17871,19481,21915,32256,21830
0	382	19550	802,31722,9169,2053,7110,1451,3159,13941,31541,15491,6970,14018,14966,15702,17871,19481,21915,32256,21830,19144
1	382	11805	802,31722,9169,2053,7110,1451,3159,13941,31541,15491,6970,14018,14966,15702,17871,19481,21915,32256,21830,19144
1	382	14419	802,31722,9169,2053,7110,1451,3159,13941,31541,15491,6970,14018,14966,15702,17871,19481,21915,32256,21830,19144,11805
0	382	19626	802,31722,9169,2053,7110,1451,3159,13941,31541,15491,6970,14018,14966,15702,17871,19481,21915,32256,21830,19144,11805,14419
1	382	12123	802,31722,9169,2053,7110,1451,3159,13941,31541,15491,6970,14018,14966,15702,17871,19481,21915,32256,21830,19144,11805,14419
