0	1090	13849	0
1	1090	24657	0
1	1090	27426	24657
1	1090	27944	24657,27426
0	1090	28784	24657,27426,27944
0	1090	12341	24657,27426,27944
0	1090	7258	24657,27426,27944
1	1090	31040	24657,27426,27944
0	1090	30825	24657,27426,27944,31040
1	1090	1582	24657,27426,27944,31040
1	1090	1940	24657,27426,27944,31040,1582
0	1090	3360	24657,27426,27944,31040,1582,1940
0	1090	4577	24657,27426,27944,31040,1582,1940
1	1090	6172	24657,27426,27944,31040,1582,1940
1	1090	795	24657,27426,27944,31040,1582,1940,6172
1	1090	10638	24657,27426,27944,31040,1582,1940,6172,795
0	1090	9879	24657,27426,27944,31040,1582,1940,6172,795,10638
0	1090	9905	24657,27426,27944,31040,1582,1940,6172,795,10638
1	1090	11891	24657,27426,27944,31040,1582,1940,6172,795,10638
1	1090	14046	24657,27426,27944,31040,1582,1940,6172,795,10638,11891
0	1090	9784	24657,27426,27944,31040,1582,1940,6172,795,10638,11891,14046
0	1090	10083	24657,27426,27944,31040,1582,1940,6172,795,10638,11891,14046
0	1090	15211	24657,27426,27944,31040,1582,1940,6172,795,10638,11891,14046
0	1090	10561	24657,27426,27944,31040,1582,1940,6172,795,10638,11891,14046
0	1090	14308	24657,27426,27944,31040,1582,1940,6172,795,10638,11891,14046
0	1090	6269	24657,27426,27944,31040,1582,1940,6172,795,10638,11891,14046
1	1090	16168	24657,27426,27944,31040,1582,1940,6172,795,10638,11891,14046
1	1090	14497	24657,27426,27944,31040,1582,1940,6172,795,10638,11891,14046,16168
1	1090	16320	24657,27426,27944,31040,1582,1940,6172,795,10638,11891,14046,16168,14497
1	1090	17011	24657,27426,27944,31040,1582,1940,6172,795,10638,11891,14046,16168,14497,16320
0	1090	17188	24657,27426,27944,31040,1582,1940,6172,795,10638,11891,14046,16168,14497,16320,17011
0	1090	18383	24657,27426,27944,31040,1582,1940,6172,795,10638,11891,14046,16168,14497,16320,17011
1	1090	17688	24657,27426,27944,31040,1582,1940,6172,795,10638,11891,14046,16168,14497,16320,17011
0	1090	21954	24657,27426,27944,31040,1582,1940,6172,795,10638,11891,14046,16168,14497,16320,17011,17688
1	1090	22748	24657,27426,27944,31040,1582,1940,6172,795,10638,11891,14046,16168,14497,16320,17011,17688
1	1090	20959	24657,27426,27944,31040,1582,1940,6172,795,10638,11891,14046,16168,14497,16320,17011,17688,22748
0	1090	15097	24657,27426,27944,31040,1582,1940,6172,795,10638,11891,14046,16168,14497,16320,17011,17688,22748,20959
1	1090	10601	24657,27426,27944,31040,1582,1940,6172,795,10638,11891,14046,16168,14497,16320,17011,17688,22748,20959
0	1090	23491	24657,27426,27944,31040,1582,1940,6172,795,10638,11891,14046,16168,14497,16320,17011,17688,22748,20959,10601
0	1090	24215	24657,27426,27944,31040,1582,1940,6172,795,10638,11891,14046,16168,14497,16320,17011,17688,22748,20959,10601
1	1090	23768	24657,27426,27944,31040,1582,1940,6172,795,10638,11891,14046,16168,14497,16320,17011,17688,22748,20959,10601
0	1090	28902	24657,27426,27944,31040,1582,1940,6172,795,10638,11891,14046,16168,14497,16320,17011,17688,22748,20959,10601,23768
