1	1311	1123	0
1	1311	3264	1123
1	1311	32149	1123,3264
1	1311	157	1123,3264,32149
1	1311	1719	1123,3264,32149,157
0	1311	17494	1123,3264,32149,157,1719
0	1311	17343	1123,3264,32149,157,1719
1	1311	13458	1123,3264,32149,157,1719
1	1311	15708	1123,3264,32149,157,1719,13458
1	1311	18399	1123,3264,32149,157,1719,13458,15708
0	1311	11992	1123,3264,32149,157,1719,13458,15708,18399
1	1311	7664	1123,3264,32149,157,1719,13458,15708,18399
1	1311	19032	1123,3264,32149,157,1719,13458,15708,18399,7664
1	1311	438	1123,3264,32149,157,1719,13458,15708,18399,7664,19032
1	1311	1314	1123,3264,32149,157,1719,13458,15708,18399,7664,19032,438
0	1311	3797	1123,3264,32149,157,1719,13458,15708,18399,7664,19032,438,1314
0	1311	6930	1123,3264,32149,157,1719,13458,15708,18399,7664,19032,438,1314
1	1311	8404	1123,3264,32149,157,1719,13458,15708,18399,7664,19032,438,1314
0	1311	10021	1123,3264,32149,157,1719,13458,15708,18399,7664,19032,438,1314,8404
1	1311	12619	1123,3264,32149,157,1719,13458,15708,18399,7664,19032,438,1314,8404
1	1311	15157	1123,3264,32149,157,1719,13458,15708,18399,7664,19032,438,1314,8404,12619
0	1311	15158	1123,3264,32149,157,1719,13458,15708,18399,7664,19032,438,1314,8404,12619,15157
1	1311	18541	1123,3264,32149,157,1719,13458,15708,18399,7664,19032,438,1314,8404,12619,15157
1	1311	18988	1123,3264,32149,157,1719,13458,15708,18399,7664,19032,438,1314,8404,12619,15157,18541
0	1311	21477	1123,3264,32149,157,1719,13458,15708,18399,7664,19032,438,1314,8404,12619,15157,18541,18988
1	1311	22526	1123,3264,32149,157,1719,13458,15708,18399,7664,19032,438,1314,8404,12619,15157,18541,18988
1	1311	22737	1123,3264,32149,157,1719,13458,15708,18399,7664,19032,438,1314,8404,12619,15157,18541,18988,22526
1	1311	8558	1123,3264,32149,157,1719,13458,15708,18399,7664,19032,438,1314,8404,12619,15157,18541,18988,22526,22737
1	1311	13794	1123,3264,32149,157,1719,13458,15708,18399,7664,19032,438,1314,8404,12619,15157,18541,18988,22526,22737,8558
1	1311	20192	1123,3264,32149,157,1719,13458,15708,18399,7664,19032,438,1314,8404,12619,15157,18541,18988,22526,22737,8558,13794
1	1311	8400	1123,3264,32149,157,1719,13458,15708,18399,7664,19032,438,1314,8404,12619,15157,18541,18988,22526,22737,8558,13794,20192
1	1311	13626	1123,3264,32149,157,1719,13458,15708,18399,7664,19032,438,1314,8404,12619,15157,18541,18988,22526,22737,8558,13794,20192,8400
0	1311	17969	1123,3264,32149,157,1719,13458,15708,18399,7664,19032,438,1314,8404,12619,15157,18541,18988,22526,22737,8558,13794,20192,8400,13626
1	1311	22205	1123,3264,32149,157,1719,13458,15708,18399,7664,19032,438,1314,8404,12619,15157,18541,18988,22526,22737,8558,13794,20192,8400,13626
1	1311	22537	1123,3264,32149,157,1719,13458,15708,18399,7664,19032,438,1314,8404,12619,15157,18541,18988,22526,22737,8558,13794,20192,8400,13626,22205
1	1311	32403	1123,3264,32149,157,1719,13458,15708,18399,7664,19032,438,1314,8404,12619,15157,18541,18988,22526,22737,8558,13794,20192,8400,13626,22205,22537
1	1311	2076	1123,3264,32149,157,1719,13458,15708,18399,7664,19032,438,1314,8404,12619,15157,18541,18988,22526,22737,8558,13794,20192,8400,13626,22205,22537,32403
1	1311	3695	1123,3264,32149,157,1719,13458,15708,18399,7664,19032,438,1314,8404,12619,15157,18541,18988,22526,22737,8558,13794,20192,8400,13626,22205,22537,32403,2076
0	1311	4272	1123,3264,32149,157,1719,13458,15708,18399,7664,19032,438,1314,8404,12619,15157,18541,18988,22526,22737,8558,13794,20192,8400,13626,22205,22537,32403,2076,3695
0	1311	8058	1123,3264,32149,157,1719,13458,15708,18399,7664,19032,438,1314,8404,12619,15157,18541,18988,22526,22737,8558,13794,20192,8400,13626,22205,22537,32403,2076,3695
1	1311	10357	1123,3264,32149,157,1719,13458,15708,18399,7664,19032,438,1314,8404,12619,15157,18541,18988,22526,22737,8558,13794,20192,8400,13626,22205,22537,32403,2076,3695
1	1311	22261	1123,3264,32149,157,1719,13458,15708,18399,7664,19032,438,1314,8404,12619,15157,18541,18988,22526,22737,8558,13794,20192,8400,13626,22205,22537,32403,2076,3695,10357
