1	391	31630	0
0	391	32948	31630
0	391	14318	31630
0	391	4529	31630
0	391	30806	31630
1	391	32800	31630
0	391	30928	31630,32800
0	391	5591	31630,32800
1	391	5299	31630,32800
0	391	19756	31630,32800,5299
0	391	32716	31630,32800,5299
0	391	8270	31630,32800,5299
1	391	32478	31630,32800,5299
1	391	5900	31630,32800,5299,32478
0	391	8433	31630,32800,5299,32478,5900
1	391	3357	31630,32800,5299,32478,5900
0	391	17	31630,32800,5299,32478,5900,3357
0	391	8309	31630,32800,5299,32478,5900,3357
1	391	7110	31630,32800,5299,32478,5900,3357
0	391	3697	31630,32800,5299,32478,5900,3357,7110
1	391	6113	31630,32800,5299,32478,5900,3357,7110
0	391	13803	31630,32800,5299,32478,5900,3357,7110,6113
0	391	15769	31630,32800,5299,32478,5900,3357,7110,6113
0	391	21318	31630,32800,5299,32478,5900,3357,7110,6113
0	391	21819	31630,32800,5299,32478,5900,3357,7110,6113
0	391	4705	31630,32800,5299,32478,5900,3357,7110,6113
1	391	21445	31630,32800,5299,32478,5900,3357,7110,6113
1	391	6090	31630,32800,5299,32478,5900,3357,7110,6113,21445
1	391	7421	31630,32800,5299,32478,5900,3357,7110,6113,21445,6090
0	391	8366	31630,32800,5299,32478,5900,3357,7110,6113,21445,6090,7421
0	391	22869	31630,32800,5299,32478,5900,3357,7110,6113,21445,6090,7421
1	391	24449	31630,32800,5299,32478,5900,3357,7110,6113,21445,6090,7421
0	391	24537	31630,32800,5299,32478,5900,3357,7110,6113,21445,6090,7421,24449
1	391	26411	31630,32800,5299,32478,5900,3357,7110,6113,21445,6090,7421,24449
0	391	13473	31630,32800,5299,32478,5900,3357,7110,6113,21445,6090,7421,24449,26411
