0	371	16682	0
0	371	9256	0
0	371	13195	0
0	371	31855	0
1	371	15980	0
1	371	361	15980
0	371	17032	15980,361
1	371	10828	15980,361
0	371	304	15980,361,10828
1	371	4913	15980,361,10828
1	371	30980	15980,361,10828,4913
1	371	2337	15980,361,10828,4913,30980
1	371	3958	15980,361,10828,4913,30980,2337
1	371	2223	15980,361,10828,4913,30980,2337,3958
0	371	13825	15980,361,10828,4913,30980,2337,3958,2223
0	371	9358	15980,361,10828,4913,30980,2337,3958,2223
0	371	17448	15980,361,10828,4913,30980,2337,3958,2223
0	371	18179	15980,361,10828,4913,30980,2337,3958,2223
1	371	16578	15980,361,10828,4913,30980,2337,3958,2223
0	371	14063	15980,361,10828,4913,30980,2337,3958,2223,16578
1	371	13742	15980,361,10828,4913,30980,2337,3958,2223,16578
1	371	14959	15980,361,10828,4913,30980,2337,3958,2223,16578,13742
1	371	13591	15980,361,10828,4913,30980,2337,3958,2223,16578,13742,14959
0	371	31489	15980,361,10828,4913,30980,2337,3958,2223,16578,13742,14959,13591
1	371	10088	15980,361,10828,4913,30980,2337,3958,2223,16578,13742,14959,13591
0	371	3215	15980,361,10828,4913,30980,2337,3958,2223,16578,13742,14959,13591,10088
1	371	12553	15980,361,10828,4913,30980,2337,3958,2223,16578,13742,14959,13591,10088
0	371	14394	15980,361,10828,4913,30980,2337,3958,2223,16578,13742,14959,13591,10088,12553
1	371	4120	15980,361,10828,4913,30980,2337,3958,2223,16578,13742,14959,13591,10088,12553
1	371	5887	15980,361,10828,4913,30980,2337,3958,2223,16578,13742,14959,13591,10088,12553,4120
1	371	18111	15980,361,10828,4913,30980,2337,3958,2223,16578,13742,14959,13591,10088,12553,4120,5887
1	371	18102	15980,361,10828,4913,30980,2337,3958,2223,16578,13742,14959,13591,10088,12553,4120,5887,18111
1	371	31669	15980,361,10828,4913,30980,2337,3958,2223,16578,13742,14959,13591,10088,12553,4120,5887,18111,18102
1	371	20618	15980,361,10828,4913,30980,2337,3958,2223,16578,13742,14959,13591,10088,12553,4120,5887,18111,18102,31669
1	371	15316	15980,361,10828,4913,30980,2337,3958,2223,16578,13742,14959,13591,10088,12553,4120,5887,18111,18102,31669,20618
1	371	4216	15980,361,10828,4913,30980,2337,3958,2223,16578,13742,14959,13591,10088,12553,4120,5887,18111,18102,31669,20618,15316
1	371	12724	15980,361,10828,4913,30980,2337,3958,2223,16578,13742,14959,13591,10088,12553,4120,5887,18111,18102,31669,20618,15316,4216
1	371	5016	15980,361,10828,4913,30980,2337,3958,2223,16578,13742,14959,13591,10088,12553,4120,5887,18111,18102,31669,20618,15316,4216,12724
1	371	16329	15980,361,10828,4913,30980,2337,3958,2223,16578,13742,14959,13591,10088,12553,4120,5887,18111,18102,31669,20618,15316,4216,12724,5016
1	371	32294	15980,361,10828,4913,30980,2337,3958,2223,16578,13742,14959,13591,10088,12553,4120,5887,18111,18102,31669,20618,15316,4216,12724,5016,16329
1	371	21125	15980,361,10828,4913,30980,2337,3958,2223,16578,13742,14959,13591,10088,12553,4120,5887,18111,18102,31669,20618,15316,4216,12724,5016,16329,32294
1	371	30786	15980,361,10828,4913,30980,2337,3958,2223,16578,13742,14959,13591,10088,12553,4120,5887,18111,18102,31669,20618,15316,4216,12724,5016,16329,32294,21125
1	371	18183	15980,361,10828,4913,30980,2337,3958,2223,16578,13742,14959,13591,10088,12553,4120,5887,18111,18102,31669,20618,15316,4216,12724,5016,16329,32294,21125,30786
0	371	19112	15980,361,10828,4913,30980,2337,3958,2223,16578,13742,14959,13591,10088,12553,4120,5887,18111,18102,31669,20618,15316,4216,12724,5016,16329,32294,21125,30786,18183
1	371	2940	15980,361,10828,4913,30980,2337,3958,2223,16578,13742,14959,13591,10088,12553,4120,5887,18111,18102,31669,20618,15316,4216,12724,5016,16329,32294,21125,30786,18183
1	371	10588	15980,361,10828,4913,30980,2337,3958,2223,16578,13742,14959,13591,10088,12553,4120,5887,18111,18102,31669,20618,15316,4216,12724,5016,16329,32294,21125,30786,18183,2940
1	371	23872	15980,361,10828,4913,30980,2337,3958,2223,16578,13742,14959,13591,10088,12553,4120,5887,18111,18102,31669,20618,15316,4216,12724,5016,16329,32294,21125,30786,18183,2940,10588
1	371	972	15980,361,10828,4913,30980,2337,3958,2223,16578,13742,14959,13591,10088,12553,4120,5887,18111,18102,31669,20618,15316,4216,12724,5016,16329,32294,21125,30786,18183,2940,10588,23872
1	371	24277	15980,361,10828,4913,30980,2337,3958,2223,16578,13742,14959,13591,10088,12553,4120,5887,18111,18102,31669,20618,15316,4216,12724,5016,16329,32294,21125,30786,18183,2940,10588,23872,972
1	371	26471	15980,361,10828,4913,30980,2337,3958,2223,16578,13742,14959,13591,10088,12553,4120,5887,18111,18102,31669,20618,15316,4216,12724,5016,16329,32294,21125,30786,18183,2940,10588,23872,972,24277
1	371	25045	15980,361,10828,4913,30980,2337,3958,2223,16578,13742,14959,13591,10088,12553,4120,5887,18111,18102,31669,20618,15316,4216,12724,5016,16329,32294,21125,30786,18183,2940,10588,23872,972,24277,26471
1	371	25046	15980,361,10828,4913,30980,2337,3958,2223,16578,13742,14959,13591,10088,12553,4120,5887,18111,18102,31669,20618,15316,4216,12724,5016,16329,32294,21125,30786,18183,2940,10588,23872,972,24277,26471,25045
0	371	25563	15980,361,10828,4913,30980,2337,3958,2223,16578,13742,14959,13591,10088,12553,4120,5887,18111,18102,31669,20618,15316,4216,12724,5016,16329,32294,21125,30786,18183,2940,10588,23872,972,24277,26471,25045,25046
1	371	25044	15980,361,10828,4913,30980,2337,3958,2223,16578,13742,14959,13591,10088,12553,4120,5887,18111,18102,31669,20618,15316,4216,12724,5016,16329,32294,21125,30786,18183,2940,10588,23872,972,24277,26471,25045,25046
1	371	1719	15980,361,10828,4913,30980,2337,3958,2223,16578,13742,14959,13591,10088,12553,4120,5887,18111,18102,31669,20618,15316,4216,12724,5016,16329,32294,21125,30786,18183,2940,10588,23872,972,24277,26471,25045,25046,25044
1	371	27232	15980,361,10828,4913,30980,2337,3958,2223,16578,13742,14959,13591,10088,12553,4120,5887,18111,18102,31669,20618,15316,4216,12724,5016,16329,32294,21125,30786,18183,2940,10588,23872,972,24277,26471,25045,25046,25044,1719
1	371	27289	15980,361,10828,4913,30980,2337,3958,2223,16578,13742,14959,13591,10088,12553,4120,5887,18111,18102,31669,20618,15316,4216,12724,5016,16329,32294,21125,30786,18183,2940,10588,23872,972,24277,26471,25045,25046,25044,1719,27232
1	371	27288	15980,361,10828,4913,30980,2337,3958,2223,16578,13742,14959,13591,10088,12553,4120,5887,18111,18102,31669,20618,15316,4216,12724,5016,16329,32294,21125,30786,18183,2940,10588,23872,972,24277,26471,25045,25046,25044,1719,27232,27289
1	371	27401	15980,361,10828,4913,30980,2337,3958,2223,16578,13742,14959,13591,10088,12553,4120,5887,18111,18102,31669,20618,15316,4216,12724,5016,16329,32294,21125,30786,18183,2940,10588,23872,972,24277,26471,25045,25046,25044,1719,27232,27289,27288
1	371	26254	15980,361,10828,4913,30980,2337,3958,2223,16578,13742,14959,13591,10088,12553,4120,5887,18111,18102,31669,20618,15316,4216,12724,5016,16329,32294,21125,30786,18183,2940,10588,23872,972,24277,26471,25045,25046,25044,1719,27232,27289,27288,27401
0	371	27266	15980,361,10828,4913,30980,2337,3958,2223,16578,13742,14959,13591,10088,12553,4120,5887,18111,18102,31669,20618,15316,4216,12724,5016,16329,32294,21125,30786,18183,2940,10588,23872,972,24277,26471,25045,25046,25044,1719,27232,27289,27288,27401,26254
1	371	27290	15980,361,10828,4913,30980,2337,3958,2223,16578,13742,14959,13591,10088,12553,4120,5887,18111,18102,31669,20618,15316,4216,12724,5016,16329,32294,21125,30786,18183,2940,10588,23872,972,24277,26471,25045,25046,25044,1719,27232,27289,27288,27401,26254
1	371	27269	15980,361,10828,4913,30980,2337,3958,2223,16578,13742,14959,13591,10088,12553,4120,5887,18111,18102,31669,20618,15316,4216,12724,5016,16329,32294,21125,30786,18183,2940,10588,23872,972,24277,26471,25045,25046,25044,1719,27232,27289,27288,27401,26254,27290
1	371	27261	15980,361,10828,4913,30980,2337,3958,2223,16578,13742,14959,13591,10088,12553,4120,5887,18111,18102,31669,20618,15316,4216,12724,5016,16329,32294,21125,30786,18183,2940,10588,23872,972,24277,26471,25045,25046,25044,1719,27232,27289,27288,27401,26254,27290,27269
1	371	27700	15980,361,10828,4913,30980,2337,3958,2223,16578,13742,14959,13591,10088,12553,4120,5887,18111,18102,31669,20618,15316,4216,12724,5016,16329,32294,21125,30786,18183,2940,10588,23872,972,24277,26471,25045,25046,25044,1719,27232,27289,27288,27401,26254,27290,27269,27261
1	371	3357	15980,361,10828,4913,30980,2337,3958,2223,16578,13742,14959,13591,10088,12553,4120,5887,18111,18102,31669,20618,15316,4216,12724,5016,16329,32294,21125,30786,18183,2940,10588,23872,972,24277,26471,25045,25046,25044,1719,27232,27289,27288,27401,26254,27290,27269,27261,27700
1	371	28017	15980,361,10828,4913,30980,2337,3958,2223,16578,13742,14959,13591,10088,12553,4120,5887,18111,18102,31669,20618,15316,4216,12724,5016,16329,32294,21125,30786,18183,2940,10588,23872,972,24277,26471,25045,25046,25044,1719,27232,27289,27288,27401,26254,27290,27269,27261,27700,3357
0	371	28030	15980,361,10828,4913,30980,2337,3958,2223,16578,13742,14959,13591,10088,12553,4120,5887,18111,18102,31669,20618,15316,4216,12724,5016,16329,32294,21125,30786,18183,2940,10588,23872,972,24277,26471,25045,25046,25044,1719,27232,27289,27288,27401,26254,27290,27269,27261,27700,3357,28017
1	371	27763	15980,361,10828,4913,30980,2337,3958,2223,16578,13742,14959,13591,10088,12553,4120,5887,18111,18102,31669,20618,15316,4216,12724,5016,16329,32294,21125,30786,18183,2940,10588,23872,972,24277,26471,25045,25046,25044,1719,27232,27289,27288,27401,26254,27290,27269,27261,27700,3357,28017
1	371	28081	15980,361,10828,4913,30980,2337,3958,2223,16578,13742,14959,13591,10088,12553,4120,5887,18111,18102,31669,20618,15316,4216,12724,5016,16329,32294,21125,30786,18183,2940,10588,23872,972,24277,26471,25045,25046,25044,1719,27232,27289,27288,27401,26254,27290,27269,27261,27700,3357,28017,27763
0	371	28185	15980,361,10828,4913,30980,2337,3958,2223,16578,13742,14959,13591,10088,12553,4120,5887,18111,18102,31669,20618,15316,4216,12724,5016,16329,32294,21125,30786,18183,2940,10588,23872,972,24277,26471,25045,25046,25044,1719,27232,27289,27288,27401,26254,27290,27269,27261,27700,3357,28017,27763,28081
1	371	26900	15980,361,10828,4913,30980,2337,3958,2223,16578,13742,14959,13591,10088,12553,4120,5887,18111,18102,31669,20618,15316,4216,12724,5016,16329,32294,21125,30786,18183,2940,10588,23872,972,24277,26471,25045,25046,25044,1719,27232,27289,27288,27401,26254,27290,27269,27261,27700,3357,28017,27763,28081
1	371	27708	15980,361,10828,4913,30980,2337,3958,2223,16578,13742,14959,13591,10088,12553,4120,5887,18111,18102,31669,20618,15316,4216,12724,5016,16329,32294,21125,30786,18183,2940,10588,23872,972,24277,26471,25045,25046,25044,1719,27232,27289,27288,27401,26254,27290,27269,27261,27700,3357,28017,27763,28081,26900
1	371	14103	15980,361,10828,4913,30980,2337,3958,2223,16578,13742,14959,13591,10088,12553,4120,5887,18111,18102,31669,20618,15316,4216,12724,5016,16329,32294,21125,30786,18183,2940,10588,23872,972,24277,26471,25045,25046,25044,1719,27232,27289,27288,27401,26254,27290,27269,27261,27700,3357,28017,27763,28081,26900,27708
1	371	14681	15980,361,10828,4913,30980,2337,3958,2223,16578,13742,14959,13591,10088,12553,4120,5887,18111,18102,31669,20618,15316,4216,12724,5016,16329,32294,21125,30786,18183,2940,10588,23872,972,24277,26471,25045,25046,25044,1719,27232,27289,27288,27401,26254,27290,27269,27261,27700,3357,28017,27763,28081,26900,27708,14103
0	371	28535	15980,361,10828,4913,30980,2337,3958,2223,16578,13742,14959,13591,10088,12553,4120,5887,18111,18102,31669,20618,15316,4216,12724,5016,16329,32294,21125,30786,18183,2940,10588,23872,972,24277,26471,25045,25046,25044,1719,27232,27289,27288,27401,26254,27290,27269,27261,27700,3357,28017,27763,28081,26900,27708,14103,14681
0	371	17147	15980,361,10828,4913,30980,2337,3958,2223,16578,13742,14959,13591,10088,12553,4120,5887,18111,18102,31669,20618,15316,4216,12724,5016,16329,32294,21125,30786,18183,2940,10588,23872,972,24277,26471,25045,25046,25044,1719,27232,27289,27288,27401,26254,27290,27269,27261,27700,3357,28017,27763,28081,26900,27708,14103,14681
1	371	22031	15980,361,10828,4913,30980,2337,3958,2223,16578,13742,14959,13591,10088,12553,4120,5887,18111,18102,31669,20618,15316,4216,12724,5016,16329,32294,21125,30786,18183,2940,10588,23872,972,24277,26471,25045,25046,25044,1719,27232,27289,27288,27401,26254,27290,27269,27261,27700,3357,28017,27763,28081,26900,27708,14103,14681
0	371	28502	15980,361,10828,4913,30980,2337,3958,2223,16578,13742,14959,13591,10088,12553,4120,5887,18111,18102,31669,20618,15316,4216,12724,5016,16329,32294,21125,30786,18183,2940,10588,23872,972,24277,26471,25045,25046,25044,1719,27232,27289,27288,27401,26254,27290,27269,27261,27700,3357,28017,27763,28081,26900,27708,14103,14681,22031
0	371	28167	15980,361,10828,4913,30980,2337,3958,2223,16578,13742,14959,13591,10088,12553,4120,5887,18111,18102,31669,20618,15316,4216,12724,5016,16329,32294,21125,30786,18183,2940,10588,23872,972,24277,26471,25045,25046,25044,1719,27232,27289,27288,27401,26254,27290,27269,27261,27700,3357,28017,27763,28081,26900,27708,14103,14681,22031
1	371	26797	15980,361,10828,4913,30980,2337,3958,2223,16578,13742,14959,13591,10088,12553,4120,5887,18111,18102,31669,20618,15316,4216,12724,5016,16329,32294,21125,30786,18183,2940,10588,23872,972,24277,26471,25045,25046,25044,1719,27232,27289,27288,27401,26254,27290,27269,27261,27700,3357,28017,27763,28081,26900,27708,14103,14681,22031
1	371	27968	15980,361,10828,4913,30980,2337,3958,2223,16578,13742,14959,13591,10088,12553,4120,5887,18111,18102,31669,20618,15316,4216,12724,5016,16329,32294,21125,30786,18183,2940,10588,23872,972,24277,26471,25045,25046,25044,1719,27232,27289,27288,27401,26254,27290,27269,27261,27700,3357,28017,27763,28081,26900,27708,14103,14681,22031,26797
1	371	28887	15980,361,10828,4913,30980,2337,3958,2223,16578,13742,14959,13591,10088,12553,4120,5887,18111,18102,31669,20618,15316,4216,12724,5016,16329,32294,21125,30786,18183,2940,10588,23872,972,24277,26471,25045,25046,25044,1719,27232,27289,27288,27401,26254,27290,27269,27261,27700,3357,28017,27763,28081,26900,27708,14103,14681,22031,26797,27968
1	371	29051	15980,361,10828,4913,30980,2337,3958,2223,16578,13742,14959,13591,10088,12553,4120,5887,18111,18102,31669,20618,15316,4216,12724,5016,16329,32294,21125,30786,18183,2940,10588,23872,972,24277,26471,25045,25046,25044,1719,27232,27289,27288,27401,26254,27290,27269,27261,27700,3357,28017,27763,28081,26900,27708,14103,14681,22031,26797,27968,28887
1	371	27755	15980,361,10828,4913,30980,2337,3958,2223,16578,13742,14959,13591,10088,12553,4120,5887,18111,18102,31669,20618,15316,4216,12724,5016,16329,32294,21125,30786,18183,2940,10588,23872,972,24277,26471,25045,25046,25044,1719,27232,27289,27288,27401,26254,27290,27269,27261,27700,3357,28017,27763,28081,26900,27708,14103,14681,22031,26797,27968,28887,29051
1	371	28140	15980,361,10828,4913,30980,2337,3958,2223,16578,13742,14959,13591,10088,12553,4120,5887,18111,18102,31669,20618,15316,4216,12724,5016,16329,32294,21125,30786,18183,2940,10588,23872,972,24277,26471,25045,25046,25044,1719,27232,27289,27288,27401,26254,27290,27269,27261,27700,3357,28017,27763,28081,26900,27708,14103,14681,22031,26797,27968,28887,29051,27755
1	371	28752	15980,361,10828,4913,30980,2337,3958,2223,16578,13742,14959,13591,10088,12553,4120,5887,18111,18102,31669,20618,15316,4216,12724,5016,16329,32294,21125,30786,18183,2940,10588,23872,972,24277,26471,25045,25046,25044,1719,27232,27289,27288,27401,26254,27290,27269,27261,27700,3357,28017,27763,28081,26900,27708,14103,14681,22031,26797,27968,28887,29051,27755,28140
