0	440	32064	0
0	440	1903	0
1	440	4249	0
0	440	10175	4249
0	440	8134	4249
0	440	3642	4249
1	440	9217	4249
0	440	6114	4249,9217
1	440	8581	4249,9217
1	440	17174	4249,9217,8581
1	440	16329	4249,9217,8581,17174
1	440	4536	4249,9217,8581,17174,16329
1	440	12393	4249,9217,8581,17174,16329,4536
1	440	14034	4249,9217,8581,17174,16329,4536,12393
0	440	21465	4249,9217,8581,17174,16329,4536,12393,14034
1	440	23060	4249,9217,8581,17174,16329,4536,12393,14034
1	440	21482	4249,9217,8581,17174,16329,4536,12393,14034,23060
1	440	3749	4249,9217,8581,17174,16329,4536,12393,14034,23060,21482
1	440	4319	4249,9217,8581,17174,16329,4536,12393,14034,23060,21482,3749
1	440	7230	4249,9217,8581,17174,16329,4536,12393,14034,23060,21482,3749,4319
1	440	14389	4249,9217,8581,17174,16329,4536,12393,14034,23060,21482,3749,4319,7230
1	440	15178	4249,9217,8581,17174,16329,4536,12393,14034,23060,21482,3749,4319,7230,14389
1	440	18042	4249,9217,8581,17174,16329,4536,12393,14034,23060,21482,3749,4319,7230,14389,15178
1	440	19336	4249,9217,8581,17174,16329,4536,12393,14034,23060,21482,3749,4319,7230,14389,15178,18042
0	440	22254	4249,9217,8581,17174,16329,4536,12393,14034,23060,21482,3749,4319,7230,14389,15178,18042,19336
1	440	22957	4249,9217,8581,17174,16329,4536,12393,14034,23060,21482,3749,4319,7230,14389,15178,18042,19336
1	440	24156	4249,9217,8581,17174,16329,4536,12393,14034,23060,21482,3749,4319,7230,14389,15178,18042,19336,22957
0	440	25293	4249,9217,8581,17174,16329,4536,12393,14034,23060,21482,3749,4319,7230,14389,15178,18042,19336,22957,24156
1	440	25988	4249,9217,8581,17174,16329,4536,12393,14034,23060,21482,3749,4319,7230,14389,15178,18042,19336,22957,24156
0	440	28872	4249,9217,8581,17174,16329,4536,12393,14034,23060,21482,3749,4319,7230,14389,15178,18042,19336,22957,24156,25988
1	440	28375	4249,9217,8581,17174,16329,4536,12393,14034,23060,21482,3749,4319,7230,14389,15178,18042,19336,22957,24156,25988
