0	249	4773	0
1	249	5342	0
0	249	8985	5342
1	249	12161	5342
1	249	12236	5342,12161
0	249	2583	5342,12161,12236
0	249	12718	5342,12161,12236
1	249	15459	5342,12161,12236
1	249	15956	5342,12161,12236,15459
1	249	15324	5342,12161,12236,15459,15956
0	249	15499	5342,12161,12236,15459,15956,15324
1	249	15326	5342,12161,12236,15459,15956,15324
0	249	12452	5342,12161,12236,15459,15956,15324,15326
1	249	15858	5342,12161,12236,15459,15956,15324,15326
1	249	18012	5342,12161,12236,15459,15956,15324,15326,15858
1	249	17742	5342,12161,12236,15459,15956,15324,15326,15858,18012
0	249	17534	5342,12161,12236,15459,15956,15324,15326,15858,18012,17742
0	249	18576	5342,12161,12236,15459,15956,15324,15326,15858,18012,17742
0	249	17273	5342,12161,12236,15459,15956,15324,15326,15858,18012,17742
1	249	19729	5342,12161,12236,15459,15956,15324,15326,15858,18012,17742
0	249	20921	5342,12161,12236,15459,15956,15324,15326,15858,18012,17742,19729
1	249	22105	5342,12161,12236,15459,15956,15324,15326,15858,18012,17742,19729
0	249	20920	5342,12161,12236,15459,15956,15324,15326,15858,18012,17742,19729,22105
1	249	5323	5342,12161,12236,15459,15956,15324,15326,15858,18012,17742,19729,22105
0	249	23160	5342,12161,12236,15459,15956,15324,15326,15858,18012,17742,19729,22105,5323
0	249	24162	5342,12161,12236,15459,15956,15324,15326,15858,18012,17742,19729,22105,5323
1	249	23453	5342,12161,12236,15459,15956,15324,15326,15858,18012,17742,19729,22105,5323
0	249	14586	5342,12161,12236,15459,15956,15324,15326,15858,18012,17742,19729,22105,5323,23453
1	249	23985	5342,12161,12236,15459,15956,15324,15326,15858,18012,17742,19729,22105,5323,23453
0	249	25030	5342,12161,12236,15459,15956,15324,15326,15858,18012,17742,19729,22105,5323,23453,23985
0	249	25996	5342,12161,12236,15459,15956,15324,15326,15858,18012,17742,19729,22105,5323,23453,23985
1	249	22283	5342,12161,12236,15459,15956,15324,15326,15858,18012,17742,19729,22105,5323,23453,23985
1	249	25890	5342,12161,12236,15459,15956,15324,15326,15858,18012,17742,19729,22105,5323,23453,23985,22283
1	249	26178	5342,12161,12236,15459,15956,15324,15326,15858,18012,17742,19729,22105,5323,23453,23985,22283,25890
1	249	27393	5342,12161,12236,15459,15956,15324,15326,15858,18012,17742,19729,22105,5323,23453,23985,22283,25890,26178
0	249	9546	5342,12161,12236,15459,15956,15324,15326,15858,18012,17742,19729,22105,5323,23453,23985,22283,25890,26178,27393
0	249	28437	5342,12161,12236,15459,15956,15324,15326,15858,18012,17742,19729,22105,5323,23453,23985,22283,25890,26178,27393
1	249	29394	5342,12161,12236,15459,15956,15324,15326,15858,18012,17742,19729,22105,5323,23453,23985,22283,25890,26178,27393
0	249	29225	5342,12161,12236,15459,15956,15324,15326,15858,18012,17742,19729,22105,5323,23453,23985,22283,25890,26178,27393,29394
