0	512	2171	0
0	512	483	0
0	512	4276	0
0	512	4633	0
1	512	5012	0
0	512	6991	5012
0	512	6755	5012
1	512	4702	5012
0	512	7425	5012,4702
0	512	31078	5012,4702
0	512	8357	5012,4702
0	512	8938	5012,4702
1	512	18171	5012,4702
1	512	1136	5012,4702,18171
1	512	7155	5012,4702,18171,1136
0	512	7225	5012,4702,18171,1136,7155
1	512	7373	5012,4702,18171,1136,7155
0	512	9747	5012,4702,18171,1136,7155,7373
0	512	4714	5012,4702,18171,1136,7155,7373
0	512	9495	5012,4702,18171,1136,7155,7373
0	512	8570	5012,4702,18171,1136,7155,7373
0	512	14441	5012,4702,18171,1136,7155,7373
0	512	5061	5012,4702,18171,1136,7155,7373
1	512	212	5012,4702,18171,1136,7155,7373
1	512	1384	5012,4702,18171,1136,7155,7373,212
1	512	4089	5012,4702,18171,1136,7155,7373,212,1384
0	512	6298	5012,4702,18171,1136,7155,7373,212,1384,4089
0	512	12461	5012,4702,18171,1136,7155,7373,212,1384,4089
0	512	9108	5012,4702,18171,1136,7155,7373,212,1384,4089
0	512	10629	5012,4702,18171,1136,7155,7373,212,1384,4089
1	512	6894	5012,4702,18171,1136,7155,7373,212,1384,4089
0	512	31030	5012,4702,18171,1136,7155,7373,212,1384,4089,6894
0	512	264	5012,4702,18171,1136,7155,7373,212,1384,4089,6894
0	512	6895	5012,4702,18171,1136,7155,7373,212,1384,4089,6894
0	512	7250	5012,4702,18171,1136,7155,7373,212,1384,4089,6894
0	512	10028	5012,4702,18171,1136,7155,7373,212,1384,4089,6894
0	512	155	5012,4702,18171,1136,7155,7373,212,1384,4089,6894
0	512	8723	5012,4702,18171,1136,7155,7373,212,1384,4089,6894
0	512	10315	5012,4702,18171,1136,7155,7373,212,1384,4089,6894
0	512	5148	5012,4702,18171,1136,7155,7373,212,1384,4089,6894
1	512	16412	5012,4702,18171,1136,7155,7373,212,1384,4089,6894
0	512	16675	5012,4702,18171,1136,7155,7373,212,1384,4089,6894,16412
0	512	30893	5012,4702,18171,1136,7155,7373,212,1384,4089,6894,16412
1	512	2047	5012,4702,18171,1136,7155,7373,212,1384,4089,6894,16412
1	512	2144	5012,4702,18171,1136,7155,7373,212,1384,4089,6894,16412,2047
1	512	3891	5012,4702,18171,1136,7155,7373,212,1384,4089,6894,16412,2047,2144
1	512	5688	5012,4702,18171,1136,7155,7373,212,1384,4089,6894,16412,2047,2144,3891
0	512	22317	5012,4702,18171,1136,7155,7373,212,1384,4089,6894,16412,2047,2144,3891,5688
0	512	3645	5012,4702,18171,1136,7155,7373,212,1384,4089,6894,16412,2047,2144,3891,5688
0	512	6485	5012,4702,18171,1136,7155,7373,212,1384,4089,6894,16412,2047,2144,3891,5688
1	512	27104	5012,4702,18171,1136,7155,7373,212,1384,4089,6894,16412,2047,2144,3891,5688
0	512	18858	5012,4702,18171,1136,7155,7373,212,1384,4089,6894,16412,2047,2144,3891,5688,27104
0	512	32529	5012,4702,18171,1136,7155,7373,212,1384,4089,6894,16412,2047,2144,3891,5688,27104
0	512	6843	5012,4702,18171,1136,7155,7373,212,1384,4089,6894,16412,2047,2144,3891,5688,27104
1	512	32198	5012,4702,18171,1136,7155,7373,212,1384,4089,6894,16412,2047,2144,3891,5688,27104
0	512	11022	5012,4702,18171,1136,7155,7373,212,1384,4089,6894,16412,2047,2144,3891,5688,27104,32198
0	512	376	5012,4702,18171,1136,7155,7373,212,1384,4089,6894,16412,2047,2144,3891,5688,27104,32198
1	512	1828	5012,4702,18171,1136,7155,7373,212,1384,4089,6894,16412,2047,2144,3891,5688,27104,32198
0	512	74	5012,4702,18171,1136,7155,7373,212,1384,4089,6894,16412,2047,2144,3891,5688,27104,32198,1828
0	512	3203	5012,4702,18171,1136,7155,7373,212,1384,4089,6894,16412,2047,2144,3891,5688,27104,32198,1828
0	512	15246	5012,4702,18171,1136,7155,7373,212,1384,4089,6894,16412,2047,2144,3891,5688,27104,32198,1828
0	512	11581	5012,4702,18171,1136,7155,7373,212,1384,4089,6894,16412,2047,2144,3891,5688,27104,32198,1828
0	512	9977	5012,4702,18171,1136,7155,7373,212,1384,4089,6894,16412,2047,2144,3891,5688,27104,32198,1828
0	512	18139	5012,4702,18171,1136,7155,7373,212,1384,4089,6894,16412,2047,2144,3891,5688,27104,32198,1828
0	512	3808	5012,4702,18171,1136,7155,7373,212,1384,4089,6894,16412,2047,2144,3891,5688,27104,32198,1828
0	512	10981	5012,4702,18171,1136,7155,7373,212,1384,4089,6894,16412,2047,2144,3891,5688,27104,32198,1828
1	512	1435	5012,4702,18171,1136,7155,7373,212,1384,4089,6894,16412,2047,2144,3891,5688,27104,32198,1828
1	512	13304	5012,4702,18171,1136,7155,7373,212,1384,4089,6894,16412,2047,2144,3891,5688,27104,32198,1828,1435
1	512	14801	5012,4702,18171,1136,7155,7373,212,1384,4089,6894,16412,2047,2144,3891,5688,27104,32198,1828,1435,13304
0	512	3745	5012,4702,18171,1136,7155,7373,212,1384,4089,6894,16412,2047,2144,3891,5688,27104,32198,1828,1435,13304,14801
0	512	10352	5012,4702,18171,1136,7155,7373,212,1384,4089,6894,16412,2047,2144,3891,5688,27104,32198,1828,1435,13304,14801
0	512	11391	5012,4702,18171,1136,7155,7373,212,1384,4089,6894,16412,2047,2144,3891,5688,27104,32198,1828,1435,13304,14801
1	512	14552	5012,4702,18171,1136,7155,7373,212,1384,4089,6894,16412,2047,2144,3891,5688,27104,32198,1828,1435,13304,14801
1	512	6264	5012,4702,18171,1136,7155,7373,212,1384,4089,6894,16412,2047,2144,3891,5688,27104,32198,1828,1435,13304,14801,14552
1	512	2879	5012,4702,18171,1136,7155,7373,212,1384,4089,6894,16412,2047,2144,3891,5688,27104,32198,1828,1435,13304,14801,14552,6264
0	512	5538	5012,4702,18171,1136,7155,7373,212,1384,4089,6894,16412,2047,2144,3891,5688,27104,32198,1828,1435,13304,14801,14552,6264,2879
1	512	6261	5012,4702,18171,1136,7155,7373,212,1384,4089,6894,16412,2047,2144,3891,5688,27104,32198,1828,1435,13304,14801,14552,6264,2879
1	512	162	5012,4702,18171,1136,7155,7373,212,1384,4089,6894,16412,2047,2144,3891,5688,27104,32198,1828,1435,13304,14801,14552,6264,2879,6261
0	512	19332	5012,4702,18171,1136,7155,7373,212,1384,4089,6894,16412,2047,2144,3891,5688,27104,32198,1828,1435,13304,14801,14552,6264,2879,6261,162
0	512	19715	5012,4702,18171,1136,7155,7373,212,1384,4089,6894,16412,2047,2144,3891,5688,27104,32198,1828,1435,13304,14801,14552,6264,2879,6261,162
1	512	23334	5012,4702,18171,1136,7155,7373,212,1384,4089,6894,16412,2047,2144,3891,5688,27104,32198,1828,1435,13304,14801,14552,6264,2879,6261,162
0	512	5081	5012,4702,18171,1136,7155,7373,212,1384,4089,6894,16412,2047,2144,3891,5688,27104,32198,1828,1435,13304,14801,14552,6264,2879,6261,162,23334
0	512	32813	5012,4702,18171,1136,7155,7373,212,1384,4089,6894,16412,2047,2144,3891,5688,27104,32198,1828,1435,13304,14801,14552,6264,2879,6261,162,23334
0	512	7306	5012,4702,18171,1136,7155,7373,212,1384,4089,6894,16412,2047,2144,3891,5688,27104,32198,1828,1435,13304,14801,14552,6264,2879,6261,162,23334
0	512	10693	5012,4702,18171,1136,7155,7373,212,1384,4089,6894,16412,2047,2144,3891,5688,27104,32198,1828,1435,13304,14801,14552,6264,2879,6261,162,23334
0	512	13253	5012,4702,18171,1136,7155,7373,212,1384,4089,6894,16412,2047,2144,3891,5688,27104,32198,1828,1435,13304,14801,14552,6264,2879,6261,162,23334
1	512	18048	5012,4702,18171,1136,7155,7373,212,1384,4089,6894,16412,2047,2144,3891,5688,27104,32198,1828,1435,13304,14801,14552,6264,2879,6261,162,23334
0	512	16599	5012,4702,18171,1136,7155,7373,212,1384,4089,6894,16412,2047,2144,3891,5688,27104,32198,1828,1435,13304,14801,14552,6264,2879,6261,162,23334,18048
0	512	31478	5012,4702,18171,1136,7155,7373,212,1384,4089,6894,16412,2047,2144,3891,5688,27104,32198,1828,1435,13304,14801,14552,6264,2879,6261,162,23334,18048
0	512	17944	5012,4702,18171,1136,7155,7373,212,1384,4089,6894,16412,2047,2144,3891,5688,27104,32198,1828,1435,13304,14801,14552,6264,2879,6261,162,23334,18048
0	512	19185	5012,4702,18171,1136,7155,7373,212,1384,4089,6894,16412,2047,2144,3891,5688,27104,32198,1828,1435,13304,14801,14552,6264,2879,6261,162,23334,18048
1	512	21862	5012,4702,18171,1136,7155,7373,212,1384,4089,6894,16412,2047,2144,3891,5688,27104,32198,1828,1435,13304,14801,14552,6264,2879,6261,162,23334,18048
1	512	21444	5012,4702,18171,1136,7155,7373,212,1384,4089,6894,16412,2047,2144,3891,5688,27104,32198,1828,1435,13304,14801,14552,6264,2879,6261,162,23334,18048,21862
1	512	16220	5012,4702,18171,1136,7155,7373,212,1384,4089,6894,16412,2047,2144,3891,5688,27104,32198,1828,1435,13304,14801,14552,6264,2879,6261,162,23334,18048,21862,21444
1	512	16666	5012,4702,18171,1136,7155,7373,212,1384,4089,6894,16412,2047,2144,3891,5688,27104,32198,1828,1435,13304,14801,14552,6264,2879,6261,162,23334,18048,21862,21444,16220
1	512	13922	5012,4702,18171,1136,7155,7373,212,1384,4089,6894,16412,2047,2144,3891,5688,27104,32198,1828,1435,13304,14801,14552,6264,2879,6261,162,23334,18048,21862,21444,16220,16666
1	512	6889	5012,4702,18171,1136,7155,7373,212,1384,4089,6894,16412,2047,2144,3891,5688,27104,32198,1828,1435,13304,14801,14552,6264,2879,6261,162,23334,18048,21862,21444,16220,16666,13922
0	512	3233	5012,4702,18171,1136,7155,7373,212,1384,4089,6894,16412,2047,2144,3891,5688,27104,32198,1828,1435,13304,14801,14552,6264,2879,6261,162,23334,18048,21862,21444,16220,16666,13922,6889
0	512	2017	5012,4702,18171,1136,7155,7373,212,1384,4089,6894,16412,2047,2144,3891,5688,27104,32198,1828,1435,13304,14801,14552,6264,2879,6261,162,23334,18048,21862,21444,16220,16666,13922,6889
0	512	11090	5012,4702,18171,1136,7155,7373,212,1384,4089,6894,16412,2047,2144,3891,5688,27104,32198,1828,1435,13304,14801,14552,6264,2879,6261,162,23334,18048,21862,21444,16220,16666,13922,6889
0	512	2070	5012,4702,18171,1136,7155,7373,212,1384,4089,6894,16412,2047,2144,3891,5688,27104,32198,1828,1435,13304,14801,14552,6264,2879,6261,162,23334,18048,21862,21444,16220,16666,13922,6889
0	512	2367	5012,4702,18171,1136,7155,7373,212,1384,4089,6894,16412,2047,2144,3891,5688,27104,32198,1828,1435,13304,14801,14552,6264,2879,6261,162,23334,18048,21862,21444,16220,16666,13922,6889
0	512	5870	5012,4702,18171,1136,7155,7373,212,1384,4089,6894,16412,2047,2144,3891,5688,27104,32198,1828,1435,13304,14801,14552,6264,2879,6261,162,23334,18048,21862,21444,16220,16666,13922,6889
0	512	19229	5012,4702,18171,1136,7155,7373,212,1384,4089,6894,16412,2047,2144,3891,5688,27104,32198,1828,1435,13304,14801,14552,6264,2879,6261,162,23334,18048,21862,21444,16220,16666,13922,6889
0	512	11089	5012,4702,18171,1136,7155,7373,212,1384,4089,6894,16412,2047,2144,3891,5688,27104,32198,1828,1435,13304,14801,14552,6264,2879,6261,162,23334,18048,21862,21444,16220,16666,13922,6889
0	512	16581	5012,4702,18171,1136,7155,7373,212,1384,4089,6894,16412,2047,2144,3891,5688,27104,32198,1828,1435,13304,14801,14552,6264,2879,6261,162,23334,18048,21862,21444,16220,16666,13922,6889
0	512	20493	5012,4702,18171,1136,7155,7373,212,1384,4089,6894,16412,2047,2144,3891,5688,27104,32198,1828,1435,13304,14801,14552,6264,2879,6261,162,23334,18048,21862,21444,16220,16666,13922,6889
0	512	18110	5012,4702,18171,1136,7155,7373,212,1384,4089,6894,16412,2047,2144,3891,5688,27104,32198,1828,1435,13304,14801,14552,6264,2879,6261,162,23334,18048,21862,21444,16220,16666,13922,6889
0	512	1520	5012,4702,18171,1136,7155,7373,212,1384,4089,6894,16412,2047,2144,3891,5688,27104,32198,1828,1435,13304,14801,14552,6264,2879,6261,162,23334,18048,21862,21444,16220,16666,13922,6889
0	512	1826	5012,4702,18171,1136,7155,7373,212,1384,4089,6894,16412,2047,2144,3891,5688,27104,32198,1828,1435,13304,14801,14552,6264,2879,6261,162,23334,18048,21862,21444,16220,16666,13922,6889
0	512	18623	5012,4702,18171,1136,7155,7373,212,1384,4089,6894,16412,2047,2144,3891,5688,27104,32198,1828,1435,13304,14801,14552,6264,2879,6261,162,23334,18048,21862,21444,16220,16666,13922,6889
0	512	16397	5012,4702,18171,1136,7155,7373,212,1384,4089,6894,16412,2047,2144,3891,5688,27104,32198,1828,1435,13304,14801,14552,6264,2879,6261,162,23334,18048,21862,21444,16220,16666,13922,6889
0	512	18920	5012,4702,18171,1136,7155,7373,212,1384,4089,6894,16412,2047,2144,3891,5688,27104,32198,1828,1435,13304,14801,14552,6264,2879,6261,162,23334,18048,21862,21444,16220,16666,13922,6889
0	512	24700	5012,4702,18171,1136,7155,7373,212,1384,4089,6894,16412,2047,2144,3891,5688,27104,32198,1828,1435,13304,14801,14552,6264,2879,6261,162,23334,18048,21862,21444,16220,16666,13922,6889
1	512	22499	5012,4702,18171,1136,7155,7373,212,1384,4089,6894,16412,2047,2144,3891,5688,27104,32198,1828,1435,13304,14801,14552,6264,2879,6261,162,23334,18048,21862,21444,16220,16666,13922,6889
0	512	21872	5012,4702,18171,1136,7155,7373,212,1384,4089,6894,16412,2047,2144,3891,5688,27104,32198,1828,1435,13304,14801,14552,6264,2879,6261,162,23334,18048,21862,21444,16220,16666,13922,6889,22499
1	512	31057	5012,4702,18171,1136,7155,7373,212,1384,4089,6894,16412,2047,2144,3891,5688,27104,32198,1828,1435,13304,14801,14552,6264,2879,6261,162,23334,18048,21862,21444,16220,16666,13922,6889,22499
1	512	13707	5012,4702,18171,1136,7155,7373,212,1384,4089,6894,16412,2047,2144,3891,5688,27104,32198,1828,1435,13304,14801,14552,6264,2879,6261,162,23334,18048,21862,21444,16220,16666,13922,6889,22499,31057
0	512	11843	5012,4702,18171,1136,7155,7373,212,1384,4089,6894,16412,2047,2144,3891,5688,27104,32198,1828,1435,13304,14801,14552,6264,2879,6261,162,23334,18048,21862,21444,16220,16666,13922,6889,22499,31057,13707
0	512	7305	5012,4702,18171,1136,7155,7373,212,1384,4089,6894,16412,2047,2144,3891,5688,27104,32198,1828,1435,13304,14801,14552,6264,2879,6261,162,23334,18048,21862,21444,16220,16666,13922,6889,22499,31057,13707
0	512	13312	5012,4702,18171,1136,7155,7373,212,1384,4089,6894,16412,2047,2144,3891,5688,27104,32198,1828,1435,13304,14801,14552,6264,2879,6261,162,23334,18048,21862,21444,16220,16666,13922,6889,22499,31057,13707
0	512	22205	5012,4702,18171,1136,7155,7373,212,1384,4089,6894,16412,2047,2144,3891,5688,27104,32198,1828,1435,13304,14801,14552,6264,2879,6261,162,23334,18048,21862,21444,16220,16666,13922,6889,22499,31057,13707
0	512	12485	5012,4702,18171,1136,7155,7373,212,1384,4089,6894,16412,2047,2144,3891,5688,27104,32198,1828,1435,13304,14801,14552,6264,2879,6261,162,23334,18048,21862,21444,16220,16666,13922,6889,22499,31057,13707
0	512	7760	5012,4702,18171,1136,7155,7373,212,1384,4089,6894,16412,2047,2144,3891,5688,27104,32198,1828,1435,13304,14801,14552,6264,2879,6261,162,23334,18048,21862,21444,16220,16666,13922,6889,22499,31057,13707
0	512	20980	5012,4702,18171,1136,7155,7373,212,1384,4089,6894,16412,2047,2144,3891,5688,27104,32198,1828,1435,13304,14801,14552,6264,2879,6261,162,23334,18048,21862,21444,16220,16666,13922,6889,22499,31057,13707
0	512	4961	5012,4702,18171,1136,7155,7373,212,1384,4089,6894,16412,2047,2144,3891,5688,27104,32198,1828,1435,13304,14801,14552,6264,2879,6261,162,23334,18048,21862,21444,16220,16666,13922,6889,22499,31057,13707
0	512	5527	5012,4702,18171,1136,7155,7373,212,1384,4089,6894,16412,2047,2144,3891,5688,27104,32198,1828,1435,13304,14801,14552,6264,2879,6261,162,23334,18048,21862,21444,16220,16666,13922,6889,22499,31057,13707
0	512	2337	5012,4702,18171,1136,7155,7373,212,1384,4089,6894,16412,2047,2144,3891,5688,27104,32198,1828,1435,13304,14801,14552,6264,2879,6261,162,23334,18048,21862,21444,16220,16666,13922,6889,22499,31057,13707
0	512	15574	5012,4702,18171,1136,7155,7373,212,1384,4089,6894,16412,2047,2144,3891,5688,27104,32198,1828,1435,13304,14801,14552,6264,2879,6261,162,23334,18048,21862,21444,16220,16666,13922,6889,22499,31057,13707
0	512	16321	5012,4702,18171,1136,7155,7373,212,1384,4089,6894,16412,2047,2144,3891,5688,27104,32198,1828,1435,13304,14801,14552,6264,2879,6261,162,23334,18048,21862,21444,16220,16666,13922,6889,22499,31057,13707
1	512	23847	5012,4702,18171,1136,7155,7373,212,1384,4089,6894,16412,2047,2144,3891,5688,27104,32198,1828,1435,13304,14801,14552,6264,2879,6261,162,23334,18048,21862,21444,16220,16666,13922,6889,22499,31057,13707
0	512	17559	5012,4702,18171,1136,7155,7373,212,1384,4089,6894,16412,2047,2144,3891,5688,27104,32198,1828,1435,13304,14801,14552,6264,2879,6261,162,23334,18048,21862,21444,16220,16666,13922,6889,22499,31057,13707,23847
0	512	2323	5012,4702,18171,1136,7155,7373,212,1384,4089,6894,16412,2047,2144,3891,5688,27104,32198,1828,1435,13304,14801,14552,6264,2879,6261,162,23334,18048,21862,21444,16220,16666,13922,6889,22499,31057,13707,23847
0	512	8945	5012,4702,18171,1136,7155,7373,212,1384,4089,6894,16412,2047,2144,3891,5688,27104,32198,1828,1435,13304,14801,14552,6264,2879,6261,162,23334,18048,21862,21444,16220,16666,13922,6889,22499,31057,13707,23847
0	512	5279	5012,4702,18171,1136,7155,7373,212,1384,4089,6894,16412,2047,2144,3891,5688,27104,32198,1828,1435,13304,14801,14552,6264,2879,6261,162,23334,18048,21862,21444,16220,16666,13922,6889,22499,31057,13707,23847
0	512	14734	5012,4702,18171,1136,7155,7373,212,1384,4089,6894,16412,2047,2144,3891,5688,27104,32198,1828,1435,13304,14801,14552,6264,2879,6261,162,23334,18048,21862,21444,16220,16666,13922,6889,22499,31057,13707,23847
1	512	32977	5012,4702,18171,1136,7155,7373,212,1384,4089,6894,16412,2047,2144,3891,5688,27104,32198,1828,1435,13304,14801,14552,6264,2879,6261,162,23334,18048,21862,21444,16220,16666,13922,6889,22499,31057,13707,23847
0	512	23718	5012,4702,18171,1136,7155,7373,212,1384,4089,6894,16412,2047,2144,3891,5688,27104,32198,1828,1435,13304,14801,14552,6264,2879,6261,162,23334,18048,21862,21444,16220,16666,13922,6889,22499,31057,13707,23847,32977
1	512	20131	5012,4702,18171,1136,7155,7373,212,1384,4089,6894,16412,2047,2144,3891,5688,27104,32198,1828,1435,13304,14801,14552,6264,2879,6261,162,23334,18048,21862,21444,16220,16666,13922,6889,22499,31057,13707,23847,32977
0	512	22170	5012,4702,18171,1136,7155,7373,212,1384,4089,6894,16412,2047,2144,3891,5688,27104,32198,1828,1435,13304,14801,14552,6264,2879,6261,162,23334,18048,21862,21444,16220,16666,13922,6889,22499,31057,13707,23847,32977,20131
0	512	3810	5012,4702,18171,1136,7155,7373,212,1384,4089,6894,16412,2047,2144,3891,5688,27104,32198,1828,1435,13304,14801,14552,6264,2879,6261,162,23334,18048,21862,21444,16220,16666,13922,6889,22499,31057,13707,23847,32977,20131
0	512	27278	5012,4702,18171,1136,7155,7373,212,1384,4089,6894,16412,2047,2144,3891,5688,27104,32198,1828,1435,13304,14801,14552,6264,2879,6261,162,23334,18048,21862,21444,16220,16666,13922,6889,22499,31057,13707,23847,32977,20131
1	512	24966	5012,4702,18171,1136,7155,7373,212,1384,4089,6894,16412,2047,2144,3891,5688,27104,32198,1828,1435,13304,14801,14552,6264,2879,6261,162,23334,18048,21862,21444,16220,16666,13922,6889,22499,31057,13707,23847,32977,20131
