1	738	16870	0
0	738	15752	16870
0	738	15229	16870
0	738	17707	16870
1	738	31071	16870
1	738	31063	16870,31071
1	738	7579	16870,31071,31063
0	738	17791	16870,31071,31063,7579
1	738	12236	16870,31071,31063,7579
1	738	13139	16870,31071,31063,7579,12236
1	738	12446	16870,31071,31063,7579,12236,13139
0	738	15753	16870,31071,31063,7579,12236,13139,12446
1	738	15242	16870,31071,31063,7579,12236,13139,12446
1	738	19776	16870,31071,31063,7579,12236,13139,12446,15242
1	738	18181	16870,31071,31063,7579,12236,13139,12446,15242,19776
1	738	15615	16870,31071,31063,7579,12236,13139,12446,15242,19776,18181
0	738	19704	16870,31071,31063,7579,12236,13139,12446,15242,19776,18181,15615
1	738	18937	16870,31071,31063,7579,12236,13139,12446,15242,19776,18181,15615
0	738	1510	16870,31071,31063,7579,12236,13139,12446,15242,19776,18181,15615,18937
1	738	20129	16870,31071,31063,7579,12236,13139,12446,15242,19776,18181,15615,18937
0	738	11582	16870,31071,31063,7579,12236,13139,12446,15242,19776,18181,15615,18937,20129
1	738	17422	16870,31071,31063,7579,12236,13139,12446,15242,19776,18181,15615,18937,20129
0	738	2023	16870,31071,31063,7579,12236,13139,12446,15242,19776,18181,15615,18937,20129,17422
1	738	18371	16870,31071,31063,7579,12236,13139,12446,15242,19776,18181,15615,18937,20129,17422
1	738	15633	16870,31071,31063,7579,12236,13139,12446,15242,19776,18181,15615,18937,20129,17422,18371
0	738	20341	16870,31071,31063,7579,12236,13139,12446,15242,19776,18181,15615,18937,20129,17422,18371,15633
1	738	21970	16870,31071,31063,7579,12236,13139,12446,15242,19776,18181,15615,18937,20129,17422,18371,15633
1	738	21164	16870,31071,31063,7579,12236,13139,12446,15242,19776,18181,15615,18937,20129,17422,18371,15633,21970
0	738	21363	16870,31071,31063,7579,12236,13139,12446,15242,19776,18181,15615,18937,20129,17422,18371,15633,21970,21164
1	738	21157	16870,31071,31063,7579,12236,13139,12446,15242,19776,18181,15615,18937,20129,17422,18371,15633,21970,21164
1	738	17333	16870,31071,31063,7579,12236,13139,12446,15242,19776,18181,15615,18937,20129,17422,18371,15633,21970,21164,21157
1	738	22794	16870,31071,31063,7579,12236,13139,12446,15242,19776,18181,15615,18937,20129,17422,18371,15633,21970,21164,21157,17333
1	738	23447	16870,31071,31063,7579,12236,13139,12446,15242,19776,18181,15615,18937,20129,17422,18371,15633,21970,21164,21157,17333,22794
1	738	14078	16870,31071,31063,7579,12236,13139,12446,15242,19776,18181,15615,18937,20129,17422,18371,15633,21970,21164,21157,17333,22794,23447
0	738	774	16870,31071,31063,7579,12236,13139,12446,15242,19776,18181,15615,18937,20129,17422,18371,15633,21970,21164,21157,17333,22794,23447,14078
1	738	22783	16870,31071,31063,7579,12236,13139,12446,15242,19776,18181,15615,18937,20129,17422,18371,15633,21970,21164,21157,17333,22794,23447,14078
1	738	9970	16870,31071,31063,7579,12236,13139,12446,15242,19776,18181,15615,18937,20129,17422,18371,15633,21970,21164,21157,17333,22794,23447,14078,22783
1	738	21159	16870,31071,31063,7579,12236,13139,12446,15242,19776,18181,15615,18937,20129,17422,18371,15633,21970,21164,21157,17333,22794,23447,14078,22783,9970
1	738	21162	16870,31071,31063,7579,12236,13139,12446,15242,19776,18181,15615,18937,20129,17422,18371,15633,21970,21164,21157,17333,22794,23447,14078,22783,9970,21159
1	738	24400	16870,31071,31063,7579,12236,13139,12446,15242,19776,18181,15615,18937,20129,17422,18371,15633,21970,21164,21157,17333,22794,23447,14078,22783,9970,21159,21162
1	738	3090	16870,31071,31063,7579,12236,13139,12446,15242,19776,18181,15615,18937,20129,17422,18371,15633,21970,21164,21157,17333,22794,23447,14078,22783,9970,21159,21162,24400
1	738	23453	16870,31071,31063,7579,12236,13139,12446,15242,19776,18181,15615,18937,20129,17422,18371,15633,21970,21164,21157,17333,22794,23447,14078,22783,9970,21159,21162,24400,3090
1	738	23452	16870,31071,31063,7579,12236,13139,12446,15242,19776,18181,15615,18937,20129,17422,18371,15633,21970,21164,21157,17333,22794,23447,14078,22783,9970,21159,21162,24400,3090,23453
1	738	15221	16870,31071,31063,7579,12236,13139,12446,15242,19776,18181,15615,18937,20129,17422,18371,15633,21970,21164,21157,17333,22794,23447,14078,22783,9970,21159,21162,24400,3090,23453,23452
1	738	15220	16870,31071,31063,7579,12236,13139,12446,15242,19776,18181,15615,18937,20129,17422,18371,15633,21970,21164,21157,17333,22794,23447,14078,22783,9970,21159,21162,24400,3090,23453,23452,15221
1	738	25658	16870,31071,31063,7579,12236,13139,12446,15242,19776,18181,15615,18937,20129,17422,18371,15633,21970,21164,21157,17333,22794,23447,14078,22783,9970,21159,21162,24400,3090,23453,23452,15221,15220
0	738	26749	16870,31071,31063,7579,12236,13139,12446,15242,19776,18181,15615,18937,20129,17422,18371,15633,21970,21164,21157,17333,22794,23447,14078,22783,9970,21159,21162,24400,3090,23453,23452,15221,15220,25658
1	738	5735	16870,31071,31063,7579,12236,13139,12446,15242,19776,18181,15615,18937,20129,17422,18371,15633,21970,21164,21157,17333,22794,23447,14078,22783,9970,21159,21162,24400,3090,23453,23452,15221,15220,25658
1	738	26775	16870,31071,31063,7579,12236,13139,12446,15242,19776,18181,15615,18937,20129,17422,18371,15633,21970,21164,21157,17333,22794,23447,14078,22783,9970,21159,21162,24400,3090,23453,23452,15221,15220,25658,5735
1	738	9229	16870,31071,31063,7579,12236,13139,12446,15242,19776,18181,15615,18937,20129,17422,18371,15633,21970,21164,21157,17333,22794,23447,14078,22783,9970,21159,21162,24400,3090,23453,23452,15221,15220,25658,5735,26775
1	738	17095	16870,31071,31063,7579,12236,13139,12446,15242,19776,18181,15615,18937,20129,17422,18371,15633,21970,21164,21157,17333,22794,23447,14078,22783,9970,21159,21162,24400,3090,23453,23452,15221,15220,25658,5735,26775,9229
1	738	26401	16870,31071,31063,7579,12236,13139,12446,15242,19776,18181,15615,18937,20129,17422,18371,15633,21970,21164,21157,17333,22794,23447,14078,22783,9970,21159,21162,24400,3090,23453,23452,15221,15220,25658,5735,26775,9229,17095
0	738	27395	16870,31071,31063,7579,12236,13139,12446,15242,19776,18181,15615,18937,20129,17422,18371,15633,21970,21164,21157,17333,22794,23447,14078,22783,9970,21159,21162,24400,3090,23453,23452,15221,15220,25658,5735,26775,9229,17095,26401
1	738	26976	16870,31071,31063,7579,12236,13139,12446,15242,19776,18181,15615,18937,20129,17422,18371,15633,21970,21164,21157,17333,22794,23447,14078,22783,9970,21159,21162,24400,3090,23453,23452,15221,15220,25658,5735,26775,9229,17095,26401
1	738	27638	16870,31071,31063,7579,12236,13139,12446,15242,19776,18181,15615,18937,20129,17422,18371,15633,21970,21164,21157,17333,22794,23447,14078,22783,9970,21159,21162,24400,3090,23453,23452,15221,15220,25658,5735,26775,9229,17095,26401,26976
1	738	22137	16870,31071,31063,7579,12236,13139,12446,15242,19776,18181,15615,18937,20129,17422,18371,15633,21970,21164,21157,17333,22794,23447,14078,22783,9970,21159,21162,24400,3090,23453,23452,15221,15220,25658,5735,26775,9229,17095,26401,26976,27638
1	738	24666	16870,31071,31063,7579,12236,13139,12446,15242,19776,18181,15615,18937,20129,17422,18371,15633,21970,21164,21157,17333,22794,23447,14078,22783,9970,21159,21162,24400,3090,23453,23452,15221,15220,25658,5735,26775,9229,17095,26401,26976,27638,22137
1	738	22107	16870,31071,31063,7579,12236,13139,12446,15242,19776,18181,15615,18937,20129,17422,18371,15633,21970,21164,21157,17333,22794,23447,14078,22783,9970,21159,21162,24400,3090,23453,23452,15221,15220,25658,5735,26775,9229,17095,26401,26976,27638,22137,24666
0	738	29464	16870,31071,31063,7579,12236,13139,12446,15242,19776,18181,15615,18937,20129,17422,18371,15633,21970,21164,21157,17333,22794,23447,14078,22783,9970,21159,21162,24400,3090,23453,23452,15221,15220,25658,5735,26775,9229,17095,26401,26976,27638,22137,24666,22107
1	738	2402	16870,31071,31063,7579,12236,13139,12446,15242,19776,18181,15615,18937,20129,17422,18371,15633,21970,21164,21157,17333,22794,23447,14078,22783,9970,21159,21162,24400,3090,23453,23452,15221,15220,25658,5735,26775,9229,17095,26401,26976,27638,22137,24666,22107
