1	1553	13293	0
1	1553	4605	13293
1	1553	27503	13293,4605
1	1553	31209	13293,4605,27503
0	1553	10291	13293,4605,27503,31209
1	1553	482	13293,4605,27503,31209
0	1553	507	13293,4605,27503,31209,482
1	1553	27154	13293,4605,27503,31209,482
1	1553	526	13293,4605,27503,31209,482,27154
1	1553	1849	13293,4605,27503,31209,482,27154,526
1	1553	854	13293,4605,27503,31209,482,27154,526,1849
0	1553	2492	13293,4605,27503,31209,482,27154,526,1849,854
1	1553	3312	13293,4605,27503,31209,482,27154,526,1849,854
1	1553	3619	13293,4605,27503,31209,482,27154,526,1849,854,3312
1	1553	31336	13293,4605,27503,31209,482,27154,526,1849,854,3312,3619
1	1553	5275	13293,4605,27503,31209,482,27154,526,1849,854,3312,3619,31336
1	1553	6303	13293,4605,27503,31209,482,27154,526,1849,854,3312,3619,31336,5275
1	1553	8512	13293,4605,27503,31209,482,27154,526,1849,854,3312,3619,31336,5275,6303
1	1553	6134	13293,4605,27503,31209,482,27154,526,1849,854,3312,3619,31336,5275,6303,8512
1	1553	8488	13293,4605,27503,31209,482,27154,526,1849,854,3312,3619,31336,5275,6303,8512,6134
0	1553	9456	13293,4605,27503,31209,482,27154,526,1849,854,3312,3619,31336,5275,6303,8512,6134,8488
1	1553	10638	13293,4605,27503,31209,482,27154,526,1849,854,3312,3619,31336,5275,6303,8512,6134,8488
0	1553	11141	13293,4605,27503,31209,482,27154,526,1849,854,3312,3619,31336,5275,6303,8512,6134,8488,10638
0	1553	12453	13293,4605,27503,31209,482,27154,526,1849,854,3312,3619,31336,5275,6303,8512,6134,8488,10638
0	1553	8973	13293,4605,27503,31209,482,27154,526,1849,854,3312,3619,31336,5275,6303,8512,6134,8488,10638
1	1553	32756	13293,4605,27503,31209,482,27154,526,1849,854,3312,3619,31336,5275,6303,8512,6134,8488,10638
1	1553	1644	13293,4605,27503,31209,482,27154,526,1849,854,3312,3619,31336,5275,6303,8512,6134,8488,10638,32756
1	1553	1645	13293,4605,27503,31209,482,27154,526,1849,854,3312,3619,31336,5275,6303,8512,6134,8488,10638,32756,1644
0	1553	14386	13293,4605,27503,31209,482,27154,526,1849,854,3312,3619,31336,5275,6303,8512,6134,8488,10638,32756,1644,1645
1	1553	15796	13293,4605,27503,31209,482,27154,526,1849,854,3312,3619,31336,5275,6303,8512,6134,8488,10638,32756,1644,1645
1	1553	17775	13293,4605,27503,31209,482,27154,526,1849,854,3312,3619,31336,5275,6303,8512,6134,8488,10638,32756,1644,1645,15796
0	1553	18806	13293,4605,27503,31209,482,27154,526,1849,854,3312,3619,31336,5275,6303,8512,6134,8488,10638,32756,1644,1645,15796,17775
1	1553	30016	13293,4605,27503,31209,482,27154,526,1849,854,3312,3619,31336,5275,6303,8512,6134,8488,10638,32756,1644,1645,15796,17775
1	1553	5067	13293,4605,27503,31209,482,27154,526,1849,854,3312,3619,31336,5275,6303,8512,6134,8488,10638,32756,1644,1645,15796,17775,30016
1	1553	8831	13293,4605,27503,31209,482,27154,526,1849,854,3312,3619,31336,5275,6303,8512,6134,8488,10638,32756,1644,1645,15796,17775,30016,5067
1	1553	15502	13293,4605,27503,31209,482,27154,526,1849,854,3312,3619,31336,5275,6303,8512,6134,8488,10638,32756,1644,1645,15796,17775,30016,5067,8831
1	1553	15654	13293,4605,27503,31209,482,27154,526,1849,854,3312,3619,31336,5275,6303,8512,6134,8488,10638,32756,1644,1645,15796,17775,30016,5067,8831,15502
1	1553	23447	13293,4605,27503,31209,482,27154,526,1849,854,3312,3619,31336,5275,6303,8512,6134,8488,10638,32756,1644,1645,15796,17775,30016,5067,8831,15502,15654
1	1553	23452	13293,4605,27503,31209,482,27154,526,1849,854,3312,3619,31336,5275,6303,8512,6134,8488,10638,32756,1644,1645,15796,17775,30016,5067,8831,15502,15654,23447
1	1553	22796	13293,4605,27503,31209,482,27154,526,1849,854,3312,3619,31336,5275,6303,8512,6134,8488,10638,32756,1644,1645,15796,17775,30016,5067,8831,15502,15654,23447,23452
1	1553	14148	13293,4605,27503,31209,482,27154,526,1849,854,3312,3619,31336,5275,6303,8512,6134,8488,10638,32756,1644,1645,15796,17775,30016,5067,8831,15502,15654,23447,23452,22796
0	1553	9647	13293,4605,27503,31209,482,27154,526,1849,854,3312,3619,31336,5275,6303,8512,6134,8488,10638,32756,1644,1645,15796,17775,30016,5067,8831,15502,15654,23447,23452,22796,14148
1	1553	20927	13293,4605,27503,31209,482,27154,526,1849,854,3312,3619,31336,5275,6303,8512,6134,8488,10638,32756,1644,1645,15796,17775,30016,5067,8831,15502,15654,23447,23452,22796,14148
0	1553	23768	13293,4605,27503,31209,482,27154,526,1849,854,3312,3619,31336,5275,6303,8512,6134,8488,10638,32756,1644,1645,15796,17775,30016,5067,8831,15502,15654,23447,23452,22796,14148,20927
0	1553	26945	13293,4605,27503,31209,482,27154,526,1849,854,3312,3619,31336,5275,6303,8512,6134,8488,10638,32756,1644,1645,15796,17775,30016,5067,8831,15502,15654,23447,23452,22796,14148,20927
0	1553	10601	13293,4605,27503,31209,482,27154,526,1849,854,3312,3619,31336,5275,6303,8512,6134,8488,10638,32756,1644,1645,15796,17775,30016,5067,8831,15502,15654,23447,23452,22796,14148,20927
1	1553	473	13293,4605,27503,31209,482,27154,526,1849,854,3312,3619,31336,5275,6303,8512,6134,8488,10638,32756,1644,1645,15796,17775,30016,5067,8831,15502,15654,23447,23452,22796,14148,20927
1	1553	18915	13293,4605,27503,31209,482,27154,526,1849,854,3312,3619,31336,5275,6303,8512,6134,8488,10638,32756,1644,1645,15796,17775,30016,5067,8831,15502,15654,23447,23452,22796,14148,20927,473
1	1553	12470	13293,4605,27503,31209,482,27154,526,1849,854,3312,3619,31336,5275,6303,8512,6134,8488,10638,32756,1644,1645,15796,17775,30016,5067,8831,15502,15654,23447,23452,22796,14148,20927,473,18915,14961,9461,8879,2129,19826
