1	668	3900	0
0	668	17649	3900
0	668	16777	3900
0	668	22142	3900
1	668	30962	3900
0	668	32059	3900,30962
1	668	540	3900,30962
0	668	570	3900,30962,540
1	668	30919	3900,30962,540
1	668	1886	3900,30962,540,30919
1	668	2210	3900,30962,540,30919,1886
1	668	7493	3900,30962,540,30919,1886,2210
0	668	8330	3900,30962,540,30919,1886,2210,7493
1	668	8654	3900,30962,540,30919,1886,2210,7493
0	668	2774	3900,30962,540,30919,1886,2210,7493,8654
0	668	10052	3900,30962,540,30919,1886,2210,7493,8654
1	668	9462	3900,30962,540,30919,1886,2210,7493,8654
1	668	2195	3900,30962,540,30919,1886,2210,7493,8654,9462
0	668	11160	3900,30962,540,30919,1886,2210,7493,8654,9462,2195
1	668	9903	3900,30962,540,30919,1886,2210,7493,8654,9462,2195
1	668	12899	3900,30962,540,30919,1886,2210,7493,8654,9462,2195,9903
1	668	6897	3900,30962,540,30919,1886,2210,7493,8654,9462,2195,9903,12899
1	668	10702	3900,30962,540,30919,1886,2210,7493,8654,9462,2195,9903,12899,6897
0	668	2606	3900,30962,540,30919,1886,2210,7493,8654,9462,2195,9903,12899,6897,10702
0	668	1607	3900,30962,540,30919,1886,2210,7493,8654,9462,2195,9903,12899,6897,10702
1	668	14063	3900,30962,540,30919,1886,2210,7493,8654,9462,2195,9903,12899,6897,10702
0	668	9777	3900,30962,540,30919,1886,2210,7493,8654,9462,2195,9903,12899,6897,10702,14063
1	668	9928	3900,30962,540,30919,1886,2210,7493,8654,9462,2195,9903,12899,6897,10702,14063
0	668	11969	3900,30962,540,30919,1886,2210,7493,8654,9462,2195,9903,12899,6897,10702,14063,9928
1	668	12842	3900,30962,540,30919,1886,2210,7493,8654,9462,2195,9903,12899,6897,10702,14063,9928
1	668	13695	3900,30962,540,30919,1886,2210,7493,8654,9462,2195,9903,12899,6897,10702,14063,9928,12842
0	668	9705	3900,30962,540,30919,1886,2210,7493,8654,9462,2195,9903,12899,6897,10702,14063,9928,12842,13695
0	668	13685	3900,30962,540,30919,1886,2210,7493,8654,9462,2195,9903,12899,6897,10702,14063,9928,12842,13695
1	668	18368	3900,30962,540,30919,1886,2210,7493,8654,9462,2195,9903,12899,6897,10702,14063,9928,12842,13695
0	668	14042	3900,30962,540,30919,1886,2210,7493,8654,9462,2195,9903,12899,6897,10702,14063,9928,12842,13695,18368
1	668	10445	3900,30962,540,30919,1886,2210,7493,8654,9462,2195,9903,12899,6897,10702,14063,9928,12842,13695,18368
0	668	17726	3900,30962,540,30919,1886,2210,7493,8654,9462,2195,9903,12899,6897,10702,14063,9928,12842,13695,18368,10445
1	668	20627	3900,30962,540,30919,1886,2210,7493,8654,9462,2195,9903,12899,6897,10702,14063,9928,12842,13695,18368,10445
0	668	19127	3900,30962,540,30919,1886,2210,7493,8654,9462,2195,9903,12899,6897,10702,14063,9928,12842,13695,18368,10445,20627
1	668	21170	3900,30962,540,30919,1886,2210,7493,8654,9462,2195,9903,12899,6897,10702,14063,9928,12842,13695,18368,10445,20627
1	668	13296	3900,30962,540,30919,1886,2210,7493,8654,9462,2195,9903,12899,6897,10702,14063,9928,12842,13695,18368,10445,20627,21170
0	668	23636	3900,30962,540,30919,1886,2210,7493,8654,9462,2195,9903,12899,6897,10702,14063,9928,12842,13695,18368,10445,20627,21170,13296
1	668	23490	3900,30962,540,30919,1886,2210,7493,8654,9462,2195,9903,12899,6897,10702,14063,9928,12842,13695,18368,10445,20627,21170,13296
1	668	20954	3900,30962,540,30919,1886,2210,7493,8654,9462,2195,9903,12899,6897,10702,14063,9928,12842,13695,18368,10445,20627,21170,13296,23490
1	668	3507	3900,30962,540,30919,1886,2210,7493,8654,9462,2195,9903,12899,6897,10702,14063,9928,12842,13695,18368,10445,20627,21170,13296,23490,20954
0	668	23449	3900,30962,540,30919,1886,2210,7493,8654,9462,2195,9903,12899,6897,10702,14063,9928,12842,13695,18368,10445,20627,21170,13296,23490,20954,3507
1	668	23780	3900,30962,540,30919,1886,2210,7493,8654,9462,2195,9903,12899,6897,10702,14063,9928,12842,13695,18368,10445,20627,21170,13296,23490,20954,3507
1	668	5122	3900,30962,540,30919,1886,2210,7493,8654,9462,2195,9903,12899,6897,10702,14063,9928,12842,13695,18368,10445,20627,21170,13296,23490,20954,3507,23780
1	668	14859	3900,30962,540,30919,1886,2210,7493,8654,9462,2195,9903,12899,6897,10702,14063,9928,12842,13695,18368,10445,20627,21170,13296,23490,20954,3507,23780,5122
1	668	23615	3900,30962,540,30919,1886,2210,7493,8654,9462,2195,9903,12899,6897,10702,14063,9928,12842,13695,18368,10445,20627,21170,13296,23490,20954,3507,23780,5122,14859
0	668	23389	3900,30962,540,30919,1886,2210,7493,8654,9462,2195,9903,12899,6897,10702,14063,9928,12842,13695,18368,10445,20627,21170,13296,23490,20954,3507,23780,5122,14859,23615
1	668	8724	3900,30962,540,30919,1886,2210,7493,8654,9462,2195,9903,12899,6897,10702,14063,9928,12842,13695,18368,10445,20627,21170,13296,23490,20954,3507,23780,5122,14859,23615
0	668	25847	3900,30962,540,30919,1886,2210,7493,8654,9462,2195,9903,12899,6897,10702,14063,9928,12842,13695,18368,10445,20627,21170,13296,23490,20954,3507,23780,5122,14859,23615,8724
1	668	20836	3900,30962,540,30919,1886,2210,7493,8654,9462,2195,9903,12899,6897,10702,14063,9928,12842,13695,18368,10445,20627,21170,13296,23490,20954,3507,23780,5122,14859,23615,8724
1	668	18736	3900,30962,540,30919,1886,2210,7493,8654,9462,2195,9903,12899,6897,10702,14063,9928,12842,13695,18368,10445,20627,21170,13296,23490,20954,3507,23780,5122,14859,23615,8724,20836
1	668	6424	3900,30962,540,30919,1886,2210,7493,8654,9462,2195,9903,12899,6897,10702,14063,9928,12842,13695,18368,10445,20627,21170,13296,23490,20954,3507,23780,5122,14859,23615,8724,20836,18736
0	668	27097	3900,30962,540,30919,1886,2210,7493,8654,9462,2195,9903,12899,6897,10702,14063,9928,12842,13695,18368,10445,20627,21170,13296,23490,20954,3507,23780,5122,14859,23615,8724,20836,18736,6424
1	668	27549	3900,30962,540,30919,1886,2210,7493,8654,9462,2195,9903,12899,6897,10702,14063,9928,12842,13695,18368,10445,20627,21170,13296,23490,20954,3507,23780,5122,14859,23615,8724,20836,18736,6424
1	668	26516	3900,30962,540,30919,1886,2210,7493,8654,9462,2195,9903,12899,6897,10702,14063,9928,12842,13695,18368,10445,20627,21170,13296,23490,20954,3507,23780,5122,14859,23615,8724,20836,18736,6424,27549
1	668	13942	3900,30962,540,30919,1886,2210,7493,8654,9462,2195,9903,12899,6897,10702,14063,9928,12842,13695,18368,10445,20627,21170,13296,23490,20954,3507,23780,5122,14859,23615,8724,20836,18736,6424,27549,26516
1	668	29108	3900,30962,540,30919,1886,2210,7493,8654,9462,2195,9903,12899,6897,10702,14063,9928,12842,13695,18368,10445,20627,21170,13296,23490,20954,3507,23780,5122,14859,23615,8724,20836,18736,6424,27549,26516,13942
