1	1211	32478	0
0	1211	13754	32478
0	1211	31381	32478
0	1211	224	32478
0	1211	2530	32478
1	1211	1604	32478
0	1211	849	32478,1604
0	1211	4214	32478,1604
1	1211	28779	32478,1604
0	1211	2980	32478,1604,28779
0	1211	3964	32478,1604,28779
1	1211	2087	32478,1604,28779
1	1211	3743	32478,1604,28779,2087
1	1211	1123	32478,1604,28779,2087,3743
1	1211	3957	32478,1604,28779,2087,3743,1123
1	1211	4588	32478,1604,28779,2087,3743,1123,3957
1	1211	5708	32478,1604,28779,2087,3743,1123,3957,4588
0	1211	6089	32478,1604,28779,2087,3743,1123,3957,4588,5708
1	1211	5227	32478,1604,28779,2087,3743,1123,3957,4588,5708
1	1211	6300	32478,1604,28779,2087,3743,1123,3957,4588,5708,5227
1	1211	6316	32478,1604,28779,2087,3743,1123,3957,4588,5708,5227,6300
1	1211	3267	32478,1604,28779,2087,3743,1123,3957,4588,5708,5227,6300,6316
1	1211	6742	32478,1604,28779,2087,3743,1123,3957,4588,5708,5227,6300,6316,3267
1	1211	2110	32478,1604,28779,2087,3743,1123,3957,4588,5708,5227,6300,6316,3267,6742
1	1211	6340	32478,1604,28779,2087,3743,1123,3957,4588,5708,5227,6300,6316,3267,6742,2110
1	1211	6231	32478,1604,28779,2087,3743,1123,3957,4588,5708,5227,6300,6316,3267,6742,2110,6340
1	1211	6990	32478,1604,28779,2087,3743,1123,3957,4588,5708,5227,6300,6316,3267,6742,2110,6340,6231
1	1211	8729	32478,1604,28779,2087,3743,1123,3957,4588,5708,5227,6300,6316,3267,6742,2110,6340,6231,6990
0	1211	10018	32478,1604,28779,2087,3743,1123,3957,4588,5708,5227,6300,6316,3267,6742,2110,6340,6231,6990,8729
1	1211	6994	32478,1604,28779,2087,3743,1123,3957,4588,5708,5227,6300,6316,3267,6742,2110,6340,6231,6990,8729
1	1211	9064	32478,1604,28779,2087,3743,1123,3957,4588,5708,5227,6300,6316,3267,6742,2110,6340,6231,6990,8729,6994
1	1211	9538	32478,1604,28779,2087,3743,1123,3957,4588,5708,5227,6300,6316,3267,6742,2110,6340,6231,6990,8729,6994,9064
1	1211	10640	32478,1604,28779,2087,3743,1123,3957,4588,5708,5227,6300,6316,3267,6742,2110,6340,6231,6990,8729,6994,9064,9538
1	1211	10735	32478,1604,28779,2087,3743,1123,3957,4588,5708,5227,6300,6316,3267,6742,2110,6340,6231,6990,8729,6994,9064,9538,10640
1	1211	11178	32478,1604,28779,2087,3743,1123,3957,4588,5708,5227,6300,6316,3267,6742,2110,6340,6231,6990,8729,6994,9064,9538,10640,10735
1	1211	9462	32478,1604,28779,2087,3743,1123,3957,4588,5708,5227,6300,6316,3267,6742,2110,6340,6231,6990,8729,6994,9064,9538,10640,10735,11178
1	1211	12461	32478,1604,28779,2087,3743,1123,3957,4588,5708,5227,6300,6316,3267,6742,2110,6340,6231,6990,8729,6994,9064,9538,10640,10735,11178,9462
1	1211	12615	32478,1604,28779,2087,3743,1123,3957,4588,5708,5227,6300,6316,3267,6742,2110,6340,6231,6990,8729,6994,9064,9538,10640,10735,11178,9462,12461
1	1211	9118	32478,1604,28779,2087,3743,1123,3957,4588,5708,5227,6300,6316,3267,6742,2110,6340,6231,6990,8729,6994,9064,9538,10640,10735,11178,9462,12461,12615
1	1211	11978	32478,1604,28779,2087,3743,1123,3957,4588,5708,5227,6300,6316,3267,6742,2110,6340,6231,6990,8729,6994,9064,9538,10640,10735,11178,9462,12461,12615,9118
1	1211	2728	32478,1604,28779,2087,3743,1123,3957,4588,5708,5227,6300,6316,3267,6742,2110,6340,6231,6990,8729,6994,9064,9538,10640,10735,11178,9462,12461,12615,9118,11978
1	1211	12812	32478,1604,28779,2087,3743,1123,3957,4588,5708,5227,6300,6316,3267,6742,2110,6340,6231,6990,8729,6994,9064,9538,10640,10735,11178,9462,12461,12615,9118,11978,2728
1	1211	15107	32478,1604,28779,2087,3743,1123,3957,4588,5708,5227,6300,6316,3267,6742,2110,6340,6231,6990,8729,6994,9064,9538,10640,10735,11178,9462,12461,12615,9118,11978,2728,12812
1	1211	15853	32478,1604,28779,2087,3743,1123,3957,4588,5708,5227,6300,6316,3267,6742,2110,6340,6231,6990,8729,6994,9064,9538,10640,10735,11178,9462,12461,12615,9118,11978,2728,12812,15107
1	1211	15833	32478,1604,28779,2087,3743,1123,3957,4588,5708,5227,6300,6316,3267,6742,2110,6340,6231,6990,8729,6994,9064,9538,10640,10735,11178,9462,12461,12615,9118,11978,2728,12812,15107,15853
1	1211	16332	32478,1604,28779,2087,3743,1123,3957,4588,5708,5227,6300,6316,3267,6742,2110,6340,6231,6990,8729,6994,9064,9538,10640,10735,11178,9462,12461,12615,9118,11978,2728,12812,15107,15853,15833
1	1211	11327	32478,1604,28779,2087,3743,1123,3957,4588,5708,5227,6300,6316,3267,6742,2110,6340,6231,6990,8729,6994,9064,9538,10640,10735,11178,9462,12461,12615,9118,11978,2728,12812,15107,15853,15833,16332
1	1211	8528	32478,1604,28779,2087,3743,1123,3957,4588,5708,5227,6300,6316,3267,6742,2110,6340,6231,6990,8729,6994,9064,9538,10640,10735,11178,9462,12461,12615,9118,11978,2728,12812,15107,15853,15833,16332,11327
1	1211	17657	32478,1604,28779,2087,3743,1123,3957,4588,5708,5227,6300,6316,3267,6742,2110,6340,6231,6990,8729,6994,9064,9538,10640,10735,11178,9462,12461,12615,9118,11978,2728,12812,15107,15853,15833,16332,11327,8528
1	1211	16331	32478,1604,28779,2087,3743,1123,3957,4588,5708,5227,6300,6316,3267,6742,2110,6340,6231,6990,8729,6994,9064,9538,10640,10735,11178,9462,12461,12615,9118,11978,2728,12812,15107,15853,15833,16332,11327,8528,17657
1	1211	13127	32478,1604,28779,2087,3743,1123,3957,4588,5708,5227,6300,6316,3267,6742,2110,6340,6231,6990,8729,6994,9064,9538,10640,10735,11178,9462,12461,12615,9118,11978,2728,12812,15107,15853,15833,16332,11327,8528,17657,16331
1	1211	17066	32478,1604,28779,2087,3743,1123,3957,4588,5708,5227,6300,6316,3267,6742,2110,6340,6231,6990,8729,6994,9064,9538,10640,10735,11178,9462,12461,12615,9118,11978,2728,12812,15107,15853,15833,16332,11327,8528,17657,16331,13127
1	1211	18222	32478,1604,28779,2087,3743,1123,3957,4588,5708,5227,6300,6316,3267,6742,2110,6340,6231,6990,8729,6994,9064,9538,10640,10735,11178,9462,12461,12615,9118,11978,2728,12812,15107,15853,15833,16332,11327,8528,17657,16331,13127,17066
1	1211	20397	32478,1604,28779,2087,3743,1123,3957,4588,5708,5227,6300,6316,3267,6742,2110,6340,6231,6990,8729,6994,9064,9538,10640,10735,11178,9462,12461,12615,9118,11978,2728,12812,15107,15853,15833,16332,11327,8528,17657,16331,13127,17066,18222
0	1211	18179	32478,1604,28779,2087,3743,1123,3957,4588,5708,5227,6300,6316,3267,6742,2110,6340,6231,6990,8729,6994,9064,9538,10640,10735,11178,9462,12461,12615,9118,11978,2728,12812,15107,15853,15833,16332,11327,8528,17657,16331,13127,17066,18222,20397
1	1211	21525	32478,1604,28779,2087,3743,1123,3957,4588,5708,5227,6300,6316,3267,6742,2110,6340,6231,6990,8729,6994,9064,9538,10640,10735,11178,9462,12461,12615,9118,11978,2728,12812,15107,15853,15833,16332,11327,8528,17657,16331,13127,17066,18222,20397
1	1211	19445	32478,1604,28779,2087,3743,1123,3957,4588,5708,5227,6300,6316,3267,6742,2110,6340,6231,6990,8729,6994,9064,9538,10640,10735,11178,9462,12461,12615,9118,11978,2728,12812,15107,15853,15833,16332,11327,8528,17657,16331,13127,17066,18222,20397,21525
1	1211	21937	32478,1604,28779,2087,3743,1123,3957,4588,5708,5227,6300,6316,3267,6742,2110,6340,6231,6990,8729,6994,9064,9538,10640,10735,11178,9462,12461,12615,9118,11978,2728,12812,15107,15853,15833,16332,11327,8528,17657,16331,13127,17066,18222,20397,21525,19445
1	1211	14252	32478,1604,28779,2087,3743,1123,3957,4588,5708,5227,6300,6316,3267,6742,2110,6340,6231,6990,8729,6994,9064,9538,10640,10735,11178,9462,12461,12615,9118,11978,2728,12812,15107,15853,15833,16332,11327,8528,17657,16331,13127,17066,18222,20397,21525,19445,21937
1	1211	22368	32478,1604,28779,2087,3743,1123,3957,4588,5708,5227,6300,6316,3267,6742,2110,6340,6231,6990,8729,6994,9064,9538,10640,10735,11178,9462,12461,12615,9118,11978,2728,12812,15107,15853,15833,16332,11327,8528,17657,16331,13127,17066,18222,20397,21525,19445,21937,14252
1	1211	23447	32478,1604,28779,2087,3743,1123,3957,4588,5708,5227,6300,6316,3267,6742,2110,6340,6231,6990,8729,6994,9064,9538,10640,10735,11178,9462,12461,12615,9118,11978,2728,12812,15107,15853,15833,16332,11327,8528,17657,16331,13127,17066,18222,20397,21525,19445,21937,14252,22368
1	1211	23451	32478,1604,28779,2087,3743,1123,3957,4588,5708,5227,6300,6316,3267,6742,2110,6340,6231,6990,8729,6994,9064,9538,10640,10735,11178,9462,12461,12615,9118,11978,2728,12812,15107,15853,15833,16332,11327,8528,17657,16331,13127,17066,18222,20397,21525,19445,21937,14252,22368,23447
1	1211	24549	32478,1604,28779,2087,3743,1123,3957,4588,5708,5227,6300,6316,3267,6742,2110,6340,6231,6990,8729,6994,9064,9538,10640,10735,11178,9462,12461,12615,9118,11978,2728,12812,15107,15853,15833,16332,11327,8528,17657,16331,13127,17066,18222,20397,21525,19445,21937,14252,22368,23447,23451
1	1211	19420	32478,1604,28779,2087,3743,1123,3957,4588,5708,5227,6300,6316,3267,6742,2110,6340,6231,6990,8729,6994,9064,9538,10640,10735,11178,9462,12461,12615,9118,11978,2728,12812,15107,15853,15833,16332,11327,8528,17657,16331,13127,17066,18222,20397,21525,19445,21937,14252,22368,23447,23451,24549
1	1211	26908	32478,1604,28779,2087,3743,1123,3957,4588,5708,5227,6300,6316,3267,6742,2110,6340,6231,6990,8729,6994,9064,9538,10640,10735,11178,9462,12461,12615,9118,11978,2728,12812,15107,15853,15833,16332,11327,8528,17657,16331,13127,17066,18222,20397,21525,19445,21937,14252,22368,23447,23451,24549,19420
1	1211	26824	32478,1604,28779,2087,3743,1123,3957,4588,5708,5227,6300,6316,3267,6742,2110,6340,6231,6990,8729,6994,9064,9538,10640,10735,11178,9462,12461,12615,9118,11978,2728,12812,15107,15853,15833,16332,11327,8528,17657,16331,13127,17066,18222,20397,21525,19445,21937,14252,22368,23447,23451,24549,19420,26908
0	1211	25871	32478,1604,28779,2087,3743,1123,3957,4588,5708,5227,6300,6316,3267,6742,2110,6340,6231,6990,8729,6994,9064,9538,10640,10735,11178,9462,12461,12615,9118,11978,2728,12812,15107,15853,15833,16332,11327,8528,17657,16331,13127,17066,18222,20397,21525,19445,21937,14252,22368,23447,23451,24549,19420,26908,26824
1	1211	24921	32478,1604,28779,2087,3743,1123,3957,4588,5708,5227,6300,6316,3267,6742,2110,6340,6231,6990,8729,6994,9064,9538,10640,10735,11178,9462,12461,12615,9118,11978,2728,12812,15107,15853,15833,16332,11327,8528,17657,16331,13127,17066,18222,20397,21525,19445,21937,14252,22368,23447,23451,24549,19420,26908,26824
1	1211	28000	32478,1604,28779,2087,3743,1123,3957,4588,5708,5227,6300,6316,3267,6742,2110,6340,6231,6990,8729,6994,9064,9538,10640,10735,11178,9462,12461,12615,9118,11978,2728,12812,15107,15853,15833,16332,11327,8528,17657,16331,13127,17066,18222,20397,21525,19445,21937,14252,22368,23447,23451,24549,19420,26908,26824,24921
1	1211	17570	32478,1604,28779,2087,3743,1123,3957,4588,5708,5227,6300,6316,3267,6742,2110,6340,6231,6990,8729,6994,9064,9538,10640,10735,11178,9462,12461,12615,9118,11978,2728,12812,15107,15853,15833,16332,11327,8528,17657,16331,13127,17066,18222,20397,21525,19445,21937,14252,22368,23447,23451,24549,19420,26908,26824,24921,28000
1	1211	27624	32478,1604,28779,2087,3743,1123,3957,4588,5708,5227,6300,6316,3267,6742,2110,6340,6231,6990,8729,6994,9064,9538,10640,10735,11178,9462,12461,12615,9118,11978,2728,12812,15107,15853,15833,16332,11327,8528,17657,16331,13127,17066,18222,20397,21525,19445,21937,14252,22368,23447,23451,24549,19420,26908,26824,24921,28000,17570
1	1211	28644	32478,1604,28779,2087,3743,1123,3957,4588,5708,5227,6300,6316,3267,6742,2110,6340,6231,6990,8729,6994,9064,9538,10640,10735,11178,9462,12461,12615,9118,11978,2728,12812,15107,15853,15833,16332,11327,8528,17657,16331,13127,17066,18222,20397,21525,19445,21937,14252,22368,23447,23451,24549,19420,26908,26824,24921,28000,17570,27624
1	1211	25735	32478,1604,28779,2087,3743,1123,3957,4588,5708,5227,6300,6316,3267,6742,2110,6340,6231,6990,8729,6994,9064,9538,10640,10735,11178,9462,12461,12615,9118,11978,2728,12812,15107,15853,15833,16332,11327,8528,17657,16331,13127,17066,18222,20397,21525,19445,21937,14252,22368,23447,23451,24549,19420,26908,26824,24921,28000,17570,27624,28644
1	1211	26926	32478,1604,28779,2087,3743,1123,3957,4588,5708,5227,6300,6316,3267,6742,2110,6340,6231,6990,8729,6994,9064,9538,10640,10735,11178,9462,12461,12615,9118,11978,2728,12812,15107,15853,15833,16332,11327,8528,17657,16331,13127,17066,18222,20397,21525,19445,21937,14252,22368,23447,23451,24549,19420,26908,26824,24921,28000,17570,27624,28644,25735
