1	334	4756	0
1	334	6359	4756
1	334	7080	4756,6359
0	334	11242	4756,6359,7080
1	334	11698	4756,6359,7080
1	334	11977	4756,6359,7080,11698
0	334	12239	4756,6359,7080,11698,11977
1	334	11865	4756,6359,7080,11698,11977
0	334	11866	4756,6359,7080,11698,11977,11865
0	334	13620	4756,6359,7080,11698,11977,11865
1	334	15218	4756,6359,7080,11698,11977,11865
0	334	14610	4756,6359,7080,11698,11977,11865,15218
0	334	18955	4756,6359,7080,11698,11977,11865,15218
1	334	26438	4756,6359,7080,11698,11977,11865,15218
1	334	19027	4756,6359,7080,11698,11977,11865,15218,26438
1	334	20930	4756,6359,7080,11698,11977,11865,15218,26438,19027
1	334	15603	4756,6359,7080,11698,11977,11865,15218,26438,19027,20930
0	334	19642	4756,6359,7080,11698,11977,11865,15218,26438,19027,20930,15603
0	334	21956	4756,6359,7080,11698,11977,11865,15218,26438,19027,20930,15603
0	334	20778	4756,6359,7080,11698,11977,11865,15218,26438,19027,20930,15603
0	334	22108	4756,6359,7080,11698,11977,11865,15218,26438,19027,20930,15603
1	334	23451	4756,6359,7080,11698,11977,11865,15218,26438,19027,20930,15603
0	334	17469	4756,6359,7080,11698,11977,11865,15218,26438,19027,20930,15603,23451
1	334	10269	4756,6359,7080,11698,11977,11865,15218,26438,19027,20930,15603,23451
0	334	22160	4756,6359,7080,11698,11977,11865,15218,26438,19027,20930,15603,23451,10269
0	334	24508	4756,6359,7080,11698,11977,11865,15218,26438,19027,20930,15603,23451,10269
0	334	7747	4756,6359,7080,11698,11977,11865,15218,26438,19027,20930,15603,23451,10269
0	334	24458	4756,6359,7080,11698,11977,11865,15218,26438,19027,20930,15603,23451,10269
1	334	24186	4756,6359,7080,11698,11977,11865,15218,26438,19027,20930,15603,23451,10269
0	334	23389	4756,6359,7080,11698,11977,11865,15218,26438,19027,20930,15603,23451,10269,24186
0	334	24460	4756,6359,7080,11698,11977,11865,15218,26438,19027,20930,15603,23451,10269,24186
1	334	26178	4756,6359,7080,11698,11977,11865,15218,26438,19027,20930,15603,23451,10269,24186
1	334	27245	4756,6359,7080,11698,11977,11865,15218,26438,19027,20930,15603,23451,10269,24186,26178
0	334	19238	4756,6359,7080,11698,11977,11865,15218,26438,19027,20930,15603,23451,10269,24186,26178,27245
0	334	27769	4756,6359,7080,11698,11977,11865,15218,26438,19027,20930,15603,23451,10269,24186,26178,27245
1	334	26231	4756,6359,7080,11698,11977,11865,15218,26438,19027,20930,15603,23451,10269,24186,26178,27245
1	334	14497	4756,6359,7080,11698,11977,11865,15218,26438,19027,20930,15603,23451,10269,24186,26178,27245,26231
1	334	27750	4756,6359,7080,11698,11977,11865,15218,26438,19027,20930,15603,23451,10269,24186,26178,27245,26231,14497
1	334	28609	4756,6359,7080,11698,11977,11865,15218,26438,19027,20930,15603,23451,10269,24186,26178,27245,26231,14497,27750
0	334	29400	4756,6359,7080,11698,11977,11865,15218,26438,19027,20930,15603,23451,10269,24186,26178,27245,26231,14497,27750,28609
1	334	24719	4756,6359,7080,11698,11977,11865,15218,26438,19027,20930,15603,23451,10269,24186,26178,27245,26231,14497,27750,28609
0	334	28905	4756,6359,7080,11698,11977,11865,15218,26438,19027,20930,15603,23451,10269,24186,26178,27245,26231,14497,27750,28609,24719
1	334	29129	4756,6359,7080,11698,11977,11865,15218,26438,19027,20930,15603,23451,10269,24186,26178,27245,26231,14497,27750,28609,24719
1	334	29244	4756,6359,7080,11698,11977,11865,15218,26438,19027,20930,15603,23451,10269,24186,26178,27245,26231,14497,27750,28609,24719,29129
1	334	29329	4756,6359,7080,11698,11977,11865,15218,26438,19027,20930,15603,23451,10269,24186,26178,27245,26231,14497,27750,28609,24719,29129,29244
