1	1275	32202	0
0	1275	31890	32202
0	1275	491	32202
0	1275	31775	32202
0	1275	466	32202
1	1275	31542	32202
0	1275	2066	32202,31542
1	1275	15689	32202,31542
1	1275	13355	32202,31542,15689
1	1275	18756	32202,31542,15689,13355
1	1275	10049	32202,31542,15689,13355,18756
1	1275	6793	32202,31542,15689,13355,18756,10049
1	1275	9970	32202,31542,15689,13355,18756,10049,6793
0	1275	4826	32202,31542,15689,13355,18756,10049,6793,9970
0	1275	18873	32202,31542,15689,13355,18756,10049,6793,9970
0	1275	21627	32202,31542,15689,13355,18756,10049,6793,9970
1	1275	12218	32202,31542,15689,13355,18756,10049,6793,9970
1	1275	12443	32202,31542,15689,13355,18756,10049,6793,9970,12218
1	1275	21361	32202,31542,15689,13355,18756,10049,6793,9970,12218,12443
1	1275	17947	32202,31542,15689,13355,18756,10049,6793,9970,12218,12443,21361
1	1275	18731	32202,31542,15689,13355,18756,10049,6793,9970,12218,12443,21361,17947
1	1275	7010	32202,31542,15689,13355,18756,10049,6793,9970,12218,12443,21361,17947,18731
1	1275	7981	32202,31542,15689,13355,18756,10049,6793,9970,12218,12443,21361,17947,18731,7010
1	1275	7124	32202,31542,15689,13355,18756,10049,6793,9970,12218,12443,21361,17947,18731,7010,7981
1	1275	3228	32202,31542,15689,13355,18756,10049,6793,9970,12218,12443,21361,17947,18731,7010,7981,7124
1	1275	4469	32202,31542,15689,13355,18756,10049,6793,9970,12218,12443,21361,17947,18731,7010,7981,7124,3228
0	1275	15286	32202,31542,15689,13355,18756,10049,6793,9970,12218,12443,21361,17947,18731,7010,7981,7124,3228,4469
0	1275	3538	32202,31542,15689,13355,18756,10049,6793,9970,12218,12443,21361,17947,18731,7010,7981,7124,3228,4469
0	1275	24528	32202,31542,15689,13355,18756,10049,6793,9970,12218,12443,21361,17947,18731,7010,7981,7124,3228,4469
1	1275	8745	32202,31542,15689,13355,18756,10049,6793,9970,12218,12443,21361,17947,18731,7010,7981,7124,3228,4469
1	1275	24598	32202,31542,15689,13355,18756,10049,6793,9970,12218,12443,21361,17947,18731,7010,7981,7124,3228,4469,8745
1	1275	19159	32202,31542,15689,13355,18756,10049,6793,9970,12218,12443,21361,17947,18731,7010,7981,7124,3228,4469,8745,24598
0	1275	4880	32202,31542,15689,13355,18756,10049,6793,9970,12218,12443,21361,17947,18731,7010,7981,7124,3228,4469,8745,24598,19159
1	1275	20997	32202,31542,15689,13355,18756,10049,6793,9970,12218,12443,21361,17947,18731,7010,7981,7124,3228,4469,8745,24598,19159
0	1275	15925	32202,31542,15689,13355,18756,10049,6793,9970,12218,12443,21361,17947,18731,7010,7981,7124,3228,4469,8745,24598,19159,20997
1	1275	25133	32202,31542,15689,13355,18756,10049,6793,9970,12218,12443,21361,17947,18731,7010,7981,7124,3228,4469,8745,24598,19159,20997
