0	263	28949	0
1	263	32011	0
1	263	28460	32011
1	263	1148	32011,28460
1	263	1106	32011,28460,1148
1	263	15736	32011,28460,1148,1106
0	263	4960	32011,28460,1148,1106,15736
1	263	4972	32011,28460,1148,1106,15736
0	263	5682	32011,28460,1148,1106,15736,4972
1	263	1467	32011,28460,1148,1106,15736,4972
1	263	387	32011,28460,1148,1106,15736,4972,1467
1	263	31982	32011,28460,1148,1106,15736,4972,1467,387
0	263	6499	32011,28460,1148,1106,15736,4972,1467,387,31982
1	263	4740	32011,28460,1148,1106,15736,4972,1467,387,31982
1	263	8488	32011,28460,1148,1106,15736,4972,1467,387,31982,4740
0	263	8512	32011,28460,1148,1106,15736,4972,1467,387,31982,4740,8488
0	263	4936	32011,28460,1148,1106,15736,4972,1467,387,31982,4740,8488
1	263	5242	32011,28460,1148,1106,15736,4972,1467,387,31982,4740,8488
1	263	5571	32011,28460,1148,1106,15736,4972,1467,387,31982,4740,8488,5242
1	263	6233	32011,28460,1148,1106,15736,4972,1467,387,31982,4740,8488,5242,5571
0	263	13351	32011,28460,1148,1106,15736,4972,1467,387,31982,4740,8488,5242,5571,6233
0	263	10118	32011,28460,1148,1106,15736,4972,1467,387,31982,4740,8488,5242,5571,6233
1	263	17916	32011,28460,1148,1106,15736,4972,1467,387,31982,4740,8488,5242,5571,6233
0	263	15650	32011,28460,1148,1106,15736,4972,1467,387,31982,4740,8488,5242,5571,6233,17916
0	263	9604	32011,28460,1148,1106,15736,4972,1467,387,31982,4740,8488,5242,5571,6233,17916
0	263	9698	32011,28460,1148,1106,15736,4972,1467,387,31982,4740,8488,5242,5571,6233,17916
0	263	9699	32011,28460,1148,1106,15736,4972,1467,387,31982,4740,8488,5242,5571,6233,17916
1	263	13080	32011,28460,1148,1106,15736,4972,1467,387,31982,4740,8488,5242,5571,6233,17916
0	263	11807	32011,28460,1148,1106,15736,4972,1467,387,31982,4740,8488,5242,5571,6233,17916,13080
1	263	22315	32011,28460,1148,1106,15736,4972,1467,387,31982,4740,8488,5242,5571,6233,17916,13080
0	263	24372	32011,28460,1148,1106,15736,4972,1467,387,31982,4740,8488,5242,5571,6233,17916,13080,22315
0	263	18507	32011,28460,1148,1106,15736,4972,1467,387,31982,4740,8488,5242,5571,6233,17916,13080,22315
1	263	14203	32011,28460,1148,1106,15736,4972,1467,387,31982,4740,8488,5242,5571,6233,17916,13080,22315
1	263	13634	32011,28460,1148,1106,15736,4972,1467,387,31982,4740,8488,5242,5571,6233,17916,13080,22315,14203
1	263	2964	32011,28460,1148,1106,15736,4972,1467,387,31982,4740,8488,5242,5571,6233,17916,13080,22315,14203,13634
1	263	17970	32011,28460,1148,1106,15736,4972,1467,387,31982,4740,8488,5242,5571,6233,17916,13080,22315,14203,13634,2964
1	263	22076	32011,28460,1148,1106,15736,4972,1467,387,31982,4740,8488,5242,5571,6233,17916,13080,22315,14203,13634,2964,17970
1	263	14376	32011,28460,1148,1106,15736,4972,1467,387,31982,4740,8488,5242,5571,6233,17916,13080,22315,14203,13634,2964,17970,22076
0	263	22098	32011,28460,1148,1106,15736,4972,1467,387,31982,4740,8488,5242,5571,6233,17916,13080,22315,14203,13634,2964,17970,22076,14376
1	263	14700	32011,28460,1148,1106,15736,4972,1467,387,31982,4740,8488,5242,5571,6233,17916,13080,22315,14203,13634,2964,17970,22076,14376
0	263	20775	32011,28460,1148,1106,15736,4972,1467,387,31982,4740,8488,5242,5571,6233,17916,13080,22315,14203,13634,2964,17970,22076,14376,14700
0	263	19233	32011,28460,1148,1106,15736,4972,1467,387,31982,4740,8488,5242,5571,6233,17916,13080,22315,14203,13634,2964,17970,22076,14376,14700
0	263	25302	32011,28460,1148,1106,15736,4972,1467,387,31982,4740,8488,5242,5571,6233,17916,13080,22315,14203,13634,2964,17970,22076,14376,14700
1	263	18508	32011,28460,1148,1106,15736,4972,1467,387,31982,4740,8488,5242,5571,6233,17916,13080,22315,14203,13634,2964,17970,22076,14376,14700
1	263	20509	32011,28460,1148,1106,15736,4972,1467,387,31982,4740,8488,5242,5571,6233,17916,13080,22315,14203,13634,2964,17970,22076,14376,14700,18508
0	263	27723	32011,28460,1148,1106,15736,4972,1467,387,31982,4740,8488,5242,5571,6233,17916,13080,22315,14203,13634,2964,17970,22076,14376,14700,18508,20509
1	263	23760	32011,28460,1148,1106,15736,4972,1467,387,31982,4740,8488,5242,5571,6233,17916,13080,22315,14203,13634,2964,17970,22076,14376,14700,18508,20509
1	263	27965	32011,28460,1148,1106,15736,4972,1467,387,31982,4740,8488,5242,5571,6233,17916,13080,22315,14203,13634,2964,17970,22076,14376,14700,18508,20509,23760
1	263	28391	32011,28460,1148,1106,15736,4972,1467,387,31982,4740,8488,5242,5571,6233,17916,13080,22315,14203,13634,2964,17970,22076,14376,14700,18508,20509,23760,27965
