1	1298	26273	0
1	1298	2129	26273
0	1298	2764	26273,2129
0	1298	5523	26273,2129
0	1298	4243	26273,2129
0	1298	2211	26273,2129
1	1298	2830	26273,2129
1	1298	7040	26273,2129,2830
0	1298	7491	26273,2129,2830,7040
0	1298	7492	26273,2129,2830,7040
1	1298	2297	26273,2129,2830,7040
1	1298	32140	26273,2129,2830,7040,2297
0	1298	8189	26273,2129,2830,7040,2297,32140
0	1298	8654	26273,2129,2830,7040,2297,32140
0	1298	13027	26273,2129,2830,7040,2297,32140
1	1298	6889	26273,2129,2830,7040,2297,32140
1	1298	8923	26273,2129,2830,7040,2297,32140,6889
1	1298	5684	26273,2129,2830,7040,2297,32140,6889,8923
1	1298	9462	26273,2129,2830,7040,2297,32140,6889,8923,5684
1	1298	5016	26273,2129,2830,7040,2297,32140,6889,8923,5684,9462
0	1298	6858	26273,2129,2830,7040,2297,32140,6889,8923,5684,9462,5016
0	1298	8957	26273,2129,2830,7040,2297,32140,6889,8923,5684,9462,5016
0	1298	9908	26273,2129,2830,7040,2297,32140,6889,8923,5684,9462,5016
0	1298	12670	26273,2129,2830,7040,2297,32140,6889,8923,5684,9462,5016
0	1298	9616	26273,2129,2830,7040,2297,32140,6889,8923,5684,9462,5016
1	1298	13526	26273,2129,2830,7040,2297,32140,6889,8923,5684,9462,5016
0	1298	9823	26273,2129,2830,7040,2297,32140,6889,8923,5684,9462,5016,13526
0	1298	12688	26273,2129,2830,7040,2297,32140,6889,8923,5684,9462,5016,13526
0	1298	13827	26273,2129,2830,7040,2297,32140,6889,8923,5684,9462,5016,13526
0	1298	14658	26273,2129,2830,7040,2297,32140,6889,8923,5684,9462,5016,13526
0	1298	929	26273,2129,2830,7040,2297,32140,6889,8923,5684,9462,5016,13526
0	1298	12390	26273,2129,2830,7040,2297,32140,6889,8923,5684,9462,5016,13526
0	1298	31440	26273,2129,2830,7040,2297,32140,6889,8923,5684,9462,5016,13526
0	1298	16277	26273,2129,2830,7040,2297,32140,6889,8923,5684,9462,5016,13526
0	1298	15326	26273,2129,2830,7040,2297,32140,6889,8923,5684,9462,5016,13526
0	1298	16626	26273,2129,2830,7040,2297,32140,6889,8923,5684,9462,5016,13526
1	1298	14046	26273,2129,2830,7040,2297,32140,6889,8923,5684,9462,5016,13526
1	1298	15292	26273,2129,2830,7040,2297,32140,6889,8923,5684,9462,5016,13526,14046
0	1298	16808	26273,2129,2830,7040,2297,32140,6889,8923,5684,9462,5016,13526,14046,15292
0	1298	19796	26273,2129,2830,7040,2297,32140,6889,8923,5684,9462,5016,13526,14046,15292
0	1298	19792	26273,2129,2830,7040,2297,32140,6889,8923,5684,9462,5016,13526,14046,15292
0	1298	17799	26273,2129,2830,7040,2297,32140,6889,8923,5684,9462,5016,13526,14046,15292
0	1298	10763	26273,2129,2830,7040,2297,32140,6889,8923,5684,9462,5016,13526,14046,15292
0	1298	13883	26273,2129,2830,7040,2297,32140,6889,8923,5684,9462,5016,13526,14046,15292
0	1298	17188	26273,2129,2830,7040,2297,32140,6889,8923,5684,9462,5016,13526,14046,15292
0	1298	19041	26273,2129,2830,7040,2297,32140,6889,8923,5684,9462,5016,13526,14046,15292
0	1298	14177	26273,2129,2830,7040,2297,32140,6889,8923,5684,9462,5016,13526,14046,15292
1	1298	20412	26273,2129,2830,7040,2297,32140,6889,8923,5684,9462,5016,13526,14046,15292
0	1298	19735	26273,2129,2830,7040,2297,32140,6889,8923,5684,9462,5016,13526,14046,15292,20412
1	1298	19071	26273,2129,2830,7040,2297,32140,6889,8923,5684,9462,5016,13526,14046,15292,20412
1	1298	23490	26273,2129,2830,7040,2297,32140,6889,8923,5684,9462,5016,13526,14046,15292,20412,19071
0	1298	17677	26273,2129,2830,7040,2297,32140,6889,8923,5684,9462,5016,13526,14046,15292,20412,19071,23490
1	1298	13389	26273,2129,2830,7040,2297,32140,6889,8923,5684,9462,5016,13526,14046,15292,20412,19071,23490
1	1298	16460	26273,2129,2830,7040,2297,32140,6889,8923,5684,9462,5016,13526,14046,15292,20412,19071,23490,13389
1	1298	24034	26273,2129,2830,7040,2297,32140,6889,8923,5684,9462,5016,13526,14046,15292,20412,19071,23490,13389,16460
0	1298	24703	26273,2129,2830,7040,2297,32140,6889,8923,5684,9462,5016,13526,14046,15292,20412,19071,23490,13389,16460,24034
1	1298	24843	26273,2129,2830,7040,2297,32140,6889,8923,5684,9462,5016,13526,14046,15292,20412,19071,23490,13389,16460,24034
1	1298	24333	26273,2129,2830,7040,2297,32140,6889,8923,5684,9462,5016,13526,14046,15292,20412,19071,23490,13389,16460,24034,24843
0	1298	19471	26273,2129,2830,7040,2297,32140,6889,8923,5684,9462,5016,13526,14046,15292,20412,19071,23490,13389,16460,24034,24843,24333
0	1298	23675	26273,2129,2830,7040,2297,32140,6889,8923,5684,9462,5016,13526,14046,15292,20412,19071,23490,13389,16460,24034,24843,24333
0	1298	20647	26273,2129,2830,7040,2297,32140,6889,8923,5684,9462,5016,13526,14046,15292,20412,19071,23490,13389,16460,24034,24843,24333
1	1298	25170	26273,2129,2830,7040,2297,32140,6889,8923,5684,9462,5016,13526,14046,15292,20412,19071,23490,13389,16460,24034,24843,24333
1	1298	23452	26273,2129,2830,7040,2297,32140,6889,8923,5684,9462,5016,13526,14046,15292,20412,19071,23490,13389,16460,24034,24843,24333,25170
1	1298	24463	26273,2129,2830,7040,2297,32140,6889,8923,5684,9462,5016,13526,14046,15292,20412,19071,23490,13389,16460,24034,24843,24333,25170,23452
1	1298	25832	26273,2129,2830,7040,2297,32140,6889,8923,5684,9462,5016,13526,14046,15292,20412,19071,23490,13389,16460,24034,24843,24333,25170,23452,24463
0	1298	26671	26273,2129,2830,7040,2297,32140,6889,8923,5684,9462,5016,13526,14046,15292,20412,19071,23490,13389,16460,24034,24843,24333,25170,23452,24463,25832
0	1298	25226	26273,2129,2830,7040,2297,32140,6889,8923,5684,9462,5016,13526,14046,15292,20412,19071,23490,13389,16460,24034,24843,24333,25170,23452,24463,25832
0	1298	27247	26273,2129,2830,7040,2297,32140,6889,8923,5684,9462,5016,13526,14046,15292,20412,19071,23490,13389,16460,24034,24843,24333,25170,23452,24463,25832
0	1298	12996	26273,2129,2830,7040,2297,32140,6889,8923,5684,9462,5016,13526,14046,15292,20412,19071,23490,13389,16460,24034,24843,24333,25170,23452,24463,25832
0	1298	15419	26273,2129,2830,7040,2297,32140,6889,8923,5684,9462,5016,13526,14046,15292,20412,19071,23490,13389,16460,24034,24843,24333,25170,23452,24463,25832
0	1298	24584	26273,2129,2830,7040,2297,32140,6889,8923,5684,9462,5016,13526,14046,15292,20412,19071,23490,13389,16460,24034,24843,24333,25170,23452,24463,25832
1	1298	27965	26273,2129,2830,7040,2297,32140,6889,8923,5684,9462,5016,13526,14046,15292,20412,19071,23490,13389,16460,24034,24843,24333,25170,23452,24463,25832
0	1298	10439	26273,2129,2830,7040,2297,32140,6889,8923,5684,9462,5016,13526,14046,15292,20412,19071,23490,13389,16460,24034,24843,24333,25170,23452,24463,25832,27965
0	1298	28728	26273,2129,2830,7040,2297,32140,6889,8923,5684,9462,5016,13526,14046,15292,20412,19071,23490,13389,16460,24034,24843,24333,25170,23452,24463,25832,27965
0	1298	20826	26273,2129,2830,7040,2297,32140,6889,8923,5684,9462,5016,13526,14046,15292,20412,19071,23490,13389,16460,24034,24843,24333,25170,23452,24463,25832,27965
1	1298	25250	26273,2129,2830,7040,2297,32140,6889,8923,5684,9462,5016,13526,14046,15292,20412,19071,23490,13389,16460,24034,24843,24333,25170,23452,24463,25832,27965
1	1298	28555	26273,2129,2830,7040,2297,32140,6889,8923,5684,9462,5016,13526,14046,15292,20412,19071,23490,13389,16460,24034,24843,24333,25170,23452,24463,25832,27965,25250
1	1298	17140	26273,2129,2830,7040,2297,32140,6889,8923,5684,9462,5016,13526,14046,15292,20412,19071,23490,13389,16460,24034,24843,24333,25170,23452,24463,25832,27965,25250,28555
