0	1437	535	0
1	1437	30538	0
1	1437	17245	30538
0	1437	200	30538,17245
1	1437	32082	30538,17245
0	1437	3575	30538,17245,32082
0	1437	3723	30538,17245,32082
0	1437	3131	30538,17245,32082
1	1437	31556	30538,17245,32082
0	1437	4286	30538,17245,32082,31556
0	1437	32768	30538,17245,32082,31556
1	1437	32773	30538,17245,32082,31556
0	1437	3134	30538,17245,32082,31556,32773
1	1437	4985	30538,17245,32082,31556,32773
0	1437	5276	30538,17245,32082,31556,32773,4985
1	1437	800	30538,17245,32082,31556,32773,4985
0	1437	538	30538,17245,32082,31556,32773,4985,800
0	1437	7978	30538,17245,32082,31556,32773,4985,800
0	1437	6958	30538,17245,32082,31556,32773,4985,800
0	1437	6960	30538,17245,32082,31556,32773,4985,800
0	1437	32468	30538,17245,32082,31556,32773,4985,800
0	1437	6414	30538,17245,32082,31556,32773,4985,800
1	1437	1592	30538,17245,32082,31556,32773,4985,800
1	1437	473	30538,17245,32082,31556,32773,4985,800,1592
0	1437	9689	30538,17245,32082,31556,32773,4985,800,1592,473
0	1437	7174	30538,17245,32082,31556,32773,4985,800,1592,473
0	1437	9691	30538,17245,32082,31556,32773,4985,800,1592,473
0	1437	8619	30538,17245,32082,31556,32773,4985,800,1592,473
0	1437	10352	30538,17245,32082,31556,32773,4985,800,1592,473
0	1437	5938	30538,17245,32082,31556,32773,4985,800,1592,473
0	1437	6494	30538,17245,32082,31556,32773,4985,800,1592,473
0	1437	8314	30538,17245,32082,31556,32773,4985,800,1592,473
0	1437	11243	30538,17245,32082,31556,32773,4985,800,1592,473
0	1437	9183	30538,17245,32082,31556,32773,4985,800,1592,473
0	1437	4470	30538,17245,32082,31556,32773,4985,800,1592,473
0	1437	11697	30538,17245,32082,31556,32773,4985,800,1592,473
0	1437	32610	30538,17245,32082,31556,32773,4985,800,1592,473
0	1437	11736	30538,17245,32082,31556,32773,4985,800,1592,473
0	1437	7675	30538,17245,32082,31556,32773,4985,800,1592,473
0	1437	1941	30538,17245,32082,31556,32773,4985,800,1592,473
1	1437	11378	30538,17245,32082,31556,32773,4985,800,1592,473
0	1437	1156	30538,17245,32082,31556,32773,4985,800,1592,473,11378
0	1437	10315	30538,17245,32082,31556,32773,4985,800,1592,473,11378
0	1437	12670	30538,17245,32082,31556,32773,4985,800,1592,473,11378
0	1437	12949	30538,17245,32082,31556,32773,4985,800,1592,473,11378
0	1437	9304	30538,17245,32082,31556,32773,4985,800,1592,473,11378
0	1437	11377	30538,17245,32082,31556,32773,4985,800,1592,473,11378
1	1437	1660	30538,17245,32082,31556,32773,4985,800,1592,473,11378
0	1437	6520	30538,17245,32082,31556,32773,4985,800,1592,473,11378,1660
0	1437	14677	30538,17245,32082,31556,32773,4985,800,1592,473,11378,1660
0	1437	15019	30538,17245,32082,31556,32773,4985,800,1592,473,11378,1660
0	1437	10910	30538,17245,32082,31556,32773,4985,800,1592,473,11378,1660
0	1437	11744	30538,17245,32082,31556,32773,4985,800,1592,473,11378,1660
0	1437	12451	30538,17245,32082,31556,32773,4985,800,1592,473,11378,1660
0	1437	14211	30538,17245,32082,31556,32773,4985,800,1592,473,11378,1660
0	1437	13962	30538,17245,32082,31556,32773,4985,800,1592,473,11378,1660
0	1437	22317	30538,17245,32082,31556,32773,4985,800,1592,473,11378,1660
0	1437	142	30538,17245,32082,31556,32773,4985,800,1592,473,11378,1660
0	1437	15650	30538,17245,32082,31556,32773,4985,800,1592,473,11378,1660
0	1437	4765	30538,17245,32082,31556,32773,4985,800,1592,473,11378,1660
0	1437	14821	30538,17245,32082,31556,32773,4985,800,1592,473,11378,1660
0	1437	16449	30538,17245,32082,31556,32773,4985,800,1592,473,11378,1660
0	1437	9703	30538,17245,32082,31556,32773,4985,800,1592,473,11378,1660
0	1437	15674	30538,17245,32082,31556,32773,4985,800,1592,473,11378,1660
1	1437	14341	30538,17245,32082,31556,32773,4985,800,1592,473,11378,1660
1	1437	17062	30538,17245,32082,31556,32773,4985,800,1592,473,11378,1660,14341
0	1437	18008	30538,17245,32082,31556,32773,4985,800,1592,473,11378,1660,14341,17062
0	1437	10742	30538,17245,32082,31556,32773,4985,800,1592,473,11378,1660,14341,17062
0	1437	18675	30538,17245,32082,31556,32773,4985,800,1592,473,11378,1660,14341,17062
0	1437	14146	30538,17245,32082,31556,32773,4985,800,1592,473,11378,1660,14341,17062
0	1437	16453	30538,17245,32082,31556,32773,4985,800,1592,473,11378,1660,14341,17062
0	1437	18278	30538,17245,32082,31556,32773,4985,800,1592,473,11378,1660,14341,17062
1	1437	18955	30538,17245,32082,31556,32773,4985,800,1592,473,11378,1660,14341,17062
0	1437	19402	30538,17245,32082,31556,32773,4985,800,1592,473,11378,1660,14341,17062,18955
0	1437	15615	30538,17245,32082,31556,32773,4985,800,1592,473,11378,1660,14341,17062,18955
0	1437	19612	30538,17245,32082,31556,32773,4985,800,1592,473,11378,1660,14341,17062,18955
0	1437	20262	30538,17245,32082,31556,32773,4985,800,1592,473,11378,1660,14341,17062,18955
1	1437	18540	30538,17245,32082,31556,32773,4985,800,1592,473,11378,1660,14341,17062,18955
0	1437	20342	30538,17245,32082,31556,32773,4985,800,1592,473,11378,1660,14341,17062,18955,18540
0	1437	19733	30538,17245,32082,31556,32773,4985,800,1592,473,11378,1660,14341,17062,18955,18540
0	1437	21512	30538,17245,32082,31556,32773,4985,800,1592,473,11378,1660,14341,17062,18955,18540
1	1437	22016	30538,17245,32082,31556,32773,4985,800,1592,473,11378,1660,14341,17062,18955,18540
0	1437	21514	30538,17245,32082,31556,32773,4985,800,1592,473,11378,1660,14341,17062,18955,18540,22016
0	1437	6612	30538,17245,32082,31556,32773,4985,800,1592,473,11378,1660,14341,17062,18955,18540,22016
0	1437	10739	30538,17245,32082,31556,32773,4985,800,1592,473,11378,1660,14341,17062,18955,18540,22016
1	1437	22561	30538,17245,32082,31556,32773,4985,800,1592,473,11378,1660,14341,17062,18955,18540,22016
0	1437	22824	30538,17245,32082,31556,32773,4985,800,1592,473,11378,1660,14341,17062,18955,18540,22016,22561
1	1437	22111	30538,17245,32082,31556,32773,4985,800,1592,473,11378,1660,14341,17062,18955,18540,22016,22561
0	1437	20088	30538,17245,32082,31556,32773,4985,800,1592,473,11378,1660,14341,17062,18955,18540,22016,22561,22111
0	1437	16454	30538,17245,32082,31556,32773,4985,800,1592,473,11378,1660,14341,17062,18955,18540,22016,22561,22111
0	1437	15096	30538,17245,32082,31556,32773,4985,800,1592,473,11378,1660,14341,17062,18955,18540,22016,22561,22111
0	1437	24785	30538,17245,32082,31556,32773,4985,800,1592,473,11378,1660,14341,17062,18955,18540,22016,22561,22111
0	1437	23128	30538,17245,32082,31556,32773,4985,800,1592,473,11378,1660,14341,17062,18955,18540,22016,22561,22111
1	1437	18102	30538,17245,32082,31556,32773,4985,800,1592,473,11378,1660,14341,17062,18955,18540,22016,22561,22111
0	1437	24731	30538,17245,32082,31556,32773,4985,800,1592,473,11378,1660,14341,17062,18955,18540,22016,22561,22111,18102
0	1437	25248	30538,17245,32082,31556,32773,4985,800,1592,473,11378,1660,14341,17062,18955,18540,22016,22561,22111,18102
0	1437	24787	30538,17245,32082,31556,32773,4985,800,1592,473,11378,1660,14341,17062,18955,18540,22016,22561,22111,18102
0	1437	24791	30538,17245,32082,31556,32773,4985,800,1592,473,11378,1660,14341,17062,18955,18540,22016,22561,22111,18102
0	1437	24726	30538,17245,32082,31556,32773,4985,800,1592,473,11378,1660,14341,17062,18955,18540,22016,22561,22111,18102
0	1437	24727	30538,17245,32082,31556,32773,4985,800,1592,473,11378,1660,14341,17062,18955,18540,22016,22561,22111,18102
1	1437	24730	30538,17245,32082,31556,32773,4985,800,1592,473,11378,1660,14341,17062,18955,18540,22016,22561,22111,18102
0	1437	24797	30538,17245,32082,31556,32773,4985,800,1592,473,11378,1660,14341,17062,18955,18540,22016,22561,22111,18102,24730
0	1437	23189	30538,17245,32082,31556,32773,4985,800,1592,473,11378,1660,14341,17062,18955,18540,22016,22561,22111,18102,24730
0	1437	27770	30538,17245,32082,31556,32773,4985,800,1592,473,11378,1660,14341,17062,18955,18540,22016,22561,22111,18102,24730
0	1437	27368	30538,17245,32082,31556,32773,4985,800,1592,473,11378,1660,14341,17062,18955,18540,22016,22561,22111,18102,24730
1	1437	27703	30538,17245,32082,31556,32773,4985,800,1592,473,11378,1660,14341,17062,18955,18540,22016,22561,22111,18102,24730
