0	1421	16652	0
0	1421	5341	0
1	1421	32852	0
1	1421	4245	32852
1	1421	1089	32852,4245
0	1421	13963	32852,4245,1089
1	1421	13671	32852,4245,1089
1	1421	17501	32852,4245,1089,13671
1	1421	18955	32852,4245,1089,13671,17501
1	1421	18005	32852,4245,1089,13671,17501,18955
1	1421	18048	32852,4245,1089,13671,17501,18955,18005
1	1421	19931	32852,4245,1089,13671,17501,18955,18005,18048
1	1421	19376	32852,4245,1089,13671,17501,18955,18005,18048,19931
1	1421	21074	32852,4245,1089,13671,17501,18955,18005,18048,19931,19376
1	1421	20950	32852,4245,1089,13671,17501,18955,18005,18048,19931,19376,21074
1	1421	14251	32852,4245,1089,13671,17501,18955,18005,18048,19931,19376,21074,20950
1	1421	21514	32852,4245,1089,13671,17501,18955,18005,18048,19931,19376,21074,20950,14251
0	1421	8416	32852,4245,1089,13671,17501,18955,18005,18048,19931,19376,21074,20950,14251,21514
1	1421	9110	32852,4245,1089,13671,17501,18955,18005,18048,19931,19376,21074,20950,14251,21514
1	1421	20785	32852,4245,1089,13671,17501,18955,18005,18048,19931,19376,21074,20950,14251,21514,9110
1	1421	22619	32852,4245,1089,13671,17501,18955,18005,18048,19931,19376,21074,20950,14251,21514,9110,20785
1	1421	21170	32852,4245,1089,13671,17501,18955,18005,18048,19931,19376,21074,20950,14251,21514,9110,20785,22619
1	1421	23490	32852,4245,1089,13671,17501,18955,18005,18048,19931,19376,21074,20950,14251,21514,9110,20785,22619,21170
1	1421	21241	32852,4245,1089,13671,17501,18955,18005,18048,19931,19376,21074,20950,14251,21514,9110,20785,22619,21170,23490
1	1421	22593	32852,4245,1089,13671,17501,18955,18005,18048,19931,19376,21074,20950,14251,21514,9110,20785,22619,21170,23490,21241
1	1421	23815	32852,4245,1089,13671,17501,18955,18005,18048,19931,19376,21074,20950,14251,21514,9110,20785,22619,21170,23490,21241,22593
1	1421	23259	32852,4245,1089,13671,17501,18955,18005,18048,19931,19376,21074,20950,14251,21514,9110,20785,22619,21170,23490,21241,22593,23815
1	1421	23920	32852,4245,1089,13671,17501,18955,18005,18048,19931,19376,21074,20950,14251,21514,9110,20785,22619,21170,23490,21241,22593,23815,23259
0	1421	20088	32852,4245,1089,13671,17501,18955,18005,18048,19931,19376,21074,20950,14251,21514,9110,20785,22619,21170,23490,21241,22593,23815,23259,23920
1	1421	24181	32852,4245,1089,13671,17501,18955,18005,18048,19931,19376,21074,20950,14251,21514,9110,20785,22619,21170,23490,21241,22593,23815,23259,23920
1	1421	22258	32852,4245,1089,13671,17501,18955,18005,18048,19931,19376,21074,20950,14251,21514,9110,20785,22619,21170,23490,21241,22593,23815,23259,23920,24181
1	1421	24361	32852,4245,1089,13671,17501,18955,18005,18048,19931,19376,21074,20950,14251,21514,9110,20785,22619,21170,23490,21241,22593,23815,23259,23920,24181,22258
0	1421	15608	32852,4245,1089,13671,17501,18955,18005,18048,19931,19376,21074,20950,14251,21514,9110,20785,22619,21170,23490,21241,22593,23815,23259,23920,24181,22258,24361
1	1421	25155	32852,4245,1089,13671,17501,18955,18005,18048,19931,19376,21074,20950,14251,21514,9110,20785,22619,21170,23490,21241,22593,23815,23259,23920,24181,22258,24361
0	1421	25671	32852,4245,1089,13671,17501,18955,18005,18048,19931,19376,21074,20950,14251,21514,9110,20785,22619,21170,23490,21241,22593,23815,23259,23920,24181,22258,24361,25155
1	1421	15211	32852,4245,1089,13671,17501,18955,18005,18048,19931,19376,21074,20950,14251,21514,9110,20785,22619,21170,23490,21241,22593,23815,23259,23920,24181,22258,24361,25155
1	1421	22111	32852,4245,1089,13671,17501,18955,18005,18048,19931,19376,21074,20950,14251,21514,9110,20785,22619,21170,23490,21241,22593,23815,23259,23920,24181,22258,24361,25155,15211
1	1421	23658	32852,4245,1089,13671,17501,18955,18005,18048,19931,19376,21074,20950,14251,21514,9110,20785,22619,21170,23490,21241,22593,23815,23259,23920,24181,22258,24361,25155,15211,22111
1	1421	22588	32852,4245,1089,13671,17501,18955,18005,18048,19931,19376,21074,20950,14251,21514,9110,20785,22619,21170,23490,21241,22593,23815,23259,23920,24181,22258,24361,25155,15211,22111,23658
1	1421	25425	32852,4245,1089,13671,17501,18955,18005,18048,19931,19376,21074,20950,14251,21514,9110,20785,22619,21170,23490,21241,22593,23815,23259,23920,24181,22258,24361,25155,15211,22111,23658,22588
1	1421	23449	32852,4245,1089,13671,17501,18955,18005,18048,19931,19376,21074,20950,14251,21514,9110,20785,22619,21170,23490,21241,22593,23815,23259,23920,24181,22258,24361,25155,15211,22111,23658,22588,25425
0	1421	26361	32852,4245,1089,13671,17501,18955,18005,18048,19931,19376,21074,20950,14251,21514,9110,20785,22619,21170,23490,21241,22593,23815,23259,23920,24181,22258,24361,25155,15211,22111,23658,22588,25425,23449
1	1421	15218	32852,4245,1089,13671,17501,18955,18005,18048,19931,19376,21074,20950,14251,21514,9110,20785,22619,21170,23490,21241,22593,23815,23259,23920,24181,22258,24361,25155,15211,22111,23658,22588,25425,23449
1	1421	15221	32852,4245,1089,13671,17501,18955,18005,18048,19931,19376,21074,20950,14251,21514,9110,20785,22619,21170,23490,21241,22593,23815,23259,23920,24181,22258,24361,25155,15211,22111,23658,22588,25425,23449,15218
1	1421	19418	32852,4245,1089,13671,17501,18955,18005,18048,19931,19376,21074,20950,14251,21514,9110,20785,22619,21170,23490,21241,22593,23815,23259,23920,24181,22258,24361,25155,15211,22111,23658,22588,25425,23449,15218,15221
0	1421	24784	32852,4245,1089,13671,17501,18955,18005,18048,19931,19376,21074,20950,14251,21514,9110,20785,22619,21170,23490,21241,22593,23815,23259,23920,24181,22258,24361,25155,15211,22111,23658,22588,25425,23449,15218,15221,19418
1	1421	16426	32852,4245,1089,13671,17501,18955,18005,18048,19931,19376,21074,20950,14251,21514,9110,20785,22619,21170,23490,21241,22593,23815,23259,23920,24181,22258,24361,25155,15211,22111,23658,22588,25425,23449,15218,15221,19418
1	1421	22622	32852,4245,1089,13671,17501,18955,18005,18048,19931,19376,21074,20950,14251,21514,9110,20785,22619,21170,23490,21241,22593,23815,23259,23920,24181,22258,24361,25155,15211,22111,23658,22588,25425,23449,15218,15221,19418,16426
1	1421	24795	32852,4245,1089,13671,17501,18955,18005,18048,19931,19376,21074,20950,14251,21514,9110,20785,22619,21170,23490,21241,22593,23815,23259,23920,24181,22258,24361,25155,15211,22111,23658,22588,25425,23449,15218,15221,19418,16426,22622
1	1421	15220	32852,4245,1089,13671,17501,18955,18005,18048,19931,19376,21074,20950,14251,21514,9110,20785,22619,21170,23490,21241,22593,23815,23259,23920,24181,22258,24361,25155,15211,22111,23658,22588,25425,23449,15218,15221,19418,16426,22622,24795
0	1421	24846	32852,4245,1089,13671,17501,18955,18005,18048,19931,19376,21074,20950,14251,21514,9110,20785,22619,21170,23490,21241,22593,23815,23259,23920,24181,22258,24361,25155,15211,22111,23658,22588,25425,23449,15218,15221,19418,16426,22622,24795,15220
1	1421	837	32852,4245,1089,13671,17501,18955,18005,18048,19931,19376,21074,20950,14251,21514,9110,20785,22619,21170,23490,21241,22593,23815,23259,23920,24181,22258,24361,25155,15211,22111,23658,22588,25425,23449,15218,15221,19418,16426,22622,24795,15220
1	1421	21225	32852,4245,1089,13671,17501,18955,18005,18048,19931,19376,21074,20950,14251,21514,9110,20785,22619,21170,23490,21241,22593,23815,23259,23920,24181,22258,24361,25155,15211,22111,23658,22588,25425,23449,15218,15221,19418,16426,22622,24795,15220,837
1	1421	26842	32852,4245,1089,13671,17501,18955,18005,18048,19931,19376,21074,20950,14251,21514,9110,20785,22619,21170,23490,21241,22593,23815,23259,23920,24181,22258,24361,25155,15211,22111,23658,22588,25425,23449,15218,15221,19418,16426,22622,24795,15220,837,21225
1	1421	22784	32852,4245,1089,13671,17501,18955,18005,18048,19931,19376,21074,20950,14251,21514,9110,20785,22619,21170,23490,21241,22593,23815,23259,23920,24181,22258,24361,25155,15211,22111,23658,22588,25425,23449,15218,15221,19418,16426,22622,24795,15220,837,21225,26842
0	1421	27369	32852,4245,1089,13671,17501,18955,18005,18048,19931,19376,21074,20950,14251,21514,9110,20785,22619,21170,23490,21241,22593,23815,23259,23920,24181,22258,24361,25155,15211,22111,23658,22588,25425,23449,15218,15221,19418,16426,22622,24795,15220,837,21225,26842,22784
1	1421	27213	32852,4245,1089,13671,17501,18955,18005,18048,19931,19376,21074,20950,14251,21514,9110,20785,22619,21170,23490,21241,22593,23815,23259,23920,24181,22258,24361,25155,15211,22111,23658,22588,25425,23449,15218,15221,19418,16426,22622,24795,15220,837,21225,26842,22784
1	1421	26091	32852,4245,1089,13671,17501,18955,18005,18048,19931,19376,21074,20950,14251,21514,9110,20785,22619,21170,23490,21241,22593,23815,23259,23920,24181,22258,24361,25155,15211,22111,23658,22588,25425,23449,15218,15221,19418,16426,22622,24795,15220,837,21225,26842,22784,27213
1	1421	28469	32852,4245,1089,13671,17501,18955,18005,18048,19931,19376,21074,20950,14251,21514,9110,20785,22619,21170,23490,21241,22593,23815,23259,23920,24181,22258,24361,25155,15211,22111,23658,22588,25425,23449,15218,15221,19418,16426,22622,24795,15220,837,21225,26842,22784,27213,26091
1	1421	27965	32852,4245,1089,13671,17501,18955,18005,18048,19931,19376,21074,20950,14251,21514,9110,20785,22619,21170,23490,21241,22593,23815,23259,23920,24181,22258,24361,25155,15211,22111,23658,22588,25425,23449,15218,15221,19418,16426,22622,24795,15220,837,21225,26842,22784,27213,26091,28469
1	1421	10601	32852,4245,1089,13671,17501,18955,18005,18048,19931,19376,21074,20950,14251,21514,9110,20785,22619,21170,23490,21241,22593,23815,23259,23920,24181,22258,24361,25155,15211,22111,23658,22588,25425,23449,15218,15221,19418,16426,22622,24795,15220,837,21225,26842,22784,27213,26091,28469,27965
1	1421	24458	32852,4245,1089,13671,17501,18955,18005,18048,19931,19376,21074,20950,14251,21514,9110,20785,22619,21170,23490,21241,22593,23815,23259,23920,24181,22258,24361,25155,15211,22111,23658,22588,25425,23449,15218,15221,19418,16426,22622,24795,15220,837,21225,26842,22784,27213,26091,28469,27965,10601
1	1421	26781	32852,4245,1089,13671,17501,18955,18005,18048,19931,19376,21074,20950,14251,21514,9110,20785,22619,21170,23490,21241,22593,23815,23259,23920,24181,22258,24361,25155,15211,22111,23658,22588,25425,23449,15218,15221,19418,16426,22622,24795,15220,837,21225,26842,22784,27213,26091,28469,27965,10601,24458
1	1421	29191	32852,4245,1089,13671,17501,18955,18005,18048,19931,19376,21074,20950,14251,21514,9110,20785,22619,21170,23490,21241,22593,23815,23259,23920,24181,22258,24361,25155,15211,22111,23658,22588,25425,23449,15218,15221,19418,16426,22622,24795,15220,837,21225,26842,22784,27213,26091,28469,27965,10601,24458,26781
