0	325	5163	0
1	325	5451	0
0	325	19567	5451
0	325	4364	5451
0	325	23347	5451
1	325	19974	5451
1	325	25929	5451,19974
0	325	26634	5451,19974,25929
0	325	28872	5451,19974,25929
1	325	28930	5451,19974,25929
1	325	10123	5451,19974,25929,28930
1	325	12981	5451,19974,25929,28930,10123
0	325	14058	5451,19974,25929,28930,10123,12981
1	325	16283	5451,19974,25929,28930,10123,12981
1	325	18227	5451,19974,25929,28930,10123,12981,16283
1	325	18415	5451,19974,25929,28930,10123,12981,16283,18227
0	325	19336	5451,19974,25929,28930,10123,12981,16283,18227,18415
1	325	23143	5451,19974,25929,28930,10123,12981,16283,18227,18415
0	325	23204	5451,19974,25929,28930,10123,12981,16283,18227,18415,23143
0	325	26107	5451,19974,25929,28930,10123,12981,16283,18227,18415,23143
1	325	26873	5451,19974,25929,28930,10123,12981,16283,18227,18415,23143
0	325	21105	5451,19974,25929,28930,10123,12981,16283,18227,18415,23143,26873
1	325	25030	5451,19974,25929,28930,10123,12981,16283,18227,18415,23143,26873
0	325	28962	5451,19974,25929,28930,10123,12981,16283,18227,18415,23143,26873,25030
