1	1865	32432	0
0	1865	5983	32432
1	1865	2067	32432
1	1865	3344	32432,2067
1	1865	6434	32432,2067,3344
1	1865	5705	32432,2067,3344,6434
1	1865	11178	32432,2067,3344,6434,5705
1	1865	9919	32432,2067,3344,6434,5705,11178
1	1865	10639	32432,2067,3344,6434,5705,11178,9919
1	1865	13253	32432,2067,3344,6434,5705,11178,9919,10639
0	1865	11054	32432,2067,3344,6434,5705,11178,9919,10639,13253
1	1865	843	32432,2067,3344,6434,5705,11178,9919,10639,13253
1	1865	6774	32432,2067,3344,6434,5705,11178,9919,10639,13253,843
1	1865	8488	32432,2067,3344,6434,5705,11178,9919,10639,13253,843,6774
0	1865	13620	32432,2067,3344,6434,5705,11178,9919,10639,13253,843,6774,8488
0	1865	15796	32432,2067,3344,6434,5705,11178,9919,10639,13253,843,6774,8488
1	1865	14151	32432,2067,3344,6434,5705,11178,9919,10639,13253,843,6774,8488
0	1865	10742	32432,2067,3344,6434,5705,11178,9919,10639,13253,843,6774,8488,14151
0	1865	19264	32432,2067,3344,6434,5705,11178,9919,10639,13253,843,6774,8488,14151
1	1865	19704	32432,2067,3344,6434,5705,11178,9919,10639,13253,843,6774,8488,14151
0	1865	15776	32432,2067,3344,6434,5705,11178,9919,10639,13253,843,6774,8488,14151,19704
1	1865	19824	32432,2067,3344,6434,5705,11178,9919,10639,13253,843,6774,8488,14151,19704
0	1865	19735	32432,2067,3344,6434,5705,11178,9919,10639,13253,843,6774,8488,14151,19704,19824
1	1865	11614	32432,2067,3344,6434,5705,11178,9919,10639,13253,843,6774,8488,14151,19704,19824
1	1865	14028	32432,2067,3344,6434,5705,11178,9919,10639,13253,843,6774,8488,14151,19704,19824,11614
1	1865	15682	32432,2067,3344,6434,5705,11178,9919,10639,13253,843,6774,8488,14151,19704,19824,11614,14028
1	1865	16754	32432,2067,3344,6434,5705,11178,9919,10639,13253,843,6774,8488,14151,19704,19824,11614,14028,15682
1	1865	17242	32432,2067,3344,6434,5705,11178,9919,10639,13253,843,6774,8488,14151,19704,19824,11614,14028,15682,16754
0	1865	22105	32432,2067,3344,6434,5705,11178,9919,10639,13253,843,6774,8488,14151,19704,19824,11614,14028,15682,16754,17242
1	1865	18357	32432,2067,3344,6434,5705,11178,9919,10639,13253,843,6774,8488,14151,19704,19824,11614,14028,15682,16754,17242
1	1865	20658	32432,2067,3344,6434,5705,11178,9919,10639,13253,843,6774,8488,14151,19704,19824,11614,14028,15682,16754,17242,18357
0	1865	32516	32432,2067,3344,6434,5705,11178,9919,10639,13253,843,6774,8488,14151,19704,19824,11614,14028,15682,16754,17242,18357,20658
1	1865	32813	32432,2067,3344,6434,5705,11178,9919,10639,13253,843,6774,8488,14151,19704,19824,11614,14028,15682,16754,17242,18357,20658
1	1865	33090	32432,2067,3344,6434,5705,11178,9919,10639,13253,843,6774,8488,14151,19704,19824,11614,14028,15682,16754,17242,18357,20658,32813
1	1865	8602	32432,2067,3344,6434,5705,11178,9919,10639,13253,843,6774,8488,14151,19704,19824,11614,14028,15682,16754,17242,18357,20658,32813,33090
1	1865	9853	32432,2067,3344,6434,5705,11178,9919,10639,13253,843,6774,8488,14151,19704,19824,11614,14028,15682,16754,17242,18357,20658,32813,33090,8602
1	1865	12734	32432,2067,3344,6434,5705,11178,9919,10639,13253,843,6774,8488,14151,19704,19824,11614,14028,15682,16754,17242,18357,20658,32813,33090,8602,9853
1	1865	14178	32432,2067,3344,6434,5705,11178,9919,10639,13253,843,6774,8488,14151,19704,19824,11614,14028,15682,16754,17242,18357,20658,32813,33090,8602,9853,12734
1	1865	15465	32432,2067,3344,6434,5705,11178,9919,10639,13253,843,6774,8488,14151,19704,19824,11614,14028,15682,16754,17242,18357,20658,32813,33090,8602,9853,12734,14178
1	1865	19348	32432,2067,3344,6434,5705,11178,9919,10639,13253,843,6774,8488,14151,19704,19824,11614,14028,15682,16754,17242,18357,20658,32813,33090,8602,9853,12734,14178,15465
1	1865	20498	32432,2067,3344,6434,5705,11178,9919,10639,13253,843,6774,8488,14151,19704,19824,11614,14028,15682,16754,17242,18357,20658,32813,33090,8602,9853,12734,14178,15465,19348
0	1865	19032	32432,2067,3344,6434,5705,11178,9919,10639,13253,843,6774,8488,14151,19704,19824,11614,14028,15682,16754,17242,18357,20658,32813,33090,8602,9853,12734,14178,15465,19348,20498
0	1865	31922	32432,2067,3344,6434,5705,11178,9919,10639,13253,843,6774,8488,14151,19704,19824,11614,14028,15682,16754,17242,18357,20658,32813,33090,8602,9853,12734,14178,15465,19348,20498
1	1865	3664	32432,2067,3344,6434,5705,11178,9919,10639,13253,843,6774,8488,14151,19704,19824,11614,14028,15682,16754,17242,18357,20658,32813,33090,8602,9853,12734,14178,15465,19348,20498
1	1865	4681	32432,2067,3344,6434,5705,11178,9919,10639,13253,843,6774,8488,14151,19704,19824,11614,14028,15682,16754,17242,18357,20658,32813,33090,8602,9853,12734,14178,15465,19348,20498,3664
0	1865	5606	32432,2067,3344,6434,5705,11178,9919,10639,13253,843,6774,8488,14151,19704,19824,11614,14028,15682,16754,17242,18357,20658,32813,33090,8602,9853,12734,14178,15465,19348,20498,3664,4681
1	1865	6264	32432,2067,3344,6434,5705,11178,9919,10639,13253,843,6774,8488,14151,19704,19824,11614,14028,15682,16754,17242,18357,20658,32813,33090,8602,9853,12734,14178,15465,19348,20498,3664,4681
1	1865	8291	32432,2067,3344,6434,5705,11178,9919,10639,13253,843,6774,8488,14151,19704,19824,11614,14028,15682,16754,17242,18357,20658,32813,33090,8602,9853,12734,14178,15465,19348,20498,3664,4681,6264
1	1865	9495	32432,2067,3344,6434,5705,11178,9919,10639,13253,843,6774,8488,14151,19704,19824,11614,14028,15682,16754,17242,18357,20658,32813,33090,8602,9853,12734,14178,15465,19348,20498,3664,4681,6264,8291
1	1865	17408	32432,2067,3344,6434,5705,11178,9919,10639,13253,843,6774,8488,14151,19704,19824,11614,14028,15682,16754,17242,18357,20658,32813,33090,8602,9853,12734,14178,15465,19348,20498,3664,4681,6264,8291,9495
0	1865	20454	32432,2067,3344,6434,5705,11178,9919,10639,13253,843,6774,8488,14151,19704,19824,11614,14028,15682,16754,17242,18357,20658,32813,33090,8602,9853,12734,14178,15465,19348,20498,3664,4681,6264,8291,9495,17408
1	1865	20455	32432,2067,3344,6434,5705,11178,9919,10639,13253,843,6774,8488,14151,19704,19824,11614,14028,15682,16754,17242,18357,20658,32813,33090,8602,9853,12734,14178,15465,19348,20498,3664,4681,6264,8291,9495,17408
1	1865	20552	32432,2067,3344,6434,5705,11178,9919,10639,13253,843,6774,8488,14151,19704,19824,11614,14028,15682,16754,17242,18357,20658,32813,33090,8602,9853,12734,14178,15465,19348,20498,3664,4681,6264,8291,9495,17408,20455
1	1865	21552	32432,2067,3344,6434,5705,11178,9919,10639,13253,843,6774,8488,14151,19704,19824,11614,14028,15682,16754,17242,18357,20658,32813,33090,8602,9853,12734,14178,15465,19348,20498,3664,4681,6264,8291,9495,17408,20455,20552
1	1865	24731	32432,2067,3344,6434,5705,11178,9919,10639,13253,843,6774,8488,14151,19704,19824,11614,14028,15682,16754,17242,18357,20658,32813,33090,8602,9853,12734,14178,15465,19348,20498,3664,4681,6264,8291,9495,17408,20455,20552,21552
0	1865	24789	32432,2067,3344,6434,5705,11178,9919,10639,13253,843,6774,8488,14151,19704,19824,11614,14028,15682,16754,17242,18357,20658,32813,33090,8602,9853,12734,14178,15465,19348,20498,3664,4681,6264,8291,9495,17408,20455,20552,21552,24731
1	1865	21131	32432,2067,3344,6434,5705,11178,9919,10639,13253,843,6774,8488,14151,19704,19824,11614,14028,15682,16754,17242,18357,20658,32813,33090,8602,9853,12734,14178,15465,19348,20498,3664,4681,6264,8291,9495,17408,20455,20552,21552,24731
1	1865	31478	32432,2067,3344,6434,5705,11178,9919,10639,13253,843,6774,8488,14151,19704,19824,11614,14028,15682,16754,17242,18357,20658,32813,33090,8602,9853,12734,14178,15465,19348,20498,3664,4681,6264,8291,9495,17408,20455,20552,21552,24731,21131
1	1865	844	32432,2067,3344,6434,5705,11178,9919,10639,13253,843,6774,8488,14151,19704,19824,11614,14028,15682,16754,17242,18357,20658,32813,33090,8602,9853,12734,14178,15465,19348,20498,3664,4681,6264,8291,9495,17408,20455,20552,21552,24731,21131,31478
1	1865	4857	32432,2067,3344,6434,5705,11178,9919,10639,13253,843,6774,8488,14151,19704,19824,11614,14028,15682,16754,17242,18357,20658,32813,33090,8602,9853,12734,14178,15465,19348,20498,3664,4681,6264,8291,9495,17408,20455,20552,21552,24731,21131,31478,844
1	1865	8171	32432,2067,3344,6434,5705,11178,9919,10639,13253,843,6774,8488,14151,19704,19824,11614,14028,15682,16754,17242,18357,20658,32813,33090,8602,9853,12734,14178,15465,19348,20498,3664,4681,6264,8291,9495,17408,20455,20552,21552,24731,21131,31478,844,4857
1	1865	15482	32432,2067,3344,6434,5705,11178,9919,10639,13253,843,6774,8488,14151,19704,19824,11614,14028,15682,16754,17242,18357,20658,32813,33090,8602,9853,12734,14178,15465,19348,20498,3664,4681,6264,8291,9495,17408,20455,20552,21552,24731,21131,31478,844,4857,8171
1	1865	17042	32432,2067,3344,6434,5705,11178,9919,10639,13253,843,6774,8488,14151,19704,19824,11614,14028,15682,16754,17242,18357,20658,32813,33090,8602,9853,12734,14178,15465,19348,20498,3664,4681,6264,8291,9495,17408,20455,20552,21552,24731,21131,31478,844,4857,8171,15482
1	1865	18338	32432,2067,3344,6434,5705,11178,9919,10639,13253,843,6774,8488,14151,19704,19824,11614,14028,15682,16754,17242,18357,20658,32813,33090,8602,9853,12734,14178,15465,19348,20498,3664,4681,6264,8291,9495,17408,20455,20552,21552,24731,21131,31478,844,4857,8171,15482,17042
1	1865	18677	32432,2067,3344,6434,5705,11178,9919,10639,13253,843,6774,8488,14151,19704,19824,11614,14028,15682,16754,17242,18357,20658,32813,33090,8602,9853,12734,14178,15465,19348,20498,3664,4681,6264,8291,9495,17408,20455,20552,21552,24731,21131,31478,844,4857,8171,15482,17042,18338
1	1865	20315	32432,2067,3344,6434,5705,11178,9919,10639,13253,843,6774,8488,14151,19704,19824,11614,14028,15682,16754,17242,18357,20658,32813,33090,8602,9853,12734,14178,15465,19348,20498,3664,4681,6264,8291,9495,17408,20455,20552,21552,24731,21131,31478,844,4857,8171,15482,17042,18338,18677
1	1865	27585	32432,2067,3344,6434,5705,11178,9919,10639,13253,843,6774,8488,14151,19704,19824,11614,14028,15682,16754,17242,18357,20658,32813,33090,8602,9853,12734,14178,15465,19348,20498,3664,4681,6264,8291,9495,17408,20455,20552,21552,24731,21131,31478,844,4857,8171,15482,17042,18338,18677,20315
0	1865	27797	32432,2067,3344,6434,5705,11178,9919,10639,13253,843,6774,8488,14151,19704,19824,11614,14028,15682,16754,17242,18357,20658,32813,33090,8602,9853,12734,14178,15465,19348,20498,3664,4681,6264,8291,9495,17408,20455,20552,21552,24731,21131,31478,844,4857,8171,15482,17042,18338,18677,20315,27585
1	1865	1609	32432,2067,3344,6434,5705,11178,9919,10639,13253,843,6774,8488,14151,19704,19824,11614,14028,15682,16754,17242,18357,20658,32813,33090,8602,9853,12734,14178,15465,19348,20498,3664,4681,6264,8291,9495,17408,20455,20552,21552,24731,21131,31478,844,4857,8171,15482,17042,18338,18677,20315,27585
1	1865	12460	32432,2067,3344,6434,5705,11178,9919,10639,13253,843,6774,8488,14151,19704,19824,11614,14028,15682,16754,17242,18357,20658,32813,33090,8602,9853,12734,14178,15465,19348,20498,3664,4681,6264,8291,9495,17408,20455,20552,21552,24731,21131,31478,844,4857,8171,15482,17042,18338,18677,20315,27585,1609
1	1865	19294	32432,2067,3344,6434,5705,11178,9919,10639,13253,843,6774,8488,14151,19704,19824,11614,14028,15682,16754,17242,18357,20658,32813,33090,8602,9853,12734,14178,15465,19348,20498,3664,4681,6264,8291,9495,17408,20455,20552,21552,24731,21131,31478,844,4857,8171,15482,17042,18338,18677,20315,27585,1609,12460
1	1865	24048	32432,2067,3344,6434,5705,11178,9919,10639,13253,843,6774,8488,14151,19704,19824,11614,14028,15682,16754,17242,18357,20658,32813,33090,8602,9853,12734,14178,15465,19348,20498,3664,4681,6264,8291,9495,17408,20455,20552,21552,24731,21131,31478,844,4857,8171,15482,17042,18338,18677,20315,27585,1609,12460,19294
1	1865	25173	32432,2067,3344,6434,5705,11178,9919,10639,13253,843,6774,8488,14151,19704,19824,11614,14028,15682,16754,17242,18357,20658,32813,33090,8602,9853,12734,14178,15465,19348,20498,3664,4681,6264,8291,9495,17408,20455,20552,21552,24731,21131,31478,844,4857,8171,15482,17042,18338,18677,20315,27585,1609,12460,19294,24048
1	1865	28874	32432,2067,3344,6434,5705,11178,9919,10639,13253,843,6774,8488,14151,19704,19824,11614,14028,15682,16754,17242,18357,20658,32813,33090,8602,9853,12734,14178,15465,19348,20498,3664,4681,6264,8291,9495,17408,20455,20552,21552,24731,21131,31478,844,4857,8171,15482,17042,18338,18677,20315,27585,1609,12460,19294,24048,25173
1	1865	29140	32432,2067,3344,6434,5705,11178,9919,10639,13253,843,6774,8488,14151,19704,19824,11614,14028,15682,16754,17242,18357,20658,32813,33090,8602,9853,12734,14178,15465,19348,20498,3664,4681,6264,8291,9495,17408,20455,20552,21552,24731,21131,31478,844,4857,8171,15482,17042,18338,18677,20315,27585,1609,12460,19294,24048,25173,28874
