0	971	5754	0
0	971	22540	0
0	971	22544	0
0	971	23073	0
0	971	30061	0
0	971	7974	0
0	971	31314	0
1	971	3005	0
0	971	2010	3005
0	971	2528	3005
0	971	512	3005
0	971	3024	3005
0	971	3957	3005
0	971	4101	3005
1	971	4924	3005
0	971	3131	3005,4924
0	971	3733	3005,4924
0	971	4925	3005,4924
0	971	5925	3005,4924
1	971	3374	3005,4924
0	971	7574	3005,4924,3374
0	971	8528	3005,4924,3374
0	971	8891	3005,4924,3374
0	971	8960	3005,4924,3374
1	971	13215	3005,4924,3374
0	971	10640	3005,4924,3374,13215
0	971	5924	3005,4924,3374,13215
1	971	6674	3005,4924,3374,13215
1	971	14177	3005,4924,3374,13215,6674
0	971	2379	3005,4924,3374,13215,6674,14177
0	971	19251	3005,4924,3374,13215,6674,14177
0	971	12941	3005,4924,3374,13215,6674,14177
0	971	18876	3005,4924,3374,13215,6674,14177
0	971	10173	3005,4924,3374,13215,6674,14177
1	971	23451	3005,4924,3374,13215,6674,14177
0	971	24181	3005,4924,3374,13215,6674,14177,23451
1	971	20796	3005,4924,3374,13215,6674,14177,23451
1	971	25338	3005,4924,3374,13215,6674,14177,23451,20796
0	971	26759	3005,4924,3374,13215,6674,14177,23451,20796,25338
1	971	837	3005,4924,3374,13215,6674,14177,23451,20796,25338
1	971	26090	3005,4924,3374,13215,6674,14177,23451,20796,25338,837
0	971	25890	3005,4924,3374,13215,6674,14177,23451,20796,25338,837,26090
1	971	25367	3005,4924,3374,13215,6674,14177,23451,20796,25338,837,26090
0	971	27395	3005,4924,3374,13215,6674,14177,23451,20796,25338,837,26090,25367
1	971	6858	3005,4924,3374,13215,6674,14177,23451,20796,25338,837,26090,25367
0	971	27215	3005,4924,3374,13215,6674,14177,23451,20796,25338,837,26090,25367,6858
1	971	27775	3005,4924,3374,13215,6674,14177,23451,20796,25338,837,26090,25367,6858
1	971	28100	3005,4924,3374,13215,6674,14177,23451,20796,25338,837,26090,25367,6858,27775
1	971	28225	3005,4924,3374,13215,6674,14177,23451,20796,25338,837,26090,25367,6858,27775,28100
1	971	27803	3005,4924,3374,13215,6674,14177,23451,20796,25338,837,26090,25367,6858,27775,28100,28225
0	971	27322	3005,4924,3374,13215,6674,14177,23451,20796,25338,837,26090,25367,6858,27775,28100,28225,27803
