0	1644	14063	0
1	1644	32801	0
0	1644	3025	32801
1	1644	26620	32801
0	1644	13502	32801,26620
0	1644	3749	32801,26620
0	1644	2796	32801,26620
1	1644	2809	32801,26620
0	1644	8357	32801,26620,2809
0	1644	8490	32801,26620,2809
0	1644	9125	32801,26620,2809
0	1644	10920	32801,26620,2809
1	1644	11102	32801,26620,2809
0	1644	14478	32801,26620,2809,11102
1	1644	17419	32801,26620,2809,11102
0	1644	19536	32801,26620,2809,11102,17419
1	1644	20296	32801,26620,2809,11102,17419
1	1644	20848	32801,26620,2809,11102,17419,20296
0	1644	21560	32801,26620,2809,11102,17419,20296,20848
1	1644	23354	32801,26620,2809,11102,17419,20296,20848
0	1644	24481	32801,26620,2809,11102,17419,20296,20848,23354
1	1644	23490	32801,26620,2809,11102,17419,20296,20848,23354
0	1644	32401	32801,26620,2809,11102,17419,20296,20848,23354,23490
1	1644	6187	32801,26620,2809,11102,17419,20296,20848,23354,23490
1	1644	1082	32801,26620,2809,11102,17419,20296,20848,23354,23490,6187
1	1644	19336	32801,26620,2809,11102,17419,20296,20848,23354,23490,6187,1082
1	1644	12490	32801,26620,2809,11102,17419,20296,20848,23354,23490,6187,1082,19336
0	1644	25293	32801,26620,2809,11102,17419,20296,20848,23354,23490,6187,1082,19336,12490
1	1644	19693	32801,26620,2809,11102,17419,20296,20848,23354,23490,6187,1082,19336,12490
0	1644	27401	32801,26620,2809,11102,17419,20296,20848,23354,23490,6187,1082,19336,12490,19693
1	1644	25814	32801,26620,2809,11102,17419,20296,20848,23354,23490,6187,1082,19336,12490,19693
1	1644	25108	32801,26620,2809,11102,17419,20296,20848,23354,23490,6187,1082,19336,12490,19693,25814
0	1644	5467	32801,26620,2809,11102,17419,20296,20848,23354,23490,6187,1082,19336,12490,19693,25814,25108
0	1644	28881	32801,26620,2809,11102,17419,20296,20848,23354,23490,6187,1082,19336,12490,19693,25814,25108
