0	883	6832	0
1	883	4007	0
0	883	7209	4007
1	883	29904	4007
1	883	32784	4007,29904
0	883	5939	4007,29904,32784
0	883	1006	4007,29904,32784
1	883	3670	4007,29904,32784
0	883	6518	4007,29904,32784,3670
0	883	7711	4007,29904,32784,3670
1	883	1329	4007,29904,32784,3670
1	883	9722	4007,29904,32784,3670,1329
0	883	11424	4007,29904,32784,3670,1329,9722
1	883	11922	4007,29904,32784,3670,1329,9722
1	883	11978	4007,29904,32784,3670,1329,9722,11922
1	883	13717	4007,29904,32784,3670,1329,9722,11922,11978
1	883	12460	4007,29904,32784,3670,1329,9722,11922,11978,13717
1	883	9705	4007,29904,32784,3670,1329,9722,11922,11978,13717,12460
1	883	9790	4007,29904,32784,3670,1329,9722,11922,11978,13717,12460,9705
1	883	14761	4007,29904,32784,3670,1329,9722,11922,11978,13717,12460,9705,9790
0	883	17193	4007,29904,32784,3670,1329,9722,11922,11978,13717,12460,9705,9790,14761
1	883	18587	4007,29904,32784,3670,1329,9722,11922,11978,13717,12460,9705,9790,14761
1	883	19269	4007,29904,32784,3670,1329,9722,11922,11978,13717,12460,9705,9790,14761,18587
1	883	13660	4007,29904,32784,3670,1329,9722,11922,11978,13717,12460,9705,9790,14761,18587,19269
1	883	14457	4007,29904,32784,3670,1329,9722,11922,11978,13717,12460,9705,9790,14761,18587,19269,13660
1	883	14725	4007,29904,32784,3670,1329,9722,11922,11978,13717,12460,9705,9790,14761,18587,19269,13660,14457
1	883	14859	4007,29904,32784,3670,1329,9722,11922,11978,13717,12460,9705,9790,14761,18587,19269,13660,14457,14725
0	883	4543	4007,29904,32784,3670,1329,9722,11922,11978,13717,12460,9705,9790,14761,18587,19269,13660,14457,14725,14859
0	883	16934	4007,29904,32784,3670,1329,9722,11922,11978,13717,12460,9705,9790,14761,18587,19269,13660,14457,14725,14859
0	883	20205	4007,29904,32784,3670,1329,9722,11922,11978,13717,12460,9705,9790,14761,18587,19269,13660,14457,14725,14859
0	883	15497	4007,29904,32784,3670,1329,9722,11922,11978,13717,12460,9705,9790,14761,18587,19269,13660,14457,14725,14859
0	883	10766	4007,29904,32784,3670,1329,9722,11922,11978,13717,12460,9705,9790,14761,18587,19269,13660,14457,14725,14859
1	883	22098	4007,29904,32784,3670,1329,9722,11922,11978,13717,12460,9705,9790,14761,18587,19269,13660,14457,14725,14859
0	883	32277	4007,29904,32784,3670,1329,9722,11922,11978,13717,12460,9705,9790,14761,18587,19269,13660,14457,14725,14859,22098
1	883	22492	4007,29904,32784,3670,1329,9722,11922,11978,13717,12460,9705,9790,14761,18587,19269,13660,14457,14725,14859,22098
1	883	21403	4007,29904,32784,3670,1329,9722,11922,11978,13717,12460,9705,9790,14761,18587,19269,13660,14457,14725,14859,22098,22492
1	883	16453	4007,29904,32784,3670,1329,9722,11922,11978,13717,12460,9705,9790,14761,18587,19269,13660,14457,14725,14859,22098,22492,21403
1	883	23453	4007,29904,32784,3670,1329,9722,11922,11978,13717,12460,9705,9790,14761,18587,19269,13660,14457,14725,14859,22098,22492,21403,16453
1	883	24703	4007,29904,32784,3670,1329,9722,11922,11978,13717,12460,9705,9790,14761,18587,19269,13660,14457,14725,14859,22098,22492,21403,16453,23453
0	883	25226	4007,29904,32784,3670,1329,9722,11922,11978,13717,12460,9705,9790,14761,18587,19269,13660,14457,14725,14859,22098,22492,21403,16453,23453,24703
0	883	22399	4007,29904,32784,3670,1329,9722,11922,11978,13717,12460,9705,9790,14761,18587,19269,13660,14457,14725,14859,22098,22492,21403,16453,23453,24703
1	883	24384	4007,29904,32784,3670,1329,9722,11922,11978,13717,12460,9705,9790,14761,18587,19269,13660,14457,14725,14859,22098,22492,21403,16453,23453,24703
1	883	25113	4007,29904,32784,3670,1329,9722,11922,11978,13717,12460,9705,9790,14761,18587,19269,13660,14457,14725,14859,22098,22492,21403,16453,23453,24703,24384
0	883	24788	4007,29904,32784,3670,1329,9722,11922,11978,13717,12460,9705,9790,14761,18587,19269,13660,14457,14725,14859,22098,22492,21403,16453,23453,24703,24384,25113
0	883	26403	4007,29904,32784,3670,1329,9722,11922,11978,13717,12460,9705,9790,14761,18587,19269,13660,14457,14725,14859,22098,22492,21403,16453,23453,24703,24384,25113
0	883	23599	4007,29904,32784,3670,1329,9722,11922,11978,13717,12460,9705,9790,14761,18587,19269,13660,14457,14725,14859,22098,22492,21403,16453,23453,24703,24384,25113
1	883	9647	4007,29904,32784,3670,1329,9722,11922,11978,13717,12460,9705,9790,14761,18587,19269,13660,14457,14725,14859,22098,22492,21403,16453,23453,24703,24384,25113
0	883	29311	4007,29904,32784,3670,1329,9722,11922,11978,13717,12460,9705,9790,14761,18587,19269,13660,14457,14725,14859,22098,22492,21403,16453,23453,24703,24384,25113,9647
