0	795	3336	0
1	795	32562	0
0	795	7344	32562
0	795	8774	32562
0	795	31791	32562
1	795	16640	32562
0	795	2426	32562,16640
0	795	5169	32562,16640
0	795	1447	32562,16640
0	795	4389	32562,16640
0	795	3467	32562,16640
0	795	4358	32562,16640
1	795	7557	32562,16640
0	795	7630	32562,16640,7557
1	795	5540	32562,16640,7557
1	795	6232	32562,16640,7557,5540
0	795	8189	32562,16640,7557,5540,6232
1	795	4627	32562,16640,7557,5540,6232
0	795	8310	32562,16640,7557,5540,6232,4627
1	795	2701	32562,16640,7557,5540,6232,4627
1	795	2349	32562,16640,7557,5540,6232,4627,2701
1	795	4924	32562,16640,7557,5540,6232,4627,2701,2349
1	795	22559	32562,16640,7557,5540,6232,4627,2701,2349,4924
0	795	7423	32562,16640,7557,5540,6232,4627,2701,2349,4924,22559
1	795	10760	32562,16640,7557,5540,6232,4627,2701,2349,4924,22559
0	795	21672	32562,16640,7557,5540,6232,4627,2701,2349,4924,22559,10760
0	795	5726	32562,16640,7557,5540,6232,4627,2701,2349,4924,22559,10760
0	795	9462	32562,16640,7557,5540,6232,4627,2701,2349,4924,22559,10760
0	795	9616	32562,16640,7557,5540,6232,4627,2701,2349,4924,22559,10760
1	795	10713	32562,16640,7557,5540,6232,4627,2701,2349,4924,22559,10760
1	795	15221	32562,16640,7557,5540,6232,4627,2701,2349,4924,22559,10760,10713
0	795	1231	32562,16640,7557,5540,6232,4627,2701,2349,4924,22559,10760,10713,15221
0	795	16033	32562,16640,7557,5540,6232,4627,2701,2349,4924,22559,10760,10713,15221
1	795	15228	32562,16640,7557,5540,6232,4627,2701,2349,4924,22559,10760,10713,15221
0	795	16878	32562,16640,7557,5540,6232,4627,2701,2349,4924,22559,10760,10713,15221,15228
0	795	18876	32562,16640,7557,5540,6232,4627,2701,2349,4924,22559,10760,10713,15221,15228
0	795	18935	32562,16640,7557,5540,6232,4627,2701,2349,4924,22559,10760,10713,15221,15228
0	795	16880	32562,16640,7557,5540,6232,4627,2701,2349,4924,22559,10760,10713,15221,15228
0	795	17066	32562,16640,7557,5540,6232,4627,2701,2349,4924,22559,10760,10713,15221,15228
0	795	1947	32562,16640,7557,5540,6232,4627,2701,2349,4924,22559,10760,10713,15221,15228
0	795	14386	32562,16640,7557,5540,6232,4627,2701,2349,4924,22559,10760,10713,15221,15228
1	795	32960	32562,16640,7557,5540,6232,4627,2701,2349,4924,22559,10760,10713,15221,15228
0	795	21074	32562,16640,7557,5540,6232,4627,2701,2349,4924,22559,10760,10713,15221,15228,32960
1	795	3926	32562,16640,7557,5540,6232,4627,2701,2349,4924,22559,10760,10713,15221,15228,32960
0	795	21179	32562,16640,7557,5540,6232,4627,2701,2349,4924,22559,10760,10713,15221,15228,32960,3926
1	795	23915	32562,16640,7557,5540,6232,4627,2701,2349,4924,22559,10760,10713,15221,15228,32960,3926
0	795	9194	32562,16640,7557,5540,6232,4627,2701,2349,4924,22559,10760,10713,15221,15228,32960,3926,23915
0	795	23768	32562,16640,7557,5540,6232,4627,2701,2349,4924,22559,10760,10713,15221,15228,32960,3926,23915
0	795	25114	32562,16640,7557,5540,6232,4627,2701,2349,4924,22559,10760,10713,15221,15228,32960,3926,23915
0	795	22516	32562,16640,7557,5540,6232,4627,2701,2349,4924,22559,10760,10713,15221,15228,32960,3926,23915
1	795	7081	32562,16640,7557,5540,6232,4627,2701,2349,4924,22559,10760,10713,15221,15228,32960,3926,23915
0	795	4911	32562,16640,7557,5540,6232,4627,2701,2349,4924,22559,10760,10713,15221,15228,32960,3926,23915,7081
0	795	20627	32562,16640,7557,5540,6232,4627,2701,2349,4924,22559,10760,10713,15221,15228,32960,3926,23915,7081
1	795	21838	32562,16640,7557,5540,6232,4627,2701,2349,4924,22559,10760,10713,15221,15228,32960,3926,23915,7081
1	795	31249	32562,16640,7557,5540,6232,4627,2701,2349,4924,22559,10760,10713,15221,15228,32960,3926,23915,7081,21838
0	795	29740	32562,16640,7557,5540,6232,4627,2701,2349,4924,22559,10760,10713,15221,15228,32960,3926,23915,7081,21838,31249
0	795	13920	32562,16640,7557,5540,6232,4627,2701,2349,4924,22559,10760,10713,15221,15228,32960,3926,23915,7081,21838,31249
0	795	8842	32562,16640,7557,5540,6232,4627,2701,2349,4924,22559,10760,10713,15221,15228,32960,3926,23915,7081,21838,31249
0	795	24775	32562,16640,7557,5540,6232,4627,2701,2349,4924,22559,10760,10713,15221,15228,32960,3926,23915,7081,21838,31249
1	795	13952	32562,16640,7557,5540,6232,4627,2701,2349,4924,22559,10760,10713,15221,15228,32960,3926,23915,7081,21838,31249
0	795	21948	32562,16640,7557,5540,6232,4627,2701,2349,4924,22559,10760,10713,15221,15228,32960,3926,23915,7081,21838,31249,13952
0	795	24632	32562,16640,7557,5540,6232,4627,2701,2349,4924,22559,10760,10713,15221,15228,32960,3926,23915,7081,21838,31249,13952
0	795	24331	32562,16640,7557,5540,6232,4627,2701,2349,4924,22559,10760,10713,15221,15228,32960,3926,23915,7081,21838,31249,13952
1	795	26881	32562,16640,7557,5540,6232,4627,2701,2349,4924,22559,10760,10713,15221,15228,32960,3926,23915,7081,21838,31249,13952
1	795	27649	32562,16640,7557,5540,6232,4627,2701,2349,4924,22559,10760,10713,15221,15228,32960,3926,23915,7081,21838,31249,13952,26881
0	795	12013	32562,16640,7557,5540,6232,4627,2701,2349,4924,22559,10760,10713,15221,15228,32960,3926,23915,7081,21838,31249,13952,26881,27649
1	795	26823	32562,16640,7557,5540,6232,4627,2701,2349,4924,22559,10760,10713,15221,15228,32960,3926,23915,7081,21838,31249,13952,26881,27649
1	795	3689	32562,16640,7557,5540,6232,4627,2701,2349,4924,22559,10760,10713,15221,15228,32960,3926,23915,7081,21838,31249,13952,26881,27649,26823
1	795	22934	32562,16640,7557,5540,6232,4627,2701,2349,4924,22559,10760,10713,15221,15228,32960,3926,23915,7081,21838,31249,13952,26881,27649,26823,3689
0	795	3869	32562,16640,7557,5540,6232,4627,2701,2349,4924,22559,10760,10713,15221,15228,32960,3926,23915,7081,21838,31249,13952,26881,27649,26823,3689,22934
0	795	27965	32562,16640,7557,5540,6232,4627,2701,2349,4924,22559,10760,10713,15221,15228,32960,3926,23915,7081,21838,31249,13952,26881,27649,26823,3689,22934
0	795	10169	32562,16640,7557,5540,6232,4627,2701,2349,4924,22559,10760,10713,15221,15228,32960,3926,23915,7081,21838,31249,13952,26881,27649,26823,3689,22934
0	795	27390	32562,16640,7557,5540,6232,4627,2701,2349,4924,22559,10760,10713,15221,15228,32960,3926,23915,7081,21838,31249,13952,26881,27649,26823,3689,22934
0	795	24631	32562,16640,7557,5540,6232,4627,2701,2349,4924,22559,10760,10713,15221,15228,32960,3926,23915,7081,21838,31249,13952,26881,27649,26823,3689,22934
1	795	28642	32562,16640,7557,5540,6232,4627,2701,2349,4924,22559,10760,10713,15221,15228,32960,3926,23915,7081,21838,31249,13952,26881,27649,26823,3689,22934
1	795	18964	32562,16640,7557,5540,6232,4627,2701,2349,4924,22559,10760,10713,15221,15228,32960,3926,23915,7081,21838,31249,13952,26881,27649,26823,3689,22934,28642
