0	1182	810	0
0	1182	16333	0
0	1182	30989	0
0	1182	33123	0
0	1182	882	0
0	1182	6836	0
0	1182	13181	0
0	1182	2522	0
1	1182	8261	0
1	1182	7190	8261
0	1182	7364	8261,7190
0	1182	4151	8261,7190
0	1182	8314	8261,7190
1	1182	9322	8261,7190
0	1182	11398	8261,7190,9322
0	1182	10798	8261,7190,9322
1	1182	15900	8261,7190,9322
1	1182	15371	8261,7190,9322,15900
0	1182	4365	8261,7190,9322,15900,15371
1	1182	20244	8261,7190,9322,15900,15371
1	1182	10344	8261,7190,9322,15900,15371,20244
0	1182	21643	8261,7190,9322,15900,15371,20244,10344
0	1182	19177	8261,7190,9322,15900,15371,20244,10344
1	1182	2331	8261,7190,9322,15900,15371,20244,10344
1	1182	5219	8261,7190,9322,15900,15371,20244,10344,2331
0	1182	19712	8261,7190,9322,15900,15371,20244,10344,2331,5219
