1	791	12790	0
1	791	5123	12790
0	791	14159	12790,5123
0	791	12808	12790,5123
1	791	12815	12790,5123
1	791	14212	12790,5123,12815
1	791	3164	12790,5123,12815,14212
0	791	13090	12790,5123,12815,14212,3164
1	791	8107	12790,5123,12815,14212,3164
1	791	23149	12790,5123,12815,14212,3164,8107
0	791	20378	12790,5123,12815,14212,3164,8107,23149
0	791	32059	12790,5123,12815,14212,3164,8107,23149
1	791	1945	12790,5123,12815,14212,3164,8107,23149
0	791	17278	12790,5123,12815,14212,3164,8107,23149,1945
1	791	32769	12790,5123,12815,14212,3164,8107,23149,1945
1	791	1805	12790,5123,12815,14212,3164,8107,23149,1945,32769
0	791	1806	12790,5123,12815,14212,3164,8107,23149,1945,32769,1805
1	791	1645	12790,5123,12815,14212,3164,8107,23149,1945,32769,1805
1	791	31780	12790,5123,12815,14212,3164,8107,23149,1945,32769,1805,1645
0	791	3022	12790,5123,12815,14212,3164,8107,23149,1945,32769,1805,1645,31780
0	791	5227	12790,5123,12815,14212,3164,8107,23149,1945,32769,1805,1645,31780
1	791	5901	12790,5123,12815,14212,3164,8107,23149,1945,32769,1805,1645,31780
0	791	7041	12790,5123,12815,14212,3164,8107,23149,1945,32769,1805,1645,31780,5901
0	791	5274	12790,5123,12815,14212,3164,8107,23149,1945,32769,1805,1645,31780,5901
1	791	6229	12790,5123,12815,14212,3164,8107,23149,1945,32769,1805,1645,31780,5901
1	791	8206	12790,5123,12815,14212,3164,8107,23149,1945,32769,1805,1645,31780,5901,6229
1	791	8629	12790,5123,12815,14212,3164,8107,23149,1945,32769,1805,1645,31780,5901,6229,8206
1	791	6232	12790,5123,12815,14212,3164,8107,23149,1945,32769,1805,1645,31780,5901,6229,8206,8629
1	791	8621	12790,5123,12815,14212,3164,8107,23149,1945,32769,1805,1645,31780,5901,6229,8206,8629,6232
0	791	6484	12790,5123,12815,14212,3164,8107,23149,1945,32769,1805,1645,31780,5901,6229,8206,8629,6232,8621
0	791	9911	12790,5123,12815,14212,3164,8107,23149,1945,32769,1805,1645,31780,5901,6229,8206,8629,6232,8621
1	791	8928	12790,5123,12815,14212,3164,8107,23149,1945,32769,1805,1645,31780,5901,6229,8206,8629,6232,8621
0	791	13898	12790,5123,12815,14212,3164,8107,23149,1945,32769,1805,1645,31780,5901,6229,8206,8629,6232,8621,8928
1	791	325	12790,5123,12815,14212,3164,8107,23149,1945,32769,1805,1645,31780,5901,6229,8206,8629,6232,8621,8928
0	791	5006	12790,5123,12815,14212,3164,8107,23149,1945,32769,1805,1645,31780,5901,6229,8206,8629,6232,8621,8928,325
1	791	7627	12790,5123,12815,14212,3164,8107,23149,1945,32769,1805,1645,31780,5901,6229,8206,8629,6232,8621,8928,325
1	791	5483	12790,5123,12815,14212,3164,8107,23149,1945,32769,1805,1645,31780,5901,6229,8206,8629,6232,8621,8928,325,7627
1	791	13620	12790,5123,12815,14212,3164,8107,23149,1945,32769,1805,1645,31780,5901,6229,8206,8629,6232,8621,8928,325,7627,5483
1	791	16221	12790,5123,12815,14212,3164,8107,23149,1945,32769,1805,1645,31780,5901,6229,8206,8629,6232,8621,8928,325,7627,5483,13620
1	791	17768	12790,5123,12815,14212,3164,8107,23149,1945,32769,1805,1645,31780,5901,6229,8206,8629,6232,8621,8928,325,7627,5483,13620,16221
1	791	9827	12790,5123,12815,14212,3164,8107,23149,1945,32769,1805,1645,31780,5901,6229,8206,8629,6232,8621,8928,325,7627,5483,13620,16221,17768
1	791	11989	12790,5123,12815,14212,3164,8107,23149,1945,32769,1805,1645,31780,5901,6229,8206,8629,6232,8621,8928,325,7627,5483,13620,16221,17768,9827
1	791	16182	12790,5123,12815,14212,3164,8107,23149,1945,32769,1805,1645,31780,5901,6229,8206,8629,6232,8621,8928,325,7627,5483,13620,16221,17768,9827,11989
0	791	10763	12790,5123,12815,14212,3164,8107,23149,1945,32769,1805,1645,31780,5901,6229,8206,8629,6232,8621,8928,325,7627,5483,13620,16221,17768,9827,11989,16182
1	791	15218	12790,5123,12815,14212,3164,8107,23149,1945,32769,1805,1645,31780,5901,6229,8206,8629,6232,8621,8928,325,7627,5483,13620,16221,17768,9827,11989,16182
0	791	17534	12790,5123,12815,14212,3164,8107,23149,1945,32769,1805,1645,31780,5901,6229,8206,8629,6232,8621,8928,325,7627,5483,13620,16221,17768,9827,11989,16182,15218
0	791	18707	12790,5123,12815,14212,3164,8107,23149,1945,32769,1805,1645,31780,5901,6229,8206,8629,6232,8621,8928,325,7627,5483,13620,16221,17768,9827,11989,16182,15218
0	791	19794	12790,5123,12815,14212,3164,8107,23149,1945,32769,1805,1645,31780,5901,6229,8206,8629,6232,8621,8928,325,7627,5483,13620,16221,17768,9827,11989,16182,15218
0	791	30995	12790,5123,12815,14212,3164,8107,23149,1945,32769,1805,1645,31780,5901,6229,8206,8629,6232,8621,8928,325,7627,5483,13620,16221,17768,9827,11989,16182,15218
0	791	17573	12790,5123,12815,14212,3164,8107,23149,1945,32769,1805,1645,31780,5901,6229,8206,8629,6232,8621,8928,325,7627,5483,13620,16221,17768,9827,11989,16182,15218
0	791	20785	12790,5123,12815,14212,3164,8107,23149,1945,32769,1805,1645,31780,5901,6229,8206,8629,6232,8621,8928,325,7627,5483,13620,16221,17768,9827,11989,16182,15218
0	791	14385	12790,5123,12815,14212,3164,8107,23149,1945,32769,1805,1645,31780,5901,6229,8206,8629,6232,8621,8928,325,7627,5483,13620,16221,17768,9827,11989,16182,15218
0	791	22352	12790,5123,12815,14212,3164,8107,23149,1945,32769,1805,1645,31780,5901,6229,8206,8629,6232,8621,8928,325,7627,5483,13620,16221,17768,9827,11989,16182,15218
0	791	17393	12790,5123,12815,14212,3164,8107,23149,1945,32769,1805,1645,31780,5901,6229,8206,8629,6232,8621,8928,325,7627,5483,13620,16221,17768,9827,11989,16182,15218
0	791	23206	12790,5123,12815,14212,3164,8107,23149,1945,32769,1805,1645,31780,5901,6229,8206,8629,6232,8621,8928,325,7627,5483,13620,16221,17768,9827,11989,16182,15218
1	791	23490	12790,5123,12815,14212,3164,8107,23149,1945,32769,1805,1645,31780,5901,6229,8206,8629,6232,8621,8928,325,7627,5483,13620,16221,17768,9827,11989,16182,15218
1	791	17171	12790,5123,12815,14212,3164,8107,23149,1945,32769,1805,1645,31780,5901,6229,8206,8629,6232,8621,8928,325,7627,5483,13620,16221,17768,9827,11989,16182,15218,23490
1	791	19579	12790,5123,12815,14212,3164,8107,23149,1945,32769,1805,1645,31780,5901,6229,8206,8629,6232,8621,8928,325,7627,5483,13620,16221,17768,9827,11989,16182,15218,23490,17171
1	791	19640	12790,5123,12815,14212,3164,8107,23149,1945,32769,1805,1645,31780,5901,6229,8206,8629,6232,8621,8928,325,7627,5483,13620,16221,17768,9827,11989,16182,15218,23490,17171,19579
1	791	21410	12790,5123,12815,14212,3164,8107,23149,1945,32769,1805,1645,31780,5901,6229,8206,8629,6232,8621,8928,325,7627,5483,13620,16221,17768,9827,11989,16182,15218,23490,17171,19579,19640
1	791	22539	12790,5123,12815,14212,3164,8107,23149,1945,32769,1805,1645,31780,5901,6229,8206,8629,6232,8621,8928,325,7627,5483,13620,16221,17768,9827,11989,16182,15218,23490,17171,19579,19640,21410
1	791	22590	12790,5123,12815,14212,3164,8107,23149,1945,32769,1805,1645,31780,5901,6229,8206,8629,6232,8621,8928,325,7627,5483,13620,16221,17768,9827,11989,16182,15218,23490,17171,19579,19640,21410,22539
0	791	20088	12790,5123,12815,14212,3164,8107,23149,1945,32769,1805,1645,31780,5901,6229,8206,8629,6232,8621,8928,325,7627,5483,13620,16221,17768,9827,11989,16182,15218,23490,17171,19579,19640,21410,22539,22590
1	791	9474	12790,5123,12815,14212,3164,8107,23149,1945,32769,1805,1645,31780,5901,6229,8206,8629,6232,8621,8928,325,7627,5483,13620,16221,17768,9827,11989,16182,15218,23490,17171,19579,19640,21410,22539,22590
1	791	23449	12790,5123,12815,14212,3164,8107,23149,1945,32769,1805,1645,31780,5901,6229,8206,8629,6232,8621,8928,325,7627,5483,13620,16221,17768,9827,11989,16182,15218,23490,17171,19579,19640,21410,22539,22590,9474
0	791	24613	12790,5123,12815,14212,3164,8107,23149,1945,32769,1805,1645,31780,5901,6229,8206,8629,6232,8621,8928,325,7627,5483,13620,16221,17768,9827,11989,16182,15218,23490,17171,19579,19640,21410,22539,22590,9474,23449
0	791	24728	12790,5123,12815,14212,3164,8107,23149,1945,32769,1805,1645,31780,5901,6229,8206,8629,6232,8621,8928,325,7627,5483,13620,16221,17768,9827,11989,16182,15218,23490,17171,19579,19640,21410,22539,22590,9474,23449
0	791	25776	12790,5123,12815,14212,3164,8107,23149,1945,32769,1805,1645,31780,5901,6229,8206,8629,6232,8621,8928,325,7627,5483,13620,16221,17768,9827,11989,16182,15218,23490,17171,19579,19640,21410,22539,22590,9474,23449
1	791	23453	12790,5123,12815,14212,3164,8107,23149,1945,32769,1805,1645,31780,5901,6229,8206,8629,6232,8621,8928,325,7627,5483,13620,16221,17768,9827,11989,16182,15218,23490,17171,19579,19640,21410,22539,22590,9474,23449
0	791	23768	12790,5123,12815,14212,3164,8107,23149,1945,32769,1805,1645,31780,5901,6229,8206,8629,6232,8621,8928,325,7627,5483,13620,16221,17768,9827,11989,16182,15218,23490,17171,19579,19640,21410,22539,22590,9474,23449,23453
1	791	24462	12790,5123,12815,14212,3164,8107,23149,1945,32769,1805,1645,31780,5901,6229,8206,8629,6232,8621,8928,325,7627,5483,13620,16221,17768,9827,11989,16182,15218,23490,17171,19579,19640,21410,22539,22590,9474,23449,23453
0	791	25871	12790,5123,12815,14212,3164,8107,23149,1945,32769,1805,1645,31780,5901,6229,8206,8629,6232,8621,8928,325,7627,5483,13620,16221,17768,9827,11989,16182,15218,23490,17171,19579,19640,21410,22539,22590,9474,23449,23453,24462
1	791	26000	12790,5123,12815,14212,3164,8107,23149,1945,32769,1805,1645,31780,5901,6229,8206,8629,6232,8621,8928,325,7627,5483,13620,16221,17768,9827,11989,16182,15218,23490,17171,19579,19640,21410,22539,22590,9474,23449,23453,24462
1	791	26116	12790,5123,12815,14212,3164,8107,23149,1945,32769,1805,1645,31780,5901,6229,8206,8629,6232,8621,8928,325,7627,5483,13620,16221,17768,9827,11989,16182,15218,23490,17171,19579,19640,21410,22539,22590,9474,23449,23453,24462,26000
1	791	27113	12790,5123,12815,14212,3164,8107,23149,1945,32769,1805,1645,31780,5901,6229,8206,8629,6232,8621,8928,325,7627,5483,13620,16221,17768,9827,11989,16182,15218,23490,17171,19579,19640,21410,22539,22590,9474,23449,23453,24462,26000,26116
1	791	2569	12790,5123,12815,14212,3164,8107,23149,1945,32769,1805,1645,31780,5901,6229,8206,8629,6232,8621,8928,325,7627,5483,13620,16221,17768,9827,11989,16182,15218,23490,17171,19579,19640,21410,22539,22590,9474,23449,23453,24462,26000,26116,27113
1	791	15419	12790,5123,12815,14212,3164,8107,23149,1945,32769,1805,1645,31780,5901,6229,8206,8629,6232,8621,8928,325,7627,5483,13620,16221,17768,9827,11989,16182,15218,23490,17171,19579,19640,21410,22539,22590,9474,23449,23453,24462,26000,26116,27113,2569
1	791	23928	12790,5123,12815,14212,3164,8107,23149,1945,32769,1805,1645,31780,5901,6229,8206,8629,6232,8621,8928,325,7627,5483,13620,16221,17768,9827,11989,16182,15218,23490,17171,19579,19640,21410,22539,22590,9474,23449,23453,24462,26000,26116,27113,2569,15419
0	791	27769	12790,5123,12815,14212,3164,8107,23149,1945,32769,1805,1645,31780,5901,6229,8206,8629,6232,8621,8928,325,7627,5483,13620,16221,17768,9827,11989,16182,15218,23490,17171,19579,19640,21410,22539,22590,9474,23449,23453,24462,26000,26116,27113,2569,15419,23928
1	791	24631	12790,5123,12815,14212,3164,8107,23149,1945,32769,1805,1645,31780,5901,6229,8206,8629,6232,8621,8928,325,7627,5483,13620,16221,17768,9827,11989,16182,15218,23490,17171,19579,19640,21410,22539,22590,9474,23449,23453,24462,26000,26116,27113,2569,15419,23928
1	791	837	12790,5123,12815,14212,3164,8107,23149,1945,32769,1805,1645,31780,5901,6229,8206,8629,6232,8621,8928,325,7627,5483,13620,16221,17768,9827,11989,16182,15218,23490,17171,19579,19640,21410,22539,22590,9474,23449,23453,24462,26000,26116,27113,2569,15419,23928,24631
0	791	14632	12790,5123,12815,14212,3164,8107,23149,1945,32769,1805,1645,31780,5901,6229,8206,8629,6232,8621,8928,325,7627,5483,13620,16221,17768,9827,11989,16182,15218,23490,17171,19579,19640,21410,22539,22590,9474,23449,23453,24462,26000,26116,27113,2569,15419,23928,24631,837
0	791	25892	12790,5123,12815,14212,3164,8107,23149,1945,32769,1805,1645,31780,5901,6229,8206,8629,6232,8621,8928,325,7627,5483,13620,16221,17768,9827,11989,16182,15218,23490,17171,19579,19640,21410,22539,22590,9474,23449,23453,24462,26000,26116,27113,2569,15419,23928,24631,837
1	791	26781	12790,5123,12815,14212,3164,8107,23149,1945,32769,1805,1645,31780,5901,6229,8206,8629,6232,8621,8928,325,7627,5483,13620,16221,17768,9827,11989,16182,15218,23490,17171,19579,19640,21410,22539,22590,9474,23449,23453,24462,26000,26116,27113,2569,15419,23928,24631,837
0	791	20691	12790,5123,12815,14212,3164,8107,23149,1945,32769,1805,1645,31780,5901,6229,8206,8629,6232,8621,8928,325,7627,5483,13620,16221,17768,9827,11989,16182,15218,23490,17171,19579,19640,21410,22539,22590,9474,23449,23453,24462,26000,26116,27113,2569,15419,23928,24631,837,26781
0	791	28728	12790,5123,12815,14212,3164,8107,23149,1945,32769,1805,1645,31780,5901,6229,8206,8629,6232,8621,8928,325,7627,5483,13620,16221,17768,9827,11989,16182,15218,23490,17171,19579,19640,21410,22539,22590,9474,23449,23453,24462,26000,26116,27113,2569,15419,23928,24631,837,26781
1	791	28924	12790,5123,12815,14212,3164,8107,23149,1945,32769,1805,1645,31780,5901,6229,8206,8629,6232,8621,8928,325,7627,5483,13620,16221,17768,9827,11989,16182,15218,23490,17171,19579,19640,21410,22539,22590,9474,23449,23453,24462,26000,26116,27113,2569,15419,23928,24631,837,26781
1	791	27679	12790,5123,12815,14212,3164,8107,23149,1945,32769,1805,1645,31780,5901,6229,8206,8629,6232,8621,8928,325,7627,5483,13620,16221,17768,9827,11989,16182,15218,23490,17171,19579,19640,21410,22539,22590,9474,23449,23453,24462,26000,26116,27113,2569,15419,23928,24631,837,26781,28924
1	791	29236	12790,5123,12815,14212,3164,8107,23149,1945,32769,1805,1645,31780,5901,6229,8206,8629,6232,8621,8928,325,7627,5483,13620,16221,17768,9827,11989,16182,15218,23490,17171,19579,19640,21410,22539,22590,9474,23449,23453,24462,26000,26116,27113,2569,15419,23928,24631,837,26781,28924,27679
1	791	29494	12790,5123,12815,14212,3164,8107,23149,1945,32769,1805,1645,31780,5901,6229,8206,8629,6232,8621,8928,325,7627,5483,13620,16221,17768,9827,11989,16182,15218,23490,17171,19579,19640,21410,22539,22590,9474,23449,23453,24462,26000,26116,27113,2569,15419,23928,24631,837,26781,28924,27679,29236
