1	500	1605	0
1	500	3071	1605
0	500	18276	1605,3071
1	500	32477	1605,3071
1	500	9007	1605,3071,32477
1	500	1604	1605,3071,32477,9007
0	500	4917	1605,3071,32477,9007,1604
1	500	7140	1605,3071,32477,9007,1604
0	500	8826	1605,3071,32477,9007,1604,7140
1	500	9431	1605,3071,32477,9007,1604,7140
1	500	9927	1605,3071,32477,9007,1604,7140,9431
1	500	14364	1605,3071,32477,9007,1604,7140,9431,9927
0	500	14122	1605,3071,32477,9007,1604,7140,9431,9927,14364
1	500	27104	1605,3071,32477,9007,1604,7140,9431,9927,14364
1	500	12140	1605,3071,32477,9007,1604,7140,9431,9927,14364,27104
0	500	15302	1605,3071,32477,9007,1604,7140,9431,9927,14364,27104,12140
1	500	17746	1605,3071,32477,9007,1604,7140,9431,9927,14364,27104,12140
1	500	18470	1605,3071,32477,9007,1604,7140,9431,9927,14364,27104,12140,17746
1	500	18941	1605,3071,32477,9007,1604,7140,9431,9927,14364,27104,12140,17746,18470
1	500	19280	1605,3071,32477,9007,1604,7140,9431,9927,14364,27104,12140,17746,18470,18941
0	500	17800	1605,3071,32477,9007,1604,7140,9431,9927,14364,27104,12140,17746,18470,18941,19280
1	500	18987	1605,3071,32477,9007,1604,7140,9431,9927,14364,27104,12140,17746,18470,18941,19280
1	500	20246	1605,3071,32477,9007,1604,7140,9431,9927,14364,27104,12140,17746,18470,18941,19280,18987
1	500	2390	1605,3071,32477,9007,1604,7140,9431,9927,14364,27104,12140,17746,18470,18941,19280,18987,20246
1	500	19371	1605,3071,32477,9007,1604,7140,9431,9927,14364,27104,12140,17746,18470,18941,19280,18987,20246,2390
1	500	11962	1605,3071,32477,9007,1604,7140,9431,9927,14364,27104,12140,17746,18470,18941,19280,18987,20246,2390,19371
1	500	32018	1605,3071,32477,9007,1604,7140,9431,9927,14364,27104,12140,17746,18470,18941,19280,18987,20246,2390,19371,11962
0	500	18639	1605,3071,32477,9007,1604,7140,9431,9927,14364,27104,12140,17746,18470,18941,19280,18987,20246,2390,19371,11962,32018
1	500	20056	1605,3071,32477,9007,1604,7140,9431,9927,14364,27104,12140,17746,18470,18941,19280,18987,20246,2390,19371,11962,32018
1	500	24127	1605,3071,32477,9007,1604,7140,9431,9927,14364,27104,12140,17746,18470,18941,19280,18987,20246,2390,19371,11962,32018,20056
1	500	27444	1605,3071,32477,9007,1604,7140,9431,9927,14364,27104,12140,17746,18470,18941,19280,18987,20246,2390,19371,11962,32018,20056,24127
1	500	26292	1605,3071,32477,9007,1604,7140,9431,9927,14364,27104,12140,17746,18470,18941,19280,18987,20246,2390,19371,11962,32018,20056,24127,27444
1	500	28639	1605,3071,32477,9007,1604,7140,9431,9927,14364,27104,12140,17746,18470,18941,19280,18987,20246,2390,19371,11962,32018,20056,24127,27444,26292
1	500	21105	1605,3071,32477,9007,1604,7140,9431,9927,14364,27104,12140,17746,18470,18941,19280,18987,20246,2390,19371,11962,32018,20056,24127,27444,26292,28639
0	500	1072	1605,3071,32477,9007,1604,7140,9431,9927,14364,27104,12140,17746,18470,18941,19280,18987,20246,2390,19371,11962,32018,20056,24127,27444,26292,28639,21105
