1	1703	30989	0
0	1703	31569	30989
1	1703	756	30989
1	1703	17000	30989,756
1	1703	209	30989,756,17000
1	1703	1431	30989,756,17000,209
1	1703	6303	30989,756,17000,209,1431
1	1703	2946	30989,756,17000,209,1431,6303
0	1703	11576	30989,756,17000,209,1431,6303,2946
0	1703	5102	30989,756,17000,209,1431,6303,2946
1	1703	4663	30989,756,17000,209,1431,6303,2946
0	1703	16079	30989,756,17000,209,1431,6303,2946,4663
1	1703	13294	30989,756,17000,209,1431,6303,2946,4663
0	1703	8660	30989,756,17000,209,1431,6303,2946,4663,13294
0	1703	8904	30989,756,17000,209,1431,6303,2946,4663,13294
1	1703	10623	30989,756,17000,209,1431,6303,2946,4663,13294
1	1703	4410	30989,756,17000,209,1431,6303,2946,4663,13294,10623
1	1703	5447	30989,756,17000,209,1431,6303,2946,4663,13294,10623,4410
0	1703	10981	30989,756,17000,209,1431,6303,2946,4663,13294,10623,4410,5447
1	1703	7194	30989,756,17000,209,1431,6303,2946,4663,13294,10623,4410,5447
1	1703	13151	30989,756,17000,209,1431,6303,2946,4663,13294,10623,4410,5447,7194
0	1703	15702	30989,756,17000,209,1431,6303,2946,4663,13294,10623,4410,5447,7194,13151
0	1703	7480	30989,756,17000,209,1431,6303,2946,4663,13294,10623,4410,5447,7194,13151
0	1703	1028	30989,756,17000,209,1431,6303,2946,4663,13294,10623,4410,5447,7194,13151
1	1703	3374	30989,756,17000,209,1431,6303,2946,4663,13294,10623,4410,5447,7194,13151
1	1703	20007	30989,756,17000,209,1431,6303,2946,4663,13294,10623,4410,5447,7194,13151,3374
1	1703	4824	30989,756,17000,209,1431,6303,2946,4663,13294,10623,4410,5447,7194,13151,3374,20007
1	1703	2007	30989,756,17000,209,1431,6303,2946,4663,13294,10623,4410,5447,7194,13151,3374,20007,4824
0	1703	5164	30989,756,17000,209,1431,6303,2946,4663,13294,10623,4410,5447,7194,13151,3374,20007,4824,2007
0	1703	23037	30989,756,17000,209,1431,6303,2946,4663,13294,10623,4410,5447,7194,13151,3374,20007,4824,2007
1	1703	10082	30989,756,17000,209,1431,6303,2946,4663,13294,10623,4410,5447,7194,13151,3374,20007,4824,2007
1	1703	4733	30989,756,17000,209,1431,6303,2946,4663,13294,10623,4410,5447,7194,13151,3374,20007,4824,2007,10082
1	1703	16274	30989,756,17000,209,1431,6303,2946,4663,13294,10623,4410,5447,7194,13151,3374,20007,4824,2007,10082,4733
1	1703	22214	30989,756,17000,209,1431,6303,2946,4663,13294,10623,4410,5447,7194,13151,3374,20007,4824,2007,10082,4733,16274
0	1703	24666	30989,756,17000,209,1431,6303,2946,4663,13294,10623,4410,5447,7194,13151,3374,20007,4824,2007,10082,4733,16274,22214
1	1703	26121	30989,756,17000,209,1431,6303,2946,4663,13294,10623,4410,5447,7194,13151,3374,20007,4824,2007,10082,4733,16274,22214
1	1703	416	30989,756,17000,209,1431,6303,2946,4663,13294,10623,4410,5447,7194,13151,3374,20007,4824,2007,10082,4733,16274,22214,26121
0	1703	6895	30989,756,17000,209,1431,6303,2946,4663,13294,10623,4410,5447,7194,13151,3374,20007,4824,2007,10082,4733,16274,22214,26121,416
