1	1683	32176	0
1	1683	2066	32176
1	1683	2652	32176,2066
1	1683	3264	32176,2066,2652
0	1683	29539	32176,2066,2652,3264
0	1683	6886	32176,2066,2652,3264
1	1683	2797	32176,2066,2652,3264
1	1683	6731	32176,2066,2652,3264,2797
1	1683	12311	32176,2066,2652,3264,2797,6731
1	1683	13455	32176,2066,2652,3264,2797,6731,12311
1	1683	15107	32176,2066,2652,3264,2797,6731,12311,13455
1	1683	14821	32176,2066,2652,3264,2797,6731,12311,13455,15107
1	1683	16754	32176,2066,2652,3264,2797,6731,12311,13455,15107,14821
1	1683	8490	32176,2066,2652,3264,2797,6731,12311,13455,15107,14821,16754
1	1683	18955	32176,2066,2652,3264,2797,6731,12311,13455,15107,14821,16754,8490
1	1683	18599	32176,2066,2652,3264,2797,6731,12311,13455,15107,14821,16754,8490,18955
1	1683	20747	32176,2066,2652,3264,2797,6731,12311,13455,15107,14821,16754,8490,18955,18599
1	1683	27483	32176,2066,2652,3264,2797,6731,12311,13455,15107,14821,16754,8490,18955,18599,20747
1	1683	28770	32176,2066,2652,3264,2797,6731,12311,13455,15107,14821,16754,8490,18955,18599,20747,27483
1	1683	25984	32176,2066,2652,3264,2797,6731,12311,13455,15107,14821,16754,8490,18955,18599,20747,27483,28770
1	1683	29118	32176,2066,2652,3264,2797,6731,12311,13455,15107,14821,16754,8490,18955,18599,20747,27483,28770,25984
0	1683	29567	32176,2066,2652,3264,2797,6731,12311,13455,15107,14821,16754,8490,18955,18599,20747,27483,28770,25984,29118
1	1683	29295	32176,2066,2652,3264,2797,6731,12311,13455,15107,14821,16754,8490,18955,18599,20747,27483,28770,25984,29118
1	1683	25800	32176,2066,2652,3264,2797,6731,12311,13455,15107,14821,16754,8490,18955,18599,20747,27483,28770,25984,29118,29295
