0	10	23945	0
1	10	28048	0
0	10	690	28048
0	10	6470	28048
1	10	21909	28048
1	10	2237	28048,21909
1	10	4108	28048,21909,2237
0	10	4979	28048,21909,2237,4108
1	10	5121	28048,21909,2237,4108
1	10	8523	28048,21909,2237,4108,5121
1	10	8960	28048,21909,2237,4108,5121,8523
1	10	10352	28048,21909,2237,4108,5121,8523,8960
1	10	6858	28048,21909,2237,4108,5121,8523,8960,10352
0	10	10541	28048,21909,2237,4108,5121,8523,8960,10352,6858
1	10	10983	28048,21909,2237,4108,5121,8523,8960,10352,6858
1	10	11571	28048,21909,2237,4108,5121,8523,8960,10352,6858,10983
1	10	11237	28048,21909,2237,4108,5121,8523,8960,10352,6858,10983,11571
1	10	11923	28048,21909,2237,4108,5121,8523,8960,10352,6858,10983,11571,11237
0	10	9616	28048,21909,2237,4108,5121,8523,8960,10352,6858,10983,11571,11237,11923
1	10	11054	28048,21909,2237,4108,5121,8523,8960,10352,6858,10983,11571,11237,11923
1	10	11240	28048,21909,2237,4108,5121,8523,8960,10352,6858,10983,11571,11237,11923,11054
1	10	12458	28048,21909,2237,4108,5121,8523,8960,10352,6858,10983,11571,11237,11923,11054,11240
0	10	1089	28048,21909,2237,4108,5121,8523,8960,10352,6858,10983,11571,11237,11923,11054,11240,12458
0	10	15280	28048,21909,2237,4108,5121,8523,8960,10352,6858,10983,11571,11237,11923,11054,11240,12458
1	10	16944	28048,21909,2237,4108,5121,8523,8960,10352,6858,10983,11571,11237,11923,11054,11240,12458
1	10	15015	28048,21909,2237,4108,5121,8523,8960,10352,6858,10983,11571,11237,11923,11054,11240,12458,16944
1	10	19308	28048,21909,2237,4108,5121,8523,8960,10352,6858,10983,11571,11237,11923,11054,11240,12458,16944,15015
0	10	19619	28048,21909,2237,4108,5121,8523,8960,10352,6858,10983,11571,11237,11923,11054,11240,12458,16944,15015,19308
1	10	20114	28048,21909,2237,4108,5121,8523,8960,10352,6858,10983,11571,11237,11923,11054,11240,12458,16944,15015,19308
1	10	19930	28048,21909,2237,4108,5121,8523,8960,10352,6858,10983,11571,11237,11923,11054,11240,12458,16944,15015,19308,20114
0	10	22563	28048,21909,2237,4108,5121,8523,8960,10352,6858,10983,11571,11237,11923,11054,11240,12458,16944,15015,19308,20114,19930
0	10	23449	28048,21909,2237,4108,5121,8523,8960,10352,6858,10983,11571,11237,11923,11054,11240,12458,16944,15015,19308,20114,19930
1	10	23659	28048,21909,2237,4108,5121,8523,8960,10352,6858,10983,11571,11237,11923,11054,11240,12458,16944,15015,19308,20114,19930
1	10	23491	28048,21909,2237,4108,5121,8523,8960,10352,6858,10983,11571,11237,11923,11054,11240,12458,16944,15015,19308,20114,19930,23659
0	10	23656	28048,21909,2237,4108,5121,8523,8960,10352,6858,10983,11571,11237,11923,11054,11240,12458,16944,15015,19308,20114,19930,23659,23491
1	10	23322	28048,21909,2237,4108,5121,8523,8960,10352,6858,10983,11571,11237,11923,11054,11240,12458,16944,15015,19308,20114,19930,23659,23491
1	10	25422	28048,21909,2237,4108,5121,8523,8960,10352,6858,10983,11571,11237,11923,11054,11240,12458,16944,15015,19308,20114,19930,23659,23491,23322
0	10	26659	28048,21909,2237,4108,5121,8523,8960,10352,6858,10983,11571,11237,11923,11054,11240,12458,16944,15015,19308,20114,19930,23659,23491,23322,25422
0	10	26733	28048,21909,2237,4108,5121,8523,8960,10352,6858,10983,11571,11237,11923,11054,11240,12458,16944,15015,19308,20114,19930,23659,23491,23322,25422
1	10	26749	28048,21909,2237,4108,5121,8523,8960,10352,6858,10983,11571,11237,11923,11054,11240,12458,16944,15015,19308,20114,19930,23659,23491,23322,25422
1	10	25825	28048,21909,2237,4108,5121,8523,8960,10352,6858,10983,11571,11237,11923,11054,11240,12458,16944,15015,19308,20114,19930,23659,23491,23322,25422,26749
1	10	27211	28048,21909,2237,4108,5121,8523,8960,10352,6858,10983,11571,11237,11923,11054,11240,12458,16944,15015,19308,20114,19930,23659,23491,23322,25422,26749,25825
1	10	24921	28048,21909,2237,4108,5121,8523,8960,10352,6858,10983,11571,11237,11923,11054,11240,12458,16944,15015,19308,20114,19930,23659,23491,23322,25422,26749,25825,27211
0	10	24048	28048,21909,2237,4108,5121,8523,8960,10352,6858,10983,11571,11237,11923,11054,11240,12458,16944,15015,19308,20114,19930,23659,23491,23322,25422,26749,25825,27211,24921
1	10	28547	28048,21909,2237,4108,5121,8523,8960,10352,6858,10983,11571,11237,11923,11054,11240,12458,16944,15015,19308,20114,19930,23659,23491,23322,25422,26749,25825,27211,24921
1	10	837	28048,21909,2237,4108,5121,8523,8960,10352,6858,10983,11571,11237,11923,11054,11240,12458,16944,15015,19308,20114,19930,23659,23491,23322,25422,26749,25825,27211,24921,28547
1	10	29308	28048,21909,2237,4108,5121,8523,8960,10352,6858,10983,11571,11237,11923,11054,11240,12458,16944,15015,19308,20114,19930,23659,23491,23322,25422,26749,25825,27211,24921,28547,837
0	10	28552	28048,21909,2237,4108,5121,8523,8960,10352,6858,10983,11571,11237,11923,11054,11240,12458,16944,15015,19308,20114,19930,23659,23491,23322,25422,26749,25825,27211,24921,28547,837,29308
1	10	28160	28048,21909,2237,4108,5121,8523,8960,10352,6858,10983,11571,11237,11923,11054,11240,12458,16944,15015,19308,20114,19930,23659,23491,23322,25422,26749,25825,27211,24921,28547,837,29308
