1	941	27238	0
0	941	31529	27238
0	941	30975	27238
0	941	31463	27238
0	941	6858	27238
0	941	9109	27238
1	941	16056	27238
0	941	11624	27238,16056
0	941	11979	27238,16056
1	941	8866	27238,16056
0	941	13222	27238,16056,8866
1	941	13227	27238,16056,8866
0	941	12805	27238,16056,8866,13227
0	941	7669	27238,16056,8866,13227
1	941	2203	27238,16056,8866,13227
1	941	4182	27238,16056,8866,13227,2203
1	941	6018	27238,16056,8866,13227,2203,4182
1	941	6021	27238,16056,8866,13227,2203,4182,6018
1	941	6127	27238,16056,8866,13227,2203,4182,6018,6021
1	941	6225	27238,16056,8866,13227,2203,4182,6018,6021,6127
1	941	13341	27238,16056,8866,13227,2203,4182,6018,6021,6127,6225
1	941	5085	27238,16056,8866,13227,2203,4182,6018,6021,6127,6225,13341
1	941	7479	27238,16056,8866,13227,2203,4182,6018,6021,6127,6225,13341,5085
0	941	11758	27238,16056,8866,13227,2203,4182,6018,6021,6127,6225,13341,5085,7479
0	941	4923	27238,16056,8866,13227,2203,4182,6018,6021,6127,6225,13341,5085,7479
0	941	31082	27238,16056,8866,13227,2203,4182,6018,6021,6127,6225,13341,5085,7479
0	941	12651	27238,16056,8866,13227,2203,4182,6018,6021,6127,6225,13341,5085,7479
1	941	5028	27238,16056,8866,13227,2203,4182,6018,6021,6127,6225,13341,5085,7479
0	941	13620	27238,16056,8866,13227,2203,4182,6018,6021,6127,6225,13341,5085,7479,5028
0	941	15216	27238,16056,8866,13227,2203,4182,6018,6021,6127,6225,13341,5085,7479,5028
0	941	11436	27238,16056,8866,13227,2203,4182,6018,6021,6127,6225,13341,5085,7479,5028
0	941	6854	27238,16056,8866,13227,2203,4182,6018,6021,6127,6225,13341,5085,7479,5028
0	941	15859	27238,16056,8866,13227,2203,4182,6018,6021,6127,6225,13341,5085,7479,5028
1	941	16793	27238,16056,8866,13227,2203,4182,6018,6021,6127,6225,13341,5085,7479,5028
1	941	32647	27238,16056,8866,13227,2203,4182,6018,6021,6127,6225,13341,5085,7479,5028,16793
0	941	14386	27238,16056,8866,13227,2203,4182,6018,6021,6127,6225,13341,5085,7479,5028,16793,32647
0	941	18436	27238,16056,8866,13227,2203,4182,6018,6021,6127,6225,13341,5085,7479,5028,16793,32647
1	941	6801	27238,16056,8866,13227,2203,4182,6018,6021,6127,6225,13341,5085,7479,5028,16793,32647
1	941	13214	27238,16056,8866,13227,2203,4182,6018,6021,6127,6225,13341,5085,7479,5028,16793,32647,6801
1	941	3370	27238,16056,8866,13227,2203,4182,6018,6021,6127,6225,13341,5085,7479,5028,16793,32647,6801,13214
0	941	19268	27238,16056,8866,13227,2203,4182,6018,6021,6127,6225,13341,5085,7479,5028,16793,32647,6801,13214,3370
1	941	8360	27238,16056,8866,13227,2203,4182,6018,6021,6127,6225,13341,5085,7479,5028,16793,32647,6801,13214,3370
1	941	14800	27238,16056,8866,13227,2203,4182,6018,6021,6127,6225,13341,5085,7479,5028,16793,32647,6801,13214,3370,8360
1	941	15384	27238,16056,8866,13227,2203,4182,6018,6021,6127,6225,13341,5085,7479,5028,16793,32647,6801,13214,3370,8360,14800
0	941	17232	27238,16056,8866,13227,2203,4182,6018,6021,6127,6225,13341,5085,7479,5028,16793,32647,6801,13214,3370,8360,14800,15384
0	941	8486	27238,16056,8866,13227,2203,4182,6018,6021,6127,6225,13341,5085,7479,5028,16793,32647,6801,13214,3370,8360,14800,15384
0	941	20443	27238,16056,8866,13227,2203,4182,6018,6021,6127,6225,13341,5085,7479,5028,16793,32647,6801,13214,3370,8360,14800,15384
0	941	20950	27238,16056,8866,13227,2203,4182,6018,6021,6127,6225,13341,5085,7479,5028,16793,32647,6801,13214,3370,8360,14800,15384
1	941	5597	27238,16056,8866,13227,2203,4182,6018,6021,6127,6225,13341,5085,7479,5028,16793,32647,6801,13214,3370,8360,14800,15384
0	941	20343	27238,16056,8866,13227,2203,4182,6018,6021,6127,6225,13341,5085,7479,5028,16793,32647,6801,13214,3370,8360,14800,15384,5597
0	941	20798	27238,16056,8866,13227,2203,4182,6018,6021,6127,6225,13341,5085,7479,5028,16793,32647,6801,13214,3370,8360,14800,15384,5597
0	941	22178	27238,16056,8866,13227,2203,4182,6018,6021,6127,6225,13341,5085,7479,5028,16793,32647,6801,13214,3370,8360,14800,15384,5597
0	941	23491	27238,16056,8866,13227,2203,4182,6018,6021,6127,6225,13341,5085,7479,5028,16793,32647,6801,13214,3370,8360,14800,15384,5597
1	941	21114	27238,16056,8866,13227,2203,4182,6018,6021,6127,6225,13341,5085,7479,5028,16793,32647,6801,13214,3370,8360,14800,15384,5597
0	941	24482	27238,16056,8866,13227,2203,4182,6018,6021,6127,6225,13341,5085,7479,5028,16793,32647,6801,13214,3370,8360,14800,15384,5597,21114
0	941	18441	27238,16056,8866,13227,2203,4182,6018,6021,6127,6225,13341,5085,7479,5028,16793,32647,6801,13214,3370,8360,14800,15384,5597,21114
1	941	5763	27238,16056,8866,13227,2203,4182,6018,6021,6127,6225,13341,5085,7479,5028,16793,32647,6801,13214,3370,8360,14800,15384,5597,21114
0	941	11444	27238,16056,8866,13227,2203,4182,6018,6021,6127,6225,13341,5085,7479,5028,16793,32647,6801,13214,3370,8360,14800,15384,5597,21114,5763
1	941	14575	27238,16056,8866,13227,2203,4182,6018,6021,6127,6225,13341,5085,7479,5028,16793,32647,6801,13214,3370,8360,14800,15384,5597,21114,5763
1	941	26371	27238,16056,8866,13227,2203,4182,6018,6021,6127,6225,13341,5085,7479,5028,16793,32647,6801,13214,3370,8360,14800,15384,5597,21114,5763,14575
0	941	25337	27238,16056,8866,13227,2203,4182,6018,6021,6127,6225,13341,5085,7479,5028,16793,32647,6801,13214,3370,8360,14800,15384,5597,21114,5763,14575,26371
0	941	26824	27238,16056,8866,13227,2203,4182,6018,6021,6127,6225,13341,5085,7479,5028,16793,32647,6801,13214,3370,8360,14800,15384,5597,21114,5763,14575,26371
0	941	17929	27238,16056,8866,13227,2203,4182,6018,6021,6127,6225,13341,5085,7479,5028,16793,32647,6801,13214,3370,8360,14800,15384,5597,21114,5763,14575,26371
1	941	26230	27238,16056,8866,13227,2203,4182,6018,6021,6127,6225,13341,5085,7479,5028,16793,32647,6801,13214,3370,8360,14800,15384,5597,21114,5763,14575,26371
1	941	27768	27238,16056,8866,13227,2203,4182,6018,6021,6127,6225,13341,5085,7479,5028,16793,32647,6801,13214,3370,8360,14800,15384,5597,21114,5763,14575,26371,26230
0	941	27981	27238,16056,8866,13227,2203,4182,6018,6021,6127,6225,13341,5085,7479,5028,16793,32647,6801,13214,3370,8360,14800,15384,5597,21114,5763,14575,26371,26230,27768
0	941	14497	27238,16056,8866,13227,2203,4182,6018,6021,6127,6225,13341,5085,7479,5028,16793,32647,6801,13214,3370,8360,14800,15384,5597,21114,5763,14575,26371,26230,27768
0	941	24662	27238,16056,8866,13227,2203,4182,6018,6021,6127,6225,13341,5085,7479,5028,16793,32647,6801,13214,3370,8360,14800,15384,5597,21114,5763,14575,26371,26230,27768
0	941	21375	27238,16056,8866,13227,2203,4182,6018,6021,6127,6225,13341,5085,7479,5028,16793,32647,6801,13214,3370,8360,14800,15384,5597,21114,5763,14575,26371,26230,27768
1	941	14609	27238,16056,8866,13227,2203,4182,6018,6021,6127,6225,13341,5085,7479,5028,16793,32647,6801,13214,3370,8360,14800,15384,5597,21114,5763,14575,26371,26230,27768
1	941	2287	27238,16056,8866,13227,2203,4182,6018,6021,6127,6225,13341,5085,7479,5028,16793,32647,6801,13214,3370,8360,14800,15384,5597,21114,5763,14575,26371,26230,27768,14609
0	941	9967	27238,16056,8866,13227,2203,4182,6018,6021,6127,6225,13341,5085,7479,5028,16793,32647,6801,13214,3370,8360,14800,15384,5597,21114,5763,14575,26371,26230,27768,14609,2287
0	941	25113	27238,16056,8866,13227,2203,4182,6018,6021,6127,6225,13341,5085,7479,5028,16793,32647,6801,13214,3370,8360,14800,15384,5597,21114,5763,14575,26371,26230,27768,14609,2287
0	941	3041	27238,16056,8866,13227,2203,4182,6018,6021,6127,6225,13341,5085,7479,5028,16793,32647,6801,13214,3370,8360,14800,15384,5597,21114,5763,14575,26371,26230,27768,14609,2287
1	941	29108	27238,16056,8866,13227,2203,4182,6018,6021,6127,6225,13341,5085,7479,5028,16793,32647,6801,13214,3370,8360,14800,15384,5597,21114,5763,14575,26371,26230,27768,14609,2287
