0	23	32455	0
1	23	22295	0
1	23	31558	22295
0	23	27587	22295,31558
1	23	22460	22295,31558
0	23	14514	22295,31558,22460
1	23	17803	22295,31558,22460
1	23	5854	22295,31558,22460,17803
0	23	11527	22295,31558,22460,17803,5854
1	23	11671	22295,31558,22460,17803,5854
1	23	3393	22295,31558,22460,17803,5854,11671
0	23	16923	22295,31558,22460,17803,5854,11671,3393
1	23	21267	22295,31558,22460,17803,5854,11671,3393
1	23	25658	22295,31558,22460,17803,5854,11671,3393,21267
1	23	391	22295,31558,22460,17803,5854,11671,3393,21267,25658
1	23	5114	22295,31558,22460,17803,5854,11671,3393,21267,25658,391
1	23	22958	22295,31558,22460,17803,5854,11671,3393,21267,25658,391,5114
1	23	24865	22295,31558,22460,17803,5854,11671,3393,21267,25658,391,5114,22958
1	23	11525	22295,31558,22460,17803,5854,11671,3393,21267,25658,391,5114,22958,24865
0	23	3823	22295,31558,22460,17803,5854,11671,3393,21267,25658,391,5114,22958,24865,11525
0	23	22059	22295,31558,22460,17803,5854,11671,3393,21267,25658,391,5114,22958,24865,11525
1	23	14864	22295,31558,22460,17803,5854,11671,3393,21267,25658,391,5114,22958,24865,11525
1	23	17893	22295,31558,22460,17803,5854,11671,3393,21267,25658,391,5114,22958,24865,11525,14864
1	23	16383	22295,31558,22460,17803,5854,11671,3393,21267,25658,391,5114,22958,24865,11525,14864,17893
1	23	18928	22295,31558,22460,17803,5854,11671,3393,21267,25658,391,5114,22958,24865,11525,14864,17893,16383
1	23	23449	22295,31558,22460,17803,5854,11671,3393,21267,25658,391,5114,22958,24865,11525,14864,17893,16383,18928
1	23	31153	22295,31558,22460,17803,5854,11671,3393,21267,25658,391,5114,22958,24865,11525,14864,17893,16383,18928,23449
1	23	4369	22295,31558,22460,17803,5854,11671,3393,21267,25658,391,5114,22958,24865,11525,14864,17893,16383,18928,23449,31153
1	23	8044	22295,31558,22460,17803,5854,11671,3393,21267,25658,391,5114,22958,24865,11525,14864,17893,16383,18928,23449,31153,4369
1	23	8068	22295,31558,22460,17803,5854,11671,3393,21267,25658,391,5114,22958,24865,11525,14864,17893,16383,18928,23449,31153,4369,8044
1	23	12785	22295,31558,22460,17803,5854,11671,3393,21267,25658,391,5114,22958,24865,11525,14864,17893,16383,18928,23449,31153,4369,8044,8068
1	23	12841	22295,31558,22460,17803,5854,11671,3393,21267,25658,391,5114,22958,24865,11525,14864,17893,16383,18928,23449,31153,4369,8044,8068,12785
1	23	14909	22295,31558,22460,17803,5854,11671,3393,21267,25658,391,5114,22958,24865,11525,14864,17893,16383,18928,23449,31153,4369,8044,8068,12785,12841
1	23	16017	22295,31558,22460,17803,5854,11671,3393,21267,25658,391,5114,22958,24865,11525,14864,17893,16383,18928,23449,31153,4369,8044,8068,12785,12841,14909
1	23	18218	22295,31558,22460,17803,5854,11671,3393,21267,25658,391,5114,22958,24865,11525,14864,17893,16383,18928,23449,31153,4369,8044,8068,12785,12841,14909,16017
1	23	18752	22295,31558,22460,17803,5854,11671,3393,21267,25658,391,5114,22958,24865,11525,14864,17893,16383,18928,23449,31153,4369,8044,8068,12785,12841,14909,16017,18218
1	23	22618	22295,31558,22460,17803,5854,11671,3393,21267,25658,391,5114,22958,24865,11525,14864,17893,16383,18928,23449,31153,4369,8044,8068,12785,12841,14909,16017,18218,18752
1	23	26758	22295,31558,22460,17803,5854,11671,3393,21267,25658,391,5114,22958,24865,11525,14864,17893,16383,18928,23449,31153,4369,8044,8068,12785,12841,14909,16017,18218,18752,22618
