1	458	32173	0
1	458	645	32173
1	458	32837	32173,645
0	458	32851	32173,645,32837
0	458	32861	32173,645,32837
1	458	342	32173,645,32837
0	458	1034	32173,645,32837,342
0	458	3852	32173,645,32837,342
1	458	5679	32173,645,32837,342
1	458	28117	32173,645,32837,342,5679
0	458	32109	32173,645,32837,342,5679,28117
0	458	5493	32173,645,32837,342,5679,28117
0	458	6448	32173,645,32837,342,5679,28117
1	458	7617	32173,645,32837,342,5679,28117
1	458	8380	32173,645,32837,342,5679,28117,7617
1	458	9045	32173,645,32837,342,5679,28117,7617,8380
1	458	5112	32173,645,32837,342,5679,28117,7617,8380,9045
1	458	12085	32173,645,32837,342,5679,28117,7617,8380,9045,5112
0	458	9710	32173,645,32837,342,5679,28117,7617,8380,9045,5112,12085
0	458	9716	32173,645,32837,342,5679,28117,7617,8380,9045,5112,12085
1	458	9179	32173,645,32837,342,5679,28117,7617,8380,9045,5112,12085
0	458	4573	32173,645,32837,342,5679,28117,7617,8380,9045,5112,12085,9179
0	458	6488	32173,645,32837,342,5679,28117,7617,8380,9045,5112,12085,9179
1	458	9063	32173,645,32837,342,5679,28117,7617,8380,9045,5112,12085,9179
1	458	7693	32173,645,32837,342,5679,28117,7617,8380,9045,5112,12085,9179,9063
1	458	28470	32173,645,32837,342,5679,28117,7617,8380,9045,5112,12085,9179,9063,7693
0	458	18940	32173,645,32837,342,5679,28117,7617,8380,9045,5112,12085,9179,9063,7693,28470
0	458	23881	32173,645,32837,342,5679,28117,7617,8380,9045,5112,12085,9179,9063,7693,28470
1	458	23479	32173,645,32837,342,5679,28117,7617,8380,9045,5112,12085,9179,9063,7693,28470
0	458	15640	32173,645,32837,342,5679,28117,7617,8380,9045,5112,12085,9179,9063,7693,28470,23479
0	458	10189	32173,645,32837,342,5679,28117,7617,8380,9045,5112,12085,9179,9063,7693,28470,23479
1	458	11528	32173,645,32837,342,5679,28117,7617,8380,9045,5112,12085,9179,9063,7693,28470,23479
1	458	15626	32173,645,32837,342,5679,28117,7617,8380,9045,5112,12085,9179,9063,7693,28470,23479,11528
1	458	18023	32173,645,32837,342,5679,28117,7617,8380,9045,5112,12085,9179,9063,7693,28470,23479,11528,15626
0	458	19570	32173,645,32837,342,5679,28117,7617,8380,9045,5112,12085,9179,9063,7693,28470,23479,11528,15626,18023
