1	1742	5527	0
0	1742	31123	5527
0	1742	11473	5527
0	1742	10540	5527
0	1742	13252	5527
0	1742	13381	5527
0	1742	13866	5527
1	1742	12989	5527
0	1742	12313	5527,12989
0	1742	16359	5527,12989
0	1742	17479	5527,12989
0	1742	14919	5527,12989
1	1742	14160	5527,12989
1	1742	20441	5527,12989,14160
1	1742	14340	5527,12989,14160,20441
0	1742	20208	5527,12989,14160,20441,14340
0	1742	20385	5527,12989,14160,20441,14340
0	1742	17659	5527,12989,14160,20441,14340
1	1742	16558	5527,12989,14160,20441,14340
0	1742	21954	5527,12989,14160,20441,14340,16558
0	1742	21363	5527,12989,14160,20441,14340,16558
0	1742	21959	5527,12989,14160,20441,14340,16558
0	1742	22747	5527,12989,14160,20441,14340,16558
0	1742	22229	5527,12989,14160,20441,14340,16558
0	1742	22919	5527,12989,14160,20441,14340,16558
0	1742	22817	5527,12989,14160,20441,14340,16558
0	1742	22217	5527,12989,14160,20441,14340,16558
1	1742	22111	5527,12989,14160,20441,14340,16558
0	1742	20088	5527,12989,14160,20441,14340,16558,22111
0	1742	23101	5527,12989,14160,20441,14340,16558,22111
0	1742	22329	5527,12989,14160,20441,14340,16558,22111
0	1742	23128	5527,12989,14160,20441,14340,16558,22111
0	1742	23129	5527,12989,14160,20441,14340,16558,22111
0	1742	24389	5527,12989,14160,20441,14340,16558,22111
0	1742	25846	5527,12989,14160,20441,14340,16558,22111
0	1742	27394	5527,12989,14160,20441,14340,16558,22111
1	1742	25817	5527,12989,14160,20441,14340,16558,22111
0	1742	26178	5527,12989,14160,20441,14340,16558,22111,25817
0	1742	28173	5527,12989,14160,20441,14340,16558,22111,25817
1	1742	28530	5527,12989,14160,20441,14340,16558,22111,25817
0	1742	26839	5527,12989,14160,20441,14340,16558,22111,25817,28530
0	1742	29104	5527,12989,14160,20441,14340,16558,22111,25817,28530
