0	1595	6276	0
0	1595	3107	0
0	1595	7298	0
0	1595	7715	0
0	1595	8340	0
0	1595	23334	0
0	1595	9922	0
1	1595	12344	0
0	1595	5996	12344
0	1595	9904	12344
0	1595	12951	12344
1	1595	10713	12344
1	1595	10714	12344,10713
1	1595	13878	12344,10713,10714
0	1595	15522	12344,10713,10714,13878
0	1595	16063	12344,10713,10714,13878
1	1595	161	12344,10713,10714,13878
0	1595	18449	12344,10713,10714,13878,161
0	1595	19667	12344,10713,10714,13878,161
0	1595	19890	12344,10713,10714,13878,161
0	1595	17181	12344,10713,10714,13878,161
0	1595	19930	12344,10713,10714,13878,161
0	1595	20711	12344,10713,10714,13878,161
1	1595	19599	12344,10713,10714,13878,161
0	1595	19313	12344,10713,10714,13878,161,19599
0	1595	17132	12344,10713,10714,13878,161,19599
0	1595	24726	12344,10713,10714,13878,161,19599
0	1595	24727	12344,10713,10714,13878,161,19599
0	1595	24729	12344,10713,10714,13878,161,19599
1	1595	24785	12344,10713,10714,13878,161,19599
0	1595	24788	12344,10713,10714,13878,161,19599,24785
0	1595	24789	12344,10713,10714,13878,161,19599,24785
1	1595	24791	12344,10713,10714,13878,161,19599,24785
1	1595	24795	12344,10713,10714,13878,161,19599,24785,24791
0	1595	24927	12344,10713,10714,13878,161,19599,24785,24791,24795
1	1595	18711	12344,10713,10714,13878,161,19599,24785,24791,24795
1	1595	9021	12344,10713,10714,13878,161,19599,24785,24791,24795,18711
1	1595	10914	12344,10713,10714,13878,161,19599,24785,24791,24795,18711,9021
0	1595	15220	12344,10713,10714,13878,161,19599,24785,24791,24795,18711,9021,10914
0	1595	19418	12344,10713,10714,13878,161,19599,24785,24791,24795,18711,9021,10914
0	1595	21159	12344,10713,10714,13878,161,19599,24785,24791,24795,18711,9021,10914
0	1595	21162	12344,10713,10714,13878,161,19599,24785,24791,24795,18711,9021,10914
0	1595	24400	12344,10713,10714,13878,161,19599,24785,24791,24795,18711,9021,10914
0	1595	26120	12344,10713,10714,13878,161,19599,24785,24791,24795,18711,9021,10914
1	1595	26385	12344,10713,10714,13878,161,19599,24785,24791,24795,18711,9021,10914
0	1595	26633	12344,10713,10714,13878,161,19599,24785,24791,24795,18711,9021,10914,26385
0	1595	21743	12344,10713,10714,13878,161,19599,24785,24791,24795,18711,9021,10914,26385
0	1595	24823	12344,10713,10714,13878,161,19599,24785,24791,24795,18711,9021,10914,26385
0	1595	27418	12344,10713,10714,13878,161,19599,24785,24791,24795,18711,9021,10914,26385
0	1595	24048	12344,10713,10714,13878,161,19599,24785,24791,24795,18711,9021,10914,26385
0	1595	25892	12344,10713,10714,13878,161,19599,24785,24791,24795,18711,9021,10914,26385
0	1595	28000	12344,10713,10714,13878,161,19599,24785,24791,24795,18711,9021,10914,26385
0	1595	27218	12344,10713,10714,13878,161,19599,24785,24791,24795,18711,9021,10914,26385
0	1595	28424	12344,10713,10714,13878,161,19599,24785,24791,24795,18711,9021,10914,26385
0	1595	28541	12344,10713,10714,13878,161,19599,24785,24791,24795,18711,9021,10914,26385
0	1595	28423	12344,10713,10714,13878,161,19599,24785,24791,24795,18711,9021,10914,26385
0	1595	27377	12344,10713,10714,13878,161,19599,24785,24791,24795,18711,9021,10914,26385
