0	1502	10506	0
0	1502	31010	0
0	1502	28238	0
0	1502	19839	0
0	1502	23425	0
0	1502	701	0
0	1502	30390	0
1	1502	31454	0
0	1502	1120	31454
0	1502	4311	31454
0	1502	1515	31454
0	1502	1261	31454
0	1502	855	31454
0	1502	7540	31454
0	1502	31731	31454
0	1502	4553	31454
1	1502	5339	31454
0	1502	8362	31454,5339
0	1502	8939	31454,5339
1	1502	10426	31454,5339
0	1502	11219	31454,5339,10426
0	1502	14745	31454,5339,10426
0	1502	14744	31454,5339,10426
0	1502	15756	31454,5339,10426
0	1502	16016	31454,5339,10426
0	1502	17334	31454,5339,10426
0	1502	12547	31454,5339,10426
0	1502	16304	31454,5339,10426
0	1502	17698	31454,5339,10426
0	1502	17138	31454,5339,10426
0	1502	23984	31454,5339,10426
0	1502	17386	31454,5339,10426
0	1502	22718	31454,5339,10426
0	1502	21166	31454,5339,10426
0	1502	21901	31454,5339,10426
0	1502	18680	31454,5339,10426
0	1502	22231	31454,5339,10426
0	1502	25034	31454,5339,10426
0	1502	21165	31454,5339,10426
0	1502	16681	31454,5339,10426
0	1502	22056	31454,5339,10426
0	1502	22622	31454,5339,10426
