0	1175	14176	0
0	1175	7480	0
0	1175	10561	0
0	1175	10452	0
0	1175	19406	0
0	1175	10127	0
0	1175	11020	0
0	1175	5438	0
0	1175	15800	0
0	1175	6045	0
1	1175	12435	0
0	1175	6755	12435
0	1175	7370	12435
1	1175	19777	12435
0	1175	20434	12435,19777
0	1175	21700	12435,19777
0	1175	8776	12435,19777
1	1175	16625	12435,19777
0	1175	1238	12435,19777,16625
1	1175	19174	12435,19777,16625
0	1175	9629	12435,19777,16625,19174
0	1175	24142	12435,19777,16625,19174
0	1175	7047	12435,19777,16625,19174
0	1175	9112	12435,19777,16625,19174
0	1175	16934	12435,19777,16625,19174
0	1175	9764	12435,19777,16625,19174
0	1175	23490	12435,19777,16625,19174
0	1175	1976	12435,19777,16625,19174
0	1175	18259	12435,19777,16625,19174
0	1175	3901	12435,19777,16625,19174
0	1175	20109	12435,19777,16625,19174
0	1175	9853	12435,19777,16625,19174
0	1175	21862	12435,19777,16625,19174
0	1175	11869	12435,19777,16625,19174
1	1175	14079	12435,19777,16625,19174
0	1175	14934	12435,19777,16625,19174,14079
1	1175	15250	12435,19777,16625,19174,14079
0	1175	16566	12435,19777,16625,19174,14079,15250
0	1175	5464	12435,19777,16625,19174,14079,15250
0	1175	16834	12435,19777,16625,19174,14079,15250
0	1175	26105	12435,19777,16625,19174,14079,15250
0	1175	12054	12435,19777,16625,19174,14079,15250
1	1175	13064	12435,19777,16625,19174,14079,15250
0	1175	21697	12435,19777,16625,19174,14079,15250,13064
1	1175	9970	12435,19777,16625,19174,14079,15250,13064
0	1175	13790	12435,19777,16625,19174,14079,15250,13064,9970
1	1175	17728	12435,19777,16625,19174,14079,15250,13064,9970
0	1175	19186	12435,19777,16625,19174,14079,15250,13064,9970,17728
0	1175	21787	12435,19777,16625,19174,14079,15250,13064,9970,17728
1	1175	23574	12435,19777,16625,19174,14079,15250,13064,9970,17728
0	1175	19023	12435,19777,16625,19174,14079,15250,13064,9970,17728,23574
0	1175	969	12435,19777,16625,19174,14079,15250,13064,9970,17728,23574
0	1175	22198	12435,19777,16625,19174,14079,15250,13064,9970,17728,23574
0	1175	576	12435,19777,16625,19174,14079,15250,13064,9970,17728,23574
0	1175	20440	12435,19777,16625,19174,14079,15250,13064,9970,17728,23574
0	1175	26409	12435,19777,16625,19174,14079,15250,13064,9970,17728,23574
0	1175	19185	12435,19777,16625,19174,14079,15250,13064,9970,17728,23574
