0	1559	15783	0
1	1559	17727	0
1	1559	29780	17727
0	1559	3118	17727,29780
0	1559	5482	17727,29780
0	1559	8619	17727,29780
1	1559	13177	17727,29780
0	1559	14994	17727,29780,13177
1	1559	19427	17727,29780,13177
1	1559	25101	17727,29780,13177,19427
0	1559	8033	17727,29780,13177,19427,25101
0	1559	12948	17727,29780,13177,19427,25101
1	1559	33052	17727,29780,13177,19427,25101
1	1559	22317	17727,29780,13177,19427,25101,33052
1	1559	1641	17727,29780,13177,19427,25101,33052,22317
0	1559	11899	17727,29780,13177,19427,25101,33052,22317,1641
1	1559	14000	17727,29780,13177,19427,25101,33052,22317,1641
0	1559	17254	17727,29780,13177,19427,25101,33052,22317,1641,14000
1	1559	17661	17727,29780,13177,19427,25101,33052,22317,1641,14000
1	1559	20823	17727,29780,13177,19427,25101,33052,22317,1641,14000,17661
0	1559	24588	17727,29780,13177,19427,25101,33052,22317,1641,14000,17661,20823
1	1559	31856	17727,29780,13177,19427,25101,33052,22317,1641,14000,17661,20823
0	1559	26239	17727,29780,13177,19427,25101,33052,22317,1641,14000,17661,20823,31856
1	1559	32885	17727,29780,13177,19427,25101,33052,22317,1641,14000,17661,20823,31856
0	1559	2635	17727,29780,13177,19427,25101,33052,22317,1641,14000,17661,20823,31856,32885
0	1559	16855	17727,29780,13177,19427,25101,33052,22317,1641,14000,17661,20823,31856,32885
0	1559	21338	17727,29780,13177,19427,25101,33052,22317,1641,14000,17661,20823,31856,32885
0	1559	24709	17727,29780,13177,19427,25101,33052,22317,1641,14000,17661,20823,31856,32885
1	1559	9932	17727,29780,13177,19427,25101,33052,22317,1641,14000,17661,20823,31856,32885
1	1559	19585	17727,29780,13177,19427,25101,33052,22317,1641,14000,17661,20823,31856,32885,9932
1	1559	2323	17727,29780,13177,19427,25101,33052,22317,1641,14000,17661,20823,31856,32885,9932,19585
1	1559	20574	17727,29780,13177,19427,25101,33052,22317,1641,14000,17661,20823,31856,32885,9932,19585,2323
0	1559	13498	17727,29780,13177,19427,25101,33052,22317,1641,14000,17661,20823,31856,32885,9932,19585,2323,20574
