1	1034	5081	0
0	1034	1901	5081
1	1034	6628	5081
0	1034	17662	5081,6628
0	1034	15900	5081,6628
1	1034	12585	5081,6628
0	1034	16419	5081,6628,12585
1	1034	18929	5081,6628,12585
0	1034	3526	5081,6628,12585,18929
0	1034	18208	5081,6628,12585,18929
0	1034	18039	5081,6628,12585,18929
1	1034	14485	5081,6628,12585,18929
0	1034	16195	5081,6628,12585,18929,14485
1	1034	7261	5081,6628,12585,18929,14485
0	1034	2573	5081,6628,12585,18929,14485,7261
1	1034	3749	5081,6628,12585,18929,14485,7261
1	1034	6894	5081,6628,12585,18929,14485,7261,3749
1	1034	18045	5081,6628,12585,18929,14485,7261,3749,6894
1	1034	20849	5081,6628,12585,18929,14485,7261,3749,6894,18045
1	1034	23143	5081,6628,12585,18929,14485,7261,3749,6894,18045,20849
0	1034	5611	5081,6628,12585,18929,14485,7261,3749,6894,18045,20849,23143
0	1034	19236	5081,6628,12585,18929,14485,7261,3749,6894,18045,20849,23143
0	1034	20070	5081,6628,12585,18929,14485,7261,3749,6894,18045,20849,23143
0	1034	9473	5081,6628,12585,18929,14485,7261,3749,6894,18045,20849,23143
0	1034	13073	5081,6628,12585,18929,14485,7261,3749,6894,18045,20849,23143
1	1034	26582	5081,6628,12585,18929,14485,7261,3749,6894,18045,20849,23143
1	1034	23117	5081,6628,12585,18929,14485,7261,3749,6894,18045,20849,23143,26582
0	1034	26105	5081,6628,12585,18929,14485,7261,3749,6894,18045,20849,23143,26582,23117
0	1034	26580	5081,6628,12585,18929,14485,7261,3749,6894,18045,20849,23143,26582,23117
0	1034	13195	5081,6628,12585,18929,14485,7261,3749,6894,18045,20849,23143,26582,23117
1	1034	26007	5081,6628,12585,18929,14485,7261,3749,6894,18045,20849,23143,26582,23117
1	1034	13035	5081,6628,12585,18929,14485,7261,3749,6894,18045,20849,23143,26582,23117,26007
0	1034	23004	5081,6628,12585,18929,14485,7261,3749,6894,18045,20849,23143,26582,23117,26007,13035
0	1034	9852	5081,6628,12585,18929,14485,7261,3749,6894,18045,20849,23143,26582,23117,26007,13035
1	1034	24724	5081,6628,12585,18929,14485,7261,3749,6894,18045,20849,23143,26582,23117,26007,13035
