1	40	13116	0
1	40	9940	13116
0	40	11878	13116,9940
1	40	4659	13116,9940
0	40	10623	13116,9940,4659
0	40	559	13116,9940,4659
0	40	12321	13116,9940,4659
0	40	17218	13116,9940,4659
1	40	19750	13116,9940,4659
1	40	11882	13116,9940,4659,19750
1	40	17703	13116,9940,4659,19750,11882
0	40	9626	13116,9940,4659,19750,11882,17703
1	40	10154	13116,9940,4659,19750,11882,17703
0	40	3630	13116,9940,4659,19750,11882,17703,10154
1	40	13822	13116,9940,4659,19750,11882,17703,10154
0	40	8926	13116,9940,4659,19750,11882,17703,10154,13822
0	40	3783	13116,9940,4659,19750,11882,17703,10154,13822
0	40	4692	13116,9940,4659,19750,11882,17703,10154,13822
1	40	18977	13116,9940,4659,19750,11882,17703,10154,13822
0	40	11268	13116,9940,4659,19750,11882,17703,10154,13822,18977
1	40	1291	13116,9940,4659,19750,11882,17703,10154,13822,18977
1	40	9652	13116,9940,4659,19750,11882,17703,10154,13822,18977,1291
0	40	23901	13116,9940,4659,19750,11882,17703,10154,13822,18977,1291,9652
0	40	27913	13116,9940,4659,19750,11882,17703,10154,13822,18977,1291,9652
1	40	27474	13116,9940,4659,19750,11882,17703,10154,13822,18977,1291,9652
