1	129	32272	0
1	129	8231	32272
0	129	3835	32272,8231
0	129	2025	32272,8231
0	129	3349	32272,8231
1	129	25928	32272,8231
0	129	22089	32272,8231,25928
1	129	9411	32272,8231,25928
1	129	14078	32272,8231,25928,9411
0	129	32923	32272,8231,25928,9411,14078
0	129	12877	32272,8231,25928,9411,14078
1	129	31986	32272,8231,25928,9411,14078
1	129	15301	32272,8231,25928,9411,14078,31986
1	129	6226	32272,8231,25928,9411,14078,31986,15301
1	129	14684	32272,8231,25928,9411,14078,31986,15301,6226
0	129	2231	32272,8231,25928,9411,14078,31986,15301,6226,14684
1	129	15192	32272,8231,25928,9411,14078,31986,15301,6226,14684
1	129	6732	32272,8231,25928,9411,14078,31986,15301,6226,14684,15192
1	129	7175	32272,8231,25928,9411,14078,31986,15301,6226,14684,15192,6732
1	129	11237	32272,8231,25928,9411,14078,31986,15301,6226,14684,15192,6732,7175
1	129	15510	32272,8231,25928,9411,14078,31986,15301,6226,14684,15192,6732,7175,11237
1	129	740	32272,8231,25928,9411,14078,31986,15301,6226,14684,15192,6732,7175,11237,15510
1	129	9969	32272,8231,25928,9411,14078,31986,15301,6226,14684,15192,6732,7175,11237,15510,740
1	129	16344	32272,8231,25928,9411,14078,31986,15301,6226,14684,15192,6732,7175,11237,15510,740,9969
0	129	22379	32272,8231,25928,9411,14078,31986,15301,6226,14684,15192,6732,7175,11237,15510,740,9969,16344
0	129	7842	32272,8231,25928,9411,14078,31986,15301,6226,14684,15192,6732,7175,11237,15510,740,9969,16344
1	129	13586	32272,8231,25928,9411,14078,31986,15301,6226,14684,15192,6732,7175,11237,15510,740,9969,16344
1	129	4466	32272,8231,25928,9411,14078,31986,15301,6226,14684,15192,6732,7175,11237,15510,740,9969,16344,13586
1	129	32808	32272,8231,25928,9411,14078,31986,15301,6226,14684,15192,6732,7175,11237,15510,740,9969,16344,13586,4466
1	129	6849	32272,8231,25928,9411,14078,31986,15301,6226,14684,15192,6732,7175,11237,15510,740,9969,16344,13586,4466,32808
1	129	7305	32272,8231,25928,9411,14078,31986,15301,6226,14684,15192,6732,7175,11237,15510,740,9969,16344,13586,4466,32808,6849
1	129	19528	32272,8231,25928,9411,14078,31986,15301,6226,14684,15192,6732,7175,11237,15510,740,9969,16344,13586,4466,32808,6849,7305
1	129	31478	32272,8231,25928,9411,14078,31986,15301,6226,14684,15192,6732,7175,11237,15510,740,9969,16344,13586,4466,32808,6849,7305,19528
0	129	5146	32272,8231,25928,9411,14078,31986,15301,6226,14684,15192,6732,7175,11237,15510,740,9969,16344,13586,4466,32808,6849,7305,19528,31478
0	129	30107	32272,8231,25928,9411,14078,31986,15301,6226,14684,15192,6732,7175,11237,15510,740,9969,16344,13586,4466,32808,6849,7305,19528,31478
1	129	31266	32272,8231,25928,9411,14078,31986,15301,6226,14684,15192,6732,7175,11237,15510,740,9969,16344,13586,4466,32808,6849,7305,19528,31478
1	129	24234	32272,8231,25928,9411,14078,31986,15301,6226,14684,15192,6732,7175,11237,15510,740,9969,16344,13586,4466,32808,6849,7305,19528,31478,31266
