1	1351	7247	0
1	1351	12651	7247
0	1351	11978	7247,12651
0	1351	12508	7247,12651
0	1351	15823	7247,12651
0	1351	17749	7247,12651
0	1351	19268	7247,12651
1	1351	16095	7247,12651
0	1351	19608	7247,12651,16095
1	1351	20158	7247,12651,16095
0	1351	20133	7247,12651,16095,20158
0	1351	21067	7247,12651,16095,20158
1	1351	13215	7247,12651,16095,20158
1	1351	22097	7247,12651,16095,20158,13215
1	1351	23102	7247,12651,16095,20158,13215,22097
0	1351	19030	7247,12651,16095,20158,13215,22097,23102
0	1351	24547	7247,12651,16095,20158,13215,22097,23102
1	1351	14342	7247,12651,16095,20158,13215,22097,23102
0	1351	21596	7247,12651,16095,20158,13215,22097,23102,14342
1	1351	22860	7247,12651,16095,20158,13215,22097,23102,14342
0	1351	24488	7247,12651,16095,20158,13215,22097,23102,14342,22860
1	1351	26116	7247,12651,16095,20158,13215,22097,23102,14342,22860
0	1351	24389	7247,12651,16095,20158,13215,22097,23102,14342,22860,26116
0	1351	26112	7247,12651,16095,20158,13215,22097,23102,14342,22860,26116
1	1351	26254	7247,12651,16095,20158,13215,22097,23102,14342,22860,26116
0	1351	27091	7247,12651,16095,20158,13215,22097,23102,14342,22860,26116,26254
0	1351	21039	7247,12651,16095,20158,13215,22097,23102,14342,22860,26116,26254
0	1351	27605	7247,12651,16095,20158,13215,22097,23102,14342,22860,26116,26254
1	1351	28302	7247,12651,16095,20158,13215,22097,23102,14342,22860,26116,26254
0	1351	20444	7247,12651,16095,20158,13215,22097,23102,14342,22860,26116,26254,28302
0	1351	27336	7247,12651,16095,20158,13215,22097,23102,14342,22860,26116,26254,28302
0	1351	28887	7247,12651,16095,20158,13215,22097,23102,14342,22860,26116,26254,28302
1	1351	29392	7247,12651,16095,20158,13215,22097,23102,14342,22860,26116,26254,28302
0	1351	28592	7247,12651,16095,20158,13215,22097,23102,14342,22860,26116,26254,28302,29392
0	1351	29104	7247,12651,16095,20158,13215,22097,23102,14342,22860,26116,26254,28302,29392
