0	612	8288	0
0	612	6962	0
1	612	871	0
0	612	7856	871
1	612	13787	871
1	612	18214	871,13787
0	612	5540	871,13787,18214
0	612	8189	871,13787,18214
1	612	6400	871,13787,18214
0	612	538	871,13787,18214,6400
1	612	6303	871,13787,18214,6400
0	612	6993	871,13787,18214,6400,6303
0	612	9160	871,13787,18214,6400,6303
1	612	7714	871,13787,18214,6400,6303
1	612	11002	871,13787,18214,6400,6303,7714
1	612	10299	871,13787,18214,6400,6303,7714,11002
0	612	8935	871,13787,18214,6400,6303,7714,11002,10299
1	612	10958	871,13787,18214,6400,6303,7714,11002,10299
0	612	7715	871,13787,18214,6400,6303,7714,11002,10299,10958
0	612	12043	871,13787,18214,6400,6303,7714,11002,10299,10958
0	612	11415	871,13787,18214,6400,6303,7714,11002,10299,10958
0	612	11979	871,13787,18214,6400,6303,7714,11002,10299,10958
0	612	12432	871,13787,18214,6400,6303,7714,11002,10299,10958
0	612	4857	871,13787,18214,6400,6303,7714,11002,10299,10958
1	612	18155	871,13787,18214,6400,6303,7714,11002,10299,10958
0	612	13416	871,13787,18214,6400,6303,7714,11002,10299,10958,18155
0	612	18050	871,13787,18214,6400,6303,7714,11002,10299,10958,18155
0	612	18277	871,13787,18214,6400,6303,7714,11002,10299,10958,18155
0	612	17729	871,13787,18214,6400,6303,7714,11002,10299,10958,18155
0	612	18821	871,13787,18214,6400,6303,7714,11002,10299,10958,18155
1	612	11869	871,13787,18214,6400,6303,7714,11002,10299,10958,18155
0	612	19201	871,13787,18214,6400,6303,7714,11002,10299,10958,18155,11869
0	612	19804	871,13787,18214,6400,6303,7714,11002,10299,10958,18155,11869
0	612	19931	871,13787,18214,6400,6303,7714,11002,10299,10958,18155,11869
0	612	21605	871,13787,18214,6400,6303,7714,11002,10299,10958,18155,11869
0	612	17168	871,13787,18214,6400,6303,7714,11002,10299,10958,18155,11869
0	612	20595	871,13787,18214,6400,6303,7714,11002,10299,10958,18155,11869
1	612	23447	871,13787,18214,6400,6303,7714,11002,10299,10958,18155,11869
0	612	24660	871,13787,18214,6400,6303,7714,11002,10299,10958,18155,11869,23447
0	612	25007	871,13787,18214,6400,6303,7714,11002,10299,10958,18155,11869,23447
0	612	19177	871,13787,18214,6400,6303,7714,11002,10299,10958,18155,11869,23447
0	612	20711	871,13787,18214,6400,6303,7714,11002,10299,10958,18155,11869,23447
0	612	22795	871,13787,18214,6400,6303,7714,11002,10299,10958,18155,11869,23447
0	612	25532	871,13787,18214,6400,6303,7714,11002,10299,10958,18155,11869,23447
0	612	16814	871,13787,18214,6400,6303,7714,11002,10299,10958,18155,11869,23447
0	612	23322	871,13787,18214,6400,6303,7714,11002,10299,10958,18155,11869,23447
0	612	23337	871,13787,18214,6400,6303,7714,11002,10299,10958,18155,11869,23447
0	612	27434	871,13787,18214,6400,6303,7714,11002,10299,10958,18155,11869,23447
0	612	23430	871,13787,18214,6400,6303,7714,11002,10299,10958,18155,11869,23447
0	612	26823	871,13787,18214,6400,6303,7714,11002,10299,10958,18155,11869,23447
0	612	26196	871,13787,18214,6400,6303,7714,11002,10299,10958,18155,11869,23447
0	612	27113	871,13787,18214,6400,6303,7714,11002,10299,10958,18155,11869,23447
1	612	26759	871,13787,18214,6400,6303,7714,11002,10299,10958,18155,11869,23447
1	612	27619	871,13787,18214,6400,6303,7714,11002,10299,10958,18155,11869,23447,26759
1	612	15419	871,13787,18214,6400,6303,7714,11002,10299,10958,18155,11869,23447,26759,27619
0	612	26781	871,13787,18214,6400,6303,7714,11002,10299,10958,18155,11869,23447,26759,27619,15419
1	612	21948	871,13787,18214,6400,6303,7714,11002,10299,10958,18155,11869,23447,26759,27619,15419
1	612	837	871,13787,18214,6400,6303,7714,11002,10299,10958,18155,11869,23447,26759,27619,15419,21948
0	612	25826	871,13787,18214,6400,6303,7714,11002,10299,10958,18155,11869,23447,26759,27619,15419,21948,837
0	612	28879	871,13787,18214,6400,6303,7714,11002,10299,10958,18155,11869,23447,26759,27619,15419,21948,837
0	612	28984	871,13787,18214,6400,6303,7714,11002,10299,10958,18155,11869,23447,26759,27619,15419,21948,837
1	612	11544	871,13787,18214,6400,6303,7714,11002,10299,10958,18155,11869,23447,26759,27619,15419,21948,837
