1	935	7344	0
0	935	4590	7344
0	935	32971	7344
1	935	825	7344
0	935	10624	7344,825
0	935	7089	7344,825
0	935	14318	7344,825
0	935	16204	7344,825
0	935	6522	7344,825
0	935	9186	7344,825
0	935	12076	7344,825
0	935	15955	7344,825
0	935	7507	7344,825
0	935	31693	7344,825
0	935	31823	7344,825
0	935	16390	7344,825
0	935	14159	7344,825
1	935	7098	7344,825
0	935	17624	7344,825,7098
0	935	13361	7344,825,7098
1	935	14200	7344,825,7098
1	935	32493	7344,825,7098,14200
0	935	13396	7344,825,7098,14200,32493
0	935	7689	7344,825,7098,14200,32493
1	935	32711	7344,825,7098,14200,32493
1	935	23173	7344,825,7098,14200,32493,32711
1	935	5081	7344,825,7098,14200,32493,32711,23173
0	935	4522	7344,825,7098,14200,32493,32711,23173,5081
0	935	17112	7344,825,7098,14200,32493,32711,23173,5081
0	935	6832	7344,825,7098,14200,32493,32711,23173,5081
0	935	27869	7344,825,7098,14200,32493,32711,23173,5081
1	935	31254	7344,825,7098,14200,32493,32711,23173,5081
0	935	27268	7344,825,7098,14200,32493,32711,23173,5081,31254
0	935	6841	7344,825,7098,14200,32493,32711,23173,5081,31254
0	935	8107	7344,825,7098,14200,32493,32711,23173,5081,31254
0	935	25969	7344,825,7098,14200,32493,32711,23173,5081,31254
1	935	24470	7344,825,7098,14200,32493,32711,23173,5081,31254
1	935	7960	7344,825,7098,14200,32493,32711,23173,5081,31254,24470
1	935	20587	7344,825,7098,14200,32493,32711,23173,5081,31254,24470,7960
1	935	31537	7344,825,7098,14200,32493,32711,23173,5081,31254,24470,7960,20587
0	935	31457	7344,825,7098,14200,32493,32711,23173,5081,31254,24470,7960,20587,31537
1	935	24697	7344,825,7098,14200,32493,32711,23173,5081,31254,24470,7960,20587,31537
1	935	8497	7344,825,7098,14200,32493,32711,23173,5081,31254,24470,7960,20587,31537,24697
0	935	30918	7344,825,7098,14200,32493,32711,23173,5081,31254,24470,7960,20587,31537,24697,8497
0	935	30929	7344,825,7098,14200,32493,32711,23173,5081,31254,24470,7960,20587,31537,24697,8497
0	935	31281	7344,825,7098,14200,32493,32711,23173,5081,31254,24470,7960,20587,31537,24697,8497
0	935	31188	7344,825,7098,14200,32493,32711,23173,5081,31254,24470,7960,20587,31537,24697,8497
0	935	28042	7344,825,7098,14200,32493,32711,23173,5081,31254,24470,7960,20587,31537,24697,8497
1	935	652	7344,825,7098,14200,32493,32711,23173,5081,31254,24470,7960,20587,31537,24697,8497
0	935	31367	7344,825,7098,14200,32493,32711,23173,5081,31254,24470,7960,20587,31537,24697,8497,652
0	935	1544	7344,825,7098,14200,32493,32711,23173,5081,31254,24470,7960,20587,31537,24697,8497,652
0	935	1048	7344,825,7098,14200,32493,32711,23173,5081,31254,24470,7960,20587,31537,24697,8497,652
0	935	32114	7344,825,7098,14200,32493,32711,23173,5081,31254,24470,7960,20587,31537,24697,8497,652
0	935	657	7344,825,7098,14200,32493,32711,23173,5081,31254,24470,7960,20587,31537,24697,8497,652
0	935	1345	7344,825,7098,14200,32493,32711,23173,5081,31254,24470,7960,20587,31537,24697,8497,652
1	935	2524	7344,825,7098,14200,32493,32711,23173,5081,31254,24470,7960,20587,31537,24697,8497,652
0	935	1802	7344,825,7098,14200,32493,32711,23173,5081,31254,24470,7960,20587,31537,24697,8497,652,2524
0	935	634	7344,825,7098,14200,32493,32711,23173,5081,31254,24470,7960,20587,31537,24697,8497,652,2524
0	935	4283	7344,825,7098,14200,32493,32711,23173,5081,31254,24470,7960,20587,31537,24697,8497,652,2524
1	935	32421	7344,825,7098,14200,32493,32711,23173,5081,31254,24470,7960,20587,31537,24697,8497,652,2524
0	935	3614	7344,825,7098,14200,32493,32711,23173,5081,31254,24470,7960,20587,31537,24697,8497,652,2524,32421
0	935	2972	7344,825,7098,14200,32493,32711,23173,5081,31254,24470,7960,20587,31537,24697,8497,652,2524,32421
0	935	5177	7344,825,7098,14200,32493,32711,23173,5081,31254,24470,7960,20587,31537,24697,8497,652,2524,32421
1	935	3720	7344,825,7098,14200,32493,32711,23173,5081,31254,24470,7960,20587,31537,24697,8497,652,2524,32421
0	935	33111	7344,825,7098,14200,32493,32711,23173,5081,31254,24470,7960,20587,31537,24697,8497,652,2524,32421,3720
0	935	1370	7344,825,7098,14200,32493,32711,23173,5081,31254,24470,7960,20587,31537,24697,8497,652,2524,32421,3720
0	935	31222	7344,825,7098,14200,32493,32711,23173,5081,31254,24470,7960,20587,31537,24697,8497,652,2524,32421,3720
0	935	5400	7344,825,7098,14200,32493,32711,23173,5081,31254,24470,7960,20587,31537,24697,8497,652,2524,32421,3720
1	935	5171	7344,825,7098,14200,32493,32711,23173,5081,31254,24470,7960,20587,31537,24697,8497,652,2524,32421,3720
0	935	1994	7344,825,7098,14200,32493,32711,23173,5081,31254,24470,7960,20587,31537,24697,8497,652,2524,32421,3720,5171
0	935	4061	7344,825,7098,14200,32493,32711,23173,5081,31254,24470,7960,20587,31537,24697,8497,652,2524,32421,3720,5171
0	935	1033	7344,825,7098,14200,32493,32711,23173,5081,31254,24470,7960,20587,31537,24697,8497,652,2524,32421,3720,5171
0	935	32795	7344,825,7098,14200,32493,32711,23173,5081,31254,24470,7960,20587,31537,24697,8497,652,2524,32421,3720,5171
0	935	3597	7344,825,7098,14200,32493,32711,23173,5081,31254,24470,7960,20587,31537,24697,8497,652,2524,32421,3720,5171
0	935	3935	7344,825,7098,14200,32493,32711,23173,5081,31254,24470,7960,20587,31537,24697,8497,652,2524,32421,3720,5171
0	935	4235	7344,825,7098,14200,32493,32711,23173,5081,31254,24470,7960,20587,31537,24697,8497,652,2524,32421,3720,5171
1	935	6333	7344,825,7098,14200,32493,32711,23173,5081,31254,24470,7960,20587,31537,24697,8497,652,2524,32421,3720,5171
0	935	2198	7344,825,7098,14200,32493,32711,23173,5081,31254,24470,7960,20587,31537,24697,8497,652,2524,32421,3720,5171,6333
0	935	27066	7344,825,7098,14200,32493,32711,23173,5081,31254,24470,7960,20587,31537,24697,8497,652,2524,32421,3720,5171,6333
0	935	23053	7344,825,7098,14200,32493,32711,23173,5081,31254,24470,7960,20587,31537,24697,8497,652,2524,32421,3720,5171,6333
0	935	1168	7344,825,7098,14200,32493,32711,23173,5081,31254,24470,7960,20587,31537,24697,8497,652,2524,32421,3720,5171,6333
0	935	5210	7344,825,7098,14200,32493,32711,23173,5081,31254,24470,7960,20587,31537,24697,8497,652,2524,32421,3720,5171,6333
0	935	4268	7344,825,7098,14200,32493,32711,23173,5081,31254,24470,7960,20587,31537,24697,8497,652,2524,32421,3720,5171,6333
0	935	3024	7344,825,7098,14200,32493,32711,23173,5081,31254,24470,7960,20587,31537,24697,8497,652,2524,32421,3720,5171,6333
1	935	8945	7344,825,7098,14200,32493,32711,23173,5081,31254,24470,7960,20587,31537,24697,8497,652,2524,32421,3720,5171,6333
0	935	31435	7344,825,7098,14200,32493,32711,23173,5081,31254,24470,7960,20587,31537,24697,8497,652,2524,32421,3720,5171,6333,8945
1	935	6742	7344,825,7098,14200,32493,32711,23173,5081,31254,24470,7960,20587,31537,24697,8497,652,2524,32421,3720,5171,6333,8945
1	935	11086	7344,825,7098,14200,32493,32711,23173,5081,31254,24470,7960,20587,31537,24697,8497,652,2524,32421,3720,5171,6333,8945,6742
0	935	7412	7344,825,7098,14200,32493,32711,23173,5081,31254,24470,7960,20587,31537,24697,8497,652,2524,32421,3720,5171,6333,8945,6742,11086
0	935	10923	7344,825,7098,14200,32493,32711,23173,5081,31254,24470,7960,20587,31537,24697,8497,652,2524,32421,3720,5171,6333,8945,6742,11086
1	935	12440	7344,825,7098,14200,32493,32711,23173,5081,31254,24470,7960,20587,31537,24697,8497,652,2524,32421,3720,5171,6333,8945,6742,11086
0	935	6247	7344,825,7098,14200,32493,32711,23173,5081,31254,24470,7960,20587,31537,24697,8497,652,2524,32421,3720,5171,6333,8945,6742,11086,12440
0	935	13883	7344,825,7098,14200,32493,32711,23173,5081,31254,24470,7960,20587,31537,24697,8497,652,2524,32421,3720,5171,6333,8945,6742,11086,12440
0	935	13719	7344,825,7098,14200,32493,32711,23173,5081,31254,24470,7960,20587,31537,24697,8497,652,2524,32421,3720,5171,6333,8945,6742,11086,12440
1	935	16632	7344,825,7098,14200,32493,32711,23173,5081,31254,24470,7960,20587,31537,24697,8497,652,2524,32421,3720,5171,6333,8945,6742,11086,12440
0	935	16090	7344,825,7098,14200,32493,32711,23173,5081,31254,24470,7960,20587,31537,24697,8497,652,2524,32421,3720,5171,6333,8945,6742,11086,12440,16632
1	935	14673	7344,825,7098,14200,32493,32711,23173,5081,31254,24470,7960,20587,31537,24697,8497,652,2524,32421,3720,5171,6333,8945,6742,11086,12440,16632
0	935	15796	7344,825,7098,14200,32493,32711,23173,5081,31254,24470,7960,20587,31537,24697,8497,652,2524,32421,3720,5171,6333,8945,6742,11086,12440,16632,14673
1	935	17688	7344,825,7098,14200,32493,32711,23173,5081,31254,24470,7960,20587,31537,24697,8497,652,2524,32421,3720,5171,6333,8945,6742,11086,12440,16632,14673
1	935	10140	7344,825,7098,14200,32493,32711,23173,5081,31254,24470,7960,20587,31537,24697,8497,652,2524,32421,3720,5171,6333,8945,6742,11086,12440,16632,14673,17688
0	935	20562	7344,825,7098,14200,32493,32711,23173,5081,31254,24470,7960,20587,31537,24697,8497,652,2524,32421,3720,5171,6333,8945,6742,11086,12440,16632,14673,17688,10140
0	935	22266	7344,825,7098,14200,32493,32711,23173,5081,31254,24470,7960,20587,31537,24697,8497,652,2524,32421,3720,5171,6333,8945,6742,11086,12440,16632,14673,17688,10140
0	935	24626	7344,825,7098,14200,32493,32711,23173,5081,31254,24470,7960,20587,31537,24697,8497,652,2524,32421,3720,5171,6333,8945,6742,11086,12440,16632,14673,17688,10140
0	935	19570	7344,825,7098,14200,32493,32711,23173,5081,31254,24470,7960,20587,31537,24697,8497,652,2524,32421,3720,5171,6333,8945,6742,11086,12440,16632,14673,17688,10140
0	935	27337	7344,825,7098,14200,32493,32711,23173,5081,31254,24470,7960,20587,31537,24697,8497,652,2524,32421,3720,5171,6333,8945,6742,11086,12440,16632,14673,17688,10140
0	935	11959	7344,825,7098,14200,32493,32711,23173,5081,31254,24470,7960,20587,31537,24697,8497,652,2524,32421,3720,5171,6333,8945,6742,11086,12440,16632,14673,17688,10140
0	935	28174	7344,825,7098,14200,32493,32711,23173,5081,31254,24470,7960,20587,31537,24697,8497,652,2524,32421,3720,5171,6333,8945,6742,11086,12440,16632,14673,17688,10140
1	935	17899	7344,825,7098,14200,32493,32711,23173,5081,31254,24470,7960,20587,31537,24697,8497,652,2524,32421,3720,5171,6333,8945,6742,11086,12440,16632,14673,17688,10140
0	935	18153	7344,825,7098,14200,32493,32711,23173,5081,31254,24470,7960,20587,31537,24697,8497,652,2524,32421,3720,5171,6333,8945,6742,11086,12440,16632,14673,17688,10140,17899
