0	1834	3462	0
0	1834	30988	0
1	1834	31100	0
1	1834	31231	31100
1	1834	32785	31100,31231
1	1834	1645	31100,31231,32785
0	1834	31732	31100,31231,32785,1645
1	1834	3267	31100,31231,32785,1645
1	1834	20482	31100,31231,32785,1645,3267
1	1834	4175	31100,31231,32785,1645,3267,20482
1	1834	3038	31100,31231,32785,1645,3267,20482,4175
1	1834	3755	31100,31231,32785,1645,3267,20482,4175,3038
1	1834	3414	31100,31231,32785,1645,3267,20482,4175,3038,3755
1	1834	11744	31100,31231,32785,1645,3267,20482,4175,3038,3755,3414
1	1834	7175	31100,31231,32785,1645,3267,20482,4175,3038,3755,3414,11744
1	1834	15849	31100,31231,32785,1645,3267,20482,4175,3038,3755,3414,11744,7175
1	1834	23583	31100,31231,32785,1645,3267,20482,4175,3038,3755,3414,11744,7175,15849
1	1834	13824	31100,31231,32785,1645,3267,20482,4175,3038,3755,3414,11744,7175,15849,23583
0	1834	1440	31100,31231,32785,1645,3267,20482,4175,3038,3755,3414,11744,7175,15849,23583,13824
1	1834	2832	31100,31231,32785,1645,3267,20482,4175,3038,3755,3414,11744,7175,15849,23583,13824
0	1834	25656	31100,31231,32785,1645,3267,20482,4175,3038,3755,3414,11744,7175,15849,23583,13824,2832
0	1834	6801	31100,31231,32785,1645,3267,20482,4175,3038,3755,3414,11744,7175,15849,23583,13824,2832
1	1834	18822	31100,31231,32785,1645,3267,20482,4175,3038,3755,3414,11744,7175,15849,23583,13824,2832
0	1834	22440	31100,31231,32785,1645,3267,20482,4175,3038,3755,3414,11744,7175,15849,23583,13824,2832,18822
1	1834	19041	31100,31231,32785,1645,3267,20482,4175,3038,3755,3414,11744,7175,15849,23583,13824,2832,18822
1	1834	21954	31100,31231,32785,1645,3267,20482,4175,3038,3755,3414,11744,7175,15849,23583,13824,2832,18822,19041
1	1834	7354	31100,31231,32785,1645,3267,20482,4175,3038,3755,3414,11744,7175,15849,23583,13824,2832,18822,19041,21954
0	1834	19401	31100,31231,32785,1645,3267,20482,4175,3038,3755,3414,11744,7175,15849,23583,13824,2832,18822,19041,21954,7354
0	1834	6976	31100,31231,32785,1645,3267,20482,4175,3038,3755,3414,11744,7175,15849,23583,13824,2832,18822,19041,21954,7354
0	1834	10682	31100,31231,32785,1645,3267,20482,4175,3038,3755,3414,11744,7175,15849,23583,13824,2832,18822,19041,21954,7354
1	1834	22061	31100,31231,32785,1645,3267,20482,4175,3038,3755,3414,11744,7175,15849,23583,13824,2832,18822,19041,21954,7354
0	1834	22937	31100,31231,32785,1645,3267,20482,4175,3038,3755,3414,11744,7175,15849,23583,13824,2832,18822,19041,21954,7354,22061
1	1834	23368	31100,31231,32785,1645,3267,20482,4175,3038,3755,3414,11744,7175,15849,23583,13824,2832,18822,19041,21954,7354,22061
1	1834	4543	31100,31231,32785,1645,3267,20482,4175,3038,3755,3414,11744,7175,15849,23583,13824,2832,18822,19041,21954,7354,22061,23368
0	1834	13865	31100,31231,32785,1645,3267,20482,4175,3038,3755,3414,11744,7175,15849,23583,13824,2832,18822,19041,21954,7354,22061,23368,4543
0	1834	24001	31100,31231,32785,1645,3267,20482,4175,3038,3755,3414,11744,7175,15849,23583,13824,2832,18822,19041,21954,7354,22061,23368,4543
1	1834	13920	31100,31231,32785,1645,3267,20482,4175,3038,3755,3414,11744,7175,15849,23583,13824,2832,18822,19041,21954,7354,22061,23368,4543
1	1834	17691	31100,31231,32785,1645,3267,20482,4175,3038,3755,3414,11744,7175,15849,23583,13824,2832,18822,19041,21954,7354,22061,23368,4543,13920
1	1834	17783	31100,31231,32785,1645,3267,20482,4175,3038,3755,3414,11744,7175,15849,23583,13824,2832,18822,19041,21954,7354,22061,23368,4543,13920,17691
0	1834	19027	31100,31231,32785,1645,3267,20482,4175,3038,3755,3414,11744,7175,15849,23583,13824,2832,18822,19041,21954,7354,22061,23368,4543,13920,17691,17783
1	1834	32004	31100,31231,32785,1645,3267,20482,4175,3038,3755,3414,11744,7175,15849,23583,13824,2832,18822,19041,21954,7354,22061,23368,4543,13920,17691,17783
1	1834	18053	31100,31231,32785,1645,3267,20482,4175,3038,3755,3414,11744,7175,15849,23583,13824,2832,18822,19041,21954,7354,22061,23368,4543,13920,17691,17783,32004
0	1834	28872	31100,31231,32785,1645,3267,20482,4175,3038,3755,3414,11744,7175,15849,23583,13824,2832,18822,19041,21954,7354,22061,23368,4543,13920,17691,17783,32004,18053
1	1834	18627	31100,31231,32785,1645,3267,20482,4175,3038,3755,3414,11744,7175,15849,23583,13824,2832,18822,19041,21954,7354,22061,23368,4543,13920,17691,17783,32004,18053
0	1834	9940	31100,31231,32785,1645,3267,20482,4175,3038,3755,3414,11744,7175,15849,23583,13824,2832,18822,19041,21954,7354,22061,23368,4543,13920,17691,17783,32004,18053,18627
1	1834	28246	31100,31231,32785,1645,3267,20482,4175,3038,3755,3414,11744,7175,15849,23583,13824,2832,18822,19041,21954,7354,22061,23368,4543,13920,17691,17783,32004,18053,18627
1	1834	8999	31100,31231,32785,1645,3267,20482,4175,3038,3755,3414,11744,7175,15849,23583,13824,2832,18822,19041,21954,7354,22061,23368,4543,13920,17691,17783,32004,18053,18627,28246
