0	539	13729	0
1	539	11110	0
1	539	2191	11110
1	539	14815	11110,2191
1	539	14928	11110,2191,14815
1	539	4410	11110,2191,14815,14928
1	539	8945	11110,2191,14815,14928,4410
0	539	18821	11110,2191,14815,14928,4410,8945
1	539	8671	11110,2191,14815,14928,4410,8945
1	539	11751	11110,2191,14815,14928,4410,8945,8671
1	539	6187	11110,2191,14815,14928,4410,8945,8671,11751
1	539	17419	11110,2191,14815,14928,4410,8945,8671,11751,6187
1	539	30937	11110,2191,14815,14928,4410,8945,8671,11751,6187,17419
1	539	4364	11110,2191,14815,14928,4410,8945,8671,11751,6187,17419,30937
1	539	71	11110,2191,14815,14928,4410,8945,8671,11751,6187,17419,30937,4364
1	539	10612	11110,2191,14815,14928,4410,8945,8671,11751,6187,17419,30937,4364,71
1	539	2867	11110,2191,14815,14928,4410,8945,8671,11751,6187,17419,30937,4364,71,10612
1	539	3370	11110,2191,14815,14928,4410,8945,8671,11751,6187,17419,30937,4364,71,10612,2867
0	539	1013	11110,2191,14815,14928,4410,8945,8671,11751,6187,17419,30937,4364,71,10612,2867,3370
1	539	15461	11110,2191,14815,14928,4410,8945,8671,11751,6187,17419,30937,4364,71,10612,2867,3370
1	539	12562	11110,2191,14815,14928,4410,8945,8671,11751,6187,17419,30937,4364,71,10612,2867,3370,15461
1	539	24522	11110,2191,14815,14928,4410,8945,8671,11751,6187,17419,30937,4364,71,10612,2867,3370,15461,12562
1	539	19636	11110,2191,14815,14928,4410,8945,8671,11751,6187,17419,30937,4364,71,10612,2867,3370,15461,12562,24522
0	539	21504	11110,2191,14815,14928,4410,8945,8671,11751,6187,17419,30937,4364,71,10612,2867,3370,15461,12562,24522,19636
1	539	14117	11110,2191,14815,14928,4410,8945,8671,11751,6187,17419,30937,4364,71,10612,2867,3370,15461,12562,24522,19636
1	539	31478	11110,2191,14815,14928,4410,8945,8671,11751,6187,17419,30937,4364,71,10612,2867,3370,15461,12562,24522,19636,14117
1	539	33006	11110,2191,14815,14928,4410,8945,8671,11751,6187,17419,30937,4364,71,10612,2867,3370,15461,12562,24522,19636,14117,31478
1	539	6113	11110,2191,14815,14928,4410,8945,8671,11751,6187,17419,30937,4364,71,10612,2867,3370,15461,12562,24522,19636,14117,31478,33006
1	539	10178	11110,2191,14815,14928,4410,8945,8671,11751,6187,17419,30937,4364,71,10612,2867,3370,15461,12562,24522,19636,14117,31478,33006,6113
1	539	20310	11110,2191,14815,14928,4410,8945,8671,11751,6187,17419,30937,4364,71,10612,2867,3370,15461,12562,24522,19636,14117,31478,33006,6113,10178
1	539	23490	11110,2191,14815,14928,4410,8945,8671,11751,6187,17419,30937,4364,71,10612,2867,3370,15461,12562,24522,19636,14117,31478,33006,6113,10178,20310
1	539	24676	11110,2191,14815,14928,4410,8945,8671,11751,6187,17419,30937,4364,71,10612,2867,3370,15461,12562,24522,19636,14117,31478,33006,6113,10178,20310,23490
1	539	25981	11110,2191,14815,14928,4410,8945,8671,11751,6187,17419,30937,4364,71,10612,2867,3370,15461,12562,24522,19636,14117,31478,33006,6113,10178,20310,23490,24676
1	539	7110	11110,2191,14815,14928,4410,8945,8671,11751,6187,17419,30937,4364,71,10612,2867,3370,15461,12562,24522,19636,14117,31478,33006,6113,10178,20310,23490,24676,25981
1	539	11997	11110,2191,14815,14928,4410,8945,8671,11751,6187,17419,30937,4364,71,10612,2867,3370,15461,12562,24522,19636,14117,31478,33006,6113,10178,20310,23490,24676,25981,7110
1	539	20282	11110,2191,14815,14928,4410,8945,8671,11751,6187,17419,30937,4364,71,10612,2867,3370,15461,12562,24522,19636,14117,31478,33006,6113,10178,20310,23490,24676,25981,7110,11997
