0	375	3900	0
0	375	32785	0
0	375	2988	0
0	375	31183	0
0	375	2419	0
0	375	30885	0
1	375	471	0
0	375	1607	471
0	375	12086	471
0	375	1960	471
0	375	3302	471
0	375	1973	471
1	375	5750	471
1	375	7358	471,5750
1	375	7648	471,5750,7358
0	375	32525	471,5750,7358,7648
0	375	6762	471,5750,7358,7648
1	375	2554	471,5750,7358,7648
1	375	9761	471,5750,7358,7648,2554
1	375	11235	471,5750,7358,7648,2554,9761
0	375	8294	471,5750,7358,7648,2554,9761,11235
1	375	6573	471,5750,7358,7648,2554,9761,11235
1	375	4445	471,5750,7358,7648,2554,9761,11235,6573
0	375	7709	471,5750,7358,7648,2554,9761,11235,6573,4445
0	375	5027	471,5750,7358,7648,2554,9761,11235,6573,4445
0	375	13930	471,5750,7358,7648,2554,9761,11235,6573,4445
1	375	9703	471,5750,7358,7648,2554,9761,11235,6573,4445
0	375	15215	471,5750,7358,7648,2554,9761,11235,6573,4445,9703
0	375	14221	471,5750,7358,7648,2554,9761,11235,6573,4445,9703
0	375	15220	471,5750,7358,7648,2554,9761,11235,6573,4445,9703
1	375	12598	471,5750,7358,7648,2554,9761,11235,6573,4445,9703
1	375	2903	471,5750,7358,7648,2554,9761,11235,6573,4445,9703,12598
0	375	17168	471,5750,7358,7648,2554,9761,11235,6573,4445,9703,12598,2903
0	375	7649	471,5750,7358,7648,2554,9761,11235,6573,4445,9703,12598,2903
0	375	12986	471,5750,7358,7648,2554,9761,11235,6573,4445,9703,12598,2903
0	375	11161	471,5750,7358,7648,2554,9761,11235,6573,4445,9703,12598,2903
0	375	5557	471,5750,7358,7648,2554,9761,11235,6573,4445,9703,12598,2903
0	375	7613	471,5750,7358,7648,2554,9761,11235,6573,4445,9703,12598,2903
0	375	20477	471,5750,7358,7648,2554,9761,11235,6573,4445,9703,12598,2903
0	375	19251	471,5750,7358,7648,2554,9761,11235,6573,4445,9703,12598,2903
0	375	31489	471,5750,7358,7648,2554,9761,11235,6573,4445,9703,12598,2903
0	375	10196	471,5750,7358,7648,2554,9761,11235,6573,4445,9703,12598,2903
0	375	20267	471,5750,7358,7648,2554,9761,11235,6573,4445,9703,12598,2903
0	375	19376	471,5750,7358,7648,2554,9761,11235,6573,4445,9703,12598,2903
0	375	4582	471,5750,7358,7648,2554,9761,11235,6573,4445,9703,12598,2903
1	375	7762	471,5750,7358,7648,2554,9761,11235,6573,4445,9703,12598,2903
0	375	473	471,5750,7358,7648,2554,9761,11235,6573,4445,9703,12598,2903,7762
1	375	18142	471,5750,7358,7648,2554,9761,11235,6573,4445,9703,12598,2903,7762
0	375	1072	471,5750,7358,7648,2554,9761,11235,6573,4445,9703,12598,2903,7762,18142
0	375	12174	471,5750,7358,7648,2554,9761,11235,6573,4445,9703,12598,2903,7762,18142
0	375	12131	471,5750,7358,7648,2554,9761,11235,6573,4445,9703,12598,2903,7762,18142
0	375	13882	471,5750,7358,7648,2554,9761,11235,6573,4445,9703,12598,2903,7762,18142
0	375	12103	471,5750,7358,7648,2554,9761,11235,6573,4445,9703,12598,2903,7762,18142
0	375	16088	471,5750,7358,7648,2554,9761,11235,6573,4445,9703,12598,2903,7762,18142
0	375	23526	471,5750,7358,7648,2554,9761,11235,6573,4445,9703,12598,2903,7762,18142
0	375	6826	471,5750,7358,7648,2554,9761,11235,6573,4445,9703,12598,2903,7762,18142
0	375	9715	471,5750,7358,7648,2554,9761,11235,6573,4445,9703,12598,2903,7762,18142
0	375	18118	471,5750,7358,7648,2554,9761,11235,6573,4445,9703,12598,2903,7762,18142
0	375	19908	471,5750,7358,7648,2554,9761,11235,6573,4445,9703,12598,2903,7762,18142
0	375	21161	471,5750,7358,7648,2554,9761,11235,6573,4445,9703,12598,2903,7762,18142
0	375	10045	471,5750,7358,7648,2554,9761,11235,6573,4445,9703,12598,2903,7762,18142
0	375	15796	471,5750,7358,7648,2554,9761,11235,6573,4445,9703,12598,2903,7762,18142
0	375	20224	471,5750,7358,7648,2554,9761,11235,6573,4445,9703,12598,2903,7762,18142
0	375	19418	471,5750,7358,7648,2554,9761,11235,6573,4445,9703,12598,2903,7762,18142
0	375	24387	471,5750,7358,7648,2554,9761,11235,6573,4445,9703,12598,2903,7762,18142
0	375	4317	471,5750,7358,7648,2554,9761,11235,6573,4445,9703,12598,2903,7762,18142
1	375	17447	471,5750,7358,7648,2554,9761,11235,6573,4445,9703,12598,2903,7762,18142
0	375	507	471,5750,7358,7648,2554,9761,11235,6573,4445,9703,12598,2903,7762,18142,17447
0	375	6094	471,5750,7358,7648,2554,9761,11235,6573,4445,9703,12598,2903,7762,18142,17447
0	375	14075	471,5750,7358,7648,2554,9761,11235,6573,4445,9703,12598,2903,7762,18142,17447
0	375	18358	471,5750,7358,7648,2554,9761,11235,6573,4445,9703,12598,2903,7762,18142,17447
0	375	837	471,5750,7358,7648,2554,9761,11235,6573,4445,9703,12598,2903,7762,18142,17447
0	375	24682	471,5750,7358,7648,2554,9761,11235,6573,4445,9703,12598,2903,7762,18142,17447
1	375	27255	471,5750,7358,7648,2554,9761,11235,6573,4445,9703,12598,2903,7762,18142,17447
0	375	10601	471,5750,7358,7648,2554,9761,11235,6573,4445,9703,12598,2903,7762,18142,17447,27255
0	375	28351	471,5750,7358,7648,2554,9761,11235,6573,4445,9703,12598,2903,7762,18142,17447,27255
0	375	9559	471,5750,7358,7648,2554,9761,11235,6573,4445,9703,12598,2903,7762,18142,17447,27255
1	375	5822	471,5750,7358,7648,2554,9761,11235,6573,4445,9703,12598,2903,7762,18142,17447,27255
0	375	23144	471,5750,7358,7648,2554,9761,11235,6573,4445,9703,12598,2903,7762,18142,17447,27255,5822
0	375	17755	471,5750,7358,7648,2554,9761,11235,6573,4445,9703,12598,2903,7762,18142,17447,27255,5822
0	375	22908	471,5750,7358,7648,2554,9761,11235,6573,4445,9703,12598,2903,7762,18142,17447,27255,5822
0	375	22619	471,5750,7358,7648,2554,9761,11235,6573,4445,9703,12598,2903,7762,18142,17447,27255,5822
0	375	17831	471,5750,7358,7648,2554,9761,11235,6573,4445,9703,12598,2903,7762,18142,17447,27255,5822
0	375	28385	471,5750,7358,7648,2554,9761,11235,6573,4445,9703,12598,2903,7762,18142,17447,27255,5822
1	375	23449	471,5750,7358,7648,2554,9761,11235,6573,4445,9703,12598,2903,7762,18142,17447,27255,5822
0	375	17253	471,5750,7358,7648,2554,9761,11235,6573,4445,9703,12598,2903,7762,18142,17447,27255,5822,23449
0	375	24255	471,5750,7358,7648,2554,9761,11235,6573,4445,9703,12598,2903,7762,18142,17447,27255,5822,23449
0	375	25662	471,5750,7358,7648,2554,9761,11235,6573,4445,9703,12598,2903,7762,18142,17447,27255,5822,23449
0	375	29310	471,5750,7358,7648,2554,9761,11235,6573,4445,9703,12598,2903,7762,18142,17447,27255,5822,23449
