1	1776	31464	0
0	1776	1301	31464
0	1776	8830	31464
1	1776	2441	31464
1	1776	14122	31464,2441
1	1776	16449	31464,2441,14122
0	1776	14058	31464,2441,14122,16449
0	1776	17168	31464,2441,14122,16449
0	1776	18622	31464,2441,14122,16449
0	1776	13255	31464,2441,14122,16449
0	1776	20268	31464,2441,14122,16449
0	1776	21553	31464,2441,14122,16449
1	1776	22105	31464,2441,14122,16449
1	1776	7607	31464,2441,14122,16449,22105
1	1776	21504	31464,2441,14122,16449,22105,7607
0	1776	22609	31464,2441,14122,16449,22105,7607,21504
0	1776	24181	31464,2441,14122,16449,22105,7607,21504
0	1776	10731	31464,2441,14122,16449,22105,7607,21504
0	1776	23453	31464,2441,14122,16449,22105,7607,21504
1	1776	22948	31464,2441,14122,16449,22105,7607,21504
1	1776	23322	31464,2441,14122,16449,22105,7607,21504,22948
0	1776	26385	31464,2441,14122,16449,22105,7607,21504,22948,23322
0	1776	16426	31464,2441,14122,16449,22105,7607,21504,22948,23322
0	1776	837	31464,2441,14122,16449,22105,7607,21504,22948,23322
0	1776	21578	31464,2441,14122,16449,22105,7607,21504,22948,23322
1	1776	16246	31464,2441,14122,16449,22105,7607,21504,22948,23322
0	1776	25185	31464,2441,14122,16449,22105,7607,21504,22948,23322,16246
0	1776	26163	31464,2441,14122,16449,22105,7607,21504,22948,23322,16246
0	1776	23768	31464,2441,14122,16449,22105,7607,21504,22948,23322,16246
1	1776	25218	31464,2441,14122,16449,22105,7607,21504,22948,23322,16246
0	1776	27395	31464,2441,14122,16449,22105,7607,21504,22948,23322,16246,25218
0	1776	10538	31464,2441,14122,16449,22105,7607,21504,22948,23322,16246,25218
1	1776	28469	31464,2441,14122,16449,22105,7607,21504,22948,23322,16246,25218
0	1776	28277	31464,2441,14122,16449,22105,7607,21504,22948,23322,16246,25218,28469
0	1776	23316	31464,2441,14122,16449,22105,7607,21504,22948,23322,16246,25218,28469
0	1776	28600	31464,2441,14122,16449,22105,7607,21504,22948,23322,16246,25218,28469
0	1776	26736	31464,2441,14122,16449,22105,7607,21504,22948,23322,16246,25218,28469
0	1776	28279	31464,2441,14122,16449,22105,7607,21504,22948,23322,16246,25218,28469
0	1776	27750	31464,2441,14122,16449,22105,7607,21504,22948,23322,16246,25218,28469
