0	74	2238	0
1	74	9076	0
1	74	12821	9076
1	74	21998	9076,12821
1	74	32814	9076,12821,21998
0	74	25656	9076,12821,21998,32814
1	74	20001	9076,12821,21998,32814
0	74	18910	9076,12821,21998,32814,20001
1	74	19654	9076,12821,21998,32814,20001
1	74	19877	9076,12821,21998,32814,20001,19654
0	74	14251	9076,12821,21998,32814,20001,19654,19877
1	74	30964	9076,12821,21998,32814,20001,19654,19877
0	74	10462	9076,12821,21998,32814,20001,19654,19877,30964
0	74	11944	9076,12821,21998,32814,20001,19654,19877,30964
1	74	6092	9076,12821,21998,32814,20001,19654,19877,30964
1	74	19813	9076,12821,21998,32814,20001,19654,19877,30964,6092
1	74	11417	9076,12821,21998,32814,20001,19654,19877,30964,6092,19813
1	74	13865	9076,12821,21998,32814,20001,19654,19877,30964,6092,19813,11417
1	74	33090	9076,12821,21998,32814,20001,19654,19877,30964,6092,19813,11417,13865
1	74	25038	9076,12821,21998,32814,20001,19654,19877,30964,6092,19813,11417,13865,33090
0	74	1801	9076,12821,21998,32814,20001,19654,19877,30964,6092,19813,11417,13865,33090,25038
0	74	22516	9076,12821,21998,32814,20001,19654,19877,30964,6092,19813,11417,13865,33090,25038
1	74	2042	9076,12821,21998,32814,20001,19654,19877,30964,6092,19813,11417,13865,33090,25038
1	74	2054	9076,12821,21998,32814,20001,19654,19877,30964,6092,19813,11417,13865,33090,25038,2042
1	74	24764	9076,12821,21998,32814,20001,19654,19877,30964,6092,19813,11417,13865,33090,25038,2042,2054
1	74	22277	9076,12821,21998,32814,20001,19654,19877,30964,6092,19813,11417,13865,33090,25038,2042,2054,24764
1	74	11904	9076,12821,21998,32814,20001,19654,19877,30964,6092,19813,11417,13865,33090,25038,2042,2054,24764,22277
0	74	21458	9076,12821,21998,32814,20001,19654,19877,30964,6092,19813,11417,13865,33090,25038,2042,2054,24764,22277,11904
1	74	2023	9076,12821,21998,32814,20001,19654,19877,30964,6092,19813,11417,13865,33090,25038,2042,2054,24764,22277,11904
1	74	1919	9076,12821,21998,32814,20001,19654,19877,30964,6092,19813,11417,13865,33090,25038,2042,2054,24764,22277,11904,2023
1	74	5851	9076,12821,21998,32814,20001,19654,19877,30964,6092,19813,11417,13865,33090,25038,2042,2054,24764,22277,11904,2023,1919
1	74	25865	9076,12821,21998,32814,20001,19654,19877,30964,6092,19813,11417,13865,33090,25038,2042,2054,24764,22277,11904,2023,1919,5851
1	74	513	9076,12821,21998,32814,20001,19654,19877,30964,6092,19813,11417,13865,33090,25038,2042,2054,24764,22277,11904,2023,1919,5851,25865
1	74	24462	9076,12821,21998,32814,20001,19654,19877,30964,6092,19813,11417,13865,33090,25038,2042,2054,24764,22277,11904,2023,1919,5851,25865,513
1	74	23768	9076,12821,21998,32814,20001,19654,19877,30964,6092,19813,11417,13865,33090,25038,2042,2054,24764,22277,11904,2023,1919,5851,25865,513,24462
0	74	19417	9076,12821,21998,32814,20001,19654,19877,30964,6092,19813,11417,13865,33090,25038,2042,2054,24764,22277,11904,2023,1919,5851,25865,513,24462,23768
0	74	20141	9076,12821,21998,32814,20001,19654,19877,30964,6092,19813,11417,13865,33090,25038,2042,2054,24764,22277,11904,2023,1919,5851,25865,513,24462,23768
1	74	20534	9076,12821,21998,32814,20001,19654,19877,30964,6092,19813,11417,13865,33090,25038,2042,2054,24764,22277,11904,2023,1919,5851,25865,513,24462,23768
1	74	14280	9076,12821,21998,32814,20001,19654,19877,30964,6092,19813,11417,13865,33090,25038,2042,2054,24764,22277,11904,2023,1919,5851,25865,513,24462,23768,20534
0	74	20745	9076,12821,21998,32814,20001,19654,19877,30964,6092,19813,11417,13865,33090,25038,2042,2054,24764,22277,11904,2023,1919,5851,25865,513,24462,23768,20534,14280
