1	149	898	0
1	149	11956	898
1	149	12951	898,11956
0	149	16210	898,11956,12951
1	149	17805	898,11956,12951
0	149	18335	898,11956,12951,17805
0	149	19118	898,11956,12951,17805
0	149	19251	898,11956,12951,17805
0	149	20209	898,11956,12951,17805
0	149	18972	898,11956,12951,17805
0	149	15674	898,11956,12951,17805
0	149	21954	898,11956,12951,17805
0	149	20011	898,11956,12951,17805
0	149	22229	898,11956,12951,17805
1	149	17677	898,11956,12951,17805
0	149	21490	898,11956,12951,17805,17677
1	149	21573	898,11956,12951,17805,17677
1	149	22804	898,11956,12951,17805,17677,21573
1	149	11869	898,11956,12951,17805,17677,21573,22804
0	149	13883	898,11956,12951,17805,17677,21573,22804,11869
0	149	20627	898,11956,12951,17805,17677,21573,22804,11869
1	149	23491	898,11956,12951,17805,17677,21573,22804,11869
0	149	23920	898,11956,12951,17805,17677,21573,22804,11869,23491
0	149	21864	898,11956,12951,17805,17677,21573,22804,11869,23491
0	149	22513	898,11956,12951,17805,17677,21573,22804,11869,23491
0	149	23155	898,11956,12951,17805,17677,21573,22804,11869,23491
0	149	25030	898,11956,12951,17805,17677,21573,22804,11869,23491
0	149	23768	898,11956,12951,17805,17677,21573,22804,11869,23491
0	149	25825	898,11956,12951,17805,17677,21573,22804,11869,23491
0	149	27624	898,11956,12951,17805,17677,21573,22804,11869,23491
1	149	28530	898,11956,12951,17805,17677,21573,22804,11869,23491
0	149	2217	898,11956,12951,17805,17677,21573,22804,11869,23491,28530
0	149	27625	898,11956,12951,17805,17677,21573,22804,11869,23491,28530
0	149	29217	898,11956,12951,17805,17677,21573,22804,11869,23491,28530
