1	1596	3322	0
0	1596	16754	3322
0	1596	16799	3322
0	1596	17168	3322
1	1596	9968	3322
1	1596	12997	3322,9968
1	1596	17501	3322,9968,12997
0	1596	14365	3322,9968,12997,17501
1	1596	16753	3322,9968,12997,17501
1	1596	12549	3322,9968,12997,17501,16753
0	1596	18929	3322,9968,12997,17501,16753,12549
1	1596	18047	3322,9968,12997,17501,16753,12549
1	1596	19513	3322,9968,12997,17501,16753,12549,18047
0	1596	19731	3322,9968,12997,17501,16753,12549,18047,19513
0	1596	19376	3322,9968,12997,17501,16753,12549,18047,19513
0	1596	19640	3322,9968,12997,17501,16753,12549,18047,19513
0	1596	20209	3322,9968,12997,17501,16753,12549,18047,19513
0	1596	20210	3322,9968,12997,17501,16753,12549,18047,19513
1	1596	23340	3322,9968,12997,17501,16753,12549,18047,19513
1	1596	11252	3322,9968,12997,17501,16753,12549,18047,19513,23340
1	1596	20489	3322,9968,12997,17501,16753,12549,18047,19513,23340,11252
1	1596	20711	3322,9968,12997,17501,16753,12549,18047,19513,23340,11252,20489
0	1596	20343	3322,9968,12997,17501,16753,12549,18047,19513,23340,11252,20489,20711
1	1596	21525	3322,9968,12997,17501,16753,12549,18047,19513,23340,11252,20489,20711
0	1596	22052	3322,9968,12997,17501,16753,12549,18047,19513,23340,11252,20489,20711,21525
0	1596	8416	3322,9968,12997,17501,16753,12549,18047,19513,23340,11252,20489,20711,21525
1	1596	21170	3322,9968,12997,17501,16753,12549,18047,19513,23340,11252,20489,20711,21525
1	1596	22468	3322,9968,12997,17501,16753,12549,18047,19513,23340,11252,20489,20711,21525,21170
1	1596	19019	3322,9968,12997,17501,16753,12549,18047,19513,23340,11252,20489,20711,21525,21170,22468
1	1596	23491	3322,9968,12997,17501,16753,12549,18047,19513,23340,11252,20489,20711,21525,21170,22468,19019
1	1596	14233	3322,9968,12997,17501,16753,12549,18047,19513,23340,11252,20489,20711,21525,21170,22468,19019,23491
0	1596	23313	3322,9968,12997,17501,16753,12549,18047,19513,23340,11252,20489,20711,21525,21170,22468,19019,23491,14233
1	1596	19746	3322,9968,12997,17501,16753,12549,18047,19513,23340,11252,20489,20711,21525,21170,22468,19019,23491,14233
1	1596	23449	3322,9968,12997,17501,16753,12549,18047,19513,23340,11252,20489,20711,21525,21170,22468,19019,23491,14233,19746
0	1596	24425	3322,9968,12997,17501,16753,12549,18047,19513,23340,11252,20489,20711,21525,21170,22468,19019,23491,14233,19746,23449
0	1596	26120	3322,9968,12997,17501,16753,12549,18047,19513,23340,11252,20489,20711,21525,21170,22468,19019,23491,14233,19746,23449
0	1596	23768	3322,9968,12997,17501,16753,12549,18047,19513,23340,11252,20489,20711,21525,21170,22468,19019,23491,14233,19746,23449
0	1596	26759	3322,9968,12997,17501,16753,12549,18047,19513,23340,11252,20489,20711,21525,21170,22468,19019,23491,14233,19746,23449
0	1596	25890	3322,9968,12997,17501,16753,12549,18047,19513,23340,11252,20489,20711,21525,21170,22468,19019,23491,14233,19746,23449
0	1596	27215	3322,9968,12997,17501,16753,12549,18047,19513,23340,11252,20489,20711,21525,21170,22468,19019,23491,14233,19746,23449
0	1596	27218	3322,9968,12997,17501,16753,12549,18047,19513,23340,11252,20489,20711,21525,21170,22468,19019,23491,14233,19746,23449
0	1596	32133	3322,9968,12997,17501,16753,12549,18047,19513,23340,11252,20489,20711,21525,21170,22468,19019,23491,14233,19746,23449
0	1596	28483	3322,9968,12997,17501,16753,12549,18047,19513,23340,11252,20489,20711,21525,21170,22468,19019,23491,14233,19746,23449
1	1596	28015	3322,9968,12997,17501,16753,12549,18047,19513,23340,11252,20489,20711,21525,21170,22468,19019,23491,14233,19746,23449
1	1596	29190	3322,9968,12997,17501,16753,12549,18047,19513,23340,11252,20489,20711,21525,21170,22468,19019,23491,14233,19746,23449,28015
0	1596	29380	3322,9968,12997,17501,16753,12549,18047,19513,23340,11252,20489,20711,21525,21170,22468,19019,23491,14233,19746,23449,28015,29190
