1	710	1981	0
1	710	8838	1981
1	710	7430	1981,8838
1	710	9049	1981,8838,7430
0	710	7972	1981,8838,7430,9049
1	710	18386	1981,8838,7430,9049
1	710	18862	1981,8838,7430,9049,18386
1	710	19206	1981,8838,7430,9049,18386,18862
1	710	23849	1981,8838,7430,9049,18386,18862,19206
1	710	12385	1981,8838,7430,9049,18386,18862,19206,23849
1	710	6412	1981,8838,7430,9049,18386,18862,19206,23849,12385
1	710	6571	1981,8838,7430,9049,18386,18862,19206,23849,12385,6412
0	710	20110	1981,8838,7430,9049,18386,18862,19206,23849,12385,6412,6571
1	710	22182	1981,8838,7430,9049,18386,18862,19206,23849,12385,6412,6571
1	710	23755	1981,8838,7430,9049,18386,18862,19206,23849,12385,6412,6571,22182
1	710	20151	1981,8838,7430,9049,18386,18862,19206,23849,12385,6412,6571,22182,23755
1	710	24097	1981,8838,7430,9049,18386,18862,19206,23849,12385,6412,6571,22182,23755,20151
1	710	18732	1981,8838,7430,9049,18386,18862,19206,23849,12385,6412,6571,22182,23755,20151,24097
0	710	16174	1981,8838,7430,9049,18386,18862,19206,23849,12385,6412,6571,22182,23755,20151,24097,18732
1	710	18973	1981,8838,7430,9049,18386,18862,19206,23849,12385,6412,6571,22182,23755,20151,24097,18732
1	710	19660	1981,8838,7430,9049,18386,18862,19206,23849,12385,6412,6571,22182,23755,20151,24097,18732,18973
1	710	13204	1981,8838,7430,9049,18386,18862,19206,23849,12385,6412,6571,22182,23755,20151,24097,18732,18973,19660
0	710	21696	1981,8838,7430,9049,18386,18862,19206,23849,12385,6412,6571,22182,23755,20151,24097,18732,18973,19660,13204
1	710	2482	1981,8838,7430,9049,18386,18862,19206,23849,12385,6412,6571,22182,23755,20151,24097,18732,18973,19660,13204
0	710	8488	1981,8838,7430,9049,18386,18862,19206,23849,12385,6412,6571,22182,23755,20151,24097,18732,18973,19660,13204,2482
1	710	10470	1981,8838,7430,9049,18386,18862,19206,23849,12385,6412,6571,22182,23755,20151,24097,18732,18973,19660,13204,2482
1	710	11869	1981,8838,7430,9049,18386,18862,19206,23849,12385,6412,6571,22182,23755,20151,24097,18732,18973,19660,13204,2482,10470
1	710	12370	1981,8838,7430,9049,18386,18862,19206,23849,12385,6412,6571,22182,23755,20151,24097,18732,18973,19660,13204,2482,10470,11869
1	710	12373	1981,8838,7430,9049,18386,18862,19206,23849,12385,6412,6571,22182,23755,20151,24097,18732,18973,19660,13204,2482,10470,11869,12370
1	710	14478	1981,8838,7430,9049,18386,18862,19206,23849,12385,6412,6571,22182,23755,20151,24097,18732,18973,19660,13204,2482,10470,11869,12370,12373
1	710	15177	1981,8838,7430,9049,18386,18862,19206,23849,12385,6412,6571,22182,23755,20151,24097,18732,18973,19660,13204,2482,10470,11869,12370,12373,14478
1	710	16458	1981,8838,7430,9049,18386,18862,19206,23849,12385,6412,6571,22182,23755,20151,24097,18732,18973,19660,13204,2482,10470,11869,12370,12373,14478,15177
1	710	19226	1981,8838,7430,9049,18386,18862,19206,23849,12385,6412,6571,22182,23755,20151,24097,18732,18973,19660,13204,2482,10470,11869,12370,12373,14478,15177,16458
1	710	22093	1981,8838,7430,9049,18386,18862,19206,23849,12385,6412,6571,22182,23755,20151,24097,18732,18973,19660,13204,2482,10470,11869,12370,12373,14478,15177,16458,19226
1	710	22205	1981,8838,7430,9049,18386,18862,19206,23849,12385,6412,6571,22182,23755,20151,24097,18732,18973,19660,13204,2482,10470,11869,12370,12373,14478,15177,16458,19226,22093
1	710	23978	1981,8838,7430,9049,18386,18862,19206,23849,12385,6412,6571,22182,23755,20151,24097,18732,18973,19660,13204,2482,10470,11869,12370,12373,14478,15177,16458,19226,22093,22205
1	710	27104	1981,8838,7430,9049,18386,18862,19206,23849,12385,6412,6571,22182,23755,20151,24097,18732,18973,19660,13204,2482,10470,11869,12370,12373,14478,15177,16458,19226,22093,22205,23978
1	710	8075	1981,8838,7430,9049,18386,18862,19206,23849,12385,6412,6571,22182,23755,20151,24097,18732,18973,19660,13204,2482,10470,11869,12370,12373,14478,15177,16458,19226,22093,22205,23978,27104
1	710	19295	1981,8838,7430,9049,18386,18862,19206,23849,12385,6412,6571,22182,23755,20151,24097,18732,18973,19660,13204,2482,10470,11869,12370,12373,14478,15177,16458,19226,22093,22205,23978,27104,8075
0	710	4297	1981,8838,7430,9049,18386,18862,19206,23849,12385,6412,6571,22182,23755,20151,24097,18732,18973,19660,13204,2482,10470,11869,12370,12373,14478,15177,16458,19226,22093,22205,23978,27104,8075,19295
1	710	5584	1981,8838,7430,9049,18386,18862,19206,23849,12385,6412,6571,22182,23755,20151,24097,18732,18973,19660,13204,2482,10470,11869,12370,12373,14478,15177,16458,19226,22093,22205,23978,27104,8075,19295
1	710	8123	1981,8838,7430,9049,18386,18862,19206,23849,12385,6412,6571,22182,23755,20151,24097,18732,18973,19660,13204,2482,10470,11869,12370,12373,14478,15177,16458,19226,22093,22205,23978,27104,8075,19295,5584
