0	625	1060	0
0	625	16103	0
0	625	16784	0
1	625	11935	0
1	625	18593	11935
1	625	8672	11935,18593
1	625	18271	11935,18593,8672
0	625	24955	11935,18593,8672,18271
1	625	17499	11935,18593,8672,18271
0	625	990	11935,18593,8672,18271,17499
1	625	59	11935,18593,8672,18271,17499
0	625	1622	11935,18593,8672,18271,17499,59
1	625	5161	11935,18593,8672,18271,17499,59
0	625	7787	11935,18593,8672,18271,17499,59,5161
0	625	6279	11935,18593,8672,18271,17499,59,5161
0	625	19	11935,18593,8672,18271,17499,59,5161
0	625	4741	11935,18593,8672,18271,17499,59,5161
0	625	7071	11935,18593,8672,18271,17499,59,5161
0	625	10387	11935,18593,8672,18271,17499,59,5161
0	625	10272	11935,18593,8672,18271,17499,59,5161
0	625	13383	11935,18593,8672,18271,17499,59,5161
0	625	13620	11935,18593,8672,18271,17499,59,5161
0	625	14453	11935,18593,8672,18271,17499,59,5161
0	625	13962	11935,18593,8672,18271,17499,59,5161
0	625	14495	11935,18593,8672,18271,17499,59,5161
0	625	14433	11935,18593,8672,18271,17499,59,5161
0	625	16340	11935,18593,8672,18271,17499,59,5161
0	625	15226	11935,18593,8672,18271,17499,59,5161
0	625	18675	11935,18593,8672,18271,17499,59,5161
0	625	18450	11935,18593,8672,18271,17499,59,5161
0	625	19238	11935,18593,8672,18271,17499,59,5161
0	625	17606	11935,18593,8672,18271,17499,59,5161
0	625	19561	11935,18593,8672,18271,17499,59,5161
0	625	21957	11935,18593,8672,18271,17499,59,5161
0	625	21363	11935,18593,8672,18271,17499,59,5161
0	625	17132	11935,18593,8672,18271,17499,59,5161
0	625	17677	11935,18593,8672,18271,17499,59,5161
0	625	17672	11935,18593,8672,18271,17499,59,5161
0	625	18392	11935,18593,8672,18271,17499,59,5161
0	625	774	11935,18593,8672,18271,17499,59,5161
1	625	22395	11935,18593,8672,18271,17499,59,5161
0	625	19333	11935,18593,8672,18271,17499,59,5161,22395
0	625	24181	11935,18593,8672,18271,17499,59,5161,22395
0	625	19471	11935,18593,8672,18271,17499,59,5161,22395
0	625	25802	11935,18593,8672,18271,17499,59,5161,22395
0	625	25704	11935,18593,8672,18271,17499,59,5161,22395
0	625	23453	11935,18593,8672,18271,17499,59,5161,22395
0	625	26867	11935,18593,8672,18271,17499,59,5161,22395
0	625	26915	11935,18593,8672,18271,17499,59,5161,22395
1	625	21728	11935,18593,8672,18271,17499,59,5161,22395
0	625	27435	11935,18593,8672,18271,17499,59,5161,22395,21728
0	625	26181	11935,18593,8672,18271,17499,59,5161,22395,21728
0	625	27393	11935,18593,8672,18271,17499,59,5161,22395,21728
0	625	28066	11935,18593,8672,18271,17499,59,5161,22395,21728
0	625	22324	11935,18593,8672,18271,17499,59,5161,22395,21728
0	625	26705	11935,18593,8672,18271,17499,59,5161,22395,21728
0	625	27390	11935,18593,8672,18271,17499,59,5161,22395,21728
0	625	29575	11935,18593,8672,18271,17499,59,5161,22395,21728
0	625	18667	11935,18593,8672,18271,17499,59,5161,22395,21728
