1	508	29849	0
1	508	78	29849
1	508	2148	29849,78
0	508	1477	29849,78,2148
0	508	29151	29849,78,2148
0	508	5092	29849,78,2148
0	508	7979	29849,78,2148
0	508	31834	29849,78,2148
0	508	3717	29849,78,2148
1	508	14892	29849,78,2148
1	508	32574	29849,78,2148,14892
0	508	6218	29849,78,2148,14892,32574
1	508	7490	29849,78,2148,14892,32574
1	508	13065	29849,78,2148,14892,32574,7490
1	508	4436	29849,78,2148,14892,32574,7490,13065
0	508	12656	29849,78,2148,14892,32574,7490,13065,4436
0	508	17399	29849,78,2148,14892,32574,7490,13065,4436
1	508	13312	29849,78,2148,14892,32574,7490,13065,4436
1	508	19185	29849,78,2148,14892,32574,7490,13065,4436,13312
0	508	14443	29849,78,2148,14892,32574,7490,13065,4436,13312,19185
0	508	12578	29849,78,2148,14892,32574,7490,13065,4436,13312,19185
0	508	13380	29849,78,2148,14892,32574,7490,13065,4436,13312,19185
0	508	23613	29849,78,2148,14892,32574,7490,13065,4436,13312,19185
1	508	33030	29849,78,2148,14892,32574,7490,13065,4436,13312,19185
0	508	4319	29849,78,2148,14892,32574,7490,13065,4436,13312,19185,33030
0	508	4780	29849,78,2148,14892,32574,7490,13065,4436,13312,19185,33030
0	508	7664	29849,78,2148,14892,32574,7490,13065,4436,13312,19185,33030
0	508	13535	29849,78,2148,14892,32574,7490,13065,4436,13312,19185,33030
1	508	18329	29849,78,2148,14892,32574,7490,13065,4436,13312,19185,33030
0	508	21867	29849,78,2148,14892,32574,7490,13065,4436,13312,19185,33030,18329
0	508	25038	29849,78,2148,14892,32574,7490,13065,4436,13312,19185,33030,18329
0	508	134	29849,78,2148,14892,32574,7490,13065,4436,13312,19185,33030,18329
1	508	8289	29849,78,2148,14892,32574,7490,13065,4436,13312,19185,33030,18329
0	508	11138	29849,78,2148,14892,32574,7490,13065,4436,13312,19185,33030,18329,8289
0	508	14077	29849,78,2148,14892,32574,7490,13065,4436,13312,19185,33030,18329,8289
0	508	19139	29849,78,2148,14892,32574,7490,13065,4436,13312,19185,33030,18329,8289
0	508	24598	29849,78,2148,14892,32574,7490,13065,4436,13312,19185,33030,18329,8289
1	508	31057	29849,78,2148,14892,32574,7490,13065,4436,13312,19185,33030,18329,8289
1	508	6564	29849,78,2148,14892,32574,7490,13065,4436,13312,19185,33030,18329,8289,31057
0	508	7080	29849,78,2148,14892,32574,7490,13065,4436,13312,19185,33030,18329,8289,31057,6564
1	508	11869	29849,78,2148,14892,32574,7490,13065,4436,13312,19185,33030,18329,8289,31057,6564
1	508	3203	29849,78,2148,14892,32574,7490,13065,4436,13312,19185,33030,18329,8289,31057,6564,11869
0	508	7579	29849,78,2148,14892,32574,7490,13065,4436,13312,19185,33030,18329,8289,31057,6564,11869,3203
0	508	28077	29849,78,2148,14892,32574,7490,13065,4436,13312,19185,33030,18329,8289,31057,6564,11869,3203
1	508	13658	29849,78,2148,14892,32574,7490,13065,4436,13312,19185,33030,18329,8289,31057,6564,11869,3203
