1	165	31155	0
0	165	11829	31155
1	165	28910	31155
1	165	29514	31155,28910
1	165	4913	31155,28910,29514
1	165	17404	31155,28910,29514,4913
1	165	1437	31155,28910,29514,4913,17404
0	165	7329	31155,28910,29514,4913,17404,1437
1	165	31372	31155,28910,29514,4913,17404,1437
1	165	3164	31155,28910,29514,4913,17404,1437,31372
1	165	29523	31155,28910,29514,4913,17404,1437,31372,3164
0	165	32376	31155,28910,29514,4913,17404,1437,31372,3164,29523
1	165	4895	31155,28910,29514,4913,17404,1437,31372,3164,29523
0	165	32959	31155,28910,29514,4913,17404,1437,31372,3164,29523,4895
1	165	25718	31155,28910,29514,4913,17404,1437,31372,3164,29523,4895
1	165	32011	31155,28910,29514,4913,17404,1437,31372,3164,29523,4895,25718
1	165	27825	31155,28910,29514,4913,17404,1437,31372,3164,29523,4895,25718,32011
0	165	32134	31155,28910,29514,4913,17404,1437,31372,3164,29523,4895,25718,32011,27825
0	165	32276	31155,28910,29514,4913,17404,1437,31372,3164,29523,4895,25718,32011,27825
0	165	14482	31155,28910,29514,4913,17404,1437,31372,3164,29523,4895,25718,32011,27825
0	165	19262	31155,28910,29514,4913,17404,1437,31372,3164,29523,4895,25718,32011,27825
0	165	3429	31155,28910,29514,4913,17404,1437,31372,3164,29523,4895,25718,32011,27825
0	165	3433	31155,28910,29514,4913,17404,1437,31372,3164,29523,4895,25718,32011,27825
0	165	31749	31155,28910,29514,4913,17404,1437,31372,3164,29523,4895,25718,32011,27825
0	165	5041	31155,28910,29514,4913,17404,1437,31372,3164,29523,4895,25718,32011,27825
0	165	2312	31155,28910,29514,4913,17404,1437,31372,3164,29523,4895,25718,32011,27825
1	165	5131	31155,28910,29514,4913,17404,1437,31372,3164,29523,4895,25718,32011,27825
0	165	30870	31155,28910,29514,4913,17404,1437,31372,3164,29523,4895,25718,32011,27825,5131
1	165	31490	31155,28910,29514,4913,17404,1437,31372,3164,29523,4895,25718,32011,27825,5131
0	165	2346	31155,28910,29514,4913,17404,1437,31372,3164,29523,4895,25718,32011,27825,5131,31490
0	165	2666	31155,28910,29514,4913,17404,1437,31372,3164,29523,4895,25718,32011,27825,5131,31490
1	165	32729	31155,28910,29514,4913,17404,1437,31372,3164,29523,4895,25718,32011,27825,5131,31490
0	165	3898	31155,28910,29514,4913,17404,1437,31372,3164,29523,4895,25718,32011,27825,5131,31490,32729
1	165	31920	31155,28910,29514,4913,17404,1437,31372,3164,29523,4895,25718,32011,27825,5131,31490,32729
1	165	1600	31155,28910,29514,4913,17404,1437,31372,3164,29523,4895,25718,32011,27825,5131,31490,32729,31920
1	165	4314	31155,28910,29514,4913,17404,1437,31372,3164,29523,4895,25718,32011,27825,5131,31490,32729,31920,1600
1	165	2222	31155,28910,29514,4913,17404,1437,31372,3164,29523,4895,25718,32011,27825,5131,31490,32729,31920,1600,4314
0	165	171	31155,28910,29514,4913,17404,1437,31372,3164,29523,4895,25718,32011,27825,5131,31490,32729,31920,1600,4314,2222
1	165	28509	31155,28910,29514,4913,17404,1437,31372,3164,29523,4895,25718,32011,27825,5131,31490,32729,31920,1600,4314,2222
1	165	6733	31155,28910,29514,4913,17404,1437,31372,3164,29523,4895,25718,32011,27825,5131,31490,32729,31920,1600,4314,2222,28509
1	165	31593	31155,28910,29514,4913,17404,1437,31372,3164,29523,4895,25718,32011,27825,5131,31490,32729,31920,1600,4314,2222,28509,6733
0	165	4479	31155,28910,29514,4913,17404,1437,31372,3164,29523,4895,25718,32011,27825,5131,31490,32729,31920,1600,4314,2222,28509,6733,31593
1	165	5720	31155,28910,29514,4913,17404,1437,31372,3164,29523,4895,25718,32011,27825,5131,31490,32729,31920,1600,4314,2222,28509,6733,31593
0	165	32430	31155,28910,29514,4913,17404,1437,31372,3164,29523,4895,25718,32011,27825,5131,31490,32729,31920,1600,4314,2222,28509,6733,31593,5720
0	165	31298	31155,28910,29514,4913,17404,1437,31372,3164,29523,4895,25718,32011,27825,5131,31490,32729,31920,1600,4314,2222,28509,6733,31593,5720
0	165	5649	31155,28910,29514,4913,17404,1437,31372,3164,29523,4895,25718,32011,27825,5131,31490,32729,31920,1600,4314,2222,28509,6733,31593,5720
1	165	470	31155,28910,29514,4913,17404,1437,31372,3164,29523,4895,25718,32011,27825,5131,31490,32729,31920,1600,4314,2222,28509,6733,31593,5720
1	165	5569	31155,28910,29514,4913,17404,1437,31372,3164,29523,4895,25718,32011,27825,5131,31490,32729,31920,1600,4314,2222,28509,6733,31593,5720,470
1	165	1791	31155,28910,29514,4913,17404,1437,31372,3164,29523,4895,25718,32011,27825,5131,31490,32729,31920,1600,4314,2222,28509,6733,31593,5720,470,5569
1	165	7969	31155,28910,29514,4913,17404,1437,31372,3164,29523,4895,25718,32011,27825,5131,31490,32729,31920,1600,4314,2222,28509,6733,31593,5720,470,5569,1791
0	165	1760	31155,28910,29514,4913,17404,1437,31372,3164,29523,4895,25718,32011,27825,5131,31490,32729,31920,1600,4314,2222,28509,6733,31593,5720,470,5569,1791,7969
1	165	18468	31155,28910,29514,4913,17404,1437,31372,3164,29523,4895,25718,32011,27825,5131,31490,32729,31920,1600,4314,2222,28509,6733,31593,5720,470,5569,1791,7969
0	165	32842	31155,28910,29514,4913,17404,1437,31372,3164,29523,4895,25718,32011,27825,5131,31490,32729,31920,1600,4314,2222,28509,6733,31593,5720,470,5569,1791,7969,18468
1	165	10811	31155,28910,29514,4913,17404,1437,31372,3164,29523,4895,25718,32011,27825,5131,31490,32729,31920,1600,4314,2222,28509,6733,31593,5720,470,5569,1791,7969,18468
1	165	8032	31155,28910,29514,4913,17404,1437,31372,3164,29523,4895,25718,32011,27825,5131,31490,32729,31920,1600,4314,2222,28509,6733,31593,5720,470,5569,1791,7969,18468,10811
1	165	323	31155,28910,29514,4913,17404,1437,31372,3164,29523,4895,25718,32011,27825,5131,31490,32729,31920,1600,4314,2222,28509,6733,31593,5720,470,5569,1791,7969,18468,10811,8032
