0	1363	24083	0
0	1363	14822	0
0	1363	19725	0
0	1363	31742	0
1	1363	31704	0
0	1363	1269	31704
1	1363	31122	31704
1	1363	1149	31704,31122
1	1363	1406	31704,31122,1149
1	1363	363	31704,31122,1149,1406
1	1363	3619	31704,31122,1149,1406,363
0	1363	5203	31704,31122,1149,1406,363,3619
1	1363	4773	31704,31122,1149,1406,363,3619
1	1363	1328	31704,31122,1149,1406,363,3619,4773
1	1363	9303	31704,31122,1149,1406,363,3619,4773,1328
0	1363	8724	31704,31122,1149,1406,363,3619,4773,1328,9303
1	1363	12040	31704,31122,1149,1406,363,3619,4773,1328,9303
0	1363	11237	31704,31122,1149,1406,363,3619,4773,1328,9303,12040
0	1363	12111	31704,31122,1149,1406,363,3619,4773,1328,9303,12040
0	1363	1831	31704,31122,1149,1406,363,3619,4773,1328,9303,12040
1	1363	4924	31704,31122,1149,1406,363,3619,4773,1328,9303,12040
0	1363	9802	31704,31122,1149,1406,363,3619,4773,1328,9303,12040,4924
1	1363	15228	31704,31122,1149,1406,363,3619,4773,1328,9303,12040,4924
0	1363	2379	31704,31122,1149,1406,363,3619,4773,1328,9303,12040,4924,15228
0	1363	12469	31704,31122,1149,1406,363,3619,4773,1328,9303,12040,4924,15228
0	1363	17168	31704,31122,1149,1406,363,3619,4773,1328,9303,12040,4924,15228
0	1363	17152	31704,31122,1149,1406,363,3619,4773,1328,9303,12040,4924,15228
1	1363	15218	31704,31122,1149,1406,363,3619,4773,1328,9303,12040,4924,15228
1	1363	18434	31704,31122,1149,1406,363,3619,4773,1328,9303,12040,4924,15228,15218
0	1363	18680	31704,31122,1149,1406,363,3619,4773,1328,9303,12040,4924,15228,15218,18434
0	1363	19029	31704,31122,1149,1406,363,3619,4773,1328,9303,12040,4924,15228,15218,18434
0	1363	5456	31704,31122,1149,1406,363,3619,4773,1328,9303,12040,4924,15228,15218,18434
1	1363	18936	31704,31122,1149,1406,363,3619,4773,1328,9303,12040,4924,15228,15218,18434
0	1363	11794	31704,31122,1149,1406,363,3619,4773,1328,9303,12040,4924,15228,15218,18434,18936
1	1363	17273	31704,31122,1149,1406,363,3619,4773,1328,9303,12040,4924,15228,15218,18434,18936
0	1363	11959	31704,31122,1149,1406,363,3619,4773,1328,9303,12040,4924,15228,15218,18434,18936,17273
1	1363	20624	31704,31122,1149,1406,363,3619,4773,1328,9303,12040,4924,15228,15218,18434,18936,17273
1	1363	11652	31704,31122,1149,1406,363,3619,4773,1328,9303,12040,4924,15228,15218,18434,18936,17273,20624
1	1363	7480	31704,31122,1149,1406,363,3619,4773,1328,9303,12040,4924,15228,15218,18434,18936,17273,20624,11652
0	1363	20061	31704,31122,1149,1406,363,3619,4773,1328,9303,12040,4924,15228,15218,18434,18936,17273,20624,11652,7480
1	1363	27059	31704,31122,1149,1406,363,3619,4773,1328,9303,12040,4924,15228,15218,18434,18936,17273,20624,11652,7480
0	1363	3328	31704,31122,1149,1406,363,3619,4773,1328,9303,12040,4924,15228,15218,18434,18936,17273,20624,11652,7480,27059
0	1363	22273	31704,31122,1149,1406,363,3619,4773,1328,9303,12040,4924,15228,15218,18434,18936,17273,20624,11652,7480,27059
0	1363	19889	31704,31122,1149,1406,363,3619,4773,1328,9303,12040,4924,15228,15218,18434,18936,17273,20624,11652,7480,27059
1	1363	23276	31704,31122,1149,1406,363,3619,4773,1328,9303,12040,4924,15228,15218,18434,18936,17273,20624,11652,7480,27059
1	1363	23055	31704,31122,1149,1406,363,3619,4773,1328,9303,12040,4924,15228,15218,18434,18936,17273,20624,11652,7480,27059,23276
1	1363	20959	31704,31122,1149,1406,363,3619,4773,1328,9303,12040,4924,15228,15218,18434,18936,17273,20624,11652,7480,27059,23276,23055
1	1363	9401	31704,31122,1149,1406,363,3619,4773,1328,9303,12040,4924,15228,15218,18434,18936,17273,20624,11652,7480,27059,23276,23055,20959
1	1363	12707	31704,31122,1149,1406,363,3619,4773,1328,9303,12040,4924,15228,15218,18434,18936,17273,20624,11652,7480,27059,23276,23055,20959,9401
1	1363	24246	31704,31122,1149,1406,363,3619,4773,1328,9303,12040,4924,15228,15218,18434,18936,17273,20624,11652,7480,27059,23276,23055,20959,9401,12707
0	1363	1009	31704,31122,1149,1406,363,3619,4773,1328,9303,12040,4924,15228,15218,18434,18936,17273,20624,11652,7480,27059,23276,23055,20959,9401,12707,24246
1	1363	18495	31704,31122,1149,1406,363,3619,4773,1328,9303,12040,4924,15228,15218,18434,18936,17273,20624,11652,7480,27059,23276,23055,20959,9401,12707,24246
0	1363	23297	31704,31122,1149,1406,363,3619,4773,1328,9303,12040,4924,15228,15218,18434,18936,17273,20624,11652,7480,27059,23276,23055,20959,9401,12707,24246,18495
0	1363	10019	31704,31122,1149,1406,363,3619,4773,1328,9303,12040,4924,15228,15218,18434,18936,17273,20624,11652,7480,27059,23276,23055,20959,9401,12707,24246,18495
1	1363	23718	31704,31122,1149,1406,363,3619,4773,1328,9303,12040,4924,15228,15218,18434,18936,17273,20624,11652,7480,27059,23276,23055,20959,9401,12707,24246,18495
0	1363	12077	31704,31122,1149,1406,363,3619,4773,1328,9303,12040,4924,15228,15218,18434,18936,17273,20624,11652,7480,27059,23276,23055,20959,9401,12707,24246,18495,23718
1	1363	32434	31704,31122,1149,1406,363,3619,4773,1328,9303,12040,4924,15228,15218,18434,18936,17273,20624,11652,7480,27059,23276,23055,20959,9401,12707,24246,18495,23718
1	1363	21870	31704,31122,1149,1406,363,3619,4773,1328,9303,12040,4924,15228,15218,18434,18936,17273,20624,11652,7480,27059,23276,23055,20959,9401,12707,24246,18495,23718,32434
1	1363	15160	31704,31122,1149,1406,363,3619,4773,1328,9303,12040,4924,15228,15218,18434,18936,17273,20624,11652,7480,27059,23276,23055,20959,9401,12707,24246,18495,23718,32434,21870
0	1363	21949	31704,31122,1149,1406,363,3619,4773,1328,9303,12040,4924,15228,15218,18434,18936,17273,20624,11652,7480,27059,23276,23055,20959,9401,12707,24246,18495,23718,32434,21870,15160
1	1363	23394	31704,31122,1149,1406,363,3619,4773,1328,9303,12040,4924,15228,15218,18434,18936,17273,20624,11652,7480,27059,23276,23055,20959,9401,12707,24246,18495,23718,32434,21870,15160
1	1363	23760	31704,31122,1149,1406,363,3619,4773,1328,9303,12040,4924,15228,15218,18434,18936,17273,20624,11652,7480,27059,23276,23055,20959,9401,12707,24246,18495,23718,32434,21870,15160,23394
1	1363	23768	31704,31122,1149,1406,363,3619,4773,1328,9303,12040,4924,15228,15218,18434,18936,17273,20624,11652,7480,27059,23276,23055,20959,9401,12707,24246,18495,23718,32434,21870,15160,23394,23760
1	1363	23389	31704,31122,1149,1406,363,3619,4773,1328,9303,12040,4924,15228,15218,18434,18936,17273,20624,11652,7480,27059,23276,23055,20959,9401,12707,24246,18495,23718,32434,21870,15160,23394,23760,23768
1	1363	1198	31704,31122,1149,1406,363,3619,4773,1328,9303,12040,4924,15228,15218,18434,18936,17273,20624,11652,7480,27059,23276,23055,20959,9401,12707,24246,18495,23718,32434,21870,15160,23394,23760,23768,23389
1	1363	17919	31704,31122,1149,1406,363,3619,4773,1328,9303,12040,4924,15228,15218,18434,18936,17273,20624,11652,7480,27059,23276,23055,20959,9401,12707,24246,18495,23718,32434,21870,15160,23394,23760,23768,23389,1198
1	1363	27797	31704,31122,1149,1406,363,3619,4773,1328,9303,12040,4924,15228,15218,18434,18936,17273,20624,11652,7480,27059,23276,23055,20959,9401,12707,24246,18495,23718,32434,21870,15160,23394,23760,23768,23389,1198,17919
1	1363	28161	31704,31122,1149,1406,363,3619,4773,1328,9303,12040,4924,15228,15218,18434,18936,17273,20624,11652,7480,27059,23276,23055,20959,9401,12707,24246,18495,23718,32434,21870,15160,23394,23760,23768,23389,1198,17919,27797
1	1363	28728	31704,31122,1149,1406,363,3619,4773,1328,9303,12040,4924,15228,15218,18434,18936,17273,20624,11652,7480,27059,23276,23055,20959,9401,12707,24246,18495,23718,32434,21870,15160,23394,23760,23768,23389,1198,17919,27797,28161
1	1363	25486	31704,31122,1149,1406,363,3619,4773,1328,9303,12040,4924,15228,15218,18434,18936,17273,20624,11652,7480,27059,23276,23055,20959,9401,12707,24246,18495,23718,32434,21870,15160,23394,23760,23768,23389,1198,17919,27797,28161,28728
0	1363	27679	31704,31122,1149,1406,363,3619,4773,1328,9303,12040,4924,15228,15218,18434,18936,17273,20624,11652,7480,27059,23276,23055,20959,9401,12707,24246,18495,23718,32434,21870,15160,23394,23760,23768,23389,1198,17919,27797,28161,28728,25486
1	1363	29308	31704,31122,1149,1406,363,3619,4773,1328,9303,12040,4924,15228,15218,18434,18936,17273,20624,11652,7480,27059,23276,23055,20959,9401,12707,24246,18495,23718,32434,21870,15160,23394,23760,23768,23389,1198,17919,27797,28161,28728,25486
1	1363	29310	31704,31122,1149,1406,363,3619,4773,1328,9303,12040,4924,15228,15218,18434,18936,17273,20624,11652,7480,27059,23276,23055,20959,9401,12707,24246,18495,23718,32434,21870,15160,23394,23760,23768,23389,1198,17919,27797,28161,28728,25486,29308
1	1363	29311	31704,31122,1149,1406,363,3619,4773,1328,9303,12040,4924,15228,15218,18434,18936,17273,20624,11652,7480,27059,23276,23055,20959,9401,12707,24246,18495,23718,32434,21870,15160,23394,23760,23768,23389,1198,17919,27797,28161,28728,25486,29308,29310
