1	1597	31980	0
0	1597	12671	31980
0	1597	9066	31980
1	1597	31067	31980
0	1597	13217	31980,31067
0	1597	20613	31980,31067
0	1597	18658	31980,31067
1	1597	14618	31980,31067
0	1597	23448	31980,31067,14618
1	1597	5597	31980,31067,14618
0	1597	31744	31980,31067,14618,5597
1	1597	22843	31980,31067,14618,5597
1	1597	20314	31980,31067,14618,5597,22843
1	1597	30835	31980,31067,14618,5597,22843,20314
1	1597	13353	31980,31067,14618,5597,22843,20314,30835
0	1597	15005	31980,31067,14618,5597,22843,20314,30835,13353
1	1597	11987	31980,31067,14618,5597,22843,20314,30835,13353
0	1597	8621	31980,31067,14618,5597,22843,20314,30835,13353,11987
0	1597	21706	31980,31067,14618,5597,22843,20314,30835,13353,11987
0	1597	14323	31980,31067,14618,5597,22843,20314,30835,13353,11987
0	1597	22322	31980,31067,14618,5597,22843,20314,30835,13353,11987
1	1597	22321	31980,31067,14618,5597,22843,20314,30835,13353,11987
1	1597	15436	31980,31067,14618,5597,22843,20314,30835,13353,11987,22321
1	1597	27972	31980,31067,14618,5597,22843,20314,30835,13353,11987,22321,15436
1	1597	24282	31980,31067,14618,5597,22843,20314,30835,13353,11987,22321,15436,27972
1	1597	18824	31980,31067,14618,5597,22843,20314,30835,13353,11987,22321,15436,27972,24282
1	1597	22241	31980,31067,14618,5597,22843,20314,30835,13353,11987,22321,15436,27972,24282,18824
1	1597	20404	31980,31067,14618,5597,22843,20314,30835,13353,11987,22321,15436,27972,24282,18824,22241
1	1597	19690	31980,31067,14618,5597,22843,20314,30835,13353,11987,22321,15436,27972,24282,18824,22241,20404
1	1597	23397	31980,31067,14618,5597,22843,20314,30835,13353,11987,22321,15436,27972,24282,18824,22241,20404,19690
0	1597	23305	31980,31067,14618,5597,22843,20314,30835,13353,11987,22321,15436,27972,24282,18824,22241,20404,19690,23397
0	1597	9394	31980,31067,14618,5597,22843,20314,30835,13353,11987,22321,15436,27972,24282,18824,22241,20404,19690,23397
0	1597	9021	31980,31067,14618,5597,22843,20314,30835,13353,11987,22321,15436,27972,24282,18824,22241,20404,19690,23397
0	1597	14151	31980,31067,14618,5597,22843,20314,30835,13353,11987,22321,15436,27972,24282,18824,22241,20404,19690,23397
0	1597	20346	31980,31067,14618,5597,22843,20314,30835,13353,11987,22321,15436,27972,24282,18824,22241,20404,19690,23397
0	1597	12427	31980,31067,14618,5597,22843,20314,30835,13353,11987,22321,15436,27972,24282,18824,22241,20404,19690,23397
1	1597	19721	31980,31067,14618,5597,22843,20314,30835,13353,11987,22321,15436,27972,24282,18824,22241,20404,19690,23397
0	1597	26865	31980,31067,14618,5597,22843,20314,30835,13353,11987,22321,15436,27972,24282,18824,22241,20404,19690,23397,19721
0	1597	31196	31980,31067,14618,5597,22843,20314,30835,13353,11987,22321,15436,27972,24282,18824,22241,20404,19690,23397,19721
0	1597	10474	31980,31067,14618,5597,22843,20314,30835,13353,11987,22321,15436,27972,24282,18824,22241,20404,19690,23397,19721
0	1597	17847	31980,31067,14618,5597,22843,20314,30835,13353,11987,22321,15436,27972,24282,18824,22241,20404,19690,23397,19721
0	1597	477	31980,31067,14618,5597,22843,20314,30835,13353,11987,22321,15436,27972,24282,18824,22241,20404,19690,23397,19721
