1	833	24893	0
0	833	238	24893
0	833	765	24893
0	833	31067	24893
1	833	23202	24893
0	833	3903	24893,23202
0	833	3117	24893,23202
1	833	4265	24893,23202
0	833	6089	24893,23202,4265
1	833	7104	24893,23202,4265
0	833	7414	24893,23202,4265,7104
0	833	29	24893,23202,4265,7104
0	833	6786	24893,23202,4265,7104
0	833	8979	24893,23202,4265,7104
0	833	5116	24893,23202,4265,7104
0	833	306	24893,23202,4265,7104
0	833	6915	24893,23202,4265,7104
1	833	11421	24893,23202,4265,7104
1	833	6064	24893,23202,4265,7104,11421
0	833	10313	24893,23202,4265,7104,11421,6064
0	833	14348	24893,23202,4265,7104,11421,6064
0	833	9616	24893,23202,4265,7104,11421,6064
0	833	14671	24893,23202,4265,7104,11421,6064
1	833	7429	24893,23202,4265,7104,11421,6064
0	833	3892	24893,23202,4265,7104,11421,6064,7429
0	833	13255	24893,23202,4265,7104,11421,6064,7429
0	833	13038	24893,23202,4265,7104,11421,6064,7429
0	833	15226	24893,23202,4265,7104,11421,6064,7429
0	833	10273	24893,23202,4265,7104,11421,6064,7429
0	833	13763	24893,23202,4265,7104,11421,6064,7429
0	833	10660	24893,23202,4265,7104,11421,6064,7429
0	833	21268	24893,23202,4265,7104,11421,6064,7429
0	833	4119	24893,23202,4265,7104,11421,6064,7429
1	833	27113	24893,23202,4265,7104,11421,6064,7429
0	833	25250	24893,23202,4265,7104,11421,6064,7429,27113
0	833	25578	24893,23202,4265,7104,11421,6064,7429,27113
