1	729	5281	0
0	729	3934	5281
1	729	5313	5281
0	729	20677	5281,5313
0	729	31667	5281,5313
0	729	23594	5281,5313
0	729	8727	5281,5313
1	729	7666	5281,5313
0	729	5579	5281,5313,7666
1	729	892	5281,5313,7666
1	729	11496	5281,5313,7666,892
1	729	25470	5281,5313,7666,892,11496
1	729	14894	5281,5313,7666,892,11496,25470
0	729	18247	5281,5313,7666,892,11496,25470,14894
1	729	341	5281,5313,7666,892,11496,25470,14894
0	729	2641	5281,5313,7666,892,11496,25470,14894,341
1	729	17645	5281,5313,7666,892,11496,25470,14894,341
0	729	22019	5281,5313,7666,892,11496,25470,14894,341,17645
1	729	6573	5281,5313,7666,892,11496,25470,14894,341,17645
1	729	7679	5281,5313,7666,892,11496,25470,14894,341,17645,6573
1	729	15910	5281,5313,7666,892,11496,25470,14894,341,17645,6573,7679
1	729	20534	5281,5313,7666,892,11496,25470,14894,341,17645,6573,7679,15910
0	729	21678	5281,5313,7666,892,11496,25470,14894,341,17645,6573,7679,15910,20534
1	729	31142	5281,5313,7666,892,11496,25470,14894,341,17645,6573,7679,15910,20534
1	729	31551	5281,5313,7666,892,11496,25470,14894,341,17645,6573,7679,15910,20534,31142
1	729	21627	5281,5313,7666,892,11496,25470,14894,341,17645,6573,7679,15910,20534,31142,31551
1	729	19648	5281,5313,7666,892,11496,25470,14894,341,17645,6573,7679,15910,20534,31142,31551,21627
0	729	25532	5281,5313,7666,892,11496,25470,14894,341,17645,6573,7679,15910,20534,31142,31551,21627,19648
0	729	25313	5281,5313,7666,892,11496,25470,14894,341,17645,6573,7679,15910,20534,31142,31551,21627,19648
1	729	11690	5281,5313,7666,892,11496,25470,14894,341,17645,6573,7679,15910,20534,31142,31551,21627,19648
0	729	4971	5281,5313,7666,892,11496,25470,14894,341,17645,6573,7679,15910,20534,31142,31551,21627,19648,11690
1	729	851	5281,5313,7666,892,11496,25470,14894,341,17645,6573,7679,15910,20534,31142,31551,21627,19648,11690
0	729	19878	5281,5313,7666,892,11496,25470,14894,341,17645,6573,7679,15910,20534,31142,31551,21627,19648,11690,851
0	729	15458	5281,5313,7666,892,11496,25470,14894,341,17645,6573,7679,15910,20534,31142,31551,21627,19648,11690,851
1	729	1981	5281,5313,7666,892,11496,25470,14894,341,17645,6573,7679,15910,20534,31142,31551,21627,19648,11690,851
1	729	32654	5281,5313,7666,892,11496,25470,14894,341,17645,6573,7679,15910,20534,31142,31551,21627,19648,11690,851,1981
1	729	6091	5281,5313,7666,892,11496,25470,14894,341,17645,6573,7679,15910,20534,31142,31551,21627,19648,11690,851,1981,32654
1	729	11558	5281,5313,7666,892,11496,25470,14894,341,17645,6573,7679,15910,20534,31142,31551,21627,19648,11690,851,1981,32654,6091
1	729	11987	5281,5313,7666,892,11496,25470,14894,341,17645,6573,7679,15910,20534,31142,31551,21627,19648,11690,851,1981,32654,6091,11558
1	729	12779	5281,5313,7666,892,11496,25470,14894,341,17645,6573,7679,15910,20534,31142,31551,21627,19648,11690,851,1981,32654,6091,11558,11987
1	729	5489	5281,5313,7666,892,11496,25470,14894,341,17645,6573,7679,15910,20534,31142,31551,21627,19648,11690,851,1981,32654,6091,11558,11987,12779
1	729	1523	5281,5313,7666,892,11496,25470,14894,341,17645,6573,7679,15910,20534,31142,31551,21627,19648,11690,851,1981,32654,6091,11558,11987,12779,5489
1	729	1517	5281,5313,7666,892,11496,25470,14894,341,17645,6573,7679,15910,20534,31142,31551,21627,19648,11690,851,1981,32654,6091,11558,11987,12779,5489,1523
1	729	24335	5281,5313,7666,892,11496,25470,14894,341,17645,6573,7679,15910,20534,31142,31551,21627,19648,11690,851,1981,32654,6091,11558,11987,12779,5489,1523,1517
1	729	12075	5281,5313,7666,892,11496,25470,14894,341,17645,6573,7679,15910,20534,31142,31551,21627,19648,11690,851,1981,32654,6091,11558,11987,12779,5489,1523,1517,24335
1	729	3347	5281,5313,7666,892,11496,25470,14894,341,17645,6573,7679,15910,20534,31142,31551,21627,19648,11690,851,1981,32654,6091,11558,11987,12779,5489,1523,1517,24335,12075
1	729	11393	5281,5313,7666,892,11496,25470,14894,341,17645,6573,7679,15910,20534,31142,31551,21627,19648,11690,851,1981,32654,6091,11558,11987,12779,5489,1523,1517,24335,12075,3347
1	729	8322	5281,5313,7666,892,11496,25470,14894,341,17645,6573,7679,15910,20534,31142,31551,21627,19648,11690,851,1981,32654,6091,11558,11987,12779,5489,1523,1517,24335,12075,3347,11393
1	729	11603	5281,5313,7666,892,11496,25470,14894,341,17645,6573,7679,15910,20534,31142,31551,21627,19648,11690,851,1981,32654,6091,11558,11987,12779,5489,1523,1517,24335,12075,3347,11393,8322
1	729	14078	5281,5313,7666,892,11496,25470,14894,341,17645,6573,7679,15910,20534,31142,31551,21627,19648,11690,851,1981,32654,6091,11558,11987,12779,5489,1523,1517,24335,12075,3347,11393,8322,11603
1	729	10035	5281,5313,7666,892,11496,25470,14894,341,17645,6573,7679,15910,20534,31142,31551,21627,19648,11690,851,1981,32654,6091,11558,11987,12779,5489,1523,1517,24335,12075,3347,11393,8322,11603,14078
1	729	15912	5281,5313,7666,892,11496,25470,14894,341,17645,6573,7679,15910,20534,31142,31551,21627,19648,11690,851,1981,32654,6091,11558,11987,12779,5489,1523,1517,24335,12075,3347,11393,8322,11603,14078,10035
1	729	19709	5281,5313,7666,892,11496,25470,14894,341,17645,6573,7679,15910,20534,31142,31551,21627,19648,11690,851,1981,32654,6091,11558,11987,12779,5489,1523,1517,24335,12075,3347,11393,8322,11603,14078,10035,15912
1	729	22679	5281,5313,7666,892,11496,25470,14894,341,17645,6573,7679,15910,20534,31142,31551,21627,19648,11690,851,1981,32654,6091,11558,11987,12779,5489,1523,1517,24335,12075,3347,11393,8322,11603,14078,10035,15912,19709
1	729	26082	5281,5313,7666,892,11496,25470,14894,341,17645,6573,7679,15910,20534,31142,31551,21627,19648,11690,851,1981,32654,6091,11558,11987,12779,5489,1523,1517,24335,12075,3347,11393,8322,11603,14078,10035,15912,19709,22679
1	729	20153	5281,5313,7666,892,11496,25470,14894,341,17645,6573,7679,15910,20534,31142,31551,21627,19648,11690,851,1981,32654,6091,11558,11987,12779,5489,1523,1517,24335,12075,3347,11393,8322,11603,14078,10035,15912,19709,22679,26082
1	729	20768	5281,5313,7666,892,11496,25470,14894,341,17645,6573,7679,15910,20534,31142,31551,21627,19648,11690,851,1981,32654,6091,11558,11987,12779,5489,1523,1517,24335,12075,3347,11393,8322,11603,14078,10035,15912,19709,22679,26082,20153
1	729	27621	5281,5313,7666,892,11496,25470,14894,341,17645,6573,7679,15910,20534,31142,31551,21627,19648,11690,851,1981,32654,6091,11558,11987,12779,5489,1523,1517,24335,12075,3347,11393,8322,11603,14078,10035,15912,19709,22679,26082,20153,20768
