1	344	24705	0
1	344	1689	24705
0	344	3005	24705,1689
1	344	20496	24705,1689
0	344	9871	24705,1689,20496
1	344	15702	24705,1689,20496
0	344	22250	24705,1689,20496,15702
1	344	10913	24705,1689,20496,15702
0	344	16967	24705,1689,20496,15702,10913
1	344	11525	24705,1689,20496,15702,10913
1	344	19389	24705,1689,20496,15702,10913,11525
0	344	9652	24705,1689,20496,15702,10913,11525,19389
0	344	6901	24705,1689,20496,15702,10913,11525,19389
1	344	31609	24705,1689,20496,15702,10913,11525,19389
1	344	13154	24705,1689,20496,15702,10913,11525,19389,31609
1	344	583	24705,1689,20496,15702,10913,11525,19389,31609,13154
1	344	12634	24705,1689,20496,15702,10913,11525,19389,31609,13154,583
0	344	15686	24705,1689,20496,15702,10913,11525,19389,31609,13154,583,12634
0	344	18489	24705,1689,20496,15702,10913,11525,19389,31609,13154,583,12634
1	344	19611	24705,1689,20496,15702,10913,11525,19389,31609,13154,583,12634
0	344	6804	24705,1689,20496,15702,10913,11525,19389,31609,13154,583,12634,19611
1	344	10091	24705,1689,20496,15702,10913,11525,19389,31609,13154,583,12634,19611
0	344	6860	24705,1689,20496,15702,10913,11525,19389,31609,13154,583,12634,19611,10091
0	344	14452	24705,1689,20496,15702,10913,11525,19389,31609,13154,583,12634,19611,10091
0	344	17158	24705,1689,20496,15702,10913,11525,19389,31609,13154,583,12634,19611,10091
0	344	19610	24705,1689,20496,15702,10913,11525,19389,31609,13154,583,12634,19611,10091
1	344	4317	24705,1689,20496,15702,10913,11525,19389,31609,13154,583,12634,19611,10091
1	344	906	24705,1689,20496,15702,10913,11525,19389,31609,13154,583,12634,19611,10091,4317
0	344	1215	24705,1689,20496,15702,10913,11525,19389,31609,13154,583,12634,19611,10091,4317,906
1	344	15813	24705,1689,20496,15702,10913,11525,19389,31609,13154,583,12634,19611,10091,4317,906
0	344	16115	24705,1689,20496,15702,10913,11525,19389,31609,13154,583,12634,19611,10091,4317,906,15813
1	344	19741	24705,1689,20496,15702,10913,11525,19389,31609,13154,583,12634,19611,10091,4317,906,15813
0	344	11878	24705,1689,20496,15702,10913,11525,19389,31609,13154,583,12634,19611,10091,4317,906,15813,19741
1	344	21410	24705,1689,20496,15702,10913,11525,19389,31609,13154,583,12634,19611,10091,4317,906,15813,19741
1	344	10012	24705,1689,20496,15702,10913,11525,19389,31609,13154,583,12634,19611,10091,4317,906,15813,19741,21410
1	344	18526	24705,1689,20496,15702,10913,11525,19389,31609,13154,583,12634,19611,10091,4317,906,15813,19741,21410,10012
0	344	22080	24705,1689,20496,15702,10913,11525,19389,31609,13154,583,12634,19611,10091,4317,906,15813,19741,21410,10012,18526
0	344	15646	24705,1689,20496,15702,10913,11525,19389,31609,13154,583,12634,19611,10091,4317,906,15813,19741,21410,10012,18526
1	344	18513	24705,1689,20496,15702,10913,11525,19389,31609,13154,583,12634,19611,10091,4317,906,15813,19741,21410,10012,18526
1	344	23794	24705,1689,20496,15702,10913,11525,19389,31609,13154,583,12634,19611,10091,4317,906,15813,19741,21410,10012,18526,18513
1	344	24415	24705,1689,20496,15702,10913,11525,19389,31609,13154,583,12634,19611,10091,4317,906,15813,19741,21410,10012,18526,18513,23794
1	344	16747	24705,1689,20496,15702,10913,11525,19389,31609,13154,583,12634,19611,10091,4317,906,15813,19741,21410,10012,18526,18513,23794,24415
1	344	18133	24705,1689,20496,15702,10913,11525,19389,31609,13154,583,12634,19611,10091,4317,906,15813,19741,21410,10012,18526,18513,23794,24415,16747
1	344	13682	24705,1689,20496,15702,10913,11525,19389,31609,13154,583,12634,19611,10091,4317,906,15813,19741,21410,10012,18526,18513,23794,24415,16747,18133
1	344	1571	24705,1689,20496,15702,10913,11525,19389,31609,13154,583,12634,19611,10091,4317,906,15813,19741,21410,10012,18526,18513,23794,24415,16747,18133,13682
1	344	11843	24705,1689,20496,15702,10913,11525,19389,31609,13154,583,12634,19611,10091,4317,906,15813,19741,21410,10012,18526,18513,23794,24415,16747,18133,13682,1571
1	344	11834	24705,1689,20496,15702,10913,11525,19389,31609,13154,583,12634,19611,10091,4317,906,15813,19741,21410,10012,18526,18513,23794,24415,16747,18133,13682,1571,11843
1	344	20289	24705,1689,20496,15702,10913,11525,19389,31609,13154,583,12634,19611,10091,4317,906,15813,19741,21410,10012,18526,18513,23794,24415,16747,18133,13682,1571,11843,11834
1	344	13151	24705,1689,20496,15702,10913,11525,19389,31609,13154,583,12634,19611,10091,4317,906,15813,19741,21410,10012,18526,18513,23794,24415,16747,18133,13682,1571,11843,11834,20289
1	344	11318	24705,1689,20496,15702,10913,11525,19389,31609,13154,583,12634,19611,10091,4317,906,15813,19741,21410,10012,18526,18513,23794,24415,16747,18133,13682,1571,11843,11834,20289,13151
1	344	20848	24705,1689,20496,15702,10913,11525,19389,31609,13154,583,12634,19611,10091,4317,906,15813,19741,21410,10012,18526,18513,23794,24415,16747,18133,13682,1571,11843,11834,20289,13151,11318
0	344	12996	24705,1689,20496,15702,10913,11525,19389,31609,13154,583,12634,19611,10091,4317,906,15813,19741,21410,10012,18526,18513,23794,24415,16747,18133,13682,1571,11843,11834,20289,13151,11318,20848
1	344	13152	24705,1689,20496,15702,10913,11525,19389,31609,13154,583,12634,19611,10091,4317,906,15813,19741,21410,10012,18526,18513,23794,24415,16747,18133,13682,1571,11843,11834,20289,13151,11318,20848
1	344	13555	24705,1689,20496,15702,10913,11525,19389,31609,13154,583,12634,19611,10091,4317,906,15813,19741,21410,10012,18526,18513,23794,24415,16747,18133,13682,1571,11843,11834,20289,13151,11318,20848,13152
1	344	32960	24705,1689,20496,15702,10913,11525,19389,31609,13154,583,12634,19611,10091,4317,906,15813,19741,21410,10012,18526,18513,23794,24415,16747,18133,13682,1571,11843,11834,20289,13151,11318,20848,13152,13555
1	344	5114	24705,1689,20496,15702,10913,11525,19389,31609,13154,583,12634,19611,10091,4317,906,15813,19741,21410,10012,18526,18513,23794,24415,16747,18133,13682,1571,11843,11834,20289,13151,11318,20848,13152,13555,32960
1	344	5749	24705,1689,20496,15702,10913,11525,19389,31609,13154,583,12634,19611,10091,4317,906,15813,19741,21410,10012,18526,18513,23794,24415,16747,18133,13682,1571,11843,11834,20289,13151,11318,20848,13152,13555,32960,5114
1	344	12857	24705,1689,20496,15702,10913,11525,19389,31609,13154,583,12634,19611,10091,4317,906,15813,19741,21410,10012,18526,18513,23794,24415,16747,18133,13682,1571,11843,11834,20289,13151,11318,20848,13152,13555,32960,5114,5749
1	344	9061	24705,1689,20496,15702,10913,11525,19389,31609,13154,583,12634,19611,10091,4317,906,15813,19741,21410,10012,18526,18513,23794,24415,16747,18133,13682,1571,11843,11834,20289,13151,11318,20848,13152,13555,32960,5114,5749,12857
1	344	1951	24705,1689,20496,15702,10913,11525,19389,31609,13154,583,12634,19611,10091,4317,906,15813,19741,21410,10012,18526,18513,23794,24415,16747,18133,13682,1571,11843,11834,20289,13151,11318,20848,13152,13555,32960,5114,5749,12857,9061
1	344	18169	24705,1689,20496,15702,10913,11525,19389,31609,13154,583,12634,19611,10091,4317,906,15813,19741,21410,10012,18526,18513,23794,24415,16747,18133,13682,1571,11843,11834,20289,13151,11318,20848,13152,13555,32960,5114,5749,12857,9061,1951
1	344	1631	24705,1689,20496,15702,10913,11525,19389,31609,13154,583,12634,19611,10091,4317,906,15813,19741,21410,10012,18526,18513,23794,24415,16747,18133,13682,1571,11843,11834,20289,13151,11318,20848,13152,13555,32960,5114,5749,12857,9061,1951,18169
1	344	33039	24705,1689,20496,15702,10913,11525,19389,31609,13154,583,12634,19611,10091,4317,906,15813,19741,21410,10012,18526,18513,23794,24415,16747,18133,13682,1571,11843,11834,20289,13151,11318,20848,13152,13555,32960,5114,5749,12857,9061,1951,18169,1631
0	344	17162	24705,1689,20496,15702,10913,11525,19389,31609,13154,583,12634,19611,10091,4317,906,15813,19741,21410,10012,18526,18513,23794,24415,16747,18133,13682,1571,11843,11834,20289,13151,11318,20848,13152,13555,32960,5114,5749,12857,9061,1951,18169,1631,33039
1	344	21260	24705,1689,20496,15702,10913,11525,19389,31609,13154,583,12634,19611,10091,4317,906,15813,19741,21410,10012,18526,18513,23794,24415,16747,18133,13682,1571,11843,11834,20289,13151,11318,20848,13152,13555,32960,5114,5749,12857,9061,1951,18169,1631,33039
1	344	24440	24705,1689,20496,15702,10913,11525,19389,31609,13154,583,12634,19611,10091,4317,906,15813,19741,21410,10012,18526,18513,23794,24415,16747,18133,13682,1571,11843,11834,20289,13151,11318,20848,13152,13555,32960,5114,5749,12857,9061,1951,18169,1631,33039,21260
1	344	16493	24705,1689,20496,15702,10913,11525,19389,31609,13154,583,12634,19611,10091,4317,906,15813,19741,21410,10012,18526,18513,23794,24415,16747,18133,13682,1571,11843,11834,20289,13151,11318,20848,13152,13555,32960,5114,5749,12857,9061,1951,18169,1631,33039,21260,24440
0	344	32697	24705,1689,20496,15702,10913,11525,19389,31609,13154,583,12634,19611,10091,4317,906,15813,19741,21410,10012,18526,18513,23794,24415,16747,18133,13682,1571,11843,11834,20289,13151,11318,20848,13152,13555,32960,5114,5749,12857,9061,1951,18169,1631,33039,21260,24440,16493
1	344	23854	24705,1689,20496,15702,10913,11525,19389,31609,13154,583,12634,19611,10091,4317,906,15813,19741,21410,10012,18526,18513,23794,24415,16747,18133,13682,1571,11843,11834,20289,13151,11318,20848,13152,13555,32960,5114,5749,12857,9061,1951,18169,1631,33039,21260,24440,16493
1	344	27626	24705,1689,20496,15702,10913,11525,19389,31609,13154,583,12634,19611,10091,4317,906,15813,19741,21410,10012,18526,18513,23794,24415,16747,18133,13682,1571,11843,11834,20289,13151,11318,20848,13152,13555,32960,5114,5749,12857,9061,1951,18169,1631,33039,21260,24440,16493,23854
0	344	27856	24705,1689,20496,15702,10913,11525,19389,31609,13154,583,12634,19611,10091,4317,906,15813,19741,21410,10012,18526,18513,23794,24415,16747,18133,13682,1571,11843,11834,20289,13151,11318,20848,13152,13555,32960,5114,5749,12857,9061,1951,18169,1631,33039,21260,24440,16493,23854,27626
1	344	8276	24705,1689,20496,15702,10913,11525,19389,31609,13154,583,12634,19611,10091,4317,906,15813,19741,21410,10012,18526,18513,23794,24415,16747,18133,13682,1571,11843,11834,20289,13151,11318,20848,13152,13555,32960,5114,5749,12857,9061,1951,18169,1631,33039,21260,24440,16493,23854,27626
1	344	19493	24705,1689,20496,15702,10913,11525,19389,31609,13154,583,12634,19611,10091,4317,906,15813,19741,21410,10012,18526,18513,23794,24415,16747,18133,13682,1571,11843,11834,20289,13151,11318,20848,13152,13555,32960,5114,5749,12857,9061,1951,18169,1631,33039,21260,24440,16493,23854,27626,8276
1	344	6690	24705,1689,20496,15702,10913,11525,19389,31609,13154,583,12634,19611,10091,4317,906,15813,19741,21410,10012,18526,18513,23794,24415,16747,18133,13682,1571,11843,11834,20289,13151,11318,20848,13152,13555,32960,5114,5749,12857,9061,1951,18169,1631,33039,21260,24440,16493,23854,27626,8276,19493
1	344	8242	24705,1689,20496,15702,10913,11525,19389,31609,13154,583,12634,19611,10091,4317,906,15813,19741,21410,10012,18526,18513,23794,24415,16747,18133,13682,1571,11843,11834,20289,13151,11318,20848,13152,13555,32960,5114,5749,12857,9061,1951,18169,1631,33039,21260,24440,16493,23854,27626,8276,19493,6690
1	344	18167	24705,1689,20496,15702,10913,11525,19389,31609,13154,583,12634,19611,10091,4317,906,15813,19741,21410,10012,18526,18513,23794,24415,16747,18133,13682,1571,11843,11834,20289,13151,11318,20848,13152,13555,32960,5114,5749,12857,9061,1951,18169,1631,33039,21260,24440,16493,23854,27626,8276,19493,6690,8242
