1	1002	1120	0
1	1002	3368	1120
0	1002	5538	1120,3368
0	1002	9585	1120,3368
1	1002	9434	1120,3368
0	1002	6113	1120,3368,9434
1	1002	9729	1120,3368,9434
0	1002	10026	1120,3368,9434,9729
0	1002	14986	1120,3368,9434,9729
0	1002	16881	1120,3368,9434,9729
0	1002	21971	1120,3368,9434,9729
0	1002	12621	1120,3368,9434,9729
0	1002	11161	1120,3368,9434,9729
0	1002	25551	1120,3368,9434,9729
0	1002	8671	1120,3368,9434,9729
0	1002	25814	1120,3368,9434,9729
0	1002	10601	1120,3368,9434,9729
0	1002	18972	1120,3368,9434,9729
0	1002	20690	1120,3368,9434,9729
0	1002	26019	1120,3368,9434,9729
1	1002	26658	1120,3368,9434,9729
0	1002	27444	1120,3368,9434,9729,26658
0	1002	5557	1120,3368,9434,9729,26658
1	1002	17095	1120,3368,9434,9729,26658
0	1002	24746	1120,3368,9434,9729,26658,17095
1	1002	25059	1120,3368,9434,9729,26658,17095
0	1002	25699	1120,3368,9434,9729,26658,17095,25059
0	1002	27605	1120,3368,9434,9729,26658,17095,25059
