1	1609	31731	0
1	1609	24075	31731
1	1609	3138	31731,24075
0	1609	3957	31731,24075,3138
0	1609	25399	31731,24075,3138
1	1609	3202	31731,24075,3138
0	1609	6774	31731,24075,3138,3202
1	1609	5642	31731,24075,3138,3202
0	1609	9691	31731,24075,3138,3202,5642
1	1609	8666	31731,24075,3138,3202,5642
1	1609	9103	31731,24075,3138,3202,5642,8666
0	1609	11698	31731,24075,3138,3202,5642,8666,9103
0	1609	11923	31731,24075,3138,3202,5642,8666,9103
0	1609	10178	31731,24075,3138,3202,5642,8666,9103
0	1609	8866	31731,24075,3138,3202,5642,8666,9103
0	1609	14787	31731,24075,3138,3202,5642,8666,9103
0	1609	15030	31731,24075,3138,3202,5642,8666,9103
1	1609	14949	31731,24075,3138,3202,5642,8666,9103
1	1609	17386	31731,24075,3138,3202,5642,8666,9103,14949
1	1609	13802	31731,24075,3138,3202,5642,8666,9103,14949,17386
0	1609	17540	31731,24075,3138,3202,5642,8666,9103,14949,17386,13802
1	1609	18622	31731,24075,3138,3202,5642,8666,9103,14949,17386,13802
0	1609	10763	31731,24075,3138,3202,5642,8666,9103,14949,17386,13802,18622
0	1609	18933	31731,24075,3138,3202,5642,8666,9103,14949,17386,13802,18622
1	1609	19268	31731,24075,3138,3202,5642,8666,9103,14949,17386,13802,18622
0	1609	11959	31731,24075,3138,3202,5642,8666,9103,14949,17386,13802,18622,19268
0	1609	13668	31731,24075,3138,3202,5642,8666,9103,14949,17386,13802,18622,19268
0	1609	4344	31731,24075,3138,3202,5642,8666,9103,14949,17386,13802,18622,19268
1	1609	24454	31731,24075,3138,3202,5642,8666,9103,14949,17386,13802,18622,19268
0	1609	24181	31731,24075,3138,3202,5642,8666,9103,14949,17386,13802,18622,19268,24454
1	1609	22590	31731,24075,3138,3202,5642,8666,9103,14949,17386,13802,18622,19268,24454
0	1609	8476	31731,24075,3138,3202,5642,8666,9103,14949,17386,13802,18622,19268,24454,22590
1	1609	16403	31731,24075,3138,3202,5642,8666,9103,14949,17386,13802,18622,19268,24454,22590
1	1609	18486	31731,24075,3138,3202,5642,8666,9103,14949,17386,13802,18622,19268,24454,22590,16403
1	1609	21021	31731,24075,3138,3202,5642,8666,9103,14949,17386,13802,18622,19268,24454,22590,16403,18486
0	1609	25055	31731,24075,3138,3202,5642,8666,9103,14949,17386,13802,18622,19268,24454,22590,16403,18486,21021
0	1609	24529	31731,24075,3138,3202,5642,8666,9103,14949,17386,13802,18622,19268,24454,22590,16403,18486,21021
0	1609	25006	31731,24075,3138,3202,5642,8666,9103,14949,17386,13802,18622,19268,24454,22590,16403,18486,21021
1	1609	24196	31731,24075,3138,3202,5642,8666,9103,14949,17386,13802,18622,19268,24454,22590,16403,18486,21021
0	1609	24727	31731,24075,3138,3202,5642,8666,9103,14949,17386,13802,18622,19268,24454,22590,16403,18486,21021,24196
0	1609	25056	31731,24075,3138,3202,5642,8666,9103,14949,17386,13802,18622,19268,24454,22590,16403,18486,21021,24196
1	1609	25030	31731,24075,3138,3202,5642,8666,9103,14949,17386,13802,18622,19268,24454,22590,16403,18486,21021,24196
0	1609	25705	31731,24075,3138,3202,5642,8666,9103,14949,17386,13802,18622,19268,24454,22590,16403,18486,21021,24196,25030
0	1609	8412	31731,24075,3138,3202,5642,8666,9103,14949,17386,13802,18622,19268,24454,22590,16403,18486,21021,24196,25030
0	1609	26729	31731,24075,3138,3202,5642,8666,9103,14949,17386,13802,18622,19268,24454,22590,16403,18486,21021,24196,25030
1	1609	23768	31731,24075,3138,3202,5642,8666,9103,14949,17386,13802,18622,19268,24454,22590,16403,18486,21021,24196,25030
0	1609	26733	31731,24075,3138,3202,5642,8666,9103,14949,17386,13802,18622,19268,24454,22590,16403,18486,21021,24196,25030,23768
0	1609	26752	31731,24075,3138,3202,5642,8666,9103,14949,17386,13802,18622,19268,24454,22590,16403,18486,21021,24196,25030,23768
0	1609	23760	31731,24075,3138,3202,5642,8666,9103,14949,17386,13802,18622,19268,24454,22590,16403,18486,21021,24196,25030,23768
0	1609	26090	31731,24075,3138,3202,5642,8666,9103,14949,17386,13802,18622,19268,24454,22590,16403,18486,21021,24196,25030,23768
