0	442	31725	0
1	442	23974	0
1	442	31294	23974
1	442	1749	23974,31294
0	442	1216	23974,31294,1749
0	442	767	23974,31294,1749
1	442	18298	23974,31294,1749
0	442	32660	23974,31294,1749,18298
0	442	5831	23974,31294,1749,18298
1	442	4412	23974,31294,1749,18298
1	442	4242	23974,31294,1749,18298,4412
1	442	1943	23974,31294,1749,18298,4412,4242
1	442	23962	23974,31294,1749,18298,4412,4242,1943
1	442	21575	23974,31294,1749,18298,4412,4242,1943,23962
1	442	3481	23974,31294,1749,18298,4412,4242,1943,23962,21575
0	442	1899	23974,31294,1749,18298,4412,4242,1943,23962,21575,3481
1	442	2037	23974,31294,1749,18298,4412,4242,1943,23962,21575,3481
1	442	32888	23974,31294,1749,18298,4412,4242,1943,23962,21575,3481,2037
0	442	5635	23974,31294,1749,18298,4412,4242,1943,23962,21575,3481,2037,32888
0	442	4383	23974,31294,1749,18298,4412,4242,1943,23962,21575,3481,2037,32888
1	442	6320	23974,31294,1749,18298,4412,4242,1943,23962,21575,3481,2037,32888
0	442	8748	23974,31294,1749,18298,4412,4242,1943,23962,21575,3481,2037,32888,6320
0	442	2257	23974,31294,1749,18298,4412,4242,1943,23962,21575,3481,2037,32888,6320
1	442	8396	23974,31294,1749,18298,4412,4242,1943,23962,21575,3481,2037,32888,6320
0	442	8339	23974,31294,1749,18298,4412,4242,1943,23962,21575,3481,2037,32888,6320,8396
0	442	8489	23974,31294,1749,18298,4412,4242,1943,23962,21575,3481,2037,32888,6320,8396
1	442	8758	23974,31294,1749,18298,4412,4242,1943,23962,21575,3481,2037,32888,6320,8396
0	442	4826	23974,31294,1749,18298,4412,4242,1943,23962,21575,3481,2037,32888,6320,8396,8758
0	442	4885	23974,31294,1749,18298,4412,4242,1943,23962,21575,3481,2037,32888,6320,8396,8758
1	442	8959	23974,31294,1749,18298,4412,4242,1943,23962,21575,3481,2037,32888,6320,8396,8758
0	442	9355	23974,31294,1749,18298,4412,4242,1943,23962,21575,3481,2037,32888,6320,8396,8758,8959
1	442	9710	23974,31294,1749,18298,4412,4242,1943,23962,21575,3481,2037,32888,6320,8396,8758,8959
1	442	9716	23974,31294,1749,18298,4412,4242,1943,23962,21575,3481,2037,32888,6320,8396,8758,8959,9710
0	442	32074	23974,31294,1749,18298,4412,4242,1943,23962,21575,3481,2037,32888,6320,8396,8758,8959,9710,9716
1	442	8401	23974,31294,1749,18298,4412,4242,1943,23962,21575,3481,2037,32888,6320,8396,8758,8959,9710,9716
0	442	9691	23974,31294,1749,18298,4412,4242,1943,23962,21575,3481,2037,32888,6320,8396,8758,8959,9710,9716,8401
1	442	27104	23974,31294,1749,18298,4412,4242,1943,23962,21575,3481,2037,32888,6320,8396,8758,8959,9710,9716,8401
1	442	10106	23974,31294,1749,18298,4412,4242,1943,23962,21575,3481,2037,32888,6320,8396,8758,8959,9710,9716,8401,27104
1	442	6732	23974,31294,1749,18298,4412,4242,1943,23962,21575,3481,2037,32888,6320,8396,8758,8959,9710,9716,8401,27104,10106
0	442	7859	23974,31294,1749,18298,4412,4242,1943,23962,21575,3481,2037,32888,6320,8396,8758,8959,9710,9716,8401,27104,10106,6732
1	442	11238	23974,31294,1749,18298,4412,4242,1943,23962,21575,3481,2037,32888,6320,8396,8758,8959,9710,9716,8401,27104,10106,6732
1	442	6190	23974,31294,1749,18298,4412,4242,1943,23962,21575,3481,2037,32888,6320,8396,8758,8959,9710,9716,8401,27104,10106,6732,11238
0	442	7675	23974,31294,1749,18298,4412,4242,1943,23962,21575,3481,2037,32888,6320,8396,8758,8959,9710,9716,8401,27104,10106,6732,11238,6190
1	442	11923	23974,31294,1749,18298,4412,4242,1943,23962,21575,3481,2037,32888,6320,8396,8758,8959,9710,9716,8401,27104,10106,6732,11238,6190
1	442	12899	23974,31294,1749,18298,4412,4242,1943,23962,21575,3481,2037,32888,6320,8396,8758,8959,9710,9716,8401,27104,10106,6732,11238,6190,11923
0	442	12670	23974,31294,1749,18298,4412,4242,1943,23962,21575,3481,2037,32888,6320,8396,8758,8959,9710,9716,8401,27104,10106,6732,11238,6190,11923,12899
0	442	9380	23974,31294,1749,18298,4412,4242,1943,23962,21575,3481,2037,32888,6320,8396,8758,8959,9710,9716,8401,27104,10106,6732,11238,6190,11923,12899
0	442	6960	23974,31294,1749,18298,4412,4242,1943,23962,21575,3481,2037,32888,6320,8396,8758,8959,9710,9716,8401,27104,10106,6732,11238,6190,11923,12899
0	442	13745	23974,31294,1749,18298,4412,4242,1943,23962,21575,3481,2037,32888,6320,8396,8758,8959,9710,9716,8401,27104,10106,6732,11238,6190,11923,12899
0	442	1089	23974,31294,1749,18298,4412,4242,1943,23962,21575,3481,2037,32888,6320,8396,8758,8959,9710,9716,8401,27104,10106,6732,11238,6190,11923,12899
1	442	15819	23974,31294,1749,18298,4412,4242,1943,23962,21575,3481,2037,32888,6320,8396,8758,8959,9710,9716,8401,27104,10106,6732,11238,6190,11923,12899
0	442	15092	23974,31294,1749,18298,4412,4242,1943,23962,21575,3481,2037,32888,6320,8396,8758,8959,9710,9716,8401,27104,10106,6732,11238,6190,11923,12899,15819
0	442	15951	23974,31294,1749,18298,4412,4242,1943,23962,21575,3481,2037,32888,6320,8396,8758,8959,9710,9716,8401,27104,10106,6732,11238,6190,11923,12899,15819
0	442	16628	23974,31294,1749,18298,4412,4242,1943,23962,21575,3481,2037,32888,6320,8396,8758,8959,9710,9716,8401,27104,10106,6732,11238,6190,11923,12899,15819
0	442	17186	23974,31294,1749,18298,4412,4242,1943,23962,21575,3481,2037,32888,6320,8396,8758,8959,9710,9716,8401,27104,10106,6732,11238,6190,11923,12899,15819
0	442	13685	23974,31294,1749,18298,4412,4242,1943,23962,21575,3481,2037,32888,6320,8396,8758,8959,9710,9716,8401,27104,10106,6732,11238,6190,11923,12899,15819
0	442	10088	23974,31294,1749,18298,4412,4242,1943,23962,21575,3481,2037,32888,6320,8396,8758,8959,9710,9716,8401,27104,10106,6732,11238,6190,11923,12899,15819
0	442	17591	23974,31294,1749,18298,4412,4242,1943,23962,21575,3481,2037,32888,6320,8396,8758,8959,9710,9716,8401,27104,10106,6732,11238,6190,11923,12899,15819
0	442	31122	23974,31294,1749,18298,4412,4242,1943,23962,21575,3481,2037,32888,6320,8396,8758,8959,9710,9716,8401,27104,10106,6732,11238,6190,11923,12899,15819
0	442	15636	23974,31294,1749,18298,4412,4242,1943,23962,21575,3481,2037,32888,6320,8396,8758,8959,9710,9716,8401,27104,10106,6732,11238,6190,11923,12899,15819
0	442	17045	23974,31294,1749,18298,4412,4242,1943,23962,21575,3481,2037,32888,6320,8396,8758,8959,9710,9716,8401,27104,10106,6732,11238,6190,11923,12899,15819
0	442	17066	23974,31294,1749,18298,4412,4242,1943,23962,21575,3481,2037,32888,6320,8396,8758,8959,9710,9716,8401,27104,10106,6732,11238,6190,11923,12899,15819
1	442	17805	23974,31294,1749,18298,4412,4242,1943,23962,21575,3481,2037,32888,6320,8396,8758,8959,9710,9716,8401,27104,10106,6732,11238,6190,11923,12899,15819
0	442	16023	23974,31294,1749,18298,4412,4242,1943,23962,21575,3481,2037,32888,6320,8396,8758,8959,9710,9716,8401,27104,10106,6732,11238,6190,11923,12899,15819,17805
0	442	19402	23974,31294,1749,18298,4412,4242,1943,23962,21575,3481,2037,32888,6320,8396,8758,8959,9710,9716,8401,27104,10106,6732,11238,6190,11923,12899,15819,17805
0	442	1947	23974,31294,1749,18298,4412,4242,1943,23962,21575,3481,2037,32888,6320,8396,8758,8959,9710,9716,8401,27104,10106,6732,11238,6190,11923,12899,15819,17805
0	442	18821	23974,31294,1749,18298,4412,4242,1943,23962,21575,3481,2037,32888,6320,8396,8758,8959,9710,9716,8401,27104,10106,6732,11238,6190,11923,12899,15819,17805
0	442	22105	23974,31294,1749,18298,4412,4242,1943,23962,21575,3481,2037,32888,6320,8396,8758,8959,9710,9716,8401,27104,10106,6732,11238,6190,11923,12899,15819,17805
0	442	19841	23974,31294,1749,18298,4412,4242,1943,23962,21575,3481,2037,32888,6320,8396,8758,8959,9710,9716,8401,27104,10106,6732,11238,6190,11923,12899,15819,17805
1	442	19888	23974,31294,1749,18298,4412,4242,1943,23962,21575,3481,2037,32888,6320,8396,8758,8959,9710,9716,8401,27104,10106,6732,11238,6190,11923,12899,15819,17805
0	442	22581	23974,31294,1749,18298,4412,4242,1943,23962,21575,3481,2037,32888,6320,8396,8758,8959,9710,9716,8401,27104,10106,6732,11238,6190,11923,12899,15819,17805,19888
0	442	22109	23974,31294,1749,18298,4412,4242,1943,23962,21575,3481,2037,32888,6320,8396,8758,8959,9710,9716,8401,27104,10106,6732,11238,6190,11923,12899,15819,17805,19888
0	442	7030	23974,31294,1749,18298,4412,4242,1943,23962,21575,3481,2037,32888,6320,8396,8758,8959,9710,9716,8401,27104,10106,6732,11238,6190,11923,12899,15819,17805,19888
0	442	17042	23974,31294,1749,18298,4412,4242,1943,23962,21575,3481,2037,32888,6320,8396,8758,8959,9710,9716,8401,27104,10106,6732,11238,6190,11923,12899,15819,17805,19888
1	442	23490	23974,31294,1749,18298,4412,4242,1943,23962,21575,3481,2037,32888,6320,8396,8758,8959,9710,9716,8401,27104,10106,6732,11238,6190,11923,12899,15819,17805,19888
0	442	17211	23974,31294,1749,18298,4412,4242,1943,23962,21575,3481,2037,32888,6320,8396,8758,8959,9710,9716,8401,27104,10106,6732,11238,6190,11923,12899,15819,17805,19888,23490
1	442	18702	23974,31294,1749,18298,4412,4242,1943,23962,21575,3481,2037,32888,6320,8396,8758,8959,9710,9716,8401,27104,10106,6732,11238,6190,11923,12899,15819,17805,19888,23490
0	442	12601	23974,31294,1749,18298,4412,4242,1943,23962,21575,3481,2037,32888,6320,8396,8758,8959,9710,9716,8401,27104,10106,6732,11238,6190,11923,12899,15819,17805,19888,23490,18702
0	442	23662	23974,31294,1749,18298,4412,4242,1943,23962,21575,3481,2037,32888,6320,8396,8758,8959,9710,9716,8401,27104,10106,6732,11238,6190,11923,12899,15819,17805,19888,23490,18702
0	442	16545	23974,31294,1749,18298,4412,4242,1943,23962,21575,3481,2037,32888,6320,8396,8758,8959,9710,9716,8401,27104,10106,6732,11238,6190,11923,12899,15819,17805,19888,23490,18702
1	442	1859	23974,31294,1749,18298,4412,4242,1943,23962,21575,3481,2037,32888,6320,8396,8758,8959,9710,9716,8401,27104,10106,6732,11238,6190,11923,12899,15819,17805,19888,23490,18702
0	442	19019	23974,31294,1749,18298,4412,4242,1943,23962,21575,3481,2037,32888,6320,8396,8758,8959,9710,9716,8401,27104,10106,6732,11238,6190,11923,12899,15819,17805,19888,23490,18702,1859
1	442	17506	23974,31294,1749,18298,4412,4242,1943,23962,21575,3481,2037,32888,6320,8396,8758,8959,9710,9716,8401,27104,10106,6732,11238,6190,11923,12899,15819,17805,19888,23490,18702,1859
1	442	15233	23974,31294,1749,18298,4412,4242,1943,23962,21575,3481,2037,32888,6320,8396,8758,8959,9710,9716,8401,27104,10106,6732,11238,6190,11923,12899,15819,17805,19888,23490,18702,1859,17506
0	442	22217	23974,31294,1749,18298,4412,4242,1943,23962,21575,3481,2037,32888,6320,8396,8758,8959,9710,9716,8401,27104,10106,6732,11238,6190,11923,12899,15819,17805,19888,23490,18702,1859,17506,15233
0	442	21312	23974,31294,1749,18298,4412,4242,1943,23962,21575,3481,2037,32888,6320,8396,8758,8959,9710,9716,8401,27104,10106,6732,11238,6190,11923,12899,15819,17805,19888,23490,18702,1859,17506,15233
1	442	22006	23974,31294,1749,18298,4412,4242,1943,23962,21575,3481,2037,32888,6320,8396,8758,8959,9710,9716,8401,27104,10106,6732,11238,6190,11923,12899,15819,17805,19888,23490,18702,1859,17506,15233
1	442	25457	23974,31294,1749,18298,4412,4242,1943,23962,21575,3481,2037,32888,6320,8396,8758,8959,9710,9716,8401,27104,10106,6732,11238,6190,11923,12899,15819,17805,19888,23490,18702,1859,17506,15233,22006
1	442	22870	23974,31294,1749,18298,4412,4242,1943,23962,21575,3481,2037,32888,6320,8396,8758,8959,9710,9716,8401,27104,10106,6732,11238,6190,11923,12899,15819,17805,19888,23490,18702,1859,17506,15233,22006,25457
0	442	23768	23974,31294,1749,18298,4412,4242,1943,23962,21575,3481,2037,32888,6320,8396,8758,8959,9710,9716,8401,27104,10106,6732,11238,6190,11923,12899,15819,17805,19888,23490,18702,1859,17506,15233,22006,25457,22870
1	442	24190	23974,31294,1749,18298,4412,4242,1943,23962,21575,3481,2037,32888,6320,8396,8758,8959,9710,9716,8401,27104,10106,6732,11238,6190,11923,12899,15819,17805,19888,23490,18702,1859,17506,15233,22006,25457,22870
0	442	23452	23974,31294,1749,18298,4412,4242,1943,23962,21575,3481,2037,32888,6320,8396,8758,8959,9710,9716,8401,27104,10106,6732,11238,6190,11923,12899,15819,17805,19888,23490,18702,1859,17506,15233,22006,25457,22870,24190
0	442	18746	23974,31294,1749,18298,4412,4242,1943,23962,21575,3481,2037,32888,6320,8396,8758,8959,9710,9716,8401,27104,10106,6732,11238,6190,11923,12899,15819,17805,19888,23490,18702,1859,17506,15233,22006,25457,22870,24190
0	442	23430	23974,31294,1749,18298,4412,4242,1943,23962,21575,3481,2037,32888,6320,8396,8758,8959,9710,9716,8401,27104,10106,6732,11238,6190,11923,12899,15819,17805,19888,23490,18702,1859,17506,15233,22006,25457,22870,24190
1	442	24727	23974,31294,1749,18298,4412,4242,1943,23962,21575,3481,2037,32888,6320,8396,8758,8959,9710,9716,8401,27104,10106,6732,11238,6190,11923,12899,15819,17805,19888,23490,18702,1859,17506,15233,22006,25457,22870,24190
1	442	23128	23974,31294,1749,18298,4412,4242,1943,23962,21575,3481,2037,32888,6320,8396,8758,8959,9710,9716,8401,27104,10106,6732,11238,6190,11923,12899,15819,17805,19888,23490,18702,1859,17506,15233,22006,25457,22870,24190,24727
0	442	24729	23974,31294,1749,18298,4412,4242,1943,23962,21575,3481,2037,32888,6320,8396,8758,8959,9710,9716,8401,27104,10106,6732,11238,6190,11923,12899,15819,17805,19888,23490,18702,1859,17506,15233,22006,25457,22870,24190,24727,23128
0	442	24784	23974,31294,1749,18298,4412,4242,1943,23962,21575,3481,2037,32888,6320,8396,8758,8959,9710,9716,8401,27104,10106,6732,11238,6190,11923,12899,15819,17805,19888,23490,18702,1859,17506,15233,22006,25457,22870,24190,24727,23128
0	442	23129	23974,31294,1749,18298,4412,4242,1943,23962,21575,3481,2037,32888,6320,8396,8758,8959,9710,9716,8401,27104,10106,6732,11238,6190,11923,12899,15819,17805,19888,23490,18702,1859,17506,15233,22006,25457,22870,24190,24727,23128
1	442	16426	23974,31294,1749,18298,4412,4242,1943,23962,21575,3481,2037,32888,6320,8396,8758,8959,9710,9716,8401,27104,10106,6732,11238,6190,11923,12899,15819,17805,19888,23490,18702,1859,17506,15233,22006,25457,22870,24190,24727,23128
0	442	24731	23974,31294,1749,18298,4412,4242,1943,23962,21575,3481,2037,32888,6320,8396,8758,8959,9710,9716,8401,27104,10106,6732,11238,6190,11923,12899,15819,17805,19888,23490,18702,1859,17506,15233,22006,25457,22870,24190,24727,23128,16426
0	442	24788	23974,31294,1749,18298,4412,4242,1943,23962,21575,3481,2037,32888,6320,8396,8758,8959,9710,9716,8401,27104,10106,6732,11238,6190,11923,12899,15819,17805,19888,23490,18702,1859,17506,15233,22006,25457,22870,24190,24727,23128,16426
0	442	24791	23974,31294,1749,18298,4412,4242,1943,23962,21575,3481,2037,32888,6320,8396,8758,8959,9710,9716,8401,27104,10106,6732,11238,6190,11923,12899,15819,17805,19888,23490,18702,1859,17506,15233,22006,25457,22870,24190,24727,23128,16426
0	442	24730	23974,31294,1749,18298,4412,4242,1943,23962,21575,3481,2037,32888,6320,8396,8758,8959,9710,9716,8401,27104,10106,6732,11238,6190,11923,12899,15819,17805,19888,23490,18702,1859,17506,15233,22006,25457,22870,24190,24727,23128,16426
1	442	24795	23974,31294,1749,18298,4412,4242,1943,23962,21575,3481,2037,32888,6320,8396,8758,8959,9710,9716,8401,27104,10106,6732,11238,6190,11923,12899,15819,17805,19888,23490,18702,1859,17506,15233,22006,25457,22870,24190,24727,23128,16426
1	442	22111	23974,31294,1749,18298,4412,4242,1943,23962,21575,3481,2037,32888,6320,8396,8758,8959,9710,9716,8401,27104,10106,6732,11238,6190,11923,12899,15819,17805,19888,23490,18702,1859,17506,15233,22006,25457,22870,24190,24727,23128,16426,24795
0	442	24794	23974,31294,1749,18298,4412,4242,1943,23962,21575,3481,2037,32888,6320,8396,8758,8959,9710,9716,8401,27104,10106,6732,11238,6190,11923,12899,15819,17805,19888,23490,18702,1859,17506,15233,22006,25457,22870,24190,24727,23128,16426,24795,22111
1	442	25492	23974,31294,1749,18298,4412,4242,1943,23962,21575,3481,2037,32888,6320,8396,8758,8959,9710,9716,8401,27104,10106,6732,11238,6190,11923,12899,15819,17805,19888,23490,18702,1859,17506,15233,22006,25457,22870,24190,24727,23128,16426,24795,22111
0	442	24786	23974,31294,1749,18298,4412,4242,1943,23962,21575,3481,2037,32888,6320,8396,8758,8959,9710,9716,8401,27104,10106,6732,11238,6190,11923,12899,15819,17805,19888,23490,18702,1859,17506,15233,22006,25457,22870,24190,24727,23128,16426,24795,22111,25492
0	442	24796	23974,31294,1749,18298,4412,4242,1943,23962,21575,3481,2037,32888,6320,8396,8758,8959,9710,9716,8401,27104,10106,6732,11238,6190,11923,12899,15819,17805,19888,23490,18702,1859,17506,15233,22006,25457,22870,24190,24727,23128,16426,24795,22111,25492
1	442	27255	23974,31294,1749,18298,4412,4242,1943,23962,21575,3481,2037,32888,6320,8396,8758,8959,9710,9716,8401,27104,10106,6732,11238,6190,11923,12899,15819,17805,19888,23490,18702,1859,17506,15233,22006,25457,22870,24190,24727,23128,16426,24795,22111,25492
1	442	3749	23974,31294,1749,18298,4412,4242,1943,23962,21575,3481,2037,32888,6320,8396,8758,8959,9710,9716,8401,27104,10106,6732,11238,6190,11923,12899,15819,17805,19888,23490,18702,1859,17506,15233,22006,25457,22870,24190,24727,23128,16426,24795,22111,25492,27255
0	442	25658	23974,31294,1749,18298,4412,4242,1943,23962,21575,3481,2037,32888,6320,8396,8758,8959,9710,9716,8401,27104,10106,6732,11238,6190,11923,12899,15819,17805,19888,23490,18702,1859,17506,15233,22006,25457,22870,24190,24727,23128,16426,24795,22111,25492,27255,3749
1	442	20625	23974,31294,1749,18298,4412,4242,1943,23962,21575,3481,2037,32888,6320,8396,8758,8959,9710,9716,8401,27104,10106,6732,11238,6190,11923,12899,15819,17805,19888,23490,18702,1859,17506,15233,22006,25457,22870,24190,24727,23128,16426,24795,22111,25492,27255,3749
0	442	26764	23974,31294,1749,18298,4412,4242,1943,23962,21575,3481,2037,32888,6320,8396,8758,8959,9710,9716,8401,27104,10106,6732,11238,6190,11923,12899,15819,17805,19888,23490,18702,1859,17506,15233,22006,25457,22870,24190,24727,23128,16426,24795,22111,25492,27255,3749,20625
0	442	21179	23974,31294,1749,18298,4412,4242,1943,23962,21575,3481,2037,32888,6320,8396,8758,8959,9710,9716,8401,27104,10106,6732,11238,6190,11923,12899,15819,17805,19888,23490,18702,1859,17506,15233,22006,25457,22870,24190,24727,23128,16426,24795,22111,25492,27255,3749,20625
0	442	26973	23974,31294,1749,18298,4412,4242,1943,23962,21575,3481,2037,32888,6320,8396,8758,8959,9710,9716,8401,27104,10106,6732,11238,6190,11923,12899,15819,17805,19888,23490,18702,1859,17506,15233,22006,25457,22870,24190,24727,23128,16426,24795,22111,25492,27255,3749,20625
0	442	26322	23974,31294,1749,18298,4412,4242,1943,23962,21575,3481,2037,32888,6320,8396,8758,8959,9710,9716,8401,27104,10106,6732,11238,6190,11923,12899,15819,17805,19888,23490,18702,1859,17506,15233,22006,25457,22870,24190,24727,23128,16426,24795,22111,25492,27255,3749,20625
0	442	25048	23974,31294,1749,18298,4412,4242,1943,23962,21575,3481,2037,32888,6320,8396,8758,8959,9710,9716,8401,27104,10106,6732,11238,6190,11923,12899,15819,17805,19888,23490,18702,1859,17506,15233,22006,25457,22870,24190,24727,23128,16426,24795,22111,25492,27255,3749,20625
0	442	27391	23974,31294,1749,18298,4412,4242,1943,23962,21575,3481,2037,32888,6320,8396,8758,8959,9710,9716,8401,27104,10106,6732,11238,6190,11923,12899,15819,17805,19888,23490,18702,1859,17506,15233,22006,25457,22870,24190,24727,23128,16426,24795,22111,25492,27255,3749,20625
0	442	27393	23974,31294,1749,18298,4412,4242,1943,23962,21575,3481,2037,32888,6320,8396,8758,8959,9710,9716,8401,27104,10106,6732,11238,6190,11923,12899,15819,17805,19888,23490,18702,1859,17506,15233,22006,25457,22870,24190,24727,23128,16426,24795,22111,25492,27255,3749,20625
0	442	25994	23974,31294,1749,18298,4412,4242,1943,23962,21575,3481,2037,32888,6320,8396,8758,8959,9710,9716,8401,27104,10106,6732,11238,6190,11923,12899,15819,17805,19888,23490,18702,1859,17506,15233,22006,25457,22870,24190,24727,23128,16426,24795,22111,25492,27255,3749,20625
1	442	23449	23974,31294,1749,18298,4412,4242,1943,23962,21575,3481,2037,32888,6320,8396,8758,8959,9710,9716,8401,27104,10106,6732,11238,6190,11923,12899,15819,17805,19888,23490,18702,1859,17506,15233,22006,25457,22870,24190,24727,23128,16426,24795,22111,25492,27255,3749,20625
0	442	26777	23974,31294,1749,18298,4412,4242,1943,23962,21575,3481,2037,32888,6320,8396,8758,8959,9710,9716,8401,27104,10106,6732,11238,6190,11923,12899,15819,17805,19888,23490,18702,1859,17506,15233,22006,25457,22870,24190,24727,23128,16426,24795,22111,25492,27255,3749,20625,23449
0	442	28351	23974,31294,1749,18298,4412,4242,1943,23962,21575,3481,2037,32888,6320,8396,8758,8959,9710,9716,8401,27104,10106,6732,11238,6190,11923,12899,15819,17805,19888,23490,18702,1859,17506,15233,22006,25457,22870,24190,24727,23128,16426,24795,22111,25492,27255,3749,20625,23449
0	442	27117	23974,31294,1749,18298,4412,4242,1943,23962,21575,3481,2037,32888,6320,8396,8758,8959,9710,9716,8401,27104,10106,6732,11238,6190,11923,12899,15819,17805,19888,23490,18702,1859,17506,15233,22006,25457,22870,24190,24727,23128,16426,24795,22111,25492,27255,3749,20625,23449
0	442	27592	23974,31294,1749,18298,4412,4242,1943,23962,21575,3481,2037,32888,6320,8396,8758,8959,9710,9716,8401,27104,10106,6732,11238,6190,11923,12899,15819,17805,19888,23490,18702,1859,17506,15233,22006,25457,22870,24190,24727,23128,16426,24795,22111,25492,27255,3749,20625,23449
1	442	24048	23974,31294,1749,18298,4412,4242,1943,23962,21575,3481,2037,32888,6320,8396,8758,8959,9710,9716,8401,27104,10106,6732,11238,6190,11923,12899,15819,17805,19888,23490,18702,1859,17506,15233,22006,25457,22870,24190,24727,23128,16426,24795,22111,25492,27255,3749,20625,23449
1	442	26293	23974,31294,1749,18298,4412,4242,1943,23962,21575,3481,2037,32888,6320,8396,8758,8959,9710,9716,8401,27104,10106,6732,11238,6190,11923,12899,15819,17805,19888,23490,18702,1859,17506,15233,22006,25457,22870,24190,24727,23128,16426,24795,22111,25492,27255,3749,20625,23449,24048
0	442	27947	23974,31294,1749,18298,4412,4242,1943,23962,21575,3481,2037,32888,6320,8396,8758,8959,9710,9716,8401,27104,10106,6732,11238,6190,11923,12899,15819,17805,19888,23490,18702,1859,17506,15233,22006,25457,22870,24190,24727,23128,16426,24795,22111,25492,27255,3749,20625,23449,24048,26293
0	442	29034	23974,31294,1749,18298,4412,4242,1943,23962,21575,3481,2037,32888,6320,8396,8758,8959,9710,9716,8401,27104,10106,6732,11238,6190,11923,12899,15819,17805,19888,23490,18702,1859,17506,15233,22006,25457,22870,24190,24727,23128,16426,24795,22111,25492,27255,3749,20625,23449,24048,26293
0	442	837	23974,31294,1749,18298,4412,4242,1943,23962,21575,3481,2037,32888,6320,8396,8758,8959,9710,9716,8401,27104,10106,6732,11238,6190,11923,12899,15819,17805,19888,23490,18702,1859,17506,15233,22006,25457,22870,24190,24727,23128,16426,24795,22111,25492,27255,3749,20625,23449,24048,26293
0	442	28879	23974,31294,1749,18298,4412,4242,1943,23962,21575,3481,2037,32888,6320,8396,8758,8959,9710,9716,8401,27104,10106,6732,11238,6190,11923,12899,15819,17805,19888,23490,18702,1859,17506,15233,22006,25457,22870,24190,24727,23128,16426,24795,22111,25492,27255,3749,20625,23449,24048,26293
0	442	16807	23974,31294,1749,18298,4412,4242,1943,23962,21575,3481,2037,32888,6320,8396,8758,8959,9710,9716,8401,27104,10106,6732,11238,6190,11923,12899,15819,17805,19888,23490,18702,1859,17506,15233,22006,25457,22870,24190,24727,23128,16426,24795,22111,25492,27255,3749,20625,23449,24048,26293
0	442	28113	23974,31294,1749,18298,4412,4242,1943,23962,21575,3481,2037,32888,6320,8396,8758,8959,9710,9716,8401,27104,10106,6732,11238,6190,11923,12899,15819,17805,19888,23490,18702,1859,17506,15233,22006,25457,22870,24190,24727,23128,16426,24795,22111,25492,27255,3749,20625,23449,24048,26293
0	442	28890	23974,31294,1749,18298,4412,4242,1943,23962,21575,3481,2037,32888,6320,8396,8758,8959,9710,9716,8401,27104,10106,6732,11238,6190,11923,12899,15819,17805,19888,23490,18702,1859,17506,15233,22006,25457,22870,24190,24727,23128,16426,24795,22111,25492,27255,3749,20625,23449,24048,26293
1	442	28902	23974,31294,1749,18298,4412,4242,1943,23962,21575,3481,2037,32888,6320,8396,8758,8959,9710,9716,8401,27104,10106,6732,11238,6190,11923,12899,15819,17805,19888,23490,18702,1859,17506,15233,22006,25457,22870,24190,24727,23128,16426,24795,22111,25492,27255,3749,20625,23449,24048,26293
0	442	29328	23974,31294,1749,18298,4412,4242,1943,23962,21575,3481,2037,32888,6320,8396,8758,8959,9710,9716,8401,27104,10106,6732,11238,6190,11923,12899,15819,17805,19888,23490,18702,1859,17506,15233,22006,25457,22870,24190,24727,23128,16426,24795,22111,25492,27255,3749,20625,23449,24048,26293,28902
1	442	21838	23974,31294,1749,18298,4412,4242,1943,23962,21575,3481,2037,32888,6320,8396,8758,8959,9710,9716,8401,27104,10106,6732,11238,6190,11923,12899,15819,17805,19888,23490,18702,1859,17506,15233,22006,25457,22870,24190,24727,23128,16426,24795,22111,25492,27255,3749,20625,23449,24048,26293,28902
1	442	23462	23974,31294,1749,18298,4412,4242,1943,23962,21575,3481,2037,32888,6320,8396,8758,8959,9710,9716,8401,27104,10106,6732,11238,6190,11923,12899,15819,17805,19888,23490,18702,1859,17506,15233,22006,25457,22870,24190,24727,23128,16426,24795,22111,25492,27255,3749,20625,23449,24048,26293,28902,21838
1	442	28937	23974,31294,1749,18298,4412,4242,1943,23962,21575,3481,2037,32888,6320,8396,8758,8959,9710,9716,8401,27104,10106,6732,11238,6190,11923,12899,15819,17805,19888,23490,18702,1859,17506,15233,22006,25457,22870,24190,24727,23128,16426,24795,22111,25492,27255,3749,20625,23449,24048,26293,28902,21838,23462
