0	562	16313	0
1	562	162	0
1	562	33108	162
1	562	4319	162,33108
0	562	11593	162,33108,4319
0	562	14728	162,33108,4319
0	562	23936	162,33108,4319
0	562	14158	162,33108,4319
1	562	16744	162,33108,4319
1	562	17419	162,33108,4319,16744
1	562	19275	162,33108,4319,16744,17419
0	562	11827	162,33108,4319,16744,17419,19275
0	562	22296	162,33108,4319,16744,17419,19275
0	562	15238	162,33108,4319,16744,17419,19275
1	562	5803	162,33108,4319,16744,17419,19275
1	562	23017	162,33108,4319,16744,17419,19275,5803
1	562	15388	162,33108,4319,16744,17419,19275,5803,23017
1	562	11992	162,33108,4319,16744,17419,19275,5803,23017,15388
1	562	16276	162,33108,4319,16744,17419,19275,5803,23017,15388,11992
0	562	10877	162,33108,4319,16744,17419,19275,5803,23017,15388,11992,16276
0	562	23942	162,33108,4319,16744,17419,19275,5803,23017,15388,11992,16276
0	562	18614	162,33108,4319,16744,17419,19275,5803,23017,15388,11992,16276
1	562	20282	162,33108,4319,16744,17419,19275,5803,23017,15388,11992,16276
0	562	22075	162,33108,4319,16744,17419,19275,5803,23017,15388,11992,16276,20282
1	562	22500	162,33108,4319,16744,17419,19275,5803,23017,15388,11992,16276,20282
0	562	30107	162,33108,4319,16744,17419,19275,5803,23017,15388,11992,16276,20282,22500
1	562	22844	162,33108,4319,16744,17419,19275,5803,23017,15388,11992,16276,20282,22500
0	562	8740	162,33108,4319,16744,17419,19275,5803,23017,15388,11992,16276,20282,22500,22844
0	562	20759	162,33108,4319,16744,17419,19275,5803,23017,15388,11992,16276,20282,22500,22844
0	562	1781	162,33108,4319,16744,17419,19275,5803,23017,15388,11992,16276,20282,22500,22844
0	562	24437	162,33108,4319,16744,17419,19275,5803,23017,15388,11992,16276,20282,22500,22844
0	562	20640	162,33108,4319,16744,17419,19275,5803,23017,15388,11992,16276,20282,22500,22844
1	562	21967	162,33108,4319,16744,17419,19275,5803,23017,15388,11992,16276,20282,22500,22844
0	562	4368	162,33108,4319,16744,17419,19275,5803,23017,15388,11992,16276,20282,22500,22844,21967
0	562	14934	162,33108,4319,16744,17419,19275,5803,23017,15388,11992,16276,20282,22500,22844,21967
0	562	4267	162,33108,4319,16744,17419,19275,5803,23017,15388,11992,16276,20282,22500,22844,21967
0	562	16778	162,33108,4319,16744,17419,19275,5803,23017,15388,11992,16276,20282,22500,22844,21967
0	562	17300	162,33108,4319,16744,17419,19275,5803,23017,15388,11992,16276,20282,22500,22844,21967
0	562	1783	162,33108,4319,16744,17419,19275,5803,23017,15388,11992,16276,20282,22500,22844,21967
0	562	29028	162,33108,4319,16744,17419,19275,5803,23017,15388,11992,16276,20282,22500,22844,21967
1	562	7250	162,33108,4319,16744,17419,19275,5803,23017,15388,11992,16276,20282,22500,22844,21967
0	562	8676	162,33108,4319,16744,17419,19275,5803,23017,15388,11992,16276,20282,22500,22844,21967,7250
