1	1393	4822	0
1	1393	16252	4822
1	1393	16987	4822,16252
1	1393	7981	4822,16252,16987
1	1393	14486	4822,16252,16987,7981
1	1393	5222	4822,16252,16987,7981,14486
0	1393	7982	4822,16252,16987,7981,14486,5222
1	1393	10140	4822,16252,16987,7981,14486,5222
1	1393	11696	4822,16252,16987,7981,14486,5222,10140
1	1393	15422	4822,16252,16987,7981,14486,5222,10140,11696
1	1393	20789	4822,16252,16987,7981,14486,5222,10140,11696,15422
1	1393	2442	4822,16252,16987,7981,14486,5222,10140,11696,15422,20789
1	1393	22561	4822,16252,16987,7981,14486,5222,10140,11696,15422,20789,2442
1	1393	24055	4822,16252,16987,7981,14486,5222,10140,11696,15422,20789,2442,22561
1	1393	14859	4822,16252,16987,7981,14486,5222,10140,11696,15422,20789,2442,22561,24055
1	1393	23847	4822,16252,16987,7981,14486,5222,10140,11696,15422,20789,2442,22561,24055,14859
0	1393	24835	4822,16252,16987,7981,14486,5222,10140,11696,15422,20789,2442,22561,24055,14859,23847
1	1393	28306	4822,16252,16987,7981,14486,5222,10140,11696,15422,20789,2442,22561,24055,14859,23847
1	1393	11321	4822,16252,16987,7981,14486,5222,10140,11696,15422,20789,2442,22561,24055,14859,23847,28306
1	1393	21549	4822,16252,16987,7981,14486,5222,10140,11696,15422,20789,2442,22561,24055,14859,23847,28306,11321
1	1393	25230	4822,16252,16987,7981,14486,5222,10140,11696,15422,20789,2442,22561,24055,14859,23847,28306,11321,21549
0	1393	2649	4822,16252,16987,7981,14486,5222,10140,11696,15422,20789,2442,22561,24055,14859,23847,28306,11321,21549,25230
0	1393	3100	4822,16252,16987,7981,14486,5222,10140,11696,15422,20789,2442,22561,24055,14859,23847,28306,11321,21549,25230
1	1393	6906	4822,16252,16987,7981,14486,5222,10140,11696,15422,20789,2442,22561,24055,14859,23847,28306,11321,21549,25230
0	1393	9970	4822,16252,16987,7981,14486,5222,10140,11696,15422,20789,2442,22561,24055,14859,23847,28306,11321,21549,25230,6906
1	1393	13594	4822,16252,16987,7981,14486,5222,10140,11696,15422,20789,2442,22561,24055,14859,23847,28306,11321,21549,25230,6906
1	1393	13894	4822,16252,16987,7981,14486,5222,10140,11696,15422,20789,2442,22561,24055,14859,23847,28306,11321,21549,25230,6906,13594
1	1393	19157	4822,16252,16987,7981,14486,5222,10140,11696,15422,20789,2442,22561,24055,14859,23847,28306,11321,21549,25230,6906,13594,13894
0	1393	19826	4822,16252,16987,7981,14486,5222,10140,11696,15422,20789,2442,22561,24055,14859,23847,28306,11321,21549,25230,6906,13594,13894,19157
0	1393	21732	4822,16252,16987,7981,14486,5222,10140,11696,15422,20789,2442,22561,24055,14859,23847,28306,11321,21549,25230,6906,13594,13894,19157
1	1393	15694	4822,16252,16987,7981,14486,5222,10140,11696,15422,20789,2442,22561,24055,14859,23847,28306,11321,21549,25230,6906,13594,13894,19157
0	1393	15901	4822,16252,16987,7981,14486,5222,10140,11696,15422,20789,2442,22561,24055,14859,23847,28306,11321,21549,25230,6906,13594,13894,19157,15694
0	1393	11716	4822,16252,16987,7981,14486,5222,10140,11696,15422,20789,2442,22561,24055,14859,23847,28306,11321,21549,25230,6906,13594,13894,19157,15694
1	1393	17919	4822,16252,16987,7981,14486,5222,10140,11696,15422,20789,2442,22561,24055,14859,23847,28306,11321,21549,25230,6906,13594,13894,19157,15694
0	1393	12451	4822,16252,16987,7981,14486,5222,10140,11696,15422,20789,2442,22561,24055,14859,23847,28306,11321,21549,25230,6906,13594,13894,19157,15694,17919
1	1393	19336	4822,16252,16987,7981,14486,5222,10140,11696,15422,20789,2442,22561,24055,14859,23847,28306,11321,21549,25230,6906,13594,13894,19157,15694,17919
1	1393	25375	4822,16252,16987,7981,14486,5222,10140,11696,15422,20789,2442,22561,24055,14859,23847,28306,11321,21549,25230,6906,13594,13894,19157,15694,17919,19336
