1	1546	12972	0
1	1546	18855	12972
0	1546	12734	12972,18855
0	1546	15178	12972,18855
0	1546	22975	12972,18855
1	1546	23479	12972,18855
0	1546	22347	12972,18855,23479
0	1546	25892	12972,18855,23479
0	1546	26268	12972,18855,23479
0	1546	26589	12972,18855,23479
0	1546	18544	12972,18855,23479
1	1546	22165	12972,18855,23479
0	1546	23143	12972,18855,23479,22165
1	1546	24759	12972,18855,23479,22165
1	1546	25590	12972,18855,23479,22165,24759
0	1546	26437	12972,18855,23479,22165,24759,25590
0	1546	22251	12972,18855,23479,22165,24759,25590
1	1546	32885	12972,18855,23479,22165,24759,25590
1	1546	2893	12972,18855,23479,22165,24759,25590,32885
0	1546	3249	12972,18855,23479,22165,24759,25590,32885,2893
0	1546	4319	12972,18855,23479,22165,24759,25590,32885,2893
0	1546	5016	12972,18855,23479,22165,24759,25590,32885,2893
0	1546	11869	12972,18855,23479,22165,24759,25590,32885,2893
1	1546	11969	12972,18855,23479,22165,24759,25590,32885,2893
0	1546	11994	12972,18855,23479,22165,24759,25590,32885,2893,11969
0	1546	13227	12972,18855,23479,22165,24759,25590,32885,2893,11969
1	1546	14945	12972,18855,23479,22165,24759,25590,32885,2893,11969
0	1546	16742	12972,18855,23479,22165,24759,25590,32885,2893,11969,14945
0	1546	18543	12972,18855,23479,22165,24759,25590,32885,2893,11969,14945
0	1546	19058	12972,18855,23479,22165,24759,25590,32885,2893,11969,14945
1	1546	19869	12972,18855,23479,22165,24759,25590,32885,2893,11969,14945
1	1546	22788	12972,18855,23479,22165,24759,25590,32885,2893,11969,14945,19869
