1	44	3886	0
0	44	32733	3886
0	44	31240	3886
0	44	150	3886
0	44	32161	3886
0	44	31897	3886
1	44	31111	3886
1	44	24176	3886,31111
1	44	28441	3886,31111,24176
1	44	32033	3886,31111,24176,28441
1	44	914	3886,31111,24176,28441,32033
0	44	1160	3886,31111,24176,28441,32033,914
1	44	2129	3886,31111,24176,28441,32033,914
0	44	17852	3886,31111,24176,28441,32033,914,2129
1	44	913	3886,31111,24176,28441,32033,914,2129
1	44	6400	3886,31111,24176,28441,32033,914,2129,913
1	44	6919	3886,31111,24176,28441,32033,914,2129,913,6400
0	44	23458	3886,31111,24176,28441,32033,914,2129,913,6400,6919
1	44	32314	3886,31111,24176,28441,32033,914,2129,913,6400,6919
0	44	2656	3886,31111,24176,28441,32033,914,2129,913,6400,6919,32314
1	44	2743	3886,31111,24176,28441,32033,914,2129,913,6400,6919,32314
1	44	2127	3886,31111,24176,28441,32033,914,2129,913,6400,6919,32314,2743
1	44	20416	3886,31111,24176,28441,32033,914,2129,913,6400,6919,32314,2743,2127
0	44	30972	3886,31111,24176,28441,32033,914,2129,913,6400,6919,32314,2743,2127,20416
0	44	2427	3886,31111,24176,28441,32033,914,2129,913,6400,6919,32314,2743,2127,20416
1	44	32353	3886,31111,24176,28441,32033,914,2129,913,6400,6919,32314,2743,2127,20416
1	44	3214	3886,31111,24176,28441,32033,914,2129,913,6400,6919,32314,2743,2127,20416,32353
0	44	31067	3886,31111,24176,28441,32033,914,2129,913,6400,6919,32314,2743,2127,20416,32353,3214
1	44	11907	3886,31111,24176,28441,32033,914,2129,913,6400,6919,32314,2743,2127,20416,32353,3214
1	44	31659	3886,31111,24176,28441,32033,914,2129,913,6400,6919,32314,2743,2127,20416,32353,3214,11907
1	44	13181	3886,31111,24176,28441,32033,914,2129,913,6400,6919,32314,2743,2127,20416,32353,3214,11907,31659
1	44	32671	3886,31111,24176,28441,32033,914,2129,913,6400,6919,32314,2743,2127,20416,32353,3214,11907,31659,13181
0	44	1553	3886,31111,24176,28441,32033,914,2129,913,6400,6919,32314,2743,2127,20416,32353,3214,11907,31659,13181,32671
1	44	4499	3886,31111,24176,28441,32033,914,2129,913,6400,6919,32314,2743,2127,20416,32353,3214,11907,31659,13181,32671
0	44	28690	3886,31111,24176,28441,32033,914,2129,913,6400,6919,32314,2743,2127,20416,32353,3214,11907,31659,13181,32671,4499
1	44	2653	3886,31111,24176,28441,32033,914,2129,913,6400,6919,32314,2743,2127,20416,32353,3214,11907,31659,13181,32671,4499
1	44	3163	3886,31111,24176,28441,32033,914,2129,913,6400,6919,32314,2743,2127,20416,32353,3214,11907,31659,13181,32671,4499,2653
0	44	3389	3886,31111,24176,28441,32033,914,2129,913,6400,6919,32314,2743,2127,20416,32353,3214,11907,31659,13181,32671,4499,2653,3163
1	44	5705	3886,31111,24176,28441,32033,914,2129,913,6400,6919,32314,2743,2127,20416,32353,3214,11907,31659,13181,32671,4499,2653,3163
1	44	18304	3886,31111,24176,28441,32033,914,2129,913,6400,6919,32314,2743,2127,20416,32353,3214,11907,31659,13181,32671,4499,2653,3163,5705
0	44	29176	3886,31111,24176,28441,32033,914,2129,913,6400,6919,32314,2743,2127,20416,32353,3214,11907,31659,13181,32671,4499,2653,3163,5705,18304
