1	827	25341	0
1	827	32048	25341
0	827	4514	25341,32048
0	827	30383	25341,32048
1	827	32056	25341,32048
1	827	32101	25341,32048,32056
1	827	13056	25341,32048,32056,32101
1	827	195	25341,32048,32056,32101,13056
0	827	32927	25341,32048,32056,32101,13056,195
0	827	1988	25341,32048,32056,32101,13056,195
0	827	558	25341,32048,32056,32101,13056,195
1	827	2025	25341,32048,32056,32101,13056,195
1	827	608	25341,32048,32056,32101,13056,195,2025
0	827	31725	25341,32048,32056,32101,13056,195,2025,608
0	827	32925	25341,32048,32056,32101,13056,195,2025,608
0	827	33078	25341,32048,32056,32101,13056,195,2025,608
1	827	266	25341,32048,32056,32101,13056,195,2025,608
0	827	1986	25341,32048,32056,32101,13056,195,2025,608,266
0	827	2335	25341,32048,32056,32101,13056,195,2025,608,266
0	827	3805	25341,32048,32056,32101,13056,195,2025,608,266
0	827	2921	25341,32048,32056,32101,13056,195,2025,608,266
0	827	6832	25341,32048,32056,32101,13056,195,2025,608,266
1	827	32406	25341,32048,32056,32101,13056,195,2025,608,266
1	827	32625	25341,32048,32056,32101,13056,195,2025,608,266,32406
1	827	32161	25341,32048,32056,32101,13056,195,2025,608,266,32406,32625
0	827	32339	25341,32048,32056,32101,13056,195,2025,608,266,32406,32625,32161
1	827	250	25341,32048,32056,32101,13056,195,2025,608,266,32406,32625,32161
0	827	31318	25341,32048,32056,32101,13056,195,2025,608,266,32406,32625,32161,250
0	827	1452	25341,32048,32056,32101,13056,195,2025,608,266,32406,32625,32161,250
0	827	2806	25341,32048,32056,32101,13056,195,2025,608,266,32406,32625,32161,250
1	827	32421	25341,32048,32056,32101,13056,195,2025,608,266,32406,32625,32161,250
1	827	2746	25341,32048,32056,32101,13056,195,2025,608,266,32406,32625,32161,250,32421
0	827	223	25341,32048,32056,32101,13056,195,2025,608,266,32406,32625,32161,250,32421,2746
1	827	31754	25341,32048,32056,32101,13056,195,2025,608,266,32406,32625,32161,250,32421,2746
0	827	2236	25341,32048,32056,32101,13056,195,2025,608,266,32406,32625,32161,250,32421,2746,31754
1	827	31039	25341,32048,32056,32101,13056,195,2025,608,266,32406,32625,32161,250,32421,2746,31754
0	827	2843	25341,32048,32056,32101,13056,195,2025,608,266,32406,32625,32161,250,32421,2746,31754,31039
1	827	3366	25341,32048,32056,32101,13056,195,2025,608,266,32406,32625,32161,250,32421,2746,31754,31039
1	827	5126	25341,32048,32056,32101,13056,195,2025,608,266,32406,32625,32161,250,32421,2746,31754,31039,3366
0	827	3293	25341,32048,32056,32101,13056,195,2025,608,266,32406,32625,32161,250,32421,2746,31754,31039,3366,5126
0	827	31468	25341,32048,32056,32101,13056,195,2025,608,266,32406,32625,32161,250,32421,2746,31754,31039,3366,5126
0	827	3781	25341,32048,32056,32101,13056,195,2025,608,266,32406,32625,32161,250,32421,2746,31754,31039,3366,5126
0	827	5265	25341,32048,32056,32101,13056,195,2025,608,266,32406,32625,32161,250,32421,2746,31754,31039,3366,5126
0	827	2427	25341,32048,32056,32101,13056,195,2025,608,266,32406,32625,32161,250,32421,2746,31754,31039,3366,5126
0	827	4395	25341,32048,32056,32101,13056,195,2025,608,266,32406,32625,32161,250,32421,2746,31754,31039,3366,5126
0	827	3984	25341,32048,32056,32101,13056,195,2025,608,266,32406,32625,32161,250,32421,2746,31754,31039,3366,5126
0	827	2274	25341,32048,32056,32101,13056,195,2025,608,266,32406,32625,32161,250,32421,2746,31754,31039,3366,5126
1	827	109	25341,32048,32056,32101,13056,195,2025,608,266,32406,32625,32161,250,32421,2746,31754,31039,3366,5126
1	827	4714	25341,32048,32056,32101,13056,195,2025,608,266,32406,32625,32161,250,32421,2746,31754,31039,3366,5126,109
1	827	5220	25341,32048,32056,32101,13056,195,2025,608,266,32406,32625,32161,250,32421,2746,31754,31039,3366,5126,109,4714
0	827	3180	25341,32048,32056,32101,13056,195,2025,608,266,32406,32625,32161,250,32421,2746,31754,31039,3366,5126,109,4714,5220
0	827	857	25341,32048,32056,32101,13056,195,2025,608,266,32406,32625,32161,250,32421,2746,31754,31039,3366,5126,109,4714,5220
1	827	5481	25341,32048,32056,32101,13056,195,2025,608,266,32406,32625,32161,250,32421,2746,31754,31039,3366,5126,109,4714,5220
0	827	5558	25341,32048,32056,32101,13056,195,2025,608,266,32406,32625,32161,250,32421,2746,31754,31039,3366,5126,109,4714,5220,5481
0	827	5273	25341,32048,32056,32101,13056,195,2025,608,266,32406,32625,32161,250,32421,2746,31754,31039,3366,5126,109,4714,5220,5481
0	827	6208	25341,32048,32056,32101,13056,195,2025,608,266,32406,32625,32161,250,32421,2746,31754,31039,3366,5126,109,4714,5220,5481
0	827	6568	25341,32048,32056,32101,13056,195,2025,608,266,32406,32625,32161,250,32421,2746,31754,31039,3366,5126,109,4714,5220,5481
1	827	2031	25341,32048,32056,32101,13056,195,2025,608,266,32406,32625,32161,250,32421,2746,31754,31039,3366,5126,109,4714,5220,5481
1	827	4578	25341,32048,32056,32101,13056,195,2025,608,266,32406,32625,32161,250,32421,2746,31754,31039,3366,5126,109,4714,5220,5481,2031
0	827	3959	25341,32048,32056,32101,13056,195,2025,608,266,32406,32625,32161,250,32421,2746,31754,31039,3366,5126,109,4714,5220,5481,2031,4578
0	827	3022	25341,32048,32056,32101,13056,195,2025,608,266,32406,32625,32161,250,32421,2746,31754,31039,3366,5126,109,4714,5220,5481,2031,4578
0	827	26426	25341,32048,32056,32101,13056,195,2025,608,266,32406,32625,32161,250,32421,2746,31754,31039,3366,5126,109,4714,5220,5481,2031,4578
0	827	4687	25341,32048,32056,32101,13056,195,2025,608,266,32406,32625,32161,250,32421,2746,31754,31039,3366,5126,109,4714,5220,5481,2031,4578
1	827	1989	25341,32048,32056,32101,13056,195,2025,608,266,32406,32625,32161,250,32421,2746,31754,31039,3366,5126,109,4714,5220,5481,2031,4578
0	827	31714	25341,32048,32056,32101,13056,195,2025,608,266,32406,32625,32161,250,32421,2746,31754,31039,3366,5126,109,4714,5220,5481,2031,4578,1989
0	827	6214	25341,32048,32056,32101,13056,195,2025,608,266,32406,32625,32161,250,32421,2746,31754,31039,3366,5126,109,4714,5220,5481,2031,4578,1989
0	827	6634	25341,32048,32056,32101,13056,195,2025,608,266,32406,32625,32161,250,32421,2746,31754,31039,3366,5126,109,4714,5220,5481,2031,4578,1989
1	827	31294	25341,32048,32056,32101,13056,195,2025,608,266,32406,32625,32161,250,32421,2746,31754,31039,3366,5126,109,4714,5220,5481,2031,4578,1989
0	827	32051	25341,32048,32056,32101,13056,195,2025,608,266,32406,32625,32161,250,32421,2746,31754,31039,3366,5126,109,4714,5220,5481,2031,4578,1989,31294
1	827	7003	25341,32048,32056,32101,13056,195,2025,608,266,32406,32625,32161,250,32421,2746,31754,31039,3366,5126,109,4714,5220,5481,2031,4578,1989,31294
0	827	6580	25341,32048,32056,32101,13056,195,2025,608,266,32406,32625,32161,250,32421,2746,31754,31039,3366,5126,109,4714,5220,5481,2031,4578,1989,31294,7003
0	827	4576	25341,32048,32056,32101,13056,195,2025,608,266,32406,32625,32161,250,32421,2746,31754,31039,3366,5126,109,4714,5220,5481,2031,4578,1989,31294,7003
0	827	6228	25341,32048,32056,32101,13056,195,2025,608,266,32406,32625,32161,250,32421,2746,31754,31039,3366,5126,109,4714,5220,5481,2031,4578,1989,31294,7003
0	827	6768	25341,32048,32056,32101,13056,195,2025,608,266,32406,32625,32161,250,32421,2746,31754,31039,3366,5126,109,4714,5220,5481,2031,4578,1989,31294,7003
0	827	11024	25341,32048,32056,32101,13056,195,2025,608,266,32406,32625,32161,250,32421,2746,31754,31039,3366,5126,109,4714,5220,5481,2031,4578,1989,31294,7003
1	827	5209	25341,32048,32056,32101,13056,195,2025,608,266,32406,32625,32161,250,32421,2746,31754,31039,3366,5126,109,4714,5220,5481,2031,4578,1989,31294,7003
0	827	5171	25341,32048,32056,32101,13056,195,2025,608,266,32406,32625,32161,250,32421,2746,31754,31039,3366,5126,109,4714,5220,5481,2031,4578,1989,31294,7003,5209
1	827	4577	25341,32048,32056,32101,13056,195,2025,608,266,32406,32625,32161,250,32421,2746,31754,31039,3366,5126,109,4714,5220,5481,2031,4578,1989,31294,7003,5209
0	827	3110	25341,32048,32056,32101,13056,195,2025,608,266,32406,32625,32161,250,32421,2746,31754,31039,3366,5126,109,4714,5220,5481,2031,4578,1989,31294,7003,5209,4577
1	827	29974	25341,32048,32056,32101,13056,195,2025,608,266,32406,32625,32161,250,32421,2746,31754,31039,3366,5126,109,4714,5220,5481,2031,4578,1989,31294,7003,5209,4577
1	827	31123	25341,32048,32056,32101,13056,195,2025,608,266,32406,32625,32161,250,32421,2746,31754,31039,3366,5126,109,4714,5220,5481,2031,4578,1989,31294,7003,5209,4577,29974
0	827	105	25341,32048,32056,32101,13056,195,2025,608,266,32406,32625,32161,250,32421,2746,31754,31039,3366,5126,109,4714,5220,5481,2031,4578,1989,31294,7003,5209,4577,29974,31123
1	827	5210	25341,32048,32056,32101,13056,195,2025,608,266,32406,32625,32161,250,32421,2746,31754,31039,3366,5126,109,4714,5220,5481,2031,4578,1989,31294,7003,5209,4577,29974,31123
0	827	5705	25341,32048,32056,32101,13056,195,2025,608,266,32406,32625,32161,250,32421,2746,31754,31039,3366,5126,109,4714,5220,5481,2031,4578,1989,31294,7003,5209,4577,29974,31123,5210
0	827	6886	25341,32048,32056,32101,13056,195,2025,608,266,32406,32625,32161,250,32421,2746,31754,31039,3366,5126,109,4714,5220,5481,2031,4578,1989,31294,7003,5209,4577,29974,31123,5210
0	827	7035	25341,32048,32056,32101,13056,195,2025,608,266,32406,32625,32161,250,32421,2746,31754,31039,3366,5126,109,4714,5220,5481,2031,4578,1989,31294,7003,5209,4577,29974,31123,5210
0	827	7105	25341,32048,32056,32101,13056,195,2025,608,266,32406,32625,32161,250,32421,2746,31754,31039,3366,5126,109,4714,5220,5481,2031,4578,1989,31294,7003,5209,4577,29974,31123,5210
0	827	4686	25341,32048,32056,32101,13056,195,2025,608,266,32406,32625,32161,250,32421,2746,31754,31039,3366,5126,109,4714,5220,5481,2031,4578,1989,31294,7003,5209,4577,29974,31123,5210
0	827	7728	25341,32048,32056,32101,13056,195,2025,608,266,32406,32625,32161,250,32421,2746,31754,31039,3366,5126,109,4714,5220,5481,2031,4578,1989,31294,7003,5209,4577,29974,31123,5210
0	827	7944	25341,32048,32056,32101,13056,195,2025,608,266,32406,32625,32161,250,32421,2746,31754,31039,3366,5126,109,4714,5220,5481,2031,4578,1989,31294,7003,5209,4577,29974,31123,5210
1	827	3182	25341,32048,32056,32101,13056,195,2025,608,266,32406,32625,32161,250,32421,2746,31754,31039,3366,5126,109,4714,5220,5481,2031,4578,1989,31294,7003,5209,4577,29974,31123,5210
0	827	8257	25341,32048,32056,32101,13056,195,2025,608,266,32406,32625,32161,250,32421,2746,31754,31039,3366,5126,109,4714,5220,5481,2031,4578,1989,31294,7003,5209,4577,29974,31123,5210,3182
1	827	3214	25341,32048,32056,32101,13056,195,2025,608,266,32406,32625,32161,250,32421,2746,31754,31039,3366,5126,109,4714,5220,5481,2031,4578,1989,31294,7003,5209,4577,29974,31123,5210,3182
0	827	2346	25341,32048,32056,32101,13056,195,2025,608,266,32406,32625,32161,250,32421,2746,31754,31039,3366,5126,109,4714,5220,5481,2031,4578,1989,31294,7003,5209,4577,29974,31123,5210,3182,3214
0	827	6137	25341,32048,32056,32101,13056,195,2025,608,266,32406,32625,32161,250,32421,2746,31754,31039,3366,5126,109,4714,5220,5481,2031,4578,1989,31294,7003,5209,4577,29974,31123,5210,3182,3214
0	827	6409	25341,32048,32056,32101,13056,195,2025,608,266,32406,32625,32161,250,32421,2746,31754,31039,3366,5126,109,4714,5220,5481,2031,4578,1989,31294,7003,5209,4577,29974,31123,5210,3182,3214
1	827	32479	25341,32048,32056,32101,13056,195,2025,608,266,32406,32625,32161,250,32421,2746,31754,31039,3366,5126,109,4714,5220,5481,2031,4578,1989,31294,7003,5209,4577,29974,31123,5210,3182,3214
1	827	1063	25341,32048,32056,32101,13056,195,2025,608,266,32406,32625,32161,250,32421,2746,31754,31039,3366,5126,109,4714,5220,5481,2031,4578,1989,31294,7003,5209,4577,29974,31123,5210,3182,3214,32479
0	827	8666	25341,32048,32056,32101,13056,195,2025,608,266,32406,32625,32161,250,32421,2746,31754,31039,3366,5126,109,4714,5220,5481,2031,4578,1989,31294,7003,5209,4577,29974,31123,5210,3182,3214,32479,1063
0	827	9364	25341,32048,32056,32101,13056,195,2025,608,266,32406,32625,32161,250,32421,2746,31754,31039,3366,5126,109,4714,5220,5481,2031,4578,1989,31294,7003,5209,4577,29974,31123,5210,3182,3214,32479,1063
0	827	3163	25341,32048,32056,32101,13056,195,2025,608,266,32406,32625,32161,250,32421,2746,31754,31039,3366,5126,109,4714,5220,5481,2031,4578,1989,31294,7003,5209,4577,29974,31123,5210,3182,3214,32479,1063
1	827	8931	25341,32048,32056,32101,13056,195,2025,608,266,32406,32625,32161,250,32421,2746,31754,31039,3366,5126,109,4714,5220,5481,2031,4578,1989,31294,7003,5209,4577,29974,31123,5210,3182,3214,32479,1063
0	827	9362	25341,32048,32056,32101,13056,195,2025,608,266,32406,32625,32161,250,32421,2746,31754,31039,3366,5126,109,4714,5220,5481,2031,4578,1989,31294,7003,5209,4577,29974,31123,5210,3182,3214,32479,1063,8931
0	827	2292	25341,32048,32056,32101,13056,195,2025,608,266,32406,32625,32161,250,32421,2746,31754,31039,3366,5126,109,4714,5220,5481,2031,4578,1989,31294,7003,5209,4577,29974,31123,5210,3182,3214,32479,1063,8931
0	827	9919	25341,32048,32056,32101,13056,195,2025,608,266,32406,32625,32161,250,32421,2746,31754,31039,3366,5126,109,4714,5220,5481,2031,4578,1989,31294,7003,5209,4577,29974,31123,5210,3182,3214,32479,1063,8931
1	827	9716	25341,32048,32056,32101,13056,195,2025,608,266,32406,32625,32161,250,32421,2746,31754,31039,3366,5126,109,4714,5220,5481,2031,4578,1989,31294,7003,5209,4577,29974,31123,5210,3182,3214,32479,1063,8931
0	827	9207	25341,32048,32056,32101,13056,195,2025,608,266,32406,32625,32161,250,32421,2746,31754,31039,3366,5126,109,4714,5220,5481,2031,4578,1989,31294,7003,5209,4577,29974,31123,5210,3182,3214,32479,1063,8931,9716
0	827	6209	25341,32048,32056,32101,13056,195,2025,608,266,32406,32625,32161,250,32421,2746,31754,31039,3366,5126,109,4714,5220,5481,2031,4578,1989,31294,7003,5209,4577,29974,31123,5210,3182,3214,32479,1063,8931,9716
1	827	8675	25341,32048,32056,32101,13056,195,2025,608,266,32406,32625,32161,250,32421,2746,31754,31039,3366,5126,109,4714,5220,5481,2031,4578,1989,31294,7003,5209,4577,29974,31123,5210,3182,3214,32479,1063,8931,9716
1	827	6361	25341,32048,32056,32101,13056,195,2025,608,266,32406,32625,32161,250,32421,2746,31754,31039,3366,5126,109,4714,5220,5481,2031,4578,1989,31294,7003,5209,4577,29974,31123,5210,3182,3214,32479,1063,8931,9716,8675
0	827	6534	25341,32048,32056,32101,13056,195,2025,608,266,32406,32625,32161,250,32421,2746,31754,31039,3366,5126,109,4714,5220,5481,2031,4578,1989,31294,7003,5209,4577,29974,31123,5210,3182,3214,32479,1063,8931,9716,8675,6361
1	827	7501	25341,32048,32056,32101,13056,195,2025,608,266,32406,32625,32161,250,32421,2746,31754,31039,3366,5126,109,4714,5220,5481,2031,4578,1989,31294,7003,5209,4577,29974,31123,5210,3182,3214,32479,1063,8931,9716,8675,6361
0	827	8420	25341,32048,32056,32101,13056,195,2025,608,266,32406,32625,32161,250,32421,2746,31754,31039,3366,5126,109,4714,5220,5481,2031,4578,1989,31294,7003,5209,4577,29974,31123,5210,3182,3214,32479,1063,8931,9716,8675,6361,7501
1	827	2037	25341,32048,32056,32101,13056,195,2025,608,266,32406,32625,32161,250,32421,2746,31754,31039,3366,5126,109,4714,5220,5481,2031,4578,1989,31294,7003,5209,4577,29974,31123,5210,3182,3214,32479,1063,8931,9716,8675,6361,7501
0	827	10794	25341,32048,32056,32101,13056,195,2025,608,266,32406,32625,32161,250,32421,2746,31754,31039,3366,5126,109,4714,5220,5481,2031,4578,1989,31294,7003,5209,4577,29974,31123,5210,3182,3214,32479,1063,8931,9716,8675,6361,7501,2037
0	827	2548	25341,32048,32056,32101,13056,195,2025,608,266,32406,32625,32161,250,32421,2746,31754,31039,3366,5126,109,4714,5220,5481,2031,4578,1989,31294,7003,5209,4577,29974,31123,5210,3182,3214,32479,1063,8931,9716,8675,6361,7501,2037
1	827	2166	25341,32048,32056,32101,13056,195,2025,608,266,32406,32625,32161,250,32421,2746,31754,31039,3366,5126,109,4714,5220,5481,2031,4578,1989,31294,7003,5209,4577,29974,31123,5210,3182,3214,32479,1063,8931,9716,8675,6361,7501,2037
1	827	3301	25341,32048,32056,32101,13056,195,2025,608,266,32406,32625,32161,250,32421,2746,31754,31039,3366,5126,109,4714,5220,5481,2031,4578,1989,31294,7003,5209,4577,29974,31123,5210,3182,3214,32479,1063,8931,9716,8675,6361,7501,2037,2166
1	827	10391	25341,32048,32056,32101,13056,195,2025,608,266,32406,32625,32161,250,32421,2746,31754,31039,3366,5126,109,4714,5220,5481,2031,4578,1989,31294,7003,5209,4577,29974,31123,5210,3182,3214,32479,1063,8931,9716,8675,6361,7501,2037,2166,3301
1	827	8060	25341,32048,32056,32101,13056,195,2025,608,266,32406,32625,32161,250,32421,2746,31754,31039,3366,5126,109,4714,5220,5481,2031,4578,1989,31294,7003,5209,4577,29974,31123,5210,3182,3214,32479,1063,8931,9716,8675,6361,7501,2037,2166,3301,10391
0	827	13215	25341,32048,32056,32101,13056,195,2025,608,266,32406,32625,32161,250,32421,2746,31754,31039,3366,5126,109,4714,5220,5481,2031,4578,1989,31294,7003,5209,4577,29974,31123,5210,3182,3214,32479,1063,8931,9716,8675,6361,7501,2037,2166,3301,10391,8060
0	827	9911	25341,32048,32056,32101,13056,195,2025,608,266,32406,32625,32161,250,32421,2746,31754,31039,3366,5126,109,4714,5220,5481,2031,4578,1989,31294,7003,5209,4577,29974,31123,5210,3182,3214,32479,1063,8931,9716,8675,6361,7501,2037,2166,3301,10391,8060
0	827	13172	25341,32048,32056,32101,13056,195,2025,608,266,32406,32625,32161,250,32421,2746,31754,31039,3366,5126,109,4714,5220,5481,2031,4578,1989,31294,7003,5209,4577,29974,31123,5210,3182,3214,32479,1063,8931,9716,8675,6361,7501,2037,2166,3301,10391,8060
1	827	8063	25341,32048,32056,32101,13056,195,2025,608,266,32406,32625,32161,250,32421,2746,31754,31039,3366,5126,109,4714,5220,5481,2031,4578,1989,31294,7003,5209,4577,29974,31123,5210,3182,3214,32479,1063,8931,9716,8675,6361,7501,2037,2166,3301,10391,8060
0	827	15821	25341,32048,32056,32101,13056,195,2025,608,266,32406,32625,32161,250,32421,2746,31754,31039,3366,5126,109,4714,5220,5481,2031,4578,1989,31294,7003,5209,4577,29974,31123,5210,3182,3214,32479,1063,8931,9716,8675,6361,7501,2037,2166,3301,10391,8060,8063
0	827	17690	25341,32048,32056,32101,13056,195,2025,608,266,32406,32625,32161,250,32421,2746,31754,31039,3366,5126,109,4714,5220,5481,2031,4578,1989,31294,7003,5209,4577,29974,31123,5210,3182,3214,32479,1063,8931,9716,8675,6361,7501,2037,2166,3301,10391,8060,8063
0	827	17283	25341,32048,32056,32101,13056,195,2025,608,266,32406,32625,32161,250,32421,2746,31754,31039,3366,5126,109,4714,5220,5481,2031,4578,1989,31294,7003,5209,4577,29974,31123,5210,3182,3214,32479,1063,8931,9716,8675,6361,7501,2037,2166,3301,10391,8060,8063
0	827	5278	25341,32048,32056,32101,13056,195,2025,608,266,32406,32625,32161,250,32421,2746,31754,31039,3366,5126,109,4714,5220,5481,2031,4578,1989,31294,7003,5209,4577,29974,31123,5210,3182,3214,32479,1063,8931,9716,8675,6361,7501,2037,2166,3301,10391,8060,8063
0	827	8932	25341,32048,32056,32101,13056,195,2025,608,266,32406,32625,32161,250,32421,2746,31754,31039,3366,5126,109,4714,5220,5481,2031,4578,1989,31294,7003,5209,4577,29974,31123,5210,3182,3214,32479,1063,8931,9716,8675,6361,7501,2037,2166,3301,10391,8060,8063
0	827	14026	25341,32048,32056,32101,13056,195,2025,608,266,32406,32625,32161,250,32421,2746,31754,31039,3366,5126,109,4714,5220,5481,2031,4578,1989,31294,7003,5209,4577,29974,31123,5210,3182,3214,32479,1063,8931,9716,8675,6361,7501,2037,2166,3301,10391,8060,8063
1	827	25108	25341,32048,32056,32101,13056,195,2025,608,266,32406,32625,32161,250,32421,2746,31754,31039,3366,5126,109,4714,5220,5481,2031,4578,1989,31294,7003,5209,4577,29974,31123,5210,3182,3214,32479,1063,8931,9716,8675,6361,7501,2037,2166,3301,10391,8060,8063
0	827	21805	25341,32048,32056,32101,13056,195,2025,608,266,32406,32625,32161,250,32421,2746,31754,31039,3366,5126,109,4714,5220,5481,2031,4578,1989,31294,7003,5209,4577,29974,31123,5210,3182,3214,32479,1063,8931,9716,8675,6361,7501,2037,2166,3301,10391,8060,8063,25108
0	827	25546	25341,32048,32056,32101,13056,195,2025,608,266,32406,32625,32161,250,32421,2746,31754,31039,3366,5126,109,4714,5220,5481,2031,4578,1989,31294,7003,5209,4577,29974,31123,5210,3182,3214,32479,1063,8931,9716,8675,6361,7501,2037,2166,3301,10391,8060,8063,25108
1	827	26444	25341,32048,32056,32101,13056,195,2025,608,266,32406,32625,32161,250,32421,2746,31754,31039,3366,5126,109,4714,5220,5481,2031,4578,1989,31294,7003,5209,4577,29974,31123,5210,3182,3214,32479,1063,8931,9716,8675,6361,7501,2037,2166,3301,10391,8060,8063,25108
0	827	21807	25341,32048,32056,32101,13056,195,2025,608,266,32406,32625,32161,250,32421,2746,31754,31039,3366,5126,109,4714,5220,5481,2031,4578,1989,31294,7003,5209,4577,29974,31123,5210,3182,3214,32479,1063,8931,9716,8675,6361,7501,2037,2166,3301,10391,8060,8063,25108,26444
0	827	17691	25341,32048,32056,32101,13056,195,2025,608,266,32406,32625,32161,250,32421,2746,31754,31039,3366,5126,109,4714,5220,5481,2031,4578,1989,31294,7003,5209,4577,29974,31123,5210,3182,3214,32479,1063,8931,9716,8675,6361,7501,2037,2166,3301,10391,8060,8063,25108,26444
0	827	5219	25341,32048,32056,32101,13056,195,2025,608,266,32406,32625,32161,250,32421,2746,31754,31039,3366,5126,109,4714,5220,5481,2031,4578,1989,31294,7003,5209,4577,29974,31123,5210,3182,3214,32479,1063,8931,9716,8675,6361,7501,2037,2166,3301,10391,8060,8063,25108,26444
1	827	18627	25341,32048,32056,32101,13056,195,2025,608,266,32406,32625,32161,250,32421,2746,31754,31039,3366,5126,109,4714,5220,5481,2031,4578,1989,31294,7003,5209,4577,29974,31123,5210,3182,3214,32479,1063,8931,9716,8675,6361,7501,2037,2166,3301,10391,8060,8063,25108,26444
0	827	21810	25341,32048,32056,32101,13056,195,2025,608,266,32406,32625,32161,250,32421,2746,31754,31039,3366,5126,109,4714,5220,5481,2031,4578,1989,31294,7003,5209,4577,29974,31123,5210,3182,3214,32479,1063,8931,9716,8675,6361,7501,2037,2166,3301,10391,8060,8063,25108,26444,18627
0	827	21821	25341,32048,32056,32101,13056,195,2025,608,266,32406,32625,32161,250,32421,2746,31754,31039,3366,5126,109,4714,5220,5481,2031,4578,1989,31294,7003,5209,4577,29974,31123,5210,3182,3214,32479,1063,8931,9716,8675,6361,7501,2037,2166,3301,10391,8060,8063,25108,26444,18627
0	827	26083	25341,32048,32056,32101,13056,195,2025,608,266,32406,32625,32161,250,32421,2746,31754,31039,3366,5126,109,4714,5220,5481,2031,4578,1989,31294,7003,5209,4577,29974,31123,5210,3182,3214,32479,1063,8931,9716,8675,6361,7501,2037,2166,3301,10391,8060,8063,25108,26444,18627
1	827	26132	25341,32048,32056,32101,13056,195,2025,608,266,32406,32625,32161,250,32421,2746,31754,31039,3366,5126,109,4714,5220,5481,2031,4578,1989,31294,7003,5209,4577,29974,31123,5210,3182,3214,32479,1063,8931,9716,8675,6361,7501,2037,2166,3301,10391,8060,8063,25108,26444,18627
0	827	17693	25341,32048,32056,32101,13056,195,2025,608,266,32406,32625,32161,250,32421,2746,31754,31039,3366,5126,109,4714,5220,5481,2031,4578,1989,31294,7003,5209,4577,29974,31123,5210,3182,3214,32479,1063,8931,9716,8675,6361,7501,2037,2166,3301,10391,8060,8063,25108,26444,18627,26132
0	827	9710	25341,32048,32056,32101,13056,195,2025,608,266,32406,32625,32161,250,32421,2746,31754,31039,3366,5126,109,4714,5220,5481,2031,4578,1989,31294,7003,5209,4577,29974,31123,5210,3182,3214,32479,1063,8931,9716,8675,6361,7501,2037,2166,3301,10391,8060,8063,25108,26444,18627,26132
0	827	18940	25341,32048,32056,32101,13056,195,2025,608,266,32406,32625,32161,250,32421,2746,31754,31039,3366,5126,109,4714,5220,5481,2031,4578,1989,31294,7003,5209,4577,29974,31123,5210,3182,3214,32479,1063,8931,9716,8675,6361,7501,2037,2166,3301,10391,8060,8063,25108,26444,18627,26132
