1	1271	11907	0
1	1271	3079	11907
1	1271	5171	11907,3079
0	1271	4773	11907,3079,5171
1	1271	213	11907,3079,5171
1	1271	7041	11907,3079,5171,213
0	1271	12240	11907,3079,5171,213,7041
0	1271	12672	11907,3079,5171,213,7041
0	1271	12899	11907,3079,5171,213,7041
1	1271	8620	11907,3079,5171,213,7041
0	1271	13223	11907,3079,5171,213,7041,8620
1	1271	17720	11907,3079,5171,213,7041,8620
1	1271	16023	11907,3079,5171,213,7041,8620,17720
1	1271	17632	11907,3079,5171,213,7041,8620,17720,16023
1	1271	14400	11907,3079,5171,213,7041,8620,17720,16023,17632
1	1271	22177	11907,3079,5171,213,7041,8620,17720,16023,17632,14400
0	1271	22878	11907,3079,5171,213,7041,8620,17720,16023,17632,14400,22177
0	1271	22804	11907,3079,5171,213,7041,8620,17720,16023,17632,14400,22177
0	1271	23127	11907,3079,5171,213,7041,8620,17720,16023,17632,14400,22177
1	1271	15211	11907,3079,5171,213,7041,8620,17720,16023,17632,14400,22177
0	1271	23128	11907,3079,5171,213,7041,8620,17720,16023,17632,14400,22177,15211
1	1271	9647	11907,3079,5171,213,7041,8620,17720,16023,17632,14400,22177,15211
1	1271	23452	11907,3079,5171,213,7041,8620,17720,16023,17632,14400,22177,15211,9647
0	1271	23768	11907,3079,5171,213,7041,8620,17720,16023,17632,14400,22177,15211,9647,23452
0	1271	27248	11907,3079,5171,213,7041,8620,17720,16023,17632,14400,22177,15211,9647,23452
0	1271	25030	11907,3079,5171,213,7041,8620,17720,16023,17632,14400,22177,15211,9647,23452
1	1271	21017	11907,3079,5171,213,7041,8620,17720,16023,17632,14400,22177,15211,9647,23452
0	1271	27366	11907,3079,5171,213,7041,8620,17720,16023,17632,14400,22177,15211,9647,23452,21017
0	1271	27895	11907,3079,5171,213,7041,8620,17720,16023,17632,14400,22177,15211,9647,23452,21017
1	1271	28517	11907,3079,5171,213,7041,8620,17720,16023,17632,14400,22177,15211,9647,23452,21017
0	1271	28737	11907,3079,5171,213,7041,8620,17720,16023,17632,14400,22177,15211,9647,23452,21017,28517
1	1271	29362	11907,3079,5171,213,7041,8620,17720,16023,17632,14400,22177,15211,9647,23452,21017,28517
