0	432	29808	0
1	432	5341	0
1	432	6513	5341
0	432	5273	5341,6513
0	432	5274	5341,6513
1	432	5210	5341,6513
1	432	6960	5341,6513,5210
0	432	10121	5341,6513,5210,6960
0	432	4409	5341,6513,5210,6960
1	432	10672	5341,6513,5210,6960
1	432	10541	5341,6513,5210,6960,10672
1	432	9900	5341,6513,5210,6960,10672,10541
1	432	12950	5341,6513,5210,6960,10672,10541,9900
0	432	13221	5341,6513,5210,6960,10672,10541,9900,12950
1	432	31988	5341,6513,5210,6960,10672,10541,9900,12950
1	432	3282	5341,6513,5210,6960,10672,10541,9900,12950,31988
1	432	13750	5341,6513,5210,6960,10672,10541,9900,12950,31988,3282
0	432	1089	5341,6513,5210,6960,10672,10541,9900,12950,31988,3282,13750
1	432	7627	5341,6513,5210,6960,10672,10541,9900,12950,31988,3282,13750
1	432	14122	5341,6513,5210,6960,10672,10541,9900,12950,31988,3282,13750,7627
0	432	14308	5341,6513,5210,6960,10672,10541,9900,12950,31988,3282,13750,7627,14122
1	432	9702	5341,6513,5210,6960,10672,10541,9900,12950,31988,3282,13750,7627,14122
1	432	4013	5341,6513,5210,6960,10672,10541,9900,12950,31988,3282,13750,7627,14122,9702
0	432	13960	5341,6513,5210,6960,10672,10541,9900,12950,31988,3282,13750,7627,14122,9702,4013
0	432	16929	5341,6513,5210,6960,10672,10541,9900,12950,31988,3282,13750,7627,14122,9702,4013
1	432	17062	5341,6513,5210,6960,10672,10541,9900,12950,31988,3282,13750,7627,14122,9702,4013
0	432	16332	5341,6513,5210,6960,10672,10541,9900,12950,31988,3282,13750,7627,14122,9702,4013,17062
1	432	18821	5341,6513,5210,6960,10672,10541,9900,12950,31988,3282,13750,7627,14122,9702,4013,17062
0	432	19636	5341,6513,5210,6960,10672,10541,9900,12950,31988,3282,13750,7627,14122,9702,4013,17062,18821
0	432	21164	5341,6513,5210,6960,10672,10541,9900,12950,31988,3282,13750,7627,14122,9702,4013,17062,18821
0	432	14146	5341,6513,5210,6960,10672,10541,9900,12950,31988,3282,13750,7627,14122,9702,4013,17062,18821
0	432	18688	5341,6513,5210,6960,10672,10541,9900,12950,31988,3282,13750,7627,14122,9702,4013,17062,18821
0	432	21440	5341,6513,5210,6960,10672,10541,9900,12950,31988,3282,13750,7627,14122,9702,4013,17062,18821
0	432	4183	5341,6513,5210,6960,10672,10541,9900,12950,31988,3282,13750,7627,14122,9702,4013,17062,18821
0	432	23230	5341,6513,5210,6960,10672,10541,9900,12950,31988,3282,13750,7627,14122,9702,4013,17062,18821
0	432	25568	5341,6513,5210,6960,10672,10541,9900,12950,31988,3282,13750,7627,14122,9702,4013,17062,18821
0	432	27280	5341,6513,5210,6960,10672,10541,9900,12950,31988,3282,13750,7627,14122,9702,4013,17062,18821
1	432	11843	5341,6513,5210,6960,10672,10541,9900,12950,31988,3282,13750,7627,14122,9702,4013,17062,18821
1	432	10601	5341,6513,5210,6960,10672,10541,9900,12950,31988,3282,13750,7627,14122,9702,4013,17062,18821,11843
0	432	28179	5341,6513,5210,6960,10672,10541,9900,12950,31988,3282,13750,7627,14122,9702,4013,17062,18821,11843,10601
1	432	28004	5341,6513,5210,6960,10672,10541,9900,12950,31988,3282,13750,7627,14122,9702,4013,17062,18821,11843,10601
