1	35	8891	0
1	35	9775	8891
0	35	6957	8891,9775
0	35	8960	8891,9775
1	35	32748	8891,9775
1	35	8957	8891,9775,32748
1	35	9726	8891,9775,32748,8957
0	35	8350	8891,9775,32748,8957,9726
1	35	8729	8891,9775,32748,8957,9726
1	35	10713	8891,9775,32748,8957,9726,8729
0	35	13696	8891,9775,32748,8957,9726,8729,10713
1	35	13533	8891,9775,32748,8957,9726,8729,10713
1	35	15280	8891,9775,32748,8957,9726,8729,10713,13533
1	35	17188	8891,9775,32748,8957,9726,8729,10713,13533,15280
1	35	15467	8891,9775,32748,8957,9726,8729,10713,13533,15280,17188
1	35	16331	8891,9775,32748,8957,9726,8729,10713,13533,15280,17188,15467
1	35	18671	8891,9775,32748,8957,9726,8729,10713,13533,15280,17188,15467,16331
0	35	19612	8891,9775,32748,8957,9726,8729,10713,13533,15280,17188,15467,16331,18671
1	35	20105	8891,9775,32748,8957,9726,8729,10713,13533,15280,17188,15467,16331,18671
1	35	21109	8891,9775,32748,8957,9726,8729,10713,13533,15280,17188,15467,16331,18671,20105
0	35	21063	8891,9775,32748,8957,9726,8729,10713,13533,15280,17188,15467,16331,18671,20105,21109
1	35	20747	8891,9775,32748,8957,9726,8729,10713,13533,15280,17188,15467,16331,18671,20105,21109
0	35	19030	8891,9775,32748,8957,9726,8729,10713,13533,15280,17188,15467,16331,18671,20105,21109,20747
1	35	11855	8891,9775,32748,8957,9726,8729,10713,13533,15280,17188,15467,16331,18671,20105,21109,20747
1	35	24774	8891,9775,32748,8957,9726,8729,10713,13533,15280,17188,15467,16331,18671,20105,21109,20747,11855
1	35	22111	8891,9775,32748,8957,9726,8729,10713,13533,15280,17188,15467,16331,18671,20105,21109,20747,11855,24774
1	35	24384	8891,9775,32748,8957,9726,8729,10713,13533,15280,17188,15467,16331,18671,20105,21109,20747,11855,24774,22111
1	35	25464	8891,9775,32748,8957,9726,8729,10713,13533,15280,17188,15467,16331,18671,20105,21109,20747,11855,24774,22111,24384
1	35	15220	8891,9775,32748,8957,9726,8729,10713,13533,15280,17188,15467,16331,18671,20105,21109,20747,11855,24774,22111,24384,25464
0	35	4845	8891,9775,32748,8957,9726,8729,10713,13533,15280,17188,15467,16331,18671,20105,21109,20747,11855,24774,22111,24384,25464,15220
0	35	10155	8891,9775,32748,8957,9726,8729,10713,13533,15280,17188,15467,16331,18671,20105,21109,20747,11855,24774,22111,24384,25464,15220
1	35	11416	8891,9775,32748,8957,9726,8729,10713,13533,15280,17188,15467,16331,18671,20105,21109,20747,11855,24774,22111,24384,25464,15220
0	35	23768	8891,9775,32748,8957,9726,8729,10713,13533,15280,17188,15467,16331,18671,20105,21109,20747,11855,24774,22111,24384,25464,15220,11416
0	35	837	8891,9775,32748,8957,9726,8729,10713,13533,15280,17188,15467,16331,18671,20105,21109,20747,11855,24774,22111,24384,25464,15220,11416
0	35	26323	8891,9775,32748,8957,9726,8729,10713,13533,15280,17188,15467,16331,18671,20105,21109,20747,11855,24774,22111,24384,25464,15220,11416
0	35	24048	8891,9775,32748,8957,9726,8729,10713,13533,15280,17188,15467,16331,18671,20105,21109,20747,11855,24774,22111,24384,25464,15220,11416
0	35	27797	8891,9775,32748,8957,9726,8729,10713,13533,15280,17188,15467,16331,18671,20105,21109,20747,11855,24774,22111,24384,25464,15220,11416
1	35	15361	8891,9775,32748,8957,9726,8729,10713,13533,15280,17188,15467,16331,18671,20105,21109,20747,11855,24774,22111,24384,25464,15220,11416
0	35	27936	8891,9775,32748,8957,9726,8729,10713,13533,15280,17188,15467,16331,18671,20105,21109,20747,11855,24774,22111,24384,25464,15220,11416,15361
1	35	27582	8891,9775,32748,8957,9726,8729,10713,13533,15280,17188,15467,16331,18671,20105,21109,20747,11855,24774,22111,24384,25464,15220,11416,15361
1	35	28889	8891,9775,32748,8957,9726,8729,10713,13533,15280,17188,15467,16331,18671,20105,21109,20747,11855,24774,22111,24384,25464,15220,11416,15361,27582
