1	1066	6832	0
1	1066	7868	6832
0	1066	6403	6832,7868
1	1066	31632	6832,7868
0	1066	928	6832,7868,31632
0	1066	3503	6832,7868,31632
1	1066	10945	6832,7868,31632
0	1066	8490	6832,7868,31632,10945
0	1066	9872	6832,7868,31632,10945
1	1066	10761	6832,7868,31632,10945
1	1066	20416	6832,7868,31632,10945,10761
1	1066	9411	6832,7868,31632,10945,10761,20416
0	1066	13215	6832,7868,31632,10945,10761,20416,9411
1	1066	11363	6832,7868,31632,10945,10761,20416,9411
1	1066	17419	6832,7868,31632,10945,10761,20416,9411,11363
1	1066	19620	6832,7868,31632,10945,10761,20416,9411,11363,17419
1	1066	11556	6832,7868,31632,10945,10761,20416,9411,11363,17419,19620
0	1066	1136	6832,7868,31632,10945,10761,20416,9411,11363,17419,19620,11556
1	1066	23391	6832,7868,31632,10945,10761,20416,9411,11363,17419,19620,11556
1	1066	32831	6832,7868,31632,10945,10761,20416,9411,11363,17419,19620,11556,23391
1	1066	7926	6832,7868,31632,10945,10761,20416,9411,11363,17419,19620,11556,23391,32831
1	1066	4823	6832,7868,31632,10945,10761,20416,9411,11363,17419,19620,11556,23391,32831,7926
1	1066	12948	6832,7868,31632,10945,10761,20416,9411,11363,17419,19620,11556,23391,32831,7926,4823
1	1066	7092	6832,7868,31632,10945,10761,20416,9411,11363,17419,19620,11556,23391,32831,7926,4823,12948
1	1066	17116	6832,7868,31632,10945,10761,20416,9411,11363,17419,19620,11556,23391,32831,7926,4823,12948,7092
1	1066	22844	6832,7868,31632,10945,10761,20416,9411,11363,17419,19620,11556,23391,32831,7926,4823,12948,7092,17116
1	1066	8505	6832,7868,31632,10945,10761,20416,9411,11363,17419,19620,11556,23391,32831,7926,4823,12948,7092,17116,22844
0	1066	3422	6832,7868,31632,10945,10761,20416,9411,11363,17419,19620,11556,23391,32831,7926,4823,12948,7092,17116,22844,8505
0	1066	24804	6832,7868,31632,10945,10761,20416,9411,11363,17419,19620,11556,23391,32831,7926,4823,12948,7092,17116,22844,8505
0	1066	22085	6832,7868,31632,10945,10761,20416,9411,11363,17419,19620,11556,23391,32831,7926,4823,12948,7092,17116,22844,8505
1	1066	1542	6832,7868,31632,10945,10761,20416,9411,11363,17419,19620,11556,23391,32831,7926,4823,12948,7092,17116,22844,8505
1	1066	24209	6832,7868,31632,10945,10761,20416,9411,11363,17419,19620,11556,23391,32831,7926,4823,12948,7092,17116,22844,8505,1542
1	1066	22141	6832,7868,31632,10945,10761,20416,9411,11363,17419,19620,11556,23391,32831,7926,4823,12948,7092,17116,22844,8505,1542,24209
1	1066	7305	6832,7868,31632,10945,10761,20416,9411,11363,17419,19620,11556,23391,32831,7926,4823,12948,7092,17116,22844,8505,1542,24209,22141
1	1066	7434	6832,7868,31632,10945,10761,20416,9411,11363,17419,19620,11556,23391,32831,7926,4823,12948,7092,17116,22844,8505,1542,24209,22141,7305
1	1066	8671	6832,7868,31632,10945,10761,20416,9411,11363,17419,19620,11556,23391,32831,7926,4823,12948,7092,17116,22844,8505,1542,24209,22141,7305,7434
1	1066	11751	6832,7868,31632,10945,10761,20416,9411,11363,17419,19620,11556,23391,32831,7926,4823,12948,7092,17116,22844,8505,1542,24209,22141,7305,7434,8671
0	1066	16557	6832,7868,31632,10945,10761,20416,9411,11363,17419,19620,11556,23391,32831,7926,4823,12948,7092,17116,22844,8505,1542,24209,22141,7305,7434,8671,11751
1	1066	18819	6832,7868,31632,10945,10761,20416,9411,11363,17419,19620,11556,23391,32831,7926,4823,12948,7092,17116,22844,8505,1542,24209,22141,7305,7434,8671,11751
0	1066	24234	6832,7868,31632,10945,10761,20416,9411,11363,17419,19620,11556,23391,32831,7926,4823,12948,7092,17116,22844,8505,1542,24209,22141,7305,7434,8671,11751,18819
1	1066	24588	6832,7868,31632,10945,10761,20416,9411,11363,17419,19620,11556,23391,32831,7926,4823,12948,7092,17116,22844,8505,1542,24209,22141,7305,7434,8671,11751,18819
1	1066	5854	6832,7868,31632,10945,10761,20416,9411,11363,17419,19620,11556,23391,32831,7926,4823,12948,7092,17116,22844,8505,1542,24209,22141,7305,7434,8671,11751,18819,24588
1	1066	20024	6832,7868,31632,10945,10761,20416,9411,11363,17419,19620,11556,23391,32831,7926,4823,12948,7092,17116,22844,8505,1542,24209,22141,7305,7434,8671,11751,18819,24588,5854
1	1066	10357	6832,7868,31632,10945,10761,20416,9411,11363,17419,19620,11556,23391,32831,7926,4823,12948,7092,17116,22844,8505,1542,24209,22141,7305,7434,8671,11751,18819,24588,5854,20024
