0	1035	6525	0
0	1035	17710	0
0	1035	26930	0
1	1035	32231	0
0	1035	1805	32231
1	1035	4922	32231
0	1035	4926	32231,4922
0	1035	5523	32231,4922
0	1035	5353	32231,4922
0	1035	6276	32231,4922
0	1035	7199	32231,4922
1	1035	8341	32231,4922
0	1035	6890	32231,4922,8341
1	1035	8782	32231,4922,8341
0	1035	8488	32231,4922,8341,8782
0	1035	6958	32231,4922,8341,8782
0	1035	2414	32231,4922,8341,8782
0	1035	9411	32231,4922,8341,8782
0	1035	10375	32231,4922,8341,8782
0	1035	10376	32231,4922,8341,8782
0	1035	7634	32231,4922,8341,8782
0	1035	9909	32231,4922,8341,8782
0	1035	9908	32231,4922,8341,8782
0	1035	11573	32231,4922,8341,8782
0	1035	13214	32231,4922,8341,8782
0	1035	13621	32231,4922,8341,8782
0	1035	13619	32231,4922,8341,8782
0	1035	16628	32231,4922,8341,8782
0	1035	8951	32231,4922,8341,8782
0	1035	9853	32231,4922,8341,8782
0	1035	16455	32231,4922,8341,8782
0	1035	16878	32231,4922,8341,8782
0	1035	17749	32231,4922,8341,8782
0	1035	17488	32231,4922,8341,8782
0	1035	15615	32231,4922,8341,8782
0	1035	18972	32231,4922,8341,8782
0	1035	19931	32231,4922,8341,8782
0	1035	17462	32231,4922,8341,8782
0	1035	19306	32231,4922,8341,8782
0	1035	24737	32231,4922,8341,8782
0	1035	20203	32231,4922,8341,8782
1	1035	20342	32231,4922,8341,8782
0	1035	19313	32231,4922,8341,8782,20342
0	1035	22314	32231,4922,8341,8782,20342
0	1035	20343	32231,4922,8341,8782,20342
0	1035	23447	32231,4922,8341,8782,20342
0	1035	19030	32231,4922,8341,8782,20342
0	1035	22107	32231,4922,8341,8782,20342
1	1035	23491	32231,4922,8341,8782,20342
1	1035	23804	32231,4922,8341,8782,20342,23491
0	1035	13798	32231,4922,8341,8782,20342,23491,23804
0	1035	23768	32231,4922,8341,8782,20342,23491,23804
0	1035	17058	32231,4922,8341,8782,20342,23491,23804
0	1035	23159	32231,4922,8341,8782,20342,23491,23804
0	1035	25030	32231,4922,8341,8782,20342,23491,23804
0	1035	24000	32231,4922,8341,8782,20342,23491,23804
0	1035	25337	32231,4922,8341,8782,20342,23491,23804
0	1035	26973	32231,4922,8341,8782,20342,23491,23804
0	1035	26941	32231,4922,8341,8782,20342,23491,23804
0	1035	29132	32231,4922,8341,8782,20342,23491,23804
0	1035	28262	32231,4922,8341,8782,20342,23491,23804
0	1035	28877	32231,4922,8341,8782,20342,23491,23804
