1	1531	20846	0
0	1531	31781	20846
1	1531	31851	20846
1	1531	1712	20846,31851
0	1531	3559	20846,31851,1712
1	1531	8452	20846,31851,1712
1	1531	10697	20846,31851,1712,8452
1	1531	19860	20846,31851,1712,8452,10697
1	1531	22512	20846,31851,1712,8452,10697,19860
0	1531	98	20846,31851,1712,8452,10697,19860,22512
0	1531	1057	20846,31851,1712,8452,10697,19860,22512
0	1531	2042	20846,31851,1712,8452,10697,19860,22512
1	1531	2634	20846,31851,1712,8452,10697,19860,22512
0	1531	2650	20846,31851,1712,8452,10697,19860,22512,2634
0	1531	2807	20846,31851,1712,8452,10697,19860,22512,2634
1	1531	4240	20846,31851,1712,8452,10697,19860,22512,2634
0	1531	7716	20846,31851,1712,8452,10697,19860,22512,2634,4240
0	1531	10693	20846,31851,1712,8452,10697,19860,22512,2634,4240
1	1531	11173	20846,31851,1712,8452,10697,19860,22512,2634,4240
1	1531	13131	20846,31851,1712,8452,10697,19860,22512,2634,4240,11173
1	1531	16695	20846,31851,1712,8452,10697,19860,22512,2634,4240,11173,13131
0	1531	17921	20846,31851,1712,8452,10697,19860,22512,2634,4240,11173,13131,16695
1	1531	23557	20846,31851,1712,8452,10697,19860,22512,2634,4240,11173,13131,16695
1	1531	25869	20846,31851,1712,8452,10697,19860,22512,2634,4240,11173,13131,16695,23557
1	1531	20808	20846,31851,1712,8452,10697,19860,22512,2634,4240,11173,13131,16695,23557,25869
1	1531	31478	20846,31851,1712,8452,10697,19860,22512,2634,4240,11173,13131,16695,23557,25869,20808
0	1531	31632	20846,31851,1712,8452,10697,19860,22512,2634,4240,11173,13131,16695,23557,25869,20808,31478
1	1531	1082	20846,31851,1712,8452,10697,19860,22512,2634,4240,11173,13131,16695,23557,25869,20808,31478
1	1531	4192	20846,31851,1712,8452,10697,19860,22512,2634,4240,11173,13131,16695,23557,25869,20808,31478,1082
1	1531	6187	20846,31851,1712,8452,10697,19860,22512,2634,4240,11173,13131,16695,23557,25869,20808,31478,1082,4192
1	1531	8259	20846,31851,1712,8452,10697,19860,22512,2634,4240,11173,13131,16695,23557,25869,20808,31478,1082,4192,6187
0	1531	8316	20846,31851,1712,8452,10697,19860,22512,2634,4240,11173,13131,16695,23557,25869,20808,31478,1082,4192,6187,8259
1	1531	8501	20846,31851,1712,8452,10697,19860,22512,2634,4240,11173,13131,16695,23557,25869,20808,31478,1082,4192,6187,8259
1	1531	8671	20846,31851,1712,8452,10697,19860,22512,2634,4240,11173,13131,16695,23557,25869,20808,31478,1082,4192,6187,8259,8501
1	1531	15258	20846,31851,1712,8452,10697,19860,22512,2634,4240,11173,13131,16695,23557,25869,20808,31478,1082,4192,6187,8259,8501,8671
1	1531	18843	20846,31851,1712,8452,10697,19860,22512,2634,4240,11173,13131,16695,23557,25869,20808,31478,1082,4192,6187,8259,8501,8671,15258
0	1531	21952	20846,31851,1712,8452,10697,19860,22512,2634,4240,11173,13131,16695,23557,25869,20808,31478,1082,4192,6187,8259,8501,8671,15258,18843
0	1531	23186	20846,31851,1712,8452,10697,19860,22512,2634,4240,11173,13131,16695,23557,25869,20808,31478,1082,4192,6187,8259,8501,8671,15258,18843
1	1531	23449	20846,31851,1712,8452,10697,19860,22512,2634,4240,11173,13131,16695,23557,25869,20808,31478,1082,4192,6187,8259,8501,8671,15258,18843
1	1531	24922	20846,31851,1712,8452,10697,19860,22512,2634,4240,11173,13131,16695,23557,25869,20808,31478,1082,4192,6187,8259,8501,8671,15258,18843,23449
1	1531	25803	20846,31851,1712,8452,10697,19860,22512,2634,4240,11173,13131,16695,23557,25869,20808,31478,1082,4192,6187,8259,8501,8671,15258,18843,23449,24922
1	1531	28219	20846,31851,1712,8452,10697,19860,22512,2634,4240,11173,13131,16695,23557,25869,20808,31478,1082,4192,6187,8259,8501,8671,15258,18843,23449,24922,25803
1	1531	28434	20846,31851,1712,8452,10697,19860,22512,2634,4240,11173,13131,16695,23557,25869,20808,31478,1082,4192,6187,8259,8501,8671,15258,18843,23449,24922,25803,28219
1	1531	28458	20846,31851,1712,8452,10697,19860,22512,2634,4240,11173,13131,16695,23557,25869,20808,31478,1082,4192,6187,8259,8501,8671,15258,18843,23449,24922,25803,28219,28434
1	1531	32301	20846,31851,1712,8452,10697,19860,22512,2634,4240,11173,13131,16695,23557,25869,20808,31478,1082,4192,6187,8259,8501,8671,15258,18843,23449,24922,25803,28219,28434,28458
1	1531	6508	20846,31851,1712,8452,10697,19860,22512,2634,4240,11173,13131,16695,23557,25869,20808,31478,1082,4192,6187,8259,8501,8671,15258,18843,23449,24922,25803,28219,28434,28458,32301
1	1531	22591	20846,31851,1712,8452,10697,19860,22512,2634,4240,11173,13131,16695,23557,25869,20808,31478,1082,4192,6187,8259,8501,8671,15258,18843,23449,24922,25803,28219,28434,28458,32301,6508
0	1531	27110	20846,31851,1712,8452,10697,19860,22512,2634,4240,11173,13131,16695,23557,25869,20808,31478,1082,4192,6187,8259,8501,8671,15258,18843,23449,24922,25803,28219,28434,28458,32301,6508,22591
1	1531	22245	20846,31851,1712,8452,10697,19860,22512,2634,4240,11173,13131,16695,23557,25869,20808,31478,1082,4192,6187,8259,8501,8671,15258,18843,23449,24922,25803,28219,28434,28458,32301,6508,22591
0	1531	8277	20846,31851,1712,8452,10697,19860,22512,2634,4240,11173,13131,16695,23557,25869,20808,31478,1082,4192,6187,8259,8501,8671,15258,18843,23449,24922,25803,28219,28434,28458,32301,6508,22591,22245
1	1531	15155	20846,31851,1712,8452,10697,19860,22512,2634,4240,11173,13131,16695,23557,25869,20808,31478,1082,4192,6187,8259,8501,8671,15258,18843,23449,24922,25803,28219,28434,28458,32301,6508,22591,22245
1	1531	18822	20846,31851,1712,8452,10697,19860,22512,2634,4240,11173,13131,16695,23557,25869,20808,31478,1082,4192,6187,8259,8501,8671,15258,18843,23449,24922,25803,28219,28434,28458,32301,6508,22591,22245,15155
1	1531	23222	20846,31851,1712,8452,10697,19860,22512,2634,4240,11173,13131,16695,23557,25869,20808,31478,1082,4192,6187,8259,8501,8671,15258,18843,23449,24922,25803,28219,28434,28458,32301,6508,22591,22245,15155,18822
1	1531	24235	20846,31851,1712,8452,10697,19860,22512,2634,4240,11173,13131,16695,23557,25869,20808,31478,1082,4192,6187,8259,8501,8671,15258,18843,23449,24922,25803,28219,28434,28458,32301,6508,22591,22245,15155,18822,23222
1	1531	25283	20846,31851,1712,8452,10697,19860,22512,2634,4240,11173,13131,16695,23557,25869,20808,31478,1082,4192,6187,8259,8501,8671,15258,18843,23449,24922,25803,28219,28434,28458,32301,6508,22591,22245,15155,18822,23222,24235
0	1531	25702	20846,31851,1712,8452,10697,19860,22512,2634,4240,11173,13131,16695,23557,25869,20808,31478,1082,4192,6187,8259,8501,8671,15258,18843,23449,24922,25803,28219,28434,28458,32301,6508,22591,22245,15155,18822,23222,24235,25283
1	1531	27056	20846,31851,1712,8452,10697,19860,22512,2634,4240,11173,13131,16695,23557,25869,20808,31478,1082,4192,6187,8259,8501,8671,15258,18843,23449,24922,25803,28219,28434,28458,32301,6508,22591,22245,15155,18822,23222,24235,25283
1	1531	28220	20846,31851,1712,8452,10697,19860,22512,2634,4240,11173,13131,16695,23557,25869,20808,31478,1082,4192,6187,8259,8501,8671,15258,18843,23449,24922,25803,28219,28434,28458,32301,6508,22591,22245,15155,18822,23222,24235,25283,27056
0	1531	28872	20846,31851,1712,8452,10697,19860,22512,2634,4240,11173,13131,16695,23557,25869,20808,31478,1082,4192,6187,8259,8501,8671,15258,18843,23449,24922,25803,28219,28434,28458,32301,6508,22591,22245,15155,18822,23222,24235,25283,27056,28220
1	1531	29117	20846,31851,1712,8452,10697,19860,22512,2634,4240,11173,13131,16695,23557,25869,20808,31478,1082,4192,6187,8259,8501,8671,15258,18843,23449,24922,25803,28219,28434,28458,32301,6508,22591,22245,15155,18822,23222,24235,25283,27056,28220
