0	1136	32371	0
0	1136	4532	0
0	1136	5169	0
0	1136	25500	0
0	1136	7199	0
0	1136	6958	0
0	1136	9007	0
0	1136	5341	0
0	1136	32251	0
1	1136	1822	0
0	1136	8067	1822
0	1136	9429	1822
0	1136	5684	1822
0	1136	10792	1822
0	1136	10793	1822
0	1136	10780	1822
1	1136	11891	1822
0	1136	13743	1822,11891
0	1136	13745	1822,11891
0	1136	13992	1822,11891
0	1136	16753	1822,11891
0	1136	8391	1822,11891
0	1136	4436	1822,11891
0	1136	16825	1822,11891
0	1136	3043	1822,11891
0	1136	10740	1822,11891
0	1136	17011	1822,11891
0	1136	15218	1822,11891
0	1136	18805	1822,11891
0	1136	20115	1822,11891
0	1136	14400	1822,11891
0	1136	19396	1822,11891
0	1136	20442	1822,11891
0	1136	19561	1822,11891
0	1136	26438	1822,11891
0	1136	17132	1822,11891
0	1136	20966	1822,11891
0	1136	6612	1822,11891
0	1136	20954	1822,11891
0	1136	24458	1822,11891
0	1136	26659	1822,11891
0	1136	23453	1822,11891
0	1136	21393	1822,11891
0	1136	25811	1822,11891
0	1136	27720	1822,11891
0	1136	23316	1822,11891
0	1136	28600	1822,11891
0	1136	28038	1822,11891
0	1136	28883	1822,11891
0	1136	28706	1822,11891
