1	1114	7862	0
1	1114	23727	7862
1	1114	31101	7862,23727
0	1114	1582	7862,23727,31101
0	1114	13754	7862,23727,31101
0	1114	7414	7862,23727,31101
0	1114	10541	7862,23727,31101
1	1114	12150	7862,23727,31101
1	1114	11736	7862,23727,31101,12150
1	1114	14821	7862,23727,31101,12150,11736
1	1114	15747	7862,23727,31101,12150,11736,14821
1	1114	9698	7862,23727,31101,12150,11736,14821,15747
1	1114	19705	7862,23727,31101,12150,11736,14821,15747,9698
0	1114	9250	7862,23727,31101,12150,11736,14821,15747,9698,19705
0	1114	1885	7862,23727,31101,12150,11736,14821,15747,9698,19705
0	1114	19169	7862,23727,31101,12150,11736,14821,15747,9698,19705
0	1114	15499	7862,23727,31101,12150,11736,14821,15747,9698,19705
1	1114	11507	7862,23727,31101,12150,11736,14821,15747,9698,19705
1	1114	23491	7862,23727,31101,12150,11736,14821,15747,9698,19705,11507
0	1114	25006	7862,23727,31101,12150,11736,14821,15747,9698,19705,11507,23491
1	1114	11606	7862,23727,31101,12150,11736,14821,15747,9698,19705,11507,23491
1	1114	23452	7862,23727,31101,12150,11736,14821,15747,9698,19705,11507,23491,11606
1	1114	26515	7862,23727,31101,12150,11736,14821,15747,9698,19705,11507,23491,11606,23452
0	1114	15211	7862,23727,31101,12150,11736,14821,15747,9698,19705,11507,23491,11606,23452,26515
0	1114	25169	7862,23727,31101,12150,11736,14821,15747,9698,19705,11507,23491,11606,23452,26515
0	1114	24195	7862,23727,31101,12150,11736,14821,15747,9698,19705,11507,23491,11606,23452,26515
0	1114	27077	7862,23727,31101,12150,11736,14821,15747,9698,19705,11507,23491,11606,23452,26515
0	1114	27369	7862,23727,31101,12150,11736,14821,15747,9698,19705,11507,23491,11606,23452,26515
0	1114	27117	7862,23727,31101,12150,11736,14821,15747,9698,19705,11507,23491,11606,23452,26515
0	1114	26907	7862,23727,31101,12150,11736,14821,15747,9698,19705,11507,23491,11606,23452,26515
1	1114	22974	7862,23727,31101,12150,11736,14821,15747,9698,19705,11507,23491,11606,23452,26515
0	1114	25988	7862,23727,31101,12150,11736,14821,15747,9698,19705,11507,23491,11606,23452,26515,22974
0	1114	27750	7862,23727,31101,12150,11736,14821,15747,9698,19705,11507,23491,11606,23452,26515,22974
0	1114	28609	7862,23727,31101,12150,11736,14821,15747,9698,19705,11507,23491,11606,23452,26515,22974
