1	1153	79	0
1	1153	32856	79
1	1153	31342	79,32856
0	1153	31612	79,32856,31342
0	1153	32765	79,32856,31342
1	1153	5433	79,32856,31342
1	1153	14031	79,32856,31342,5433
1	1153	3117	79,32856,31342,5433,14031
0	1153	1706	79,32856,31342,5433,14031,3117
1	1153	4101	79,32856,31342,5433,14031,3117
1	1153	2590	79,32856,31342,5433,14031,3117,4101
1	1153	335	79,32856,31342,5433,14031,3117,4101,2590
0	1153	746	79,32856,31342,5433,14031,3117,4101,2590,335
1	1153	22836	79,32856,31342,5433,14031,3117,4101,2590,335
0	1153	793	79,32856,31342,5433,14031,3117,4101,2590,335,22836
0	1153	564	79,32856,31342,5433,14031,3117,4101,2590,335,22836
1	1153	32211	79,32856,31342,5433,14031,3117,4101,2590,335,22836
0	1153	15436	79,32856,31342,5433,14031,3117,4101,2590,335,22836,32211
0	1153	6731	79,32856,31342,5433,14031,3117,4101,2590,335,22836,32211
1	1153	9255	79,32856,31342,5433,14031,3117,4101,2590,335,22836,32211
0	1153	3603	79,32856,31342,5433,14031,3117,4101,2590,335,22836,32211,9255
1	1153	10299	79,32856,31342,5433,14031,3117,4101,2590,335,22836,32211,9255
0	1153	9903	79,32856,31342,5433,14031,3117,4101,2590,335,22836,32211,9255,10299
1	1153	8659	79,32856,31342,5433,14031,3117,4101,2590,335,22836,32211,9255,10299
1	1153	8729	79,32856,31342,5433,14031,3117,4101,2590,335,22836,32211,9255,10299,8659
0	1153	12652	79,32856,31342,5433,14031,3117,4101,2590,335,22836,32211,9255,10299,8659,8729
1	1153	10712	79,32856,31342,5433,14031,3117,4101,2590,335,22836,32211,9255,10299,8659,8729
0	1153	13492	79,32856,31342,5433,14031,3117,4101,2590,335,22836,32211,9255,10299,8659,8729,10712
1	1153	15219	79,32856,31342,5433,14031,3117,4101,2590,335,22836,32211,9255,10299,8659,8729,10712
0	1153	13434	79,32856,31342,5433,14031,3117,4101,2590,335,22836,32211,9255,10299,8659,8729,10712,15219
0	1153	15968	79,32856,31342,5433,14031,3117,4101,2590,335,22836,32211,9255,10299,8659,8729,10712,15219
0	1153	16023	79,32856,31342,5433,14031,3117,4101,2590,335,22836,32211,9255,10299,8659,8729,10712,15219
1	1153	17870	79,32856,31342,5433,14031,3117,4101,2590,335,22836,32211,9255,10299,8659,8729,10712,15219
1	1153	15015	79,32856,31342,5433,14031,3117,4101,2590,335,22836,32211,9255,10299,8659,8729,10712,15219,17870
1	1153	18277	79,32856,31342,5433,14031,3117,4101,2590,335,22836,32211,9255,10299,8659,8729,10712,15219,17870,15015
0	1153	17462	79,32856,31342,5433,14031,3117,4101,2590,335,22836,32211,9255,10299,8659,8729,10712,15219,17870,15015,18277
1	1153	10827	79,32856,31342,5433,14031,3117,4101,2590,335,22836,32211,9255,10299,8659,8729,10712,15219,17870,15015,18277
0	1153	19928	79,32856,31342,5433,14031,3117,4101,2590,335,22836,32211,9255,10299,8659,8729,10712,15219,17870,15015,18277,10827
0	1153	9703	79,32856,31342,5433,14031,3117,4101,2590,335,22836,32211,9255,10299,8659,8729,10712,15219,17870,15015,18277,10827
0	1153	23636	79,32856,31342,5433,14031,3117,4101,2590,335,22836,32211,9255,10299,8659,8729,10712,15219,17870,15015,18277,10827
0	1153	10739	79,32856,31342,5433,14031,3117,4101,2590,335,22836,32211,9255,10299,8659,8729,10712,15219,17870,15015,18277,10827
0	1153	15753	79,32856,31342,5433,14031,3117,4101,2590,335,22836,32211,9255,10299,8659,8729,10712,15219,17870,15015,18277,10827
0	1153	19471	79,32856,31342,5433,14031,3117,4101,2590,335,22836,32211,9255,10299,8659,8729,10712,15219,17870,15015,18277,10827
0	1153	24425	79,32856,31342,5433,14031,3117,4101,2590,335,22836,32211,9255,10299,8659,8729,10712,15219,17870,15015,18277,10827
0	1153	27586	79,32856,31342,5433,14031,3117,4101,2590,335,22836,32211,9255,10299,8659,8729,10712,15219,17870,15015,18277,10827
0	1153	26409	79,32856,31342,5433,14031,3117,4101,2590,335,22836,32211,9255,10299,8659,8729,10712,15219,17870,15015,18277,10827
0	1153	28161	79,32856,31342,5433,14031,3117,4101,2590,335,22836,32211,9255,10299,8659,8729,10712,15219,17870,15015,18277,10827
1	1153	28730	79,32856,31342,5433,14031,3117,4101,2590,335,22836,32211,9255,10299,8659,8729,10712,15219,17870,15015,18277,10827
1	1153	27218	79,32856,31342,5433,14031,3117,4101,2590,335,22836,32211,9255,10299,8659,8729,10712,15219,17870,15015,18277,10827,28730
0	1153	25915	79,32856,31342,5433,14031,3117,4101,2590,335,22836,32211,9255,10299,8659,8729,10712,15219,17870,15015,18277,10827,28730,27218
1	1153	28262	79,32856,31342,5433,14031,3117,4101,2590,335,22836,32211,9255,10299,8659,8729,10712,15219,17870,15015,18277,10827,28730,27218
1	1153	28592	79,32856,31342,5433,14031,3117,4101,2590,335,22836,32211,9255,10299,8659,8729,10712,15219,17870,15015,18277,10827,28730,27218,28262
0	1153	28593	79,32856,31342,5433,14031,3117,4101,2590,335,22836,32211,9255,10299,8659,8729,10712,15219,17870,15015,18277,10827,28730,27218,28262,28592
0	1153	28947	79,32856,31342,5433,14031,3117,4101,2590,335,22836,32211,9255,10299,8659,8729,10712,15219,17870,15015,18277,10827,28730,27218,28262,28592
