0	1346	7628	0
0	1346	1806	0
0	1346	2161	0
0	1346	4773	0
0	1346	17278	0
0	1346	8629	0
0	1346	10659	0
0	1346	12044	0
0	1346	13867	0
1	1346	15459	0
0	1346	15823	15459
0	1346	15467	15459
0	1346	16453	15459
0	1346	13949	15459
0	1346	2836	15459
0	1346	19176	15459
0	1346	19350	15459
0	1346	20443	15459
0	1346	20399	15459
0	1346	19862	15459
1	1346	23490	15459
0	1346	20658	15459,23490
0	1346	21312	15459,23490
0	1346	16088	15459,23490
0	1346	24181	15459,23490
1	1346	24663	15459,23490
0	1346	22221	15459,23490,24663
1	1346	25258	15459,23490,24663
0	1346	23780	15459,23490,24663,25258
0	1346	26759	15459,23490,24663,25258
0	1346	9647	15459,23490,24663,25258
0	1346	28600	15459,23490,24663,25258
1	1346	29330	15459,23490,24663,25258
0	1346	28872	15459,23490,24663,25258,29330
0	1346	28829	15459,23490,24663,25258,29330
