1	986	16754	0
1	986	8012	16754
1	986	8084	16754,8012
1	986	17841	16754,8012,8084
1	986	16289	16754,8012,8084,17841
1	986	9663	16754,8012,8084,17841,16289
1	986	14041	16754,8012,8084,17841,16289,9663
0	986	19229	16754,8012,8084,17841,16289,9663,14041
1	986	19317	16754,8012,8084,17841,16289,9663,14041
1	986	9021	16754,8012,8084,17841,16289,9663,14041,19317
1	986	10877	16754,8012,8084,17841,16289,9663,14041,19317,9021
1	986	18171	16754,8012,8084,17841,16289,9663,14041,19317,9021,10877
1	986	2589	16754,8012,8084,17841,16289,9663,14041,19317,9021,10877,18171
1	986	19364	16754,8012,8084,17841,16289,9663,14041,19317,9021,10877,18171,2589
1	986	8958	16754,8012,8084,17841,16289,9663,14041,19317,9021,10877,18171,2589,19364
1	986	23490	16754,8012,8084,17841,16289,9663,14041,19317,9021,10877,18171,2589,19364,8958
1	986	22916	16754,8012,8084,17841,16289,9663,14041,19317,9021,10877,18171,2589,19364,8958,23490
1	986	22933	16754,8012,8084,17841,16289,9663,14041,19317,9021,10877,18171,2589,19364,8958,23490,22916
0	986	22919	16754,8012,8084,17841,16289,9663,14041,19317,9021,10877,18171,2589,19364,8958,23490,22916,22933
1	986	23118	16754,8012,8084,17841,16289,9663,14041,19317,9021,10877,18171,2589,19364,8958,23490,22916,22933
1	986	22592	16754,8012,8084,17841,16289,9663,14041,19317,9021,10877,18171,2589,19364,8958,23490,22916,22933,23118
0	986	24776	16754,8012,8084,17841,16289,9663,14041,19317,9021,10877,18171,2589,19364,8958,23490,22916,22933,23118,22592
0	986	22631	16754,8012,8084,17841,16289,9663,14041,19317,9021,10877,18171,2589,19364,8958,23490,22916,22933,23118,22592
1	986	22790	16754,8012,8084,17841,16289,9663,14041,19317,9021,10877,18171,2589,19364,8958,23490,22916,22933,23118,22592
1	986	25776	16754,8012,8084,17841,16289,9663,14041,19317,9021,10877,18171,2589,19364,8958,23490,22916,22933,23118,22592,22790
1	986	12414	16754,8012,8084,17841,16289,9663,14041,19317,9021,10877,18171,2589,19364,8958,23490,22916,22933,23118,22592,22790,25776
1	986	25343	16754,8012,8084,17841,16289,9663,14041,19317,9021,10877,18171,2589,19364,8958,23490,22916,22933,23118,22592,22790,25776,12414
1	986	12015	16754,8012,8084,17841,16289,9663,14041,19317,9021,10877,18171,2589,19364,8958,23490,22916,22933,23118,22592,22790,25776,12414,25343
1	986	25242	16754,8012,8084,17841,16289,9663,14041,19317,9021,10877,18171,2589,19364,8958,23490,22916,22933,23118,22592,22790,25776,12414,25343,12015
1	986	4319	16754,8012,8084,17841,16289,9663,14041,19317,9021,10877,18171,2589,19364,8958,23490,22916,22933,23118,22592,22790,25776,12414,25343,12015,25242
1	986	13921	16754,8012,8084,17841,16289,9663,14041,19317,9021,10877,18171,2589,19364,8958,23490,22916,22933,23118,22592,22790,25776,12414,25343,12015,25242,4319
0	986	15447	16754,8012,8084,17841,16289,9663,14041,19317,9021,10877,18171,2589,19364,8958,23490,22916,22933,23118,22592,22790,25776,12414,25343,12015,25242,4319,13921
0	986	10811	16754,8012,8084,17841,16289,9663,14041,19317,9021,10877,18171,2589,19364,8958,23490,22916,22933,23118,22592,22790,25776,12414,25343,12015,25242,4319,13921
1	986	13436	16754,8012,8084,17841,16289,9663,14041,19317,9021,10877,18171,2589,19364,8958,23490,22916,22933,23118,22592,22790,25776,12414,25343,12015,25242,4319,13921
1	986	19857	16754,8012,8084,17841,16289,9663,14041,19317,9021,10877,18171,2589,19364,8958,23490,22916,22933,23118,22592,22790,25776,12414,25343,12015,25242,4319,13921,13436
1	986	22618	16754,8012,8084,17841,16289,9663,14041,19317,9021,10877,18171,2589,19364,8958,23490,22916,22933,23118,22592,22790,25776,12414,25343,12015,25242,4319,13921,13436,19857
1	986	24803	16754,8012,8084,17841,16289,9663,14041,19317,9021,10877,18171,2589,19364,8958,23490,22916,22933,23118,22592,22790,25776,12414,25343,12015,25242,4319,13921,13436,19857,22618
1	986	18358	16754,8012,8084,17841,16289,9663,14041,19317,9021,10877,18171,2589,19364,8958,23490,22916,22933,23118,22592,22790,25776,12414,25343,12015,25242,4319,13921,13436,19857,22618,24803
1	986	21907	16754,8012,8084,17841,16289,9663,14041,19317,9021,10877,18171,2589,19364,8958,23490,22916,22933,23118,22592,22790,25776,12414,25343,12015,25242,4319,13921,13436,19857,22618,24803,18358
1	986	25771	16754,8012,8084,17841,16289,9663,14041,19317,9021,10877,18171,2589,19364,8958,23490,22916,22933,23118,22592,22790,25776,12414,25343,12015,25242,4319,13921,13436,19857,22618,24803,18358,21907
1	986	26759	16754,8012,8084,17841,16289,9663,14041,19317,9021,10877,18171,2589,19364,8958,23490,22916,22933,23118,22592,22790,25776,12414,25343,12015,25242,4319,13921,13436,19857,22618,24803,18358,21907,25771
1	986	23783	16754,8012,8084,17841,16289,9663,14041,19317,9021,10877,18171,2589,19364,8958,23490,22916,22933,23118,22592,22790,25776,12414,25343,12015,25242,4319,13921,13436,19857,22618,24803,18358,21907,25771,26759
1	986	583	16754,8012,8084,17841,16289,9663,14041,19317,9021,10877,18171,2589,19364,8958,23490,22916,22933,23118,22592,22790,25776,12414,25343,12015,25242,4319,13921,13436,19857,22618,24803,18358,21907,25771,26759,23783
1	986	26121	16754,8012,8084,17841,16289,9663,14041,19317,9021,10877,18171,2589,19364,8958,23490,22916,22933,23118,22592,22790,25776,12414,25343,12015,25242,4319,13921,13436,19857,22618,24803,18358,21907,25771,26759,23783,583
1	986	20534	16754,8012,8084,17841,16289,9663,14041,19317,9021,10877,18171,2589,19364,8958,23490,22916,22933,23118,22592,22790,25776,12414,25343,12015,25242,4319,13921,13436,19857,22618,24803,18358,21907,25771,26759,23783,583,26121
1	986	12344	16754,8012,8084,17841,16289,9663,14041,19317,9021,10877,18171,2589,19364,8958,23490,22916,22933,23118,22592,22790,25776,12414,25343,12015,25242,4319,13921,13436,19857,22618,24803,18358,21907,25771,26759,23783,583,26121,20534
1	986	6091	16754,8012,8084,17841,16289,9663,14041,19317,9021,10877,18171,2589,19364,8958,23490,22916,22933,23118,22592,22790,25776,12414,25343,12015,25242,4319,13921,13436,19857,22618,24803,18358,21907,25771,26759,23783,583,26121,20534,12344
1	986	23305	16754,8012,8084,17841,16289,9663,14041,19317,9021,10877,18171,2589,19364,8958,23490,22916,22933,23118,22592,22790,25776,12414,25343,12015,25242,4319,13921,13436,19857,22618,24803,18358,21907,25771,26759,23783,583,26121,20534,12344,6091
1	986	20950	16754,8012,8084,17841,16289,9663,14041,19317,9021,10877,18171,2589,19364,8958,23490,22916,22933,23118,22592,22790,25776,12414,25343,12015,25242,4319,13921,13436,19857,22618,24803,18358,21907,25771,26759,23783,583,26121,20534,12344,6091,23305
1	986	5725	16754,8012,8084,17841,16289,9663,14041,19317,9021,10877,18171,2589,19364,8958,23490,22916,22933,23118,22592,22790,25776,12414,25343,12015,25242,4319,13921,13436,19857,22618,24803,18358,21907,25771,26759,23783,583,26121,20534,12344,6091,23305,20950
1	986	8488	16754,8012,8084,17841,16289,9663,14041,19317,9021,10877,18171,2589,19364,8958,23490,22916,22933,23118,22592,22790,25776,12414,25343,12015,25242,4319,13921,13436,19857,22618,24803,18358,21907,25771,26759,23783,583,26121,20534,12344,6091,23305,20950,5725
1	986	12570	16754,8012,8084,17841,16289,9663,14041,19317,9021,10877,18171,2589,19364,8958,23490,22916,22933,23118,22592,22790,25776,12414,25343,12015,25242,4319,13921,13436,19857,22618,24803,18358,21907,25771,26759,23783,583,26121,20534,12344,6091,23305,20950,5725,8488
1	986	13214	16754,8012,8084,17841,16289,9663,14041,19317,9021,10877,18171,2589,19364,8958,23490,22916,22933,23118,22592,22790,25776,12414,25343,12015,25242,4319,13921,13436,19857,22618,24803,18358,21907,25771,26759,23783,583,26121,20534,12344,6091,23305,20950,5725,8488,12570
1	986	13240	16754,8012,8084,17841,16289,9663,14041,19317,9021,10877,18171,2589,19364,8958,23490,22916,22933,23118,22592,22790,25776,12414,25343,12015,25242,4319,13921,13436,19857,22618,24803,18358,21907,25771,26759,23783,583,26121,20534,12344,6091,23305,20950,5725,8488,12570,13214
1	986	23143	16754,8012,8084,17841,16289,9663,14041,19317,9021,10877,18171,2589,19364,8958,23490,22916,22933,23118,22592,22790,25776,12414,25343,12015,25242,4319,13921,13436,19857,22618,24803,18358,21907,25771,26759,23783,583,26121,20534,12344,6091,23305,20950,5725,8488,12570,13214,13240
1	986	26949	16754,8012,8084,17841,16289,9663,14041,19317,9021,10877,18171,2589,19364,8958,23490,22916,22933,23118,22592,22790,25776,12414,25343,12015,25242,4319,13921,13436,19857,22618,24803,18358,21907,25771,26759,23783,583,26121,20534,12344,6091,23305,20950,5725,8488,12570,13214,13240,23143
1	986	6749	16754,8012,8084,17841,16289,9663,14041,19317,9021,10877,18171,2589,19364,8958,23490,22916,22933,23118,22592,22790,25776,12414,25343,12015,25242,4319,13921,13436,19857,22618,24803,18358,21907,25771,26759,23783,583,26121,20534,12344,6091,23305,20950,5725,8488,12570,13214,13240,23143,26949
1	986	26241	16754,8012,8084,17841,16289,9663,14041,19317,9021,10877,18171,2589,19364,8958,23490,22916,22933,23118,22592,22790,25776,12414,25343,12015,25242,4319,13921,13436,19857,22618,24803,18358,21907,25771,26759,23783,583,26121,20534,12344,6091,23305,20950,5725,8488,12570,13214,13240,23143,26949,6749
1	986	7273	16754,8012,8084,17841,16289,9663,14041,19317,9021,10877,18171,2589,19364,8958,23490,22916,22933,23118,22592,22790,25776,12414,25343,12015,25242,4319,13921,13436,19857,22618,24803,18358,21907,25771,26759,23783,583,26121,20534,12344,6091,23305,20950,5725,8488,12570,13214,13240,23143,26949,6749,26241
0	986	12208	16754,8012,8084,17841,16289,9663,14041,19317,9021,10877,18171,2589,19364,8958,23490,22916,22933,23118,22592,22790,25776,12414,25343,12015,25242,4319,13921,13436,19857,22618,24803,18358,21907,25771,26759,23783,583,26121,20534,12344,6091,23305,20950,5725,8488,12570,13214,13240,23143,26949,6749,26241,7273
1	986	22863	16754,8012,8084,17841,16289,9663,14041,19317,9021,10877,18171,2589,19364,8958,23490,22916,22933,23118,22592,22790,25776,12414,25343,12015,25242,4319,13921,13436,19857,22618,24803,18358,21907,25771,26759,23783,583,26121,20534,12344,6091,23305,20950,5725,8488,12570,13214,13240,23143,26949,6749,26241,7273
1	986	26348	16754,8012,8084,17841,16289,9663,14041,19317,9021,10877,18171,2589,19364,8958,23490,22916,22933,23118,22592,22790,25776,12414,25343,12015,25242,4319,13921,13436,19857,22618,24803,18358,21907,25771,26759,23783,583,26121,20534,12344,6091,23305,20950,5725,8488,12570,13214,13240,23143,26949,6749,26241,7273,22863
0	986	26705	16754,8012,8084,17841,16289,9663,14041,19317,9021,10877,18171,2589,19364,8958,23490,22916,22933,23118,22592,22790,25776,12414,25343,12015,25242,4319,13921,13436,19857,22618,24803,18358,21907,25771,26759,23783,583,26121,20534,12344,6091,23305,20950,5725,8488,12570,13214,13240,23143,26949,6749,26241,7273,22863,26348
1	986	19933	16754,8012,8084,17841,16289,9663,14041,19317,9021,10877,18171,2589,19364,8958,23490,22916,22933,23118,22592,22790,25776,12414,25343,12015,25242,4319,13921,13436,19857,22618,24803,18358,21907,25771,26759,23783,583,26121,20534,12344,6091,23305,20950,5725,8488,12570,13214,13240,23143,26949,6749,26241,7273,22863,26348
0	986	22182	16754,8012,8084,17841,16289,9663,14041,19317,9021,10877,18171,2589,19364,8958,23490,22916,22933,23118,22592,22790,25776,12414,25343,12015,25242,4319,13921,13436,19857,22618,24803,18358,21907,25771,26759,23783,583,26121,20534,12344,6091,23305,20950,5725,8488,12570,13214,13240,23143,26949,6749,26241,7273,22863,26348,19933
0	986	26054	16754,8012,8084,17841,16289,9663,14041,19317,9021,10877,18171,2589,19364,8958,23490,22916,22933,23118,22592,22790,25776,12414,25343,12015,25242,4319,13921,13436,19857,22618,24803,18358,21907,25771,26759,23783,583,26121,20534,12344,6091,23305,20950,5725,8488,12570,13214,13240,23143,26949,6749,26241,7273,22863,26348,19933
1	986	15052	16754,8012,8084,17841,16289,9663,14041,19317,9021,10877,18171,2589,19364,8958,23490,22916,22933,23118,22592,22790,25776,12414,25343,12015,25242,4319,13921,13436,19857,22618,24803,18358,21907,25771,26759,23783,583,26121,20534,12344,6091,23305,20950,5725,8488,12570,13214,13240,23143,26949,6749,26241,7273,22863,26348,19933
0	986	29494	16754,8012,8084,17841,16289,9663,14041,19317,9021,10877,18171,2589,19364,8958,23490,22916,22933,23118,22592,22790,25776,12414,25343,12015,25242,4319,13921,13436,19857,22618,24803,18358,21907,25771,26759,23783,583,26121,20534,12344,6091,23305,20950,5725,8488,12570,13214,13240,23143,26949,6749,26241,7273,22863,26348,19933,15052
1	986	7764	16754,8012,8084,17841,16289,9663,14041,19317,9021,10877,18171,2589,19364,8958,23490,22916,22933,23118,22592,22790,25776,12414,25343,12015,25242,4319,13921,13436,19857,22618,24803,18358,21907,25771,26759,23783,583,26121,20534,12344,6091,23305,20950,5725,8488,12570,13214,13240,23143,26949,6749,26241,7273,22863,26348,19933,15052
