1	63	27706	0
1	63	27711	27706
1	63	7906	27706,27711
1	63	11889	27706,27711,7906
1	63	14365	27706,27711,7906,11889
0	63	19092	27706,27711,7906,11889,14365
1	63	13280	27706,27711,7906,11889,14365
0	63	22565	27706,27711,7906,11889,14365,13280
1	63	21949	27706,27711,7906,11889,14365,13280
1	63	935	27706,27711,7906,11889,14365,13280,21949
1	63	22367	27706,27711,7906,11889,14365,13280,21949,935
1	63	4319	27706,27711,7906,11889,14365,13280,21949,935,22367
1	63	142	27706,27711,7906,11889,14365,13280,21949,935,22367,4319
1	63	24595	27706,27711,7906,11889,14365,13280,21949,935,22367,4319,142
1	63	21648	27706,27711,7906,11889,14365,13280,21949,935,22367,4319,142,24595
1	63	20050	27706,27711,7906,11889,14365,13280,21949,935,22367,4319,142,24595,21648
1	63	7042	27706,27711,7906,11889,14365,13280,21949,935,22367,4319,142,24595,21648,20050
1	63	9369	27706,27711,7906,11889,14365,13280,21949,935,22367,4319,142,24595,21648,20050,7042
1	63	6187	27706,27711,7906,11889,14365,13280,21949,935,22367,4319,142,24595,21648,20050,7042,9369
1	63	16744	27706,27711,7906,11889,14365,13280,21949,935,22367,4319,142,24595,21648,20050,7042,9369,6187
1	63	20891	27706,27711,7906,11889,14365,13280,21949,935,22367,4319,142,24595,21648,20050,7042,9369,6187,16744
1	63	20911	27706,27711,7906,11889,14365,13280,21949,935,22367,4319,142,24595,21648,20050,7042,9369,6187,16744,20891
1	63	22862	27706,27711,7906,11889,14365,13280,21949,935,22367,4319,142,24595,21648,20050,7042,9369,6187,16744,20891,20911
1	63	8488	27706,27711,7906,11889,14365,13280,21949,935,22367,4319,142,24595,21648,20050,7042,9369,6187,16744,20891,20911,22862
1	63	11208	27706,27711,7906,11889,14365,13280,21949,935,22367,4319,142,24595,21648,20050,7042,9369,6187,16744,20891,20911,22862,8488
1	63	13214	27706,27711,7906,11889,14365,13280,21949,935,22367,4319,142,24595,21648,20050,7042,9369,6187,16744,20891,20911,22862,8488,11208
1	63	13488	27706,27711,7906,11889,14365,13280,21949,935,22367,4319,142,24595,21648,20050,7042,9369,6187,16744,20891,20911,22862,8488,11208,13214
0	63	20370	27706,27711,7906,11889,14365,13280,21949,935,22367,4319,142,24595,21648,20050,7042,9369,6187,16744,20891,20911,22862,8488,11208,13214,13488
1	63	4154	27706,27711,7906,11889,14365,13280,21949,935,22367,4319,142,24595,21648,20050,7042,9369,6187,16744,20891,20911,22862,8488,11208,13214,13488
1	63	4780	27706,27711,7906,11889,14365,13280,21949,935,22367,4319,142,24595,21648,20050,7042,9369,6187,16744,20891,20911,22862,8488,11208,13214,13488,4154
1	63	17974	27706,27711,7906,11889,14365,13280,21949,935,22367,4319,142,24595,21648,20050,7042,9369,6187,16744,20891,20911,22862,8488,11208,13214,13488,4154,4780
1	63	23847	27706,27711,7906,11889,14365,13280,21949,935,22367,4319,142,24595,21648,20050,7042,9369,6187,16744,20891,20911,22862,8488,11208,13214,13488,4154,4780,17974
1	63	8671	27706,27711,7906,11889,14365,13280,21949,935,22367,4319,142,24595,21648,20050,7042,9369,6187,16744,20891,20911,22862,8488,11208,13214,13488,4154,4780,17974,23847
1	63	14994	27706,27711,7906,11889,14365,13280,21949,935,22367,4319,142,24595,21648,20050,7042,9369,6187,16744,20891,20911,22862,8488,11208,13214,13488,4154,4780,17974,23847,8671
1	63	20563	27706,27711,7906,11889,14365,13280,21949,935,22367,4319,142,24595,21648,20050,7042,9369,6187,16744,20891,20911,22862,8488,11208,13214,13488,4154,4780,17974,23847,8671,14994
1	63	17797	27706,27711,7906,11889,14365,13280,21949,935,22367,4319,142,24595,21648,20050,7042,9369,6187,16744,20891,20911,22862,8488,11208,13214,13488,4154,4780,17974,23847,8671,14994,20563
1	63	10877	27706,27711,7906,11889,14365,13280,21949,935,22367,4319,142,24595,21648,20050,7042,9369,6187,16744,20891,20911,22862,8488,11208,13214,13488,4154,4780,17974,23847,8671,14994,20563,17797
1	63	16948	27706,27711,7906,11889,14365,13280,21949,935,22367,4319,142,24595,21648,20050,7042,9369,6187,16744,20891,20911,22862,8488,11208,13214,13488,4154,4780,17974,23847,8671,14994,20563,17797,10877
1	63	18973	27706,27711,7906,11889,14365,13280,21949,935,22367,4319,142,24595,21648,20050,7042,9369,6187,16744,20891,20911,22862,8488,11208,13214,13488,4154,4780,17974,23847,8671,14994,20563,17797,10877,16948
1	63	23977	27706,27711,7906,11889,14365,13280,21949,935,22367,4319,142,24595,21648,20050,7042,9369,6187,16744,20891,20911,22862,8488,11208,13214,13488,4154,4780,17974,23847,8671,14994,20563,17797,10877,16948,18973
1	63	19185	27706,27711,7906,11889,14365,13280,21949,935,22367,4319,142,24595,21648,20050,7042,9369,6187,16744,20891,20911,22862,8488,11208,13214,13488,4154,4780,17974,23847,8671,14994,20563,17797,10877,16948,18973,23977
1	63	21836	27706,27711,7906,11889,14365,13280,21949,935,22367,4319,142,24595,21648,20050,7042,9369,6187,16744,20891,20911,22862,8488,11208,13214,13488,4154,4780,17974,23847,8671,14994,20563,17797,10877,16948,18973,23977,19185
1	63	21283	27706,27711,7906,11889,14365,13280,21949,935,22367,4319,142,24595,21648,20050,7042,9369,6187,16744,20891,20911,22862,8488,11208,13214,13488,4154,4780,17974,23847,8671,14994,20563,17797,10877,16948,18973,23977,19185,21836
1	63	7693	27706,27711,7906,11889,14365,13280,21949,935,22367,4319,142,24595,21648,20050,7042,9369,6187,16744,20891,20911,22862,8488,11208,13214,13488,4154,4780,17974,23847,8671,14994,20563,17797,10877,16948,18973,23977,19185,21836,21283
1	63	22241	27706,27711,7906,11889,14365,13280,21949,935,22367,4319,142,24595,21648,20050,7042,9369,6187,16744,20891,20911,22862,8488,11208,13214,13488,4154,4780,17974,23847,8671,14994,20563,17797,10877,16948,18973,23977,19185,21836,21283,7693
1	63	24261	27706,27711,7906,11889,14365,13280,21949,935,22367,4319,142,24595,21648,20050,7042,9369,6187,16744,20891,20911,22862,8488,11208,13214,13488,4154,4780,17974,23847,8671,14994,20563,17797,10877,16948,18973,23977,19185,21836,21283,7693,22241
1	63	18379	27706,27711,7906,11889,14365,13280,21949,935,22367,4319,142,24595,21648,20050,7042,9369,6187,16744,20891,20911,22862,8488,11208,13214,13488,4154,4780,17974,23847,8671,14994,20563,17797,10877,16948,18973,23977,19185,21836,21283,7693,22241,24261
1	63	25814	27706,27711,7906,11889,14365,13280,21949,935,22367,4319,142,24595,21648,20050,7042,9369,6187,16744,20891,20911,22862,8488,11208,13214,13488,4154,4780,17974,23847,8671,14994,20563,17797,10877,16948,18973,23977,19185,21836,21283,7693,22241,24261,18379
1	63	7638	27706,27711,7906,11889,14365,13280,21949,935,22367,4319,142,24595,21648,20050,7042,9369,6187,16744,20891,20911,22862,8488,11208,13214,13488,4154,4780,17974,23847,8671,14994,20563,17797,10877,16948,18973,23977,19185,21836,21283,7693,22241,24261,18379,25814
0	63	18261	27706,27711,7906,11889,14365,13280,21949,935,22367,4319,142,24595,21648,20050,7042,9369,6187,16744,20891,20911,22862,8488,11208,13214,13488,4154,4780,17974,23847,8671,14994,20563,17797,10877,16948,18973,23977,19185,21836,21283,7693,22241,24261,18379,25814,7638
1	63	18974	27706,27711,7906,11889,14365,13280,21949,935,22367,4319,142,24595,21648,20050,7042,9369,6187,16744,20891,20911,22862,8488,11208,13214,13488,4154,4780,17974,23847,8671,14994,20563,17797,10877,16948,18973,23977,19185,21836,21283,7693,22241,24261,18379,25814,7638
1	63	9888	27706,27711,7906,11889,14365,13280,21949,935,22367,4319,142,24595,21648,20050,7042,9369,6187,16744,20891,20911,22862,8488,11208,13214,13488,4154,4780,17974,23847,8671,14994,20563,17797,10877,16948,18973,23977,19185,21836,21283,7693,22241,24261,18379,25814,7638,18974
1	63	25294	27706,27711,7906,11889,14365,13280,21949,935,22367,4319,142,24595,21648,20050,7042,9369,6187,16744,20891,20911,22862,8488,11208,13214,13488,4154,4780,17974,23847,8671,14994,20563,17797,10877,16948,18973,23977,19185,21836,21283,7693,22241,24261,18379,25814,7638,18974,9888
1	63	13658	27706,27711,7906,11889,14365,13280,21949,935,22367,4319,142,24595,21648,20050,7042,9369,6187,16744,20891,20911,22862,8488,11208,13214,13488,4154,4780,17974,23847,8671,14994,20563,17797,10877,16948,18973,23977,19185,21836,21283,7693,22241,24261,18379,25814,7638,18974,9888,25294
1	63	21830	27706,27711,7906,11889,14365,13280,21949,935,22367,4319,142,24595,21648,20050,7042,9369,6187,16744,20891,20911,22862,8488,11208,13214,13488,4154,4780,17974,23847,8671,14994,20563,17797,10877,16948,18973,23977,19185,21836,21283,7693,22241,24261,18379,25814,7638,18974,9888,25294,13658
0	63	22182	27706,27711,7906,11889,14365,13280,21949,935,22367,4319,142,24595,21648,20050,7042,9369,6187,16744,20891,20911,22862,8488,11208,13214,13488,4154,4780,17974,23847,8671,14994,20563,17797,10877,16948,18973,23977,19185,21836,21283,7693,22241,24261,18379,25814,7638,18974,9888,25294,13658,21830
1	63	20523	27706,27711,7906,11889,14365,13280,21949,935,22367,4319,142,24595,21648,20050,7042,9369,6187,16744,20891,20911,22862,8488,11208,13214,13488,4154,4780,17974,23847,8671,14994,20563,17797,10877,16948,18973,23977,19185,21836,21283,7693,22241,24261,18379,25814,7638,18974,9888,25294,13658,21830
0	63	23491	27706,27711,7906,11889,14365,13280,21949,935,22367,4319,142,24595,21648,20050,7042,9369,6187,16744,20891,20911,22862,8488,11208,13214,13488,4154,4780,17974,23847,8671,14994,20563,17797,10877,16948,18973,23977,19185,21836,21283,7693,22241,24261,18379,25814,7638,18974,9888,25294,13658,21830,20523
0	63	27570	27706,27711,7906,11889,14365,13280,21949,935,22367,4319,142,24595,21648,20050,7042,9369,6187,16744,20891,20911,22862,8488,11208,13214,13488,4154,4780,17974,23847,8671,14994,20563,17797,10877,16948,18973,23977,19185,21836,21283,7693,22241,24261,18379,25814,7638,18974,9888,25294,13658,21830,20523
1	63	26903	27706,27711,7906,11889,14365,13280,21949,935,22367,4319,142,24595,21648,20050,7042,9369,6187,16744,20891,20911,22862,8488,11208,13214,13488,4154,4780,17974,23847,8671,14994,20563,17797,10877,16948,18973,23977,19185,21836,21283,7693,22241,24261,18379,25814,7638,18974,9888,25294,13658,21830,20523
