1	1019	13844	0
0	1019	361	13844
1	1019	10156	13844
1	1019	17713	13844,10156
1	1019	23611	13844,10156,17713
0	1019	6509	13844,10156,17713,23611
1	1019	14355	13844,10156,17713,23611
0	1019	16175	13844,10156,17713,23611,14355
1	1019	6400	13844,10156,17713,23611,14355
1	1019	29208	13844,10156,17713,23611,14355,6400
1	1019	15839	13844,10156,17713,23611,14355,6400,29208
0	1019	9633	13844,10156,17713,23611,14355,6400,29208,15839
1	1019	9773	13844,10156,17713,23611,14355,6400,29208,15839
1	1019	13768	13844,10156,17713,23611,14355,6400,29208,15839,9773
1	1019	19480	13844,10156,17713,23611,14355,6400,29208,15839,9773,13768
1	1019	10918	13844,10156,17713,23611,14355,6400,29208,15839,9773,13768,19480
1	1019	14320	13844,10156,17713,23611,14355,6400,29208,15839,9773,13768,19480,10918
1	1019	17997	13844,10156,17713,23611,14355,6400,29208,15839,9773,13768,19480,10918,14320
0	1019	20306	13844,10156,17713,23611,14355,6400,29208,15839,9773,13768,19480,10918,14320,17997
1	1019	14317	13844,10156,17713,23611,14355,6400,29208,15839,9773,13768,19480,10918,14320,17997
1	1019	16149	13844,10156,17713,23611,14355,6400,29208,15839,9773,13768,19480,10918,14320,17997,14317
1	1019	19066	13844,10156,17713,23611,14355,6400,29208,15839,9773,13768,19480,10918,14320,17997,14317,16149
1	1019	8697	13844,10156,17713,23611,14355,6400,29208,15839,9773,13768,19480,10918,14320,17997,14317,16149,19066
0	1019	5114	13844,10156,17713,23611,14355,6400,29208,15839,9773,13768,19480,10918,14320,17997,14317,16149,19066,8697
1	1019	13117	13844,10156,17713,23611,14355,6400,29208,15839,9773,13768,19480,10918,14320,17997,14317,16149,19066,8697
1	1019	21851	13844,10156,17713,23611,14355,6400,29208,15839,9773,13768,19480,10918,14320,17997,14317,16149,19066,8697,13117
1	1019	21852	13844,10156,17713,23611,14355,6400,29208,15839,9773,13768,19480,10918,14320,17997,14317,16149,19066,8697,13117,21851
1	1019	22311	13844,10156,17713,23611,14355,6400,29208,15839,9773,13768,19480,10918,14320,17997,14317,16149,19066,8697,13117,21851,21852
1	1019	22377	13844,10156,17713,23611,14355,6400,29208,15839,9773,13768,19480,10918,14320,17997,14317,16149,19066,8697,13117,21851,21852,22311
1	1019	26917	13844,10156,17713,23611,14355,6400,29208,15839,9773,13768,19480,10918,14320,17997,14317,16149,19066,8697,13117,21851,21852,22311,22377
1	1019	6970	13844,10156,17713,23611,14355,6400,29208,15839,9773,13768,19480,10918,14320,17997,14317,16149,19066,8697,13117,21851,21852,22311,22377,26917
1	1019	10881	13844,10156,17713,23611,14355,6400,29208,15839,9773,13768,19480,10918,14320,17997,14317,16149,19066,8697,13117,21851,21852,22311,22377,26917,6970
0	1019	6020	13844,10156,17713,23611,14355,6400,29208,15839,9773,13768,19480,10918,14320,17997,14317,16149,19066,8697,13117,21851,21852,22311,22377,26917,6970,10881
1	1019	17839	13844,10156,17713,23611,14355,6400,29208,15839,9773,13768,19480,10918,14320,17997,14317,16149,19066,8697,13117,21851,21852,22311,22377,26917,6970,10881
1	1019	21984	13844,10156,17713,23611,14355,6400,29208,15839,9773,13768,19480,10918,14320,17997,14317,16149,19066,8697,13117,21851,21852,22311,22377,26917,6970,10881,17839
0	1019	10817	13844,10156,17713,23611,14355,6400,29208,15839,9773,13768,19480,10918,14320,17997,14317,16149,19066,8697,13117,21851,21852,22311,22377,26917,6970,10881,17839,21984
1	1019	16235	13844,10156,17713,23611,14355,6400,29208,15839,9773,13768,19480,10918,14320,17997,14317,16149,19066,8697,13117,21851,21852,22311,22377,26917,6970,10881,17839,21984
1	1019	17598	13844,10156,17713,23611,14355,6400,29208,15839,9773,13768,19480,10918,14320,17997,14317,16149,19066,8697,13117,21851,21852,22311,22377,26917,6970,10881,17839,21984,16235
0	1019	21853	13844,10156,17713,23611,14355,6400,29208,15839,9773,13768,19480,10918,14320,17997,14317,16149,19066,8697,13117,21851,21852,22311,22377,26917,6970,10881,17839,21984,16235,17598
