1	88	7613	0
1	88	32520	7613
1	88	6057	7613,32520
0	88	10248	7613,32520,6057
1	88	10514	7613,32520,6057
0	88	31120	7613,32520,6057,10514
0	88	5042	7613,32520,6057,10514
0	88	21784	7613,32520,6057,10514
1	88	21998	7613,32520,6057,10514
1	88	13981	7613,32520,6057,10514,21998
1	88	16881	7613,32520,6057,10514,21998,13981
1	88	1769	7613,32520,6057,10514,21998,13981,16881
1	88	13485	7613,32520,6057,10514,21998,13981,16881,1769
1	88	5615	7613,32520,6057,10514,21998,13981,16881,1769,13485
1	88	6225	7613,32520,6057,10514,21998,13981,16881,1769,13485,5615
0	88	5872	7613,32520,6057,10514,21998,13981,16881,1769,13485,5615,6225
1	88	11643	7613,32520,6057,10514,21998,13981,16881,1769,13485,5615,6225
1	88	32194	7613,32520,6057,10514,21998,13981,16881,1769,13485,5615,6225,11643
0	88	7768	7613,32520,6057,10514,21998,13981,16881,1769,13485,5615,6225,11643,32194
1	88	16807	7613,32520,6057,10514,21998,13981,16881,1769,13485,5615,6225,11643,32194
1	88	7522	7613,32520,6057,10514,21998,13981,16881,1769,13485,5615,6225,11643,32194,16807
1	88	6695	7613,32520,6057,10514,21998,13981,16881,1769,13485,5615,6225,11643,32194,16807,7522
1	88	4266	7613,32520,6057,10514,21998,13981,16881,1769,13485,5615,6225,11643,32194,16807,7522,6695
0	88	19305	7613,32520,6057,10514,21998,13981,16881,1769,13485,5615,6225,11643,32194,16807,7522,6695,4266
0	88	6880	7613,32520,6057,10514,21998,13981,16881,1769,13485,5615,6225,11643,32194,16807,7522,6695,4266
1	88	18325	7613,32520,6057,10514,21998,13981,16881,1769,13485,5615,6225,11643,32194,16807,7522,6695,4266
1	88	3045	7613,32520,6057,10514,21998,13981,16881,1769,13485,5615,6225,11643,32194,16807,7522,6695,4266,18325
1	88	3473	7613,32520,6057,10514,21998,13981,16881,1769,13485,5615,6225,11643,32194,16807,7522,6695,4266,18325,3045
1	88	20194	7613,32520,6057,10514,21998,13981,16881,1769,13485,5615,6225,11643,32194,16807,7522,6695,4266,18325,3045,3473
0	88	16078	7613,32520,6057,10514,21998,13981,16881,1769,13485,5615,6225,11643,32194,16807,7522,6695,4266,18325,3045,3473,20194
1	88	15999	7613,32520,6057,10514,21998,13981,16881,1769,13485,5615,6225,11643,32194,16807,7522,6695,4266,18325,3045,3473,20194
1	88	31092	7613,32520,6057,10514,21998,13981,16881,1769,13485,5615,6225,11643,32194,16807,7522,6695,4266,18325,3045,3473,20194,15999
0	88	32764	7613,32520,6057,10514,21998,13981,16881,1769,13485,5615,6225,11643,32194,16807,7522,6695,4266,18325,3045,3473,20194,15999,31092
1	88	11987	7613,32520,6057,10514,21998,13981,16881,1769,13485,5615,6225,11643,32194,16807,7522,6695,4266,18325,3045,3473,20194,15999,31092
0	88	19429	7613,32520,6057,10514,21998,13981,16881,1769,13485,5615,6225,11643,32194,16807,7522,6695,4266,18325,3045,3473,20194,15999,31092,11987
0	88	19647	7613,32520,6057,10514,21998,13981,16881,1769,13485,5615,6225,11643,32194,16807,7522,6695,4266,18325,3045,3473,20194,15999,31092,11987
0	88	19133	7613,32520,6057,10514,21998,13981,16881,1769,13485,5615,6225,11643,32194,16807,7522,6695,4266,18325,3045,3473,20194,15999,31092,11987
1	88	24029	7613,32520,6057,10514,21998,13981,16881,1769,13485,5615,6225,11643,32194,16807,7522,6695,4266,18325,3045,3473,20194,15999,31092,11987
0	88	29351	7613,32520,6057,10514,21998,13981,16881,1769,13485,5615,6225,11643,32194,16807,7522,6695,4266,18325,3045,3473,20194,15999,31092,11987,24029
1	88	31551	7613,32520,6057,10514,21998,13981,16881,1769,13485,5615,6225,11643,32194,16807,7522,6695,4266,18325,3045,3473,20194,15999,31092,11987,24029
0	88	20144	7613,32520,6057,10514,21998,13981,16881,1769,13485,5615,6225,11643,32194,16807,7522,6695,4266,18325,3045,3473,20194,15999,31092,11987,24029,31551
0	88	15768	7613,32520,6057,10514,21998,13981,16881,1769,13485,5615,6225,11643,32194,16807,7522,6695,4266,18325,3045,3473,20194,15999,31092,11987,24029,31551
1	88	21740	7613,32520,6057,10514,21998,13981,16881,1769,13485,5615,6225,11643,32194,16807,7522,6695,4266,18325,3045,3473,20194,15999,31092,11987,24029,31551
1	88	5800	7613,32520,6057,10514,21998,13981,16881,1769,13485,5615,6225,11643,32194,16807,7522,6695,4266,18325,3045,3473,20194,15999,31092,11987,24029,31551,21740
0	88	5649	7613,32520,6057,10514,21998,13981,16881,1769,13485,5615,6225,11643,32194,16807,7522,6695,4266,18325,3045,3473,20194,15999,31092,11987,24029,31551,21740,5800
0	88	20131	7613,32520,6057,10514,21998,13981,16881,1769,13485,5615,6225,11643,32194,16807,7522,6695,4266,18325,3045,3473,20194,15999,31092,11987,24029,31551,21740,5800
0	88	21690	7613,32520,6057,10514,21998,13981,16881,1769,13485,5615,6225,11643,32194,16807,7522,6695,4266,18325,3045,3473,20194,15999,31092,11987,24029,31551,21740,5800
