0	647	8377	0
1	647	1711	0
0	647	1068	1711
1	647	5537	1711
0	647	8924	1711,5537
0	647	11251	1711,5537
1	647	16410	1711,5537
0	647	16508	1711,5537,16410
1	647	16736	1711,5537,16410
1	647	33006	1711,5537,16410,16736
1	647	9411	1711,5537,16410,16736,33006
1	647	16471	1711,5537,16410,16736,33006,9411
0	647	4318	1711,5537,16410,16736,33006,9411,16471
1	647	14952	1711,5537,16410,16736,33006,9411,16471
0	647	20856	1711,5537,16410,16736,33006,9411,16471,14952
1	647	11153	1711,5537,16410,16736,33006,9411,16471,14952
1	647	13225	1711,5537,16410,16736,33006,9411,16471,14952,11153
0	647	14117	1711,5537,16410,16736,33006,9411,16471,14952,11153,13225
1	647	18332	1711,5537,16410,16736,33006,9411,16471,14952,11153,13225
0	647	20917	1711,5537,16410,16736,33006,9411,16471,14952,11153,13225,18332
1	647	16088	1711,5537,16410,16736,33006,9411,16471,14952,11153,13225,18332
1	647	22860	1711,5537,16410,16736,33006,9411,16471,14952,11153,13225,18332,16088
1	647	23687	1711,5537,16410,16736,33006,9411,16471,14952,11153,13225,18332,16088,22860
1	647	11231	1711,5537,16410,16736,33006,9411,16471,14952,11153,13225,18332,16088,22860,23687
1	647	29342	1711,5537,16410,16736,33006,9411,16471,14952,11153,13225,18332,16088,22860,23687,11231
1	647	16689	1711,5537,16410,16736,33006,9411,16471,14952,11153,13225,18332,16088,22860,23687,11231,29342
1	647	17443	1711,5537,16410,16736,33006,9411,16471,14952,11153,13225,18332,16088,22860,23687,11231,29342,16689
1	647	18302	1711,5537,16410,16736,33006,9411,16471,14952,11153,13225,18332,16088,22860,23687,11231,29342,16689,17443
1	647	18474	1711,5537,16410,16736,33006,9411,16471,14952,11153,13225,18332,16088,22860,23687,11231,29342,16689,17443,18302
0	647	18781	1711,5537,16410,16736,33006,9411,16471,14952,11153,13225,18332,16088,22860,23687,11231,29342,16689,17443,18302,18474
1	647	21287	1711,5537,16410,16736,33006,9411,16471,14952,11153,13225,18332,16088,22860,23687,11231,29342,16689,17443,18302,18474
1	647	10038	1711,5537,16410,16736,33006,9411,16471,14952,11153,13225,18332,16088,22860,23687,11231,29342,16689,17443,18302,18474,21287
1	647	13203	1711,5537,16410,16736,33006,9411,16471,14952,11153,13225,18332,16088,22860,23687,11231,29342,16689,17443,18302,18474,21287,10038
