0	846	3806	0
1	846	7916	0
1	846	5282	7916
1	846	22317	7916,5282
1	846	30926	7916,5282,22317
0	846	8063	7916,5282,22317,30926
0	846	14121	7916,5282,22317,30926
0	846	12569	7916,5282,22317,30926
1	846	14892	7916,5282,22317,30926
1	846	9582	7916,5282,22317,30926,14892
1	846	14028	7916,5282,22317,30926,14892,9582
0	846	13619	7916,5282,22317,30926,14892,9582,14028
0	846	14041	7916,5282,22317,30926,14892,9582,14028
1	846	9484	7916,5282,22317,30926,14892,9582,14028
1	846	15219	7916,5282,22317,30926,14892,9582,14028,9484
1	846	12649	7916,5282,22317,30926,14892,9582,14028,9484,15219
1	846	8973	7916,5282,22317,30926,14892,9582,14028,9484,15219,12649
1	846	6324	7916,5282,22317,30926,14892,9582,14028,9484,15219,12649,8973
0	846	12598	7916,5282,22317,30926,14892,9582,14028,9484,15219,12649,8973,6324
0	846	15306	7916,5282,22317,30926,14892,9582,14028,9484,15219,12649,8973,6324
1	846	10304	7916,5282,22317,30926,14892,9582,14028,9484,15219,12649,8973,6324
0	846	15228	7916,5282,22317,30926,14892,9582,14028,9484,15219,12649,8973,6324,10304
0	846	15747	7916,5282,22317,30926,14892,9582,14028,9484,15219,12649,8973,6324,10304
1	846	18155	7916,5282,22317,30926,14892,9582,14028,9484,15219,12649,8973,6324,10304
1	846	18675	7916,5282,22317,30926,14892,9582,14028,9484,15219,12649,8973,6324,10304,18155
0	846	12515	7916,5282,22317,30926,14892,9582,14028,9484,15219,12649,8973,6324,10304,18155,18675
1	846	11995	7916,5282,22317,30926,14892,9582,14028,9484,15219,12649,8973,6324,10304,18155,18675
0	846	7314	7916,5282,22317,30926,14892,9582,14028,9484,15219,12649,8973,6324,10304,18155,18675,11995
0	846	19224	7916,5282,22317,30926,14892,9582,14028,9484,15219,12649,8973,6324,10304,18155,18675,11995
1	846	15220	7916,5282,22317,30926,14892,9582,14028,9484,15219,12649,8973,6324,10304,18155,18675,11995
0	846	3772	7916,5282,22317,30926,14892,9582,14028,9484,15219,12649,8973,6324,10304,18155,18675,11995,15220
1	846	15230	7916,5282,22317,30926,14892,9582,14028,9484,15219,12649,8973,6324,10304,18155,18675,11995,15220
0	846	20133	7916,5282,22317,30926,14892,9582,14028,9484,15219,12649,8973,6324,10304,18155,18675,11995,15220,15230
0	846	19307	7916,5282,22317,30926,14892,9582,14028,9484,15219,12649,8973,6324,10304,18155,18675,11995,15220,15230
1	846	19251	7916,5282,22317,30926,14892,9582,14028,9484,15219,12649,8973,6324,10304,18155,18675,11995,15220,15230
1	846	30839	7916,5282,22317,30926,14892,9582,14028,9484,15219,12649,8973,6324,10304,18155,18675,11995,15220,15230,19251
1	846	3631	7916,5282,22317,30926,14892,9582,14028,9484,15219,12649,8973,6324,10304,18155,18675,11995,15220,15230,19251,30839
1	846	14623	7916,5282,22317,30926,14892,9582,14028,9484,15219,12649,8973,6324,10304,18155,18675,11995,15220,15230,19251,30839,3631
1	846	22069	7916,5282,22317,30926,14892,9582,14028,9484,15219,12649,8973,6324,10304,18155,18675,11995,15220,15230,19251,30839,3631,14623
0	846	22097	7916,5282,22317,30926,14892,9582,14028,9484,15219,12649,8973,6324,10304,18155,18675,11995,15220,15230,19251,30839,3631,14623,22069
0	846	17132	7916,5282,22317,30926,14892,9582,14028,9484,15219,12649,8973,6324,10304,18155,18675,11995,15220,15230,19251,30839,3631,14623,22069
0	846	21515	7916,5282,22317,30926,14892,9582,14028,9484,15219,12649,8973,6324,10304,18155,18675,11995,15220,15230,19251,30839,3631,14623,22069
0	846	19350	7916,5282,22317,30926,14892,9582,14028,9484,15219,12649,8973,6324,10304,18155,18675,11995,15220,15230,19251,30839,3631,14623,22069
1	846	11751	7916,5282,22317,30926,14892,9582,14028,9484,15219,12649,8973,6324,10304,18155,18675,11995,15220,15230,19251,30839,3631,14623,22069
1	846	14522	7916,5282,22317,30926,14892,9582,14028,9484,15219,12649,8973,6324,10304,18155,18675,11995,15220,15230,19251,30839,3631,14623,22069,11751
1	846	11998	7916,5282,22317,30926,14892,9582,14028,9484,15219,12649,8973,6324,10304,18155,18675,11995,15220,15230,19251,30839,3631,14623,22069,11751,14522
0	846	6801	7916,5282,22317,30926,14892,9582,14028,9484,15219,12649,8973,6324,10304,18155,18675,11995,15220,15230,19251,30839,3631,14623,22069,11751,14522,11998
1	846	16456	7916,5282,22317,30926,14892,9582,14028,9484,15219,12649,8973,6324,10304,18155,18675,11995,15220,15230,19251,30839,3631,14623,22069,11751,14522,11998
1	846	19019	7916,5282,22317,30926,14892,9582,14028,9484,15219,12649,8973,6324,10304,18155,18675,11995,15220,15230,19251,30839,3631,14623,22069,11751,14522,11998,16456
1	846	22591	7916,5282,22317,30926,14892,9582,14028,9484,15219,12649,8973,6324,10304,18155,18675,11995,15220,15230,19251,30839,3631,14623,22069,11751,14522,11998,16456,19019
0	846	7779	7916,5282,22317,30926,14892,9582,14028,9484,15219,12649,8973,6324,10304,18155,18675,11995,15220,15230,19251,30839,3631,14623,22069,11751,14522,11998,16456,19019,22591
1	846	11855	7916,5282,22317,30926,14892,9582,14028,9484,15219,12649,8973,6324,10304,18155,18675,11995,15220,15230,19251,30839,3631,14623,22069,11751,14522,11998,16456,19019,22591
1	846	23804	7916,5282,22317,30926,14892,9582,14028,9484,15219,12649,8973,6324,10304,18155,18675,11995,15220,15230,19251,30839,3631,14623,22069,11751,14522,11998,16456,19019,22591,11855
1	846	17736	7916,5282,22317,30926,14892,9582,14028,9484,15219,12649,8973,6324,10304,18155,18675,11995,15220,15230,19251,30839,3631,14623,22069,11751,14522,11998,16456,19019,22591,11855,23804
0	846	18383	7916,5282,22317,30926,14892,9582,14028,9484,15219,12649,8973,6324,10304,18155,18675,11995,15220,15230,19251,30839,3631,14623,22069,11751,14522,11998,16456,19019,22591,11855,23804,17736
1	846	13823	7916,5282,22317,30926,14892,9582,14028,9484,15219,12649,8973,6324,10304,18155,18675,11995,15220,15230,19251,30839,3631,14623,22069,11751,14522,11998,16456,19019,22591,11855,23804,17736
1	846	21830	7916,5282,22317,30926,14892,9582,14028,9484,15219,12649,8973,6324,10304,18155,18675,11995,15220,15230,19251,30839,3631,14623,22069,11751,14522,11998,16456,19019,22591,11855,23804,17736,13823
1	846	20088	7916,5282,22317,30926,14892,9582,14028,9484,15219,12649,8973,6324,10304,18155,18675,11995,15220,15230,19251,30839,3631,14623,22069,11751,14522,11998,16456,19019,22591,11855,23804,17736,13823,21830
1	846	24728	7916,5282,22317,30926,14892,9582,14028,9484,15219,12649,8973,6324,10304,18155,18675,11995,15220,15230,19251,30839,3631,14623,22069,11751,14522,11998,16456,19019,22591,11855,23804,17736,13823,21830,20088
1	846	16449	7916,5282,22317,30926,14892,9582,14028,9484,15219,12649,8973,6324,10304,18155,18675,11995,15220,15230,19251,30839,3631,14623,22069,11751,14522,11998,16456,19019,22591,11855,23804,17736,13823,21830,20088,24728
1	846	21609	7916,5282,22317,30926,14892,9582,14028,9484,15219,12649,8973,6324,10304,18155,18675,11995,15220,15230,19251,30839,3631,14623,22069,11751,14522,11998,16456,19019,22591,11855,23804,17736,13823,21830,20088,24728,16449
0	846	26114	7916,5282,22317,30926,14892,9582,14028,9484,15219,12649,8973,6324,10304,18155,18675,11995,15220,15230,19251,30839,3631,14623,22069,11751,14522,11998,16456,19019,22591,11855,23804,17736,13823,21830,20088,24728,16449,21609
0	846	26115	7916,5282,22317,30926,14892,9582,14028,9484,15219,12649,8973,6324,10304,18155,18675,11995,15220,15230,19251,30839,3631,14623,22069,11751,14522,11998,16456,19019,22591,11855,23804,17736,13823,21830,20088,24728,16449,21609
1	846	26112	7916,5282,22317,30926,14892,9582,14028,9484,15219,12649,8973,6324,10304,18155,18675,11995,15220,15230,19251,30839,3631,14623,22069,11751,14522,11998,16456,19019,22591,11855,23804,17736,13823,21830,20088,24728,16449,21609
1	846	17583	7916,5282,22317,30926,14892,9582,14028,9484,15219,12649,8973,6324,10304,18155,18675,11995,15220,15230,19251,30839,3631,14623,22069,11751,14522,11998,16456,19019,22591,11855,23804,17736,13823,21830,20088,24728,16449,21609,26112
1	846	24800	7916,5282,22317,30926,14892,9582,14028,9484,15219,12649,8973,6324,10304,18155,18675,11995,15220,15230,19251,30839,3631,14623,22069,11751,14522,11998,16456,19019,22591,11855,23804,17736,13823,21830,20088,24728,16449,21609,26112,17583
1	846	23768	7916,5282,22317,30926,14892,9582,14028,9484,15219,12649,8973,6324,10304,18155,18675,11995,15220,15230,19251,30839,3631,14623,22069,11751,14522,11998,16456,19019,22591,11855,23804,17736,13823,21830,20088,24728,16449,21609,26112,17583,24800
0	846	24425	7916,5282,22317,30926,14892,9582,14028,9484,15219,12649,8973,6324,10304,18155,18675,11995,15220,15230,19251,30839,3631,14623,22069,11751,14522,11998,16456,19019,22591,11855,23804,17736,13823,21830,20088,24728,16449,21609,26112,17583,24800,23768
0	846	25474	7916,5282,22317,30926,14892,9582,14028,9484,15219,12649,8973,6324,10304,18155,18675,11995,15220,15230,19251,30839,3631,14623,22069,11751,14522,11998,16456,19019,22591,11855,23804,17736,13823,21830,20088,24728,16449,21609,26112,17583,24800,23768
0	846	26867	7916,5282,22317,30926,14892,9582,14028,9484,15219,12649,8973,6324,10304,18155,18675,11995,15220,15230,19251,30839,3631,14623,22069,11751,14522,11998,16456,19019,22591,11855,23804,17736,13823,21830,20088,24728,16449,21609,26112,17583,24800,23768
1	846	21225	7916,5282,22317,30926,14892,9582,14028,9484,15219,12649,8973,6324,10304,18155,18675,11995,15220,15230,19251,30839,3631,14623,22069,11751,14522,11998,16456,19019,22591,11855,23804,17736,13823,21830,20088,24728,16449,21609,26112,17583,24800,23768
0	846	13225	7916,5282,22317,30926,14892,9582,14028,9484,15219,12649,8973,6324,10304,18155,18675,11995,15220,15230,19251,30839,3631,14623,22069,11751,14522,11998,16456,19019,22591,11855,23804,17736,13823,21830,20088,24728,16449,21609,26112,17583,24800,23768,21225
1	846	837	7916,5282,22317,30926,14892,9582,14028,9484,15219,12649,8973,6324,10304,18155,18675,11995,15220,15230,19251,30839,3631,14623,22069,11751,14522,11998,16456,19019,22591,11855,23804,17736,13823,21830,20088,24728,16449,21609,26112,17583,24800,23768,21225
0	846	19238	7916,5282,22317,30926,14892,9582,14028,9484,15219,12649,8973,6324,10304,18155,18675,11995,15220,15230,19251,30839,3631,14623,22069,11751,14522,11998,16456,19019,22591,11855,23804,17736,13823,21830,20088,24728,16449,21609,26112,17583,24800,23768,21225,837
0	846	22784	7916,5282,22317,30926,14892,9582,14028,9484,15219,12649,8973,6324,10304,18155,18675,11995,15220,15230,19251,30839,3631,14623,22069,11751,14522,11998,16456,19019,22591,11855,23804,17736,13823,21830,20088,24728,16449,21609,26112,17583,24800,23768,21225,837
0	846	23722	7916,5282,22317,30926,14892,9582,14028,9484,15219,12649,8973,6324,10304,18155,18675,11995,15220,15230,19251,30839,3631,14623,22069,11751,14522,11998,16456,19019,22591,11855,23804,17736,13823,21830,20088,24728,16449,21609,26112,17583,24800,23768,21225,837
1	846	24589	7916,5282,22317,30926,14892,9582,14028,9484,15219,12649,8973,6324,10304,18155,18675,11995,15220,15230,19251,30839,3631,14623,22069,11751,14522,11998,16456,19019,22591,11855,23804,17736,13823,21830,20088,24728,16449,21609,26112,17583,24800,23768,21225,837
1	846	27956	7916,5282,22317,30926,14892,9582,14028,9484,15219,12649,8973,6324,10304,18155,18675,11995,15220,15230,19251,30839,3631,14623,22069,11751,14522,11998,16456,19019,22591,11855,23804,17736,13823,21830,20088,24728,16449,21609,26112,17583,24800,23768,21225,837,24589
0	846	27605	7916,5282,22317,30926,14892,9582,14028,9484,15219,12649,8973,6324,10304,18155,18675,11995,15220,15230,19251,30839,3631,14623,22069,11751,14522,11998,16456,19019,22591,11855,23804,17736,13823,21830,20088,24728,16449,21609,26112,17583,24800,23768,21225,837,24589,27956
0	846	6823	7916,5282,22317,30926,14892,9582,14028,9484,15219,12649,8973,6324,10304,18155,18675,11995,15220,15230,19251,30839,3631,14623,22069,11751,14522,11998,16456,19019,22591,11855,23804,17736,13823,21830,20088,24728,16449,21609,26112,17583,24800,23768,21225,837,24589,27956
1	846	21412	7916,5282,22317,30926,14892,9582,14028,9484,15219,12649,8973,6324,10304,18155,18675,11995,15220,15230,19251,30839,3631,14623,22069,11751,14522,11998,16456,19019,22591,11855,23804,17736,13823,21830,20088,24728,16449,21609,26112,17583,24800,23768,21225,837,24589,27956
1	846	25817	7916,5282,22317,30926,14892,9582,14028,9484,15219,12649,8973,6324,10304,18155,18675,11995,15220,15230,19251,30839,3631,14623,22069,11751,14522,11998,16456,19019,22591,11855,23804,17736,13823,21830,20088,24728,16449,21609,26112,17583,24800,23768,21225,837,24589,27956,21412
0	846	27797	7916,5282,22317,30926,14892,9582,14028,9484,15219,12649,8973,6324,10304,18155,18675,11995,15220,15230,19251,30839,3631,14623,22069,11751,14522,11998,16456,19019,22591,11855,23804,17736,13823,21830,20088,24728,16449,21609,26112,17583,24800,23768,21225,837,24589,27956,21412,25817
0	846	28879	7916,5282,22317,30926,14892,9582,14028,9484,15219,12649,8973,6324,10304,18155,18675,11995,15220,15230,19251,30839,3631,14623,22069,11751,14522,11998,16456,19019,22591,11855,23804,17736,13823,21830,20088,24728,16449,21609,26112,17583,24800,23768,21225,837,24589,27956,21412,25817
0	846	20444	7916,5282,22317,30926,14892,9582,14028,9484,15219,12649,8973,6324,10304,18155,18675,11995,15220,15230,19251,30839,3631,14623,22069,11751,14522,11998,16456,19019,22591,11855,23804,17736,13823,21830,20088,24728,16449,21609,26112,17583,24800,23768,21225,837,24589,27956,21412,25817
1	846	27507	7916,5282,22317,30926,14892,9582,14028,9484,15219,12649,8973,6324,10304,18155,18675,11995,15220,15230,19251,30839,3631,14623,22069,11751,14522,11998,16456,19019,22591,11855,23804,17736,13823,21830,20088,24728,16449,21609,26112,17583,24800,23768,21225,837,24589,27956,21412,25817
1	846	11544	7916,5282,22317,30926,14892,9582,14028,9484,15219,12649,8973,6324,10304,18155,18675,11995,15220,15230,19251,30839,3631,14623,22069,11751,14522,11998,16456,19019,22591,11855,23804,17736,13823,21830,20088,24728,16449,21609,26112,17583,24800,23768,21225,837,24589,27956,21412,25817,27507
0	846	28722	7916,5282,22317,30926,14892,9582,14028,9484,15219,12649,8973,6324,10304,18155,18675,11995,15220,15230,19251,30839,3631,14623,22069,11751,14522,11998,16456,19019,22591,11855,23804,17736,13823,21830,20088,24728,16449,21609,26112,17583,24800,23768,21225,837,24589,27956,21412,25817,27507,11544
1	846	29132	7916,5282,22317,30926,14892,9582,14028,9484,15219,12649,8973,6324,10304,18155,18675,11995,15220,15230,19251,30839,3631,14623,22069,11751,14522,11998,16456,19019,22591,11855,23804,17736,13823,21830,20088,24728,16449,21609,26112,17583,24800,23768,21225,837,24589,27956,21412,25817,27507,11544
0	846	27001	7916,5282,22317,30926,14892,9582,14028,9484,15219,12649,8973,6324,10304,18155,18675,11995,15220,15230,19251,30839,3631,14623,22069,11751,14522,11998,16456,19019,22591,11855,23804,17736,13823,21830,20088,24728,16449,21609,26112,17583,24800,23768,21225,837,24589,27956,21412,25817,27507,11544,29132
0	846	29149	7916,5282,22317,30926,14892,9582,14028,9484,15219,12649,8973,6324,10304,18155,18675,11995,15220,15230,19251,30839,3631,14623,22069,11751,14522,11998,16456,19019,22591,11855,23804,17736,13823,21830,20088,24728,16449,21609,26112,17583,24800,23768,21225,837,24589,27956,21412,25817,27507,11544,29132
