1	179	32915	0
1	179	31543	32915
0	179	2782	32915,31543
1	179	23986	32915,31543
0	179	4177	32915,31543,23986
1	179	843	32915,31543,23986
1	179	5925	32915,31543,23986,843
1	179	1580	32915,31543,23986,843,5925
0	179	7040	32915,31543,23986,843,5925,1580
0	179	6338	32915,31543,23986,843,5925,1580
1	179	6232	32915,31543,23986,843,5925,1580
0	179	6229	32915,31543,23986,843,5925,1580,6232
0	179	6484	32915,31543,23986,843,5925,1580,6232
0	179	9428	32915,31543,23986,843,5925,1580,6232
0	179	11002	32915,31543,23986,843,5925,1580,6232
1	179	11338	32915,31543,23986,843,5925,1580,6232
0	179	5941	32915,31543,23986,843,5925,1580,6232,11338
0	179	11698	32915,31543,23986,843,5925,1580,6232,11338
1	179	31370	32915,31543,23986,843,5925,1580,6232,11338
1	179	12043	32915,31543,23986,843,5925,1580,6232,11338,31370
1	179	4882	32915,31543,23986,843,5925,1580,6232,11338,31370,12043
1	179	12411	32915,31543,23986,843,5925,1580,6232,11338,31370,12043,4882
0	179	11954	32915,31543,23986,843,5925,1580,6232,11338,31370,12043,4882,12411
0	179	9304	32915,31543,23986,843,5925,1580,6232,11338,31370,12043,4882,12411
1	179	32173	32915,31543,23986,843,5925,1580,6232,11338,31370,12043,4882,12411
1	179	14005	32915,31543,23986,843,5925,1580,6232,11338,31370,12043,4882,12411,32173
0	179	1089	32915,31543,23986,843,5925,1580,6232,11338,31370,12043,4882,12411,32173,14005
1	179	15105	32915,31543,23986,843,5925,1580,6232,11338,31370,12043,4882,12411,32173,14005
0	179	9462	32915,31543,23986,843,5925,1580,6232,11338,31370,12043,4882,12411,32173,14005,15105
1	179	22506	32915,31543,23986,843,5925,1580,6232,11338,31370,12043,4882,12411,32173,14005,15105
1	179	1831	32915,31543,23986,843,5925,1580,6232,11338,31370,12043,4882,12411,32173,14005,15105,22506
1	179	13172	32915,31543,23986,843,5925,1580,6232,11338,31370,12043,4882,12411,32173,14005,15105,22506,1831
1	179	16359	32915,31543,23986,843,5925,1580,6232,11338,31370,12043,4882,12411,32173,14005,15105,22506,1831,13172
0	179	18670	32915,31543,23986,843,5925,1580,6232,11338,31370,12043,4882,12411,32173,14005,15105,22506,1831,13172,16359
1	179	16880	32915,31543,23986,843,5925,1580,6232,11338,31370,12043,4882,12411,32173,14005,15105,22506,1831,13172,16359
1	179	18972	32915,31543,23986,843,5925,1580,6232,11338,31370,12043,4882,12411,32173,14005,15105,22506,1831,13172,16359,16880
0	179	19627	32915,31543,23986,843,5925,1580,6232,11338,31370,12043,4882,12411,32173,14005,15105,22506,1831,13172,16359,16880,18972
0	179	12248	32915,31543,23986,843,5925,1580,6232,11338,31370,12043,4882,12411,32173,14005,15105,22506,1831,13172,16359,16880,18972
0	179	13668	32915,31543,23986,843,5925,1580,6232,11338,31370,12043,4882,12411,32173,14005,15105,22506,1831,13172,16359,16880,18972
1	179	19041	32915,31543,23986,843,5925,1580,6232,11338,31370,12043,4882,12411,32173,14005,15105,22506,1831,13172,16359,16880,18972
0	179	19400	32915,31543,23986,843,5925,1580,6232,11338,31370,12043,4882,12411,32173,14005,15105,22506,1831,13172,16359,16880,18972,19041
0	179	17066	32915,31543,23986,843,5925,1580,6232,11338,31370,12043,4882,12411,32173,14005,15105,22506,1831,13172,16359,16880,18972,19041
1	179	20921	32915,31543,23986,843,5925,1580,6232,11338,31370,12043,4882,12411,32173,14005,15105,22506,1831,13172,16359,16880,18972,19041
1	179	21242	32915,31543,23986,843,5925,1580,6232,11338,31370,12043,4882,12411,32173,14005,15105,22506,1831,13172,16359,16880,18972,19041,20921
1	179	19334	32915,31543,23986,843,5925,1580,6232,11338,31370,12043,4882,12411,32173,14005,15105,22506,1831,13172,16359,16880,18972,19041,20921,21242
0	179	18142	32915,31543,23986,843,5925,1580,6232,11338,31370,12043,4882,12411,32173,14005,15105,22506,1831,13172,16359,16880,18972,19041,20921,21242,19334
0	179	22354	32915,31543,23986,843,5925,1580,6232,11338,31370,12043,4882,12411,32173,14005,15105,22506,1831,13172,16359,16880,18972,19041,20921,21242,19334
0	179	20920	32915,31543,23986,843,5925,1580,6232,11338,31370,12043,4882,12411,32173,14005,15105,22506,1831,13172,16359,16880,18972,19041,20921,21242,19334
0	179	32328	32915,31543,23986,843,5925,1580,6232,11338,31370,12043,4882,12411,32173,14005,15105,22506,1831,13172,16359,16880,18972,19041,20921,21242,19334
0	179	22748	32915,31543,23986,843,5925,1580,6232,11338,31370,12043,4882,12411,32173,14005,15105,22506,1831,13172,16359,16880,18972,19041,20921,21242,19334
0	179	22816	32915,31543,23986,843,5925,1580,6232,11338,31370,12043,4882,12411,32173,14005,15105,22506,1831,13172,16359,16880,18972,19041,20921,21242,19334
0	179	22919	32915,31543,23986,843,5925,1580,6232,11338,31370,12043,4882,12411,32173,14005,15105,22506,1831,13172,16359,16880,18972,19041,20921,21242,19334
0	179	24490	32915,31543,23986,843,5925,1580,6232,11338,31370,12043,4882,12411,32173,14005,15105,22506,1831,13172,16359,16880,18972,19041,20921,21242,19334
1	179	9544	32915,31543,23986,843,5925,1580,6232,11338,31370,12043,4882,12411,32173,14005,15105,22506,1831,13172,16359,16880,18972,19041,20921,21242,19334
0	179	23101	32915,31543,23986,843,5925,1580,6232,11338,31370,12043,4882,12411,32173,14005,15105,22506,1831,13172,16359,16880,18972,19041,20921,21242,19334,9544
1	179	25055	32915,31543,23986,843,5925,1580,6232,11338,31370,12043,4882,12411,32173,14005,15105,22506,1831,13172,16359,16880,18972,19041,20921,21242,19334,9544
0	179	19471	32915,31543,23986,843,5925,1580,6232,11338,31370,12043,4882,12411,32173,14005,15105,22506,1831,13172,16359,16880,18972,19041,20921,21242,19334,9544,25055
0	179	24215	32915,31543,23986,843,5925,1580,6232,11338,31370,12043,4882,12411,32173,14005,15105,22506,1831,13172,16359,16880,18972,19041,20921,21242,19334,9544,25055
1	179	10601	32915,31543,23986,843,5925,1580,6232,11338,31370,12043,4882,12411,32173,14005,15105,22506,1831,13172,16359,16880,18972,19041,20921,21242,19334,9544,25055
0	179	24915	32915,31543,23986,843,5925,1580,6232,11338,31370,12043,4882,12411,32173,14005,15105,22506,1831,13172,16359,16880,18972,19041,20921,21242,19334,9544,25055,10601
0	179	26752	32915,31543,23986,843,5925,1580,6232,11338,31370,12043,4882,12411,32173,14005,15105,22506,1831,13172,16359,16880,18972,19041,20921,21242,19334,9544,25055,10601
1	179	27779	32915,31543,23986,843,5925,1580,6232,11338,31370,12043,4882,12411,32173,14005,15105,22506,1831,13172,16359,16880,18972,19041,20921,21242,19334,9544,25055,10601
0	179	24048	32915,31543,23986,843,5925,1580,6232,11338,31370,12043,4882,12411,32173,14005,15105,22506,1831,13172,16359,16880,18972,19041,20921,21242,19334,9544,25055,10601,27779
0	179	27797	32915,31543,23986,843,5925,1580,6232,11338,31370,12043,4882,12411,32173,14005,15105,22506,1831,13172,16359,16880,18972,19041,20921,21242,19334,9544,25055,10601,27779
1	179	17992	32915,31543,23986,843,5925,1580,6232,11338,31370,12043,4882,12411,32173,14005,15105,22506,1831,13172,16359,16880,18972,19041,20921,21242,19334,9544,25055,10601,27779
0	179	28048	32915,31543,23986,843,5925,1580,6232,11338,31370,12043,4882,12411,32173,14005,15105,22506,1831,13172,16359,16880,18972,19041,20921,21242,19334,9544,25055,10601,27779,17992
1	179	25826	32915,31543,23986,843,5925,1580,6232,11338,31370,12043,4882,12411,32173,14005,15105,22506,1831,13172,16359,16880,18972,19041,20921,21242,19334,9544,25055,10601,27779,17992
1	179	28902	32915,31543,23986,843,5925,1580,6232,11338,31370,12043,4882,12411,32173,14005,15105,22506,1831,13172,16359,16880,18972,19041,20921,21242,19334,9544,25055,10601,27779,17992,25826
1	179	15557	32915,31543,23986,843,5925,1580,6232,11338,31370,12043,4882,12411,32173,14005,15105,22506,1831,13172,16359,16880,18972,19041,20921,21242,19334,9544,25055,10601,27779,17992,25826,28902
