1	550	32527	0
1	550	1793	32527
0	550	5013	32527,1793
1	550	6189	32527,1793
1	550	6232	32527,1793,6189
1	550	6889	32527,1793,6189,6232
0	550	7574	32527,1793,6189,6232,6889
0	550	8942	32527,1793,6189,6232,6889
1	550	8527	32527,1793,6189,6232,6889
0	550	6484	32527,1793,6189,6232,6889,8527
0	550	8848	32527,1793,6189,6232,6889,8527
1	550	32138	32527,1793,6189,6232,6889,8527
0	550	7702	32527,1793,6189,6232,6889,8527,32138
1	550	9462	32527,1793,6189,6232,6889,8527,32138
0	550	5455	32527,1793,6189,6232,6889,8527,32138,9462
0	550	5342	32527,1793,6189,6232,6889,8527,32138,9462
0	550	12899	32527,1793,6189,6232,6889,8527,32138,9462
1	550	6853	32527,1793,6189,6232,6889,8527,32138,9462
0	550	9616	32527,1793,6189,6232,6889,8527,32138,9462,6853
1	550	20416	32527,1793,6189,6232,6889,8527,32138,9462,6853
1	550	5210	32527,1793,6189,6232,6889,8527,32138,9462,6853,20416
0	550	9908	32527,1793,6189,6232,6889,8527,32138,9462,6853,20416,5210
1	550	6892	32527,1793,6189,6232,6889,8527,32138,9462,6853,20416,5210
0	550	2231	32527,1793,6189,6232,6889,8527,32138,9462,6853,20416,5210,6892
1	550	6891	32527,1793,6189,6232,6889,8527,32138,9462,6853,20416,5210,6892
1	550	33037	32527,1793,6189,6232,6889,8527,32138,9462,6853,20416,5210,6892,6891
0	550	14658	32527,1793,6189,6232,6889,8527,32138,9462,6853,20416,5210,6892,6891,33037
1	550	11747	32527,1793,6189,6232,6889,8527,32138,9462,6853,20416,5210,6892,6891,33037
1	550	12128	32527,1793,6189,6232,6889,8527,32138,9462,6853,20416,5210,6892,6891,33037,11747
0	550	12822	32527,1793,6189,6232,6889,8527,32138,9462,6853,20416,5210,6892,6891,33037,11747,12128
0	550	9484	32527,1793,6189,6232,6889,8527,32138,9462,6853,20416,5210,6892,6891,33037,11747,12128
1	550	1119	32527,1793,6189,6232,6889,8527,32138,9462,6853,20416,5210,6892,6891,33037,11747,12128
1	550	4786	32527,1793,6189,6232,6889,8527,32138,9462,6853,20416,5210,6892,6891,33037,11747,12128,1119
0	550	13172	32527,1793,6189,6232,6889,8527,32138,9462,6853,20416,5210,6892,6891,33037,11747,12128,1119,4786
0	550	9578	32527,1793,6189,6232,6889,8527,32138,9462,6853,20416,5210,6892,6891,33037,11747,12128,1119,4786
0	550	14145	32527,1793,6189,6232,6889,8527,32138,9462,6853,20416,5210,6892,6891,33037,11747,12128,1119,4786
0	550	14529	32527,1793,6189,6232,6889,8527,32138,9462,6853,20416,5210,6892,6891,33037,11747,12128,1119,4786
0	550	3749	32527,1793,6189,6232,6889,8527,32138,9462,6853,20416,5210,6892,6891,33037,11747,12128,1119,4786
0	550	6333	32527,1793,6189,6232,6889,8527,32138,9462,6853,20416,5210,6892,6891,33037,11747,12128,1119,4786
1	550	15226	32527,1793,6189,6232,6889,8527,32138,9462,6853,20416,5210,6892,6891,33037,11747,12128,1119,4786
0	550	15448	32527,1793,6189,6232,6889,8527,32138,9462,6853,20416,5210,6892,6891,33037,11747,12128,1119,4786,15226
0	550	18971	32527,1793,6189,6232,6889,8527,32138,9462,6853,20416,5210,6892,6891,33037,11747,12128,1119,4786,15226
1	550	17059	32527,1793,6189,6232,6889,8527,32138,9462,6853,20416,5210,6892,6891,33037,11747,12128,1119,4786,15226
0	550	15602	32527,1793,6189,6232,6889,8527,32138,9462,6853,20416,5210,6892,6891,33037,11747,12128,1119,4786,15226,17059
0	550	19039	32527,1793,6189,6232,6889,8527,32138,9462,6853,20416,5210,6892,6891,33037,11747,12128,1119,4786,15226,17059
0	550	19368	32527,1793,6189,6232,6889,8527,32138,9462,6853,20416,5210,6892,6891,33037,11747,12128,1119,4786,15226,17059
0	550	8222	32527,1793,6189,6232,6889,8527,32138,9462,6853,20416,5210,6892,6891,33037,11747,12128,1119,4786,15226,17059
0	550	18876	32527,1793,6189,6232,6889,8527,32138,9462,6853,20416,5210,6892,6891,33037,11747,12128,1119,4786,15226,17059
1	550	6895	32527,1793,6189,6232,6889,8527,32138,9462,6853,20416,5210,6892,6891,33037,11747,12128,1119,4786,15226,17059
0	550	19400	32527,1793,6189,6232,6889,8527,32138,9462,6853,20416,5210,6892,6891,33037,11747,12128,1119,4786,15226,17059,6895
1	550	15778	32527,1793,6189,6232,6889,8527,32138,9462,6853,20416,5210,6892,6891,33037,11747,12128,1119,4786,15226,17059,6895
0	550	16647	32527,1793,6189,6232,6889,8527,32138,9462,6853,20416,5210,6892,6891,33037,11747,12128,1119,4786,15226,17059,6895,15778
0	550	11132	32527,1793,6189,6232,6889,8527,32138,9462,6853,20416,5210,6892,6891,33037,11747,12128,1119,4786,15226,17059,6895,15778
1	550	15626	32527,1793,6189,6232,6889,8527,32138,9462,6853,20416,5210,6892,6891,33037,11747,12128,1119,4786,15226,17059,6895,15778
0	550	18806	32527,1793,6189,6232,6889,8527,32138,9462,6853,20416,5210,6892,6891,33037,11747,12128,1119,4786,15226,17059,6895,15778,15626
1	550	19315	32527,1793,6189,6232,6889,8527,32138,9462,6853,20416,5210,6892,6891,33037,11747,12128,1119,4786,15226,17059,6895,15778,15626
1	550	19112	32527,1793,6189,6232,6889,8527,32138,9462,6853,20416,5210,6892,6891,33037,11747,12128,1119,4786,15226,17059,6895,15778,15626,19315
1	550	20163	32527,1793,6189,6232,6889,8527,32138,9462,6853,20416,5210,6892,6891,33037,11747,12128,1119,4786,15226,17059,6895,15778,15626,19315,19112
0	550	19177	32527,1793,6189,6232,6889,8527,32138,9462,6853,20416,5210,6892,6891,33037,11747,12128,1119,4786,15226,17059,6895,15778,15626,19315,19112,20163
0	550	17033	32527,1793,6189,6232,6889,8527,32138,9462,6853,20416,5210,6892,6891,33037,11747,12128,1119,4786,15226,17059,6895,15778,15626,19315,19112,20163
0	550	17241	32527,1793,6189,6232,6889,8527,32138,9462,6853,20416,5210,6892,6891,33037,11747,12128,1119,4786,15226,17059,6895,15778,15626,19315,19112,20163
1	550	21574	32527,1793,6189,6232,6889,8527,32138,9462,6853,20416,5210,6892,6891,33037,11747,12128,1119,4786,15226,17059,6895,15778,15626,19315,19112,20163
1	550	23102	32527,1793,6189,6232,6889,8527,32138,9462,6853,20416,5210,6892,6891,33037,11747,12128,1119,4786,15226,17059,6895,15778,15626,19315,19112,20163,21574
1	550	3618	32527,1793,6189,6232,6889,8527,32138,9462,6853,20416,5210,6892,6891,33037,11747,12128,1119,4786,15226,17059,6895,15778,15626,19315,19112,20163,21574,23102
1	550	20796	32527,1793,6189,6232,6889,8527,32138,9462,6853,20416,5210,6892,6891,33037,11747,12128,1119,4786,15226,17059,6895,15778,15626,19315,19112,20163,21574,23102,3618
0	550	15210	32527,1793,6189,6232,6889,8527,32138,9462,6853,20416,5210,6892,6891,33037,11747,12128,1119,4786,15226,17059,6895,15778,15626,19315,19112,20163,21574,23102,3618,20796
1	550	15218	32527,1793,6189,6232,6889,8527,32138,9462,6853,20416,5210,6892,6891,33037,11747,12128,1119,4786,15226,17059,6895,15778,15626,19315,19112,20163,21574,23102,3618,20796
1	550	3375	32527,1793,6189,6232,6889,8527,32138,9462,6853,20416,5210,6892,6891,33037,11747,12128,1119,4786,15226,17059,6895,15778,15626,19315,19112,20163,21574,23102,3618,20796,15218
1	550	11867	32527,1793,6189,6232,6889,8527,32138,9462,6853,20416,5210,6892,6891,33037,11747,12128,1119,4786,15226,17059,6895,15778,15626,19315,19112,20163,21574,23102,3618,20796,15218,3375
0	550	24490	32527,1793,6189,6232,6889,8527,32138,9462,6853,20416,5210,6892,6891,33037,11747,12128,1119,4786,15226,17059,6895,15778,15626,19315,19112,20163,21574,23102,3618,20796,15218,3375,11867
0	550	15219	32527,1793,6189,6232,6889,8527,32138,9462,6853,20416,5210,6892,6891,33037,11747,12128,1119,4786,15226,17059,6895,15778,15626,19315,19112,20163,21574,23102,3618,20796,15218,3375,11867
1	550	11865	32527,1793,6189,6232,6889,8527,32138,9462,6853,20416,5210,6892,6891,33037,11747,12128,1119,4786,15226,17059,6895,15778,15626,19315,19112,20163,21574,23102,3618,20796,15218,3375,11867
1	550	17270	32527,1793,6189,6232,6889,8527,32138,9462,6853,20416,5210,6892,6891,33037,11747,12128,1119,4786,15226,17059,6895,15778,15626,19315,19112,20163,21574,23102,3618,20796,15218,3375,11867,11865
0	550	31608	32527,1793,6189,6232,6889,8527,32138,9462,6853,20416,5210,6892,6891,33037,11747,12128,1119,4786,15226,17059,6895,15778,15626,19315,19112,20163,21574,23102,3618,20796,15218,3375,11867,11865,17270
1	550	20954	32527,1793,6189,6232,6889,8527,32138,9462,6853,20416,5210,6892,6891,33037,11747,12128,1119,4786,15226,17059,6895,15778,15626,19315,19112,20163,21574,23102,3618,20796,15218,3375,11867,11865,17270
1	550	25696	32527,1793,6189,6232,6889,8527,32138,9462,6853,20416,5210,6892,6891,33037,11747,12128,1119,4786,15226,17059,6895,15778,15626,19315,19112,20163,21574,23102,3618,20796,15218,3375,11867,11865,17270,20954
1	550	25524	32527,1793,6189,6232,6889,8527,32138,9462,6853,20416,5210,6892,6891,33037,11747,12128,1119,4786,15226,17059,6895,15778,15626,19315,19112,20163,21574,23102,3618,20796,15218,3375,11867,11865,17270,20954,25696
0	550	21032	32527,1793,6189,6232,6889,8527,32138,9462,6853,20416,5210,6892,6891,33037,11747,12128,1119,4786,15226,17059,6895,15778,15626,19315,19112,20163,21574,23102,3618,20796,15218,3375,11867,11865,17270,20954,25696,25524
0	550	21625	32527,1793,6189,6232,6889,8527,32138,9462,6853,20416,5210,6892,6891,33037,11747,12128,1119,4786,15226,17059,6895,15778,15626,19315,19112,20163,21574,23102,3618,20796,15218,3375,11867,11865,17270,20954,25696,25524
0	550	20088	32527,1793,6189,6232,6889,8527,32138,9462,6853,20416,5210,6892,6891,33037,11747,12128,1119,4786,15226,17059,6895,15778,15626,19315,19112,20163,21574,23102,3618,20796,15218,3375,11867,11865,17270,20954,25696,25524
0	550	22111	32527,1793,6189,6232,6889,8527,32138,9462,6853,20416,5210,6892,6891,33037,11747,12128,1119,4786,15226,17059,6895,15778,15626,19315,19112,20163,21574,23102,3618,20796,15218,3375,11867,11865,17270,20954,25696,25524
0	550	19989	32527,1793,6189,6232,6889,8527,32138,9462,6853,20416,5210,6892,6891,33037,11747,12128,1119,4786,15226,17059,6895,15778,15626,19315,19112,20163,21574,23102,3618,20796,15218,3375,11867,11865,17270,20954,25696,25524
0	550	26115	32527,1793,6189,6232,6889,8527,32138,9462,6853,20416,5210,6892,6891,33037,11747,12128,1119,4786,15226,17059,6895,15778,15626,19315,19112,20163,21574,23102,3618,20796,15218,3375,11867,11865,17270,20954,25696,25524
1	550	26116	32527,1793,6189,6232,6889,8527,32138,9462,6853,20416,5210,6892,6891,33037,11747,12128,1119,4786,15226,17059,6895,15778,15626,19315,19112,20163,21574,23102,3618,20796,15218,3375,11867,11865,17270,20954,25696,25524
0	550	24845	32527,1793,6189,6232,6889,8527,32138,9462,6853,20416,5210,6892,6891,33037,11747,12128,1119,4786,15226,17059,6895,15778,15626,19315,19112,20163,21574,23102,3618,20796,15218,3375,11867,11865,17270,20954,25696,25524,26116
0	550	576	32527,1793,6189,6232,6889,8527,32138,9462,6853,20416,5210,6892,6891,33037,11747,12128,1119,4786,15226,17059,6895,15778,15626,19315,19112,20163,21574,23102,3618,20796,15218,3375,11867,11865,17270,20954,25696,25524,26116
1	550	6906	32527,1793,6189,6232,6889,8527,32138,9462,6853,20416,5210,6892,6891,33037,11747,12128,1119,4786,15226,17059,6895,15778,15626,19315,19112,20163,21574,23102,3618,20796,15218,3375,11867,11865,17270,20954,25696,25524,26116
0	550	25356	32527,1793,6189,6232,6889,8527,32138,9462,6853,20416,5210,6892,6891,33037,11747,12128,1119,4786,15226,17059,6895,15778,15626,19315,19112,20163,21574,23102,3618,20796,15218,3375,11867,11865,17270,20954,25696,25524,26116,6906
0	550	25474	32527,1793,6189,6232,6889,8527,32138,9462,6853,20416,5210,6892,6891,33037,11747,12128,1119,4786,15226,17059,6895,15778,15626,19315,19112,20163,21574,23102,3618,20796,15218,3375,11867,11865,17270,20954,25696,25524,26116,6906
0	550	162	32527,1793,6189,6232,6889,8527,32138,9462,6853,20416,5210,6892,6891,33037,11747,12128,1119,4786,15226,17059,6895,15778,15626,19315,19112,20163,21574,23102,3618,20796,15218,3375,11867,11865,17270,20954,25696,25524,26116,6906
0	550	9982	32527,1793,6189,6232,6889,8527,32138,9462,6853,20416,5210,6892,6891,33037,11747,12128,1119,4786,15226,17059,6895,15778,15626,19315,19112,20163,21574,23102,3618,20796,15218,3375,11867,11865,17270,20954,25696,25524,26116,6906
0	550	12080	32527,1793,6189,6232,6889,8527,32138,9462,6853,20416,5210,6892,6891,33037,11747,12128,1119,4786,15226,17059,6895,15778,15626,19315,19112,20163,21574,23102,3618,20796,15218,3375,11867,11865,17270,20954,25696,25524,26116,6906
0	550	15220	32527,1793,6189,6232,6889,8527,32138,9462,6853,20416,5210,6892,6891,33037,11747,12128,1119,4786,15226,17059,6895,15778,15626,19315,19112,20163,21574,23102,3618,20796,15218,3375,11867,11865,17270,20954,25696,25524,26116,6906
1	550	21767	32527,1793,6189,6232,6889,8527,32138,9462,6853,20416,5210,6892,6891,33037,11747,12128,1119,4786,15226,17059,6895,15778,15626,19315,19112,20163,21574,23102,3618,20796,15218,3375,11867,11865,17270,20954,25696,25524,26116,6906
0	550	2062	32527,1793,6189,6232,6889,8527,32138,9462,6853,20416,5210,6892,6891,33037,11747,12128,1119,4786,15226,17059,6895,15778,15626,19315,19112,20163,21574,23102,3618,20796,15218,3375,11867,11865,17270,20954,25696,25524,26116,6906,21767
0	550	13027	32527,1793,6189,6232,6889,8527,32138,9462,6853,20416,5210,6892,6891,33037,11747,12128,1119,4786,15226,17059,6895,15778,15626,19315,19112,20163,21574,23102,3618,20796,15218,3375,11867,11865,17270,20954,25696,25524,26116,6906,21767
0	550	23768	32527,1793,6189,6232,6889,8527,32138,9462,6853,20416,5210,6892,6891,33037,11747,12128,1119,4786,15226,17059,6895,15778,15626,19315,19112,20163,21574,23102,3618,20796,15218,3375,11867,11865,17270,20954,25696,25524,26116,6906,21767
1	550	27120	32527,1793,6189,6232,6889,8527,32138,9462,6853,20416,5210,6892,6891,33037,11747,12128,1119,4786,15226,17059,6895,15778,15626,19315,19112,20163,21574,23102,3618,20796,15218,3375,11867,11865,17270,20954,25696,25524,26116,6906,21767
1	550	27269	32527,1793,6189,6232,6889,8527,32138,9462,6853,20416,5210,6892,6891,33037,11747,12128,1119,4786,15226,17059,6895,15778,15626,19315,19112,20163,21574,23102,3618,20796,15218,3375,11867,11865,17270,20954,25696,25524,26116,6906,21767,27120
1	550	27288	32527,1793,6189,6232,6889,8527,32138,9462,6853,20416,5210,6892,6891,33037,11747,12128,1119,4786,15226,17059,6895,15778,15626,19315,19112,20163,21574,23102,3618,20796,15218,3375,11867,11865,17270,20954,25696,25524,26116,6906,21767,27120,27269
1	550	27289	32527,1793,6189,6232,6889,8527,32138,9462,6853,20416,5210,6892,6891,33037,11747,12128,1119,4786,15226,17059,6895,15778,15626,19315,19112,20163,21574,23102,3618,20796,15218,3375,11867,11865,17270,20954,25696,25524,26116,6906,21767,27120,27269,27288
1	550	27290	32527,1793,6189,6232,6889,8527,32138,9462,6853,20416,5210,6892,6891,33037,11747,12128,1119,4786,15226,17059,6895,15778,15626,19315,19112,20163,21574,23102,3618,20796,15218,3375,11867,11865,17270,20954,25696,25524,26116,6906,21767,27120,27269,27288,27289
1	550	23436	32527,1793,6189,6232,6889,8527,32138,9462,6853,20416,5210,6892,6891,33037,11747,12128,1119,4786,15226,17059,6895,15778,15626,19315,19112,20163,21574,23102,3618,20796,15218,3375,11867,11865,17270,20954,25696,25524,26116,6906,21767,27120,27269,27288,27289,27290
0	550	26111	32527,1793,6189,6232,6889,8527,32138,9462,6853,20416,5210,6892,6891,33037,11747,12128,1119,4786,15226,17059,6895,15778,15626,19315,19112,20163,21574,23102,3618,20796,15218,3375,11867,11865,17270,20954,25696,25524,26116,6906,21767,27120,27269,27288,27289,27290,23436
0	550	837	32527,1793,6189,6232,6889,8527,32138,9462,6853,20416,5210,6892,6891,33037,11747,12128,1119,4786,15226,17059,6895,15778,15626,19315,19112,20163,21574,23102,3618,20796,15218,3375,11867,11865,17270,20954,25696,25524,26116,6906,21767,27120,27269,27288,27289,27290,23436
1	550	21225	32527,1793,6189,6232,6889,8527,32138,9462,6853,20416,5210,6892,6891,33037,11747,12128,1119,4786,15226,17059,6895,15778,15626,19315,19112,20163,21574,23102,3618,20796,15218,3375,11867,11865,17270,20954,25696,25524,26116,6906,21767,27120,27269,27288,27289,27290,23436
1	550	27401	32527,1793,6189,6232,6889,8527,32138,9462,6853,20416,5210,6892,6891,33037,11747,12128,1119,4786,15226,17059,6895,15778,15626,19315,19112,20163,21574,23102,3618,20796,15218,3375,11867,11865,17270,20954,25696,25524,26116,6906,21767,27120,27269,27288,27289,27290,23436,21225
0	550	25881	32527,1793,6189,6232,6889,8527,32138,9462,6853,20416,5210,6892,6891,33037,11747,12128,1119,4786,15226,17059,6895,15778,15626,19315,19112,20163,21574,23102,3618,20796,15218,3375,11867,11865,17270,20954,25696,25524,26116,6906,21767,27120,27269,27288,27289,27290,23436,21225,27401
1	550	23056	32527,1793,6189,6232,6889,8527,32138,9462,6853,20416,5210,6892,6891,33037,11747,12128,1119,4786,15226,17059,6895,15778,15626,19315,19112,20163,21574,23102,3618,20796,15218,3375,11867,11865,17270,20954,25696,25524,26116,6906,21767,27120,27269,27288,27289,27290,23436,21225,27401
0	550	26583	32527,1793,6189,6232,6889,8527,32138,9462,6853,20416,5210,6892,6891,33037,11747,12128,1119,4786,15226,17059,6895,15778,15626,19315,19112,20163,21574,23102,3618,20796,15218,3375,11867,11865,17270,20954,25696,25524,26116,6906,21767,27120,27269,27288,27289,27290,23436,21225,27401,23056
1	550	24381	32527,1793,6189,6232,6889,8527,32138,9462,6853,20416,5210,6892,6891,33037,11747,12128,1119,4786,15226,17059,6895,15778,15626,19315,19112,20163,21574,23102,3618,20796,15218,3375,11867,11865,17270,20954,25696,25524,26116,6906,21767,27120,27269,27288,27289,27290,23436,21225,27401,23056
0	550	20410	32527,1793,6189,6232,6889,8527,32138,9462,6853,20416,5210,6892,6891,33037,11747,12128,1119,4786,15226,17059,6895,15778,15626,19315,19112,20163,21574,23102,3618,20796,15218,3375,11867,11865,17270,20954,25696,25524,26116,6906,21767,27120,27269,27288,27289,27290,23436,21225,27401,23056,24381
0	550	26326	32527,1793,6189,6232,6889,8527,32138,9462,6853,20416,5210,6892,6891,33037,11747,12128,1119,4786,15226,17059,6895,15778,15626,19315,19112,20163,21574,23102,3618,20796,15218,3375,11867,11865,17270,20954,25696,25524,26116,6906,21767,27120,27269,27288,27289,27290,23436,21225,27401,23056,24381
0	550	27113	32527,1793,6189,6232,6889,8527,32138,9462,6853,20416,5210,6892,6891,33037,11747,12128,1119,4786,15226,17059,6895,15778,15626,19315,19112,20163,21574,23102,3618,20796,15218,3375,11867,11865,17270,20954,25696,25524,26116,6906,21767,27120,27269,27288,27289,27290,23436,21225,27401,23056,24381
0	550	24589	32527,1793,6189,6232,6889,8527,32138,9462,6853,20416,5210,6892,6891,33037,11747,12128,1119,4786,15226,17059,6895,15778,15626,19315,19112,20163,21574,23102,3618,20796,15218,3375,11867,11865,17270,20954,25696,25524,26116,6906,21767,27120,27269,27288,27289,27290,23436,21225,27401,23056,24381
0	550	28066	32527,1793,6189,6232,6889,8527,32138,9462,6853,20416,5210,6892,6891,33037,11747,12128,1119,4786,15226,17059,6895,15778,15626,19315,19112,20163,21574,23102,3618,20796,15218,3375,11867,11865,17270,20954,25696,25524,26116,6906,21767,27120,27269,27288,27289,27290,23436,21225,27401,23056,24381
1	550	28443	32527,1793,6189,6232,6889,8527,32138,9462,6853,20416,5210,6892,6891,33037,11747,12128,1119,4786,15226,17059,6895,15778,15626,19315,19112,20163,21574,23102,3618,20796,15218,3375,11867,11865,17270,20954,25696,25524,26116,6906,21767,27120,27269,27288,27289,27290,23436,21225,27401,23056,24381
1	550	28123	32527,1793,6189,6232,6889,8527,32138,9462,6853,20416,5210,6892,6891,33037,11747,12128,1119,4786,15226,17059,6895,15778,15626,19315,19112,20163,21574,23102,3618,20796,15218,3375,11867,11865,17270,20954,25696,25524,26116,6906,21767,27120,27269,27288,27289,27290,23436,21225,27401,23056,24381,28443
1	550	28124	32527,1793,6189,6232,6889,8527,32138,9462,6853,20416,5210,6892,6891,33037,11747,12128,1119,4786,15226,17059,6895,15778,15626,19315,19112,20163,21574,23102,3618,20796,15218,3375,11867,11865,17270,20954,25696,25524,26116,6906,21767,27120,27269,27288,27289,27290,23436,21225,27401,23056,24381,28443,28123
1	550	28351	32527,1793,6189,6232,6889,8527,32138,9462,6853,20416,5210,6892,6891,33037,11747,12128,1119,4786,15226,17059,6895,15778,15626,19315,19112,20163,21574,23102,3618,20796,15218,3375,11867,11865,17270,20954,25696,25524,26116,6906,21767,27120,27269,27288,27289,27290,23436,21225,27401,23056,24381,28443,28123,28124
0	550	27797	32527,1793,6189,6232,6889,8527,32138,9462,6853,20416,5210,6892,6891,33037,11747,12128,1119,4786,15226,17059,6895,15778,15626,19315,19112,20163,21574,23102,3618,20796,15218,3375,11867,11865,17270,20954,25696,25524,26116,6906,21767,27120,27269,27288,27289,27290,23436,21225,27401,23056,24381,28443,28123,28124,28351
1	550	26967	32527,1793,6189,6232,6889,8527,32138,9462,6853,20416,5210,6892,6891,33037,11747,12128,1119,4786,15226,17059,6895,15778,15626,19315,19112,20163,21574,23102,3618,20796,15218,3375,11867,11865,17270,20954,25696,25524,26116,6906,21767,27120,27269,27288,27289,27290,23436,21225,27401,23056,24381,28443,28123,28124,28351
1	550	28698	32527,1793,6189,6232,6889,8527,32138,9462,6853,20416,5210,6892,6891,33037,11747,12128,1119,4786,15226,17059,6895,15778,15626,19315,19112,20163,21574,23102,3618,20796,15218,3375,11867,11865,17270,20954,25696,25524,26116,6906,21767,27120,27269,27288,27289,27290,23436,21225,27401,23056,24381,28443,28123,28124,28351,26967
0	550	25988	32527,1793,6189,6232,6889,8527,32138,9462,6853,20416,5210,6892,6891,33037,11747,12128,1119,4786,15226,17059,6895,15778,15626,19315,19112,20163,21574,23102,3618,20796,15218,3375,11867,11865,17270,20954,25696,25524,26116,6906,21767,27120,27269,27288,27289,27290,23436,21225,27401,23056,24381,28443,28123,28124,28351,26967,28698
0	550	2975	32527,1793,6189,6232,6889,8527,32138,9462,6853,20416,5210,6892,6891,33037,11747,12128,1119,4786,15226,17059,6895,15778,15626,19315,19112,20163,21574,23102,3618,20796,15218,3375,11867,11865,17270,20954,25696,25524,26116,6906,21767,27120,27269,27288,27289,27290,23436,21225,27401,23056,24381,28443,28123,28124,28351,26967,28698
0	550	20444	32527,1793,6189,6232,6889,8527,32138,9462,6853,20416,5210,6892,6891,33037,11747,12128,1119,4786,15226,17059,6895,15778,15626,19315,19112,20163,21574,23102,3618,20796,15218,3375,11867,11865,17270,20954,25696,25524,26116,6906,21767,27120,27269,27288,27289,27290,23436,21225,27401,23056,24381,28443,28123,28124,28351,26967,28698
0	550	28194	32527,1793,6189,6232,6889,8527,32138,9462,6853,20416,5210,6892,6891,33037,11747,12128,1119,4786,15226,17059,6895,15778,15626,19315,19112,20163,21574,23102,3618,20796,15218,3375,11867,11865,17270,20954,25696,25524,26116,6906,21767,27120,27269,27288,27289,27290,23436,21225,27401,23056,24381,28443,28123,28124,28351,26967,28698
1	550	32893	32527,1793,6189,6232,6889,8527,32138,9462,6853,20416,5210,6892,6891,33037,11747,12128,1119,4786,15226,17059,6895,15778,15626,19315,19112,20163,21574,23102,3618,20796,15218,3375,11867,11865,17270,20954,25696,25524,26116,6906,21767,27120,27269,27288,27289,27290,23436,21225,27401,23056,24381,28443,28123,28124,28351,26967,28698
1	550	19295	32527,1793,6189,6232,6889,8527,32138,9462,6853,20416,5210,6892,6891,33037,11747,12128,1119,4786,15226,17059,6895,15778,15626,19315,19112,20163,21574,23102,3618,20796,15218,3375,11867,11865,17270,20954,25696,25524,26116,6906,21767,27120,27269,27288,27289,27290,23436,21225,27401,23056,24381,28443,28123,28124,28351,26967,28698,32893
1	550	2134	32527,1793,6189,6232,6889,8527,32138,9462,6853,20416,5210,6892,6891,33037,11747,12128,1119,4786,15226,17059,6895,15778,15626,19315,19112,20163,21574,23102,3618,20796,15218,3375,11867,11865,17270,20954,25696,25524,26116,6906,21767,27120,27269,27288,27289,27290,23436,21225,27401,23056,24381,28443,28123,28124,28351,26967,28698,32893,19295
1	550	28146	32527,1793,6189,6232,6889,8527,32138,9462,6853,20416,5210,6892,6891,33037,11747,12128,1119,4786,15226,17059,6895,15778,15626,19315,19112,20163,21574,23102,3618,20796,15218,3375,11867,11865,17270,20954,25696,25524,26116,6906,21767,27120,27269,27288,27289,27290,23436,21225,27401,23056,24381,28443,28123,28124,28351,26967,28698,32893,19295,2134
0	550	23091	32527,1793,6189,6232,6889,8527,32138,9462,6853,20416,5210,6892,6891,33037,11747,12128,1119,4786,15226,17059,6895,15778,15626,19315,19112,20163,21574,23102,3618,20796,15218,3375,11867,11865,17270,20954,25696,25524,26116,6906,21767,27120,27269,27288,27289,27290,23436,21225,27401,23056,24381,28443,28123,28124,28351,26967,28698,32893,19295,2134,28146
0	550	28925	32527,1793,6189,6232,6889,8527,32138,9462,6853,20416,5210,6892,6891,33037,11747,12128,1119,4786,15226,17059,6895,15778,15626,19315,19112,20163,21574,23102,3618,20796,15218,3375,11867,11865,17270,20954,25696,25524,26116,6906,21767,27120,27269,27288,27289,27290,23436,21225,27401,23056,24381,28443,28123,28124,28351,26967,28698,32893,19295,2134,28146
1	550	29364	32527,1793,6189,6232,6889,8527,32138,9462,6853,20416,5210,6892,6891,33037,11747,12128,1119,4786,15226,17059,6895,15778,15626,19315,19112,20163,21574,23102,3618,20796,15218,3375,11867,11865,17270,20954,25696,25524,26116,6906,21767,27120,27269,27288,27289,27290,23436,21225,27401,23056,24381,28443,28123,28124,28351,26967,28698,32893,19295,2134,28146
0	550	21578	32527,1793,6189,6232,6889,8527,32138,9462,6853,20416,5210,6892,6891,33037,11747,12128,1119,4786,15226,17059,6895,15778,15626,19315,19112,20163,21574,23102,3618,20796,15218,3375,11867,11865,17270,20954,25696,25524,26116,6906,21767,27120,27269,27288,27289,27290,23436,21225,27401,23056,24381,28443,28123,28124,28351,26967,28698,32893,19295,2134,28146,29364
0	550	26781	32527,1793,6189,6232,6889,8527,32138,9462,6853,20416,5210,6892,6891,33037,11747,12128,1119,4786,15226,17059,6895,15778,15626,19315,19112,20163,21574,23102,3618,20796,15218,3375,11867,11865,17270,20954,25696,25524,26116,6906,21767,27120,27269,27288,27289,27290,23436,21225,27401,23056,24381,28443,28123,28124,28351,26967,28698,32893,19295,2134,28146,29364
1	550	29132	32527,1793,6189,6232,6889,8527,32138,9462,6853,20416,5210,6892,6891,33037,11747,12128,1119,4786,15226,17059,6895,15778,15626,19315,19112,20163,21574,23102,3618,20796,15218,3375,11867,11865,17270,20954,25696,25524,26116,6906,21767,27120,27269,27288,27289,27290,23436,21225,27401,23056,24381,28443,28123,28124,28351,26967,28698,32893,19295,2134,28146,29364
1	550	29984	32527,1793,6189,6232,6889,8527,32138,9462,6853,20416,5210,6892,6891,33037,11747,12128,1119,4786,15226,17059,6895,15778,15626,19315,19112,20163,21574,23102,3618,20796,15218,3375,11867,11865,17270,20954,25696,25524,26116,6906,21767,27120,27269,27288,27289,27290,23436,21225,27401,23056,24381,28443,28123,28124,28351,26967,28698,32893,19295,2134,28146,29364,29132
1	550	29986	32527,1793,6189,6232,6889,8527,32138,9462,6853,20416,5210,6892,6891,33037,11747,12128,1119,4786,15226,17059,6895,15778,15626,19315,19112,20163,21574,23102,3618,20796,15218,3375,11867,11865,17270,20954,25696,25524,26116,6906,21767,27120,27269,27288,27289,27290,23436,21225,27401,23056,24381,28443,28123,28124,28351,26967,28698,32893,19295,2134,28146,29364,29132,29984
1	550	30021	32527,1793,6189,6232,6889,8527,32138,9462,6853,20416,5210,6892,6891,33037,11747,12128,1119,4786,15226,17059,6895,15778,15626,19315,19112,20163,21574,23102,3618,20796,15218,3375,11867,11865,17270,20954,25696,25524,26116,6906,21767,27120,27269,27288,27289,27290,23436,21225,27401,23056,24381,28443,28123,28124,28351,26967,28698,32893,19295,2134,28146,29364,29132,29984,29986
