0	1463	14171	0
0	1463	31382	0
1	1463	16068	0
1	1463	32752	16068
0	1463	30120	16068,32752
0	1463	5715	16068,32752
1	1463	3421	16068,32752
0	1463	5620	16068,32752,3421
1	1463	4268	16068,32752,3421
0	1463	6303	16068,32752,3421,4268
1	1463	6316	16068,32752,3421,4268
0	1463	7031	16068,32752,3421,4268,6316
0	1463	6326	16068,32752,3421,4268,6316
0	1463	7728	16068,32752,3421,4268,6316
0	1463	6762	16068,32752,3421,4268,6316
1	1463	6980	16068,32752,3421,4268,6316
1	1463	8145	16068,32752,3421,4268,6316,6980
1	1463	11884	16068,32752,3421,4268,6316,6980,8145
1	1463	10813	16068,32752,3421,4268,6316,6980,8145,11884
1	1463	6324	16068,32752,3421,4268,6316,6980,8145,11884,10813
0	1463	9616	16068,32752,3421,4268,6316,6980,8145,11884,10813,6324
0	1463	9908	16068,32752,3421,4268,6316,6980,8145,11884,10813,6324
1	1463	10736	16068,32752,3421,4268,6316,6980,8145,11884,10813,6324
0	1463	10618	16068,32752,3421,4268,6316,6980,8145,11884,10813,6324,10736
1	1463	24332	16068,32752,3421,4268,6316,6980,8145,11884,10813,6324,10736
0	1463	13347	16068,32752,3421,4268,6316,6980,8145,11884,10813,6324,10736,24332
0	1463	2287	16068,32752,3421,4268,6316,6980,8145,11884,10813,6324,10736,24332
0	1463	10891	16068,32752,3421,4268,6316,6980,8145,11884,10813,6324,10736,24332
0	1463	32327	16068,32752,3421,4268,6316,6980,8145,11884,10813,6324,10736,24332
0	1463	32947	16068,32752,3421,4268,6316,6980,8145,11884,10813,6324,10736,24332
0	1463	1268	16068,32752,3421,4268,6316,6980,8145,11884,10813,6324,10736,24332
0	1463	6849	16068,32752,3421,4268,6316,6980,8145,11884,10813,6324,10736,24332
1	1463	14368	16068,32752,3421,4268,6316,6980,8145,11884,10813,6324,10736,24332
0	1463	15130	16068,32752,3421,4268,6316,6980,8145,11884,10813,6324,10736,24332,14368
0	1463	11622	16068,32752,3421,4268,6316,6980,8145,11884,10813,6324,10736,24332,14368
0	1463	15216	16068,32752,3421,4268,6316,6980,8145,11884,10813,6324,10736,24332,14368
0	1463	13381	16068,32752,3421,4268,6316,6980,8145,11884,10813,6324,10736,24332,14368
0	1463	9900	16068,32752,3421,4268,6316,6980,8145,11884,10813,6324,10736,24332,14368
0	1463	12226	16068,32752,3421,4268,6316,6980,8145,11884,10813,6324,10736,24332,14368
0	1463	16449	16068,32752,3421,4268,6316,6980,8145,11884,10813,6324,10736,24332,14368
1	1463	1244	16068,32752,3421,4268,6316,6980,8145,11884,10813,6324,10736,24332,14368
0	1463	11237	16068,32752,3421,4268,6316,6980,8145,11884,10813,6324,10736,24332,14368,1244
1	1463	31137	16068,32752,3421,4268,6316,6980,8145,11884,10813,6324,10736,24332,14368,1244
1	1463	13215	16068,32752,3421,4268,6316,6980,8145,11884,10813,6324,10736,24332,14368,1244,31137
1	1463	15900	16068,32752,3421,4268,6316,6980,8145,11884,10813,6324,10736,24332,14368,1244,31137,13215
0	1463	19208	16068,32752,3421,4268,6316,6980,8145,11884,10813,6324,10736,24332,14368,1244,31137,13215,15900
0	1463	16753	16068,32752,3421,4268,6316,6980,8145,11884,10813,6324,10736,24332,14368,1244,31137,13215,15900
1	1463	15218	16068,32752,3421,4268,6316,6980,8145,11884,10813,6324,10736,24332,14368,1244,31137,13215,15900
1	1463	19001	16068,32752,3421,4268,6316,6980,8145,11884,10813,6324,10736,24332,14368,1244,31137,13215,15900,15218
1	1463	18773	16068,32752,3421,4268,6316,6980,8145,11884,10813,6324,10736,24332,14368,1244,31137,13215,15900,15218,19001
1	1463	3749	16068,32752,3421,4268,6316,6980,8145,11884,10813,6324,10736,24332,14368,1244,31137,13215,15900,15218,19001,18773
0	1463	9903	16068,32752,3421,4268,6316,6980,8145,11884,10813,6324,10736,24332,14368,1244,31137,13215,15900,15218,19001,18773,3749
1	1463	19729	16068,32752,3421,4268,6316,6980,8145,11884,10813,6324,10736,24332,14368,1244,31137,13215,15900,15218,19001,18773,3749
1	1463	19731	16068,32752,3421,4268,6316,6980,8145,11884,10813,6324,10736,24332,14368,1244,31137,13215,15900,15218,19001,18773,3749,19729
1	1463	7010	16068,32752,3421,4268,6316,6980,8145,11884,10813,6324,10736,24332,14368,1244,31137,13215,15900,15218,19001,18773,3749,19729,19731
1	1463	8440	16068,32752,3421,4268,6316,6980,8145,11884,10813,6324,10736,24332,14368,1244,31137,13215,15900,15218,19001,18773,3749,19729,19731,7010
1	1463	8614	16068,32752,3421,4268,6316,6980,8145,11884,10813,6324,10736,24332,14368,1244,31137,13215,15900,15218,19001,18773,3749,19729,19731,7010,8440
1	1463	6850	16068,32752,3421,4268,6316,6980,8145,11884,10813,6324,10736,24332,14368,1244,31137,13215,15900,15218,19001,18773,3749,19729,19731,7010,8440,8614
1	1463	14220	16068,32752,3421,4268,6316,6980,8145,11884,10813,6324,10736,24332,14368,1244,31137,13215,15900,15218,19001,18773,3749,19729,19731,7010,8440,8614,6850
0	1463	6848	16068,32752,3421,4268,6316,6980,8145,11884,10813,6324,10736,24332,14368,1244,31137,13215,15900,15218,19001,18773,3749,19729,19731,7010,8440,8614,6850,14220
1	1463	8842	16068,32752,3421,4268,6316,6980,8145,11884,10813,6324,10736,24332,14368,1244,31137,13215,15900,15218,19001,18773,3749,19729,19731,7010,8440,8614,6850,14220
0	1463	32808	16068,32752,3421,4268,6316,6980,8145,11884,10813,6324,10736,24332,14368,1244,31137,13215,15900,15218,19001,18773,3749,19729,19731,7010,8440,8614,6850,14220,8842
1	1463	9970	16068,32752,3421,4268,6316,6980,8145,11884,10813,6324,10736,24332,14368,1244,31137,13215,15900,15218,19001,18773,3749,19729,19731,7010,8440,8614,6850,14220,8842
0	1463	16947	16068,32752,3421,4268,6316,6980,8145,11884,10813,6324,10736,24332,14368,1244,31137,13215,15900,15218,19001,18773,3749,19729,19731,7010,8440,8614,6850,14220,8842,9970
1	1463	13353	16068,32752,3421,4268,6316,6980,8145,11884,10813,6324,10736,24332,14368,1244,31137,13215,15900,15218,19001,18773,3749,19729,19731,7010,8440,8614,6850,14220,8842,9970
1	1463	11571	16068,32752,3421,4268,6316,6980,8145,11884,10813,6324,10736,24332,14368,1244,31137,13215,15900,15218,19001,18773,3749,19729,19731,7010,8440,8614,6850,14220,8842,9970,13353
1	1463	14078	16068,32752,3421,4268,6316,6980,8145,11884,10813,6324,10736,24332,14368,1244,31137,13215,15900,15218,19001,18773,3749,19729,19731,7010,8440,8614,6850,14220,8842,9970,13353,11571
0	1463	14086	16068,32752,3421,4268,6316,6980,8145,11884,10813,6324,10736,24332,14368,1244,31137,13215,15900,15218,19001,18773,3749,19729,19731,7010,8440,8614,6850,14220,8842,9970,13353,11571,14078
1	1463	5710	16068,32752,3421,4268,6316,6980,8145,11884,10813,6324,10736,24332,14368,1244,31137,13215,15900,15218,19001,18773,3749,19729,19731,7010,8440,8614,6850,14220,8842,9970,13353,11571,14078
1	1463	8555	16068,32752,3421,4268,6316,6980,8145,11884,10813,6324,10736,24332,14368,1244,31137,13215,15900,15218,19001,18773,3749,19729,19731,7010,8440,8614,6850,14220,8842,9970,13353,11571,14078,5710
1	1463	8556	16068,32752,3421,4268,6316,6980,8145,11884,10813,6324,10736,24332,14368,1244,31137,13215,15900,15218,19001,18773,3749,19729,19731,7010,8440,8614,6850,14220,8842,9970,13353,11571,14078,5710,8555
0	1463	12981	16068,32752,3421,4268,6316,6980,8145,11884,10813,6324,10736,24332,14368,1244,31137,13215,15900,15218,19001,18773,3749,19729,19731,7010,8440,8614,6850,14220,8842,9970,13353,11571,14078,5710,8555,8556
1	1463	18397	16068,32752,3421,4268,6316,6980,8145,11884,10813,6324,10736,24332,14368,1244,31137,13215,15900,15218,19001,18773,3749,19729,19731,7010,8440,8614,6850,14220,8842,9970,13353,11571,14078,5710,8555,8556
1	1463	2799	16068,32752,3421,4268,6316,6980,8145,11884,10813,6324,10736,24332,14368,1244,31137,13215,15900,15218,19001,18773,3749,19729,19731,7010,8440,8614,6850,14220,8842,9970,13353,11571,14078,5710,8555,8556,18397
1	1463	5333	16068,32752,3421,4268,6316,6980,8145,11884,10813,6324,10736,24332,14368,1244,31137,13215,15900,15218,19001,18773,3749,19729,19731,7010,8440,8614,6850,14220,8842,9970,13353,11571,14078,5710,8555,8556,18397,2799
1	1463	5712	16068,32752,3421,4268,6316,6980,8145,11884,10813,6324,10736,24332,14368,1244,31137,13215,15900,15218,19001,18773,3749,19729,19731,7010,8440,8614,6850,14220,8842,9970,13353,11571,14078,5710,8555,8556,18397,2799,5333
1	1463	13080	16068,32752,3421,4268,6316,6980,8145,11884,10813,6324,10736,24332,14368,1244,31137,13215,15900,15218,19001,18773,3749,19729,19731,7010,8440,8614,6850,14220,8842,9970,13353,11571,14078,5710,8555,8556,18397,2799,5333,5712
1	1463	18303	16068,32752,3421,4268,6316,6980,8145,11884,10813,6324,10736,24332,14368,1244,31137,13215,15900,15218,19001,18773,3749,19729,19731,7010,8440,8614,6850,14220,8842,9970,13353,11571,14078,5710,8555,8556,18397,2799,5333,5712,13080
1	1463	20119	16068,32752,3421,4268,6316,6980,8145,11884,10813,6324,10736,24332,14368,1244,31137,13215,15900,15218,19001,18773,3749,19729,19731,7010,8440,8614,6850,14220,8842,9970,13353,11571,14078,5710,8555,8556,18397,2799,5333,5712,13080,18303
1	1463	19818	16068,32752,3421,4268,6316,6980,8145,11884,10813,6324,10736,24332,14368,1244,31137,13215,15900,15218,19001,18773,3749,19729,19731,7010,8440,8614,6850,14220,8842,9970,13353,11571,14078,5710,8555,8556,18397,2799,5333,5712,13080,18303,20119
0	1463	17836	16068,32752,3421,4268,6316,6980,8145,11884,10813,6324,10736,24332,14368,1244,31137,13215,15900,15218,19001,18773,3749,19729,19731,7010,8440,8614,6850,14220,8842,9970,13353,11571,14078,5710,8555,8556,18397,2799,5333,5712,13080,18303,20119,19818
0	1463	17182	16068,32752,3421,4268,6316,6980,8145,11884,10813,6324,10736,24332,14368,1244,31137,13215,15900,15218,19001,18773,3749,19729,19731,7010,8440,8614,6850,14220,8842,9970,13353,11571,14078,5710,8555,8556,18397,2799,5333,5712,13080,18303,20119,19818
1	1463	20614	16068,32752,3421,4268,6316,6980,8145,11884,10813,6324,10736,24332,14368,1244,31137,13215,15900,15218,19001,18773,3749,19729,19731,7010,8440,8614,6850,14220,8842,9970,13353,11571,14078,5710,8555,8556,18397,2799,5333,5712,13080,18303,20119,19818
0	1463	11855	16068,32752,3421,4268,6316,6980,8145,11884,10813,6324,10736,24332,14368,1244,31137,13215,15900,15218,19001,18773,3749,19729,19731,7010,8440,8614,6850,14220,8842,9970,13353,11571,14078,5710,8555,8556,18397,2799,5333,5712,13080,18303,20119,19818,20614
0	1463	6302	16068,32752,3421,4268,6316,6980,8145,11884,10813,6324,10736,24332,14368,1244,31137,13215,15900,15218,19001,18773,3749,19729,19731,7010,8440,8614,6850,14220,8842,9970,13353,11571,14078,5710,8555,8556,18397,2799,5333,5712,13080,18303,20119,19818,20614
1	1463	6091	16068,32752,3421,4268,6316,6980,8145,11884,10813,6324,10736,24332,14368,1244,31137,13215,15900,15218,19001,18773,3749,19729,19731,7010,8440,8614,6850,14220,8842,9970,13353,11571,14078,5710,8555,8556,18397,2799,5333,5712,13080,18303,20119,19818,20614
0	1463	8760	16068,32752,3421,4268,6316,6980,8145,11884,10813,6324,10736,24332,14368,1244,31137,13215,15900,15218,19001,18773,3749,19729,19731,7010,8440,8614,6850,14220,8842,9970,13353,11571,14078,5710,8555,8556,18397,2799,5333,5712,13080,18303,20119,19818,20614,6091
0	1463	31478	16068,32752,3421,4268,6316,6980,8145,11884,10813,6324,10736,24332,14368,1244,31137,13215,15900,15218,19001,18773,3749,19729,19731,7010,8440,8614,6850,14220,8842,9970,13353,11571,14078,5710,8555,8556,18397,2799,5333,5712,13080,18303,20119,19818,20614,6091
0	1463	24188	16068,32752,3421,4268,6316,6980,8145,11884,10813,6324,10736,24332,14368,1244,31137,13215,15900,15218,19001,18773,3749,19729,19731,7010,8440,8614,6850,14220,8842,9970,13353,11571,14078,5710,8555,8556,18397,2799,5333,5712,13080,18303,20119,19818,20614,6091
0	1463	8845	16068,32752,3421,4268,6316,6980,8145,11884,10813,6324,10736,24332,14368,1244,31137,13215,15900,15218,19001,18773,3749,19729,19731,7010,8440,8614,6850,14220,8842,9970,13353,11571,14078,5710,8555,8556,18397,2799,5333,5712,13080,18303,20119,19818,20614,6091
1	1463	20892	16068,32752,3421,4268,6316,6980,8145,11884,10813,6324,10736,24332,14368,1244,31137,13215,15900,15218,19001,18773,3749,19729,19731,7010,8440,8614,6850,14220,8842,9970,13353,11571,14078,5710,8555,8556,18397,2799,5333,5712,13080,18303,20119,19818,20614,6091
0	1463	22041	16068,32752,3421,4268,6316,6980,8145,11884,10813,6324,10736,24332,14368,1244,31137,13215,15900,15218,19001,18773,3749,19729,19731,7010,8440,8614,6850,14220,8842,9970,13353,11571,14078,5710,8555,8556,18397,2799,5333,5712,13080,18303,20119,19818,20614,6091,20892
0	1463	25082	16068,32752,3421,4268,6316,6980,8145,11884,10813,6324,10736,24332,14368,1244,31137,13215,15900,15218,19001,18773,3749,19729,19731,7010,8440,8614,6850,14220,8842,9970,13353,11571,14078,5710,8555,8556,18397,2799,5333,5712,13080,18303,20119,19818,20614,6091,20892
0	1463	15211	16068,32752,3421,4268,6316,6980,8145,11884,10813,6324,10736,24332,14368,1244,31137,13215,15900,15218,19001,18773,3749,19729,19731,7010,8440,8614,6850,14220,8842,9970,13353,11571,14078,5710,8555,8556,18397,2799,5333,5712,13080,18303,20119,19818,20614,6091,20892
1	1463	31669	16068,32752,3421,4268,6316,6980,8145,11884,10813,6324,10736,24332,14368,1244,31137,13215,15900,15218,19001,18773,3749,19729,19731,7010,8440,8614,6850,14220,8842,9970,13353,11571,14078,5710,8555,8556,18397,2799,5333,5712,13080,18303,20119,19818,20614,6091,20892
1	1463	14558	16068,32752,3421,4268,6316,6980,8145,11884,10813,6324,10736,24332,14368,1244,31137,13215,15900,15218,19001,18773,3749,19729,19731,7010,8440,8614,6850,14220,8842,9970,13353,11571,14078,5710,8555,8556,18397,2799,5333,5712,13080,18303,20119,19818,20614,6091,20892,31669
0	1463	18126	16068,32752,3421,4268,6316,6980,8145,11884,10813,6324,10736,24332,14368,1244,31137,13215,15900,15218,19001,18773,3749,19729,19731,7010,8440,8614,6850,14220,8842,9970,13353,11571,14078,5710,8555,8556,18397,2799,5333,5712,13080,18303,20119,19818,20614,6091,20892,31669,14558
1	1463	21634	16068,32752,3421,4268,6316,6980,8145,11884,10813,6324,10736,24332,14368,1244,31137,13215,15900,15218,19001,18773,3749,19729,19731,7010,8440,8614,6850,14220,8842,9970,13353,11571,14078,5710,8555,8556,18397,2799,5333,5712,13080,18303,20119,19818,20614,6091,20892,31669,14558
1	1463	13387	16068,32752,3421,4268,6316,6980,8145,11884,10813,6324,10736,24332,14368,1244,31137,13215,15900,15218,19001,18773,3749,19729,19731,7010,8440,8614,6850,14220,8842,9970,13353,11571,14078,5710,8555,8556,18397,2799,5333,5712,13080,18303,20119,19818,20614,6091,20892,31669,14558,21634
0	1463	15170	16068,32752,3421,4268,6316,6980,8145,11884,10813,6324,10736,24332,14368,1244,31137,13215,15900,15218,19001,18773,3749,19729,19731,7010,8440,8614,6850,14220,8842,9970,13353,11571,14078,5710,8555,8556,18397,2799,5333,5712,13080,18303,20119,19818,20614,6091,20892,31669,14558,21634,13387
1	1463	23304	16068,32752,3421,4268,6316,6980,8145,11884,10813,6324,10736,24332,14368,1244,31137,13215,15900,15218,19001,18773,3749,19729,19731,7010,8440,8614,6850,14220,8842,9970,13353,11571,14078,5710,8555,8556,18397,2799,5333,5712,13080,18303,20119,19818,20614,6091,20892,31669,14558,21634,13387
0	1463	24884	16068,32752,3421,4268,6316,6980,8145,11884,10813,6324,10736,24332,14368,1244,31137,13215,15900,15218,19001,18773,3749,19729,19731,7010,8440,8614,6850,14220,8842,9970,13353,11571,14078,5710,8555,8556,18397,2799,5333,5712,13080,18303,20119,19818,20614,6091,20892,31669,14558,21634,13387,23304
1	1463	11946	16068,32752,3421,4268,6316,6980,8145,11884,10813,6324,10736,24332,14368,1244,31137,13215,15900,15218,19001,18773,3749,19729,19731,7010,8440,8614,6850,14220,8842,9970,13353,11571,14078,5710,8555,8556,18397,2799,5333,5712,13080,18303,20119,19818,20614,6091,20892,31669,14558,21634,13387,23304
0	1463	21664	16068,32752,3421,4268,6316,6980,8145,11884,10813,6324,10736,24332,14368,1244,31137,13215,15900,15218,19001,18773,3749,19729,19731,7010,8440,8614,6850,14220,8842,9970,13353,11571,14078,5710,8555,8556,18397,2799,5333,5712,13080,18303,20119,19818,20614,6091,20892,31669,14558,21634,13387,23304,11946
0	1463	22186	16068,32752,3421,4268,6316,6980,8145,11884,10813,6324,10736,24332,14368,1244,31137,13215,15900,15218,19001,18773,3749,19729,19731,7010,8440,8614,6850,14220,8842,9970,13353,11571,14078,5710,8555,8556,18397,2799,5333,5712,13080,18303,20119,19818,20614,6091,20892,31669,14558,21634,13387,23304,11946
1	1463	23701	16068,32752,3421,4268,6316,6980,8145,11884,10813,6324,10736,24332,14368,1244,31137,13215,15900,15218,19001,18773,3749,19729,19731,7010,8440,8614,6850,14220,8842,9970,13353,11571,14078,5710,8555,8556,18397,2799,5333,5712,13080,18303,20119,19818,20614,6091,20892,31669,14558,21634,13387,23304,11946
0	1463	23323	16068,32752,3421,4268,6316,6980,8145,11884,10813,6324,10736,24332,14368,1244,31137,13215,15900,15218,19001,18773,3749,19729,19731,7010,8440,8614,6850,14220,8842,9970,13353,11571,14078,5710,8555,8556,18397,2799,5333,5712,13080,18303,20119,19818,20614,6091,20892,31669,14558,21634,13387,23304,11946,23701
0	1463	16614	16068,32752,3421,4268,6316,6980,8145,11884,10813,6324,10736,24332,14368,1244,31137,13215,15900,15218,19001,18773,3749,19729,19731,7010,8440,8614,6850,14220,8842,9970,13353,11571,14078,5710,8555,8556,18397,2799,5333,5712,13080,18303,20119,19818,20614,6091,20892,31669,14558,21634,13387,23304,11946,23701
0	1463	16641	16068,32752,3421,4268,6316,6980,8145,11884,10813,6324,10736,24332,14368,1244,31137,13215,15900,15218,19001,18773,3749,19729,19731,7010,8440,8614,6850,14220,8842,9970,13353,11571,14078,5710,8555,8556,18397,2799,5333,5712,13080,18303,20119,19818,20614,6091,20892,31669,14558,21634,13387,23304,11946,23701
0	1463	19664	16068,32752,3421,4268,6316,6980,8145,11884,10813,6324,10736,24332,14368,1244,31137,13215,15900,15218,19001,18773,3749,19729,19731,7010,8440,8614,6850,14220,8842,9970,13353,11571,14078,5710,8555,8556,18397,2799,5333,5712,13080,18303,20119,19818,20614,6091,20892,31669,14558,21634,13387,23304,11946,23701
0	1463	23158	16068,32752,3421,4268,6316,6980,8145,11884,10813,6324,10736,24332,14368,1244,31137,13215,15900,15218,19001,18773,3749,19729,19731,7010,8440,8614,6850,14220,8842,9970,13353,11571,14078,5710,8555,8556,18397,2799,5333,5712,13080,18303,20119,19818,20614,6091,20892,31669,14558,21634,13387,23304,11946,23701
1	1463	25462	16068,32752,3421,4268,6316,6980,8145,11884,10813,6324,10736,24332,14368,1244,31137,13215,15900,15218,19001,18773,3749,19729,19731,7010,8440,8614,6850,14220,8842,9970,13353,11571,14078,5710,8555,8556,18397,2799,5333,5712,13080,18303,20119,19818,20614,6091,20892,31669,14558,21634,13387,23304,11946,23701
0	1463	23847	16068,32752,3421,4268,6316,6980,8145,11884,10813,6324,10736,24332,14368,1244,31137,13215,15900,15218,19001,18773,3749,19729,19731,7010,8440,8614,6850,14220,8842,9970,13353,11571,14078,5710,8555,8556,18397,2799,5333,5712,13080,18303,20119,19818,20614,6091,20892,31669,14558,21634,13387,23304,11946,23701,25462
0	1463	16045	16068,32752,3421,4268,6316,6980,8145,11884,10813,6324,10736,24332,14368,1244,31137,13215,15900,15218,19001,18773,3749,19729,19731,7010,8440,8614,6850,14220,8842,9970,13353,11571,14078,5710,8555,8556,18397,2799,5333,5712,13080,18303,20119,19818,20614,6091,20892,31669,14558,21634,13387,23304,11946,23701,25462
1	1463	23700	16068,32752,3421,4268,6316,6980,8145,11884,10813,6324,10736,24332,14368,1244,31137,13215,15900,15218,19001,18773,3749,19729,19731,7010,8440,8614,6850,14220,8842,9970,13353,11571,14078,5710,8555,8556,18397,2799,5333,5712,13080,18303,20119,19818,20614,6091,20892,31669,14558,21634,13387,23304,11946,23701,25462
0	1463	24333	16068,32752,3421,4268,6316,6980,8145,11884,10813,6324,10736,24332,14368,1244,31137,13215,15900,15218,19001,18773,3749,19729,19731,7010,8440,8614,6850,14220,8842,9970,13353,11571,14078,5710,8555,8556,18397,2799,5333,5712,13080,18303,20119,19818,20614,6091,20892,31669,14558,21634,13387,23304,11946,23701,25462,23700
0	1463	32687	16068,32752,3421,4268,6316,6980,8145,11884,10813,6324,10736,24332,14368,1244,31137,13215,15900,15218,19001,18773,3749,19729,19731,7010,8440,8614,6850,14220,8842,9970,13353,11571,14078,5710,8555,8556,18397,2799,5333,5712,13080,18303,20119,19818,20614,6091,20892,31669,14558,21634,13387,23304,11946,23701,25462,23700
0	1463	13692	16068,32752,3421,4268,6316,6980,8145,11884,10813,6324,10736,24332,14368,1244,31137,13215,15900,15218,19001,18773,3749,19729,19731,7010,8440,8614,6850,14220,8842,9970,13353,11571,14078,5710,8555,8556,18397,2799,5333,5712,13080,18303,20119,19818,20614,6091,20892,31669,14558,21634,13387,23304,11946,23701,25462,23700
1	1463	18136	16068,32752,3421,4268,6316,6980,8145,11884,10813,6324,10736,24332,14368,1244,31137,13215,15900,15218,19001,18773,3749,19729,19731,7010,8440,8614,6850,14220,8842,9970,13353,11571,14078,5710,8555,8556,18397,2799,5333,5712,13080,18303,20119,19818,20614,6091,20892,31669,14558,21634,13387,23304,11946,23701,25462,23700
1	1463	4142	16068,32752,3421,4268,6316,6980,8145,11884,10813,6324,10736,24332,14368,1244,31137,13215,15900,15218,19001,18773,3749,19729,19731,7010,8440,8614,6850,14220,8842,9970,13353,11571,14078,5710,8555,8556,18397,2799,5333,5712,13080,18303,20119,19818,20614,6091,20892,31669,14558,21634,13387,23304,11946,23701,25462,23700,18136
0	1463	23977	16068,32752,3421,4268,6316,6980,8145,11884,10813,6324,10736,24332,14368,1244,31137,13215,15900,15218,19001,18773,3749,19729,19731,7010,8440,8614,6850,14220,8842,9970,13353,11571,14078,5710,8555,8556,18397,2799,5333,5712,13080,18303,20119,19818,20614,6091,20892,31669,14558,21634,13387,23304,11946,23701,25462,23700,18136,4142
1	1463	26036	16068,32752,3421,4268,6316,6980,8145,11884,10813,6324,10736,24332,14368,1244,31137,13215,15900,15218,19001,18773,3749,19729,19731,7010,8440,8614,6850,14220,8842,9970,13353,11571,14078,5710,8555,8556,18397,2799,5333,5712,13080,18303,20119,19818,20614,6091,20892,31669,14558,21634,13387,23304,11946,23701,25462,23700,18136,4142
0	1463	11608	16068,32752,3421,4268,6316,6980,8145,11884,10813,6324,10736,24332,14368,1244,31137,13215,15900,15218,19001,18773,3749,19729,19731,7010,8440,8614,6850,14220,8842,9970,13353,11571,14078,5710,8555,8556,18397,2799,5333,5712,13080,18303,20119,19818,20614,6091,20892,31669,14558,21634,13387,23304,11946,23701,25462,23700,18136,4142,26036
0	1463	26121	16068,32752,3421,4268,6316,6980,8145,11884,10813,6324,10736,24332,14368,1244,31137,13215,15900,15218,19001,18773,3749,19729,19731,7010,8440,8614,6850,14220,8842,9970,13353,11571,14078,5710,8555,8556,18397,2799,5333,5712,13080,18303,20119,19818,20614,6091,20892,31669,14558,21634,13387,23304,11946,23701,25462,23700,18136,4142,26036
1	1463	8318	16068,32752,3421,4268,6316,6980,8145,11884,10813,6324,10736,24332,14368,1244,31137,13215,15900,15218,19001,18773,3749,19729,19731,7010,8440,8614,6850,14220,8842,9970,13353,11571,14078,5710,8555,8556,18397,2799,5333,5712,13080,18303,20119,19818,20614,6091,20892,31669,14558,21634,13387,23304,11946,23701,25462,23700,18136,4142,26036
1	1463	12841	16068,32752,3421,4268,6316,6980,8145,11884,10813,6324,10736,24332,14368,1244,31137,13215,15900,15218,19001,18773,3749,19729,19731,7010,8440,8614,6850,14220,8842,9970,13353,11571,14078,5710,8555,8556,18397,2799,5333,5712,13080,18303,20119,19818,20614,6091,20892,31669,14558,21634,13387,23304,11946,23701,25462,23700,18136,4142,26036,8318
0	1463	17039	16068,32752,3421,4268,6316,6980,8145,11884,10813,6324,10736,24332,14368,1244,31137,13215,15900,15218,19001,18773,3749,19729,19731,7010,8440,8614,6850,14220,8842,9970,13353,11571,14078,5710,8555,8556,18397,2799,5333,5712,13080,18303,20119,19818,20614,6091,20892,31669,14558,21634,13387,23304,11946,23701,25462,23700,18136,4142,26036,8318,12841
0	1463	24313	16068,32752,3421,4268,6316,6980,8145,11884,10813,6324,10736,24332,14368,1244,31137,13215,15900,15218,19001,18773,3749,19729,19731,7010,8440,8614,6850,14220,8842,9970,13353,11571,14078,5710,8555,8556,18397,2799,5333,5712,13080,18303,20119,19818,20614,6091,20892,31669,14558,21634,13387,23304,11946,23701,25462,23700,18136,4142,26036,8318,12841
0	1463	16061	16068,32752,3421,4268,6316,6980,8145,11884,10813,6324,10736,24332,14368,1244,31137,13215,15900,15218,19001,18773,3749,19729,19731,7010,8440,8614,6850,14220,8842,9970,13353,11571,14078,5710,8555,8556,18397,2799,5333,5712,13080,18303,20119,19818,20614,6091,20892,31669,14558,21634,13387,23304,11946,23701,25462,23700,18136,4142,26036,8318,12841
0	1463	18762	16068,32752,3421,4268,6316,6980,8145,11884,10813,6324,10736,24332,14368,1244,31137,13215,15900,15218,19001,18773,3749,19729,19731,7010,8440,8614,6850,14220,8842,9970,13353,11571,14078,5710,8555,8556,18397,2799,5333,5712,13080,18303,20119,19818,20614,6091,20892,31669,14558,21634,13387,23304,11946,23701,25462,23700,18136,4142,26036,8318,12841
0	1463	21720	16068,32752,3421,4268,6316,6980,8145,11884,10813,6324,10736,24332,14368,1244,31137,13215,15900,15218,19001,18773,3749,19729,19731,7010,8440,8614,6850,14220,8842,9970,13353,11571,14078,5710,8555,8556,18397,2799,5333,5712,13080,18303,20119,19818,20614,6091,20892,31669,14558,21634,13387,23304,11946,23701,25462,23700,18136,4142,26036,8318,12841
0	1463	25198	16068,32752,3421,4268,6316,6980,8145,11884,10813,6324,10736,24332,14368,1244,31137,13215,15900,15218,19001,18773,3749,19729,19731,7010,8440,8614,6850,14220,8842,9970,13353,11571,14078,5710,8555,8556,18397,2799,5333,5712,13080,18303,20119,19818,20614,6091,20892,31669,14558,21634,13387,23304,11946,23701,25462,23700,18136,4142,26036,8318,12841
0	1463	24628	16068,32752,3421,4268,6316,6980,8145,11884,10813,6324,10736,24332,14368,1244,31137,13215,15900,15218,19001,18773,3749,19729,19731,7010,8440,8614,6850,14220,8842,9970,13353,11571,14078,5710,8555,8556,18397,2799,5333,5712,13080,18303,20119,19818,20614,6091,20892,31669,14558,21634,13387,23304,11946,23701,25462,23700,18136,4142,26036,8318,12841
1	1463	13494	16068,32752,3421,4268,6316,6980,8145,11884,10813,6324,10736,24332,14368,1244,31137,13215,15900,15218,19001,18773,3749,19729,19731,7010,8440,8614,6850,14220,8842,9970,13353,11571,14078,5710,8555,8556,18397,2799,5333,5712,13080,18303,20119,19818,20614,6091,20892,31669,14558,21634,13387,23304,11946,23701,25462,23700,18136,4142,26036,8318,12841
0	1463	30584	16068,32752,3421,4268,6316,6980,8145,11884,10813,6324,10736,24332,14368,1244,31137,13215,15900,15218,19001,18773,3749,19729,19731,7010,8440,8614,6850,14220,8842,9970,13353,11571,14078,5710,8555,8556,18397,2799,5333,5712,13080,18303,20119,19818,20614,6091,20892,31669,14558,21634,13387,23304,11946,23701,25462,23700,18136,4142,26036,8318,12841,13494
0	1463	13469	16068,32752,3421,4268,6316,6980,8145,11884,10813,6324,10736,24332,14368,1244,31137,13215,15900,15218,19001,18773,3749,19729,19731,7010,8440,8614,6850,14220,8842,9970,13353,11571,14078,5710,8555,8556,18397,2799,5333,5712,13080,18303,20119,19818,20614,6091,20892,31669,14558,21634,13387,23304,11946,23701,25462,23700,18136,4142,26036,8318,12841,13494
0	1463	22530	16068,32752,3421,4268,6316,6980,8145,11884,10813,6324,10736,24332,14368,1244,31137,13215,15900,15218,19001,18773,3749,19729,19731,7010,8440,8614,6850,14220,8842,9970,13353,11571,14078,5710,8555,8556,18397,2799,5333,5712,13080,18303,20119,19818,20614,6091,20892,31669,14558,21634,13387,23304,11946,23701,25462,23700,18136,4142,26036,8318,12841,13494
0	1463	25890	16068,32752,3421,4268,6316,6980,8145,11884,10813,6324,10736,24332,14368,1244,31137,13215,15900,15218,19001,18773,3749,19729,19731,7010,8440,8614,6850,14220,8842,9970,13353,11571,14078,5710,8555,8556,18397,2799,5333,5712,13080,18303,20119,19818,20614,6091,20892,31669,14558,21634,13387,23304,11946,23701,25462,23700,18136,4142,26036,8318,12841,13494
0	1463	23234	16068,32752,3421,4268,6316,6980,8145,11884,10813,6324,10736,24332,14368,1244,31137,13215,15900,15218,19001,18773,3749,19729,19731,7010,8440,8614,6850,14220,8842,9970,13353,11571,14078,5710,8555,8556,18397,2799,5333,5712,13080,18303,20119,19818,20614,6091,20892,31669,14558,21634,13387,23304,11946,23701,25462,23700,18136,4142,26036,8318,12841,13494
1	1463	24755	16068,32752,3421,4268,6316,6980,8145,11884,10813,6324,10736,24332,14368,1244,31137,13215,15900,15218,19001,18773,3749,19729,19731,7010,8440,8614,6850,14220,8842,9970,13353,11571,14078,5710,8555,8556,18397,2799,5333,5712,13080,18303,20119,19818,20614,6091,20892,31669,14558,21634,13387,23304,11946,23701,25462,23700,18136,4142,26036,8318,12841,13494
1	1463	26807	16068,32752,3421,4268,6316,6980,8145,11884,10813,6324,10736,24332,14368,1244,31137,13215,15900,15218,19001,18773,3749,19729,19731,7010,8440,8614,6850,14220,8842,9970,13353,11571,14078,5710,8555,8556,18397,2799,5333,5712,13080,18303,20119,19818,20614,6091,20892,31669,14558,21634,13387,23304,11946,23701,25462,23700,18136,4142,26036,8318,12841,13494,24755
0	1463	23198	16068,32752,3421,4268,6316,6980,8145,11884,10813,6324,10736,24332,14368,1244,31137,13215,15900,15218,19001,18773,3749,19729,19731,7010,8440,8614,6850,14220,8842,9970,13353,11571,14078,5710,8555,8556,18397,2799,5333,5712,13080,18303,20119,19818,20614,6091,20892,31669,14558,21634,13387,23304,11946,23701,25462,23700,18136,4142,26036,8318,12841,13494,24755,26807
1	1463	27585	16068,32752,3421,4268,6316,6980,8145,11884,10813,6324,10736,24332,14368,1244,31137,13215,15900,15218,19001,18773,3749,19729,19731,7010,8440,8614,6850,14220,8842,9970,13353,11571,14078,5710,8555,8556,18397,2799,5333,5712,13080,18303,20119,19818,20614,6091,20892,31669,14558,21634,13387,23304,11946,23701,25462,23700,18136,4142,26036,8318,12841,13494,24755,26807
1	1463	26088	16068,32752,3421,4268,6316,6980,8145,11884,10813,6324,10736,24332,14368,1244,31137,13215,15900,15218,19001,18773,3749,19729,19731,7010,8440,8614,6850,14220,8842,9970,13353,11571,14078,5710,8555,8556,18397,2799,5333,5712,13080,18303,20119,19818,20614,6091,20892,31669,14558,21634,13387,23304,11946,23701,25462,23700,18136,4142,26036,8318,12841,13494,24755,26807,27585
0	1463	28025	16068,32752,3421,4268,6316,6980,8145,11884,10813,6324,10736,24332,14368,1244,31137,13215,15900,15218,19001,18773,3749,19729,19731,7010,8440,8614,6850,14220,8842,9970,13353,11571,14078,5710,8555,8556,18397,2799,5333,5712,13080,18303,20119,19818,20614,6091,20892,31669,14558,21634,13387,23304,11946,23701,25462,23700,18136,4142,26036,8318,12841,13494,24755,26807,27585,26088
1	1463	14549	16068,32752,3421,4268,6316,6980,8145,11884,10813,6324,10736,24332,14368,1244,31137,13215,15900,15218,19001,18773,3749,19729,19731,7010,8440,8614,6850,14220,8842,9970,13353,11571,14078,5710,8555,8556,18397,2799,5333,5712,13080,18303,20119,19818,20614,6091,20892,31669,14558,21634,13387,23304,11946,23701,25462,23700,18136,4142,26036,8318,12841,13494,24755,26807,27585,26088
1	1463	24589	16068,32752,3421,4268,6316,6980,8145,11884,10813,6324,10736,24332,14368,1244,31137,13215,15900,15218,19001,18773,3749,19729,19731,7010,8440,8614,6850,14220,8842,9970,13353,11571,14078,5710,8555,8556,18397,2799,5333,5712,13080,18303,20119,19818,20614,6091,20892,31669,14558,21634,13387,23304,11946,23701,25462,23700,18136,4142,26036,8318,12841,13494,24755,26807,27585,26088,14549
0	1463	28021	16068,32752,3421,4268,6316,6980,8145,11884,10813,6324,10736,24332,14368,1244,31137,13215,15900,15218,19001,18773,3749,19729,19731,7010,8440,8614,6850,14220,8842,9970,13353,11571,14078,5710,8555,8556,18397,2799,5333,5712,13080,18303,20119,19818,20614,6091,20892,31669,14558,21634,13387,23304,11946,23701,25462,23700,18136,4142,26036,8318,12841,13494,24755,26807,27585,26088,14549,24589
1	1463	9647	16068,32752,3421,4268,6316,6980,8145,11884,10813,6324,10736,24332,14368,1244,31137,13215,15900,15218,19001,18773,3749,19729,19731,7010,8440,8614,6850,14220,8842,9970,13353,11571,14078,5710,8555,8556,18397,2799,5333,5712,13080,18303,20119,19818,20614,6091,20892,31669,14558,21634,13387,23304,11946,23701,25462,23700,18136,4142,26036,8318,12841,13494,24755,26807,27585,26088,14549,24589
0	1463	25292	16068,32752,3421,4268,6316,6980,8145,11884,10813,6324,10736,24332,14368,1244,31137,13215,15900,15218,19001,18773,3749,19729,19731,7010,8440,8614,6850,14220,8842,9970,13353,11571,14078,5710,8555,8556,18397,2799,5333,5712,13080,18303,20119,19818,20614,6091,20892,31669,14558,21634,13387,23304,11946,23701,25462,23700,18136,4142,26036,8318,12841,13494,24755,26807,27585,26088,14549,24589,9647
0	1463	23197	16068,32752,3421,4268,6316,6980,8145,11884,10813,6324,10736,24332,14368,1244,31137,13215,15900,15218,19001,18773,3749,19729,19731,7010,8440,8614,6850,14220,8842,9970,13353,11571,14078,5710,8555,8556,18397,2799,5333,5712,13080,18303,20119,19818,20614,6091,20892,31669,14558,21634,13387,23304,11946,23701,25462,23700,18136,4142,26036,8318,12841,13494,24755,26807,27585,26088,14549,24589,9647
0	1463	26091	16068,32752,3421,4268,6316,6980,8145,11884,10813,6324,10736,24332,14368,1244,31137,13215,15900,15218,19001,18773,3749,19729,19731,7010,8440,8614,6850,14220,8842,9970,13353,11571,14078,5710,8555,8556,18397,2799,5333,5712,13080,18303,20119,19818,20614,6091,20892,31669,14558,21634,13387,23304,11946,23701,25462,23700,18136,4142,26036,8318,12841,13494,24755,26807,27585,26088,14549,24589,9647
1	1463	27550	16068,32752,3421,4268,6316,6980,8145,11884,10813,6324,10736,24332,14368,1244,31137,13215,15900,15218,19001,18773,3749,19729,19731,7010,8440,8614,6850,14220,8842,9970,13353,11571,14078,5710,8555,8556,18397,2799,5333,5712,13080,18303,20119,19818,20614,6091,20892,31669,14558,21634,13387,23304,11946,23701,25462,23700,18136,4142,26036,8318,12841,13494,24755,26807,27585,26088,14549,24589,9647
1	1463	28100	16068,32752,3421,4268,6316,6980,8145,11884,10813,6324,10736,24332,14368,1244,31137,13215,15900,15218,19001,18773,3749,19729,19731,7010,8440,8614,6850,14220,8842,9970,13353,11571,14078,5710,8555,8556,18397,2799,5333,5712,13080,18303,20119,19818,20614,6091,20892,31669,14558,21634,13387,23304,11946,23701,25462,23700,18136,4142,26036,8318,12841,13494,24755,26807,27585,26088,14549,24589,9647,27550
1	1463	2561	16068,32752,3421,4268,6316,6980,8145,11884,10813,6324,10736,24332,14368,1244,31137,13215,15900,15218,19001,18773,3749,19729,19731,7010,8440,8614,6850,14220,8842,9970,13353,11571,14078,5710,8555,8556,18397,2799,5333,5712,13080,18303,20119,19818,20614,6091,20892,31669,14558,21634,13387,23304,11946,23701,25462,23700,18136,4142,26036,8318,12841,13494,24755,26807,27585,26088,14549,24589,9647,27550,28100
1	1463	26576	16068,32752,3421,4268,6316,6980,8145,11884,10813,6324,10736,24332,14368,1244,31137,13215,15900,15218,19001,18773,3749,19729,19731,7010,8440,8614,6850,14220,8842,9970,13353,11571,14078,5710,8555,8556,18397,2799,5333,5712,13080,18303,20119,19818,20614,6091,20892,31669,14558,21634,13387,23304,11946,23701,25462,23700,18136,4142,26036,8318,12841,13494,24755,26807,27585,26088,14549,24589,9647,27550,28100,2561
1	1463	19659	16068,32752,3421,4268,6316,6980,8145,11884,10813,6324,10736,24332,14368,1244,31137,13215,15900,15218,19001,18773,3749,19729,19731,7010,8440,8614,6850,14220,8842,9970,13353,11571,14078,5710,8555,8556,18397,2799,5333,5712,13080,18303,20119,19818,20614,6091,20892,31669,14558,21634,13387,23304,11946,23701,25462,23700,18136,4142,26036,8318,12841,13494,24755,26807,27585,26088,14549,24589,9647,27550,28100,2561,26576
0	1463	21594	16068,32752,3421,4268,6316,6980,8145,11884,10813,6324,10736,24332,14368,1244,31137,13215,15900,15218,19001,18773,3749,19729,19731,7010,8440,8614,6850,14220,8842,9970,13353,11571,14078,5710,8555,8556,18397,2799,5333,5712,13080,18303,20119,19818,20614,6091,20892,31669,14558,21634,13387,23304,11946,23701,25462,23700,18136,4142,26036,8318,12841,13494,24755,26807,27585,26088,14549,24589,9647,27550,28100,2561,26576,19659
0	1463	29136	16068,32752,3421,4268,6316,6980,8145,11884,10813,6324,10736,24332,14368,1244,31137,13215,15900,15218,19001,18773,3749,19729,19731,7010,8440,8614,6850,14220,8842,9970,13353,11571,14078,5710,8555,8556,18397,2799,5333,5712,13080,18303,20119,19818,20614,6091,20892,31669,14558,21634,13387,23304,11946,23701,25462,23700,18136,4142,26036,8318,12841,13494,24755,26807,27585,26088,14549,24589,9647,27550,28100,2561,26576,19659
0	1463	20444	16068,32752,3421,4268,6316,6980,8145,11884,10813,6324,10736,24332,14368,1244,31137,13215,15900,15218,19001,18773,3749,19729,19731,7010,8440,8614,6850,14220,8842,9970,13353,11571,14078,5710,8555,8556,18397,2799,5333,5712,13080,18303,20119,19818,20614,6091,20892,31669,14558,21634,13387,23304,11946,23701,25462,23700,18136,4142,26036,8318,12841,13494,24755,26807,27585,26088,14549,24589,9647,27550,28100,2561,26576,19659
1	1463	26516	16068,32752,3421,4268,6316,6980,8145,11884,10813,6324,10736,24332,14368,1244,31137,13215,15900,15218,19001,18773,3749,19729,19731,7010,8440,8614,6850,14220,8842,9970,13353,11571,14078,5710,8555,8556,18397,2799,5333,5712,13080,18303,20119,19818,20614,6091,20892,31669,14558,21634,13387,23304,11946,23701,25462,23700,18136,4142,26036,8318,12841,13494,24755,26807,27585,26088,14549,24589,9647,27550,28100,2561,26576,19659
1	1463	24805	16068,32752,3421,4268,6316,6980,8145,11884,10813,6324,10736,24332,14368,1244,31137,13215,15900,15218,19001,18773,3749,19729,19731,7010,8440,8614,6850,14220,8842,9970,13353,11571,14078,5710,8555,8556,18397,2799,5333,5712,13080,18303,20119,19818,20614,6091,20892,31669,14558,21634,13387,23304,11946,23701,25462,23700,18136,4142,26036,8318,12841,13494,24755,26807,27585,26088,14549,24589,9647,27550,28100,2561,26576,19659,26516
0	1463	12647	16068,32752,3421,4268,6316,6980,8145,11884,10813,6324,10736,24332,14368,1244,31137,13215,15900,15218,19001,18773,3749,19729,19731,7010,8440,8614,6850,14220,8842,9970,13353,11571,14078,5710,8555,8556,18397,2799,5333,5712,13080,18303,20119,19818,20614,6091,20892,31669,14558,21634,13387,23304,11946,23701,25462,23700,18136,4142,26036,8318,12841,13494,24755,26807,27585,26088,14549,24589,9647,27550,28100,2561,26576,19659,26516,24805
1	1463	29132	16068,32752,3421,4268,6316,6980,8145,11884,10813,6324,10736,24332,14368,1244,31137,13215,15900,15218,19001,18773,3749,19729,19731,7010,8440,8614,6850,14220,8842,9970,13353,11571,14078,5710,8555,8556,18397,2799,5333,5712,13080,18303,20119,19818,20614,6091,20892,31669,14558,21634,13387,23304,11946,23701,25462,23700,18136,4142,26036,8318,12841,13494,24755,26807,27585,26088,14549,24589,9647,27550,28100,2561,26576,19659,26516,24805
1	1463	10987	16068,32752,3421,4268,6316,6980,8145,11884,10813,6324,10736,24332,14368,1244,31137,13215,15900,15218,19001,18773,3749,19729,19731,7010,8440,8614,6850,14220,8842,9970,13353,11571,14078,5710,8555,8556,18397,2799,5333,5712,13080,18303,20119,19818,20614,6091,20892,31669,14558,21634,13387,23304,11946,23701,25462,23700,18136,4142,26036,8318,12841,13494,24755,26807,27585,26088,14549,24589,9647,27550,28100,2561,26576,19659,26516,24805,29132
0	1463	28007	16068,32752,3421,4268,6316,6980,8145,11884,10813,6324,10736,24332,14368,1244,31137,13215,15900,15218,19001,18773,3749,19729,19731,7010,8440,8614,6850,14220,8842,9970,13353,11571,14078,5710,8555,8556,18397,2799,5333,5712,13080,18303,20119,19818,20614,6091,20892,31669,14558,21634,13387,23304,11946,23701,25462,23700,18136,4142,26036,8318,12841,13494,24755,26807,27585,26088,14549,24589,9647,27550,28100,2561,26576,19659,26516,24805,29132,10987
1	1463	23462	16068,32752,3421,4268,6316,6980,8145,11884,10813,6324,10736,24332,14368,1244,31137,13215,15900,15218,19001,18773,3749,19729,19731,7010,8440,8614,6850,14220,8842,9970,13353,11571,14078,5710,8555,8556,18397,2799,5333,5712,13080,18303,20119,19818,20614,6091,20892,31669,14558,21634,13387,23304,11946,23701,25462,23700,18136,4142,26036,8318,12841,13494,24755,26807,27585,26088,14549,24589,9647,27550,28100,2561,26576,19659,26516,24805,29132,10987
0	1463	29020	16068,32752,3421,4268,6316,6980,8145,11884,10813,6324,10736,24332,14368,1244,31137,13215,15900,15218,19001,18773,3749,19729,19731,7010,8440,8614,6850,14220,8842,9970,13353,11571,14078,5710,8555,8556,18397,2799,5333,5712,13080,18303,20119,19818,20614,6091,20892,31669,14558,21634,13387,23304,11946,23701,25462,23700,18136,4142,26036,8318,12841,13494,24755,26807,27585,26088,14549,24589,9647,27550,28100,2561,26576,19659,26516,24805,29132,10987,23462
