1	1860	16	0
1	1860	4679	16
0	1860	3482	16,4679
0	1860	3513	16,4679
1	1860	3048	16,4679
0	1860	7256	16,4679,3048
0	1860	8758	16,4679,3048
1	1860	10106	16,4679,3048
1	1860	9426	16,4679,3048,10106
0	1860	8070	16,4679,3048,10106,9426
1	1860	8490	16,4679,3048,10106,9426
1	1860	2940	16,4679,3048,10106,9426,8490
0	1860	8363	16,4679,3048,10106,9426,8490,2940
1	1860	32195	16,4679,3048,10106,9426,8490,2940
1	1860	7397	16,4679,3048,10106,9426,8490,2940,32195
0	1860	8425	16,4679,3048,10106,9426,8490,2940,32195,7397
1	1860	13475	16,4679,3048,10106,9426,8490,2940,32195,7397
1	1860	14135	16,4679,3048,10106,9426,8490,2940,32195,7397,13475
1	1860	16472	16,4679,3048,10106,9426,8490,2940,32195,7397,13475,14135
1	1860	18295	16,4679,3048,10106,9426,8490,2940,32195,7397,13475,14135,16472
1	1860	16597	16,4679,3048,10106,9426,8490,2940,32195,7397,13475,14135,16472,18295
1	1860	19507	16,4679,3048,10106,9426,8490,2940,32195,7397,13475,14135,16472,18295,16597
1	1860	16689	16,4679,3048,10106,9426,8490,2940,32195,7397,13475,14135,16472,18295,16597,19507
1	1860	19506	16,4679,3048,10106,9426,8490,2940,32195,7397,13475,14135,16472,18295,16597,19507,16689
0	1860	12794	16,4679,3048,10106,9426,8490,2940,32195,7397,13475,14135,16472,18295,16597,19507,16689,19506
1	1860	6288	16,4679,3048,10106,9426,8490,2940,32195,7397,13475,14135,16472,18295,16597,19507,16689,19506
0	1860	9977	16,4679,3048,10106,9426,8490,2940,32195,7397,13475,14135,16472,18295,16597,19507,16689,19506,6288
0	1860	18806	16,4679,3048,10106,9426,8490,2940,32195,7397,13475,14135,16472,18295,16597,19507,16689,19506,6288
1	1860	2867	16,4679,3048,10106,9426,8490,2940,32195,7397,13475,14135,16472,18295,16597,19507,16689,19506,6288
0	1860	13133	16,4679,3048,10106,9426,8490,2940,32195,7397,13475,14135,16472,18295,16597,19507,16689,19506,6288,2867
0	1860	26284	16,4679,3048,10106,9426,8490,2940,32195,7397,13475,14135,16472,18295,16597,19507,16689,19506,6288,2867
0	1860	18915	16,4679,3048,10106,9426,8490,2940,32195,7397,13475,14135,16472,18295,16597,19507,16689,19506,6288,2867
1	1860	22525	16,4679,3048,10106,9426,8490,2940,32195,7397,13475,14135,16472,18295,16597,19507,16689,19506,6288,2867
0	1860	24801	16,4679,3048,10106,9426,8490,2940,32195,7397,13475,14135,16472,18295,16597,19507,16689,19506,6288,2867,22525
1	1860	18738	16,4679,3048,10106,9426,8490,2940,32195,7397,13475,14135,16472,18295,16597,19507,16689,19506,6288,2867,22525
1	1860	26286	16,4679,3048,10106,9426,8490,2940,32195,7397,13475,14135,16472,18295,16597,19507,16689,19506,6288,2867,22525,18738
0	1860	7207	16,4679,3048,10106,9426,8490,2940,32195,7397,13475,14135,16472,18295,16597,19507,16689,19506,6288,2867,22525,18738,26286
0	1860	12656	16,4679,3048,10106,9426,8490,2940,32195,7397,13475,14135,16472,18295,16597,19507,16689,19506,6288,2867,22525,18738,26286
1	1860	7285	16,4679,3048,10106,9426,8490,2940,32195,7397,13475,14135,16472,18295,16597,19507,16689,19506,6288,2867,22525,18738,26286
1	1860	22374	16,4679,3048,10106,9426,8490,2940,32195,7397,13475,14135,16472,18295,16597,19507,16689,19506,6288,2867,22525,18738,26286,7285
1	1860	26266	16,4679,3048,10106,9426,8490,2940,32195,7397,13475,14135,16472,18295,16597,19507,16689,19506,6288,2867,22525,18738,26286,7285,22374
1	1860	27952	16,4679,3048,10106,9426,8490,2940,32195,7397,13475,14135,16472,18295,16597,19507,16689,19506,6288,2867,22525,18738,26286,7285,22374,26266
0	1860	27980	16,4679,3048,10106,9426,8490,2940,32195,7397,13475,14135,16472,18295,16597,19507,16689,19506,6288,2867,22525,18738,26286,7285,22374,26266,27952
1	1860	29003	16,4679,3048,10106,9426,8490,2940,32195,7397,13475,14135,16472,18295,16597,19507,16689,19506,6288,2867,22525,18738,26286,7285,22374,26266,27952
1	1860	29060	16,4679,3048,10106,9426,8490,2940,32195,7397,13475,14135,16472,18295,16597,19507,16689,19506,6288,2867,22525,18738,26286,7285,22374,26266,27952,29003
1	1860	27335	16,4679,3048,10106,9426,8490,2940,32195,7397,13475,14135,16472,18295,16597,19507,16689,19506,6288,2867,22525,18738,26286,7285,22374,26266,27952,29003,29060
1	1860	28927	16,4679,3048,10106,9426,8490,2940,32195,7397,13475,14135,16472,18295,16597,19507,16689,19506,6288,2867,22525,18738,26286,7285,22374,26266,27952,29003,29060,27335
1	1860	27008	16,4679,3048,10106,9426,8490,2940,32195,7397,13475,14135,16472,18295,16597,19507,16689,19506,6288,2867,22525,18738,26286,7285,22374,26266,27952,29003,29060,27335,28927
