1	1256	642	0
1	1256	832	642
1	1256	1416	642,832
1	1256	2650	642,832,1416
1	1256	3419	642,832,1416,2650
1	1256	6162	642,832,1416,2650,3419
1	1256	11108	642,832,1416,2650,3419,6162
0	1256	15552	642,832,1416,2650,3419,6162,11108
0	1256	32447	642,832,1416,2650,3419,6162,11108
1	1256	14122	642,832,1416,2650,3419,6162,11108
0	1256	5585	642,832,1416,2650,3419,6162,11108,14122
1	1256	6193	642,832,1416,2650,3419,6162,11108,14122
1	1256	3043	642,832,1416,2650,3419,6162,11108,14122,6193
1	1256	5219	642,832,1416,2650,3419,6162,11108,14122,6193,3043
0	1256	30584	642,832,1416,2650,3419,6162,11108,14122,6193,3043,5219
1	1256	31312	642,832,1416,2650,3419,6162,11108,14122,6193,3043,5219
1	1256	31408	642,832,1416,2650,3419,6162,11108,14122,6193,3043,5219,31312
0	1256	1338	642,832,1416,2650,3419,6162,11108,14122,6193,3043,5219,31312,31408
1	1256	3012	642,832,1416,2650,3419,6162,11108,14122,6193,3043,5219,31312,31408
1	1256	4985	642,832,1416,2650,3419,6162,11108,14122,6193,3043,5219,31312,31408,3012
1	1256	7005	642,832,1416,2650,3419,6162,11108,14122,6193,3043,5219,31312,31408,3012,4985
1	1256	13848	642,832,1416,2650,3419,6162,11108,14122,6193,3043,5219,31312,31408,3012,4985,7005
1	1256	32595	642,832,1416,2650,3419,6162,11108,14122,6193,3043,5219,31312,31408,3012,4985,7005,13848
1	1256	20	642,832,1416,2650,3419,6162,11108,14122,6193,3043,5219,31312,31408,3012,4985,7005,13848,32595
1	1256	698	642,832,1416,2650,3419,6162,11108,14122,6193,3043,5219,31312,31408,3012,4985,7005,13848,32595,20
1	1256	5180	642,832,1416,2650,3419,6162,11108,14122,6193,3043,5219,31312,31408,3012,4985,7005,13848,32595,20,698
1	1256	253	642,832,1416,2650,3419,6162,11108,14122,6193,3043,5219,31312,31408,3012,4985,7005,13848,32595,20,698,5180
1	1256	2891	642,832,1416,2650,3419,6162,11108,14122,6193,3043,5219,31312,31408,3012,4985,7005,13848,32595,20,698,5180,253
1	1256	11869	642,832,1416,2650,3419,6162,11108,14122,6193,3043,5219,31312,31408,3012,4985,7005,13848,32595,20,698,5180,253,2891
1	1256	19533	642,832,1416,2650,3419,6162,11108,14122,6193,3043,5219,31312,31408,3012,4985,7005,13848,32595,20,698,5180,253,2891,11869
1	1256	18048	642,832,1416,2650,3419,6162,11108,14122,6193,3043,5219,31312,31408,3012,4985,7005,13848,32595,20,698,5180,253,2891,11869,19533
1	1256	19371	642,832,1416,2650,3419,6162,11108,14122,6193,3043,5219,31312,31408,3012,4985,7005,13848,32595,20,698,5180,253,2891,11869,19533,18048
1	1256	7529	642,832,1416,2650,3419,6162,11108,14122,6193,3043,5219,31312,31408,3012,4985,7005,13848,32595,20,698,5180,253,2891,11869,19533,18048,19371
1	1256	8166	642,832,1416,2650,3419,6162,11108,14122,6193,3043,5219,31312,31408,3012,4985,7005,13848,32595,20,698,5180,253,2891,11869,19533,18048,19371,7529
1	1256	18380	642,832,1416,2650,3419,6162,11108,14122,6193,3043,5219,31312,31408,3012,4985,7005,13848,32595,20,698,5180,253,2891,11869,19533,18048,19371,7529,8166
1	1256	18929	642,832,1416,2650,3419,6162,11108,14122,6193,3043,5219,31312,31408,3012,4985,7005,13848,32595,20,698,5180,253,2891,11869,19533,18048,19371,7529,8166,18380
1	1256	5773	642,832,1416,2650,3419,6162,11108,14122,6193,3043,5219,31312,31408,3012,4985,7005,13848,32595,20,698,5180,253,2891,11869,19533,18048,19371,7529,8166,18380,18929
1	1256	22098	642,832,1416,2650,3419,6162,11108,14122,6193,3043,5219,31312,31408,3012,4985,7005,13848,32595,20,698,5180,253,2891,11869,19533,18048,19371,7529,8166,18380,18929,5773
1	1256	21464	642,832,1416,2650,3419,6162,11108,14122,6193,3043,5219,31312,31408,3012,4985,7005,13848,32595,20,698,5180,253,2891,11869,19533,18048,19371,7529,8166,18380,18929,5773,22098
1	1256	11482	642,832,1416,2650,3419,6162,11108,14122,6193,3043,5219,31312,31408,3012,4985,7005,13848,32595,20,698,5180,253,2891,11869,19533,18048,19371,7529,8166,18380,18929,5773,22098,21464
0	1256	32117	642,832,1416,2650,3419,6162,11108,14122,6193,3043,5219,31312,31408,3012,4985,7005,13848,32595,20,698,5180,253,2891,11869,19533,18048,19371,7529,8166,18380,18929,5773,22098,21464,11482
1	1256	16753	642,832,1416,2650,3419,6162,11108,14122,6193,3043,5219,31312,31408,3012,4985,7005,13848,32595,20,698,5180,253,2891,11869,19533,18048,19371,7529,8166,18380,18929,5773,22098,21464,11482
1	1256	21059	642,832,1416,2650,3419,6162,11108,14122,6193,3043,5219,31312,31408,3012,4985,7005,13848,32595,20,698,5180,253,2891,11869,19533,18048,19371,7529,8166,18380,18929,5773,22098,21464,11482,16753
1	1256	17445	642,832,1416,2650,3419,6162,11108,14122,6193,3043,5219,31312,31408,3012,4985,7005,13848,32595,20,698,5180,253,2891,11869,19533,18048,19371,7529,8166,18380,18929,5773,22098,21464,11482,16753,21059
1	1256	11866	642,832,1416,2650,3419,6162,11108,14122,6193,3043,5219,31312,31408,3012,4985,7005,13848,32595,20,698,5180,253,2891,11869,19533,18048,19371,7529,8166,18380,18929,5773,22098,21464,11482,16753,21059,17445
1	1256	26116	642,832,1416,2650,3419,6162,11108,14122,6193,3043,5219,31312,31408,3012,4985,7005,13848,32595,20,698,5180,253,2891,11869,19533,18048,19371,7529,8166,18380,18929,5773,22098,21464,11482,16753,21059,17445,11866
1	1256	23143	642,832,1416,2650,3419,6162,11108,14122,6193,3043,5219,31312,31408,3012,4985,7005,13848,32595,20,698,5180,253,2891,11869,19533,18048,19371,7529,8166,18380,18929,5773,22098,21464,11482,16753,21059,17445,11866,26116
1	1256	23342	642,832,1416,2650,3419,6162,11108,14122,6193,3043,5219,31312,31408,3012,4985,7005,13848,32595,20,698,5180,253,2891,11869,19533,18048,19371,7529,8166,18380,18929,5773,22098,21464,11482,16753,21059,17445,11866,26116,23143
1	1256	25235	642,832,1416,2650,3419,6162,11108,14122,6193,3043,5219,31312,31408,3012,4985,7005,13848,32595,20,698,5180,253,2891,11869,19533,18048,19371,7529,8166,18380,18929,5773,22098,21464,11482,16753,21059,17445,11866,26116,23143,23342
1	1256	25892	642,832,1416,2650,3419,6162,11108,14122,6193,3043,5219,31312,31408,3012,4985,7005,13848,32595,20,698,5180,253,2891,11869,19533,18048,19371,7529,8166,18380,18929,5773,22098,21464,11482,16753,21059,17445,11866,26116,23143,23342,25235
1	1256	1442	642,832,1416,2650,3419,6162,11108,14122,6193,3043,5219,31312,31408,3012,4985,7005,13848,32595,20,698,5180,253,2891,11869,19533,18048,19371,7529,8166,18380,18929,5773,22098,21464,11482,16753,21059,17445,11866,26116,23143,23342,25235,25892
1	1256	2700	642,832,1416,2650,3419,6162,11108,14122,6193,3043,5219,31312,31408,3012,4985,7005,13848,32595,20,698,5180,253,2891,11869,19533,18048,19371,7529,8166,18380,18929,5773,22098,21464,11482,16753,21059,17445,11866,26116,23143,23342,25235,25892,1442
1	1256	6115	642,832,1416,2650,3419,6162,11108,14122,6193,3043,5219,31312,31408,3012,4985,7005,13848,32595,20,698,5180,253,2891,11869,19533,18048,19371,7529,8166,18380,18929,5773,22098,21464,11482,16753,21059,17445,11866,26116,23143,23342,25235,25892,1442,2700
1	1256	27281	642,832,1416,2650,3419,6162,11108,14122,6193,3043,5219,31312,31408,3012,4985,7005,13848,32595,20,698,5180,253,2891,11869,19533,18048,19371,7529,8166,18380,18929,5773,22098,21464,11482,16753,21059,17445,11866,26116,23143,23342,25235,25892,1442,2700,6115
