0	1331	33045	0
1	1331	32801	0
0	1331	21563	32801
0	1331	31253	32801
0	1331	32202	32801
1	1331	1282	32801
0	1331	882	32801,1282
0	1331	30660	32801,1282
0	1331	23340	32801,1282
0	1331	31701	32801,1282
1	1331	4499	32801,1282
0	1331	2265	32801,1282,4499
1	1331	7003	32801,1282,4499
0	1331	2274	32801,1282,4499,7003
0	1331	4313	32801,1282,4499,7003
0	1331	13474	32801,1282,4499,7003
1	1331	7530	32801,1282,4499,7003
0	1331	8494	32801,1282,4499,7003,7530
1	1331	31279	32801,1282,4499,7003,7530
0	1331	14737	32801,1282,4499,7003,7530,31279
0	1331	16520	32801,1282,4499,7003,7530,31279
0	1331	16481	32801,1282,4499,7003,7530,31279
1	1331	15865	32801,1282,4499,7003,7530,31279
1	1331	15461	32801,1282,4499,7003,7530,31279,15865
0	1331	18148	32801,1282,4499,7003,7530,31279,15865,15461
1	1331	32680	32801,1282,4499,7003,7530,31279,15865,15461
1	1331	16781	32801,1282,4499,7003,7530,31279,15865,15461,32680
0	1331	15961	32801,1282,4499,7003,7530,31279,15865,15461,32680,16781
0	1331	7285	32801,1282,4499,7003,7530,31279,15865,15461,32680,16781
0	1331	32328	32801,1282,4499,7003,7530,31279,15865,15461,32680,16781
0	1331	13221	32801,1282,4499,7003,7530,31279,15865,15461,32680,16781
0	1331	14327	32801,1282,4499,7003,7530,31279,15865,15461,32680,16781
0	1331	21302	32801,1282,4499,7003,7530,31279,15865,15461,32680,16781
1	1331	21974	32801,1282,4499,7003,7530,31279,15865,15461,32680,16781
1	1331	21482	32801,1282,4499,7003,7530,31279,15865,15461,32680,16781,21974
0	1331	21265	32801,1282,4499,7003,7530,31279,15865,15461,32680,16781,21974,21482
1	1331	24117	32801,1282,4499,7003,7530,31279,15865,15461,32680,16781,21974,21482
0	1331	22600	32801,1282,4499,7003,7530,31279,15865,15461,32680,16781,21974,21482,24117
0	1331	8289	32801,1282,4499,7003,7530,31279,15865,15461,32680,16781,21974,21482,24117
1	1331	22621	32801,1282,4499,7003,7530,31279,15865,15461,32680,16781,21974,21482,24117
0	1331	25729	32801,1282,4499,7003,7530,31279,15865,15461,32680,16781,21974,21482,24117,22621
0	1331	8360	32801,1282,4499,7003,7530,31279,15865,15461,32680,16781,21974,21482,24117,22621
0	1331	28220	32801,1282,4499,7003,7530,31279,15865,15461,32680,16781,21974,21482,24117,22621
