1	1099	32496	0
1	1099	1113	32496
0	1099	2010	32496,1113
0	1099	3005	32496,1113
1	1099	2997	32496,1113
0	1099	2360	32496,1113,2997
0	1099	2875	32496,1113,2997
1	1099	16640	32496,1113,2997
1	1099	7344	32496,1113,2997,16640
0	1099	4021	32496,1113,2997,16640,7344
1	1099	5018	32496,1113,2997,16640,7344
1	1099	2129	32496,1113,2997,16640,7344,5018
0	1099	13250	32496,1113,2997,16640,7344,5018,2129
0	1099	1089	32496,1113,2997,16640,7344,5018,2129
1	1099	13670	32496,1113,2997,16640,7344,5018,2129
0	1099	16449	32496,1113,2997,16640,7344,5018,2129,13670
0	1099	17188	32496,1113,2997,16640,7344,5018,2129,13670
0	1099	15974	32496,1113,2997,16640,7344,5018,2129,13670
0	1099	18222	32496,1113,2997,16640,7344,5018,2129,13670
0	1099	2836	32496,1113,2997,16640,7344,5018,2129,13670
0	1099	19627	32496,1113,2997,16640,7344,5018,2129,13670
1	1099	19931	32496,1113,2997,16640,7344,5018,2129,13670
0	1099	19862	32496,1113,2997,16640,7344,5018,2129,13670,19931
0	1099	20397	32496,1113,2997,16640,7344,5018,2129,13670,19931
0	1099	21383	32496,1113,2997,16640,7344,5018,2129,13670,19931
0	1099	23447	32496,1113,2997,16640,7344,5018,2129,13670,19931
0	1099	17132	32496,1113,2997,16640,7344,5018,2129,13670,19931
0	1099	24181	32496,1113,2997,16640,7344,5018,2129,13670,19931
0	1099	24333	32496,1113,2997,16640,7344,5018,2129,13670,19931
1	1099	25114	32496,1113,2997,16640,7344,5018,2129,13670,19931
1	1099	25659	32496,1113,2997,16640,7344,5018,2129,13670,19931,25114
1	1099	23389	32496,1113,2997,16640,7344,5018,2129,13670,19931,25114,25659
0	1099	23452	32496,1113,2997,16640,7344,5018,2129,13670,19931,25114,25659,23389
1	1099	24208	32496,1113,2997,16640,7344,5018,2129,13670,19931,25114,25659,23389
0	1099	25658	32496,1113,2997,16640,7344,5018,2129,13670,19931,25114,25659,23389,24208
1	1099	27586	32496,1113,2997,16640,7344,5018,2129,13670,19931,25114,25659,23389,24208
1	1099	27294	32496,1113,2997,16640,7344,5018,2129,13670,19931,25114,25659,23389,24208,27586
0	1099	27292	32496,1113,2997,16640,7344,5018,2129,13670,19931,25114,25659,23389,24208,27586,27294
0	1099	26976	32496,1113,2997,16640,7344,5018,2129,13670,19931,25114,25659,23389,24208,27586,27294
0	1099	23317	32496,1113,2997,16640,7344,5018,2129,13670,19931,25114,25659,23389,24208,27586,27294
1	1099	28883	32496,1113,2997,16640,7344,5018,2129,13670,19931,25114,25659,23389,24208,27586,27294
0	1099	26781	32496,1113,2997,16640,7344,5018,2129,13670,19931,25114,25659,23389,24208,27586,27294,28883
