1	923	958	0
1	923	13875	958
0	923	15832	958,13875
1	923	9968	958,13875
0	923	13519	958,13875,9968
0	923	14243	958,13875,9968
1	923	21881	958,13875,9968
1	923	14078	958,13875,9968,21881
0	923	4944	958,13875,9968,21881,14078
0	923	19251	958,13875,9968,21881,14078
1	923	19599	958,13875,9968,21881,14078
1	923	21161	958,13875,9968,21881,14078,19599
1	923	20556	958,13875,9968,21881,14078,19599,21161
1	923	12494	958,13875,9968,21881,14078,19599,21161,20556
1	923	21464	958,13875,9968,21881,14078,19599,21161,20556,12494
0	923	3370	958,13875,9968,21881,14078,19599,21161,20556,12494,21464
1	923	4670	958,13875,9968,21881,14078,19599,21161,20556,12494,21464
1	923	22832	958,13875,9968,21881,14078,19599,21161,20556,12494,21464,4670
0	923	3774	958,13875,9968,21881,14078,19599,21161,20556,12494,21464,4670,22832
1	923	20877	958,13875,9968,21881,14078,19599,21161,20556,12494,21464,4670,22832
1	923	21743	958,13875,9968,21881,14078,19599,21161,20556,12494,21464,4670,22832,20877
1	923	22395	958,13875,9968,21881,14078,19599,21161,20556,12494,21464,4670,22832,20877,21743
1	923	9954	958,13875,9968,21881,14078,19599,21161,20556,12494,21464,4670,22832,20877,21743,22395
0	923	22967	958,13875,9968,21881,14078,19599,21161,20556,12494,21464,4670,22832,20877,21743,22395,9954
1	923	8951	958,13875,9968,21881,14078,19599,21161,20556,12494,21464,4670,22832,20877,21743,22395,9954
0	923	23180	958,13875,9968,21881,14078,19599,21161,20556,12494,21464,4670,22832,20877,21743,22395,9954,8951
0	923	24400	958,13875,9968,21881,14078,19599,21161,20556,12494,21464,4670,22832,20877,21743,22395,9954,8951
0	923	22870	958,13875,9968,21881,14078,19599,21161,20556,12494,21464,4670,22832,20877,21743,22395,9954,8951
1	923	25093	958,13875,9968,21881,14078,19599,21161,20556,12494,21464,4670,22832,20877,21743,22395,9954,8951
1	923	15670	958,13875,9968,21881,14078,19599,21161,20556,12494,21464,4670,22832,20877,21743,22395,9954,8951,25093
1	923	21042	958,13875,9968,21881,14078,19599,21161,20556,12494,21464,4670,22832,20877,21743,22395,9954,8951,25093,15670
1	923	21309	958,13875,9968,21881,14078,19599,21161,20556,12494,21464,4670,22832,20877,21743,22395,9954,8951,25093,15670,21042
1	923	23322	958,13875,9968,21881,14078,19599,21161,20556,12494,21464,4670,22832,20877,21743,22395,9954,8951,25093,15670,21042,21309
0	923	13543	958,13875,9968,21881,14078,19599,21161,20556,12494,21464,4670,22832,20877,21743,22395,9954,8951,25093,15670,21042,21309,23322
0	923	15569	958,13875,9968,21881,14078,19599,21161,20556,12494,21464,4670,22832,20877,21743,22395,9954,8951,25093,15670,21042,21309,23322
1	923	23835	958,13875,9968,21881,14078,19599,21161,20556,12494,21464,4670,22832,20877,21743,22395,9954,8951,25093,15670,21042,21309,23322
1	923	25915	958,13875,9968,21881,14078,19599,21161,20556,12494,21464,4670,22832,20877,21743,22395,9954,8951,25093,15670,21042,21309,23322,23835
0	923	21421	958,13875,9968,21881,14078,19599,21161,20556,12494,21464,4670,22832,20877,21743,22395,9954,8951,25093,15670,21042,21309,23322,23835,25915
0	923	27248	958,13875,9968,21881,14078,19599,21161,20556,12494,21464,4670,22832,20877,21743,22395,9954,8951,25093,15670,21042,21309,23322,23835,25915
1	923	23768	958,13875,9968,21881,14078,19599,21161,20556,12494,21464,4670,22832,20877,21743,22395,9954,8951,25093,15670,21042,21309,23322,23835,25915
1	923	26775	958,13875,9968,21881,14078,19599,21161,20556,12494,21464,4670,22832,20877,21743,22395,9954,8951,25093,15670,21042,21309,23322,23835,25915,23768
1	923	6054	958,13875,9968,21881,14078,19599,21161,20556,12494,21464,4670,22832,20877,21743,22395,9954,8951,25093,15670,21042,21309,23322,23835,25915,23768,26775
1	923	7278	958,13875,9968,21881,14078,19599,21161,20556,12494,21464,4670,22832,20877,21743,22395,9954,8951,25093,15670,21042,21309,23322,23835,25915,23768,26775,6054
1	923	28161	958,13875,9968,21881,14078,19599,21161,20556,12494,21464,4670,22832,20877,21743,22395,9954,8951,25093,15670,21042,21309,23322,23835,25915,23768,26775,6054,7278
1	923	28633	958,13875,9968,21881,14078,19599,21161,20556,12494,21464,4670,22832,20877,21743,22395,9954,8951,25093,15670,21042,21309,23322,23835,25915,23768,26775,6054,7278,28161
1	923	27642	958,13875,9968,21881,14078,19599,21161,20556,12494,21464,4670,22832,20877,21743,22395,9954,8951,25093,15670,21042,21309,23322,23835,25915,23768,26775,6054,7278,28161,28633
1	923	23462	958,13875,9968,21881,14078,19599,21161,20556,12494,21464,4670,22832,20877,21743,22395,9954,8951,25093,15670,21042,21309,23322,23835,25915,23768,26775,6054,7278,28161,28633,27642
1	923	29066	958,13875,9968,21881,14078,19599,21161,20556,12494,21464,4670,22832,20877,21743,22395,9954,8951,25093,15670,21042,21309,23322,23835,25915,23768,26775,6054,7278,28161,28633,27642,23462
1	923	15406	958,13875,9968,21881,14078,19599,21161,20556,12494,21464,4670,22832,20877,21743,22395,9954,8951,25093,15670,21042,21309,23322,23835,25915,23768,26775,6054,7278,28161,28633,27642,23462,29066
