1	81	12444	0
1	81	31190	12444
1	81	16408	12444,31190
1	81	33004	12444,31190,16408
1	81	17678	12444,31190,16408,33004
0	81	1805	12444,31190,16408,33004,17678
0	81	1934	12444,31190,16408,33004,17678
0	81	2066	12444,31190,16408,33004,17678
0	81	16461	12444,31190,16408,33004,17678
0	81	3005	12444,31190,16408,33004,17678
1	81	24972	12444,31190,16408,33004,17678
0	81	2931	12444,31190,16408,33004,17678,24972
1	81	1547	12444,31190,16408,33004,17678,24972
0	81	4021	12444,31190,16408,33004,17678,24972,1547
0	81	4926	12444,31190,16408,33004,17678,24972,1547
0	81	4925	12444,31190,16408,33004,17678,24972,1547
0	81	5925	12444,31190,16408,33004,17678,24972,1547
0	81	8629	12444,31190,16408,33004,17678,24972,1547
1	81	8973	12444,31190,16408,33004,17678,24972,1547
0	81	8392	12444,31190,16408,33004,17678,24972,1547,8973
0	81	3603	12444,31190,16408,33004,17678,24972,1547,8973
1	81	10121	12444,31190,16408,33004,17678,24972,1547,8973
1	81	9209	12444,31190,16408,33004,17678,24972,1547,8973,10121
1	81	9216	12444,31190,16408,33004,17678,24972,1547,8973,10121,9209
1	81	10330	12444,31190,16408,33004,17678,24972,1547,8973,10121,9209,9216
1	81	10741	12444,31190,16408,33004,17678,24972,1547,8973,10121,9209,9216,10330
0	81	1302	12444,31190,16408,33004,17678,24972,1547,8973,10121,9209,9216,10330,10741
0	81	11822	12444,31190,16408,33004,17678,24972,1547,8973,10121,9209,9216,10330,10741
0	81	9905	12444,31190,16408,33004,17678,24972,1547,8973,10121,9209,9216,10330,10741
0	81	14668	12444,31190,16408,33004,17678,24972,1547,8973,10121,9209,9216,10330,10741
0	81	9304	12444,31190,16408,33004,17678,24972,1547,8973,10121,9209,9216,10330,10741
1	81	13633	12444,31190,16408,33004,17678,24972,1547,8973,10121,9209,9216,10330,10741
1	81	13621	12444,31190,16408,33004,17678,24972,1547,8973,10121,9209,9216,10330,10741,13633
0	81	13389	12444,31190,16408,33004,17678,24972,1547,8973,10121,9209,9216,10330,10741,13633,13621
1	81	14483	12444,31190,16408,33004,17678,24972,1547,8973,10121,9209,9216,10330,10741,13633,13621
1	81	10095	12444,31190,16408,33004,17678,24972,1547,8973,10121,9209,9216,10330,10741,13633,13621,14483
0	81	13668	12444,31190,16408,33004,17678,24972,1547,8973,10121,9209,9216,10330,10741,13633,13621,14483,10095
1	81	18121	12444,31190,16408,33004,17678,24972,1547,8973,10121,9209,9216,10330,10741,13633,13621,14483,10095
1	81	18674	12444,31190,16408,33004,17678,24972,1547,8973,10121,9209,9216,10330,10741,13633,13621,14483,10095,18121
1	81	13875	12444,31190,16408,33004,17678,24972,1547,8973,10121,9209,9216,10330,10741,13633,13621,14483,10095,18121,18674
0	81	19464	12444,31190,16408,33004,17678,24972,1547,8973,10121,9209,9216,10330,10741,13633,13621,14483,10095,18121,18674,13875
0	81	19645	12444,31190,16408,33004,17678,24972,1547,8973,10121,9209,9216,10330,10741,13633,13621,14483,10095,18121,18674,13875
1	81	21489	12444,31190,16408,33004,17678,24972,1547,8973,10121,9209,9216,10330,10741,13633,13621,14483,10095,18121,18674,13875
1	81	20920	12444,31190,16408,33004,17678,24972,1547,8973,10121,9209,9216,10330,10741,13633,13621,14483,10095,18121,18674,13875,21489
0	81	8535	12444,31190,16408,33004,17678,24972,1547,8973,10121,9209,9216,10330,10741,13633,13621,14483,10095,18121,18674,13875,21489,20920
0	81	24776	12444,31190,16408,33004,17678,24972,1547,8973,10121,9209,9216,10330,10741,13633,13621,14483,10095,18121,18674,13875,21489,20920
1	81	21820	12444,31190,16408,33004,17678,24972,1547,8973,10121,9209,9216,10330,10741,13633,13621,14483,10095,18121,18674,13875,21489,20920
1	81	7320	12444,31190,16408,33004,17678,24972,1547,8973,10121,9209,9216,10330,10741,13633,13621,14483,10095,18121,18674,13875,21489,20920,21820
0	81	14327	12444,31190,16408,33004,17678,24972,1547,8973,10121,9209,9216,10330,10741,13633,13621,14483,10095,18121,18674,13875,21489,20920,21820,7320
0	81	23268	12444,31190,16408,33004,17678,24972,1547,8973,10121,9209,9216,10330,10741,13633,13621,14483,10095,18121,18674,13875,21489,20920,21820,7320
1	81	27154	12444,31190,16408,33004,17678,24972,1547,8973,10121,9209,9216,10330,10741,13633,13621,14483,10095,18121,18674,13875,21489,20920,21820,7320
0	81	9710	12444,31190,16408,33004,17678,24972,1547,8973,10121,9209,9216,10330,10741,13633,13621,14483,10095,18121,18674,13875,21489,20920,21820,7320,27154
0	81	14697	12444,31190,16408,33004,17678,24972,1547,8973,10121,9209,9216,10330,10741,13633,13621,14483,10095,18121,18674,13875,21489,20920,21820,7320,27154
0	81	23453	12444,31190,16408,33004,17678,24972,1547,8973,10121,9209,9216,10330,10741,13633,13621,14483,10095,18121,18674,13875,21489,20920,21820,7320,27154
0	81	24727	12444,31190,16408,33004,17678,24972,1547,8973,10121,9209,9216,10330,10741,13633,13621,14483,10095,18121,18674,13875,21489,20920,21820,7320,27154
0	81	25994	12444,31190,16408,33004,17678,24972,1547,8973,10121,9209,9216,10330,10741,13633,13621,14483,10095,18121,18674,13875,21489,20920,21820,7320,27154
0	81	26254	12444,31190,16408,33004,17678,24972,1547,8973,10121,9209,9216,10330,10741,13633,13621,14483,10095,18121,18674,13875,21489,20920,21820,7320,27154
0	81	22104	12444,31190,16408,33004,17678,24972,1547,8973,10121,9209,9216,10330,10741,13633,13621,14483,10095,18121,18674,13875,21489,20920,21820,7320,27154
0	81	21690	12444,31190,16408,33004,17678,24972,1547,8973,10121,9209,9216,10330,10741,13633,13621,14483,10095,18121,18674,13875,21489,20920,21820,7320,27154
1	81	26421	12444,31190,16408,33004,17678,24972,1547,8973,10121,9209,9216,10330,10741,13633,13621,14483,10095,18121,18674,13875,21489,20920,21820,7320,27154
1	81	28121	12444,31190,16408,33004,17678,24972,1547,8973,10121,9209,9216,10330,10741,13633,13621,14483,10095,18121,18674,13875,21489,20920,21820,7320,27154,26421
0	81	17691	12444,31190,16408,33004,17678,24972,1547,8973,10121,9209,9216,10330,10741,13633,13621,14483,10095,18121,18674,13875,21489,20920,21820,7320,27154,26421,28121
1	81	24219	12444,31190,16408,33004,17678,24972,1547,8973,10121,9209,9216,10330,10741,13633,13621,14483,10095,18121,18674,13875,21489,20920,21820,7320,27154,26421,28121
0	81	28000	12444,31190,16408,33004,17678,24972,1547,8973,10121,9209,9216,10330,10741,13633,13621,14483,10095,18121,18674,13875,21489,20920,21820,7320,27154,26421,28121,24219
0	81	24795	12444,31190,16408,33004,17678,24972,1547,8973,10121,9209,9216,10330,10741,13633,13621,14483,10095,18121,18674,13875,21489,20920,21820,7320,27154,26421,28121,24219
1	81	26178	12444,31190,16408,33004,17678,24972,1547,8973,10121,9209,9216,10330,10741,13633,13621,14483,10095,18121,18674,13875,21489,20920,21820,7320,27154,26421,28121,24219
0	81	27509	12444,31190,16408,33004,17678,24972,1547,8973,10121,9209,9216,10330,10741,13633,13621,14483,10095,18121,18674,13875,21489,20920,21820,7320,27154,26421,28121,24219,26178
1	81	23462	12444,31190,16408,33004,17678,24972,1547,8973,10121,9209,9216,10330,10741,13633,13621,14483,10095,18121,18674,13875,21489,20920,21820,7320,27154,26421,28121,24219,26178
0	81	28905	12444,31190,16408,33004,17678,24972,1547,8973,10121,9209,9216,10330,10741,13633,13621,14483,10095,18121,18674,13875,21489,20920,21820,7320,27154,26421,28121,24219,26178,23462
