1	158	8043	0
1	158	8250	8043
1	158	9691	8043,8250
1	158	9104	8043,8250,9691
1	158	9903	8043,8250,9691,9104
1	158	12899	8043,8250,9691,9104,9903
1	158	1089	8043,8250,9691,9104,9903,12899
1	158	13399	8043,8250,9691,9104,9903,12899,1089
1	158	15211	8043,8250,9691,9104,9903,12899,1089,13399
1	158	17193	8043,8250,9691,9104,9903,12899,1089,13399,15211
0	158	19627	8043,8250,9691,9104,9903,12899,1089,13399,15211,17193
0	158	14285	8043,8250,9691,9104,9903,12899,1089,13399,15211,17193
0	158	20341	8043,8250,9691,9104,9903,12899,1089,13399,15211,17193
1	158	18540	8043,8250,9691,9104,9903,12899,1089,13399,15211,17193
0	158	11547	8043,8250,9691,9104,9903,12899,1089,13399,15211,17193,18540
1	158	19682	8043,8250,9691,9104,9903,12899,1089,13399,15211,17193,18540
1	158	21241	8043,8250,9691,9104,9903,12899,1089,13399,15211,17193,18540,19682
1	158	23337	8043,8250,9691,9104,9903,12899,1089,13399,15211,17193,18540,19682,21241
1	158	19683	8043,8250,9691,9104,9903,12899,1089,13399,15211,17193,18540,19682,21241,23337
0	158	25052	8043,8250,9691,9104,9903,12899,1089,13399,15211,17193,18540,19682,21241,23337,19683
1	158	23453	8043,8250,9691,9104,9903,12899,1089,13399,15211,17193,18540,19682,21241,23337,19683
0	158	23483	8043,8250,9691,9104,9903,12899,1089,13399,15211,17193,18540,19682,21241,23337,19683,23453
1	158	15221	8043,8250,9691,9104,9903,12899,1089,13399,15211,17193,18540,19682,21241,23337,19683,23453
1	158	25810	8043,8250,9691,9104,9903,12899,1089,13399,15211,17193,18540,19682,21241,23337,19683,23453,15221
0	158	25169	8043,8250,9691,9104,9903,12899,1089,13399,15211,17193,18540,19682,21241,23337,19683,23453,15221,25810
1	158	15218	8043,8250,9691,9104,9903,12899,1089,13399,15211,17193,18540,19682,21241,23337,19683,23453,15221,25810
1	158	23449	8043,8250,9691,9104,9903,12899,1089,13399,15211,17193,18540,19682,21241,23337,19683,23453,15221,25810,15218
0	158	26421	8043,8250,9691,9104,9903,12899,1089,13399,15211,17193,18540,19682,21241,23337,19683,23453,15221,25810,15218,23449
0	158	24463	8043,8250,9691,9104,9903,12899,1089,13399,15211,17193,18540,19682,21241,23337,19683,23453,15221,25810,15218,23449
1	158	26393	8043,8250,9691,9104,9903,12899,1089,13399,15211,17193,18540,19682,21241,23337,19683,23453,15221,25810,15218,23449
0	158	26583	8043,8250,9691,9104,9903,12899,1089,13399,15211,17193,18540,19682,21241,23337,19683,23453,15221,25810,15218,23449,26393
1	158	26915	8043,8250,9691,9104,9903,12899,1089,13399,15211,17193,18540,19682,21241,23337,19683,23453,15221,25810,15218,23449,26393
1	158	26181	8043,8250,9691,9104,9903,12899,1089,13399,15211,17193,18540,19682,21241,23337,19683,23453,15221,25810,15218,23449,26393,26915
1	158	24748	8043,8250,9691,9104,9903,12899,1089,13399,15211,17193,18540,19682,21241,23337,19683,23453,15221,25810,15218,23449,26393,26915,26181
0	158	27393	8043,8250,9691,9104,9903,12899,1089,13399,15211,17193,18540,19682,21241,23337,19683,23453,15221,25810,15218,23449,26393,26915,26181,24748
1	158	27667	8043,8250,9691,9104,9903,12899,1089,13399,15211,17193,18540,19682,21241,23337,19683,23453,15221,25810,15218,23449,26393,26915,26181,24748
0	158	27709	8043,8250,9691,9104,9903,12899,1089,13399,15211,17193,18540,19682,21241,23337,19683,23453,15221,25810,15218,23449,26393,26915,26181,24748,27667
0	158	26822	8043,8250,9691,9104,9903,12899,1089,13399,15211,17193,18540,19682,21241,23337,19683,23453,15221,25810,15218,23449,26393,26915,26181,24748,27667
0	158	28066	8043,8250,9691,9104,9903,12899,1089,13399,15211,17193,18540,19682,21241,23337,19683,23453,15221,25810,15218,23449,26393,26915,26181,24748,27667
0	158	28177	8043,8250,9691,9104,9903,12899,1089,13399,15211,17193,18540,19682,21241,23337,19683,23453,15221,25810,15218,23449,26393,26915,26181,24748,27667
1	158	28530	8043,8250,9691,9104,9903,12899,1089,13399,15211,17193,18540,19682,21241,23337,19683,23453,15221,25810,15218,23449,26393,26915,26181,24748,27667
0	158	28428	8043,8250,9691,9104,9903,12899,1089,13399,15211,17193,18540,19682,21241,23337,19683,23453,15221,25810,15218,23449,26393,26915,26181,24748,27667,28530
1	158	10601	8043,8250,9691,9104,9903,12899,1089,13399,15211,17193,18540,19682,21241,23337,19683,23453,15221,25810,15218,23449,26393,26915,26181,24748,27667,28530
0	158	28504	8043,8250,9691,9104,9903,12899,1089,13399,15211,17193,18540,19682,21241,23337,19683,23453,15221,25810,15218,23449,26393,26915,26181,24748,27667,28530,10601
1	158	28542	8043,8250,9691,9104,9903,12899,1089,13399,15211,17193,18540,19682,21241,23337,19683,23453,15221,25810,15218,23449,26393,26915,26181,24748,27667,28530,10601
0	158	25915	8043,8250,9691,9104,9903,12899,1089,13399,15211,17193,18540,19682,21241,23337,19683,23453,15221,25810,15218,23449,26393,26915,26181,24748,27667,28530,10601,28542
1	158	27895	8043,8250,9691,9104,9903,12899,1089,13399,15211,17193,18540,19682,21241,23337,19683,23453,15221,25810,15218,23449,26393,26915,26181,24748,27667,28530,10601,28542
1	158	29129	8043,8250,9691,9104,9903,12899,1089,13399,15211,17193,18540,19682,21241,23337,19683,23453,15221,25810,15218,23449,26393,26915,26181,24748,27667,28530,10601,28542,27895
