0	1461	3022	0
1	1461	4865	0
1	1461	7501	4865
1	1461	8724	4865,7501
0	1461	9439	4865,7501,8724
0	1461	10166	4865,7501,8724
1	1461	8619	4865,7501,8724
1	1461	9462	4865,7501,8724,8619
1	1461	11473	4865,7501,8724,8619,9462
1	1461	11194	4865,7501,8724,8619,9462,11473
0	1461	12040	4865,7501,8724,8619,9462,11473,11194
0	1461	8729	4865,7501,8724,8619,9462,11473,11194
0	1461	10555	4865,7501,8724,8619,9462,11473,11194
0	1461	10906	4865,7501,8724,8619,9462,11473,11194
0	1461	12812	4865,7501,8724,8619,9462,11473,11194
0	1461	10011	4865,7501,8724,8619,9462,11473,11194
1	1461	1089	4865,7501,8724,8619,9462,11473,11194
0	1461	14642	4865,7501,8724,8619,9462,11473,11194,1089
0	1461	14949	4865,7501,8724,8619,9462,11473,11194,1089
0	1461	15954	4865,7501,8724,8619,9462,11473,11194,1089
1	1461	15858	4865,7501,8724,8619,9462,11473,11194,1089
0	1461	14495	4865,7501,8724,8619,9462,11473,11194,1089,15858
1	1461	16718	4865,7501,8724,8619,9462,11473,11194,1089,15858
1	1461	17806	4865,7501,8724,8619,9462,11473,11194,1089,15858,16718
1	1461	16449	4865,7501,8724,8619,9462,11473,11194,1089,15858,16718,17806
0	1461	18584	4865,7501,8724,8619,9462,11473,11194,1089,15858,16718,17806,16449
0	1461	19070	4865,7501,8724,8619,9462,11473,11194,1089,15858,16718,17806,16449
0	1461	18880	4865,7501,8724,8619,9462,11473,11194,1089,15858,16718,17806,16449
0	1461	18955	4865,7501,8724,8619,9462,11473,11194,1089,15858,16718,17806,16449
0	1461	17726	4865,7501,8724,8619,9462,11473,11194,1089,15858,16718,17806,16449
1	1461	6763	4865,7501,8724,8619,9462,11473,11194,1089,15858,16718,17806,16449
0	1461	20529	4865,7501,8724,8619,9462,11473,11194,1089,15858,16718,17806,16449,6763
0	1461	17181	4865,7501,8724,8619,9462,11473,11194,1089,15858,16718,17806,16449,6763
0	1461	19232	4865,7501,8724,8619,9462,11473,11194,1089,15858,16718,17806,16449,6763
0	1461	21414	4865,7501,8724,8619,9462,11473,11194,1089,15858,16718,17806,16449,6763
1	1461	17132	4865,7501,8724,8619,9462,11473,11194,1089,15858,16718,17806,16449,6763
0	1461	22109	4865,7501,8724,8619,9462,11473,11194,1089,15858,16718,17806,16449,6763,17132
1	1461	21489	4865,7501,8724,8619,9462,11473,11194,1089,15858,16718,17806,16449,6763,17132
0	1461	17676	4865,7501,8724,8619,9462,11473,11194,1089,15858,16718,17806,16449,6763,17132,21489
1	1461	14934	4865,7501,8724,8619,9462,11473,11194,1089,15858,16718,17806,16449,6763,17132,21489
0	1461	22948	4865,7501,8724,8619,9462,11473,11194,1089,15858,16718,17806,16449,6763,17132,21489,14934
0	1461	22816	4865,7501,8724,8619,9462,11473,11194,1089,15858,16718,17806,16449,6763,17132,21489,14934
0	1461	23452	4865,7501,8724,8619,9462,11473,11194,1089,15858,16718,17806,16449,6763,17132,21489,14934
0	1461	19881	4865,7501,8724,8619,9462,11473,11194,1089,15858,16718,17806,16449,6763,17132,21489,14934
0	1461	22593	4865,7501,8724,8619,9462,11473,11194,1089,15858,16718,17806,16449,6763,17132,21489,14934
0	1461	23447	4865,7501,8724,8619,9462,11473,11194,1089,15858,16718,17806,16449,6763,17132,21489,14934
1	1461	22215	4865,7501,8724,8619,9462,11473,11194,1089,15858,16718,17806,16449,6763,17132,21489,14934
0	1461	22974	4865,7501,8724,8619,9462,11473,11194,1089,15858,16718,17806,16449,6763,17132,21489,14934,22215
0	1461	24578	4865,7501,8724,8619,9462,11473,11194,1089,15858,16718,17806,16449,6763,17132,21489,14934,22215
1	1461	9967	4865,7501,8724,8619,9462,11473,11194,1089,15858,16718,17806,16449,6763,17132,21489,14934,22215
0	1461	7601	4865,7501,8724,8619,9462,11473,11194,1089,15858,16718,17806,16449,6763,17132,21489,14934,22215,9967
1	1461	19655	4865,7501,8724,8619,9462,11473,11194,1089,15858,16718,17806,16449,6763,17132,21489,14934,22215,9967
0	1461	23780	4865,7501,8724,8619,9462,11473,11194,1089,15858,16718,17806,16449,6763,17132,21489,14934,22215,9967,19655
0	1461	23453	4865,7501,8724,8619,9462,11473,11194,1089,15858,16718,17806,16449,6763,17132,21489,14934,22215,9967,19655
0	1461	25658	4865,7501,8724,8619,9462,11473,11194,1089,15858,16718,17806,16449,6763,17132,21489,14934,22215,9967,19655
0	1461	19899	4865,7501,8724,8619,9462,11473,11194,1089,15858,16718,17806,16449,6763,17132,21489,14934,22215,9967,19655
0	1461	23768	4865,7501,8724,8619,9462,11473,11194,1089,15858,16718,17806,16449,6763,17132,21489,14934,22215,9967,19655
0	1461	25218	4865,7501,8724,8619,9462,11473,11194,1089,15858,16718,17806,16449,6763,17132,21489,14934,22215,9967,19655
1	1461	27586	4865,7501,8724,8619,9462,11473,11194,1089,15858,16718,17806,16449,6763,17132,21489,14934,22215,9967,19655
1	1461	16886	4865,7501,8724,8619,9462,11473,11194,1089,15858,16718,17806,16449,6763,17132,21489,14934,22215,9967,19655,27586
1	1461	21714	4865,7501,8724,8619,9462,11473,11194,1089,15858,16718,17806,16449,6763,17132,21489,14934,22215,9967,19655,27586,16886
0	1461	24048	4865,7501,8724,8619,9462,11473,11194,1089,15858,16718,17806,16449,6763,17132,21489,14934,22215,9967,19655,27586,16886,21714
0	1461	28161	4865,7501,8724,8619,9462,11473,11194,1089,15858,16718,17806,16449,6763,17132,21489,14934,22215,9967,19655,27586,16886,21714
0	1461	24631	4865,7501,8724,8619,9462,11473,11194,1089,15858,16718,17806,16449,6763,17132,21489,14934,22215,9967,19655,27586,16886,21714
0	1461	28208	4865,7501,8724,8619,9462,11473,11194,1089,15858,16718,17806,16449,6763,17132,21489,14934,22215,9967,19655,27586,16886,21714
1	1461	28209	4865,7501,8724,8619,9462,11473,11194,1089,15858,16718,17806,16449,6763,17132,21489,14934,22215,9967,19655,27586,16886,21714
1	1461	14609	4865,7501,8724,8619,9462,11473,11194,1089,15858,16718,17806,16449,6763,17132,21489,14934,22215,9967,19655,27586,16886,21714,28209
0	1461	26516	4865,7501,8724,8619,9462,11473,11194,1089,15858,16718,17806,16449,6763,17132,21489,14934,22215,9967,19655,27586,16886,21714,28209,14609
0	1461	28207	4865,7501,8724,8619,9462,11473,11194,1089,15858,16718,17806,16449,6763,17132,21489,14934,22215,9967,19655,27586,16886,21714,28209,14609
1	1461	27987	4865,7501,8724,8619,9462,11473,11194,1089,15858,16718,17806,16449,6763,17132,21489,14934,22215,9967,19655,27586,16886,21714,28209,14609
0	1461	26781	4865,7501,8724,8619,9462,11473,11194,1089,15858,16718,17806,16449,6763,17132,21489,14934,22215,9967,19655,27586,16886,21714,28209,14609,27987
0	1461	18397	4865,7501,8724,8619,9462,11473,11194,1089,15858,16718,17806,16449,6763,17132,21489,14934,22215,9967,19655,27586,16886,21714,28209,14609,27987
0	1461	28475	4865,7501,8724,8619,9462,11473,11194,1089,15858,16718,17806,16449,6763,17132,21489,14934,22215,9967,19655,27586,16886,21714,28209,14609,27987
0	1461	29692	4865,7501,8724,8619,9462,11473,11194,1089,15858,16718,17806,16449,6763,17132,21489,14934,22215,9967,19655,27586,16886,21714,28209,14609,27987
