1	1709	31565	0
0	1709	5354	31565
1	1709	16414	31565
0	1709	7451	31565,16414
0	1709	24499	31565,16414
1	1709	31398	31565,16414
0	1709	2107	31565,16414,31398
1	1709	1156	31565,16414,31398
0	1709	2125	31565,16414,31398,1156
1	1709	5358	31565,16414,31398,1156
0	1709	8514	31565,16414,31398,1156,5358
0	1709	7711	31565,16414,31398,1156,5358
1	1709	9487	31565,16414,31398,1156,5358
0	1709	10253	31565,16414,31398,1156,5358,9487
1	1709	8960	31565,16414,31398,1156,5358,9487
0	1709	11947	31565,16414,31398,1156,5358,9487,8960
0	1709	15280	31565,16414,31398,1156,5358,9487,8960
0	1709	16015	31565,16414,31398,1156,5358,9487,8960
0	1709	15674	31565,16414,31398,1156,5358,9487,8960
1	1709	16753	31565,16414,31398,1156,5358,9487,8960
0	1709	17130	31565,16414,31398,1156,5358,9487,8960,16753
0	1709	10379	31565,16414,31398,1156,5358,9487,8960,16753
1	1709	18353	31565,16414,31398,1156,5358,9487,8960,16753
0	1709	15015	31565,16414,31398,1156,5358,9487,8960,16753,18353
1	1709	18277	31565,16414,31398,1156,5358,9487,8960,16753,18353
0	1709	20711	31565,16414,31398,1156,5358,9487,8960,16753,18353,18277
0	1709	20980	31565,16414,31398,1156,5358,9487,8960,16753,18353,18277
0	1709	21846	31565,16414,31398,1156,5358,9487,8960,16753,18353,18277
1	1709	23447	31565,16414,31398,1156,5358,9487,8960,16753,18353,18277
0	1709	21574	31565,16414,31398,1156,5358,9487,8960,16753,18353,18277,23447
0	1709	19881	31565,16414,31398,1156,5358,9487,8960,16753,18353,18277,23447
0	1709	8241	31565,16414,31398,1156,5358,9487,8960,16753,18353,18277,23447
0	1709	24728	31565,16414,31398,1156,5358,9487,8960,16753,18353,18277,23447
0	1709	24196	31565,16414,31398,1156,5358,9487,8960,16753,18353,18277,23447
0	1709	7747	31565,16414,31398,1156,5358,9487,8960,16753,18353,18277,23447
0	1709	25169	31565,16414,31398,1156,5358,9487,8960,16753,18353,18277,23447
0	1709	10877	31565,16414,31398,1156,5358,9487,8960,16753,18353,18277,23447
0	1709	27297	31565,16414,31398,1156,5358,9487,8960,16753,18353,18277,23447
0	1709	9647	31565,16414,31398,1156,5358,9487,8960,16753,18353,18277,23447
0	1709	28161	31565,16414,31398,1156,5358,9487,8960,16753,18353,18277,23447
0	1709	28973	31565,16414,31398,1156,5358,9487,8960,16753,18353,18277,23447
1	1709	26781	31565,16414,31398,1156,5358,9487,8960,16753,18353,18277,23447
0	1709	16413	31565,16414,31398,1156,5358,9487,8960,16753,18353,18277,23447,26781
