1	1633	25678	0
0	1633	4152	25678
0	1633	665	25678
0	1633	5580	25678
1	1633	9586	25678
1	1633	8923	25678,9586
0	1633	3554	25678,9586,8923
1	1633	10318	25678,9586,8923
1	1633	12899	25678,9586,8923,10318
0	1633	6285	25678,9586,8923,10318,12899
0	1633	1408	25678,9586,8923,10318,12899
1	1633	11420	25678,9586,8923,10318,12899
0	1633	14014	25678,9586,8923,10318,12899,11420
1	1633	14453	25678,9586,8923,10318,12899,11420
0	1633	13426	25678,9586,8923,10318,12899,11420,14453
1	1633	12442	25678,9586,8923,10318,12899,11420,14453
1	1633	9703	25678,9586,8923,10318,12899,11420,14453,12442
1	1633	14497	25678,9586,8923,10318,12899,11420,14453,12442,9703
0	1633	9839	25678,9586,8923,10318,12899,11420,14453,12442,9703,14497
1	1633	6399	25678,9586,8923,10318,12899,11420,14453,12442,9703,14497
1	1633	10644	25678,9586,8923,10318,12899,11420,14453,12442,9703,14497,6399
1	1633	4780	25678,9586,8923,10318,12899,11420,14453,12442,9703,14497,6399,10644
1	1633	15523	25678,9586,8923,10318,12899,11420,14453,12442,9703,14497,6399,10644,4780
1	1633	16017	25678,9586,8923,10318,12899,11420,14453,12442,9703,14497,6399,10644,4780,15523
0	1633	15753	25678,9586,8923,10318,12899,11420,14453,12442,9703,14497,6399,10644,4780,15523,16017
0	1633	18533	25678,9586,8923,10318,12899,11420,14453,12442,9703,14497,6399,10644,4780,15523,16017
1	1633	8663	25678,9586,8923,10318,12899,11420,14453,12442,9703,14497,6399,10644,4780,15523,16017
1	1633	4926	25678,9586,8923,10318,12899,11420,14453,12442,9703,14497,6399,10644,4780,15523,16017,8663
1	1633	13217	25678,9586,8923,10318,12899,11420,14453,12442,9703,14497,6399,10644,4780,15523,16017,8663,4926
1	1633	15147	25678,9586,8923,10318,12899,11420,14453,12442,9703,14497,6399,10644,4780,15523,16017,8663,4926,13217
1	1633	19615	25678,9586,8923,10318,12899,11420,14453,12442,9703,14497,6399,10644,4780,15523,16017,8663,4926,13217,15147
1	1633	19809	25678,9586,8923,10318,12899,11420,14453,12442,9703,14497,6399,10644,4780,15523,16017,8663,4926,13217,15147,19615
1	1633	19670	25678,9586,8923,10318,12899,11420,14453,12442,9703,14497,6399,10644,4780,15523,16017,8663,4926,13217,15147,19615,19809
0	1633	19176	25678,9586,8923,10318,12899,11420,14453,12442,9703,14497,6399,10644,4780,15523,16017,8663,4926,13217,15147,19615,19809,19670
1	1633	20066	25678,9586,8923,10318,12899,11420,14453,12442,9703,14497,6399,10644,4780,15523,16017,8663,4926,13217,15147,19615,19809,19670
1	1633	20068	25678,9586,8923,10318,12899,11420,14453,12442,9703,14497,6399,10644,4780,15523,16017,8663,4926,13217,15147,19615,19809,19670,20066
1	1633	20069	25678,9586,8923,10318,12899,11420,14453,12442,9703,14497,6399,10644,4780,15523,16017,8663,4926,13217,15147,19615,19809,19670,20066,20068
1	1633	19760	25678,9586,8923,10318,12899,11420,14453,12442,9703,14497,6399,10644,4780,15523,16017,8663,4926,13217,15147,19615,19809,19670,20066,20068,20069
1	1633	18822	25678,9586,8923,10318,12899,11420,14453,12442,9703,14497,6399,10644,4780,15523,16017,8663,4926,13217,15147,19615,19809,19670,20066,20068,20069,19760
1	1633	3203	25678,9586,8923,10318,12899,11420,14453,12442,9703,14497,6399,10644,4780,15523,16017,8663,4926,13217,15147,19615,19809,19670,20066,20068,20069,19760,18822
1	1633	9329	25678,9586,8923,10318,12899,11420,14453,12442,9703,14497,6399,10644,4780,15523,16017,8663,4926,13217,15147,19615,19809,19670,20066,20068,20069,19760,18822,3203
1	1633	11869	25678,9586,8923,10318,12899,11420,14453,12442,9703,14497,6399,10644,4780,15523,16017,8663,4926,13217,15147,19615,19809,19670,20066,20068,20069,19760,18822,3203,9329
0	1633	1643	25678,9586,8923,10318,12899,11420,14453,12442,9703,14497,6399,10644,4780,15523,16017,8663,4926,13217,15147,19615,19809,19670,20066,20068,20069,19760,18822,3203,9329,11869
0	1633	20222	25678,9586,8923,10318,12899,11420,14453,12442,9703,14497,6399,10644,4780,15523,16017,8663,4926,13217,15147,19615,19809,19670,20066,20068,20069,19760,18822,3203,9329,11869
1	1633	15177	25678,9586,8923,10318,12899,11420,14453,12442,9703,14497,6399,10644,4780,15523,16017,8663,4926,13217,15147,19615,19809,19670,20066,20068,20069,19760,18822,3203,9329,11869
0	1633	7558	25678,9586,8923,10318,12899,11420,14453,12442,9703,14497,6399,10644,4780,15523,16017,8663,4926,13217,15147,19615,19809,19670,20066,20068,20069,19760,18822,3203,9329,11869,15177
1	1633	13824	25678,9586,8923,10318,12899,11420,14453,12442,9703,14497,6399,10644,4780,15523,16017,8663,4926,13217,15147,19615,19809,19670,20066,20068,20069,19760,18822,3203,9329,11869,15177
1	1633	21063	25678,9586,8923,10318,12899,11420,14453,12442,9703,14497,6399,10644,4780,15523,16017,8663,4926,13217,15147,19615,19809,19670,20066,20068,20069,19760,18822,3203,9329,11869,15177,13824
1	1633	4208	25678,9586,8923,10318,12899,11420,14453,12442,9703,14497,6399,10644,4780,15523,16017,8663,4926,13217,15147,19615,19809,19670,20066,20068,20069,19760,18822,3203,9329,11869,15177,13824,21063
1	1633	18193	25678,9586,8923,10318,12899,11420,14453,12442,9703,14497,6399,10644,4780,15523,16017,8663,4926,13217,15147,19615,19809,19670,20066,20068,20069,19760,18822,3203,9329,11869,15177,13824,21063,4208
0	1633	9729	25678,9586,8923,10318,12899,11420,14453,12442,9703,14497,6399,10644,4780,15523,16017,8663,4926,13217,15147,19615,19809,19670,20066,20068,20069,19760,18822,3203,9329,11869,15177,13824,21063,4208,18193
1	1633	12958	25678,9586,8923,10318,12899,11420,14453,12442,9703,14497,6399,10644,4780,15523,16017,8663,4926,13217,15147,19615,19809,19670,20066,20068,20069,19760,18822,3203,9329,11869,15177,13824,21063,4208,18193
1	1633	22581	25678,9586,8923,10318,12899,11420,14453,12442,9703,14497,6399,10644,4780,15523,16017,8663,4926,13217,15147,19615,19809,19670,20066,20068,20069,19760,18822,3203,9329,11869,15177,13824,21063,4208,18193,12958
0	1633	6410	25678,9586,8923,10318,12899,11420,14453,12442,9703,14497,6399,10644,4780,15523,16017,8663,4926,13217,15147,19615,19809,19670,20066,20068,20069,19760,18822,3203,9329,11869,15177,13824,21063,4208,18193,12958,22581
0	1633	22276	25678,9586,8923,10318,12899,11420,14453,12442,9703,14497,6399,10644,4780,15523,16017,8663,4926,13217,15147,19615,19809,19670,20066,20068,20069,19760,18822,3203,9329,11869,15177,13824,21063,4208,18193,12958,22581
1	1633	23491	25678,9586,8923,10318,12899,11420,14453,12442,9703,14497,6399,10644,4780,15523,16017,8663,4926,13217,15147,19615,19809,19670,20066,20068,20069,19760,18822,3203,9329,11869,15177,13824,21063,4208,18193,12958,22581
0	1633	5549	25678,9586,8923,10318,12899,11420,14453,12442,9703,14497,6399,10644,4780,15523,16017,8663,4926,13217,15147,19615,19809,19670,20066,20068,20069,19760,18822,3203,9329,11869,15177,13824,21063,4208,18193,12958,22581,23491
0	1633	8289	25678,9586,8923,10318,12899,11420,14453,12442,9703,14497,6399,10644,4780,15523,16017,8663,4926,13217,15147,19615,19809,19670,20066,20068,20069,19760,18822,3203,9329,11869,15177,13824,21063,4208,18193,12958,22581,23491
0	1633	15219	25678,9586,8923,10318,12899,11420,14453,12442,9703,14497,6399,10644,4780,15523,16017,8663,4926,13217,15147,19615,19809,19670,20066,20068,20069,19760,18822,3203,9329,11869,15177,13824,21063,4208,18193,12958,22581,23491
0	1633	21830	25678,9586,8923,10318,12899,11420,14453,12442,9703,14497,6399,10644,4780,15523,16017,8663,4926,13217,15147,19615,19809,19670,20066,20068,20069,19760,18822,3203,9329,11869,15177,13824,21063,4208,18193,12958,22581,23491
1	1633	24191	25678,9586,8923,10318,12899,11420,14453,12442,9703,14497,6399,10644,4780,15523,16017,8663,4926,13217,15147,19615,19809,19670,20066,20068,20069,19760,18822,3203,9329,11869,15177,13824,21063,4208,18193,12958,22581,23491
0	1633	25403	25678,9586,8923,10318,12899,11420,14453,12442,9703,14497,6399,10644,4780,15523,16017,8663,4926,13217,15147,19615,19809,19670,20066,20068,20069,19760,18822,3203,9329,11869,15177,13824,21063,4208,18193,12958,22581,23491,24191
1	1633	25778	25678,9586,8923,10318,12899,11420,14453,12442,9703,14497,6399,10644,4780,15523,16017,8663,4926,13217,15147,19615,19809,19670,20066,20068,20069,19760,18822,3203,9329,11869,15177,13824,21063,4208,18193,12958,22581,23491,24191
0	1633	24784	25678,9586,8923,10318,12899,11420,14453,12442,9703,14497,6399,10644,4780,15523,16017,8663,4926,13217,15147,19615,19809,19670,20066,20068,20069,19760,18822,3203,9329,11869,15177,13824,21063,4208,18193,12958,22581,23491,24191,25778
0	1633	24731	25678,9586,8923,10318,12899,11420,14453,12442,9703,14497,6399,10644,4780,15523,16017,8663,4926,13217,15147,19615,19809,19670,20066,20068,20069,19760,18822,3203,9329,11869,15177,13824,21063,4208,18193,12958,22581,23491,24191,25778
1	1633	25377	25678,9586,8923,10318,12899,11420,14453,12442,9703,14497,6399,10644,4780,15523,16017,8663,4926,13217,15147,19615,19809,19670,20066,20068,20069,19760,18822,3203,9329,11869,15177,13824,21063,4208,18193,12958,22581,23491,24191,25778
1	1633	25397	25678,9586,8923,10318,12899,11420,14453,12442,9703,14497,6399,10644,4780,15523,16017,8663,4926,13217,15147,19615,19809,19670,20066,20068,20069,19760,18822,3203,9329,11869,15177,13824,21063,4208,18193,12958,22581,23491,24191,25778,25377
0	1633	16681	25678,9586,8923,10318,12899,11420,14453,12442,9703,14497,6399,10644,4780,15523,16017,8663,4926,13217,15147,19615,19809,19670,20066,20068,20069,19760,18822,3203,9329,11869,15177,13824,21063,4208,18193,12958,22581,23491,24191,25778,25377,25397
1	1633	25439	25678,9586,8923,10318,12899,11420,14453,12442,9703,14497,6399,10644,4780,15523,16017,8663,4926,13217,15147,19615,19809,19670,20066,20068,20069,19760,18822,3203,9329,11869,15177,13824,21063,4208,18193,12958,22581,23491,24191,25778,25377,25397
1	1633	16154	25678,9586,8923,10318,12899,11420,14453,12442,9703,14497,6399,10644,4780,15523,16017,8663,4926,13217,15147,19615,19809,19670,20066,20068,20069,19760,18822,3203,9329,11869,15177,13824,21063,4208,18193,12958,22581,23491,24191,25778,25377,25397,25439
1	1633	25459	25678,9586,8923,10318,12899,11420,14453,12442,9703,14497,6399,10644,4780,15523,16017,8663,4926,13217,15147,19615,19809,19670,20066,20068,20069,19760,18822,3203,9329,11869,15177,13824,21063,4208,18193,12958,22581,23491,24191,25778,25377,25397,25439,16154
1	1633	25775	25678,9586,8923,10318,12899,11420,14453,12442,9703,14497,6399,10644,4780,15523,16017,8663,4926,13217,15147,19615,19809,19670,20066,20068,20069,19760,18822,3203,9329,11869,15177,13824,21063,4208,18193,12958,22581,23491,24191,25778,25377,25397,25439,16154,25459
1	1633	15221	25678,9586,8923,10318,12899,11420,14453,12442,9703,14497,6399,10644,4780,15523,16017,8663,4926,13217,15147,19615,19809,19670,20066,20068,20069,19760,18822,3203,9329,11869,15177,13824,21063,4208,18193,12958,22581,23491,24191,25778,25377,25397,25439,16154,25459,25775
0	1633	12401	25678,9586,8923,10318,12899,11420,14453,12442,9703,14497,6399,10644,4780,15523,16017,8663,4926,13217,15147,19615,19809,19670,20066,20068,20069,19760,18822,3203,9329,11869,15177,13824,21063,4208,18193,12958,22581,23491,24191,25778,25377,25397,25439,16154,25459,25775,15221
1	1633	12128	25678,9586,8923,10318,12899,11420,14453,12442,9703,14497,6399,10644,4780,15523,16017,8663,4926,13217,15147,19615,19809,19670,20066,20068,20069,19760,18822,3203,9329,11869,15177,13824,21063,4208,18193,12958,22581,23491,24191,25778,25377,25397,25439,16154,25459,25775,15221
1	1633	25379	25678,9586,8923,10318,12899,11420,14453,12442,9703,14497,6399,10644,4780,15523,16017,8663,4926,13217,15147,19615,19809,19670,20066,20068,20069,19760,18822,3203,9329,11869,15177,13824,21063,4208,18193,12958,22581,23491,24191,25778,25377,25397,25439,16154,25459,25775,15221,12128
0	1633	24786	25678,9586,8923,10318,12899,11420,14453,12442,9703,14497,6399,10644,4780,15523,16017,8663,4926,13217,15147,19615,19809,19670,20066,20068,20069,19760,18822,3203,9329,11869,15177,13824,21063,4208,18193,12958,22581,23491,24191,25778,25377,25397,25439,16154,25459,25775,15221,12128,25379
0	1633	24795	25678,9586,8923,10318,12899,11420,14453,12442,9703,14497,6399,10644,4780,15523,16017,8663,4926,13217,15147,19615,19809,19670,20066,20068,20069,19760,18822,3203,9329,11869,15177,13824,21063,4208,18193,12958,22581,23491,24191,25778,25377,25397,25439,16154,25459,25775,15221,12128,25379
1	1633	24787	25678,9586,8923,10318,12899,11420,14453,12442,9703,14497,6399,10644,4780,15523,16017,8663,4926,13217,15147,19615,19809,19670,20066,20068,20069,19760,18822,3203,9329,11869,15177,13824,21063,4208,18193,12958,22581,23491,24191,25778,25377,25397,25439,16154,25459,25775,15221,12128,25379
0	1633	24729	25678,9586,8923,10318,12899,11420,14453,12442,9703,14497,6399,10644,4780,15523,16017,8663,4926,13217,15147,19615,19809,19670,20066,20068,20069,19760,18822,3203,9329,11869,15177,13824,21063,4208,18193,12958,22581,23491,24191,25778,25377,25397,25439,16154,25459,25775,15221,12128,25379,24787
1	1633	24730	25678,9586,8923,10318,12899,11420,14453,12442,9703,14497,6399,10644,4780,15523,16017,8663,4926,13217,15147,19615,19809,19670,20066,20068,20069,19760,18822,3203,9329,11869,15177,13824,21063,4208,18193,12958,22581,23491,24191,25778,25377,25397,25439,16154,25459,25775,15221,12128,25379,24787
0	1633	25227	25678,9586,8923,10318,12899,11420,14453,12442,9703,14497,6399,10644,4780,15523,16017,8663,4926,13217,15147,19615,19809,19670,20066,20068,20069,19760,18822,3203,9329,11869,15177,13824,21063,4208,18193,12958,22581,23491,24191,25778,25377,25397,25439,16154,25459,25775,15221,12128,25379,24787,24730
1	1633	24727	25678,9586,8923,10318,12899,11420,14453,12442,9703,14497,6399,10644,4780,15523,16017,8663,4926,13217,15147,19615,19809,19670,20066,20068,20069,19760,18822,3203,9329,11869,15177,13824,21063,4208,18193,12958,22581,23491,24191,25778,25377,25397,25439,16154,25459,25775,15221,12128,25379,24787,24730
0	1633	24196	25678,9586,8923,10318,12899,11420,14453,12442,9703,14497,6399,10644,4780,15523,16017,8663,4926,13217,15147,19615,19809,19670,20066,20068,20069,19760,18822,3203,9329,11869,15177,13824,21063,4208,18193,12958,22581,23491,24191,25778,25377,25397,25439,16154,25459,25775,15221,12128,25379,24787,24730,24727
1	1633	8282	25678,9586,8923,10318,12899,11420,14453,12442,9703,14497,6399,10644,4780,15523,16017,8663,4926,13217,15147,19615,19809,19670,20066,20068,20069,19760,18822,3203,9329,11869,15177,13824,21063,4208,18193,12958,22581,23491,24191,25778,25377,25397,25439,16154,25459,25775,15221,12128,25379,24787,24730,24727
0	1633	24792	25678,9586,8923,10318,12899,11420,14453,12442,9703,14497,6399,10644,4780,15523,16017,8663,4926,13217,15147,19615,19809,19670,20066,20068,20069,19760,18822,3203,9329,11869,15177,13824,21063,4208,18193,12958,22581,23491,24191,25778,25377,25397,25439,16154,25459,25775,15221,12128,25379,24787,24730,24727,8282
1	1633	24902	25678,9586,8923,10318,12899,11420,14453,12442,9703,14497,6399,10644,4780,15523,16017,8663,4926,13217,15147,19615,19809,19670,20066,20068,20069,19760,18822,3203,9329,11869,15177,13824,21063,4208,18193,12958,22581,23491,24191,25778,25377,25397,25439,16154,25459,25775,15221,12128,25379,24787,24730,24727,8282
0	1633	25994	25678,9586,8923,10318,12899,11420,14453,12442,9703,14497,6399,10644,4780,15523,16017,8663,4926,13217,15147,19615,19809,19670,20066,20068,20069,19760,18822,3203,9329,11869,15177,13824,21063,4208,18193,12958,22581,23491,24191,25778,25377,25397,25439,16154,25459,25775,15221,12128,25379,24787,24730,24727,8282,24902
0	1633	25250	25678,9586,8923,10318,12899,11420,14453,12442,9703,14497,6399,10644,4780,15523,16017,8663,4926,13217,15147,19615,19809,19670,20066,20068,20069,19760,18822,3203,9329,11869,15177,13824,21063,4208,18193,12958,22581,23491,24191,25778,25377,25397,25439,16154,25459,25775,15221,12128,25379,24787,24730,24727,8282,24902
1	1633	27304	25678,9586,8923,10318,12899,11420,14453,12442,9703,14497,6399,10644,4780,15523,16017,8663,4926,13217,15147,19615,19809,19670,20066,20068,20069,19760,18822,3203,9329,11869,15177,13824,21063,4208,18193,12958,22581,23491,24191,25778,25377,25397,25439,16154,25459,25775,15221,12128,25379,24787,24730,24727,8282,24902
0	1633	25248	25678,9586,8923,10318,12899,11420,14453,12442,9703,14497,6399,10644,4780,15523,16017,8663,4926,13217,15147,19615,19809,19670,20066,20068,20069,19760,18822,3203,9329,11869,15177,13824,21063,4208,18193,12958,22581,23491,24191,25778,25377,25397,25439,16154,25459,25775,15221,12128,25379,24787,24730,24727,8282,24902,27304
0	1633	26323	25678,9586,8923,10318,12899,11420,14453,12442,9703,14497,6399,10644,4780,15523,16017,8663,4926,13217,15147,19615,19809,19670,20066,20068,20069,19760,18822,3203,9329,11869,15177,13824,21063,4208,18193,12958,22581,23491,24191,25778,25377,25397,25439,16154,25459,25775,15221,12128,25379,24787,24730,24727,8282,24902,27304
0	1633	26326	25678,9586,8923,10318,12899,11420,14453,12442,9703,14497,6399,10644,4780,15523,16017,8663,4926,13217,15147,19615,19809,19670,20066,20068,20069,19760,18822,3203,9329,11869,15177,13824,21063,4208,18193,12958,22581,23491,24191,25778,25377,25397,25439,16154,25459,25775,15221,12128,25379,24787,24730,24727,8282,24902,27304
1	1633	25817	25678,9586,8923,10318,12899,11420,14453,12442,9703,14497,6399,10644,4780,15523,16017,8663,4926,13217,15147,19615,19809,19670,20066,20068,20069,19760,18822,3203,9329,11869,15177,13824,21063,4208,18193,12958,22581,23491,24191,25778,25377,25397,25439,16154,25459,25775,15221,12128,25379,24787,24730,24727,8282,24902,27304
0	1633	25409	25678,9586,8923,10318,12899,11420,14453,12442,9703,14497,6399,10644,4780,15523,16017,8663,4926,13217,15147,19615,19809,19670,20066,20068,20069,19760,18822,3203,9329,11869,15177,13824,21063,4208,18193,12958,22581,23491,24191,25778,25377,25397,25439,16154,25459,25775,15221,12128,25379,24787,24730,24727,8282,24902,27304,25817
0	1633	17167	25678,9586,8923,10318,12899,11420,14453,12442,9703,14497,6399,10644,4780,15523,16017,8663,4926,13217,15147,19615,19809,19670,20066,20068,20069,19760,18822,3203,9329,11869,15177,13824,21063,4208,18193,12958,22581,23491,24191,25778,25377,25397,25439,16154,25459,25775,15221,12128,25379,24787,24730,24727,8282,24902,27304,25817
1	1633	27550	25678,9586,8923,10318,12899,11420,14453,12442,9703,14497,6399,10644,4780,15523,16017,8663,4926,13217,15147,19615,19809,19670,20066,20068,20069,19760,18822,3203,9329,11869,15177,13824,21063,4208,18193,12958,22581,23491,24191,25778,25377,25397,25439,16154,25459,25775,15221,12128,25379,24787,24730,24727,8282,24902,27304,25817
1	1633	26431	25678,9586,8923,10318,12899,11420,14453,12442,9703,14497,6399,10644,4780,15523,16017,8663,4926,13217,15147,19615,19809,19670,20066,20068,20069,19760,18822,3203,9329,11869,15177,13824,21063,4208,18193,12958,22581,23491,24191,25778,25377,25397,25439,16154,25459,25775,15221,12128,25379,24787,24730,24727,8282,24902,27304,25817,27550
1	1633	25845	25678,9586,8923,10318,12899,11420,14453,12442,9703,14497,6399,10644,4780,15523,16017,8663,4926,13217,15147,19615,19809,19670,20066,20068,20069,19760,18822,3203,9329,11869,15177,13824,21063,4208,18193,12958,22581,23491,24191,25778,25377,25397,25439,16154,25459,25775,15221,12128,25379,24787,24730,24727,8282,24902,27304,25817,27550,26431
0	1633	19185	25678,9586,8923,10318,12899,11420,14453,12442,9703,14497,6399,10644,4780,15523,16017,8663,4926,13217,15147,19615,19809,19670,20066,20068,20069,19760,18822,3203,9329,11869,15177,13824,21063,4208,18193,12958,22581,23491,24191,25778,25377,25397,25439,16154,25459,25775,15221,12128,25379,24787,24730,24727,8282,24902,27304,25817,27550,26431,25845
1	1633	25838	25678,9586,8923,10318,12899,11420,14453,12442,9703,14497,6399,10644,4780,15523,16017,8663,4926,13217,15147,19615,19809,19670,20066,20068,20069,19760,18822,3203,9329,11869,15177,13824,21063,4208,18193,12958,22581,23491,24191,25778,25377,25397,25439,16154,25459,25775,15221,12128,25379,24787,24730,24727,8282,24902,27304,25817,27550,26431,25845
0	1633	23189	25678,9586,8923,10318,12899,11420,14453,12442,9703,14497,6399,10644,4780,15523,16017,8663,4926,13217,15147,19615,19809,19670,20066,20068,20069,19760,18822,3203,9329,11869,15177,13824,21063,4208,18193,12958,22581,23491,24191,25778,25377,25397,25439,16154,25459,25775,15221,12128,25379,24787,24730,24727,8282,24902,27304,25817,27550,26431,25845,25838
1	1633	27586	25678,9586,8923,10318,12899,11420,14453,12442,9703,14497,6399,10644,4780,15523,16017,8663,4926,13217,15147,19615,19809,19670,20066,20068,20069,19760,18822,3203,9329,11869,15177,13824,21063,4208,18193,12958,22581,23491,24191,25778,25377,25397,25439,16154,25459,25775,15221,12128,25379,24787,24730,24727,8282,24902,27304,25817,27550,26431,25845,25838
0	1633	25847	25678,9586,8923,10318,12899,11420,14453,12442,9703,14497,6399,10644,4780,15523,16017,8663,4926,13217,15147,19615,19809,19670,20066,20068,20069,19760,18822,3203,9329,11869,15177,13824,21063,4208,18193,12958,22581,23491,24191,25778,25377,25397,25439,16154,25459,25775,15221,12128,25379,24787,24730,24727,8282,24902,27304,25817,27550,26431,25845,25838,27586
1	1633	26973	25678,9586,8923,10318,12899,11420,14453,12442,9703,14497,6399,10644,4780,15523,16017,8663,4926,13217,15147,19615,19809,19670,20066,20068,20069,19760,18822,3203,9329,11869,15177,13824,21063,4208,18193,12958,22581,23491,24191,25778,25377,25397,25439,16154,25459,25775,15221,12128,25379,24787,24730,24727,8282,24902,27304,25817,27550,26431,25845,25838,27586
1	1633	27624	25678,9586,8923,10318,12899,11420,14453,12442,9703,14497,6399,10644,4780,15523,16017,8663,4926,13217,15147,19615,19809,19670,20066,20068,20069,19760,18822,3203,9329,11869,15177,13824,21063,4208,18193,12958,22581,23491,24191,25778,25377,25397,25439,16154,25459,25775,15221,12128,25379,24787,24730,24727,8282,24902,27304,25817,27550,26431,25845,25838,27586,26973
0	1633	27625	25678,9586,8923,10318,12899,11420,14453,12442,9703,14497,6399,10644,4780,15523,16017,8663,4926,13217,15147,19615,19809,19670,20066,20068,20069,19760,18822,3203,9329,11869,15177,13824,21063,4208,18193,12958,22581,23491,24191,25778,25377,25397,25439,16154,25459,25775,15221,12128,25379,24787,24730,24727,8282,24902,27304,25817,27550,26431,25845,25838,27586,26973,27624
1	1633	7241	25678,9586,8923,10318,12899,11420,14453,12442,9703,14497,6399,10644,4780,15523,16017,8663,4926,13217,15147,19615,19809,19670,20066,20068,20069,19760,18822,3203,9329,11869,15177,13824,21063,4208,18193,12958,22581,23491,24191,25778,25377,25397,25439,16154,25459,25775,15221,12128,25379,24787,24730,24727,8282,24902,27304,25817,27550,26431,25845,25838,27586,26973,27624
0	1633	24889	25678,9586,8923,10318,12899,11420,14453,12442,9703,14497,6399,10644,4780,15523,16017,8663,4926,13217,15147,19615,19809,19670,20066,20068,20069,19760,18822,3203,9329,11869,15177,13824,21063,4208,18193,12958,22581,23491,24191,25778,25377,25397,25439,16154,25459,25775,15221,12128,25379,24787,24730,24727,8282,24902,27304,25817,27550,26431,25845,25838,27586,26973,27624,7241
0	1633	26776	25678,9586,8923,10318,12899,11420,14453,12442,9703,14497,6399,10644,4780,15523,16017,8663,4926,13217,15147,19615,19809,19670,20066,20068,20069,19760,18822,3203,9329,11869,15177,13824,21063,4208,18193,12958,22581,23491,24191,25778,25377,25397,25439,16154,25459,25775,15221,12128,25379,24787,24730,24727,8282,24902,27304,25817,27550,26431,25845,25838,27586,26973,27624,7241
1	1633	23143	25678,9586,8923,10318,12899,11420,14453,12442,9703,14497,6399,10644,4780,15523,16017,8663,4926,13217,15147,19615,19809,19670,20066,20068,20069,19760,18822,3203,9329,11869,15177,13824,21063,4208,18193,12958,22581,23491,24191,25778,25377,25397,25439,16154,25459,25775,15221,12128,25379,24787,24730,24727,8282,24902,27304,25817,27550,26431,25845,25838,27586,26973,27624,7241
0	1633	27613	25678,9586,8923,10318,12899,11420,14453,12442,9703,14497,6399,10644,4780,15523,16017,8663,4926,13217,15147,19615,19809,19670,20066,20068,20069,19760,18822,3203,9329,11869,15177,13824,21063,4208,18193,12958,22581,23491,24191,25778,25377,25397,25439,16154,25459,25775,15221,12128,25379,24787,24730,24727,8282,24902,27304,25817,27550,26431,25845,25838,27586,26973,27624,7241,23143
0	1633	27995	25678,9586,8923,10318,12899,11420,14453,12442,9703,14497,6399,10644,4780,15523,16017,8663,4926,13217,15147,19615,19809,19670,20066,20068,20069,19760,18822,3203,9329,11869,15177,13824,21063,4208,18193,12958,22581,23491,24191,25778,25377,25397,25439,16154,25459,25775,15221,12128,25379,24787,24730,24727,8282,24902,27304,25817,27550,26431,25845,25838,27586,26973,27624,7241,23143
1	1633	26401	25678,9586,8923,10318,12899,11420,14453,12442,9703,14497,6399,10644,4780,15523,16017,8663,4926,13217,15147,19615,19809,19670,20066,20068,20069,19760,18822,3203,9329,11869,15177,13824,21063,4208,18193,12958,22581,23491,24191,25778,25377,25397,25439,16154,25459,25775,15221,12128,25379,24787,24730,24727,8282,24902,27304,25817,27550,26431,25845,25838,27586,26973,27624,7241,23143
1	1633	8488	25678,9586,8923,10318,12899,11420,14453,12442,9703,14497,6399,10644,4780,15523,16017,8663,4926,13217,15147,19615,19809,19670,20066,20068,20069,19760,18822,3203,9329,11869,15177,13824,21063,4208,18193,12958,22581,23491,24191,25778,25377,25397,25439,16154,25459,25775,15221,12128,25379,24787,24730,24727,8282,24902,27304,25817,27550,26431,25845,25838,27586,26973,27624,7241,23143,26401
1	1633	13214	25678,9586,8923,10318,12899,11420,14453,12442,9703,14497,6399,10644,4780,15523,16017,8663,4926,13217,15147,19615,19809,19670,20066,20068,20069,19760,18822,3203,9329,11869,15177,13824,21063,4208,18193,12958,22581,23491,24191,25778,25377,25397,25439,16154,25459,25775,15221,12128,25379,24787,24730,24727,8282,24902,27304,25817,27550,26431,25845,25838,27586,26973,27624,7241,23143,26401,8488
0	1633	24048	25678,9586,8923,10318,12899,11420,14453,12442,9703,14497,6399,10644,4780,15523,16017,8663,4926,13217,15147,19615,19809,19670,20066,20068,20069,19760,18822,3203,9329,11869,15177,13824,21063,4208,18193,12958,22581,23491,24191,25778,25377,25397,25439,16154,25459,25775,15221,12128,25379,24787,24730,24727,8282,24902,27304,25817,27550,26431,25845,25838,27586,26973,27624,7241,23143,26401,8488,13214
1	1633	25519	25678,9586,8923,10318,12899,11420,14453,12442,9703,14497,6399,10644,4780,15523,16017,8663,4926,13217,15147,19615,19809,19670,20066,20068,20069,19760,18822,3203,9329,11869,15177,13824,21063,4208,18193,12958,22581,23491,24191,25778,25377,25397,25439,16154,25459,25775,15221,12128,25379,24787,24730,24727,8282,24902,27304,25817,27550,26431,25845,25838,27586,26973,27624,7241,23143,26401,8488,13214
0	1633	10601	25678,9586,8923,10318,12899,11420,14453,12442,9703,14497,6399,10644,4780,15523,16017,8663,4926,13217,15147,19615,19809,19670,20066,20068,20069,19760,18822,3203,9329,11869,15177,13824,21063,4208,18193,12958,22581,23491,24191,25778,25377,25397,25439,16154,25459,25775,15221,12128,25379,24787,24730,24727,8282,24902,27304,25817,27550,26431,25845,25838,27586,26973,27624,7241,23143,26401,8488,13214,25519
0	1633	20444	25678,9586,8923,10318,12899,11420,14453,12442,9703,14497,6399,10644,4780,15523,16017,8663,4926,13217,15147,19615,19809,19670,20066,20068,20069,19760,18822,3203,9329,11869,15177,13824,21063,4208,18193,12958,22581,23491,24191,25778,25377,25397,25439,16154,25459,25775,15221,12128,25379,24787,24730,24727,8282,24902,27304,25817,27550,26431,25845,25838,27586,26973,27624,7241,23143,26401,8488,13214,25519
1	1633	28504	25678,9586,8923,10318,12899,11420,14453,12442,9703,14497,6399,10644,4780,15523,16017,8663,4926,13217,15147,19615,19809,19670,20066,20068,20069,19760,18822,3203,9329,11869,15177,13824,21063,4208,18193,12958,22581,23491,24191,25778,25377,25397,25439,16154,25459,25775,15221,12128,25379,24787,24730,24727,8282,24902,27304,25817,27550,26431,25845,25838,27586,26973,27624,7241,23143,26401,8488,13214,25519
0	1633	26837	25678,9586,8923,10318,12899,11420,14453,12442,9703,14497,6399,10644,4780,15523,16017,8663,4926,13217,15147,19615,19809,19670,20066,20068,20069,19760,18822,3203,9329,11869,15177,13824,21063,4208,18193,12958,22581,23491,24191,25778,25377,25397,25439,16154,25459,25775,15221,12128,25379,24787,24730,24727,8282,24902,27304,25817,27550,26431,25845,25838,27586,26973,27624,7241,23143,26401,8488,13214,25519,28504
1	1633	23863	25678,9586,8923,10318,12899,11420,14453,12442,9703,14497,6399,10644,4780,15523,16017,8663,4926,13217,15147,19615,19809,19670,20066,20068,20069,19760,18822,3203,9329,11869,15177,13824,21063,4208,18193,12958,22581,23491,24191,25778,25377,25397,25439,16154,25459,25775,15221,12128,25379,24787,24730,24727,8282,24902,27304,25817,27550,26431,25845,25838,27586,26973,27624,7241,23143,26401,8488,13214,25519,28504
1	1633	28649	25678,9586,8923,10318,12899,11420,14453,12442,9703,14497,6399,10644,4780,15523,16017,8663,4926,13217,15147,19615,19809,19670,20066,20068,20069,19760,18822,3203,9329,11869,15177,13824,21063,4208,18193,12958,22581,23491,24191,25778,25377,25397,25439,16154,25459,25775,15221,12128,25379,24787,24730,24727,8282,24902,27304,25817,27550,26431,25845,25838,27586,26973,27624,7241,23143,26401,8488,13214,25519,28504,23863
1	1633	25892	25678,9586,8923,10318,12899,11420,14453,12442,9703,14497,6399,10644,4780,15523,16017,8663,4926,13217,15147,19615,19809,19670,20066,20068,20069,19760,18822,3203,9329,11869,15177,13824,21063,4208,18193,12958,22581,23491,24191,25778,25377,25397,25439,16154,25459,25775,15221,12128,25379,24787,24730,24727,8282,24902,27304,25817,27550,26431,25845,25838,27586,26973,27624,7241,23143,26401,8488,13214,25519,28504,23863,28649
0	1633	32084	25678,9586,8923,10318,12899,11420,14453,12442,9703,14497,6399,10644,4780,15523,16017,8663,4926,13217,15147,19615,19809,19670,20066,20068,20069,19760,18822,3203,9329,11869,15177,13824,21063,4208,18193,12958,22581,23491,24191,25778,25377,25397,25439,16154,25459,25775,15221,12128,25379,24787,24730,24727,8282,24902,27304,25817,27550,26431,25845,25838,27586,26973,27624,7241,23143,26401,8488,13214,25519,28504,23863,28649,25892
1	1633	24948	25678,9586,8923,10318,12899,11420,14453,12442,9703,14497,6399,10644,4780,15523,16017,8663,4926,13217,15147,19615,19809,19670,20066,20068,20069,19760,18822,3203,9329,11869,15177,13824,21063,4208,18193,12958,22581,23491,24191,25778,25377,25397,25439,16154,25459,25775,15221,12128,25379,24787,24730,24727,8282,24902,27304,25817,27550,26431,25845,25838,27586,26973,27624,7241,23143,26401,8488,13214,25519,28504,23863,28649,25892
1	1633	28530	25678,9586,8923,10318,12899,11420,14453,12442,9703,14497,6399,10644,4780,15523,16017,8663,4926,13217,15147,19615,19809,19670,20066,20068,20069,19760,18822,3203,9329,11869,15177,13824,21063,4208,18193,12958,22581,23491,24191,25778,25377,25397,25439,16154,25459,25775,15221,12128,25379,24787,24730,24727,8282,24902,27304,25817,27550,26431,25845,25838,27586,26973,27624,7241,23143,26401,8488,13214,25519,28504,23863,28649,25892,24948
0	1633	28737	25678,9586,8923,10318,12899,11420,14453,12442,9703,14497,6399,10644,4780,15523,16017,8663,4926,13217,15147,19615,19809,19670,20066,20068,20069,19760,18822,3203,9329,11869,15177,13824,21063,4208,18193,12958,22581,23491,24191,25778,25377,25397,25439,16154,25459,25775,15221,12128,25379,24787,24730,24727,8282,24902,27304,25817,27550,26431,25845,25838,27586,26973,27624,7241,23143,26401,8488,13214,25519,28504,23863,28649,25892,24948,28530
1	1633	28004	25678,9586,8923,10318,12899,11420,14453,12442,9703,14497,6399,10644,4780,15523,16017,8663,4926,13217,15147,19615,19809,19670,20066,20068,20069,19760,18822,3203,9329,11869,15177,13824,21063,4208,18193,12958,22581,23491,24191,25778,25377,25397,25439,16154,25459,25775,15221,12128,25379,24787,24730,24727,8282,24902,27304,25817,27550,26431,25845,25838,27586,26973,27624,7241,23143,26401,8488,13214,25519,28504,23863,28649,25892,24948,28530
1	1633	29650	25678,9586,8923,10318,12899,11420,14453,12442,9703,14497,6399,10644,4780,15523,16017,8663,4926,13217,15147,19615,19809,19670,20066,20068,20069,19760,18822,3203,9329,11869,15177,13824,21063,4208,18193,12958,22581,23491,24191,25778,25377,25397,25439,16154,25459,25775,15221,12128,25379,24787,24730,24727,8282,24902,27304,25817,27550,26431,25845,25838,27586,26973,27624,7241,23143,26401,8488,13214,25519,28504,23863,28649,25892,24948,28530,28004
1	1633	18531	25678,9586,8923,10318,12899,11420,14453,12442,9703,14497,6399,10644,4780,15523,16017,8663,4926,13217,15147,19615,19809,19670,20066,20068,20069,19760,18822,3203,9329,11869,15177,13824,21063,4208,18193,12958,22581,23491,24191,25778,25377,25397,25439,16154,25459,25775,15221,12128,25379,24787,24730,24727,8282,24902,27304,25817,27550,26431,25845,25838,27586,26973,27624,7241,23143,26401,8488,13214,25519,28504,23863,28649,25892,24948,28530,28004,29650
1	1633	28734	25678,9586,8923,10318,12899,11420,14453,12442,9703,14497,6399,10644,4780,15523,16017,8663,4926,13217,15147,19615,19809,19670,20066,20068,20069,19760,18822,3203,9329,11869,15177,13824,21063,4208,18193,12958,22581,23491,24191,25778,25377,25397,25439,16154,25459,25775,15221,12128,25379,24787,24730,24727,8282,24902,27304,25817,27550,26431,25845,25838,27586,26973,27624,7241,23143,26401,8488,13214,25519,28504,23863,28649,25892,24948,28530,28004,29650,18531
1	1633	29210	25678,9586,8923,10318,12899,11420,14453,12442,9703,14497,6399,10644,4780,15523,16017,8663,4926,13217,15147,19615,19809,19670,20066,20068,20069,19760,18822,3203,9329,11869,15177,13824,21063,4208,18193,12958,22581,23491,24191,25778,25377,25397,25439,16154,25459,25775,15221,12128,25379,24787,24730,24727,8282,24902,27304,25817,27550,26431,25845,25838,27586,26973,27624,7241,23143,26401,8488,13214,25519,28504,23863,28649,25892,24948,28530,28004,29650,18531,28734
1	1633	29575	25678,9586,8923,10318,12899,11420,14453,12442,9703,14497,6399,10644,4780,15523,16017,8663,4926,13217,15147,19615,19809,19670,20066,20068,20069,19760,18822,3203,9329,11869,15177,13824,21063,4208,18193,12958,22581,23491,24191,25778,25377,25397,25439,16154,25459,25775,15221,12128,25379,24787,24730,24727,8282,24902,27304,25817,27550,26431,25845,25838,27586,26973,27624,7241,23143,26401,8488,13214,25519,28504,23863,28649,25892,24948,28530,28004,29650,18531,28734,29210
0	1633	27458	25678,9586,8923,10318,12899,11420,14453,12442,9703,14497,6399,10644,4780,15523,16017,8663,4926,13217,15147,19615,19809,19670,20066,20068,20069,19760,18822,3203,9329,11869,15177,13824,21063,4208,18193,12958,22581,23491,24191,25778,25377,25397,25439,16154,25459,25775,15221,12128,25379,24787,24730,24727,8282,24902,27304,25817,27550,26431,25845,25838,27586,26973,27624,7241,23143,26401,8488,13214,25519,28504,23863,28649,25892,24948,28530,28004,29650,18531,28734,29210,29575
1	1633	28829	25678,9586,8923,10318,12899,11420,14453,12442,9703,14497,6399,10644,4780,15523,16017,8663,4926,13217,15147,19615,19809,19670,20066,20068,20069,19760,18822,3203,9329,11869,15177,13824,21063,4208,18193,12958,22581,23491,24191,25778,25377,25397,25439,16154,25459,25775,15221,12128,25379,24787,24730,24727,8282,24902,27304,25817,27550,26431,25845,25838,27586,26973,27624,7241,23143,26401,8488,13214,25519,28504,23863,28649,25892,24948,28530,28004,29650,18531,28734,29210,29575
0	1633	27999	25678,9586,8923,10318,12899,11420,14453,12442,9703,14497,6399,10644,4780,15523,16017,8663,4926,13217,15147,19615,19809,19670,20066,20068,20069,19760,18822,3203,9329,11869,15177,13824,21063,4208,18193,12958,22581,23491,24191,25778,25377,25397,25439,16154,25459,25775,15221,12128,25379,24787,24730,24727,8282,24902,27304,25817,27550,26431,25845,25838,27586,26973,27624,7241,23143,26401,8488,13214,25519,28504,23863,28649,25892,24948,28530,28004,29650,18531,28734,29210,29575,28829
1	1633	24912	25678,9586,8923,10318,12899,11420,14453,12442,9703,14497,6399,10644,4780,15523,16017,8663,4926,13217,15147,19615,19809,19670,20066,20068,20069,19760,18822,3203,9329,11869,15177,13824,21063,4208,18193,12958,22581,23491,24191,25778,25377,25397,25439,16154,25459,25775,15221,12128,25379,24787,24730,24727,8282,24902,27304,25817,27550,26431,25845,25838,27586,26973,27624,7241,23143,26401,8488,13214,25519,28504,23863,28649,25892,24948,28530,28004,29650,18531,28734,29210,29575,28829
0	1633	28438	25678,9586,8923,10318,12899,11420,14453,12442,9703,14497,6399,10644,4780,15523,16017,8663,4926,13217,15147,19615,19809,19670,20066,20068,20069,19760,18822,3203,9329,11869,15177,13824,21063,4208,18193,12958,22581,23491,24191,25778,25377,25397,25439,16154,25459,25775,15221,12128,25379,24787,24730,24727,8282,24902,27304,25817,27550,26431,25845,25838,27586,26973,27624,7241,23143,26401,8488,13214,25519,28504,23863,28649,25892,24948,28530,28004,29650,18531,28734,29210,29575,28829,24912
0	1633	9850	25678,9586,8923,10318,12899,11420,14453,12442,9703,14497,6399,10644,4780,15523,16017,8663,4926,13217,15147,19615,19809,19670,20066,20068,20069,19760,18822,3203,9329,11869,15177,13824,21063,4208,18193,12958,22581,23491,24191,25778,25377,25397,25439,16154,25459,25775,15221,12128,25379,24787,24730,24727,8282,24902,27304,25817,27550,26431,25845,25838,27586,26973,27624,7241,23143,26401,8488,13214,25519,28504,23863,28649,25892,24948,28530,28004,29650,18531,28734,29210,29575,28829,24912
1	1633	27322	25678,9586,8923,10318,12899,11420,14453,12442,9703,14497,6399,10644,4780,15523,16017,8663,4926,13217,15147,19615,19809,19670,20066,20068,20069,19760,18822,3203,9329,11869,15177,13824,21063,4208,18193,12958,22581,23491,24191,25778,25377,25397,25439,16154,25459,25775,15221,12128,25379,24787,24730,24727,8282,24902,27304,25817,27550,26431,25845,25838,27586,26973,27624,7241,23143,26401,8488,13214,25519,28504,23863,28649,25892,24948,28530,28004,29650,18531,28734,29210,29575,28829,24912
