0	441	32411	0
0	441	1196	0
0	441	821	0
0	441	32074	0
0	441	1940	0
1	441	31616	0
1	441	7380	31616
1	441	6320	31616,7380
0	441	1871	31616,7380,6320
1	441	31537	31616,7380,6320
0	441	7196	31616,7380,6320,31537
0	441	3880	31616,7380,6320,31537
0	441	7711	31616,7380,6320,31537
1	441	6333	31616,7380,6320,31537
0	441	7817	31616,7380,6320,31537,6333
0	441	8843	31616,7380,6320,31537,6333
0	441	8621	31616,7380,6320,31537,6333
1	441	8490	31616,7380,6320,31537,6333
1	441	6858	31616,7380,6320,31537,6333,8490
1	441	9894	31616,7380,6320,31537,6333,8490,6858
1	441	10881	31616,7380,6320,31537,6333,8490,6858,9894
0	441	10972	31616,7380,6320,31537,6333,8490,6858,9894,10881
1	441	5114	31616,7380,6320,31537,6333,8490,6858,9894,10881
1	441	6021	31616,7380,6320,31537,6333,8490,6858,9894,10881,5114
0	441	9103	31616,7380,6320,31537,6333,8490,6858,9894,10881,5114,6021
0	441	8934	31616,7380,6320,31537,6333,8490,6858,9894,10881,5114,6021
0	441	10178	31616,7380,6320,31537,6333,8490,6858,9894,10881,5114,6021
1	441	12615	31616,7380,6320,31537,6333,8490,6858,9894,10881,5114,6021
0	441	9616	31616,7380,6320,31537,6333,8490,6858,9894,10881,5114,6021,12615
0	441	12899	31616,7380,6320,31537,6333,8490,6858,9894,10881,5114,6021,12615
1	441	6520	31616,7380,6320,31537,6333,8490,6858,9894,10881,5114,6021,12615
1	441	9160	31616,7380,6320,31537,6333,8490,6858,9894,10881,5114,6021,12615,6520
0	441	14308	31616,7380,6320,31537,6333,8490,6858,9894,10881,5114,6021,12615,6520,9160
0	441	14497	31616,7380,6320,31537,6333,8490,6858,9894,10881,5114,6021,12615,6520,9160
0	441	9428	31616,7380,6320,31537,6333,8490,6858,9894,10881,5114,6021,12615,6520,9160
0	441	10738	31616,7380,6320,31537,6333,8490,6858,9894,10881,5114,6021,12615,6520,9160
0	441	10740	31616,7380,6320,31537,6333,8490,6858,9894,10881,5114,6021,12615,6520,9160
0	441	11110	31616,7380,6320,31537,6333,8490,6858,9894,10881,5114,6021,12615,6520,9160
0	441	15843	31616,7380,6320,31537,6333,8490,6858,9894,10881,5114,6021,12615,6520,9160
0	441	15650	31616,7380,6320,31537,6333,8490,6858,9894,10881,5114,6021,12615,6520,9160
0	441	10733	31616,7380,6320,31537,6333,8490,6858,9894,10881,5114,6021,12615,6520,9160
0	441	16449	31616,7380,6320,31537,6333,8490,6858,9894,10881,5114,6021,12615,6520,9160
0	441	16023	31616,7380,6320,31537,6333,8490,6858,9894,10881,5114,6021,12615,6520,9160
1	441	17168	31616,7380,6320,31537,6333,8490,6858,9894,10881,5114,6021,12615,6520,9160
0	441	17017	31616,7380,6320,31537,6333,8490,6858,9894,10881,5114,6021,12615,6520,9160,17168
1	441	3744	31616,7380,6320,31537,6333,8490,6858,9894,10881,5114,6021,12615,6520,9160,17168
0	441	17254	31616,7380,6320,31537,6333,8490,6858,9894,10881,5114,6021,12615,6520,9160,17168,3744
1	441	17195	31616,7380,6320,31537,6333,8490,6858,9894,10881,5114,6021,12615,6520,9160,17168,3744
1	441	13780	31616,7380,6320,31537,6333,8490,6858,9894,10881,5114,6021,12615,6520,9160,17168,3744,17195
0	441	15759	31616,7380,6320,31537,6333,8490,6858,9894,10881,5114,6021,12615,6520,9160,17168,3744,17195,13780
1	441	31263	31616,7380,6320,31537,6333,8490,6858,9894,10881,5114,6021,12615,6520,9160,17168,3744,17195,13780
0	441	17669	31616,7380,6320,31537,6333,8490,6858,9894,10881,5114,6021,12615,6520,9160,17168,3744,17195,13780,31263
1	441	18295	31616,7380,6320,31537,6333,8490,6858,9894,10881,5114,6021,12615,6520,9160,17168,3744,17195,13780,31263
1	441	18599	31616,7380,6320,31537,6333,8490,6858,9894,10881,5114,6021,12615,6520,9160,17168,3744,17195,13780,31263,18295
0	441	18792	31616,7380,6320,31537,6333,8490,6858,9894,10881,5114,6021,12615,6520,9160,17168,3744,17195,13780,31263,18295,18599
1	441	1510	31616,7380,6320,31537,6333,8490,6858,9894,10881,5114,6021,12615,6520,9160,17168,3744,17195,13780,31263,18295,18599
0	441	17181	31616,7380,6320,31537,6333,8490,6858,9894,10881,5114,6021,12615,6520,9160,17168,3744,17195,13780,31263,18295,18599,1510
0	441	13883	31616,7380,6320,31537,6333,8490,6858,9894,10881,5114,6021,12615,6520,9160,17168,3744,17195,13780,31263,18295,18599,1510
1	441	19350	31616,7380,6320,31537,6333,8490,6858,9894,10881,5114,6021,12615,6520,9160,17168,3744,17195,13780,31263,18295,18599,1510
0	441	17132	31616,7380,6320,31537,6333,8490,6858,9894,10881,5114,6021,12615,6520,9160,17168,3744,17195,13780,31263,18295,18599,1510,19350
1	441	19620	31616,7380,6320,31537,6333,8490,6858,9894,10881,5114,6021,12615,6520,9160,17168,3744,17195,13780,31263,18295,18599,1510,19350
0	441	8341	31616,7380,6320,31537,6333,8490,6858,9894,10881,5114,6021,12615,6520,9160,17168,3744,17195,13780,31263,18295,18599,1510,19350,19620
0	441	19915	31616,7380,6320,31537,6333,8490,6858,9894,10881,5114,6021,12615,6520,9160,17168,3744,17195,13780,31263,18295,18599,1510,19350,19620
0	441	1086	31616,7380,6320,31537,6333,8490,6858,9894,10881,5114,6021,12615,6520,9160,17168,3744,17195,13780,31263,18295,18599,1510,19350,19620
0	441	1087	31616,7380,6320,31537,6333,8490,6858,9894,10881,5114,6021,12615,6520,9160,17168,3744,17195,13780,31263,18295,18599,1510,19350,19620
0	441	11511	31616,7380,6320,31537,6333,8490,6858,9894,10881,5114,6021,12615,6520,9160,17168,3744,17195,13780,31263,18295,18599,1510,19350,19620
0	441	12241	31616,7380,6320,31537,6333,8490,6858,9894,10881,5114,6021,12615,6520,9160,17168,3744,17195,13780,31263,18295,18599,1510,19350,19620
0	441	17018	31616,7380,6320,31537,6333,8490,6858,9894,10881,5114,6021,12615,6520,9160,17168,3744,17195,13780,31263,18295,18599,1510,19350,19620
0	441	13110	31616,7380,6320,31537,6333,8490,6858,9894,10881,5114,6021,12615,6520,9160,17168,3744,17195,13780,31263,18295,18599,1510,19350,19620
1	441	23657	31616,7380,6320,31537,6333,8490,6858,9894,10881,5114,6021,12615,6520,9160,17168,3744,17195,13780,31263,18295,18599,1510,19350,19620
0	441	19512	31616,7380,6320,31537,6333,8490,6858,9894,10881,5114,6021,12615,6520,9160,17168,3744,17195,13780,31263,18295,18599,1510,19350,19620,23657
1	441	32612	31616,7380,6320,31537,6333,8490,6858,9894,10881,5114,6021,12615,6520,9160,17168,3744,17195,13780,31263,18295,18599,1510,19350,19620,23657
1	441	1847	31616,7380,6320,31537,6333,8490,6858,9894,10881,5114,6021,12615,6520,9160,17168,3744,17195,13780,31263,18295,18599,1510,19350,19620,23657,32612
1	441	5563	31616,7380,6320,31537,6333,8490,6858,9894,10881,5114,6021,12615,6520,9160,17168,3744,17195,13780,31263,18295,18599,1510,19350,19620,23657,32612,1847
0	441	24262	31616,7380,6320,31537,6333,8490,6858,9894,10881,5114,6021,12615,6520,9160,17168,3744,17195,13780,31263,18295,18599,1510,19350,19620,23657,32612,1847,5563
1	441	11869	31616,7380,6320,31537,6333,8490,6858,9894,10881,5114,6021,12615,6520,9160,17168,3744,17195,13780,31263,18295,18599,1510,19350,19620,23657,32612,1847,5563
0	441	22217	31616,7380,6320,31537,6333,8490,6858,9894,10881,5114,6021,12615,6520,9160,17168,3744,17195,13780,31263,18295,18599,1510,19350,19620,23657,32612,1847,5563,11869
0	441	11221	31616,7380,6320,31537,6333,8490,6858,9894,10881,5114,6021,12615,6520,9160,17168,3744,17195,13780,31263,18295,18599,1510,19350,19620,23657,32612,1847,5563,11869
1	441	15219	31616,7380,6320,31537,6333,8490,6858,9894,10881,5114,6021,12615,6520,9160,17168,3744,17195,13780,31263,18295,18599,1510,19350,19620,23657,32612,1847,5563,11869
1	441	16161	31616,7380,6320,31537,6333,8490,6858,9894,10881,5114,6021,12615,6520,9160,17168,3744,17195,13780,31263,18295,18599,1510,19350,19620,23657,32612,1847,5563,11869,15219
0	441	24684	31616,7380,6320,31537,6333,8490,6858,9894,10881,5114,6021,12615,6520,9160,17168,3744,17195,13780,31263,18295,18599,1510,19350,19620,23657,32612,1847,5563,11869,15219,16161
0	441	8197	31616,7380,6320,31537,6333,8490,6858,9894,10881,5114,6021,12615,6520,9160,17168,3744,17195,13780,31263,18295,18599,1510,19350,19620,23657,32612,1847,5563,11869,15219,16161
0	441	25479	31616,7380,6320,31537,6333,8490,6858,9894,10881,5114,6021,12615,6520,9160,17168,3744,17195,13780,31263,18295,18599,1510,19350,19620,23657,32612,1847,5563,11869,15219,16161
1	441	15218	31616,7380,6320,31537,6333,8490,6858,9894,10881,5114,6021,12615,6520,9160,17168,3744,17195,13780,31263,18295,18599,1510,19350,19620,23657,32612,1847,5563,11869,15219,16161
1	441	23599	31616,7380,6320,31537,6333,8490,6858,9894,10881,5114,6021,12615,6520,9160,17168,3744,17195,13780,31263,18295,18599,1510,19350,19620,23657,32612,1847,5563,11869,15219,16161,15218
0	441	23675	31616,7380,6320,31537,6333,8490,6858,9894,10881,5114,6021,12615,6520,9160,17168,3744,17195,13780,31263,18295,18599,1510,19350,19620,23657,32612,1847,5563,11869,15219,16161,15218,23599
1	441	25644	31616,7380,6320,31537,6333,8490,6858,9894,10881,5114,6021,12615,6520,9160,17168,3744,17195,13780,31263,18295,18599,1510,19350,19620,23657,32612,1847,5563,11869,15219,16161,15218,23599
1	441	15220	31616,7380,6320,31537,6333,8490,6858,9894,10881,5114,6021,12615,6520,9160,17168,3744,17195,13780,31263,18295,18599,1510,19350,19620,23657,32612,1847,5563,11869,15219,16161,15218,23599,25644
0	441	24401	31616,7380,6320,31537,6333,8490,6858,9894,10881,5114,6021,12615,6520,9160,17168,3744,17195,13780,31263,18295,18599,1510,19350,19620,23657,32612,1847,5563,11869,15219,16161,15218,23599,25644,15220
0	441	25978	31616,7380,6320,31537,6333,8490,6858,9894,10881,5114,6021,12615,6520,9160,17168,3744,17195,13780,31263,18295,18599,1510,19350,19620,23657,32612,1847,5563,11869,15219,16161,15218,23599,25644,15220
1	441	23491	31616,7380,6320,31537,6333,8490,6858,9894,10881,5114,6021,12615,6520,9160,17168,3744,17195,13780,31263,18295,18599,1510,19350,19620,23657,32612,1847,5563,11869,15219,16161,15218,23599,25644,15220
1	441	23449	31616,7380,6320,31537,6333,8490,6858,9894,10881,5114,6021,12615,6520,9160,17168,3744,17195,13780,31263,18295,18599,1510,19350,19620,23657,32612,1847,5563,11869,15219,16161,15218,23599,25644,15220,23491
1	441	26393	31616,7380,6320,31537,6333,8490,6858,9894,10881,5114,6021,12615,6520,9160,17168,3744,17195,13780,31263,18295,18599,1510,19350,19620,23657,32612,1847,5563,11869,15219,16161,15218,23599,25644,15220,23491,23449
0	441	6987	31616,7380,6320,31537,6333,8490,6858,9894,10881,5114,6021,12615,6520,9160,17168,3744,17195,13780,31263,18295,18599,1510,19350,19620,23657,32612,1847,5563,11869,15219,16161,15218,23599,25644,15220,23491,23449,26393
0	441	27151	31616,7380,6320,31537,6333,8490,6858,9894,10881,5114,6021,12615,6520,9160,17168,3744,17195,13780,31263,18295,18599,1510,19350,19620,23657,32612,1847,5563,11869,15219,16161,15218,23599,25644,15220,23491,23449,26393
1	441	23389	31616,7380,6320,31537,6333,8490,6858,9894,10881,5114,6021,12615,6520,9160,17168,3744,17195,13780,31263,18295,18599,1510,19350,19620,23657,32612,1847,5563,11869,15219,16161,15218,23599,25644,15220,23491,23449,26393
1	441	25218	31616,7380,6320,31537,6333,8490,6858,9894,10881,5114,6021,12615,6520,9160,17168,3744,17195,13780,31263,18295,18599,1510,19350,19620,23657,32612,1847,5563,11869,15219,16161,15218,23599,25644,15220,23491,23449,26393,23389
1	441	25843	31616,7380,6320,31537,6333,8490,6858,9894,10881,5114,6021,12615,6520,9160,17168,3744,17195,13780,31263,18295,18599,1510,19350,19620,23657,32612,1847,5563,11869,15219,16161,15218,23599,25644,15220,23491,23449,26393,23389,25218
1	441	26774	31616,7380,6320,31537,6333,8490,6858,9894,10881,5114,6021,12615,6520,9160,17168,3744,17195,13780,31263,18295,18599,1510,19350,19620,23657,32612,1847,5563,11869,15219,16161,15218,23599,25644,15220,23491,23449,26393,23389,25218,25843
1	441	27585	31616,7380,6320,31537,6333,8490,6858,9894,10881,5114,6021,12615,6520,9160,17168,3744,17195,13780,31263,18295,18599,1510,19350,19620,23657,32612,1847,5563,11869,15219,16161,15218,23599,25644,15220,23491,23449,26393,23389,25218,25843,26774
1	441	3379	31616,7380,6320,31537,6333,8490,6858,9894,10881,5114,6021,12615,6520,9160,17168,3744,17195,13780,31263,18295,18599,1510,19350,19620,23657,32612,1847,5563,11869,15219,16161,15218,23599,25644,15220,23491,23449,26393,23389,25218,25843,26774,27585
0	441	25837	31616,7380,6320,31537,6333,8490,6858,9894,10881,5114,6021,12615,6520,9160,17168,3744,17195,13780,31263,18295,18599,1510,19350,19620,23657,32612,1847,5563,11869,15219,16161,15218,23599,25644,15220,23491,23449,26393,23389,25218,25843,26774,27585,3379
0	441	26776	31616,7380,6320,31537,6333,8490,6858,9894,10881,5114,6021,12615,6520,9160,17168,3744,17195,13780,31263,18295,18599,1510,19350,19620,23657,32612,1847,5563,11869,15219,16161,15218,23599,25644,15220,23491,23449,26393,23389,25218,25843,26774,27585,3379
1	441	27534	31616,7380,6320,31537,6333,8490,6858,9894,10881,5114,6021,12615,6520,9160,17168,3744,17195,13780,31263,18295,18599,1510,19350,19620,23657,32612,1847,5563,11869,15219,16161,15218,23599,25644,15220,23491,23449,26393,23389,25218,25843,26774,27585,3379
0	441	25213	31616,7380,6320,31537,6333,8490,6858,9894,10881,5114,6021,12615,6520,9160,17168,3744,17195,13780,31263,18295,18599,1510,19350,19620,23657,32612,1847,5563,11869,15219,16161,15218,23599,25644,15220,23491,23449,26393,23389,25218,25843,26774,27585,3379,27534
0	441	25214	31616,7380,6320,31537,6333,8490,6858,9894,10881,5114,6021,12615,6520,9160,17168,3744,17195,13780,31263,18295,18599,1510,19350,19620,23657,32612,1847,5563,11869,15219,16161,15218,23599,25644,15220,23491,23449,26393,23389,25218,25843,26774,27585,3379,27534
0	441	23957	31616,7380,6320,31537,6333,8490,6858,9894,10881,5114,6021,12615,6520,9160,17168,3744,17195,13780,31263,18295,18599,1510,19350,19620,23657,32612,1847,5563,11869,15219,16161,15218,23599,25644,15220,23491,23449,26393,23389,25218,25843,26774,27585,3379,27534
0	441	24048	31616,7380,6320,31537,6333,8490,6858,9894,10881,5114,6021,12615,6520,9160,17168,3744,17195,13780,31263,18295,18599,1510,19350,19620,23657,32612,1847,5563,11869,15219,16161,15218,23599,25644,15220,23491,23449,26393,23389,25218,25843,26774,27585,3379,27534
0	441	28020	31616,7380,6320,31537,6333,8490,6858,9894,10881,5114,6021,12615,6520,9160,17168,3744,17195,13780,31263,18295,18599,1510,19350,19620,23657,32612,1847,5563,11869,15219,16161,15218,23599,25644,15220,23491,23449,26393,23389,25218,25843,26774,27585,3379,27534
0	441	27999	31616,7380,6320,31537,6333,8490,6858,9894,10881,5114,6021,12615,6520,9160,17168,3744,17195,13780,31263,18295,18599,1510,19350,19620,23657,32612,1847,5563,11869,15219,16161,15218,23599,25644,15220,23491,23449,26393,23389,25218,25843,26774,27585,3379,27534
1	441	28872	31616,7380,6320,31537,6333,8490,6858,9894,10881,5114,6021,12615,6520,9160,17168,3744,17195,13780,31263,18295,18599,1510,19350,19620,23657,32612,1847,5563,11869,15219,16161,15218,23599,25644,15220,23491,23449,26393,23389,25218,25843,26774,27585,3379,27534
0	441	20691	31616,7380,6320,31537,6333,8490,6858,9894,10881,5114,6021,12615,6520,9160,17168,3744,17195,13780,31263,18295,18599,1510,19350,19620,23657,32612,1847,5563,11869,15219,16161,15218,23599,25644,15220,23491,23449,26393,23389,25218,25843,26774,27585,3379,27534,28872
0	441	27366	31616,7380,6320,31537,6333,8490,6858,9894,10881,5114,6021,12615,6520,9160,17168,3744,17195,13780,31263,18295,18599,1510,19350,19620,23657,32612,1847,5563,11869,15219,16161,15218,23599,25644,15220,23491,23449,26393,23389,25218,25843,26774,27585,3379,27534,28872
1	441	26401	31616,7380,6320,31537,6333,8490,6858,9894,10881,5114,6021,12615,6520,9160,17168,3744,17195,13780,31263,18295,18599,1510,19350,19620,23657,32612,1847,5563,11869,15219,16161,15218,23599,25644,15220,23491,23449,26393,23389,25218,25843,26774,27585,3379,27534,28872
0	441	28649	31616,7380,6320,31537,6333,8490,6858,9894,10881,5114,6021,12615,6520,9160,17168,3744,17195,13780,31263,18295,18599,1510,19350,19620,23657,32612,1847,5563,11869,15219,16161,15218,23599,25644,15220,23491,23449,26393,23389,25218,25843,26774,27585,3379,27534,28872,26401
0	441	28705	31616,7380,6320,31537,6333,8490,6858,9894,10881,5114,6021,12615,6520,9160,17168,3744,17195,13780,31263,18295,18599,1510,19350,19620,23657,32612,1847,5563,11869,15219,16161,15218,23599,25644,15220,23491,23449,26393,23389,25218,25843,26774,27585,3379,27534,28872,26401
1	441	26054	31616,7380,6320,31537,6333,8490,6858,9894,10881,5114,6021,12615,6520,9160,17168,3744,17195,13780,31263,18295,18599,1510,19350,19620,23657,32612,1847,5563,11869,15219,16161,15218,23599,25644,15220,23491,23449,26393,23389,25218,25843,26774,27585,3379,27534,28872,26401
1	441	28438	31616,7380,6320,31537,6333,8490,6858,9894,10881,5114,6021,12615,6520,9160,17168,3744,17195,13780,31263,18295,18599,1510,19350,19620,23657,32612,1847,5563,11869,15219,16161,15218,23599,25644,15220,23491,23449,26393,23389,25218,25843,26774,27585,3379,27534,28872,26401,26054
0	441	27264	31616,7380,6320,31537,6333,8490,6858,9894,10881,5114,6021,12615,6520,9160,17168,3744,17195,13780,31263,18295,18599,1510,19350,19620,23657,32612,1847,5563,11869,15219,16161,15218,23599,25644,15220,23491,23449,26393,23389,25218,25843,26774,27585,3379,27534,28872,26401,26054,28438
