0	299	5642	0
1	299	11473	0
1	299	9908	11473
0	299	11979	11473,9908
0	299	8214	11473,9908
1	299	14677	11473,9908
0	299	13400	11473,9908,14677
1	299	6853	11473,9908,14677
1	299	5567	11473,9908,14677,6853
1	299	15217	11473,9908,14677,6853,5567
0	299	3800	11473,9908,14677,6853,5567,15217
0	299	16550	11473,9908,14677,6853,5567,15217
0	299	15442	11473,9908,14677,6853,5567,15217
0	299	16947	11473,9908,14677,6853,5567,15217
1	299	16457	11473,9908,14677,6853,5567,15217
1	299	20113	11473,9908,14677,6853,5567,15217,16457
1	299	16455	11473,9908,14677,6853,5567,15217,16457,20113
0	299	17191	11473,9908,14677,6853,5567,15217,16457,20113,16455
0	299	15858	11473,9908,14677,6853,5567,15217,16457,20113,16455
1	299	14177	11473,9908,14677,6853,5567,15217,16457,20113,16455
0	299	19560	11473,9908,14677,6853,5567,15217,16457,20113,16455,14177
1	299	22273	11473,9908,14677,6853,5567,15217,16457,20113,16455,14177
1	299	19427	11473,9908,14677,6853,5567,15217,16457,20113,16455,14177,22273
0	299	23444	11473,9908,14677,6853,5567,15217,16457,20113,16455,14177,22273,19427
0	299	24776	11473,9908,14677,6853,5567,15217,16457,20113,16455,14177,22273,19427
0	299	22329	11473,9908,14677,6853,5567,15217,16457,20113,16455,14177,22273,19427
1	299	15211	11473,9908,14677,6853,5567,15217,16457,20113,16455,14177,22273,19427
0	299	25978	11473,9908,14677,6853,5567,15217,16457,20113,16455,14177,22273,19427,15211
1	299	26393	11473,9908,14677,6853,5567,15217,16457,20113,16455,14177,22273,19427,15211
0	299	25847	11473,9908,14677,6853,5567,15217,16457,20113,16455,14177,22273,19427,15211,26393
1	299	23451	11473,9908,14677,6853,5567,15217,16457,20113,16455,14177,22273,19427,15211,26393
1	299	25839	11473,9908,14677,6853,5567,15217,16457,20113,16455,14177,22273,19427,15211,26393,23451
0	299	23027	11473,9908,14677,6853,5567,15217,16457,20113,16455,14177,22273,19427,15211,26393,23451,25839
0	299	23760	11473,9908,14677,6853,5567,15217,16457,20113,16455,14177,22273,19427,15211,26393,23451,25839
1	299	27130	11473,9908,14677,6853,5567,15217,16457,20113,16455,14177,22273,19427,15211,26393,23451,25839
