1	95	16709	0
1	95	20503	16709
1	95	1136	16709,20503
1	95	20149	16709,20503,1136
1	95	22121	16709,20503,1136,20149
0	95	22854	16709,20503,1136,20149,22121
1	95	14565	16709,20503,1136,20149,22121
1	95	15675	16709,20503,1136,20149,22121,14565
1	95	19121	16709,20503,1136,20149,22121,14565,15675
1	95	20392	16709,20503,1136,20149,22121,14565,15675,19121
1	95	21777	16709,20503,1136,20149,22121,14565,15675,19121,20392
1	95	21978	16709,20503,1136,20149,22121,14565,15675,19121,20392,21777
1	95	22846	16709,20503,1136,20149,22121,14565,15675,19121,20392,21777,21978
1	95	22986	16709,20503,1136,20149,22121,14565,15675,19121,20392,21777,21978,22846
1	95	23309	16709,20503,1136,20149,22121,14565,15675,19121,20392,21777,21978,22846,22986
1	95	242	16709,20503,1136,20149,22121,14565,15675,19121,20392,21777,21978,22846,22986,23309
1	95	1083	16709,20503,1136,20149,22121,14565,15675,19121,20392,21777,21978,22846,22986,23309,242
1	95	5036	16709,20503,1136,20149,22121,14565,15675,19121,20392,21777,21978,22846,22986,23309,242,1083
1	95	6187	16709,20503,1136,20149,22121,14565,15675,19121,20392,21777,21978,22846,22986,23309,242,1083,5036
1	95	6737	16709,20503,1136,20149,22121,14565,15675,19121,20392,21777,21978,22846,22986,23309,242,1083,5036,6187
1	95	7549	16709,20503,1136,20149,22121,14565,15675,19121,20392,21777,21978,22846,22986,23309,242,1083,5036,6187,6737
1	95	8560	16709,20503,1136,20149,22121,14565,15675,19121,20392,21777,21978,22846,22986,23309,242,1083,5036,6187,6737,7549
1	95	9888	16709,20503,1136,20149,22121,14565,15675,19121,20392,21777,21978,22846,22986,23309,242,1083,5036,6187,6737,7549,8560
1	95	10775	16709,20503,1136,20149,22121,14565,15675,19121,20392,21777,21978,22846,22986,23309,242,1083,5036,6187,6737,7549,8560,9888
1	95	12441	16709,20503,1136,20149,22121,14565,15675,19121,20392,21777,21978,22846,22986,23309,242,1083,5036,6187,6737,7549,8560,9888,10775
1	95	12623	16709,20503,1136,20149,22121,14565,15675,19121,20392,21777,21978,22846,22986,23309,242,1083,5036,6187,6737,7549,8560,9888,10775,12441
1	95	12691	16709,20503,1136,20149,22121,14565,15675,19121,20392,21777,21978,22846,22986,23309,242,1083,5036,6187,6737,7549,8560,9888,10775,12441,12623
1	95	13330	16709,20503,1136,20149,22121,14565,15675,19121,20392,21777,21978,22846,22986,23309,242,1083,5036,6187,6737,7549,8560,9888,10775,12441,12623,12691
1	95	13757	16709,20503,1136,20149,22121,14565,15675,19121,20392,21777,21978,22846,22986,23309,242,1083,5036,6187,6737,7549,8560,9888,10775,12441,12623,12691,13330
1	95	15276	16709,20503,1136,20149,22121,14565,15675,19121,20392,21777,21978,22846,22986,23309,242,1083,5036,6187,6737,7549,8560,9888,10775,12441,12623,12691,13330,13757
1	95	15384	16709,20503,1136,20149,22121,14565,15675,19121,20392,21777,21978,22846,22986,23309,242,1083,5036,6187,6737,7549,8560,9888,10775,12441,12623,12691,13330,13757,15276
1	95	15461	16709,20503,1136,20149,22121,14565,15675,19121,20392,21777,21978,22846,22986,23309,242,1083,5036,6187,6737,7549,8560,9888,10775,12441,12623,12691,13330,13757,15276,15384
1	95	15602	16709,20503,1136,20149,22121,14565,15675,19121,20392,21777,21978,22846,22986,23309,242,1083,5036,6187,6737,7549,8560,9888,10775,12441,12623,12691,13330,13757,15276,15384,15461
1	95	15614	16709,20503,1136,20149,22121,14565,15675,19121,20392,21777,21978,22846,22986,23309,242,1083,5036,6187,6737,7549,8560,9888,10775,12441,12623,12691,13330,13757,15276,15384,15461,15602
1	95	15933	16709,20503,1136,20149,22121,14565,15675,19121,20392,21777,21978,22846,22986,23309,242,1083,5036,6187,6737,7549,8560,9888,10775,12441,12623,12691,13330,13757,15276,15384,15461,15602,15614
1	95	16227	16709,20503,1136,20149,22121,14565,15675,19121,20392,21777,21978,22846,22986,23309,242,1083,5036,6187,6737,7549,8560,9888,10775,12441,12623,12691,13330,13757,15276,15384,15461,15602,15614,15933
1	95	16488	16709,20503,1136,20149,22121,14565,15675,19121,20392,21777,21978,22846,22986,23309,242,1083,5036,6187,6737,7549,8560,9888,10775,12441,12623,12691,13330,13757,15276,15384,15461,15602,15614,15933,16227
1	95	16706	16709,20503,1136,20149,22121,14565,15675,19121,20392,21777,21978,22846,22986,23309,242,1083,5036,6187,6737,7549,8560,9888,10775,12441,12623,12691,13330,13757,15276,15384,15461,15602,15614,15933,16227,16488
1	95	16919	16709,20503,1136,20149,22121,14565,15675,19121,20392,21777,21978,22846,22986,23309,242,1083,5036,6187,6737,7549,8560,9888,10775,12441,12623,12691,13330,13757,15276,15384,15461,15602,15614,15933,16227,16488,16706
1	95	16985	16709,20503,1136,20149,22121,14565,15675,19121,20392,21777,21978,22846,22986,23309,242,1083,5036,6187,6737,7549,8560,9888,10775,12441,12623,12691,13330,13757,15276,15384,15461,15602,15614,15933,16227,16488,16706,16919
1	95	17183	16709,20503,1136,20149,22121,14565,15675,19121,20392,21777,21978,22846,22986,23309,242,1083,5036,6187,6737,7549,8560,9888,10775,12441,12623,12691,13330,13757,15276,15384,15461,15602,15614,15933,16227,16488,16706,16919,16985
1	95	17421	16709,20503,1136,20149,22121,14565,15675,19121,20392,21777,21978,22846,22986,23309,242,1083,5036,6187,6737,7549,8560,9888,10775,12441,12623,12691,13330,13757,15276,15384,15461,15602,15614,15933,16227,16488,16706,16919,16985,17183
1	95	17586	16709,20503,1136,20149,22121,14565,15675,19121,20392,21777,21978,22846,22986,23309,242,1083,5036,6187,6737,7549,8560,9888,10775,12441,12623,12691,13330,13757,15276,15384,15461,15602,15614,15933,16227,16488,16706,16919,16985,17183,17421
1	95	17727	16709,20503,1136,20149,22121,14565,15675,19121,20392,21777,21978,22846,22986,23309,242,1083,5036,6187,6737,7549,8560,9888,10775,12441,12623,12691,13330,13757,15276,15384,15461,15602,15614,15933,16227,16488,16706,16919,16985,17183,17421,17586
1	95	17765	16709,20503,1136,20149,22121,14565,15675,19121,20392,21777,21978,22846,22986,23309,242,1083,5036,6187,6737,7549,8560,9888,10775,12441,12623,12691,13330,13757,15276,15384,15461,15602,15614,15933,16227,16488,16706,16919,16985,17183,17421,17586,17727
1	95	17795	16709,20503,1136,20149,22121,14565,15675,19121,20392,21777,21978,22846,22986,23309,242,1083,5036,6187,6737,7549,8560,9888,10775,12441,12623,12691,13330,13757,15276,15384,15461,15602,15614,15933,16227,16488,16706,16919,16985,17183,17421,17586,17727,17765
1	95	17868	16709,20503,1136,20149,22121,14565,15675,19121,20392,21777,21978,22846,22986,23309,242,1083,5036,6187,6737,7549,8560,9888,10775,12441,12623,12691,13330,13757,15276,15384,15461,15602,15614,15933,16227,16488,16706,16919,16985,17183,17421,17586,17727,17765,17795
1	95	18187	16709,20503,1136,20149,22121,14565,15675,19121,20392,21777,21978,22846,22986,23309,242,1083,5036,6187,6737,7549,8560,9888,10775,12441,12623,12691,13330,13757,15276,15384,15461,15602,15614,15933,16227,16488,16706,16919,16985,17183,17421,17586,17727,17765,17795,17868
1	95	18372	16709,20503,1136,20149,22121,14565,15675,19121,20392,21777,21978,22846,22986,23309,242,1083,5036,6187,6737,7549,8560,9888,10775,12441,12623,12691,13330,13757,15276,15384,15461,15602,15614,15933,16227,16488,16706,16919,16985,17183,17421,17586,17727,17765,17795,17868,18187
1	95	18398	16709,20503,1136,20149,22121,14565,15675,19121,20392,21777,21978,22846,22986,23309,242,1083,5036,6187,6737,7549,8560,9888,10775,12441,12623,12691,13330,13757,15276,15384,15461,15602,15614,15933,16227,16488,16706,16919,16985,17183,17421,17586,17727,17765,17795,17868,18187,18372
1	95	18449	16709,20503,1136,20149,22121,14565,15675,19121,20392,21777,21978,22846,22986,23309,242,1083,5036,6187,6737,7549,8560,9888,10775,12441,12623,12691,13330,13757,15276,15384,15461,15602,15614,15933,16227,16488,16706,16919,16985,17183,17421,17586,17727,17765,17795,17868,18187,18372,18398
1	95	18627	16709,20503,1136,20149,22121,14565,15675,19121,20392,21777,21978,22846,22986,23309,242,1083,5036,6187,6737,7549,8560,9888,10775,12441,12623,12691,13330,13757,15276,15384,15461,15602,15614,15933,16227,16488,16706,16919,16985,17183,17421,17586,17727,17765,17795,17868,18187,18372,18398,18449
1	95	18808	16709,20503,1136,20149,22121,14565,15675,19121,20392,21777,21978,22846,22986,23309,242,1083,5036,6187,6737,7549,8560,9888,10775,12441,12623,12691,13330,13757,15276,15384,15461,15602,15614,15933,16227,16488,16706,16919,16985,17183,17421,17586,17727,17765,17795,17868,18187,18372,18398,18449,18627
1	95	18843	16709,20503,1136,20149,22121,14565,15675,19121,20392,21777,21978,22846,22986,23309,242,1083,5036,6187,6737,7549,8560,9888,10775,12441,12623,12691,13330,13757,15276,15384,15461,15602,15614,15933,16227,16488,16706,16919,16985,17183,17421,17586,17727,17765,17795,17868,18187,18372,18398,18449,18627,18808
1	95	19427	16709,20503,1136,20149,22121,14565,15675,19121,20392,21777,21978,22846,22986,23309,242,1083,5036,6187,6737,7549,8560,9888,10775,12441,12623,12691,13330,13757,15276,15384,15461,15602,15614,15933,16227,16488,16706,16919,16985,17183,17421,17586,17727,17765,17795,17868,18187,18372,18398,18449,18627,18808,18843
1	95	20221	16709,20503,1136,20149,22121,14565,15675,19121,20392,21777,21978,22846,22986,23309,242,1083,5036,6187,6737,7549,8560,9888,10775,12441,12623,12691,13330,13757,15276,15384,15461,15602,15614,15933,16227,16488,16706,16919,16985,17183,17421,17586,17727,17765,17795,17868,18187,18372,18398,18449,18627,18808,18843,19427
1	95	20274	16709,20503,1136,20149,22121,14565,15675,19121,20392,21777,21978,22846,22986,23309,242,1083,5036,6187,6737,7549,8560,9888,10775,12441,12623,12691,13330,13757,15276,15384,15461,15602,15614,15933,16227,16488,16706,16919,16985,17183,17421,17586,17727,17765,17795,17868,18187,18372,18398,18449,18627,18808,18843,19427,20221
1	95	20275	16709,20503,1136,20149,22121,14565,15675,19121,20392,21777,21978,22846,22986,23309,242,1083,5036,6187,6737,7549,8560,9888,10775,12441,12623,12691,13330,13757,15276,15384,15461,15602,15614,15933,16227,16488,16706,16919,16985,17183,17421,17586,17727,17765,17795,17868,18187,18372,18398,18449,18627,18808,18843,19427,20221,20274
1	95	20276	16709,20503,1136,20149,22121,14565,15675,19121,20392,21777,21978,22846,22986,23309,242,1083,5036,6187,6737,7549,8560,9888,10775,12441,12623,12691,13330,13757,15276,15384,15461,15602,15614,15933,16227,16488,16706,16919,16985,17183,17421,17586,17727,17765,17795,17868,18187,18372,18398,18449,18627,18808,18843,19427,20221,20274,20275
1	95	20369	16709,20503,1136,20149,22121,14565,15675,19121,20392,21777,21978,22846,22986,23309,242,1083,5036,6187,6737,7549,8560,9888,10775,12441,12623,12691,13330,13757,15276,15384,15461,15602,15614,15933,16227,16488,16706,16919,16985,17183,17421,17586,17727,17765,17795,17868,18187,18372,18398,18449,18627,18808,18843,19427,20221,20274,20275,20276
1	95	20696	16709,20503,1136,20149,22121,14565,15675,19121,20392,21777,21978,22846,22986,23309,242,1083,5036,6187,6737,7549,8560,9888,10775,12441,12623,12691,13330,13757,15276,15384,15461,15602,15614,15933,16227,16488,16706,16919,16985,17183,17421,17586,17727,17765,17795,17868,18187,18372,18398,18449,18627,18808,18843,19427,20221,20274,20275,20276,20369
1	95	25884	16709,20503,1136,20149,22121,14565,15675,19121,20392,21777,21978,22846,22986,23309,242,1083,5036,6187,6737,7549,8560,9888,10775,12441,12623,12691,13330,13757,15276,15384,15461,15602,15614,15933,16227,16488,16706,16919,16985,17183,17421,17586,17727,17765,17795,17868,18187,18372,18398,18449,18627,18808,18843,19427,20221,20274,20275,20276,20369,20696
1	95	3426	16709,20503,1136,20149,22121,14565,15675,19121,20392,21777,21978,22846,22986,23309,242,1083,5036,6187,6737,7549,8560,9888,10775,12441,12623,12691,13330,13757,15276,15384,15461,15602,15614,15933,16227,16488,16706,16919,16985,17183,17421,17586,17727,17765,17795,17868,18187,18372,18398,18449,18627,18808,18843,19427,20221,20274,20275,20276,20369,20696,25884
1	95	5370	16709,20503,1136,20149,22121,14565,15675,19121,20392,21777,21978,22846,22986,23309,242,1083,5036,6187,6737,7549,8560,9888,10775,12441,12623,12691,13330,13757,15276,15384,15461,15602,15614,15933,16227,16488,16706,16919,16985,17183,17421,17586,17727,17765,17795,17868,18187,18372,18398,18449,18627,18808,18843,19427,20221,20274,20275,20276,20369,20696,25884,3426
1	95	6698	16709,20503,1136,20149,22121,14565,15675,19121,20392,21777,21978,22846,22986,23309,242,1083,5036,6187,6737,7549,8560,9888,10775,12441,12623,12691,13330,13757,15276,15384,15461,15602,15614,15933,16227,16488,16706,16919,16985,17183,17421,17586,17727,17765,17795,17868,18187,18372,18398,18449,18627,18808,18843,19427,20221,20274,20275,20276,20369,20696,25884,3426,5370
1	95	7434	16709,20503,1136,20149,22121,14565,15675,19121,20392,21777,21978,22846,22986,23309,242,1083,5036,6187,6737,7549,8560,9888,10775,12441,12623,12691,13330,13757,15276,15384,15461,15602,15614,15933,16227,16488,16706,16919,16985,17183,17421,17586,17727,17765,17795,17868,18187,18372,18398,18449,18627,18808,18843,19427,20221,20274,20275,20276,20369,20696,25884,3426,5370,6698
1	95	16276	16709,20503,1136,20149,22121,14565,15675,19121,20392,21777,21978,22846,22986,23309,242,1083,5036,6187,6737,7549,8560,9888,10775,12441,12623,12691,13330,13757,15276,15384,15461,15602,15614,15933,16227,16488,16706,16919,16985,17183,17421,17586,17727,17765,17795,17868,18187,18372,18398,18449,18627,18808,18843,19427,20221,20274,20275,20276,20369,20696,25884,3426,5370,6698,7434
1	95	23492	16709,20503,1136,20149,22121,14565,15675,19121,20392,21777,21978,22846,22986,23309,242,1083,5036,6187,6737,7549,8560,9888,10775,12441,12623,12691,13330,13757,15276,15384,15461,15602,15614,15933,16227,16488,16706,16919,16985,17183,17421,17586,17727,17765,17795,17868,18187,18372,18398,18449,18627,18808,18843,19427,20221,20274,20275,20276,20369,20696,25884,3426,5370,6698,7434,16276
1	95	25849	16709,20503,1136,20149,22121,14565,15675,19121,20392,21777,21978,22846,22986,23309,242,1083,5036,6187,6737,7549,8560,9888,10775,12441,12623,12691,13330,13757,15276,15384,15461,15602,15614,15933,16227,16488,16706,16919,16985,17183,17421,17586,17727,17765,17795,17868,18187,18372,18398,18449,18627,18808,18843,19427,20221,20274,20275,20276,20369,20696,25884,3426,5370,6698,7434,16276,23492
1	95	7307	16709,20503,1136,20149,22121,14565,15675,19121,20392,21777,21978,22846,22986,23309,242,1083,5036,6187,6737,7549,8560,9888,10775,12441,12623,12691,13330,13757,15276,15384,15461,15602,15614,15933,16227,16488,16706,16919,16985,17183,17421,17586,17727,17765,17795,17868,18187,18372,18398,18449,18627,18808,18843,19427,20221,20274,20275,20276,20369,20696,25884,3426,5370,6698,7434,16276,23492,25849
1	95	11387	16709,20503,1136,20149,22121,14565,15675,19121,20392,21777,21978,22846,22986,23309,242,1083,5036,6187,6737,7549,8560,9888,10775,12441,12623,12691,13330,13757,15276,15384,15461,15602,15614,15933,16227,16488,16706,16919,16985,17183,17421,17586,17727,17765,17795,17868,18187,18372,18398,18449,18627,18808,18843,19427,20221,20274,20275,20276,20369,20696,25884,3426,5370,6698,7434,16276,23492,25849,7307
1	95	18051	16709,20503,1136,20149,22121,14565,15675,19121,20392,21777,21978,22846,22986,23309,242,1083,5036,6187,6737,7549,8560,9888,10775,12441,12623,12691,13330,13757,15276,15384,15461,15602,15614,15933,16227,16488,16706,16919,16985,17183,17421,17586,17727,17765,17795,17868,18187,18372,18398,18449,18627,18808,18843,19427,20221,20274,20275,20276,20369,20696,25884,3426,5370,6698,7434,16276,23492,25849,7307,11387
1	95	19336	16709,20503,1136,20149,22121,14565,15675,19121,20392,21777,21978,22846,22986,23309,242,1083,5036,6187,6737,7549,8560,9888,10775,12441,12623,12691,13330,13757,15276,15384,15461,15602,15614,15933,16227,16488,16706,16919,16985,17183,17421,17586,17727,17765,17795,17868,18187,18372,18398,18449,18627,18808,18843,19427,20221,20274,20275,20276,20369,20696,25884,3426,5370,6698,7434,16276,23492,25849,7307,11387,18051
1	95	22192	16709,20503,1136,20149,22121,14565,15675,19121,20392,21777,21978,22846,22986,23309,242,1083,5036,6187,6737,7549,8560,9888,10775,12441,12623,12691,13330,13757,15276,15384,15461,15602,15614,15933,16227,16488,16706,16919,16985,17183,17421,17586,17727,17765,17795,17868,18187,18372,18398,18449,18627,18808,18843,19427,20221,20274,20275,20276,20369,20696,25884,3426,5370,6698,7434,16276,23492,25849,7307,11387,18051,19336
0	95	16438	16709,20503,1136,20149,22121,14565,15675,19121,20392,21777,21978,22846,22986,23309,242,1083,5036,6187,6737,7549,8560,9888,10775,12441,12623,12691,13330,13757,15276,15384,15461,15602,15614,15933,16227,16488,16706,16919,16985,17183,17421,17586,17727,17765,17795,17868,18187,18372,18398,18449,18627,18808,18843,19427,20221,20274,20275,20276,20369,20696,25884,3426,5370,6698,7434,16276,23492,25849,7307,11387,18051,19336,22192
1	95	17782	16709,20503,1136,20149,22121,14565,15675,19121,20392,21777,21978,22846,22986,23309,242,1083,5036,6187,6737,7549,8560,9888,10775,12441,12623,12691,13330,13757,15276,15384,15461,15602,15614,15933,16227,16488,16706,16919,16985,17183,17421,17586,17727,17765,17795,17868,18187,18372,18398,18449,18627,18808,18843,19427,20221,20274,20275,20276,20369,20696,25884,3426,5370,6698,7434,16276,23492,25849,7307,11387,18051,19336,22192
1	95	19528	16709,20503,1136,20149,22121,14565,15675,19121,20392,21777,21978,22846,22986,23309,242,1083,5036,6187,6737,7549,8560,9888,10775,12441,12623,12691,13330,13757,15276,15384,15461,15602,15614,15933,16227,16488,16706,16919,16985,17183,17421,17586,17727,17765,17795,17868,18187,18372,18398,18449,18627,18808,18843,19427,20221,20274,20275,20276,20369,20696,25884,3426,5370,6698,7434,16276,23492,25849,7307,11387,18051,19336,22192,17782
1	95	22719	16709,20503,1136,20149,22121,14565,15675,19121,20392,21777,21978,22846,22986,23309,242,1083,5036,6187,6737,7549,8560,9888,10775,12441,12623,12691,13330,13757,15276,15384,15461,15602,15614,15933,16227,16488,16706,16919,16985,17183,17421,17586,17727,17765,17795,17868,18187,18372,18398,18449,18627,18808,18843,19427,20221,20274,20275,20276,20369,20696,25884,3426,5370,6698,7434,16276,23492,25849,7307,11387,18051,19336,22192,17782,19528
1	95	23867	16709,20503,1136,20149,22121,14565,15675,19121,20392,21777,21978,22846,22986,23309,242,1083,5036,6187,6737,7549,8560,9888,10775,12441,12623,12691,13330,13757,15276,15384,15461,15602,15614,15933,16227,16488,16706,16919,16985,17183,17421,17586,17727,17765,17795,17868,18187,18372,18398,18449,18627,18808,18843,19427,20221,20274,20275,20276,20369,20696,25884,3426,5370,6698,7434,16276,23492,25849,7307,11387,18051,19336,22192,17782,19528,22719
1	95	23999	16709,20503,1136,20149,22121,14565,15675,19121,20392,21777,21978,22846,22986,23309,242,1083,5036,6187,6737,7549,8560,9888,10775,12441,12623,12691,13330,13757,15276,15384,15461,15602,15614,15933,16227,16488,16706,16919,16985,17183,17421,17586,17727,17765,17795,17868,18187,18372,18398,18449,18627,18808,18843,19427,20221,20274,20275,20276,20369,20696,25884,3426,5370,6698,7434,16276,23492,25849,7307,11387,18051,19336,22192,17782,19528,22719,23867
1	95	25721	16709,20503,1136,20149,22121,14565,15675,19121,20392,21777,21978,22846,22986,23309,242,1083,5036,6187,6737,7549,8560,9888,10775,12441,12623,12691,13330,13757,15276,15384,15461,15602,15614,15933,16227,16488,16706,16919,16985,17183,17421,17586,17727,17765,17795,17868,18187,18372,18398,18449,18627,18808,18843,19427,20221,20274,20275,20276,20369,20696,25884,3426,5370,6698,7434,16276,23492,25849,7307,11387,18051,19336,22192,17782,19528,22719,23867,23999
1	95	26802	16709,20503,1136,20149,22121,14565,15675,19121,20392,21777,21978,22846,22986,23309,242,1083,5036,6187,6737,7549,8560,9888,10775,12441,12623,12691,13330,13757,15276,15384,15461,15602,15614,15933,16227,16488,16706,16919,16985,17183,17421,17586,17727,17765,17795,17868,18187,18372,18398,18449,18627,18808,18843,19427,20221,20274,20275,20276,20369,20696,25884,3426,5370,6698,7434,16276,23492,25849,7307,11387,18051,19336,22192,17782,19528,22719,23867,23999,25721
1	95	19717	16709,20503,1136,20149,22121,14565,15675,19121,20392,21777,21978,22846,22986,23309,242,1083,5036,6187,6737,7549,8560,9888,10775,12441,12623,12691,13330,13757,15276,15384,15461,15602,15614,15933,16227,16488,16706,16919,16985,17183,17421,17586,17727,17765,17795,17868,18187,18372,18398,18449,18627,18808,18843,19427,20221,20274,20275,20276,20369,20696,25884,3426,5370,6698,7434,16276,23492,25849,7307,11387,18051,19336,22192,17782,19528,22719,23867,23999,25721,26802
1	95	21592	16709,20503,1136,20149,22121,14565,15675,19121,20392,21777,21978,22846,22986,23309,242,1083,5036,6187,6737,7549,8560,9888,10775,12441,12623,12691,13330,13757,15276,15384,15461,15602,15614,15933,16227,16488,16706,16919,16985,17183,17421,17586,17727,17765,17795,17868,18187,18372,18398,18449,18627,18808,18843,19427,20221,20274,20275,20276,20369,20696,25884,3426,5370,6698,7434,16276,23492,25849,7307,11387,18051,19336,22192,17782,19528,22719,23867,23999,25721,26802,19717
1	95	22372	16709,20503,1136,20149,22121,14565,15675,19121,20392,21777,21978,22846,22986,23309,242,1083,5036,6187,6737,7549,8560,9888,10775,12441,12623,12691,13330,13757,15276,15384,15461,15602,15614,15933,16227,16488,16706,16919,16985,17183,17421,17586,17727,17765,17795,17868,18187,18372,18398,18449,18627,18808,18843,19427,20221,20274,20275,20276,20369,20696,25884,3426,5370,6698,7434,16276,23492,25849,7307,11387,18051,19336,22192,17782,19528,22719,23867,23999,25721,26802,19717,21592
1	95	24154	16709,20503,1136,20149,22121,14565,15675,19121,20392,21777,21978,22846,22986,23309,242,1083,5036,6187,6737,7549,8560,9888,10775,12441,12623,12691,13330,13757,15276,15384,15461,15602,15614,15933,16227,16488,16706,16919,16985,17183,17421,17586,17727,17765,17795,17868,18187,18372,18398,18449,18627,18808,18843,19427,20221,20274,20275,20276,20369,20696,25884,3426,5370,6698,7434,16276,23492,25849,7307,11387,18051,19336,22192,17782,19528,22719,23867,23999,25721,26802,19717,21592,22372
1	95	25067	16709,20503,1136,20149,22121,14565,15675,19121,20392,21777,21978,22846,22986,23309,242,1083,5036,6187,6737,7549,8560,9888,10775,12441,12623,12691,13330,13757,15276,15384,15461,15602,15614,15933,16227,16488,16706,16919,16985,17183,17421,17586,17727,17765,17795,17868,18187,18372,18398,18449,18627,18808,18843,19427,20221,20274,20275,20276,20369,20696,25884,3426,5370,6698,7434,16276,23492,25849,7307,11387,18051,19336,22192,17782,19528,22719,23867,23999,25721,26802,19717,21592,22372,24154
1	95	20981	16709,20503,1136,20149,22121,14565,15675,19121,20392,21777,21978,22846,22986,23309,242,1083,5036,6187,6737,7549,8560,9888,10775,12441,12623,12691,13330,13757,15276,15384,15461,15602,15614,15933,16227,16488,16706,16919,16985,17183,17421,17586,17727,17765,17795,17868,18187,18372,18398,18449,18627,18808,18843,19427,20221,20274,20275,20276,20369,20696,25884,3426,5370,6698,7434,16276,23492,25849,7307,11387,18051,19336,22192,17782,19528,22719,23867,23999,25721,26802,19717,21592,22372,24154,25067
1	95	2265	16709,20503,1136,20149,22121,14565,15675,19121,20392,21777,21978,22846,22986,23309,242,1083,5036,6187,6737,7549,8560,9888,10775,12441,12623,12691,13330,13757,15276,15384,15461,15602,15614,15933,16227,16488,16706,16919,16985,17183,17421,17586,17727,17765,17795,17868,18187,18372,18398,18449,18627,18808,18843,19427,20221,20274,20275,20276,20369,20696,25884,3426,5370,6698,7434,16276,23492,25849,7307,11387,18051,19336,22192,17782,19528,22719,23867,23999,25721,26802,19717,21592,22372,24154,25067,20981
1	95	17819	16709,20503,1136,20149,22121,14565,15675,19121,20392,21777,21978,22846,22986,23309,242,1083,5036,6187,6737,7549,8560,9888,10775,12441,12623,12691,13330,13757,15276,15384,15461,15602,15614,15933,16227,16488,16706,16919,16985,17183,17421,17586,17727,17765,17795,17868,18187,18372,18398,18449,18627,18808,18843,19427,20221,20274,20275,20276,20369,20696,25884,3426,5370,6698,7434,16276,23492,25849,7307,11387,18051,19336,22192,17782,19528,22719,23867,23999,25721,26802,19717,21592,22372,24154,25067,20981,2265
1	95	19351	16709,20503,1136,20149,22121,14565,15675,19121,20392,21777,21978,22846,22986,23309,242,1083,5036,6187,6737,7549,8560,9888,10775,12441,12623,12691,13330,13757,15276,15384,15461,15602,15614,15933,16227,16488,16706,16919,16985,17183,17421,17586,17727,17765,17795,17868,18187,18372,18398,18449,18627,18808,18843,19427,20221,20274,20275,20276,20369,20696,25884,3426,5370,6698,7434,16276,23492,25849,7307,11387,18051,19336,22192,17782,19528,22719,23867,23999,25721,26802,19717,21592,22372,24154,25067,20981,2265,17819
1	95	22718	16709,20503,1136,20149,22121,14565,15675,19121,20392,21777,21978,22846,22986,23309,242,1083,5036,6187,6737,7549,8560,9888,10775,12441,12623,12691,13330,13757,15276,15384,15461,15602,15614,15933,16227,16488,16706,16919,16985,17183,17421,17586,17727,17765,17795,17868,18187,18372,18398,18449,18627,18808,18843,19427,20221,20274,20275,20276,20369,20696,25884,3426,5370,6698,7434,16276,23492,25849,7307,11387,18051,19336,22192,17782,19528,22719,23867,23999,25721,26802,19717,21592,22372,24154,25067,20981,2265,17819,19351
1	95	23017	16709,20503,1136,20149,22121,14565,15675,19121,20392,21777,21978,22846,22986,23309,242,1083,5036,6187,6737,7549,8560,9888,10775,12441,12623,12691,13330,13757,15276,15384,15461,15602,15614,15933,16227,16488,16706,16919,16985,17183,17421,17586,17727,17765,17795,17868,18187,18372,18398,18449,18627,18808,18843,19427,20221,20274,20275,20276,20369,20696,25884,3426,5370,6698,7434,16276,23492,25849,7307,11387,18051,19336,22192,17782,19528,22719,23867,23999,25721,26802,19717,21592,22372,24154,25067,20981,2265,17819,19351,22718
