1	1842	13103	0
0	1842	31052	13103
1	1842	31850	13103
0	1842	6781	13103,31850
1	1842	20482	13103,31850
1	1842	10018	13103,31850,20482
1	1842	6853	13103,31850,20482,10018
1	1842	23554	13103,31850,20482,10018,6853
0	1842	23602	13103,31850,20482,10018,6853,23554
1	1842	26930	13103,31850,20482,10018,6853,23554
1	1842	390	13103,31850,20482,10018,6853,23554,26930
1	1842	6786	13103,31850,20482,10018,6853,23554,26930,390
1	1842	3744	13103,31850,20482,10018,6853,23554,26930,390,6786
1	1842	3267	13103,31850,20482,10018,6853,23554,26930,390,6786,3744
1	1842	4752	13103,31850,20482,10018,6853,23554,26930,390,6786,3744,3267
1	1842	1515	13103,31850,20482,10018,6853,23554,26930,390,6786,3744,3267,4752
1	1842	32220	13103,31850,20482,10018,6853,23554,26930,390,6786,3744,3267,4752,1515
1	1842	3736	13103,31850,20482,10018,6853,23554,26930,390,6786,3744,3267,4752,1515,32220
1	1842	4696	13103,31850,20482,10018,6853,23554,26930,390,6786,3744,3267,4752,1515,32220,3736
1	1842	10718	13103,31850,20482,10018,6853,23554,26930,390,6786,3744,3267,4752,1515,32220,3736,4696
1	1842	9968	13103,31850,20482,10018,6853,23554,26930,390,6786,3744,3267,4752,1515,32220,3736,4696,10718
1	1842	1834	13103,31850,20482,10018,6853,23554,26930,390,6786,3744,3267,4752,1515,32220,3736,4696,10718,9968
1	1842	2943	13103,31850,20482,10018,6853,23554,26930,390,6786,3744,3267,4752,1515,32220,3736,4696,10718,9968,1834
0	1842	2503	13103,31850,20482,10018,6853,23554,26930,390,6786,3744,3267,4752,1515,32220,3736,4696,10718,9968,1834,2943
1	1842	10144	13103,31850,20482,10018,6853,23554,26930,390,6786,3744,3267,4752,1515,32220,3736,4696,10718,9968,1834,2943
1	1842	15475	13103,31850,20482,10018,6853,23554,26930,390,6786,3744,3267,4752,1515,32220,3736,4696,10718,9968,1834,2943,10144
0	1842	9824	13103,31850,20482,10018,6853,23554,26930,390,6786,3744,3267,4752,1515,32220,3736,4696,10718,9968,1834,2943,10144,15475
1	1842	11648	13103,31850,20482,10018,6853,23554,26930,390,6786,3744,3267,4752,1515,32220,3736,4696,10718,9968,1834,2943,10144,15475
1	1842	16326	13103,31850,20482,10018,6853,23554,26930,390,6786,3744,3267,4752,1515,32220,3736,4696,10718,9968,1834,2943,10144,15475,11648
1	1842	17161	13103,31850,20482,10018,6853,23554,26930,390,6786,3744,3267,4752,1515,32220,3736,4696,10718,9968,1834,2943,10144,15475,11648,16326
1	1842	9970	13103,31850,20482,10018,6853,23554,26930,390,6786,3744,3267,4752,1515,32220,3736,4696,10718,9968,1834,2943,10144,15475,11648,16326,17161
1	1842	14295	13103,31850,20482,10018,6853,23554,26930,390,6786,3744,3267,4752,1515,32220,3736,4696,10718,9968,1834,2943,10144,15475,11648,16326,17161,9970
1	1842	31376	13103,31850,20482,10018,6853,23554,26930,390,6786,3744,3267,4752,1515,32220,3736,4696,10718,9968,1834,2943,10144,15475,11648,16326,17161,9970,14295
1	1842	15776	13103,31850,20482,10018,6853,23554,26930,390,6786,3744,3267,4752,1515,32220,3736,4696,10718,9968,1834,2943,10144,15475,11648,16326,17161,9970,14295,31376
1	1842	15218	13103,31850,20482,10018,6853,23554,26930,390,6786,3744,3267,4752,1515,32220,3736,4696,10718,9968,1834,2943,10144,15475,11648,16326,17161,9970,14295,31376,15776
1	1842	19547	13103,31850,20482,10018,6853,23554,26930,390,6786,3744,3267,4752,1515,32220,3736,4696,10718,9968,1834,2943,10144,15475,11648,16326,17161,9970,14295,31376,15776,15218
1	1842	9083	13103,31850,20482,10018,6853,23554,26930,390,6786,3744,3267,4752,1515,32220,3736,4696,10718,9968,1834,2943,10144,15475,11648,16326,17161,9970,14295,31376,15776,15218,19547
1	1842	8664	13103,31850,20482,10018,6853,23554,26930,390,6786,3744,3267,4752,1515,32220,3736,4696,10718,9968,1834,2943,10144,15475,11648,16326,17161,9970,14295,31376,15776,15218,19547,9083
1	1842	11751	13103,31850,20482,10018,6853,23554,26930,390,6786,3744,3267,4752,1515,32220,3736,4696,10718,9968,1834,2943,10144,15475,11648,16326,17161,9970,14295,31376,15776,15218,19547,9083,8664
1	1842	5596	13103,31850,20482,10018,6853,23554,26930,390,6786,3744,3267,4752,1515,32220,3736,4696,10718,9968,1834,2943,10144,15475,11648,16326,17161,9970,14295,31376,15776,15218,19547,9083,8664,11751
1	1842	19203	13103,31850,20482,10018,6853,23554,26930,390,6786,3744,3267,4752,1515,32220,3736,4696,10718,9968,1834,2943,10144,15475,11648,16326,17161,9970,14295,31376,15776,15218,19547,9083,8664,11751,5596
0	1842	20343	13103,31850,20482,10018,6853,23554,26930,390,6786,3744,3267,4752,1515,32220,3736,4696,10718,9968,1834,2943,10144,15475,11648,16326,17161,9970,14295,31376,15776,15218,19547,9083,8664,11751,5596,19203
1	1842	21157	13103,31850,20482,10018,6853,23554,26930,390,6786,3744,3267,4752,1515,32220,3736,4696,10718,9968,1834,2943,10144,15475,11648,16326,17161,9970,14295,31376,15776,15218,19547,9083,8664,11751,5596,19203
1	1842	22052	13103,31850,20482,10018,6853,23554,26930,390,6786,3744,3267,4752,1515,32220,3736,4696,10718,9968,1834,2943,10144,15475,11648,16326,17161,9970,14295,31376,15776,15218,19547,9083,8664,11751,5596,19203,21157
1	1842	22355	13103,31850,20482,10018,6853,23554,26930,390,6786,3744,3267,4752,1515,32220,3736,4696,10718,9968,1834,2943,10144,15475,11648,16326,17161,9970,14295,31376,15776,15218,19547,9083,8664,11751,5596,19203,21157,22052
1	1842	23451	13103,31850,20482,10018,6853,23554,26930,390,6786,3744,3267,4752,1515,32220,3736,4696,10718,9968,1834,2943,10144,15475,11648,16326,17161,9970,14295,31376,15776,15218,19547,9083,8664,11751,5596,19203,21157,22052,22355
1	1842	3909	13103,31850,20482,10018,6853,23554,26930,390,6786,3744,3267,4752,1515,32220,3736,4696,10718,9968,1834,2943,10144,15475,11648,16326,17161,9970,14295,31376,15776,15218,19547,9083,8664,11751,5596,19203,21157,22052,22355,23451
0	1842	22217	13103,31850,20482,10018,6853,23554,26930,390,6786,3744,3267,4752,1515,32220,3736,4696,10718,9968,1834,2943,10144,15475,11648,16326,17161,9970,14295,31376,15776,15218,19547,9083,8664,11751,5596,19203,21157,22052,22355,23451,3909
0	1842	21162	13103,31850,20482,10018,6853,23554,26930,390,6786,3744,3267,4752,1515,32220,3736,4696,10718,9968,1834,2943,10144,15475,11648,16326,17161,9970,14295,31376,15776,15218,19547,9083,8664,11751,5596,19203,21157,22052,22355,23451,3909
1	1842	22221	13103,31850,20482,10018,6853,23554,26930,390,6786,3744,3267,4752,1515,32220,3736,4696,10718,9968,1834,2943,10144,15475,11648,16326,17161,9970,14295,31376,15776,15218,19547,9083,8664,11751,5596,19203,21157,22052,22355,23451,3909
1	1842	22331	13103,31850,20482,10018,6853,23554,26930,390,6786,3744,3267,4752,1515,32220,3736,4696,10718,9968,1834,2943,10144,15475,11648,16326,17161,9970,14295,31376,15776,15218,19547,9083,8664,11751,5596,19203,21157,22052,22355,23451,3909,22221
1	1842	8246	13103,31850,20482,10018,6853,23554,26930,390,6786,3744,3267,4752,1515,32220,3736,4696,10718,9968,1834,2943,10144,15475,11648,16326,17161,9970,14295,31376,15776,15218,19547,9083,8664,11751,5596,19203,21157,22052,22355,23451,3909,22221,22331
1	1842	31151	13103,31850,20482,10018,6853,23554,26930,390,6786,3744,3267,4752,1515,32220,3736,4696,10718,9968,1834,2943,10144,15475,11648,16326,17161,9970,14295,31376,15776,15218,19547,9083,8664,11751,5596,19203,21157,22052,22355,23451,3909,22221,22331,8246
1	1842	18843	13103,31850,20482,10018,6853,23554,26930,390,6786,3744,3267,4752,1515,32220,3736,4696,10718,9968,1834,2943,10144,15475,11648,16326,17161,9970,14295,31376,15776,15218,19547,9083,8664,11751,5596,19203,21157,22052,22355,23451,3909,22221,22331,8246,31151
1	1842	17915	13103,31850,20482,10018,6853,23554,26930,390,6786,3744,3267,4752,1515,32220,3736,4696,10718,9968,1834,2943,10144,15475,11648,16326,17161,9970,14295,31376,15776,15218,19547,9083,8664,11751,5596,19203,21157,22052,22355,23451,3909,22221,22331,8246,31151,18843
1	1842	13472	13103,31850,20482,10018,6853,23554,26930,390,6786,3744,3267,4752,1515,32220,3736,4696,10718,9968,1834,2943,10144,15475,11648,16326,17161,9970,14295,31376,15776,15218,19547,9083,8664,11751,5596,19203,21157,22052,22355,23451,3909,22221,22331,8246,31151,18843,17915
0	1842	9142	13103,31850,20482,10018,6853,23554,26930,390,6786,3744,3267,4752,1515,32220,3736,4696,10718,9968,1834,2943,10144,15475,11648,16326,17161,9970,14295,31376,15776,15218,19547,9083,8664,11751,5596,19203,21157,22052,22355,23451,3909,22221,22331,8246,31151,18843,17915,13472
1	1842	10877	13103,31850,20482,10018,6853,23554,26930,390,6786,3744,3267,4752,1515,32220,3736,4696,10718,9968,1834,2943,10144,15475,11648,16326,17161,9970,14295,31376,15776,15218,19547,9083,8664,11751,5596,19203,21157,22052,22355,23451,3909,22221,22331,8246,31151,18843,17915,13472
1	1842	26539	13103,31850,20482,10018,6853,23554,26930,390,6786,3744,3267,4752,1515,32220,3736,4696,10718,9968,1834,2943,10144,15475,11648,16326,17161,9970,14295,31376,15776,15218,19547,9083,8664,11751,5596,19203,21157,22052,22355,23451,3909,22221,22331,8246,31151,18843,17915,13472,10877
0	1842	19773	13103,31850,20482,10018,6853,23554,26930,390,6786,3744,3267,4752,1515,32220,3736,4696,10718,9968,1834,2943,10144,15475,11648,16326,17161,9970,14295,31376,15776,15218,19547,9083,8664,11751,5596,19203,21157,22052,22355,23451,3909,22221,22331,8246,31151,18843,17915,13472,10877,26539
1	1842	27746	13103,31850,20482,10018,6853,23554,26930,390,6786,3744,3267,4752,1515,32220,3736,4696,10718,9968,1834,2943,10144,15475,11648,16326,17161,9970,14295,31376,15776,15218,19547,9083,8664,11751,5596,19203,21157,22052,22355,23451,3909,22221,22331,8246,31151,18843,17915,13472,10877,26539
1	1842	24632	13103,31850,20482,10018,6853,23554,26930,390,6786,3744,3267,4752,1515,32220,3736,4696,10718,9968,1834,2943,10144,15475,11648,16326,17161,9970,14295,31376,15776,15218,19547,9083,8664,11751,5596,19203,21157,22052,22355,23451,3909,22221,22331,8246,31151,18843,17915,13472,10877,26539,27746
0	1842	26727	13103,31850,20482,10018,6853,23554,26930,390,6786,3744,3267,4752,1515,32220,3736,4696,10718,9968,1834,2943,10144,15475,11648,16326,17161,9970,14295,31376,15776,15218,19547,9083,8664,11751,5596,19203,21157,22052,22355,23451,3909,22221,22331,8246,31151,18843,17915,13472,10877,26539,27746,24632
1	1842	23928	13103,31850,20482,10018,6853,23554,26930,390,6786,3744,3267,4752,1515,32220,3736,4696,10718,9968,1834,2943,10144,15475,11648,16326,17161,9970,14295,31376,15776,15218,19547,9083,8664,11751,5596,19203,21157,22052,22355,23451,3909,22221,22331,8246,31151,18843,17915,13472,10877,26539,27746,24632
1	1842	28469	13103,31850,20482,10018,6853,23554,26930,390,6786,3744,3267,4752,1515,32220,3736,4696,10718,9968,1834,2943,10144,15475,11648,16326,17161,9970,14295,31376,15776,15218,19547,9083,8664,11751,5596,19203,21157,22052,22355,23451,3909,22221,22331,8246,31151,18843,17915,13472,10877,26539,27746,24632,23928
1	1842	28225	13103,31850,20482,10018,6853,23554,26930,390,6786,3744,3267,4752,1515,32220,3736,4696,10718,9968,1834,2943,10144,15475,11648,16326,17161,9970,14295,31376,15776,15218,19547,9083,8664,11751,5596,19203,21157,22052,22355,23451,3909,22221,22331,8246,31151,18843,17915,13472,10877,26539,27746,24632,23928,28469
1	1842	837	13103,31850,20482,10018,6853,23554,26930,390,6786,3744,3267,4752,1515,32220,3736,4696,10718,9968,1834,2943,10144,15475,11648,16326,17161,9970,14295,31376,15776,15218,19547,9083,8664,11751,5596,19203,21157,22052,22355,23451,3909,22221,22331,8246,31151,18843,17915,13472,10877,26539,27746,24632,23928,28469,28225
0	1842	26516	13103,31850,20482,10018,6853,23554,26930,390,6786,3744,3267,4752,1515,32220,3736,4696,10718,9968,1834,2943,10144,15475,11648,16326,17161,9970,14295,31376,15776,15218,19547,9083,8664,11751,5596,19203,21157,22052,22355,23451,3909,22221,22331,8246,31151,18843,17915,13472,10877,26539,27746,24632,23928,28469,28225,837
1	1842	27758	13103,31850,20482,10018,6853,23554,26930,390,6786,3744,3267,4752,1515,32220,3736,4696,10718,9968,1834,2943,10144,15475,11648,16326,17161,9970,14295,31376,15776,15218,19547,9083,8664,11751,5596,19203,21157,22052,22355,23451,3909,22221,22331,8246,31151,18843,17915,13472,10877,26539,27746,24632,23928,28469,28225,837
