1	1837	3579	0
1	1837	7874	3579
1	1837	28784	3579,7874
0	1837	17524	3579,7874,28784
0	1837	31240	3579,7874,28784
1	1837	32010	3579,7874,28784
0	1837	23420	3579,7874,28784,32010
0	1837	32013	3579,7874,28784,32010
0	1837	31246	3579,7874,28784,32010
1	1837	6054	3579,7874,28784,32010
1	1837	22997	3579,7874,28784,32010,6054
1	1837	25668	3579,7874,28784,32010,6054,22997
1	1837	31492	3579,7874,28784,32010,6054,22997,25668
1	1837	665	3579,7874,28784,32010,6054,22997,25668,31492
1	1837	31180	3579,7874,28784,32010,6054,22997,25668,31492,665
0	1837	32999	3579,7874,28784,32010,6054,22997,25668,31492,665,31180
1	1837	850	3579,7874,28784,32010,6054,22997,25668,31492,665,31180
1	1837	1939	3579,7874,28784,32010,6054,22997,25668,31492,665,31180,850
1	1837	32406	3579,7874,28784,32010,6054,22997,25668,31492,665,31180,850,1939
0	1837	1272	3579,7874,28784,32010,6054,22997,25668,31492,665,31180,850,1939,32406
1	1837	1306	3579,7874,28784,32010,6054,22997,25668,31492,665,31180,850,1939,32406
1	1837	5070	3579,7874,28784,32010,6054,22997,25668,31492,665,31180,850,1939,32406,1306
1	1837	1028	3579,7874,28784,32010,6054,22997,25668,31492,665,31180,850,1939,32406,1306,5070
1	1837	4922	3579,7874,28784,32010,6054,22997,25668,31492,665,31180,850,1939,32406,1306,5070,1028
1	1837	4926	3579,7874,28784,32010,6054,22997,25668,31492,665,31180,850,1939,32406,1306,5070,1028,4922
1	1837	3374	3579,7874,28784,32010,6054,22997,25668,31492,665,31180,850,1939,32406,1306,5070,1028,4922,4926
0	1837	3022	3579,7874,28784,32010,6054,22997,25668,31492,665,31180,850,1939,32406,1306,5070,1028,4922,4926,3374
1	1837	3162	3579,7874,28784,32010,6054,22997,25668,31492,665,31180,850,1939,32406,1306,5070,1028,4922,4926,3374
0	1837	2653	3579,7874,28784,32010,6054,22997,25668,31492,665,31180,850,1939,32406,1306,5070,1028,4922,4926,3374,3162
0	1837	5719	3579,7874,28784,32010,6054,22997,25668,31492,665,31180,850,1939,32406,1306,5070,1028,4922,4926,3374,3162
1	1837	5465	3579,7874,28784,32010,6054,22997,25668,31492,665,31180,850,1939,32406,1306,5070,1028,4922,4926,3374,3162
1	1837	6786	3579,7874,28784,32010,6054,22997,25668,31492,665,31180,850,1939,32406,1306,5070,1028,4922,4926,3374,3162,5465
0	1837	6276	3579,7874,28784,32010,6054,22997,25668,31492,665,31180,850,1939,32406,1306,5070,1028,4922,4926,3374,3162,5465,6786
1	1837	4781	3579,7874,28784,32010,6054,22997,25668,31492,665,31180,850,1939,32406,1306,5070,1028,4922,4926,3374,3162,5465,6786
1	1837	7298	3579,7874,28784,32010,6054,22997,25668,31492,665,31180,850,1939,32406,1306,5070,1028,4922,4926,3374,3162,5465,6786,4781
0	1837	6400	3579,7874,28784,32010,6054,22997,25668,31492,665,31180,850,1939,32406,1306,5070,1028,4922,4926,3374,3162,5465,6786,4781,7298
1	1837	9943	3579,7874,28784,32010,6054,22997,25668,31492,665,31180,850,1939,32406,1306,5070,1028,4922,4926,3374,3162,5465,6786,4781,7298
0	1837	11661	3579,7874,28784,32010,6054,22997,25668,31492,665,31180,850,1939,32406,1306,5070,1028,4922,4926,3374,3162,5465,6786,4781,7298,9943
0	1837	9054	3579,7874,28784,32010,6054,22997,25668,31492,665,31180,850,1939,32406,1306,5070,1028,4922,4926,3374,3162,5465,6786,4781,7298,9943
1	1837	10020	3579,7874,28784,32010,6054,22997,25668,31492,665,31180,850,1939,32406,1306,5070,1028,4922,4926,3374,3162,5465,6786,4781,7298,9943
1	1837	8512	3579,7874,28784,32010,6054,22997,25668,31492,665,31180,850,1939,32406,1306,5070,1028,4922,4926,3374,3162,5465,6786,4781,7298,9943,10020
0	1837	137	3579,7874,28784,32010,6054,22997,25668,31492,665,31180,850,1939,32406,1306,5070,1028,4922,4926,3374,3162,5465,6786,4781,7298,9943,10020,8512
1	1837	6233	3579,7874,28784,32010,6054,22997,25668,31492,665,31180,850,1939,32406,1306,5070,1028,4922,4926,3374,3162,5465,6786,4781,7298,9943,10020,8512
0	1837	20482	3579,7874,28784,32010,6054,22997,25668,31492,665,31180,850,1939,32406,1306,5070,1028,4922,4926,3374,3162,5465,6786,4781,7298,9943,10020,8512,6233
1	1837	416	3579,7874,28784,32010,6054,22997,25668,31492,665,31180,850,1939,32406,1306,5070,1028,4922,4926,3374,3162,5465,6786,4781,7298,9943,10020,8512,6233
0	1837	8488	3579,7874,28784,32010,6054,22997,25668,31492,665,31180,850,1939,32406,1306,5070,1028,4922,4926,3374,3162,5465,6786,4781,7298,9943,10020,8512,6233,416
1	1837	31263	3579,7874,28784,32010,6054,22997,25668,31492,665,31180,850,1939,32406,1306,5070,1028,4922,4926,3374,3162,5465,6786,4781,7298,9943,10020,8512,6233,416
0	1837	3749	3579,7874,28784,32010,6054,22997,25668,31492,665,31180,850,1939,32406,1306,5070,1028,4922,4926,3374,3162,5465,6786,4781,7298,9943,10020,8512,6233,416,31263
0	1837	8581	3579,7874,28784,32010,6054,22997,25668,31492,665,31180,850,1939,32406,1306,5070,1028,4922,4926,3374,3162,5465,6786,4781,7298,9943,10020,8512,6233,416,31263
0	1837	10828	3579,7874,28784,32010,6054,22997,25668,31492,665,31180,850,1939,32406,1306,5070,1028,4922,4926,3374,3162,5465,6786,4781,7298,9943,10020,8512,6233,416,31263
0	1837	12161	3579,7874,28784,32010,6054,22997,25668,31492,665,31180,850,1939,32406,1306,5070,1028,4922,4926,3374,3162,5465,6786,4781,7298,9943,10020,8512,6233,416,31263
1	1837	2376	3579,7874,28784,32010,6054,22997,25668,31492,665,31180,850,1939,32406,1306,5070,1028,4922,4926,3374,3162,5465,6786,4781,7298,9943,10020,8512,6233,416,31263
0	1837	9143	3579,7874,28784,32010,6054,22997,25668,31492,665,31180,850,1939,32406,1306,5070,1028,4922,4926,3374,3162,5465,6786,4781,7298,9943,10020,8512,6233,416,31263,2376
1	1837	6379	3579,7874,28784,32010,6054,22997,25668,31492,665,31180,850,1939,32406,1306,5070,1028,4922,4926,3374,3162,5465,6786,4781,7298,9943,10020,8512,6233,416,31263,2376
1	1837	6718	3579,7874,28784,32010,6054,22997,25668,31492,665,31180,850,1939,32406,1306,5070,1028,4922,4926,3374,3162,5465,6786,4781,7298,9943,10020,8512,6233,416,31263,2376,6379
1	1837	6615	3579,7874,28784,32010,6054,22997,25668,31492,665,31180,850,1939,32406,1306,5070,1028,4922,4926,3374,3162,5465,6786,4781,7298,9943,10020,8512,6233,416,31263,2376,6379,6718
1	1837	13175	3579,7874,28784,32010,6054,22997,25668,31492,665,31180,850,1939,32406,1306,5070,1028,4922,4926,3374,3162,5465,6786,4781,7298,9943,10020,8512,6233,416,31263,2376,6379,6718,6615
0	1837	11838	3579,7874,28784,32010,6054,22997,25668,31492,665,31180,850,1939,32406,1306,5070,1028,4922,4926,3374,3162,5465,6786,4781,7298,9943,10020,8512,6233,416,31263,2376,6379,6718,6615,13175
0	1837	13357	3579,7874,28784,32010,6054,22997,25668,31492,665,31180,850,1939,32406,1306,5070,1028,4922,4926,3374,3162,5465,6786,4781,7298,9943,10020,8512,6233,416,31263,2376,6379,6718,6615,13175
0	1837	15213	3579,7874,28784,32010,6054,22997,25668,31492,665,31180,850,1939,32406,1306,5070,1028,4922,4926,3374,3162,5465,6786,4781,7298,9943,10020,8512,6233,416,31263,2376,6379,6718,6615,13175
0	1837	15219	3579,7874,28784,32010,6054,22997,25668,31492,665,31180,850,1939,32406,1306,5070,1028,4922,4926,3374,3162,5465,6786,4781,7298,9943,10020,8512,6233,416,31263,2376,6379,6718,6615,13175
0	1837	11671	3579,7874,28784,32010,6054,22997,25668,31492,665,31180,850,1939,32406,1306,5070,1028,4922,4926,3374,3162,5465,6786,4781,7298,9943,10020,8512,6233,416,31263,2376,6379,6718,6615,13175
0	1837	6690	3579,7874,28784,32010,6054,22997,25668,31492,665,31180,850,1939,32406,1306,5070,1028,4922,4926,3374,3162,5465,6786,4781,7298,9943,10020,8512,6233,416,31263,2376,6379,6718,6615,13175
1	1837	11869	3579,7874,28784,32010,6054,22997,25668,31492,665,31180,850,1939,32406,1306,5070,1028,4922,4926,3374,3162,5465,6786,4781,7298,9943,10020,8512,6233,416,31263,2376,6379,6718,6615,13175
0	1837	12453	3579,7874,28784,32010,6054,22997,25668,31492,665,31180,850,1939,32406,1306,5070,1028,4922,4926,3374,3162,5465,6786,4781,7298,9943,10020,8512,6233,416,31263,2376,6379,6718,6615,13175,11869
1	1837	4115	3579,7874,28784,32010,6054,22997,25668,31492,665,31180,850,1939,32406,1306,5070,1028,4922,4926,3374,3162,5465,6786,4781,7298,9943,10020,8512,6233,416,31263,2376,6379,6718,6615,13175,11869
1	1837	17480	3579,7874,28784,32010,6054,22997,25668,31492,665,31180,850,1939,32406,1306,5070,1028,4922,4926,3374,3162,5465,6786,4781,7298,9943,10020,8512,6233,416,31263,2376,6379,6718,6615,13175,11869,4115
1	1837	9968	3579,7874,28784,32010,6054,22997,25668,31492,665,31180,850,1939,32406,1306,5070,1028,4922,4926,3374,3162,5465,6786,4781,7298,9943,10020,8512,6233,416,31263,2376,6379,6718,6615,13175,11869,4115,17480
1	1837	2946	3579,7874,28784,32010,6054,22997,25668,31492,665,31180,850,1939,32406,1306,5070,1028,4922,4926,3374,3162,5465,6786,4781,7298,9943,10020,8512,6233,416,31263,2376,6379,6718,6615,13175,11869,4115,17480,9968
0	1837	9061	3579,7874,28784,32010,6054,22997,25668,31492,665,31180,850,1939,32406,1306,5070,1028,4922,4926,3374,3162,5465,6786,4781,7298,9943,10020,8512,6233,416,31263,2376,6379,6718,6615,13175,11869,4115,17480,9968,2946
1	1837	5471	3579,7874,28784,32010,6054,22997,25668,31492,665,31180,850,1939,32406,1306,5070,1028,4922,4926,3374,3162,5465,6786,4781,7298,9943,10020,8512,6233,416,31263,2376,6379,6718,6615,13175,11869,4115,17480,9968,2946
0	1837	20115	3579,7874,28784,32010,6054,22997,25668,31492,665,31180,850,1939,32406,1306,5070,1028,4922,4926,3374,3162,5465,6786,4781,7298,9943,10020,8512,6233,416,31263,2376,6379,6718,6615,13175,11869,4115,17480,9968,2946,5471
1	1837	17822	3579,7874,28784,32010,6054,22997,25668,31492,665,31180,850,1939,32406,1306,5070,1028,4922,4926,3374,3162,5465,6786,4781,7298,9943,10020,8512,6233,416,31263,2376,6379,6718,6615,13175,11869,4115,17480,9968,2946,5471
1	1837	19011	3579,7874,28784,32010,6054,22997,25668,31492,665,31180,850,1939,32406,1306,5070,1028,4922,4926,3374,3162,5465,6786,4781,7298,9943,10020,8512,6233,416,31263,2376,6379,6718,6615,13175,11869,4115,17480,9968,2946,5471,17822
0	1837	18821	3579,7874,28784,32010,6054,22997,25668,31492,665,31180,850,1939,32406,1306,5070,1028,4922,4926,3374,3162,5465,6786,4781,7298,9943,10020,8512,6233,416,31263,2376,6379,6718,6615,13175,11869,4115,17480,9968,2946,5471,17822,19011
1	1837	20627	3579,7874,28784,32010,6054,22997,25668,31492,665,31180,850,1939,32406,1306,5070,1028,4922,4926,3374,3162,5465,6786,4781,7298,9943,10020,8512,6233,416,31263,2376,6379,6718,6615,13175,11869,4115,17480,9968,2946,5471,17822,19011
0	1837	20105	3579,7874,28784,32010,6054,22997,25668,31492,665,31180,850,1939,32406,1306,5070,1028,4922,4926,3374,3162,5465,6786,4781,7298,9943,10020,8512,6233,416,31263,2376,6379,6718,6615,13175,11869,4115,17480,9968,2946,5471,17822,19011,20627
1	1837	14349	3579,7874,28784,32010,6054,22997,25668,31492,665,31180,850,1939,32406,1306,5070,1028,4922,4926,3374,3162,5465,6786,4781,7298,9943,10020,8512,6233,416,31263,2376,6379,6718,6615,13175,11869,4115,17480,9968,2946,5471,17822,19011,20627
0	1837	15907	3579,7874,28784,32010,6054,22997,25668,31492,665,31180,850,1939,32406,1306,5070,1028,4922,4926,3374,3162,5465,6786,4781,7298,9943,10020,8512,6233,416,31263,2376,6379,6718,6615,13175,11869,4115,17480,9968,2946,5471,17822,19011,20627,14349
0	1837	22052	3579,7874,28784,32010,6054,22997,25668,31492,665,31180,850,1939,32406,1306,5070,1028,4922,4926,3374,3162,5465,6786,4781,7298,9943,10020,8512,6233,416,31263,2376,6379,6718,6615,13175,11869,4115,17480,9968,2946,5471,17822,19011,20627,14349
1	1837	1981	3579,7874,28784,32010,6054,22997,25668,31492,665,31180,850,1939,32406,1306,5070,1028,4922,4926,3374,3162,5465,6786,4781,7298,9943,10020,8512,6233,416,31263,2376,6379,6718,6615,13175,11869,4115,17480,9968,2946,5471,17822,19011,20627,14349
0	1837	11164	3579,7874,28784,32010,6054,22997,25668,31492,665,31180,850,1939,32406,1306,5070,1028,4922,4926,3374,3162,5465,6786,4781,7298,9943,10020,8512,6233,416,31263,2376,6379,6718,6615,13175,11869,4115,17480,9968,2946,5471,17822,19011,20627,14349,1981
0	1837	12274	3579,7874,28784,32010,6054,22997,25668,31492,665,31180,850,1939,32406,1306,5070,1028,4922,4926,3374,3162,5465,6786,4781,7298,9943,10020,8512,6233,416,31263,2376,6379,6718,6615,13175,11869,4115,17480,9968,2946,5471,17822,19011,20627,14349,1981
1	1837	23491	3579,7874,28784,32010,6054,22997,25668,31492,665,31180,850,1939,32406,1306,5070,1028,4922,4926,3374,3162,5465,6786,4781,7298,9943,10020,8512,6233,416,31263,2376,6379,6718,6615,13175,11869,4115,17480,9968,2946,5471,17822,19011,20627,14349,1981
0	1837	2591	3579,7874,28784,32010,6054,22997,25668,31492,665,31180,850,1939,32406,1306,5070,1028,4922,4926,3374,3162,5465,6786,4781,7298,9943,10020,8512,6233,416,31263,2376,6379,6718,6615,13175,11869,4115,17480,9968,2946,5471,17822,19011,20627,14349,1981,23491
0	1837	19745	3579,7874,28784,32010,6054,22997,25668,31492,665,31180,850,1939,32406,1306,5070,1028,4922,4926,3374,3162,5465,6786,4781,7298,9943,10020,8512,6233,416,31263,2376,6379,6718,6615,13175,11869,4115,17480,9968,2946,5471,17822,19011,20627,14349,1981,23491
0	1837	22132	3579,7874,28784,32010,6054,22997,25668,31492,665,31180,850,1939,32406,1306,5070,1028,4922,4926,3374,3162,5465,6786,4781,7298,9943,10020,8512,6233,416,31263,2376,6379,6718,6615,13175,11869,4115,17480,9968,2946,5471,17822,19011,20627,14349,1981,23491
1	1837	19724	3579,7874,28784,32010,6054,22997,25668,31492,665,31180,850,1939,32406,1306,5070,1028,4922,4926,3374,3162,5465,6786,4781,7298,9943,10020,8512,6233,416,31263,2376,6379,6718,6615,13175,11869,4115,17480,9968,2946,5471,17822,19011,20627,14349,1981,23491
0	1837	15211	3579,7874,28784,32010,6054,22997,25668,31492,665,31180,850,1939,32406,1306,5070,1028,4922,4926,3374,3162,5465,6786,4781,7298,9943,10020,8512,6233,416,31263,2376,6379,6718,6615,13175,11869,4115,17480,9968,2946,5471,17822,19011,20627,14349,1981,23491,19724
1	1837	15221	3579,7874,28784,32010,6054,22997,25668,31492,665,31180,850,1939,32406,1306,5070,1028,4922,4926,3374,3162,5465,6786,4781,7298,9943,10020,8512,6233,416,31263,2376,6379,6718,6615,13175,11869,4115,17480,9968,2946,5471,17822,19011,20627,14349,1981,23491,19724
0	1837	9694	3579,7874,28784,32010,6054,22997,25668,31492,665,31180,850,1939,32406,1306,5070,1028,4922,4926,3374,3162,5465,6786,4781,7298,9943,10020,8512,6233,416,31263,2376,6379,6718,6615,13175,11869,4115,17480,9968,2946,5471,17822,19011,20627,14349,1981,23491,19724,15221
0	1837	15447	3579,7874,28784,32010,6054,22997,25668,31492,665,31180,850,1939,32406,1306,5070,1028,4922,4926,3374,3162,5465,6786,4781,7298,9943,10020,8512,6233,416,31263,2376,6379,6718,6615,13175,11869,4115,17480,9968,2946,5471,17822,19011,20627,14349,1981,23491,19724,15221
0	1837	19075	3579,7874,28784,32010,6054,22997,25668,31492,665,31180,850,1939,32406,1306,5070,1028,4922,4926,3374,3162,5465,6786,4781,7298,9943,10020,8512,6233,416,31263,2376,6379,6718,6615,13175,11869,4115,17480,9968,2946,5471,17822,19011,20627,14349,1981,23491,19724,15221
1	1837	13133	3579,7874,28784,32010,6054,22997,25668,31492,665,31180,850,1939,32406,1306,5070,1028,4922,4926,3374,3162,5465,6786,4781,7298,9943,10020,8512,6233,416,31263,2376,6379,6718,6615,13175,11869,4115,17480,9968,2946,5471,17822,19011,20627,14349,1981,23491,19724,15221
1	1837	6889	3579,7874,28784,32010,6054,22997,25668,31492,665,31180,850,1939,32406,1306,5070,1028,4922,4926,3374,3162,5465,6786,4781,7298,9943,10020,8512,6233,416,31263,2376,6379,6718,6615,13175,11869,4115,17480,9968,2946,5471,17822,19011,20627,14349,1981,23491,19724,15221,13133
1	1837	15623	3579,7874,28784,32010,6054,22997,25668,31492,665,31180,850,1939,32406,1306,5070,1028,4922,4926,3374,3162,5465,6786,4781,7298,9943,10020,8512,6233,416,31263,2376,6379,6718,6615,13175,11869,4115,17480,9968,2946,5471,17822,19011,20627,14349,1981,23491,19724,15221,13133,6889
1	1837	23449	3579,7874,28784,32010,6054,22997,25668,31492,665,31180,850,1939,32406,1306,5070,1028,4922,4926,3374,3162,5465,6786,4781,7298,9943,10020,8512,6233,416,31263,2376,6379,6718,6615,13175,11869,4115,17480,9968,2946,5471,17822,19011,20627,14349,1981,23491,19724,15221,13133,6889,15623
0	1837	22746	3579,7874,28784,32010,6054,22997,25668,31492,665,31180,850,1939,32406,1306,5070,1028,4922,4926,3374,3162,5465,6786,4781,7298,9943,10020,8512,6233,416,31263,2376,6379,6718,6615,13175,11869,4115,17480,9968,2946,5471,17822,19011,20627,14349,1981,23491,19724,15221,13133,6889,15623,23449
1	1837	23794	3579,7874,28784,32010,6054,22997,25668,31492,665,31180,850,1939,32406,1306,5070,1028,4922,4926,3374,3162,5465,6786,4781,7298,9943,10020,8512,6233,416,31263,2376,6379,6718,6615,13175,11869,4115,17480,9968,2946,5471,17822,19011,20627,14349,1981,23491,19724,15221,13133,6889,15623,23449
0	1837	28089	3579,7874,28784,32010,6054,22997,25668,31492,665,31180,850,1939,32406,1306,5070,1028,4922,4926,3374,3162,5465,6786,4781,7298,9943,10020,8512,6233,416,31263,2376,6379,6718,6615,13175,11869,4115,17480,9968,2946,5471,17822,19011,20627,14349,1981,23491,19724,15221,13133,6889,15623,23449,23794
1	1837	13730	3579,7874,28784,32010,6054,22997,25668,31492,665,31180,850,1939,32406,1306,5070,1028,4922,4926,3374,3162,5465,6786,4781,7298,9943,10020,8512,6233,416,31263,2376,6379,6718,6615,13175,11869,4115,17480,9968,2946,5471,17822,19011,20627,14349,1981,23491,19724,15221,13133,6889,15623,23449,23794
0	1837	14032	3579,7874,28784,32010,6054,22997,25668,31492,665,31180,850,1939,32406,1306,5070,1028,4922,4926,3374,3162,5465,6786,4781,7298,9943,10020,8512,6233,416,31263,2376,6379,6718,6615,13175,11869,4115,17480,9968,2946,5471,17822,19011,20627,14349,1981,23491,19724,15221,13133,6889,15623,23449,23794,13730
1	1837	29224	3579,7874,28784,32010,6054,22997,25668,31492,665,31180,850,1939,32406,1306,5070,1028,4922,4926,3374,3162,5465,6786,4781,7298,9943,10020,8512,6233,416,31263,2376,6379,6718,6615,13175,11869,4115,17480,9968,2946,5471,17822,19011,20627,14349,1981,23491,19724,15221,13133,6889,15623,23449,23794,13730
1	1837	32133	3579,7874,28784,32010,6054,22997,25668,31492,665,31180,850,1939,32406,1306,5070,1028,4922,4926,3374,3162,5465,6786,4781,7298,9943,10020,8512,6233,416,31263,2376,6379,6718,6615,13175,11869,4115,17480,9968,2946,5471,17822,19011,20627,14349,1981,23491,19724,15221,13133,6889,15623,23449,23794,13730,29224
1	1837	22713	3579,7874,28784,32010,6054,22997,25668,31492,665,31180,850,1939,32406,1306,5070,1028,4922,4926,3374,3162,5465,6786,4781,7298,9943,10020,8512,6233,416,31263,2376,6379,6718,6615,13175,11869,4115,17480,9968,2946,5471,17822,19011,20627,14349,1981,23491,19724,15221,13133,6889,15623,23449,23794,13730,29224,32133
1	1837	22750	3579,7874,28784,32010,6054,22997,25668,31492,665,31180,850,1939,32406,1306,5070,1028,4922,4926,3374,3162,5465,6786,4781,7298,9943,10020,8512,6233,416,31263,2376,6379,6718,6615,13175,11869,4115,17480,9968,2946,5471,17822,19011,20627,14349,1981,23491,19724,15221,13133,6889,15623,23449,23794,13730,29224,32133,22713
1	1837	11544	3579,7874,28784,32010,6054,22997,25668,31492,665,31180,850,1939,32406,1306,5070,1028,4922,4926,3374,3162,5465,6786,4781,7298,9943,10020,8512,6233,416,31263,2376,6379,6718,6615,13175,11869,4115,17480,9968,2946,5471,17822,19011,20627,14349,1981,23491,19724,15221,13133,6889,15623,23449,23794,13730,29224,32133,22713,22750
