1	1764	1928	0
1	1764	18960	1928
1	1764	32832	1928,18960
1	1764	2891	1928,18960,32832
1	1764	3657	1928,18960,32832,2891
1	1764	5220	1928,18960,32832,2891,3657
1	1764	2231	1928,18960,32832,2891,3657,5220
1	1764	5556	1928,18960,32832,2891,3657,5220,2231
0	1764	30949	1928,18960,32832,2891,3657,5220,2231,5556
0	1764	4578	1928,18960,32832,2891,3657,5220,2231,5556
1	1764	9579	1928,18960,32832,2891,3657,5220,2231,5556
1	1764	8989	1928,18960,32832,2891,3657,5220,2231,5556,9579
1	1764	4882	1928,18960,32832,2891,3657,5220,2231,5556,9579,8989
1	1764	12037	1928,18960,32832,2891,3657,5220,2231,5556,9579,8989,4882
1	1764	12811	1928,18960,32832,2891,3657,5220,2231,5556,9579,8989,4882,12037
1	1764	9224	1928,18960,32832,2891,3657,5220,2231,5556,9579,8989,4882,12037,12811
1	1764	14821	1928,18960,32832,2891,3657,5220,2231,5556,9579,8989,4882,12037,12811,9224
0	1764	7644	1928,18960,32832,2891,3657,5220,2231,5556,9579,8989,4882,12037,12811,9224,14821
1	1764	10492	1928,18960,32832,2891,3657,5220,2231,5556,9579,8989,4882,12037,12811,9224,14821
1	1764	6309	1928,18960,32832,2891,3657,5220,2231,5556,9579,8989,4882,12037,12811,9224,14821,10492
0	1764	16160	1928,18960,32832,2891,3657,5220,2231,5556,9579,8989,4882,12037,12811,9224,14821,10492,6309
0	1764	6849	1928,18960,32832,2891,3657,5220,2231,5556,9579,8989,4882,12037,12811,9224,14821,10492,6309
1	1764	3038	1928,18960,32832,2891,3657,5220,2231,5556,9579,8989,4882,12037,12811,9224,14821,10492,6309
1	1764	10718	1928,18960,32832,2891,3657,5220,2231,5556,9579,8989,4882,12037,12811,9224,14821,10492,6309,3038
1	1764	26631	1928,18960,32832,2891,3657,5220,2231,5556,9579,8989,4882,12037,12811,9224,14821,10492,6309,3038,10718
1	1764	10679	1928,18960,32832,2891,3657,5220,2231,5556,9579,8989,4882,12037,12811,9224,14821,10492,6309,3038,10718,26631
1	1764	11612	1928,18960,32832,2891,3657,5220,2231,5556,9579,8989,4882,12037,12811,9224,14821,10492,6309,3038,10718,26631,10679
1	1764	14289	1928,18960,32832,2891,3657,5220,2231,5556,9579,8989,4882,12037,12811,9224,14821,10492,6309,3038,10718,26631,10679,11612
0	1764	16881	1928,18960,32832,2891,3657,5220,2231,5556,9579,8989,4882,12037,12811,9224,14821,10492,6309,3038,10718,26631,10679,11612,14289
0	1764	13971	1928,18960,32832,2891,3657,5220,2231,5556,9579,8989,4882,12037,12811,9224,14821,10492,6309,3038,10718,26631,10679,11612,14289
0	1764	16225	1928,18960,32832,2891,3657,5220,2231,5556,9579,8989,4882,12037,12811,9224,14821,10492,6309,3038,10718,26631,10679,11612,14289
1	1764	8544	1928,18960,32832,2891,3657,5220,2231,5556,9579,8989,4882,12037,12811,9224,14821,10492,6309,3038,10718,26631,10679,11612,14289
1	1764	14722	1928,18960,32832,2891,3657,5220,2231,5556,9579,8989,4882,12037,12811,9224,14821,10492,6309,3038,10718,26631,10679,11612,14289,8544
0	1764	15225	1928,18960,32832,2891,3657,5220,2231,5556,9579,8989,4882,12037,12811,9224,14821,10492,6309,3038,10718,26631,10679,11612,14289,8544,14722
1	1764	7193	1928,18960,32832,2891,3657,5220,2231,5556,9579,8989,4882,12037,12811,9224,14821,10492,6309,3038,10718,26631,10679,11612,14289,8544,14722
1	1764	17058	1928,18960,32832,2891,3657,5220,2231,5556,9579,8989,4882,12037,12811,9224,14821,10492,6309,3038,10718,26631,10679,11612,14289,8544,14722,7193
1	1764	30995	1928,18960,32832,2891,3657,5220,2231,5556,9579,8989,4882,12037,12811,9224,14821,10492,6309,3038,10718,26631,10679,11612,14289,8544,14722,7193,17058
1	1764	14776	1928,18960,32832,2891,3657,5220,2231,5556,9579,8989,4882,12037,12811,9224,14821,10492,6309,3038,10718,26631,10679,11612,14289,8544,14722,7193,17058,30995
0	1764	18080	1928,18960,32832,2891,3657,5220,2231,5556,9579,8989,4882,12037,12811,9224,14821,10492,6309,3038,10718,26631,10679,11612,14289,8544,14722,7193,17058,30995,14776
0	1764	19238	1928,18960,32832,2891,3657,5220,2231,5556,9579,8989,4882,12037,12811,9224,14821,10492,6309,3038,10718,26631,10679,11612,14289,8544,14722,7193,17058,30995,14776
1	1764	4106	1928,18960,32832,2891,3657,5220,2231,5556,9579,8989,4882,12037,12811,9224,14821,10492,6309,3038,10718,26631,10679,11612,14289,8544,14722,7193,17058,30995,14776
1	1764	12588	1928,18960,32832,2891,3657,5220,2231,5556,9579,8989,4882,12037,12811,9224,14821,10492,6309,3038,10718,26631,10679,11612,14289,8544,14722,7193,17058,30995,14776,4106
1	1764	13905	1928,18960,32832,2891,3657,5220,2231,5556,9579,8989,4882,12037,12811,9224,14821,10492,6309,3038,10718,26631,10679,11612,14289,8544,14722,7193,17058,30995,14776,4106,12588
1	1764	17261	1928,18960,32832,2891,3657,5220,2231,5556,9579,8989,4882,12037,12811,9224,14821,10492,6309,3038,10718,26631,10679,11612,14289,8544,14722,7193,17058,30995,14776,4106,12588,13905
1	1764	16214	1928,18960,32832,2891,3657,5220,2231,5556,9579,8989,4882,12037,12811,9224,14821,10492,6309,3038,10718,26631,10679,11612,14289,8544,14722,7193,17058,30995,14776,4106,12588,13905,17261
1	1764	18856	1928,18960,32832,2891,3657,5220,2231,5556,9579,8989,4882,12037,12811,9224,14821,10492,6309,3038,10718,26631,10679,11612,14289,8544,14722,7193,17058,30995,14776,4106,12588,13905,17261,16214
0	1764	5278	1928,18960,32832,2891,3657,5220,2231,5556,9579,8989,4882,12037,12811,9224,14821,10492,6309,3038,10718,26631,10679,11612,14289,8544,14722,7193,17058,30995,14776,4106,12588,13905,17261,16214,18856
1	1764	5159	1928,18960,32832,2891,3657,5220,2231,5556,9579,8989,4882,12037,12811,9224,14821,10492,6309,3038,10718,26631,10679,11612,14289,8544,14722,7193,17058,30995,14776,4106,12588,13905,17261,16214,18856
0	1764	20202	1928,18960,32832,2891,3657,5220,2231,5556,9579,8989,4882,12037,12811,9224,14821,10492,6309,3038,10718,26631,10679,11612,14289,8544,14722,7193,17058,30995,14776,4106,12588,13905,17261,16214,18856,5159
1	1764	4165	1928,18960,32832,2891,3657,5220,2231,5556,9579,8989,4882,12037,12811,9224,14821,10492,6309,3038,10718,26631,10679,11612,14289,8544,14722,7193,17058,30995,14776,4106,12588,13905,17261,16214,18856,5159
0	1764	15000	1928,18960,32832,2891,3657,5220,2231,5556,9579,8989,4882,12037,12811,9224,14821,10492,6309,3038,10718,26631,10679,11612,14289,8544,14722,7193,17058,30995,14776,4106,12588,13905,17261,16214,18856,5159,4165
0	1764	15947	1928,18960,32832,2891,3657,5220,2231,5556,9579,8989,4882,12037,12811,9224,14821,10492,6309,3038,10718,26631,10679,11612,14289,8544,14722,7193,17058,30995,14776,4106,12588,13905,17261,16214,18856,5159,4165
1	1764	3370	1928,18960,32832,2891,3657,5220,2231,5556,9579,8989,4882,12037,12811,9224,14821,10492,6309,3038,10718,26631,10679,11612,14289,8544,14722,7193,17058,30995,14776,4106,12588,13905,17261,16214,18856,5159,4165
1	1764	4369	1928,18960,32832,2891,3657,5220,2231,5556,9579,8989,4882,12037,12811,9224,14821,10492,6309,3038,10718,26631,10679,11612,14289,8544,14722,7193,17058,30995,14776,4106,12588,13905,17261,16214,18856,5159,4165,3370
1	1764	17871	1928,18960,32832,2891,3657,5220,2231,5556,9579,8989,4882,12037,12811,9224,14821,10492,6309,3038,10718,26631,10679,11612,14289,8544,14722,7193,17058,30995,14776,4106,12588,13905,17261,16214,18856,5159,4165,3370,4369
1	1764	19481	1928,18960,32832,2891,3657,5220,2231,5556,9579,8989,4882,12037,12811,9224,14821,10492,6309,3038,10718,26631,10679,11612,14289,8544,14722,7193,17058,30995,14776,4106,12588,13905,17261,16214,18856,5159,4165,3370,4369,17871
1	1764	142	1928,18960,32832,2891,3657,5220,2231,5556,9579,8989,4882,12037,12811,9224,14821,10492,6309,3038,10718,26631,10679,11612,14289,8544,14722,7193,17058,30995,14776,4106,12588,13905,17261,16214,18856,5159,4165,3370,4369,17871,19481
1	1764	8316	1928,18960,32832,2891,3657,5220,2231,5556,9579,8989,4882,12037,12811,9224,14821,10492,6309,3038,10718,26631,10679,11612,14289,8544,14722,7193,17058,30995,14776,4106,12588,13905,17261,16214,18856,5159,4165,3370,4369,17871,19481,142
1	1764	19929	1928,18960,32832,2891,3657,5220,2231,5556,9579,8989,4882,12037,12811,9224,14821,10492,6309,3038,10718,26631,10679,11612,14289,8544,14722,7193,17058,30995,14776,4106,12588,13905,17261,16214,18856,5159,4165,3370,4369,17871,19481,142,8316
0	1764	20287	1928,18960,32832,2891,3657,5220,2231,5556,9579,8989,4882,12037,12811,9224,14821,10492,6309,3038,10718,26631,10679,11612,14289,8544,14722,7193,17058,30995,14776,4106,12588,13905,17261,16214,18856,5159,4165,3370,4369,17871,19481,142,8316,19929
1	1764	6091	1928,18960,32832,2891,3657,5220,2231,5556,9579,8989,4882,12037,12811,9224,14821,10492,6309,3038,10718,26631,10679,11612,14289,8544,14722,7193,17058,30995,14776,4106,12588,13905,17261,16214,18856,5159,4165,3370,4369,17871,19481,142,8316,19929
1	1764	11312	1928,18960,32832,2891,3657,5220,2231,5556,9579,8989,4882,12037,12811,9224,14821,10492,6309,3038,10718,26631,10679,11612,14289,8544,14722,7193,17058,30995,14776,4106,12588,13905,17261,16214,18856,5159,4165,3370,4369,17871,19481,142,8316,19929,6091
0	1764	9391	1928,18960,32832,2891,3657,5220,2231,5556,9579,8989,4882,12037,12811,9224,14821,10492,6309,3038,10718,26631,10679,11612,14289,8544,14722,7193,17058,30995,14776,4106,12588,13905,17261,16214,18856,5159,4165,3370,4369,17871,19481,142,8316,19929,6091,11312
0	1764	17590	1928,18960,32832,2891,3657,5220,2231,5556,9579,8989,4882,12037,12811,9224,14821,10492,6309,3038,10718,26631,10679,11612,14289,8544,14722,7193,17058,30995,14776,4106,12588,13905,17261,16214,18856,5159,4165,3370,4369,17871,19481,142,8316,19929,6091,11312
1	1764	22109	1928,18960,32832,2891,3657,5220,2231,5556,9579,8989,4882,12037,12811,9224,14821,10492,6309,3038,10718,26631,10679,11612,14289,8544,14722,7193,17058,30995,14776,4106,12588,13905,17261,16214,18856,5159,4165,3370,4369,17871,19481,142,8316,19929,6091,11312
0	1764	16753	1928,18960,32832,2891,3657,5220,2231,5556,9579,8989,4882,12037,12811,9224,14821,10492,6309,3038,10718,26631,10679,11612,14289,8544,14722,7193,17058,30995,14776,4106,12588,13905,17261,16214,18856,5159,4165,3370,4369,17871,19481,142,8316,19929,6091,11312,22109
1	1764	9951	1928,18960,32832,2891,3657,5220,2231,5556,9579,8989,4882,12037,12811,9224,14821,10492,6309,3038,10718,26631,10679,11612,14289,8544,14722,7193,17058,30995,14776,4106,12588,13905,17261,16214,18856,5159,4165,3370,4369,17871,19481,142,8316,19929,6091,11312,22109
1	1764	22440	1928,18960,32832,2891,3657,5220,2231,5556,9579,8989,4882,12037,12811,9224,14821,10492,6309,3038,10718,26631,10679,11612,14289,8544,14722,7193,17058,30995,14776,4106,12588,13905,17261,16214,18856,5159,4165,3370,4369,17871,19481,142,8316,19929,6091,11312,22109,9951
1	1764	6860	1928,18960,32832,2891,3657,5220,2231,5556,9579,8989,4882,12037,12811,9224,14821,10492,6309,3038,10718,26631,10679,11612,14289,8544,14722,7193,17058,30995,14776,4106,12588,13905,17261,16214,18856,5159,4165,3370,4369,17871,19481,142,8316,19929,6091,11312,22109,9951,22440
1	1764	3880	1928,18960,32832,2891,3657,5220,2231,5556,9579,8989,4882,12037,12811,9224,14821,10492,6309,3038,10718,26631,10679,11612,14289,8544,14722,7193,17058,30995,14776,4106,12588,13905,17261,16214,18856,5159,4165,3370,4369,17871,19481,142,8316,19929,6091,11312,22109,9951,22440,6860
1	1764	4492	1928,18960,32832,2891,3657,5220,2231,5556,9579,8989,4882,12037,12811,9224,14821,10492,6309,3038,10718,26631,10679,11612,14289,8544,14722,7193,17058,30995,14776,4106,12588,13905,17261,16214,18856,5159,4165,3370,4369,17871,19481,142,8316,19929,6091,11312,22109,9951,22440,6860,3880
0	1764	18741	1928,18960,32832,2891,3657,5220,2231,5556,9579,8989,4882,12037,12811,9224,14821,10492,6309,3038,10718,26631,10679,11612,14289,8544,14722,7193,17058,30995,14776,4106,12588,13905,17261,16214,18856,5159,4165,3370,4369,17871,19481,142,8316,19929,6091,11312,22109,9951,22440,6860,3880,4492
1	1764	18440	1928,18960,32832,2891,3657,5220,2231,5556,9579,8989,4882,12037,12811,9224,14821,10492,6309,3038,10718,26631,10679,11612,14289,8544,14722,7193,17058,30995,14776,4106,12588,13905,17261,16214,18856,5159,4165,3370,4369,17871,19481,142,8316,19929,6091,11312,22109,9951,22440,6860,3880,4492
1	1764	4310	1928,18960,32832,2891,3657,5220,2231,5556,9579,8989,4882,12037,12811,9224,14821,10492,6309,3038,10718,26631,10679,11612,14289,8544,14722,7193,17058,30995,14776,4106,12588,13905,17261,16214,18856,5159,4165,3370,4369,17871,19481,142,8316,19929,6091,11312,22109,9951,22440,6860,3880,4492,18440
0	1764	5941	1928,18960,32832,2891,3657,5220,2231,5556,9579,8989,4882,12037,12811,9224,14821,10492,6309,3038,10718,26631,10679,11612,14289,8544,14722,7193,17058,30995,14776,4106,12588,13905,17261,16214,18856,5159,4165,3370,4369,17871,19481,142,8316,19929,6091,11312,22109,9951,22440,6860,3880,4492,18440,4310
1	1764	18111	1928,18960,32832,2891,3657,5220,2231,5556,9579,8989,4882,12037,12811,9224,14821,10492,6309,3038,10718,26631,10679,11612,14289,8544,14722,7193,17058,30995,14776,4106,12588,13905,17261,16214,18856,5159,4165,3370,4369,17871,19481,142,8316,19929,6091,11312,22109,9951,22440,6860,3880,4492,18440,4310
0	1764	20555	1928,18960,32832,2891,3657,5220,2231,5556,9579,8989,4882,12037,12811,9224,14821,10492,6309,3038,10718,26631,10679,11612,14289,8544,14722,7193,17058,30995,14776,4106,12588,13905,17261,16214,18856,5159,4165,3370,4369,17871,19481,142,8316,19929,6091,11312,22109,9951,22440,6860,3880,4492,18440,4310,18111
1	1764	9902	1928,18960,32832,2891,3657,5220,2231,5556,9579,8989,4882,12037,12811,9224,14821,10492,6309,3038,10718,26631,10679,11612,14289,8544,14722,7193,17058,30995,14776,4106,12588,13905,17261,16214,18856,5159,4165,3370,4369,17871,19481,142,8316,19929,6091,11312,22109,9951,22440,6860,3880,4492,18440,4310,18111
1	1764	6278	1928,18960,32832,2891,3657,5220,2231,5556,9579,8989,4882,12037,12811,9224,14821,10492,6309,3038,10718,26631,10679,11612,14289,8544,14722,7193,17058,30995,14776,4106,12588,13905,17261,16214,18856,5159,4165,3370,4369,17871,19481,142,8316,19929,6091,11312,22109,9951,22440,6860,3880,4492,18440,4310,18111,9902
1	1764	20618	1928,18960,32832,2891,3657,5220,2231,5556,9579,8989,4882,12037,12811,9224,14821,10492,6309,3038,10718,26631,10679,11612,14289,8544,14722,7193,17058,30995,14776,4106,12588,13905,17261,16214,18856,5159,4165,3370,4369,17871,19481,142,8316,19929,6091,11312,22109,9951,22440,6860,3880,4492,18440,4310,18111,9902,6278
0	1764	22108	1928,18960,32832,2891,3657,5220,2231,5556,9579,8989,4882,12037,12811,9224,14821,10492,6309,3038,10718,26631,10679,11612,14289,8544,14722,7193,17058,30995,14776,4106,12588,13905,17261,16214,18856,5159,4165,3370,4369,17871,19481,142,8316,19929,6091,11312,22109,9951,22440,6860,3880,4492,18440,4310,18111,9902,6278,20618
1	1764	20500	1928,18960,32832,2891,3657,5220,2231,5556,9579,8989,4882,12037,12811,9224,14821,10492,6309,3038,10718,26631,10679,11612,14289,8544,14722,7193,17058,30995,14776,4106,12588,13905,17261,16214,18856,5159,4165,3370,4369,17871,19481,142,8316,19929,6091,11312,22109,9951,22440,6860,3880,4492,18440,4310,18111,9902,6278,20618
1	1764	20646	1928,18960,32832,2891,3657,5220,2231,5556,9579,8989,4882,12037,12811,9224,14821,10492,6309,3038,10718,26631,10679,11612,14289,8544,14722,7193,17058,30995,14776,4106,12588,13905,17261,16214,18856,5159,4165,3370,4369,17871,19481,142,8316,19929,6091,11312,22109,9951,22440,6860,3880,4492,18440,4310,18111,9902,6278,20618,20500
1	1764	21085	1928,18960,32832,2891,3657,5220,2231,5556,9579,8989,4882,12037,12811,9224,14821,10492,6309,3038,10718,26631,10679,11612,14289,8544,14722,7193,17058,30995,14776,4106,12588,13905,17261,16214,18856,5159,4165,3370,4369,17871,19481,142,8316,19929,6091,11312,22109,9951,22440,6860,3880,4492,18440,4310,18111,9902,6278,20618,20500,20646
1	1764	23447	1928,18960,32832,2891,3657,5220,2231,5556,9579,8989,4882,12037,12811,9224,14821,10492,6309,3038,10718,26631,10679,11612,14289,8544,14722,7193,17058,30995,14776,4106,12588,13905,17261,16214,18856,5159,4165,3370,4369,17871,19481,142,8316,19929,6091,11312,22109,9951,22440,6860,3880,4492,18440,4310,18111,9902,6278,20618,20500,20646,21085
1	1764	11883	1928,18960,32832,2891,3657,5220,2231,5556,9579,8989,4882,12037,12811,9224,14821,10492,6309,3038,10718,26631,10679,11612,14289,8544,14722,7193,17058,30995,14776,4106,12588,13905,17261,16214,18856,5159,4165,3370,4369,17871,19481,142,8316,19929,6091,11312,22109,9951,22440,6860,3880,4492,18440,4310,18111,9902,6278,20618,20500,20646,21085,23447
1	1764	15210	1928,18960,32832,2891,3657,5220,2231,5556,9579,8989,4882,12037,12811,9224,14821,10492,6309,3038,10718,26631,10679,11612,14289,8544,14722,7193,17058,30995,14776,4106,12588,13905,17261,16214,18856,5159,4165,3370,4369,17871,19481,142,8316,19929,6091,11312,22109,9951,22440,6860,3880,4492,18440,4310,18111,9902,6278,20618,20500,20646,21085,23447,11883
1	1764	23118	1928,18960,32832,2891,3657,5220,2231,5556,9579,8989,4882,12037,12811,9224,14821,10492,6309,3038,10718,26631,10679,11612,14289,8544,14722,7193,17058,30995,14776,4106,12588,13905,17261,16214,18856,5159,4165,3370,4369,17871,19481,142,8316,19929,6091,11312,22109,9951,22440,6860,3880,4492,18440,4310,18111,9902,6278,20618,20500,20646,21085,23447,11883,15210
1	1764	20397	1928,18960,32832,2891,3657,5220,2231,5556,9579,8989,4882,12037,12811,9224,14821,10492,6309,3038,10718,26631,10679,11612,14289,8544,14722,7193,17058,30995,14776,4106,12588,13905,17261,16214,18856,5159,4165,3370,4369,17871,19481,142,8316,19929,6091,11312,22109,9951,22440,6860,3880,4492,18440,4310,18111,9902,6278,20618,20500,20646,21085,23447,11883,15210,23118
0	1764	15219	1928,18960,32832,2891,3657,5220,2231,5556,9579,8989,4882,12037,12811,9224,14821,10492,6309,3038,10718,26631,10679,11612,14289,8544,14722,7193,17058,30995,14776,4106,12588,13905,17261,16214,18856,5159,4165,3370,4369,17871,19481,142,8316,19929,6091,11312,22109,9951,22440,6860,3880,4492,18440,4310,18111,9902,6278,20618,20500,20646,21085,23447,11883,15210,23118,20397
1	1764	22349	1928,18960,32832,2891,3657,5220,2231,5556,9579,8989,4882,12037,12811,9224,14821,10492,6309,3038,10718,26631,10679,11612,14289,8544,14722,7193,17058,30995,14776,4106,12588,13905,17261,16214,18856,5159,4165,3370,4369,17871,19481,142,8316,19929,6091,11312,22109,9951,22440,6860,3880,4492,18440,4310,18111,9902,6278,20618,20500,20646,21085,23447,11883,15210,23118,20397
1	1764	2529	1928,18960,32832,2891,3657,5220,2231,5556,9579,8989,4882,12037,12811,9224,14821,10492,6309,3038,10718,26631,10679,11612,14289,8544,14722,7193,17058,30995,14776,4106,12588,13905,17261,16214,18856,5159,4165,3370,4369,17871,19481,142,8316,19929,6091,11312,22109,9951,22440,6860,3880,4492,18440,4310,18111,9902,6278,20618,20500,20646,21085,23447,11883,15210,23118,20397,22349
1	1764	5688	1928,18960,32832,2891,3657,5220,2231,5556,9579,8989,4882,12037,12811,9224,14821,10492,6309,3038,10718,26631,10679,11612,14289,8544,14722,7193,17058,30995,14776,4106,12588,13905,17261,16214,18856,5159,4165,3370,4369,17871,19481,142,8316,19929,6091,11312,22109,9951,22440,6860,3880,4492,18440,4310,18111,9902,6278,20618,20500,20646,21085,23447,11883,15210,23118,20397,22349,2529
1	1764	13286	1928,18960,32832,2891,3657,5220,2231,5556,9579,8989,4882,12037,12811,9224,14821,10492,6309,3038,10718,26631,10679,11612,14289,8544,14722,7193,17058,30995,14776,4106,12588,13905,17261,16214,18856,5159,4165,3370,4369,17871,19481,142,8316,19929,6091,11312,22109,9951,22440,6860,3880,4492,18440,4310,18111,9902,6278,20618,20500,20646,21085,23447,11883,15210,23118,20397,22349,2529,5688
0	1764	22974	1928,18960,32832,2891,3657,5220,2231,5556,9579,8989,4882,12037,12811,9224,14821,10492,6309,3038,10718,26631,10679,11612,14289,8544,14722,7193,17058,30995,14776,4106,12588,13905,17261,16214,18856,5159,4165,3370,4369,17871,19481,142,8316,19929,6091,11312,22109,9951,22440,6860,3880,4492,18440,4310,18111,9902,6278,20618,20500,20646,21085,23447,11883,15210,23118,20397,22349,2529,5688,13286
0	1764	21525	1928,18960,32832,2891,3657,5220,2231,5556,9579,8989,4882,12037,12811,9224,14821,10492,6309,3038,10718,26631,10679,11612,14289,8544,14722,7193,17058,30995,14776,4106,12588,13905,17261,16214,18856,5159,4165,3370,4369,17871,19481,142,8316,19929,6091,11312,22109,9951,22440,6860,3880,4492,18440,4310,18111,9902,6278,20618,20500,20646,21085,23447,11883,15210,23118,20397,22349,2529,5688,13286
1	1764	10123	1928,18960,32832,2891,3657,5220,2231,5556,9579,8989,4882,12037,12811,9224,14821,10492,6309,3038,10718,26631,10679,11612,14289,8544,14722,7193,17058,30995,14776,4106,12588,13905,17261,16214,18856,5159,4165,3370,4369,17871,19481,142,8316,19929,6091,11312,22109,9951,22440,6860,3880,4492,18440,4310,18111,9902,6278,20618,20500,20646,21085,23447,11883,15210,23118,20397,22349,2529,5688,13286
1	1764	23881	1928,18960,32832,2891,3657,5220,2231,5556,9579,8989,4882,12037,12811,9224,14821,10492,6309,3038,10718,26631,10679,11612,14289,8544,14722,7193,17058,30995,14776,4106,12588,13905,17261,16214,18856,5159,4165,3370,4369,17871,19481,142,8316,19929,6091,11312,22109,9951,22440,6860,3880,4492,18440,4310,18111,9902,6278,20618,20500,20646,21085,23447,11883,15210,23118,20397,22349,2529,5688,13286,10123
1	1764	14892	1928,18960,32832,2891,3657,5220,2231,5556,9579,8989,4882,12037,12811,9224,14821,10492,6309,3038,10718,26631,10679,11612,14289,8544,14722,7193,17058,30995,14776,4106,12588,13905,17261,16214,18856,5159,4165,3370,4369,17871,19481,142,8316,19929,6091,11312,22109,9951,22440,6860,3880,4492,18440,4310,18111,9902,6278,20618,20500,20646,21085,23447,11883,15210,23118,20397,22349,2529,5688,13286,10123,23881
1	1764	17697	1928,18960,32832,2891,3657,5220,2231,5556,9579,8989,4882,12037,12811,9224,14821,10492,6309,3038,10718,26631,10679,11612,14289,8544,14722,7193,17058,30995,14776,4106,12588,13905,17261,16214,18856,5159,4165,3370,4369,17871,19481,142,8316,19929,6091,11312,22109,9951,22440,6860,3880,4492,18440,4310,18111,9902,6278,20618,20500,20646,21085,23447,11883,15210,23118,20397,22349,2529,5688,13286,10123,23881,14892
1	1764	23453	1928,18960,32832,2891,3657,5220,2231,5556,9579,8989,4882,12037,12811,9224,14821,10492,6309,3038,10718,26631,10679,11612,14289,8544,14722,7193,17058,30995,14776,4106,12588,13905,17261,16214,18856,5159,4165,3370,4369,17871,19481,142,8316,19929,6091,11312,22109,9951,22440,6860,3880,4492,18440,4310,18111,9902,6278,20618,20500,20646,21085,23447,11883,15210,23118,20397,22349,2529,5688,13286,10123,23881,14892,17697
0	1764	9824	1928,18960,32832,2891,3657,5220,2231,5556,9579,8989,4882,12037,12811,9224,14821,10492,6309,3038,10718,26631,10679,11612,14289,8544,14722,7193,17058,30995,14776,4106,12588,13905,17261,16214,18856,5159,4165,3370,4369,17871,19481,142,8316,19929,6091,11312,22109,9951,22440,6860,3880,4492,18440,4310,18111,9902,6278,20618,20500,20646,21085,23447,11883,15210,23118,20397,22349,2529,5688,13286,10123,23881,14892,17697,23453
1	1764	15221	1928,18960,32832,2891,3657,5220,2231,5556,9579,8989,4882,12037,12811,9224,14821,10492,6309,3038,10718,26631,10679,11612,14289,8544,14722,7193,17058,30995,14776,4106,12588,13905,17261,16214,18856,5159,4165,3370,4369,17871,19481,142,8316,19929,6091,11312,22109,9951,22440,6860,3880,4492,18440,4310,18111,9902,6278,20618,20500,20646,21085,23447,11883,15210,23118,20397,22349,2529,5688,13286,10123,23881,14892,17697,23453
1	1764	19668	1928,18960,32832,2891,3657,5220,2231,5556,9579,8989,4882,12037,12811,9224,14821,10492,6309,3038,10718,26631,10679,11612,14289,8544,14722,7193,17058,30995,14776,4106,12588,13905,17261,16214,18856,5159,4165,3370,4369,17871,19481,142,8316,19929,6091,11312,22109,9951,22440,6860,3880,4492,18440,4310,18111,9902,6278,20618,20500,20646,21085,23447,11883,15210,23118,20397,22349,2529,5688,13286,10123,23881,14892,17697,23453,15221
1	1764	15218	1928,18960,32832,2891,3657,5220,2231,5556,9579,8989,4882,12037,12811,9224,14821,10492,6309,3038,10718,26631,10679,11612,14289,8544,14722,7193,17058,30995,14776,4106,12588,13905,17261,16214,18856,5159,4165,3370,4369,17871,19481,142,8316,19929,6091,11312,22109,9951,22440,6860,3880,4492,18440,4310,18111,9902,6278,20618,20500,20646,21085,23447,11883,15210,23118,20397,22349,2529,5688,13286,10123,23881,14892,17697,23453,15221,19668
0	1764	15220	1928,18960,32832,2891,3657,5220,2231,5556,9579,8989,4882,12037,12811,9224,14821,10492,6309,3038,10718,26631,10679,11612,14289,8544,14722,7193,17058,30995,14776,4106,12588,13905,17261,16214,18856,5159,4165,3370,4369,17871,19481,142,8316,19929,6091,11312,22109,9951,22440,6860,3880,4492,18440,4310,18111,9902,6278,20618,20500,20646,21085,23447,11883,15210,23118,20397,22349,2529,5688,13286,10123,23881,14892,17697,23453,15221,19668,15218
0	1764	22516	1928,18960,32832,2891,3657,5220,2231,5556,9579,8989,4882,12037,12811,9224,14821,10492,6309,3038,10718,26631,10679,11612,14289,8544,14722,7193,17058,30995,14776,4106,12588,13905,17261,16214,18856,5159,4165,3370,4369,17871,19481,142,8316,19929,6091,11312,22109,9951,22440,6860,3880,4492,18440,4310,18111,9902,6278,20618,20500,20646,21085,23447,11883,15210,23118,20397,22349,2529,5688,13286,10123,23881,14892,17697,23453,15221,19668,15218
0	1764	1719	1928,18960,32832,2891,3657,5220,2231,5556,9579,8989,4882,12037,12811,9224,14821,10492,6309,3038,10718,26631,10679,11612,14289,8544,14722,7193,17058,30995,14776,4106,12588,13905,17261,16214,18856,5159,4165,3370,4369,17871,19481,142,8316,19929,6091,11312,22109,9951,22440,6860,3880,4492,18440,4310,18111,9902,6278,20618,20500,20646,21085,23447,11883,15210,23118,20397,22349,2529,5688,13286,10123,23881,14892,17697,23453,15221,19668,15218
0	1764	27120	1928,18960,32832,2891,3657,5220,2231,5556,9579,8989,4882,12037,12811,9224,14821,10492,6309,3038,10718,26631,10679,11612,14289,8544,14722,7193,17058,30995,14776,4106,12588,13905,17261,16214,18856,5159,4165,3370,4369,17871,19481,142,8316,19929,6091,11312,22109,9951,22440,6860,3880,4492,18440,4310,18111,9902,6278,20618,20500,20646,21085,23447,11883,15210,23118,20397,22349,2529,5688,13286,10123,23881,14892,17697,23453,15221,19668,15218
0	1764	6205	1928,18960,32832,2891,3657,5220,2231,5556,9579,8989,4882,12037,12811,9224,14821,10492,6309,3038,10718,26631,10679,11612,14289,8544,14722,7193,17058,30995,14776,4106,12588,13905,17261,16214,18856,5159,4165,3370,4369,17871,19481,142,8316,19929,6091,11312,22109,9951,22440,6860,3880,4492,18440,4310,18111,9902,6278,20618,20500,20646,21085,23447,11883,15210,23118,20397,22349,2529,5688,13286,10123,23881,14892,17697,23453,15221,19668,15218
0	1764	8608	1928,18960,32832,2891,3657,5220,2231,5556,9579,8989,4882,12037,12811,9224,14821,10492,6309,3038,10718,26631,10679,11612,14289,8544,14722,7193,17058,30995,14776,4106,12588,13905,17261,16214,18856,5159,4165,3370,4369,17871,19481,142,8316,19929,6091,11312,22109,9951,22440,6860,3880,4492,18440,4310,18111,9902,6278,20618,20500,20646,21085,23447,11883,15210,23118,20397,22349,2529,5688,13286,10123,23881,14892,17697,23453,15221,19668,15218
0	1764	22272	1928,18960,32832,2891,3657,5220,2231,5556,9579,8989,4882,12037,12811,9224,14821,10492,6309,3038,10718,26631,10679,11612,14289,8544,14722,7193,17058,30995,14776,4106,12588,13905,17261,16214,18856,5159,4165,3370,4369,17871,19481,142,8316,19929,6091,11312,22109,9951,22440,6860,3880,4492,18440,4310,18111,9902,6278,20618,20500,20646,21085,23447,11883,15210,23118,20397,22349,2529,5688,13286,10123,23881,14892,17697,23453,15221,19668,15218
1	1764	5219	1928,18960,32832,2891,3657,5220,2231,5556,9579,8989,4882,12037,12811,9224,14821,10492,6309,3038,10718,26631,10679,11612,14289,8544,14722,7193,17058,30995,14776,4106,12588,13905,17261,16214,18856,5159,4165,3370,4369,17871,19481,142,8316,19929,6091,11312,22109,9951,22440,6860,3880,4492,18440,4310,18111,9902,6278,20618,20500,20646,21085,23447,11883,15210,23118,20397,22349,2529,5688,13286,10123,23881,14892,17697,23453,15221,19668,15218
1	1764	9838	1928,18960,32832,2891,3657,5220,2231,5556,9579,8989,4882,12037,12811,9224,14821,10492,6309,3038,10718,26631,10679,11612,14289,8544,14722,7193,17058,30995,14776,4106,12588,13905,17261,16214,18856,5159,4165,3370,4369,17871,19481,142,8316,19929,6091,11312,22109,9951,22440,6860,3880,4492,18440,4310,18111,9902,6278,20618,20500,20646,21085,23447,11883,15210,23118,20397,22349,2529,5688,13286,10123,23881,14892,17697,23453,15221,19668,15218,5219
0	1764	16350	1928,18960,32832,2891,3657,5220,2231,5556,9579,8989,4882,12037,12811,9224,14821,10492,6309,3038,10718,26631,10679,11612,14289,8544,14722,7193,17058,30995,14776,4106,12588,13905,17261,16214,18856,5159,4165,3370,4369,17871,19481,142,8316,19929,6091,11312,22109,9951,22440,6860,3880,4492,18440,4310,18111,9902,6278,20618,20500,20646,21085,23447,11883,15210,23118,20397,22349,2529,5688,13286,10123,23881,14892,17697,23453,15221,19668,15218,5219,9838
1	1764	25007	1928,18960,32832,2891,3657,5220,2231,5556,9579,8989,4882,12037,12811,9224,14821,10492,6309,3038,10718,26631,10679,11612,14289,8544,14722,7193,17058,30995,14776,4106,12588,13905,17261,16214,18856,5159,4165,3370,4369,17871,19481,142,8316,19929,6091,11312,22109,9951,22440,6860,3880,4492,18440,4310,18111,9902,6278,20618,20500,20646,21085,23447,11883,15210,23118,20397,22349,2529,5688,13286,10123,23881,14892,17697,23453,15221,19668,15218,5219,9838
0	1764	31529	1928,18960,32832,2891,3657,5220,2231,5556,9579,8989,4882,12037,12811,9224,14821,10492,6309,3038,10718,26631,10679,11612,14289,8544,14722,7193,17058,30995,14776,4106,12588,13905,17261,16214,18856,5159,4165,3370,4369,17871,19481,142,8316,19929,6091,11312,22109,9951,22440,6860,3880,4492,18440,4310,18111,9902,6278,20618,20500,20646,21085,23447,11883,15210,23118,20397,22349,2529,5688,13286,10123,23881,14892,17697,23453,15221,19668,15218,5219,9838,25007
0	1764	23760	1928,18960,32832,2891,3657,5220,2231,5556,9579,8989,4882,12037,12811,9224,14821,10492,6309,3038,10718,26631,10679,11612,14289,8544,14722,7193,17058,30995,14776,4106,12588,13905,17261,16214,18856,5159,4165,3370,4369,17871,19481,142,8316,19929,6091,11312,22109,9951,22440,6860,3880,4492,18440,4310,18111,9902,6278,20618,20500,20646,21085,23447,11883,15210,23118,20397,22349,2529,5688,13286,10123,23881,14892,17697,23453,15221,19668,15218,5219,9838,25007
0	1764	6970	1928,18960,32832,2891,3657,5220,2231,5556,9579,8989,4882,12037,12811,9224,14821,10492,6309,3038,10718,26631,10679,11612,14289,8544,14722,7193,17058,30995,14776,4106,12588,13905,17261,16214,18856,5159,4165,3370,4369,17871,19481,142,8316,19929,6091,11312,22109,9951,22440,6860,3880,4492,18440,4310,18111,9902,6278,20618,20500,20646,21085,23447,11883,15210,23118,20397,22349,2529,5688,13286,10123,23881,14892,17697,23453,15221,19668,15218,5219,9838,25007
0	1764	15699	1928,18960,32832,2891,3657,5220,2231,5556,9579,8989,4882,12037,12811,9224,14821,10492,6309,3038,10718,26631,10679,11612,14289,8544,14722,7193,17058,30995,14776,4106,12588,13905,17261,16214,18856,5159,4165,3370,4369,17871,19481,142,8316,19929,6091,11312,22109,9951,22440,6860,3880,4492,18440,4310,18111,9902,6278,20618,20500,20646,21085,23447,11883,15210,23118,20397,22349,2529,5688,13286,10123,23881,14892,17697,23453,15221,19668,15218,5219,9838,25007
0	1764	13552	1928,18960,32832,2891,3657,5220,2231,5556,9579,8989,4882,12037,12811,9224,14821,10492,6309,3038,10718,26631,10679,11612,14289,8544,14722,7193,17058,30995,14776,4106,12588,13905,17261,16214,18856,5159,4165,3370,4369,17871,19481,142,8316,19929,6091,11312,22109,9951,22440,6860,3880,4492,18440,4310,18111,9902,6278,20618,20500,20646,21085,23447,11883,15210,23118,20397,22349,2529,5688,13286,10123,23881,14892,17697,23453,15221,19668,15218,5219,9838,25007
0	1764	27379	1928,18960,32832,2891,3657,5220,2231,5556,9579,8989,4882,12037,12811,9224,14821,10492,6309,3038,10718,26631,10679,11612,14289,8544,14722,7193,17058,30995,14776,4106,12588,13905,17261,16214,18856,5159,4165,3370,4369,17871,19481,142,8316,19929,6091,11312,22109,9951,22440,6860,3880,4492,18440,4310,18111,9902,6278,20618,20500,20646,21085,23447,11883,15210,23118,20397,22349,2529,5688,13286,10123,23881,14892,17697,23453,15221,19668,15218,5219,9838,25007
0	1764	25916	1928,18960,32832,2891,3657,5220,2231,5556,9579,8989,4882,12037,12811,9224,14821,10492,6309,3038,10718,26631,10679,11612,14289,8544,14722,7193,17058,30995,14776,4106,12588,13905,17261,16214,18856,5159,4165,3370,4369,17871,19481,142,8316,19929,6091,11312,22109,9951,22440,6860,3880,4492,18440,4310,18111,9902,6278,20618,20500,20646,21085,23447,11883,15210,23118,20397,22349,2529,5688,13286,10123,23881,14892,17697,23453,15221,19668,15218,5219,9838,25007
0	1764	2619	1928,18960,32832,2891,3657,5220,2231,5556,9579,8989,4882,12037,12811,9224,14821,10492,6309,3038,10718,26631,10679,11612,14289,8544,14722,7193,17058,30995,14776,4106,12588,13905,17261,16214,18856,5159,4165,3370,4369,17871,19481,142,8316,19929,6091,11312,22109,9951,22440,6860,3880,4492,18440,4310,18111,9902,6278,20618,20500,20646,21085,23447,11883,15210,23118,20397,22349,2529,5688,13286,10123,23881,14892,17697,23453,15221,19668,15218,5219,9838,25007
0	1764	3395	1928,18960,32832,2891,3657,5220,2231,5556,9579,8989,4882,12037,12811,9224,14821,10492,6309,3038,10718,26631,10679,11612,14289,8544,14722,7193,17058,30995,14776,4106,12588,13905,17261,16214,18856,5159,4165,3370,4369,17871,19481,142,8316,19929,6091,11312,22109,9951,22440,6860,3880,4492,18440,4310,18111,9902,6278,20618,20500,20646,21085,23447,11883,15210,23118,20397,22349,2529,5688,13286,10123,23881,14892,17697,23453,15221,19668,15218,5219,9838,25007
0	1764	9234	1928,18960,32832,2891,3657,5220,2231,5556,9579,8989,4882,12037,12811,9224,14821,10492,6309,3038,10718,26631,10679,11612,14289,8544,14722,7193,17058,30995,14776,4106,12588,13905,17261,16214,18856,5159,4165,3370,4369,17871,19481,142,8316,19929,6091,11312,22109,9951,22440,6860,3880,4492,18440,4310,18111,9902,6278,20618,20500,20646,21085,23447,11883,15210,23118,20397,22349,2529,5688,13286,10123,23881,14892,17697,23453,15221,19668,15218,5219,9838,25007
0	1764	13106	1928,18960,32832,2891,3657,5220,2231,5556,9579,8989,4882,12037,12811,9224,14821,10492,6309,3038,10718,26631,10679,11612,14289,8544,14722,7193,17058,30995,14776,4106,12588,13905,17261,16214,18856,5159,4165,3370,4369,17871,19481,142,8316,19929,6091,11312,22109,9951,22440,6860,3880,4492,18440,4310,18111,9902,6278,20618,20500,20646,21085,23447,11883,15210,23118,20397,22349,2529,5688,13286,10123,23881,14892,17697,23453,15221,19668,15218,5219,9838,25007
0	1764	15101	1928,18960,32832,2891,3657,5220,2231,5556,9579,8989,4882,12037,12811,9224,14821,10492,6309,3038,10718,26631,10679,11612,14289,8544,14722,7193,17058,30995,14776,4106,12588,13905,17261,16214,18856,5159,4165,3370,4369,17871,19481,142,8316,19929,6091,11312,22109,9951,22440,6860,3880,4492,18440,4310,18111,9902,6278,20618,20500,20646,21085,23447,11883,15210,23118,20397,22349,2529,5688,13286,10123,23881,14892,17697,23453,15221,19668,15218,5219,9838,25007
0	1764	19611	1928,18960,32832,2891,3657,5220,2231,5556,9579,8989,4882,12037,12811,9224,14821,10492,6309,3038,10718,26631,10679,11612,14289,8544,14722,7193,17058,30995,14776,4106,12588,13905,17261,16214,18856,5159,4165,3370,4369,17871,19481,142,8316,19929,6091,11312,22109,9951,22440,6860,3880,4492,18440,4310,18111,9902,6278,20618,20500,20646,21085,23447,11883,15210,23118,20397,22349,2529,5688,13286,10123,23881,14892,17697,23453,15221,19668,15218,5219,9838,25007
1	1764	15448	1928,18960,32832,2891,3657,5220,2231,5556,9579,8989,4882,12037,12811,9224,14821,10492,6309,3038,10718,26631,10679,11612,14289,8544,14722,7193,17058,30995,14776,4106,12588,13905,17261,16214,18856,5159,4165,3370,4369,17871,19481,142,8316,19929,6091,11312,22109,9951,22440,6860,3880,4492,18440,4310,18111,9902,6278,20618,20500,20646,21085,23447,11883,15210,23118,20397,22349,2529,5688,13286,10123,23881,14892,17697,23453,15221,19668,15218,5219,9838,25007
1	1764	27624	1928,18960,32832,2891,3657,5220,2231,5556,9579,8989,4882,12037,12811,9224,14821,10492,6309,3038,10718,26631,10679,11612,14289,8544,14722,7193,17058,30995,14776,4106,12588,13905,17261,16214,18856,5159,4165,3370,4369,17871,19481,142,8316,19929,6091,11312,22109,9951,22440,6860,3880,4492,18440,4310,18111,9902,6278,20618,20500,20646,21085,23447,11883,15210,23118,20397,22349,2529,5688,13286,10123,23881,14892,17697,23453,15221,19668,15218,5219,9838,25007,15448
0	1764	26401	1928,18960,32832,2891,3657,5220,2231,5556,9579,8989,4882,12037,12811,9224,14821,10492,6309,3038,10718,26631,10679,11612,14289,8544,14722,7193,17058,30995,14776,4106,12588,13905,17261,16214,18856,5159,4165,3370,4369,17871,19481,142,8316,19929,6091,11312,22109,9951,22440,6860,3880,4492,18440,4310,18111,9902,6278,20618,20500,20646,21085,23447,11883,15210,23118,20397,22349,2529,5688,13286,10123,23881,14892,17697,23453,15221,19668,15218,5219,9838,25007,15448,27624
0	1764	14609	1928,18960,32832,2891,3657,5220,2231,5556,9579,8989,4882,12037,12811,9224,14821,10492,6309,3038,10718,26631,10679,11612,14289,8544,14722,7193,17058,30995,14776,4106,12588,13905,17261,16214,18856,5159,4165,3370,4369,17871,19481,142,8316,19929,6091,11312,22109,9951,22440,6860,3880,4492,18440,4310,18111,9902,6278,20618,20500,20646,21085,23447,11883,15210,23118,20397,22349,2529,5688,13286,10123,23881,14892,17697,23453,15221,19668,15218,5219,9838,25007,15448,27624
0	1764	28878	1928,18960,32832,2891,3657,5220,2231,5556,9579,8989,4882,12037,12811,9224,14821,10492,6309,3038,10718,26631,10679,11612,14289,8544,14722,7193,17058,30995,14776,4106,12588,13905,17261,16214,18856,5159,4165,3370,4369,17871,19481,142,8316,19929,6091,11312,22109,9951,22440,6860,3880,4492,18440,4310,18111,9902,6278,20618,20500,20646,21085,23447,11883,15210,23118,20397,22349,2529,5688,13286,10123,23881,14892,17697,23453,15221,19668,15218,5219,9838,25007,15448,27624
