0	1082	13730	0
0	1082	17872	0
1	1082	16575	0
0	1082	16847	16575
1	1082	1825	16575
1	1082	14175	16575,1825
1	1082	10559	16575,1825,14175
0	1082	8588	16575,1825,14175,10559
0	1082	11422	16575,1825,14175,10559
1	1082	13264	16575,1825,14175,10559
1	1082	32141	16575,1825,14175,10559,13264
1	1082	6091	16575,1825,14175,10559,13264,32141
1	1082	22332	16575,1825,14175,10559,13264,32141,6091
1	1082	22334	16575,1825,14175,10559,13264,32141,6091,22332
1	1082	7069	16575,1825,14175,10559,13264,32141,6091,22332,22334
1	1082	13279	16575,1825,14175,10559,13264,32141,6091,22332,22334,7069
1	1082	28199	16575,1825,14175,10559,13264,32141,6091,22332,22334,7069,13279
1	1082	4319	16575,1825,14175,10559,13264,32141,6091,22332,22334,7069,13279,28199
0	1082	9483	16575,1825,14175,10559,13264,32141,6091,22332,22334,7069,13279,28199,4319
1	1082	13227	16575,1825,14175,10559,13264,32141,6091,22332,22334,7069,13279,28199,4319
0	1082	19336	16575,1825,14175,10559,13264,32141,6091,22332,22334,7069,13279,28199,4319,13227
0	1082	15671	16575,1825,14175,10559,13264,32141,6091,22332,22334,7069,13279,28199,4319,13227
1	1082	31059	16575,1825,14175,10559,13264,32141,6091,22332,22334,7069,13279,28199,4319,13227
0	1082	6901	16575,1825,14175,10559,13264,32141,6091,22332,22334,7069,13279,28199,4319,13227,31059
0	1082	15171	16575,1825,14175,10559,13264,32141,6091,22332,22334,7069,13279,28199,4319,13227,31059
1	1082	23448	16575,1825,14175,10559,13264,32141,6091,22332,22334,7069,13279,28199,4319,13227,31059
0	1082	14808	16575,1825,14175,10559,13264,32141,6091,22332,22334,7069,13279,28199,4319,13227,31059,23448
1	1082	17162	16575,1825,14175,10559,13264,32141,6091,22332,22334,7069,13279,28199,4319,13227,31059,23448
1	1082	27586	16575,1825,14175,10559,13264,32141,6091,22332,22334,7069,13279,28199,4319,13227,31059,23448,17162
1	1082	23857	16575,1825,14175,10559,13264,32141,6091,22332,22334,7069,13279,28199,4319,13227,31059,23448,17162,27586
1	1082	18183	16575,1825,14175,10559,13264,32141,6091,22332,22334,7069,13279,28199,4319,13227,31059,23448,17162,27586,23857
1	1082	23885	16575,1825,14175,10559,13264,32141,6091,22332,22334,7069,13279,28199,4319,13227,31059,23448,17162,27586,23857,18183
1	1082	25568	16575,1825,14175,10559,13264,32141,6091,22332,22334,7069,13279,28199,4319,13227,31059,23448,17162,27586,23857,18183,23885
