0	372	31489	0
1	372	13065	0
1	372	13027	13065
1	372	6571	13065,13027
0	372	23783	13065,13027,6571
0	372	32968	13065,13027,6571
0	372	32974	13065,13027,6571
0	372	6573	13065,13027,6571
0	372	14940	13065,13027,6571
0	372	17132	13065,13027,6571
0	372	32979	13065,13027,6571
1	372	5016	13065,13027,6571
0	372	25162	13065,13027,6571,5016
0	372	18858	13065,13027,6571,5016
1	372	9830	13065,13027,6571,5016
1	372	6280	13065,13027,6571,5016,9830
0	372	1222	13065,13027,6571,5016,9830,6280
1	372	4414	13065,13027,6571,5016,9830,6280
0	372	32307	13065,13027,6571,5016,9830,6280,4414
1	372	1249	13065,13027,6571,5016,9830,6280,4414
0	372	2141	13065,13027,6571,5016,9830,6280,4414,1249
1	372	18843	13065,13027,6571,5016,9830,6280,4414,1249
0	372	15043	13065,13027,6571,5016,9830,6280,4414,1249,18843
1	372	20636	13065,13027,6571,5016,9830,6280,4414,1249,18843
1	372	7395	13065,13027,6571,5016,9830,6280,4414,1249,18843,20636
0	372	21083	13065,13027,6571,5016,9830,6280,4414,1249,18843,20636,7395
0	372	15305	13065,13027,6571,5016,9830,6280,4414,1249,18843,20636,7395
1	372	20834	13065,13027,6571,5016,9830,6280,4414,1249,18843,20636,7395
0	372	31123	13065,13027,6571,5016,9830,6280,4414,1249,18843,20636,7395,20834
1	372	6091	13065,13027,6571,5016,9830,6280,4414,1249,18843,20636,7395,20834
0	372	25156	13065,13027,6571,5016,9830,6280,4414,1249,18843,20636,7395,20834,6091
0	372	2065	13065,13027,6571,5016,9830,6280,4414,1249,18843,20636,7395,20834,6091
1	372	13019	13065,13027,6571,5016,9830,6280,4414,1249,18843,20636,7395,20834,6091
1	372	23490	13065,13027,6571,5016,9830,6280,4414,1249,18843,20636,7395,20834,6091,13019
0	372	25020	13065,13027,6571,5016,9830,6280,4414,1249,18843,20636,7395,20834,6091,13019,23490
1	372	31715	13065,13027,6571,5016,9830,6280,4414,1249,18843,20636,7395,20834,6091,13019,23490
1	372	26935	13065,13027,6571,5016,9830,6280,4414,1249,18843,20636,7395,20834,6091,13019,23490,31715
0	372	15150	13065,13027,6571,5016,9830,6280,4414,1249,18843,20636,7395,20834,6091,13019,23490,31715,26935
1	372	15999	13065,13027,6571,5016,9830,6280,4414,1249,18843,20636,7395,20834,6091,13019,23490,31715,26935
0	372	31955	13065,13027,6571,5016,9830,6280,4414,1249,18843,20636,7395,20834,6091,13019,23490,31715,26935,15999
