0	133	6832	0
0	133	13422	0
0	133	1116	0
0	133	657	0
0	133	1195	0
0	133	28931	0
0	133	2454	0
0	133	2362	0
0	133	4046	0
0	133	5230	0
1	133	5523	0
0	133	26279	5523
0	133	2211	5523
0	133	32352	5523
0	133	1261	5523
1	133	4068	5523
1	133	726	5523,4068
1	133	4424	5523,4068,726
0	133	5625	5523,4068,726,4424
0	133	4979	5523,4068,726,4424
0	133	6533	5523,4068,726,4424
1	133	28273	5523,4068,726,4424
0	133	6170	5523,4068,726,4424,28273
0	133	7040	5523,4068,726,4424,28273
1	133	7491	5523,4068,726,4424,28273
1	133	7493	5523,4068,726,4424,28273,7491
0	133	8848	5523,4068,726,4424,28273,7491,7493
1	133	10272	5523,4068,726,4424,28273,7491,7493
1	133	9462	5523,4068,726,4424,28273,7491,7493,10272
0	133	11885	5523,4068,726,4424,28273,7491,7493,10272,9462
0	133	8490	5523,4068,726,4424,28273,7491,7493,10272,9462
1	133	3824	5523,4068,726,4424,28273,7491,7493,10272,9462
1	133	10884	5523,4068,726,4424,28273,7491,7493,10272,9462,3824
0	133	11141	5523,4068,726,4424,28273,7491,7493,10272,9462,3824,10884
0	133	12459	5523,4068,726,4424,28273,7491,7493,10272,9462,3824,10884
1	133	13226	5523,4068,726,4424,28273,7491,7493,10272,9462,3824,10884
0	133	13426	5523,4068,726,4424,28273,7491,7493,10272,9462,3824,10884,13226
1	133	5278	5523,4068,726,4424,28273,7491,7493,10272,9462,3824,10884,13226
1	133	13331	5523,4068,726,4424,28273,7491,7493,10272,9462,3824,10884,13226,5278
1	133	12525	5523,4068,726,4424,28273,7491,7493,10272,9462,3824,10884,13226,5278,13331
1	133	15218	5523,4068,726,4424,28273,7491,7493,10272,9462,3824,10884,13226,5278,13331,12525
0	133	15219	5523,4068,726,4424,28273,7491,7493,10272,9462,3824,10884,13226,5278,13331,12525,15218
1	133	15214	5523,4068,726,4424,28273,7491,7493,10272,9462,3824,10884,13226,5278,13331,12525,15218
0	133	15500	5523,4068,726,4424,28273,7491,7493,10272,9462,3824,10884,13226,5278,13331,12525,15218,15214
1	133	3192	5523,4068,726,4424,28273,7491,7493,10272,9462,3824,10884,13226,5278,13331,12525,15218,15214
1	133	10088	5523,4068,726,4424,28273,7491,7493,10272,9462,3824,10884,13226,5278,13331,12525,15218,15214,3192
0	133	14529	5523,4068,726,4424,28273,7491,7493,10272,9462,3824,10884,13226,5278,13331,12525,15218,15214,3192,10088
0	133	16449	5523,4068,726,4424,28273,7491,7493,10272,9462,3824,10884,13226,5278,13331,12525,15218,15214,3192,10088
0	133	19669	5523,4068,726,4424,28273,7491,7493,10272,9462,3824,10884,13226,5278,13331,12525,15218,15214,3192,10088
0	133	16754	5523,4068,726,4424,28273,7491,7493,10272,9462,3824,10884,13226,5278,13331,12525,15218,15214,3192,10088
1	133	17807	5523,4068,726,4424,28273,7491,7493,10272,9462,3824,10884,13226,5278,13331,12525,15218,15214,3192,10088
0	133	6105	5523,4068,726,4424,28273,7491,7493,10272,9462,3824,10884,13226,5278,13331,12525,15218,15214,3192,10088,17807
0	133	13808	5523,4068,726,4424,28273,7491,7493,10272,9462,3824,10884,13226,5278,13331,12525,15218,15214,3192,10088,17807
1	133	11575	5523,4068,726,4424,28273,7491,7493,10272,9462,3824,10884,13226,5278,13331,12525,15218,15214,3192,10088,17807
0	133	4209	5523,4068,726,4424,28273,7491,7493,10272,9462,3824,10884,13226,5278,13331,12525,15218,15214,3192,10088,17807,11575
1	133	18182	5523,4068,726,4424,28273,7491,7493,10272,9462,3824,10884,13226,5278,13331,12525,15218,15214,3192,10088,17807,11575
0	133	17462	5523,4068,726,4424,28273,7491,7493,10272,9462,3824,10884,13226,5278,13331,12525,15218,15214,3192,10088,17807,11575,18182
1	133	30086	5523,4068,726,4424,28273,7491,7493,10272,9462,3824,10884,13226,5278,13331,12525,15218,15214,3192,10088,17807,11575,18182
1	133	14671	5523,4068,726,4424,28273,7491,7493,10272,9462,3824,10884,13226,5278,13331,12525,15218,15214,3192,10088,17807,11575,18182,30086
0	133	19561	5523,4068,726,4424,28273,7491,7493,10272,9462,3824,10884,13226,5278,13331,12525,15218,15214,3192,10088,17807,11575,18182,30086,14671
0	133	21392	5523,4068,726,4424,28273,7491,7493,10272,9462,3824,10884,13226,5278,13331,12525,15218,15214,3192,10088,17807,11575,18182,30086,14671
0	133	19336	5523,4068,726,4424,28273,7491,7493,10272,9462,3824,10884,13226,5278,13331,12525,15218,15214,3192,10088,17807,11575,18182,30086,14671
0	133	15948	5523,4068,726,4424,28273,7491,7493,10272,9462,3824,10884,13226,5278,13331,12525,15218,15214,3192,10088,17807,11575,18182,30086,14671
0	133	32027	5523,4068,726,4424,28273,7491,7493,10272,9462,3824,10884,13226,5278,13331,12525,15218,15214,3192,10088,17807,11575,18182,30086,14671
0	133	22743	5523,4068,726,4424,28273,7491,7493,10272,9462,3824,10884,13226,5278,13331,12525,15218,15214,3192,10088,17807,11575,18182,30086,14671
1	133	23490	5523,4068,726,4424,28273,7491,7493,10272,9462,3824,10884,13226,5278,13331,12525,15218,15214,3192,10088,17807,11575,18182,30086,14671
0	133	24181	5523,4068,726,4424,28273,7491,7493,10272,9462,3824,10884,13226,5278,13331,12525,15218,15214,3192,10088,17807,11575,18182,30086,14671,23490
1	133	24753	5523,4068,726,4424,28273,7491,7493,10272,9462,3824,10884,13226,5278,13331,12525,15218,15214,3192,10088,17807,11575,18182,30086,14671,23490
0	133	24163	5523,4068,726,4424,28273,7491,7493,10272,9462,3824,10884,13226,5278,13331,12525,15218,15214,3192,10088,17807,11575,18182,30086,14671,23490,24753
1	133	25132	5523,4068,726,4424,28273,7491,7493,10272,9462,3824,10884,13226,5278,13331,12525,15218,15214,3192,10088,17807,11575,18182,30086,14671,23490,24753
0	133	25778	5523,4068,726,4424,28273,7491,7493,10272,9462,3824,10884,13226,5278,13331,12525,15218,15214,3192,10088,17807,11575,18182,30086,14671,23490,24753,25132
1	133	17545	5523,4068,726,4424,28273,7491,7493,10272,9462,3824,10884,13226,5278,13331,12525,15218,15214,3192,10088,17807,11575,18182,30086,14671,23490,24753,25132
0	133	25481	5523,4068,726,4424,28273,7491,7493,10272,9462,3824,10884,13226,5278,13331,12525,15218,15214,3192,10088,17807,11575,18182,30086,14671,23490,24753,25132,17545
1	133	24331	5523,4068,726,4424,28273,7491,7493,10272,9462,3824,10884,13226,5278,13331,12525,15218,15214,3192,10088,17807,11575,18182,30086,14671,23490,24753,25132,17545
0	133	20410	5523,4068,726,4424,28273,7491,7493,10272,9462,3824,10884,13226,5278,13331,12525,15218,15214,3192,10088,17807,11575,18182,30086,14671,23490,24753,25132,17545,24331
1	133	23449	5523,4068,726,4424,28273,7491,7493,10272,9462,3824,10884,13226,5278,13331,12525,15218,15214,3192,10088,17807,11575,18182,30086,14671,23490,24753,25132,17545,24331
1	133	23768	5523,4068,726,4424,28273,7491,7493,10272,9462,3824,10884,13226,5278,13331,12525,15218,15214,3192,10088,17807,11575,18182,30086,14671,23490,24753,25132,17545,24331,23449
1	133	27298	5523,4068,726,4424,28273,7491,7493,10272,9462,3824,10884,13226,5278,13331,12525,15218,15214,3192,10088,17807,11575,18182,30086,14671,23490,24753,25132,17545,24331,23449,23768
1	133	27627	5523,4068,726,4424,28273,7491,7493,10272,9462,3824,10884,13226,5278,13331,12525,15218,15214,3192,10088,17807,11575,18182,30086,14671,23490,24753,25132,17545,24331,23449,23768,27298
1	133	16807	5523,4068,726,4424,28273,7491,7493,10272,9462,3824,10884,13226,5278,13331,12525,15218,15214,3192,10088,17807,11575,18182,30086,14671,23490,24753,25132,17545,24331,23449,23768,27298,27627
0	133	21017	5523,4068,726,4424,28273,7491,7493,10272,9462,3824,10884,13226,5278,13331,12525,15218,15214,3192,10088,17807,11575,18182,30086,14671,23490,24753,25132,17545,24331,23449,23768,27298,27627,16807
1	133	27774	5523,4068,726,4424,28273,7491,7493,10272,9462,3824,10884,13226,5278,13331,12525,15218,15214,3192,10088,17807,11575,18182,30086,14671,23490,24753,25132,17545,24331,23449,23768,27298,27627,16807
1	133	28170	5523,4068,726,4424,28273,7491,7493,10272,9462,3824,10884,13226,5278,13331,12525,15218,15214,3192,10088,17807,11575,18182,30086,14671,23490,24753,25132,17545,24331,23449,23768,27298,27627,16807,27774
0	133	27965	5523,4068,726,4424,28273,7491,7493,10272,9462,3824,10884,13226,5278,13331,12525,15218,15214,3192,10088,17807,11575,18182,30086,14671,23490,24753,25132,17545,24331,23449,23768,27298,27627,16807,27774,28170
1	133	837	5523,4068,726,4424,28273,7491,7493,10272,9462,3824,10884,13226,5278,13331,12525,15218,15214,3192,10088,17807,11575,18182,30086,14671,23490,24753,25132,17545,24331,23449,23768,27298,27627,16807,27774,28170
0	133	25225	5523,4068,726,4424,28273,7491,7493,10272,9462,3824,10884,13226,5278,13331,12525,15218,15214,3192,10088,17807,11575,18182,30086,14671,23490,24753,25132,17545,24331,23449,23768,27298,27627,16807,27774,28170,837
0	133	28567	5523,4068,726,4424,28273,7491,7493,10272,9462,3824,10884,13226,5278,13331,12525,15218,15214,3192,10088,17807,11575,18182,30086,14671,23490,24753,25132,17545,24331,23449,23768,27298,27627,16807,27774,28170,837
0	133	28649	5523,4068,726,4424,28273,7491,7493,10272,9462,3824,10884,13226,5278,13331,12525,15218,15214,3192,10088,17807,11575,18182,30086,14671,23490,24753,25132,17545,24331,23449,23768,27298,27627,16807,27774,28170,837
1	133	28800	5523,4068,726,4424,28273,7491,7493,10272,9462,3824,10884,13226,5278,13331,12525,15218,15214,3192,10088,17807,11575,18182,30086,14671,23490,24753,25132,17545,24331,23449,23768,27298,27627,16807,27774,28170,837
1	133	28801	5523,4068,726,4424,28273,7491,7493,10272,9462,3824,10884,13226,5278,13331,12525,15218,15214,3192,10088,17807,11575,18182,30086,14671,23490,24753,25132,17545,24331,23449,23768,27298,27627,16807,27774,28170,837,28800
