1	991	2520	0
0	991	19369	2520
0	991	20278	2520
0	991	17142	2520
1	991	23721	2520
0	991	11493	2520,23721
0	991	19335	2520,23721
0	991	18064	2520,23721
0	991	11843	2520,23721
0	991	19353	2520,23721
1	991	22386	2520,23721
0	991	11506	2520,23721,22386
0	991	18514	2520,23721,22386
0	991	19689	2520,23721,22386
0	991	22900	2520,23721,22386
1	991	15574	2520,23721,22386
1	991	21577	2520,23721,22386,15574
0	991	23052	2520,23721,22386,15574,21577
0	991	9101	2520,23721,22386,15574,21577
0	991	11321	2520,23721,22386,15574,21577
1	991	24113	2520,23721,22386,15574,21577
1	991	27444	2520,23721,22386,15574,21577,24113
0	991	15039	2520,23721,22386,15574,21577,24113,27444
0	991	6385	2520,23721,22386,15574,21577,24113,27444
0	991	3357	2520,23721,22386,15574,21577,24113,27444
0	991	4293	2520,23721,22386,15574,21577,24113,27444
0	991	11772	2520,23721,22386,15574,21577,24113,27444
0	991	13902	2520,23721,22386,15574,21577,24113,27444
0	991	13253	2520,23721,22386,15574,21577,24113,27444
0	991	11173	2520,23721,22386,15574,21577,24113,27444
0	991	6107	2520,23721,22386,15574,21577,24113,27444
0	991	21586	2520,23721,22386,15574,21577,24113,27444
0	991	23682	2520,23721,22386,15574,21577,24113,27444
1	991	19334	2520,23721,22386,15574,21577,24113,27444
1	991	27072	2520,23721,22386,15574,21577,24113,27444,19334
1	991	4344	2520,23721,22386,15574,21577,24113,27444,19334,27072
1	991	27794	2520,23721,22386,15574,21577,24113,27444,19334,27072,4344
0	991	14954	2520,23721,22386,15574,21577,24113,27444,19334,27072,4344,27794
1	991	28312	2520,23721,22386,15574,21577,24113,27444,19334,27072,4344,27794
0	991	4170	2520,23721,22386,15574,21577,24113,27444,19334,27072,4344,27794,28312
0	991	25931	2520,23721,22386,15574,21577,24113,27444,19334,27072,4344,27794,28312
0	991	26103	2520,23721,22386,15574,21577,24113,27444,19334,27072,4344,27794,28312
