0	693	6904	0
1	693	31251	0
0	693	15802	31251
1	693	32754	31251
0	693	32992	31251,32754
0	693	113	31251,32754
1	693	1959	31251,32754
0	693	3170	31251,32754,1959
1	693	3162	31251,32754,1959
1	693	3684	31251,32754,1959,3162
1	693	6303	31251,32754,1959,3162,3684
0	693	30135	31251,32754,1959,3162,3684,6303
0	693	23425	31251,32754,1959,3162,3684,6303
0	693	4208	31251,32754,1959,3162,3684,6303
0	693	13251	31251,32754,1959,3162,3684,6303
0	693	603	31251,32754,1959,3162,3684,6303
0	693	8431	31251,32754,1959,3162,3684,6303
0	693	15448	31251,32754,1959,3162,3684,6303
1	693	18821	31251,32754,1959,3162,3684,6303
0	693	27372	31251,32754,1959,3162,3684,6303,18821
1	693	13296	31251,32754,1959,3162,3684,6303,18821
1	693	7251	31251,32754,1959,3162,3684,6303,18821,13296
1	693	21609	31251,32754,1959,3162,3684,6303,18821,13296,7251
0	693	23957	31251,32754,1959,3162,3684,6303,18821,13296,7251,21609
0	693	1325	31251,32754,1959,3162,3684,6303,18821,13296,7251,21609
1	693	4319	31251,32754,1959,3162,3684,6303,18821,13296,7251,21609
0	693	16635	31251,32754,1959,3162,3684,6303,18821,13296,7251,21609,4319
1	693	27444	31251,32754,1959,3162,3684,6303,18821,13296,7251,21609,4319
1	693	32477	31251,32754,1959,3162,3684,6303,18821,13296,7251,21609,4319,27444
1	693	197	31251,32754,1959,3162,3684,6303,18821,13296,7251,21609,4319,27444,32477
1	693	4134	31251,32754,1959,3162,3684,6303,18821,13296,7251,21609,4319,27444,32477,197
0	693	5163	31251,32754,1959,3162,3684,6303,18821,13296,7251,21609,4319,27444,32477,197,4134
0	693	18351	31251,32754,1959,3162,3684,6303,18821,13296,7251,21609,4319,27444,32477,197,4134
1	693	1828	31251,32754,1959,3162,3684,6303,18821,13296,7251,21609,4319,27444,32477,197,4134
1	693	3203	31251,32754,1959,3162,3684,6303,18821,13296,7251,21609,4319,27444,32477,197,4134,1828
1	693	5366	31251,32754,1959,3162,3684,6303,18821,13296,7251,21609,4319,27444,32477,197,4134,1828,3203
0	693	8470	31251,32754,1959,3162,3684,6303,18821,13296,7251,21609,4319,27444,32477,197,4134,1828,3203,5366
0	693	29523	31251,32754,1959,3162,3684,6303,18821,13296,7251,21609,4319,27444,32477,197,4134,1828,3203,5366
1	693	24219	31251,32754,1959,3162,3684,6303,18821,13296,7251,21609,4319,27444,32477,197,4134,1828,3203,5366
1	693	27280	31251,32754,1959,3162,3684,6303,18821,13296,7251,21609,4319,27444,32477,197,4134,1828,3203,5366,24219
0	693	17110	31251,32754,1959,3162,3684,6303,18821,13296,7251,21609,4319,27444,32477,197,4134,1828,3203,5366,24219,27280
0	693	26906	31251,32754,1959,3162,3684,6303,18821,13296,7251,21609,4319,27444,32477,197,4134,1828,3203,5366,24219,27280
1	693	26081	31251,32754,1959,3162,3684,6303,18821,13296,7251,21609,4319,27444,32477,197,4134,1828,3203,5366,24219,27280
