0	180	15753	0
0	180	12658	0
0	180	14645	0
1	180	15346	0
0	180	19176	15346
0	180	19807	15346
1	180	22397	15346
1	180	1505	15346,22397
0	180	3749	15346,22397,1505
1	180	12991	15346,22397,1505
0	180	13485	15346,22397,1505,12991
0	180	14947	15346,22397,1505,12991
1	180	16670	15346,22397,1505,12991
1	180	21743	15346,22397,1505,12991,16670
0	180	22247	15346,22397,1505,12991,16670,21743
0	180	22394	15346,22397,1505,12991,16670,21743
0	180	22440	15346,22397,1505,12991,16670,21743
1	180	19441	15346,22397,1505,12991,16670,21743
0	180	25213	15346,22397,1505,12991,16670,21743,19441
0	180	25471	15346,22397,1505,12991,16670,21743,19441
0	180	28778	15346,22397,1505,12991,16670,21743,19441
0	180	29605	15346,22397,1505,12991,16670,21743,19441
0	180	14184	15346,22397,1505,12991,16670,21743,19441
0	180	28951	15346,22397,1505,12991,16670,21743,19441
0	180	29099	15346,22397,1505,12991,16670,21743,19441
1	180	19332	15346,22397,1505,12991,16670,21743,19441
0	180	20273	15346,22397,1505,12991,16670,21743,19441,19332
0	180	25591	15346,22397,1505,12991,16670,21743,19441,19332
0	180	26222	15346,22397,1505,12991,16670,21743,19441,19332
0	180	28728	15346,22397,1505,12991,16670,21743,19441,19332
