0	89	309	0
0	89	9490	0
0	89	4770	0
1	89	5676	0
1	89	7700	5676
1	89	5962	5676,7700
1	89	4834	5676,7700,5962
1	89	12948	5676,7700,5962,4834
1	89	31497	5676,7700,5962,4834,12948
1	89	12192	5676,7700,5962,4834,12948,31497
1	89	14156	5676,7700,5962,4834,12948,31497,12192
1	89	31503	5676,7700,5962,4834,12948,31497,12192,14156
0	89	25315	5676,7700,5962,4834,12948,31497,12192,14156,31503
0	89	2564	5676,7700,5962,4834,12948,31497,12192,14156,31503
1	89	19536	5676,7700,5962,4834,12948,31497,12192,14156,31503
1	89	25278	5676,7700,5962,4834,12948,31497,12192,14156,31503,19536
1	89	25356	5676,7700,5962,4834,12948,31497,12192,14156,31503,19536,25278
1	89	25577	5676,7700,5962,4834,12948,31497,12192,14156,31503,19536,25278,25356
1	89	6144	5676,7700,5962,4834,12948,31497,12192,14156,31503,19536,25278,25356,25577
1	89	19465	5676,7700,5962,4834,12948,31497,12192,14156,31503,19536,25278,25356,25577,6144
1	89	28872	5676,7700,5962,4834,12948,31497,12192,14156,31503,19536,25278,25356,25577,6144,19465
