1	1338	967	0
0	1338	6002	967
0	1338	212	967
1	1338	14555	967
1	1338	12588	967,14555
1	1338	15190	967,14555,12588
0	1338	10911	967,14555,12588,15190
1	1338	16714	967,14555,12588,15190
1	1338	9864	967,14555,12588,15190,16714
0	1338	20413	967,14555,12588,15190,16714,9864
1	1338	18758	967,14555,12588,15190,16714,9864
0	1338	18702	967,14555,12588,15190,16714,9864,18758
0	1338	7534	967,14555,12588,15190,16714,9864,18758
0	1338	17461	967,14555,12588,15190,16714,9864,18758
0	1338	17463	967,14555,12588,15190,16714,9864,18758
1	1338	7998	967,14555,12588,15190,16714,9864,18758
1	1338	17439	967,14555,12588,15190,16714,9864,18758,7998
1	1338	20550	967,14555,12588,15190,16714,9864,18758,7998,17439
1	1338	21648	967,14555,12588,15190,16714,9864,18758,7998,17439,20550
1	1338	22837	967,14555,12588,15190,16714,9864,18758,7998,17439,20550,21648
0	1338	19487	967,14555,12588,15190,16714,9864,18758,7998,17439,20550,21648,22837
1	1338	23490	967,14555,12588,15190,16714,9864,18758,7998,17439,20550,21648,22837
1	1338	4740	967,14555,12588,15190,16714,9864,18758,7998,17439,20550,21648,22837,23490
0	1338	16307	967,14555,12588,15190,16714,9864,18758,7998,17439,20550,21648,22837,23490,4740
1	1338	23394	967,14555,12588,15190,16714,9864,18758,7998,17439,20550,21648,22837,23490,4740
1	1338	9830	967,14555,12588,15190,16714,9864,18758,7998,17439,20550,21648,22837,23490,4740,23394
1	1338	18624	967,14555,12588,15190,16714,9864,18758,7998,17439,20550,21648,22837,23490,4740,23394,9830
1	1338	5079	967,14555,12588,15190,16714,9864,18758,7998,17439,20550,21648,22837,23490,4740,23394,9830,18624
1	1338	6413	967,14555,12588,15190,16714,9864,18758,7998,17439,20550,21648,22837,23490,4740,23394,9830,18624,5079
1	1338	16263	967,14555,12588,15190,16714,9864,18758,7998,17439,20550,21648,22837,23490,4740,23394,9830,18624,5079,6413
1	1338	20864	967,14555,12588,15190,16714,9864,18758,7998,17439,20550,21648,22837,23490,4740,23394,9830,18624,5079,6413,16263
1	1338	26611	967,14555,12588,15190,16714,9864,18758,7998,17439,20550,21648,22837,23490,4740,23394,9830,18624,5079,6413,16263,20864
1	1338	3435	967,14555,12588,15190,16714,9864,18758,7998,17439,20550,21648,22837,23490,4740,23394,9830,18624,5079,6413,16263,20864,26611
1	1338	5809	967,14555,12588,15190,16714,9864,18758,7998,17439,20550,21648,22837,23490,4740,23394,9830,18624,5079,6413,16263,20864,26611,3435
0	1338	23143	967,14555,12588,15190,16714,9864,18758,7998,17439,20550,21648,22837,23490,4740,23394,9830,18624,5079,6413,16263,20864,26611,3435,5809
0	1338	26551	967,14555,12588,15190,16714,9864,18758,7998,17439,20550,21648,22837,23490,4740,23394,9830,18624,5079,6413,16263,20864,26611,3435,5809
0	1338	27207	967,14555,12588,15190,16714,9864,18758,7998,17439,20550,21648,22837,23490,4740,23394,9830,18624,5079,6413,16263,20864,26611,3435,5809
1	1338	27247	967,14555,12588,15190,16714,9864,18758,7998,17439,20550,21648,22837,23490,4740,23394,9830,18624,5079,6413,16263,20864,26611,3435,5809
1	1338	18858	967,14555,12588,15190,16714,9864,18758,7998,17439,20550,21648,22837,23490,4740,23394,9830,18624,5079,6413,16263,20864,26611,3435,5809,27247
1	1338	24147	967,14555,12588,15190,16714,9864,18758,7998,17439,20550,21648,22837,23490,4740,23394,9830,18624,5079,6413,16263,20864,26611,3435,5809,27247,18858
1	1338	24678	967,14555,12588,15190,16714,9864,18758,7998,17439,20550,21648,22837,23490,4740,23394,9830,18624,5079,6413,16263,20864,26611,3435,5809,27247,18858,24147
0	1338	24885	967,14555,12588,15190,16714,9864,18758,7998,17439,20550,21648,22837,23490,4740,23394,9830,18624,5079,6413,16263,20864,26611,3435,5809,27247,18858,24147,24678
1	1338	16238	967,14555,12588,15190,16714,9864,18758,7998,17439,20550,21648,22837,23490,4740,23394,9830,18624,5079,6413,16263,20864,26611,3435,5809,27247,18858,24147,24678
1	1338	21830	967,14555,12588,15190,16714,9864,18758,7998,17439,20550,21648,22837,23490,4740,23394,9830,18624,5079,6413,16263,20864,26611,3435,5809,27247,18858,24147,24678,16238
1	1338	22750	967,14555,12588,15190,16714,9864,18758,7998,17439,20550,21648,22837,23490,4740,23394,9830,18624,5079,6413,16263,20864,26611,3435,5809,27247,18858,24147,24678,16238,21830
1	1338	9718	967,14555,12588,15190,16714,9864,18758,7998,17439,20550,21648,22837,23490,4740,23394,9830,18624,5079,6413,16263,20864,26611,3435,5809,27247,18858,24147,24678,16238,21830,22750
1	1338	24855	967,14555,12588,15190,16714,9864,18758,7998,17439,20550,21648,22837,23490,4740,23394,9830,18624,5079,6413,16263,20864,26611,3435,5809,27247,18858,24147,24678,16238,21830,22750,9718
0	1338	16217	967,14555,12588,15190,16714,9864,18758,7998,17439,20550,21648,22837,23490,4740,23394,9830,18624,5079,6413,16263,20864,26611,3435,5809,27247,18858,24147,24678,16238,21830,22750,9718,24855
