1	1608	7609	0
1	1608	19296	7609
1	1608	22077	7609,19296
0	1608	26039	7609,19296,22077
0	1608	1395	7609,19296,22077
0	1608	8375	7609,19296,22077
0	1608	16148	7609,19296,22077
0	1608	14081	7609,19296,22077
0	1608	32011	7609,19296,22077
1	1608	12946	7609,19296,22077
0	1608	1199	7609,19296,22077,12946
0	1608	2528	7609,19296,22077,12946
0	1608	4214	7609,19296,22077,12946
0	1608	32063	7609,19296,22077,12946
0	1608	5112	7609,19296,22077,12946
0	1608	756	7609,19296,22077,12946
0	1608	381	7609,19296,22077,12946
0	1608	4773	7609,19296,22077,12946
1	1608	473	7609,19296,22077,12946
1	1608	2859	7609,19296,22077,12946,473
0	1608	929	7609,19296,22077,12946,473,2859
0	1608	3953	7609,19296,22077,12946,473,2859
0	1608	2762	7609,19296,22077,12946,473,2859
0	1608	7193	7609,19296,22077,12946,473,2859
0	1608	23018	7609,19296,22077,12946,473,2859
0	1608	2846	7609,19296,22077,12946,473,2859
0	1608	7380	7609,19296,22077,12946,473,2859
1	1608	946	7609,19296,22077,12946,473,2859
0	1608	8881	7609,19296,22077,12946,473,2859,946
0	1608	9318	7609,19296,22077,12946,473,2859,946
0	1608	4756	7609,19296,22077,12946,473,2859,946
0	1608	7634	7609,19296,22077,12946,473,2859,946
0	1608	9909	7609,19296,22077,12946,473,2859,946
0	1608	9784	7609,19296,22077,12946,473,2859,946
0	1608	13717	7609,19296,22077,12946,473,2859,946
0	1608	1089	7609,19296,22077,12946,473,2859,946
0	1608	12418	7609,19296,22077,12946,473,2859,946
0	1608	12441	7609,19296,22077,12946,473,2859,946
0	1608	13670	7609,19296,22077,12946,473,2859,946
0	1608	11240	7609,19296,22077,12946,473,2859,946
0	1608	14495	7609,19296,22077,12946,473,2859,946
0	1608	17192	7609,19296,22077,12946,473,2859,946
0	1608	11620	7609,19296,22077,12946,473,2859,946
0	1608	14949	7609,19296,22077,12946,473,2859,946
0	1608	17209	7609,19296,22077,12946,473,2859,946
0	1608	19395	7609,19296,22077,12946,473,2859,946
1	1608	11869	7609,19296,22077,12946,473,2859,946
1	1608	15459	7609,19296,22077,12946,473,2859,946,11869
0	1608	18915	7609,19296,22077,12946,473,2859,946,11869,15459
0	1608	25052	7609,19296,22077,12946,473,2859,946,11869,15459
1	1608	26181	7609,19296,22077,12946,473,2859,946,11869,15459
0	1608	25825	7609,19296,22077,12946,473,2859,946,11869,15459,26181
0	1608	26409	7609,19296,22077,12946,473,2859,946,11869,15459,26181
0	1608	28177	7609,19296,22077,12946,473,2859,946,11869,15459,26181
0	1608	28161	7609,19296,22077,12946,473,2859,946,11869,15459,26181
0	1608	27895	7609,19296,22077,12946,473,2859,946,11869,15459,26181
