0	586	31409	0
0	586	19149	0
1	586	993	0
0	586	1813	993
0	586	32687	993
0	586	1970	993
1	586	20483	993
1	586	1849	993,20483
1	586	29974	993,20483,1849
0	586	384	993,20483,1849,29974
0	586	385	993,20483,1849,29974
0	586	5649	993,20483,1849,29974
0	586	2312	993,20483,1849,29974
0	586	6024	993,20483,1849,29974
1	586	3099	993,20483,1849,29974
1	586	24816	993,20483,1849,29974,3099
0	586	31613	993,20483,1849,29974,3099,24816
0	586	6851	993,20483,1849,29974,3099,24816
0	586	9525	993,20483,1849,29974,3099,24816
0	586	715	993,20483,1849,29974,3099,24816
1	586	10111	993,20483,1849,29974,3099,24816
1	586	23471	993,20483,1849,29974,3099,24816,10111
1	586	3052	993,20483,1849,29974,3099,24816,10111,23471
1	586	6571	993,20483,1849,29974,3099,24816,10111,23471,3052
1	586	8552	993,20483,1849,29974,3099,24816,10111,23471,3052,6571
1	586	9059	993,20483,1849,29974,3099,24816,10111,23471,3052,6571,8552
1	586	19032	993,20483,1849,29974,3099,24816,10111,23471,3052,6571,8552,9059
0	586	7533	993,20483,1849,29974,3099,24816,10111,23471,3052,6571,8552,9059,19032
1	586	4072	993,20483,1849,29974,3099,24816,10111,23471,3052,6571,8552,9059,19032
1	586	8619	993,20483,1849,29974,3099,24816,10111,23471,3052,6571,8552,9059,19032,4072
0	586	9945	993,20483,1849,29974,3099,24816,10111,23471,3052,6571,8552,9059,19032,4072,8619
0	586	8480	993,20483,1849,29974,3099,24816,10111,23471,3052,6571,8552,9059,19032,4072,8619
1	586	10088	993,20483,1849,29974,3099,24816,10111,23471,3052,6571,8552,9059,19032,4072,8619
1	586	11002	993,20483,1849,29974,3099,24816,10111,23471,3052,6571,8552,9059,19032,4072,8619,10088
0	586	17738	993,20483,1849,29974,3099,24816,10111,23471,3052,6571,8552,9059,19032,4072,8619,10088,11002
1	586	6194	993,20483,1849,29974,3099,24816,10111,23471,3052,6571,8552,9059,19032,4072,8619,10088,11002
1	586	17657	993,20483,1849,29974,3099,24816,10111,23471,3052,6571,8552,9059,19032,4072,8619,10088,11002,6194
1	586	17140	993,20483,1849,29974,3099,24816,10111,23471,3052,6571,8552,9059,19032,4072,8619,10088,11002,6194,17657
0	586	21363	993,20483,1849,29974,3099,24816,10111,23471,3052,6571,8552,9059,19032,4072,8619,10088,11002,6194,17657,17140
0	586	6606	993,20483,1849,29974,3099,24816,10111,23471,3052,6571,8552,9059,19032,4072,8619,10088,11002,6194,17657,17140
0	586	16944	993,20483,1849,29974,3099,24816,10111,23471,3052,6571,8552,9059,19032,4072,8619,10088,11002,6194,17657,17140
1	586	25006	993,20483,1849,29974,3099,24816,10111,23471,3052,6571,8552,9059,19032,4072,8619,10088,11002,6194,17657,17140
0	586	22044	993,20483,1849,29974,3099,24816,10111,23471,3052,6571,8552,9059,19032,4072,8619,10088,11002,6194,17657,17140,25006
0	586	16018	993,20483,1849,29974,3099,24816,10111,23471,3052,6571,8552,9059,19032,4072,8619,10088,11002,6194,17657,17140,25006
0	586	19074	993,20483,1849,29974,3099,24816,10111,23471,3052,6571,8552,9059,19032,4072,8619,10088,11002,6194,17657,17140,25006
0	586	11883	993,20483,1849,29974,3099,24816,10111,23471,3052,6571,8552,9059,19032,4072,8619,10088,11002,6194,17657,17140,25006
1	586	24848	993,20483,1849,29974,3099,24816,10111,23471,3052,6571,8552,9059,19032,4072,8619,10088,11002,6194,17657,17140,25006
0	586	26393	993,20483,1849,29974,3099,24816,10111,23471,3052,6571,8552,9059,19032,4072,8619,10088,11002,6194,17657,17140,25006,24848
1	586	837	993,20483,1849,29974,3099,24816,10111,23471,3052,6571,8552,9059,19032,4072,8619,10088,11002,6194,17657,17140,25006,24848
0	586	27287	993,20483,1849,29974,3099,24816,10111,23471,3052,6571,8552,9059,19032,4072,8619,10088,11002,6194,17657,17140,25006,24848,837
1	586	10057	993,20483,1849,29974,3099,24816,10111,23471,3052,6571,8552,9059,19032,4072,8619,10088,11002,6194,17657,17140,25006,24848,837
1	586	16742	993,20483,1849,29974,3099,24816,10111,23471,3052,6571,8552,9059,19032,4072,8619,10088,11002,6194,17657,17140,25006,24848,837,10057
0	586	17797	993,20483,1849,29974,3099,24816,10111,23471,3052,6571,8552,9059,19032,4072,8619,10088,11002,6194,17657,17140,25006,24848,837,10057,16742
1	586	20111	993,20483,1849,29974,3099,24816,10111,23471,3052,6571,8552,9059,19032,4072,8619,10088,11002,6194,17657,17140,25006,24848,837,10057,16742
1	586	28624	993,20483,1849,29974,3099,24816,10111,23471,3052,6571,8552,9059,19032,4072,8619,10088,11002,6194,17657,17140,25006,24848,837,10057,16742,20111
1	586	28649	993,20483,1849,29974,3099,24816,10111,23471,3052,6571,8552,9059,19032,4072,8619,10088,11002,6194,17657,17140,25006,24848,837,10057,16742,20111,28624
0	586	16935	993,20483,1849,29974,3099,24816,10111,23471,3052,6571,8552,9059,19032,4072,8619,10088,11002,6194,17657,17140,25006,24848,837,10057,16742,20111,28624,28649
1	586	24574	993,20483,1849,29974,3099,24816,10111,23471,3052,6571,8552,9059,19032,4072,8619,10088,11002,6194,17657,17140,25006,24848,837,10057,16742,20111,28624,28649
1	586	22993	993,20483,1849,29974,3099,24816,10111,23471,3052,6571,8552,9059,19032,4072,8619,10088,11002,6194,17657,17140,25006,24848,837,10057,16742,20111,28624,28649,24574
