1	1158	5552	0
0	1158	26477	5552
0	1158	25371	5552
0	1158	28949	5552
0	1158	22540	5552
0	1158	31031	5552
0	1158	31865	5552
0	1158	3077	5552
0	1158	31649	5552
0	1158	6187	5552
0	1158	8446	5552
0	1158	8601	5552
1	1158	5050	5552
1	1158	8562	5552,5050
0	1158	8594	5552,5050,8562
0	1158	1431	5552,5050,8562
0	1158	32434	5552,5050,8562
0	1158	31338	5552,5050,8562
0	1158	32423	5552,5050,8562
0	1158	29050	5552,5050,8562
0	1158	3559	5552,5050,8562
0	1158	24783	5552,5050,8562
0	1158	6846	5552,5050,8562
0	1158	6118	5552,5050,8562
0	1158	28501	5552,5050,8562
0	1158	4935	5552,5050,8562
0	1158	9970	5552,5050,8562
0	1158	21150	5552,5050,8562
0	1158	6120	5552,5050,8562
0	1158	16742	5552,5050,8562
1	1158	212	5552,5050,8562
