1	1799	20536	0
0	1799	31114	20536
0	1799	31798	20536
0	1799	31111	20536
0	1799	31327	20536
0	1799	467	20536
0	1799	9871	20536
0	1799	32842	20536
1	1799	1920	20536
0	1799	3184	20536,1920
1	1799	9794	20536,1920
0	1799	33100	20536,1920,9794
1	1799	507	20536,1920,9794
1	1799	7994	20536,1920,9794,507
1	1799	7344	20536,1920,9794,507,7994
1	1799	5016	20536,1920,9794,507,7994,7344
0	1799	32714	20536,1920,9794,507,7994,7344,5016
0	1799	6734	20536,1920,9794,507,7994,7344,5016
1	1799	3978	20536,1920,9794,507,7994,7344,5016
0	1799	5342	20536,1920,9794,507,7994,7344,5016,3978
0	1799	11546	20536,1920,9794,507,7994,7344,5016,3978
1	1799	2790	20536,1920,9794,507,7994,7344,5016,3978
1	1799	9654	20536,1920,9794,507,7994,7344,5016,3978,2790
0	1799	16640	20536,1920,9794,507,7994,7344,5016,3978,2790,9654
1	1799	5114	20536,1920,9794,507,7994,7344,5016,3978,2790,9654
0	1799	12034	20536,1920,9794,507,7994,7344,5016,3978,2790,9654,5114
0	1799	5455	20536,1920,9794,507,7994,7344,5016,3978,2790,9654,5114
1	1799	306	20536,1920,9794,507,7994,7344,5016,3978,2790,9654,5114
0	1799	9999	20536,1920,9794,507,7994,7344,5016,3978,2790,9654,5114,306
1	1799	2809	20536,1920,9794,507,7994,7344,5016,3978,2790,9654,5114,306
1	1799	5377	20536,1920,9794,507,7994,7344,5016,3978,2790,9654,5114,306,2809
0	1799	2967	20536,1920,9794,507,7994,7344,5016,3978,2790,9654,5114,306,2809,5377
0	1799	8063	20536,1920,9794,507,7994,7344,5016,3978,2790,9654,5114,306,2809,5377
1	1799	9716	20536,1920,9794,507,7994,7344,5016,3978,2790,9654,5114,306,2809,5377
1	1799	13549	20536,1920,9794,507,7994,7344,5016,3978,2790,9654,5114,306,2809,5377,9716
1	1799	6017	20536,1920,9794,507,7994,7344,5016,3978,2790,9654,5114,306,2809,5377,9716,13549
0	1799	9633	20536,1920,9794,507,7994,7344,5016,3978,2790,9654,5114,306,2809,5377,9716,13549,6017
0	1799	12315	20536,1920,9794,507,7994,7344,5016,3978,2790,9654,5114,306,2809,5377,9716,13549,6017
1	1799	8619	20536,1920,9794,507,7994,7344,5016,3978,2790,9654,5114,306,2809,5377,9716,13549,6017
1	1799	7834	20536,1920,9794,507,7994,7344,5016,3978,2790,9654,5114,306,2809,5377,9716,13549,6017,8619
0	1799	20067	20536,1920,9794,507,7994,7344,5016,3978,2790,9654,5114,306,2809,5377,9716,13549,6017,8619,7834
0	1799	1115	20536,1920,9794,507,7994,7344,5016,3978,2790,9654,5114,306,2809,5377,9716,13549,6017,8619,7834
1	1799	1887	20536,1920,9794,507,7994,7344,5016,3978,2790,9654,5114,306,2809,5377,9716,13549,6017,8619,7834
1	1799	2619	20536,1920,9794,507,7994,7344,5016,3978,2790,9654,5114,306,2809,5377,9716,13549,6017,8619,7834,1887
0	1799	8196	20536,1920,9794,507,7994,7344,5016,3978,2790,9654,5114,306,2809,5377,9716,13549,6017,8619,7834,1887,2619
0	1799	21442	20536,1920,9794,507,7994,7344,5016,3978,2790,9654,5114,306,2809,5377,9716,13549,6017,8619,7834,1887,2619
0	1799	199	20536,1920,9794,507,7994,7344,5016,3978,2790,9654,5114,306,2809,5377,9716,13549,6017,8619,7834,1887,2619
0	1799	12408	20536,1920,9794,507,7994,7344,5016,3978,2790,9654,5114,306,2809,5377,9716,13549,6017,8619,7834,1887,2619
0	1799	32871	20536,1920,9794,507,7994,7344,5016,3978,2790,9654,5114,306,2809,5377,9716,13549,6017,8619,7834,1887,2619
0	1799	979	20536,1920,9794,507,7994,7344,5016,3978,2790,9654,5114,306,2809,5377,9716,13549,6017,8619,7834,1887,2619
0	1799	5049	20536,1920,9794,507,7994,7344,5016,3978,2790,9654,5114,306,2809,5377,9716,13549,6017,8619,7834,1887,2619
0	1799	21600	20536,1920,9794,507,7994,7344,5016,3978,2790,9654,5114,306,2809,5377,9716,13549,6017,8619,7834,1887,2619
0	1799	28888	20536,1920,9794,507,7994,7344,5016,3978,2790,9654,5114,306,2809,5377,9716,13549,6017,8619,7834,1887,2619
1	1799	361	20536,1920,9794,507,7994,7344,5016,3978,2790,9654,5114,306,2809,5377,9716,13549,6017,8619,7834,1887,2619
1	1799	2297	20536,1920,9794,507,7994,7344,5016,3978,2790,9654,5114,306,2809,5377,9716,13549,6017,8619,7834,1887,2619,361
0	1799	2568	20536,1920,9794,507,7994,7344,5016,3978,2790,9654,5114,306,2809,5377,9716,13549,6017,8619,7834,1887,2619,361,2297
1	1799	4453	20536,1920,9794,507,7994,7344,5016,3978,2790,9654,5114,306,2809,5377,9716,13549,6017,8619,7834,1887,2619,361,2297
0	1799	6812	20536,1920,9794,507,7994,7344,5016,3978,2790,9654,5114,306,2809,5377,9716,13549,6017,8619,7834,1887,2619,361,2297,4453
0	1799	9646	20536,1920,9794,507,7994,7344,5016,3978,2790,9654,5114,306,2809,5377,9716,13549,6017,8619,7834,1887,2619,361,2297,4453
0	1799	2126	20536,1920,9794,507,7994,7344,5016,3978,2790,9654,5114,306,2809,5377,9716,13549,6017,8619,7834,1887,2619,361,2297,4453
0	1799	13637	20536,1920,9794,507,7994,7344,5016,3978,2790,9654,5114,306,2809,5377,9716,13549,6017,8619,7834,1887,2619,361,2297,4453
0	1799	11839	20536,1920,9794,507,7994,7344,5016,3978,2790,9654,5114,306,2809,5377,9716,13549,6017,8619,7834,1887,2619,361,2297,4453
0	1799	24737	20536,1920,9794,507,7994,7344,5016,3978,2790,9654,5114,306,2809,5377,9716,13549,6017,8619,7834,1887,2619,361,2297,4453
1	1799	7343	20536,1920,9794,507,7994,7344,5016,3978,2790,9654,5114,306,2809,5377,9716,13549,6017,8619,7834,1887,2619,361,2297,4453
0	1799	11753	20536,1920,9794,507,7994,7344,5016,3978,2790,9654,5114,306,2809,5377,9716,13549,6017,8619,7834,1887,2619,361,2297,4453,7343
0	1799	6127	20536,1920,9794,507,7994,7344,5016,3978,2790,9654,5114,306,2809,5377,9716,13549,6017,8619,7834,1887,2619,361,2297,4453,7343
1	1799	6019	20536,1920,9794,507,7994,7344,5016,3978,2790,9654,5114,306,2809,5377,9716,13549,6017,8619,7834,1887,2619,361,2297,4453,7343
0	1799	1397	20536,1920,9794,507,7994,7344,5016,3978,2790,9654,5114,306,2809,5377,9716,13549,6017,8619,7834,1887,2619,361,2297,4453,7343,6019
0	1799	8901	20536,1920,9794,507,7994,7344,5016,3978,2790,9654,5114,306,2809,5377,9716,13549,6017,8619,7834,1887,2619,361,2297,4453,7343,6019
0	1799	8706	20536,1920,9794,507,7994,7344,5016,3978,2790,9654,5114,306,2809,5377,9716,13549,6017,8619,7834,1887,2619,361,2297,4453,7343,6019
0	1799	11473	20536,1920,9794,507,7994,7344,5016,3978,2790,9654,5114,306,2809,5377,9716,13549,6017,8619,7834,1887,2619,361,2297,4453,7343,6019
0	1799	14357	20536,1920,9794,507,7994,7344,5016,3978,2790,9654,5114,306,2809,5377,9716,13549,6017,8619,7834,1887,2619,361,2297,4453,7343,6019
1	1799	11870	20536,1920,9794,507,7994,7344,5016,3978,2790,9654,5114,306,2809,5377,9716,13549,6017,8619,7834,1887,2619,361,2297,4453,7343,6019
0	1799	14448	20536,1920,9794,507,7994,7344,5016,3978,2790,9654,5114,306,2809,5377,9716,13549,6017,8619,7834,1887,2619,361,2297,4453,7343,6019,11870
1	1799	6406	20536,1920,9794,507,7994,7344,5016,3978,2790,9654,5114,306,2809,5377,9716,13549,6017,8619,7834,1887,2619,361,2297,4453,7343,6019,11870
1	1799	4638	20536,1920,9794,507,7994,7344,5016,3978,2790,9654,5114,306,2809,5377,9716,13549,6017,8619,7834,1887,2619,361,2297,4453,7343,6019,11870,6406
1	1799	6021	20536,1920,9794,507,7994,7344,5016,3978,2790,9654,5114,306,2809,5377,9716,13549,6017,8619,7834,1887,2619,361,2297,4453,7343,6019,11870,6406,4638
1	1799	4850	20536,1920,9794,507,7994,7344,5016,3978,2790,9654,5114,306,2809,5377,9716,13549,6017,8619,7834,1887,2619,361,2297,4453,7343,6019,11870,6406,4638,6021
0	1799	14464	20536,1920,9794,507,7994,7344,5016,3978,2790,9654,5114,306,2809,5377,9716,13549,6017,8619,7834,1887,2619,361,2297,4453,7343,6019,11870,6406,4638,6021,4850
0	1799	16823	20536,1920,9794,507,7994,7344,5016,3978,2790,9654,5114,306,2809,5377,9716,13549,6017,8619,7834,1887,2619,361,2297,4453,7343,6019,11870,6406,4638,6021,4850
0	1799	6018	20536,1920,9794,507,7994,7344,5016,3978,2790,9654,5114,306,2809,5377,9716,13549,6017,8619,7834,1887,2619,361,2297,4453,7343,6019,11870,6406,4638,6021,4850
1	1799	32211	20536,1920,9794,507,7994,7344,5016,3978,2790,9654,5114,306,2809,5377,9716,13549,6017,8619,7834,1887,2619,361,2297,4453,7343,6019,11870,6406,4638,6021,4850
0	1799	5054	20536,1920,9794,507,7994,7344,5016,3978,2790,9654,5114,306,2809,5377,9716,13549,6017,8619,7834,1887,2619,361,2297,4453,7343,6019,11870,6406,4638,6021,4850,32211
0	1799	28645	20536,1920,9794,507,7994,7344,5016,3978,2790,9654,5114,306,2809,5377,9716,13549,6017,8619,7834,1887,2619,361,2297,4453,7343,6019,11870,6406,4638,6021,4850,32211
0	1799	1859	20536,1920,9794,507,7994,7344,5016,3978,2790,9654,5114,306,2809,5377,9716,13549,6017,8619,7834,1887,2619,361,2297,4453,7343,6019,11870,6406,4638,6021,4850,32211
0	1799	13744	20536,1920,9794,507,7994,7344,5016,3978,2790,9654,5114,306,2809,5377,9716,13549,6017,8619,7834,1887,2619,361,2297,4453,7343,6019,11870,6406,4638,6021,4850,32211
0	1799	9907	20536,1920,9794,507,7994,7344,5016,3978,2790,9654,5114,306,2809,5377,9716,13549,6017,8619,7834,1887,2619,361,2297,4453,7343,6019,11870,6406,4638,6021,4850,32211
1	1799	11866	20536,1920,9794,507,7994,7344,5016,3978,2790,9654,5114,306,2809,5377,9716,13549,6017,8619,7834,1887,2619,361,2297,4453,7343,6019,11870,6406,4638,6021,4850,32211
0	1799	15818	20536,1920,9794,507,7994,7344,5016,3978,2790,9654,5114,306,2809,5377,9716,13549,6017,8619,7834,1887,2619,361,2297,4453,7343,6019,11870,6406,4638,6021,4850,32211,11866
0	1799	18107	20536,1920,9794,507,7994,7344,5016,3978,2790,9654,5114,306,2809,5377,9716,13549,6017,8619,7834,1887,2619,361,2297,4453,7343,6019,11870,6406,4638,6021,4850,32211,11866
1	1799	14601	20536,1920,9794,507,7994,7344,5016,3978,2790,9654,5114,306,2809,5377,9716,13549,6017,8619,7834,1887,2619,361,2297,4453,7343,6019,11870,6406,4638,6021,4850,32211,11866
0	1799	1858	20536,1920,9794,507,7994,7344,5016,3978,2790,9654,5114,306,2809,5377,9716,13549,6017,8619,7834,1887,2619,361,2297,4453,7343,6019,11870,6406,4638,6021,4850,32211,11866,14601
1	1799	16253	20536,1920,9794,507,7994,7344,5016,3978,2790,9654,5114,306,2809,5377,9716,13549,6017,8619,7834,1887,2619,361,2297,4453,7343,6019,11870,6406,4638,6021,4850,32211,11866,14601
0	1799	16400	20536,1920,9794,507,7994,7344,5016,3978,2790,9654,5114,306,2809,5377,9716,13549,6017,8619,7834,1887,2619,361,2297,4453,7343,6019,11870,6406,4638,6021,4850,32211,11866,14601,16253
0	1799	2040	20536,1920,9794,507,7994,7344,5016,3978,2790,9654,5114,306,2809,5377,9716,13549,6017,8619,7834,1887,2619,361,2297,4453,7343,6019,11870,6406,4638,6021,4850,32211,11866,14601,16253
0	1799	4500	20536,1920,9794,507,7994,7344,5016,3978,2790,9654,5114,306,2809,5377,9716,13549,6017,8619,7834,1887,2619,361,2297,4453,7343,6019,11870,6406,4638,6021,4850,32211,11866,14601,16253
0	1799	8329	20536,1920,9794,507,7994,7344,5016,3978,2790,9654,5114,306,2809,5377,9716,13549,6017,8619,7834,1887,2619,361,2297,4453,7343,6019,11870,6406,4638,6021,4850,32211,11866,14601,16253
1	1799	14914	20536,1920,9794,507,7994,7344,5016,3978,2790,9654,5114,306,2809,5377,9716,13549,6017,8619,7834,1887,2619,361,2297,4453,7343,6019,11870,6406,4638,6021,4850,32211,11866,14601,16253
0	1799	18659	20536,1920,9794,507,7994,7344,5016,3978,2790,9654,5114,306,2809,5377,9716,13549,6017,8619,7834,1887,2619,361,2297,4453,7343,6019,11870,6406,4638,6021,4850,32211,11866,14601,16253,14914
0	1799	4281	20536,1920,9794,507,7994,7344,5016,3978,2790,9654,5114,306,2809,5377,9716,13549,6017,8619,7834,1887,2619,361,2297,4453,7343,6019,11870,6406,4638,6021,4850,32211,11866,14601,16253,14914
1	1799	21118	20536,1920,9794,507,7994,7344,5016,3978,2790,9654,5114,306,2809,5377,9716,13549,6017,8619,7834,1887,2619,361,2297,4453,7343,6019,11870,6406,4638,6021,4850,32211,11866,14601,16253,14914
1	1799	22092	20536,1920,9794,507,7994,7344,5016,3978,2790,9654,5114,306,2809,5377,9716,13549,6017,8619,7834,1887,2619,361,2297,4453,7343,6019,11870,6406,4638,6021,4850,32211,11866,14601,16253,14914,21118
1	1799	14320	20536,1920,9794,507,7994,7344,5016,3978,2790,9654,5114,306,2809,5377,9716,13549,6017,8619,7834,1887,2619,361,2297,4453,7343,6019,11870,6406,4638,6021,4850,32211,11866,14601,16253,14914,21118,22092
1	1799	388	20536,1920,9794,507,7994,7344,5016,3978,2790,9654,5114,306,2809,5377,9716,13549,6017,8619,7834,1887,2619,361,2297,4453,7343,6019,11870,6406,4638,6021,4850,32211,11866,14601,16253,14914,21118,22092,14320
0	1799	14317	20536,1920,9794,507,7994,7344,5016,3978,2790,9654,5114,306,2809,5377,9716,13549,6017,8619,7834,1887,2619,361,2297,4453,7343,6019,11870,6406,4638,6021,4850,32211,11866,14601,16253,14914,21118,22092,14320,388
1	1799	21260	20536,1920,9794,507,7994,7344,5016,3978,2790,9654,5114,306,2809,5377,9716,13549,6017,8619,7834,1887,2619,361,2297,4453,7343,6019,11870,6406,4638,6021,4850,32211,11866,14601,16253,14914,21118,22092,14320,388
1	1799	22165	20536,1920,9794,507,7994,7344,5016,3978,2790,9654,5114,306,2809,5377,9716,13549,6017,8619,7834,1887,2619,361,2297,4453,7343,6019,11870,6406,4638,6021,4850,32211,11866,14601,16253,14914,21118,22092,14320,388,21260
0	1799	19321	20536,1920,9794,507,7994,7344,5016,3978,2790,9654,5114,306,2809,5377,9716,13549,6017,8619,7834,1887,2619,361,2297,4453,7343,6019,11870,6406,4638,6021,4850,32211,11866,14601,16253,14914,21118,22092,14320,388,21260,22165
