1	628	13206	0
1	628	14266	13206
1	628	18341	13206,14266
1	628	30989	13206,14266,18341
1	628	32205	13206,14266,18341,30989
1	628	32912	13206,14266,18341,30989,32205
1	628	4375	13206,14266,18341,30989,32205,32912
0	628	6393	13206,14266,18341,30989,32205,32912,4375
0	628	15704	13206,14266,18341,30989,32205,32912,4375
1	628	16396	13206,14266,18341,30989,32205,32912,4375
1	628	12584	13206,14266,18341,30989,32205,32912,4375,16396
1	628	17901	13206,14266,18341,30989,32205,32912,4375,16396,12584
0	628	882	13206,14266,18341,30989,32205,32912,4375,16396,12584,17901
1	628	1144	13206,14266,18341,30989,32205,32912,4375,16396,12584,17901
1	628	29880	13206,14266,18341,30989,32205,32912,4375,16396,12584,17901,1144
1	628	30774	13206,14266,18341,30989,32205,32912,4375,16396,12584,17901,1144,29880
1	628	31017	13206,14266,18341,30989,32205,32912,4375,16396,12584,17901,1144,29880,30774
0	628	32413	13206,14266,18341,30989,32205,32912,4375,16396,12584,17901,1144,29880,30774,31017
1	628	32690	13206,14266,18341,30989,32205,32912,4375,16396,12584,17901,1144,29880,30774,31017
1	628	2062	13206,14266,18341,30989,32205,32912,4375,16396,12584,17901,1144,29880,30774,31017,32690
1	628	31394	13206,14266,18341,30989,32205,32912,4375,16396,12584,17901,1144,29880,30774,31017,32690,2062
0	628	32800	13206,14266,18341,30989,32205,32912,4375,16396,12584,17901,1144,29880,30774,31017,32690,2062,31394
1	628	6303	13206,14266,18341,30989,32205,32912,4375,16396,12584,17901,1144,29880,30774,31017,32690,2062,31394
1	628	6333	13206,14266,18341,30989,32205,32912,4375,16396,12584,17901,1144,29880,30774,31017,32690,2062,31394,6303
0	628	7492	13206,14266,18341,30989,32205,32912,4375,16396,12584,17901,1144,29880,30774,31017,32690,2062,31394,6303,6333
1	628	8135	13206,14266,18341,30989,32205,32912,4375,16396,12584,17901,1144,29880,30774,31017,32690,2062,31394,6303,6333
0	628	8386	13206,14266,18341,30989,32205,32912,4375,16396,12584,17901,1144,29880,30774,31017,32690,2062,31394,6303,6333,8135
0	628	6924	13206,14266,18341,30989,32205,32912,4375,16396,12584,17901,1144,29880,30774,31017,32690,2062,31394,6303,6333,8135
1	628	8487	13206,14266,18341,30989,32205,32912,4375,16396,12584,17901,1144,29880,30774,31017,32690,2062,31394,6303,6333,8135
0	628	12081	13206,14266,18341,30989,32205,32912,4375,16396,12584,17901,1144,29880,30774,31017,32690,2062,31394,6303,6333,8135,8487
0	628	8729	13206,14266,18341,30989,32205,32912,4375,16396,12584,17901,1144,29880,30774,31017,32690,2062,31394,6303,6333,8135,8487
1	628	10672	13206,14266,18341,30989,32205,32912,4375,16396,12584,17901,1144,29880,30774,31017,32690,2062,31394,6303,6333,8135,8487
0	628	8659	13206,14266,18341,30989,32205,32912,4375,16396,12584,17901,1144,29880,30774,31017,32690,2062,31394,6303,6333,8135,8487,10672
1	628	6674	13206,14266,18341,30989,32205,32912,4375,16396,12584,17901,1144,29880,30774,31017,32690,2062,31394,6303,6333,8135,8487,10672
0	628	12689	13206,14266,18341,30989,32205,32912,4375,16396,12584,17901,1144,29880,30774,31017,32690,2062,31394,6303,6333,8135,8487,10672,6674
1	628	13668	13206,14266,18341,30989,32205,32912,4375,16396,12584,17901,1144,29880,30774,31017,32690,2062,31394,6303,6333,8135,8487,10672,6674
0	628	17729	13206,14266,18341,30989,32205,32912,4375,16396,12584,17901,1144,29880,30774,31017,32690,2062,31394,6303,6333,8135,8487,10672,6674,13668
1	628	18918	13206,14266,18341,30989,32205,32912,4375,16396,12584,17901,1144,29880,30774,31017,32690,2062,31394,6303,6333,8135,8487,10672,6674,13668
0	628	22098	13206,14266,18341,30989,32205,32912,4375,16396,12584,17901,1144,29880,30774,31017,32690,2062,31394,6303,6333,8135,8487,10672,6674,13668,18918
0	628	17422	13206,14266,18341,30989,32205,32912,4375,16396,12584,17901,1144,29880,30774,31017,32690,2062,31394,6303,6333,8135,8487,10672,6674,13668,18918
0	628	17672	13206,14266,18341,30989,32205,32912,4375,16396,12584,17901,1144,29880,30774,31017,32690,2062,31394,6303,6333,8135,8487,10672,6674,13668,18918
1	628	21495	13206,14266,18341,30989,32205,32912,4375,16396,12584,17901,1144,29880,30774,31017,32690,2062,31394,6303,6333,8135,8487,10672,6674,13668,18918
0	628	23417	13206,14266,18341,30989,32205,32912,4375,16396,12584,17901,1144,29880,30774,31017,32690,2062,31394,6303,6333,8135,8487,10672,6674,13668,18918,21495
1	628	19030	13206,14266,18341,30989,32205,32912,4375,16396,12584,17901,1144,29880,30774,31017,32690,2062,31394,6303,6333,8135,8487,10672,6674,13668,18918,21495
0	628	21006	13206,14266,18341,30989,32205,32912,4375,16396,12584,17901,1144,29880,30774,31017,32690,2062,31394,6303,6333,8135,8487,10672,6674,13668,18918,21495,19030
0	628	22918	13206,14266,18341,30989,32205,32912,4375,16396,12584,17901,1144,29880,30774,31017,32690,2062,31394,6303,6333,8135,8487,10672,6674,13668,18918,21495,19030
1	628	23389	13206,14266,18341,30989,32205,32912,4375,16396,12584,17901,1144,29880,30774,31017,32690,2062,31394,6303,6333,8135,8487,10672,6674,13668,18918,21495,19030
1	628	23957	13206,14266,18341,30989,32205,32912,4375,16396,12584,17901,1144,29880,30774,31017,32690,2062,31394,6303,6333,8135,8487,10672,6674,13668,18918,21495,19030,23389
1	628	24333	13206,14266,18341,30989,32205,32912,4375,16396,12584,17901,1144,29880,30774,31017,32690,2062,31394,6303,6333,8135,8487,10672,6674,13668,18918,21495,19030,23389,23957
0	628	26164	13206,14266,18341,30989,32205,32912,4375,16396,12584,17901,1144,29880,30774,31017,32690,2062,31394,6303,6333,8135,8487,10672,6674,13668,18918,21495,19030,23389,23957,24333
0	628	25847	13206,14266,18341,30989,32205,32912,4375,16396,12584,17901,1144,29880,30774,31017,32690,2062,31394,6303,6333,8135,8487,10672,6674,13668,18918,21495,19030,23389,23957,24333
0	628	25872	13206,14266,18341,30989,32205,32912,4375,16396,12584,17901,1144,29880,30774,31017,32690,2062,31394,6303,6333,8135,8487,10672,6674,13668,18918,21495,19030,23389,23957,24333
1	628	25408	13206,14266,18341,30989,32205,32912,4375,16396,12584,17901,1144,29880,30774,31017,32690,2062,31394,6303,6333,8135,8487,10672,6674,13668,18918,21495,19030,23389,23957,24333
1	628	15419	13206,14266,18341,30989,32205,32912,4375,16396,12584,17901,1144,29880,30774,31017,32690,2062,31394,6303,6333,8135,8487,10672,6674,13668,18918,21495,19030,23389,23957,24333,25408
1	628	27730	13206,14266,18341,30989,32205,32912,4375,16396,12584,17901,1144,29880,30774,31017,32690,2062,31394,6303,6333,8135,8487,10672,6674,13668,18918,21495,19030,23389,23957,24333,25408,15419
0	628	26231	13206,14266,18341,30989,32205,32912,4375,16396,12584,17901,1144,29880,30774,31017,32690,2062,31394,6303,6333,8135,8487,10672,6674,13668,18918,21495,19030,23389,23957,24333,25408,15419,27730
0	628	28469	13206,14266,18341,30989,32205,32912,4375,16396,12584,17901,1144,29880,30774,31017,32690,2062,31394,6303,6333,8135,8487,10672,6674,13668,18918,21495,19030,23389,23957,24333,25408,15419,27730
1	628	28064	13206,14266,18341,30989,32205,32912,4375,16396,12584,17901,1144,29880,30774,31017,32690,2062,31394,6303,6333,8135,8487,10672,6674,13668,18918,21495,19030,23389,23957,24333,25408,15419,27730
1	628	837	13206,14266,18341,30989,32205,32912,4375,16396,12584,17901,1144,29880,30774,31017,32690,2062,31394,6303,6333,8135,8487,10672,6674,13668,18918,21495,19030,23389,23957,24333,25408,15419,27730,28064
0	628	28115	13206,14266,18341,30989,32205,32912,4375,16396,12584,17901,1144,29880,30774,31017,32690,2062,31394,6303,6333,8135,8487,10672,6674,13668,18918,21495,19030,23389,23957,24333,25408,15419,27730,28064,837
1	628	25410	13206,14266,18341,30989,32205,32912,4375,16396,12584,17901,1144,29880,30774,31017,32690,2062,31394,6303,6333,8135,8487,10672,6674,13668,18918,21495,19030,23389,23957,24333,25408,15419,27730,28064,837
