0	1796	24652	0
1	1796	30971	0
1	1796	17882	30971
0	1796	29728	30971,17882
0	1796	32435	30971,17882
0	1796	3079	30971,17882
0	1796	5340	30971,17882
0	1796	5736	30971,17882
0	1796	3953	30971,17882
0	1796	7156	30971,17882
0	1796	7557	30971,17882
0	1796	7988	30971,17882
1	1796	15541	30971,17882
0	1796	3327	30971,17882,15541
1	1796	4490	30971,17882,15541
0	1796	6005	30971,17882,15541,4490
0	1796	14121	30971,17882,15541,4490
0	1796	3533	30971,17882,15541,4490
1	1796	20019	30971,17882,15541,4490
0	1796	15934	30971,17882,15541,4490,20019
1	1796	12661	30971,17882,15541,4490,20019
1	1796	20057	30971,17882,15541,4490,20019,12661
1	1796	11790	30971,17882,15541,4490,20019,12661,20057
0	1796	9858	30971,17882,15541,4490,20019,12661,20057,11790
0	1796	18422	30971,17882,15541,4490,20019,12661,20057,11790
0	1796	18473	30971,17882,15541,4490,20019,12661,20057,11790
0	1796	18311	30971,17882,15541,4490,20019,12661,20057,11790
0	1796	19858	30971,17882,15541,4490,20019,12661,20057,11790
0	1796	18216	30971,17882,15541,4490,20019,12661,20057,11790
0	1796	23453	30971,17882,15541,4490,20019,12661,20057,11790
0	1796	23780	30971,17882,15541,4490,20019,12661,20057,11790
0	1796	22507	30971,17882,15541,4490,20019,12661,20057,11790
0	1796	22035	30971,17882,15541,4490,20019,12661,20057,11790
0	1796	16105	30971,17882,15541,4490,20019,12661,20057,11790
0	1796	27151	30971,17882,15541,4490,20019,12661,20057,11790
0	1796	28161	30971,17882,15541,4490,20019,12661,20057,11790
1	1796	28469	30971,17882,15541,4490,20019,12661,20057,11790
0	1796	27582	30971,17882,15541,4490,20019,12661,20057,11790,28469
