1	1143	31006	0
1	1143	5775	31006
0	1143	5204	31006,5775
0	1143	1989	31006,5775
0	1143	2254	31006,5775
0	1143	252	31006,5775
1	1143	5165	31006,5775
0	1143	6514	31006,5775,5165
0	1143	9050	31006,5775,5165
1	1143	5666	31006,5775,5165
0	1143	1798	31006,5775,5165,5666
0	1143	9613	31006,5775,5165,5666
0	1143	32479	31006,5775,5165,5666
1	1143	31120	31006,5775,5165,5666
1	1143	4923	31006,5775,5165,5666,31120
1	1143	5066	31006,5775,5165,5666,31120,4923
1	1143	2388	31006,5775,5165,5666,31120,4923,5066
0	1143	15777	31006,5775,5165,5666,31120,4923,5066,2388
0	1143	14949	31006,5775,5165,5666,31120,4923,5066,2388
0	1143	5196	31006,5775,5165,5666,31120,4923,5066,2388
0	1143	9222	31006,5775,5165,5666,31120,4923,5066,2388
1	1143	6099	31006,5775,5165,5666,31120,4923,5066,2388
0	1143	17900	31006,5775,5165,5666,31120,4923,5066,2388,6099
0	1143	14366	31006,5775,5165,5666,31120,4923,5066,2388,6099
0	1143	21242	31006,5775,5165,5666,31120,4923,5066,2388,6099
1	1143	2014	31006,5775,5165,5666,31120,4923,5066,2388,6099
0	1143	18971	31006,5775,5165,5666,31120,4923,5066,2388,6099,2014
1	1143	16359	31006,5775,5165,5666,31120,4923,5066,2388,6099,2014
1	1143	1647	31006,5775,5165,5666,31120,4923,5066,2388,6099,2014,16359
0	1143	8651	31006,5775,5165,5666,31120,4923,5066,2388,6099,2014,16359,1647
1	1143	14365	31006,5775,5165,5666,31120,4923,5066,2388,6099,2014,16359,1647
0	1143	17956	31006,5775,5165,5666,31120,4923,5066,2388,6099,2014,16359,1647,14365
0	1143	28551	31006,5775,5165,5666,31120,4923,5066,2388,6099,2014,16359,1647,14365
1	1143	23066	31006,5775,5165,5666,31120,4923,5066,2388,6099,2014,16359,1647,14365
0	1143	23251	31006,5775,5165,5666,31120,4923,5066,2388,6099,2014,16359,1647,14365,23066
1	1143	21075	31006,5775,5165,5666,31120,4923,5066,2388,6099,2014,16359,1647,14365,23066
1	1143	25057	31006,5775,5165,5666,31120,4923,5066,2388,6099,2014,16359,1647,14365,23066,21075
0	1143	27657	31006,5775,5165,5666,31120,4923,5066,2388,6099,2014,16359,1647,14365,23066,21075,25057
1	1143	26019	31006,5775,5165,5666,31120,4923,5066,2388,6099,2014,16359,1647,14365,23066,21075,25057
