0	448	12566	0
0	448	12946	0
0	448	8793	0
0	448	6556	0
0	448	668	0
1	448	1871	0
0	448	1546	1871
0	448	1755	1871
0	448	59	1871
0	448	1190	1871
1	448	32130	1871
0	448	28888	1871,32130
1	448	2237	1871,32130
0	448	4210	1871,32130,2237
0	448	4495	1871,32130,2237
1	448	5306	1871,32130,2237
0	448	5879	1871,32130,2237,5306
0	448	656	1871,32130,2237,5306
1	448	2182	1871,32130,2237,5306
0	448	4882	1871,32130,2237,5306,2182
0	448	23361	1871,32130,2237,5306,2182
0	448	3929	1871,32130,2237,5306,2182
0	448	32862	1871,32130,2237,5306,2182
1	448	4931	1871,32130,2237,5306,2182
1	448	13472	1871,32130,2237,5306,2182,4931
0	448	9541	1871,32130,2237,5306,2182,4931,13472
1	448	13296	1871,32130,2237,5306,2182,4931,13472
0	448	30995	1871,32130,2237,5306,2182,4931,13472,13296
0	448	7957	1871,32130,2237,5306,2182,4931,13472,13296
0	448	24705	1871,32130,2237,5306,2182,4931,13472,13296
0	448	3947	1871,32130,2237,5306,2182,4931,13472,13296
0	448	15904	1871,32130,2237,5306,2182,4931,13472,13296
0	448	1798	1871,32130,2237,5306,2182,4931,13472,13296
0	448	19383	1871,32130,2237,5306,2182,4931,13472,13296
0	448	18936	1871,32130,2237,5306,2182,4931,13472,13296
0	448	18067	1871,32130,2237,5306,2182,4931,13472,13296
1	448	2010	1871,32130,2237,5306,2182,4931,13472,13296
0	448	23170	1871,32130,2237,5306,2182,4931,13472,13296,2010
0	448	11647	1871,32130,2237,5306,2182,4931,13472,13296,2010
0	448	13360	1871,32130,2237,5306,2182,4931,13472,13296,2010
