1	68	28588	0
1	68	1766	28588
1	68	4067	28588,1766
1	68	3676	28588,1766,4067
1	68	4882	28588,1766,4067,3676
1	68	10940	28588,1766,4067,3676,4882
1	68	8949	28588,1766,4067,3676,4882,10940
1	68	24737	28588,1766,4067,3676,4882,10940,8949
1	68	11350	28588,1766,4067,3676,4882,10940,8949,24737
1	68	12146	28588,1766,4067,3676,4882,10940,8949,24737,11350
1	68	16002	28588,1766,4067,3676,4882,10940,8949,24737,11350,12146
1	68	9474	28588,1766,4067,3676,4882,10940,8949,24737,11350,12146,16002
1	68	13472	28588,1766,4067,3676,4882,10940,8949,24737,11350,12146,16002,9474
1	68	14246	28588,1766,4067,3676,4882,10940,8949,24737,11350,12146,16002,9474,13472
1	68	18036	28588,1766,4067,3676,4882,10940,8949,24737,11350,12146,16002,9474,13472,14246
1	68	19070	28588,1766,4067,3676,4882,10940,8949,24737,11350,12146,16002,9474,13472,14246,18036
1	68	19374	28588,1766,4067,3676,4882,10940,8949,24737,11350,12146,16002,9474,13472,14246,18036,19070
1	68	14815	28588,1766,4067,3676,4882,10940,8949,24737,11350,12146,16002,9474,13472,14246,18036,19070,19374
1	68	17749	28588,1766,4067,3676,4882,10940,8949,24737,11350,12146,16002,9474,13472,14246,18036,19070,19374,14815
1	68	18821	28588,1766,4067,3676,4882,10940,8949,24737,11350,12146,16002,9474,13472,14246,18036,19070,19374,14815,17749
0	68	17034	28588,1766,4067,3676,4882,10940,8949,24737,11350,12146,16002,9474,13472,14246,18036,19070,19374,14815,17749,18821
0	68	17035	28588,1766,4067,3676,4882,10940,8949,24737,11350,12146,16002,9474,13472,14246,18036,19070,19374,14815,17749,18821
1	68	20000	28588,1766,4067,3676,4882,10940,8949,24737,11350,12146,16002,9474,13472,14246,18036,19070,19374,14815,17749,18821
1	68	11293	28588,1766,4067,3676,4882,10940,8949,24737,11350,12146,16002,9474,13472,14246,18036,19070,19374,14815,17749,18821,20000
1	68	19369	28588,1766,4067,3676,4882,10940,8949,24737,11350,12146,16002,9474,13472,14246,18036,19070,19374,14815,17749,18821,20000,11293
1	68	17545	28588,1766,4067,3676,4882,10940,8949,24737,11350,12146,16002,9474,13472,14246,18036,19070,19374,14815,17749,18821,20000,11293,19369
1	68	26376	28588,1766,4067,3676,4882,10940,8949,24737,11350,12146,16002,9474,13472,14246,18036,19070,19374,14815,17749,18821,20000,11293,19369,17545
1	68	32887	28588,1766,4067,3676,4882,10940,8949,24737,11350,12146,16002,9474,13472,14246,18036,19070,19374,14815,17749,18821,20000,11293,19369,17545,26376
1	68	3203	28588,1766,4067,3676,4882,10940,8949,24737,11350,12146,16002,9474,13472,14246,18036,19070,19374,14815,17749,18821,20000,11293,19369,17545,26376,32887
1	68	9852	28588,1766,4067,3676,4882,10940,8949,24737,11350,12146,16002,9474,13472,14246,18036,19070,19374,14815,17749,18821,20000,11293,19369,17545,26376,32887,3203
1	68	14859	28588,1766,4067,3676,4882,10940,8949,24737,11350,12146,16002,9474,13472,14246,18036,19070,19374,14815,17749,18821,20000,11293,19369,17545,26376,32887,3203,9852
1	68	19608	28588,1766,4067,3676,4882,10940,8949,24737,11350,12146,16002,9474,13472,14246,18036,19070,19374,14815,17749,18821,20000,11293,19369,17545,26376,32887,3203,9852,14859
1	68	20758	28588,1766,4067,3676,4882,10940,8949,24737,11350,12146,16002,9474,13472,14246,18036,19070,19374,14815,17749,18821,20000,11293,19369,17545,26376,32887,3203,9852,14859,19608
0	68	20016	28588,1766,4067,3676,4882,10940,8949,24737,11350,12146,16002,9474,13472,14246,18036,19070,19374,14815,17749,18821,20000,11293,19369,17545,26376,32887,3203,9852,14859,19608,20758
0	68	24595	28588,1766,4067,3676,4882,10940,8949,24737,11350,12146,16002,9474,13472,14246,18036,19070,19374,14815,17749,18821,20000,11293,19369,17545,26376,32887,3203,9852,14859,19608,20758
1	68	17686	28588,1766,4067,3676,4882,10940,8949,24737,11350,12146,16002,9474,13472,14246,18036,19070,19374,14815,17749,18821,20000,11293,19369,17545,26376,32887,3203,9852,14859,19608,20758
1	68	18604	28588,1766,4067,3676,4882,10940,8949,24737,11350,12146,16002,9474,13472,14246,18036,19070,19374,14815,17749,18821,20000,11293,19369,17545,26376,32887,3203,9852,14859,19608,20758,17686
1	68	14175	28588,1766,4067,3676,4882,10940,8949,24737,11350,12146,16002,9474,13472,14246,18036,19070,19374,14815,17749,18821,20000,11293,19369,17545,26376,32887,3203,9852,14859,19608,20758,17686,18604
1	68	20053	28588,1766,4067,3676,4882,10940,8949,24737,11350,12146,16002,9474,13472,14246,18036,19070,19374,14815,17749,18821,20000,11293,19369,17545,26376,32887,3203,9852,14859,19608,20758,17686,18604,14175
1	68	3731	28588,1766,4067,3676,4882,10940,8949,24737,11350,12146,16002,9474,13472,14246,18036,19070,19374,14815,17749,18821,20000,11293,19369,17545,26376,32887,3203,9852,14859,19608,20758,17686,18604,14175,20053
1	68	22317	28588,1766,4067,3676,4882,10940,8949,24737,11350,12146,16002,9474,13472,14246,18036,19070,19374,14815,17749,18821,20000,11293,19369,17545,26376,32887,3203,9852,14859,19608,20758,17686,18604,14175,20053,3731
1	68	3820	28588,1766,4067,3676,4882,10940,8949,24737,11350,12146,16002,9474,13472,14246,18036,19070,19374,14815,17749,18821,20000,11293,19369,17545,26376,32887,3203,9852,14859,19608,20758,17686,18604,14175,20053,3731,22317
1	68	11867	28588,1766,4067,3676,4882,10940,8949,24737,11350,12146,16002,9474,13472,14246,18036,19070,19374,14815,17749,18821,20000,11293,19369,17545,26376,32887,3203,9852,14859,19608,20758,17686,18604,14175,20053,3731,22317,3820
1	68	18929	28588,1766,4067,3676,4882,10940,8949,24737,11350,12146,16002,9474,13472,14246,18036,19070,19374,14815,17749,18821,20000,11293,19369,17545,26376,32887,3203,9852,14859,19608,20758,17686,18604,14175,20053,3731,22317,3820,11867
1	68	13730	28588,1766,4067,3676,4882,10940,8949,24737,11350,12146,16002,9474,13472,14246,18036,19070,19374,14815,17749,18821,20000,11293,19369,17545,26376,32887,3203,9852,14859,19608,20758,17686,18604,14175,20053,3731,22317,3820,11867,18929
1	68	19615	28588,1766,4067,3676,4882,10940,8949,24737,11350,12146,16002,9474,13472,14246,18036,19070,19374,14815,17749,18821,20000,11293,19369,17545,26376,32887,3203,9852,14859,19608,20758,17686,18604,14175,20053,3731,22317,3820,11867,18929,13730
0	68	21364	28588,1766,4067,3676,4882,10940,8949,24737,11350,12146,16002,9474,13472,14246,18036,19070,19374,14815,17749,18821,20000,11293,19369,17545,26376,32887,3203,9852,14859,19608,20758,17686,18604,14175,20053,3731,22317,3820,11867,18929,13730,19615
1	68	17161	28588,1766,4067,3676,4882,10940,8949,24737,11350,12146,16002,9474,13472,14246,18036,19070,19374,14815,17749,18821,20000,11293,19369,17545,26376,32887,3203,9852,14859,19608,20758,17686,18604,14175,20053,3731,22317,3820,11867,18929,13730,19615
0	68	21389	28588,1766,4067,3676,4882,10940,8949,24737,11350,12146,16002,9474,13472,14246,18036,19070,19374,14815,17749,18821,20000,11293,19369,17545,26376,32887,3203,9852,14859,19608,20758,17686,18604,14175,20053,3731,22317,3820,11867,18929,13730,19615,17161
1	68	21830	28588,1766,4067,3676,4882,10940,8949,24737,11350,12146,16002,9474,13472,14246,18036,19070,19374,14815,17749,18821,20000,11293,19369,17545,26376,32887,3203,9852,14859,19608,20758,17686,18604,14175,20053,3731,22317,3820,11867,18929,13730,19615,17161
1	68	24147	28588,1766,4067,3676,4882,10940,8949,24737,11350,12146,16002,9474,13472,14246,18036,19070,19374,14815,17749,18821,20000,11293,19369,17545,26376,32887,3203,9852,14859,19608,20758,17686,18604,14175,20053,3731,22317,3820,11867,18929,13730,19615,17161,21830
1	68	6895	28588,1766,4067,3676,4882,10940,8949,24737,11350,12146,16002,9474,13472,14246,18036,19070,19374,14815,17749,18821,20000,11293,19369,17545,26376,32887,3203,9852,14859,19608,20758,17686,18604,14175,20053,3731,22317,3820,11867,18929,13730,19615,17161,21830,24147
1	68	11869	28588,1766,4067,3676,4882,10940,8949,24737,11350,12146,16002,9474,13472,14246,18036,19070,19374,14815,17749,18821,20000,11293,19369,17545,26376,32887,3203,9852,14859,19608,20758,17686,18604,14175,20053,3731,22317,3820,11867,18929,13730,19615,17161,21830,24147,6895
1	68	22440	28588,1766,4067,3676,4882,10940,8949,24737,11350,12146,16002,9474,13472,14246,18036,19070,19374,14815,17749,18821,20000,11293,19369,17545,26376,32887,3203,9852,14859,19608,20758,17686,18604,14175,20053,3731,22317,3820,11867,18929,13730,19615,17161,21830,24147,6895,11869
1	68	24114	28588,1766,4067,3676,4882,10940,8949,24737,11350,12146,16002,9474,13472,14246,18036,19070,19374,14815,17749,18821,20000,11293,19369,17545,26376,32887,3203,9852,14859,19608,20758,17686,18604,14175,20053,3731,22317,3820,11867,18929,13730,19615,17161,21830,24147,6895,11869,22440
1	68	11987	28588,1766,4067,3676,4882,10940,8949,24737,11350,12146,16002,9474,13472,14246,18036,19070,19374,14815,17749,18821,20000,11293,19369,17545,26376,32887,3203,9852,14859,19608,20758,17686,18604,14175,20053,3731,22317,3820,11867,18929,13730,19615,17161,21830,24147,6895,11869,22440,24114
1	68	21703	28588,1766,4067,3676,4882,10940,8949,24737,11350,12146,16002,9474,13472,14246,18036,19070,19374,14815,17749,18821,20000,11293,19369,17545,26376,32887,3203,9852,14859,19608,20758,17686,18604,14175,20053,3731,22317,3820,11867,18929,13730,19615,17161,21830,24147,6895,11869,22440,24114,11987
1	68	22828	28588,1766,4067,3676,4882,10940,8949,24737,11350,12146,16002,9474,13472,14246,18036,19070,19374,14815,17749,18821,20000,11293,19369,17545,26376,32887,3203,9852,14859,19608,20758,17686,18604,14175,20053,3731,22317,3820,11867,18929,13730,19615,17161,21830,24147,6895,11869,22440,24114,11987,21703
1	68	5537	28588,1766,4067,3676,4882,10940,8949,24737,11350,12146,16002,9474,13472,14246,18036,19070,19374,14815,17749,18821,20000,11293,19369,17545,26376,32887,3203,9852,14859,19608,20758,17686,18604,14175,20053,3731,22317,3820,11867,18929,13730,19615,17161,21830,24147,6895,11869,22440,24114,11987,21703,22828
1	68	3751	28588,1766,4067,3676,4882,10940,8949,24737,11350,12146,16002,9474,13472,14246,18036,19070,19374,14815,17749,18821,20000,11293,19369,17545,26376,32887,3203,9852,14859,19608,20758,17686,18604,14175,20053,3731,22317,3820,11867,18929,13730,19615,17161,21830,24147,6895,11869,22440,24114,11987,21703,22828,5537
0	68	10486	28588,1766,4067,3676,4882,10940,8949,24737,11350,12146,16002,9474,13472,14246,18036,19070,19374,14815,17749,18821,20000,11293,19369,17545,26376,32887,3203,9852,14859,19608,20758,17686,18604,14175,20053,3731,22317,3820,11867,18929,13730,19615,17161,21830,24147,6895,11869,22440,24114,11987,21703,22828,5537,3751
1	68	14327	28588,1766,4067,3676,4882,10940,8949,24737,11350,12146,16002,9474,13472,14246,18036,19070,19374,14815,17749,18821,20000,11293,19369,17545,26376,32887,3203,9852,14859,19608,20758,17686,18604,14175,20053,3731,22317,3820,11867,18929,13730,19615,17161,21830,24147,6895,11869,22440,24114,11987,21703,22828,5537,3751
1	68	1981	28588,1766,4067,3676,4882,10940,8949,24737,11350,12146,16002,9474,13472,14246,18036,19070,19374,14815,17749,18821,20000,11293,19369,17545,26376,32887,3203,9852,14859,19608,20758,17686,18604,14175,20053,3731,22317,3820,11867,18929,13730,19615,17161,21830,24147,6895,11869,22440,24114,11987,21703,22828,5537,3751,14327
1	68	30149	28588,1766,4067,3676,4882,10940,8949,24737,11350,12146,16002,9474,13472,14246,18036,19070,19374,14815,17749,18821,20000,11293,19369,17545,26376,32887,3203,9852,14859,19608,20758,17686,18604,14175,20053,3731,22317,3820,11867,18929,13730,19615,17161,21830,24147,6895,11869,22440,24114,11987,21703,22828,5537,3751,14327,1981
1	68	32885	28588,1766,4067,3676,4882,10940,8949,24737,11350,12146,16002,9474,13472,14246,18036,19070,19374,14815,17749,18821,20000,11293,19369,17545,26376,32887,3203,9852,14859,19608,20758,17686,18604,14175,20053,3731,22317,3820,11867,18929,13730,19615,17161,21830,24147,6895,11869,22440,24114,11987,21703,22828,5537,3751,14327,1981,30149
1	68	1287	28588,1766,4067,3676,4882,10940,8949,24737,11350,12146,16002,9474,13472,14246,18036,19070,19374,14815,17749,18821,20000,11293,19369,17545,26376,32887,3203,9852,14859,19608,20758,17686,18604,14175,20053,3731,22317,3820,11867,18929,13730,19615,17161,21830,24147,6895,11869,22440,24114,11987,21703,22828,5537,3751,14327,1981,30149,32885
1	68	1719	28588,1766,4067,3676,4882,10940,8949,24737,11350,12146,16002,9474,13472,14246,18036,19070,19374,14815,17749,18821,20000,11293,19369,17545,26376,32887,3203,9852,14859,19608,20758,17686,18604,14175,20053,3731,22317,3820,11867,18929,13730,19615,17161,21830,24147,6895,11869,22440,24114,11987,21703,22828,5537,3751,14327,1981,30149,32885,1287
0	68	2229	28588,1766,4067,3676,4882,10940,8949,24737,11350,12146,16002,9474,13472,14246,18036,19070,19374,14815,17749,18821,20000,11293,19369,17545,26376,32887,3203,9852,14859,19608,20758,17686,18604,14175,20053,3731,22317,3820,11867,18929,13730,19615,17161,21830,24147,6895,11869,22440,24114,11987,21703,22828,5537,3751,14327,1981,30149,32885,1287,1719
1	68	3558	28588,1766,4067,3676,4882,10940,8949,24737,11350,12146,16002,9474,13472,14246,18036,19070,19374,14815,17749,18821,20000,11293,19369,17545,26376,32887,3203,9852,14859,19608,20758,17686,18604,14175,20053,3731,22317,3820,11867,18929,13730,19615,17161,21830,24147,6895,11869,22440,24114,11987,21703,22828,5537,3751,14327,1981,30149,32885,1287,1719
1	68	5879	28588,1766,4067,3676,4882,10940,8949,24737,11350,12146,16002,9474,13472,14246,18036,19070,19374,14815,17749,18821,20000,11293,19369,17545,26376,32887,3203,9852,14859,19608,20758,17686,18604,14175,20053,3731,22317,3820,11867,18929,13730,19615,17161,21830,24147,6895,11869,22440,24114,11987,21703,22828,5537,3751,14327,1981,30149,32885,1287,1719,3558
1	68	8874	28588,1766,4067,3676,4882,10940,8949,24737,11350,12146,16002,9474,13472,14246,18036,19070,19374,14815,17749,18821,20000,11293,19369,17545,26376,32887,3203,9852,14859,19608,20758,17686,18604,14175,20053,3731,22317,3820,11867,18929,13730,19615,17161,21830,24147,6895,11869,22440,24114,11987,21703,22828,5537,3751,14327,1981,30149,32885,1287,1719,3558,5879
1	68	8889	28588,1766,4067,3676,4882,10940,8949,24737,11350,12146,16002,9474,13472,14246,18036,19070,19374,14815,17749,18821,20000,11293,19369,17545,26376,32887,3203,9852,14859,19608,20758,17686,18604,14175,20053,3731,22317,3820,11867,18929,13730,19615,17161,21830,24147,6895,11869,22440,24114,11987,21703,22828,5537,3751,14327,1981,30149,32885,1287,1719,3558,5879,8874
1	68	10829	28588,1766,4067,3676,4882,10940,8949,24737,11350,12146,16002,9474,13472,14246,18036,19070,19374,14815,17749,18821,20000,11293,19369,17545,26376,32887,3203,9852,14859,19608,20758,17686,18604,14175,20053,3731,22317,3820,11867,18929,13730,19615,17161,21830,24147,6895,11869,22440,24114,11987,21703,22828,5537,3751,14327,1981,30149,32885,1287,1719,3558,5879,8874,8889
1	68	16807	28588,1766,4067,3676,4882,10940,8949,24737,11350,12146,16002,9474,13472,14246,18036,19070,19374,14815,17749,18821,20000,11293,19369,17545,26376,32887,3203,9852,14859,19608,20758,17686,18604,14175,20053,3731,22317,3820,11867,18929,13730,19615,17161,21830,24147,6895,11869,22440,24114,11987,21703,22828,5537,3751,14327,1981,30149,32885,1287,1719,3558,5879,8874,8889,10829
0	68	24955	28588,1766,4067,3676,4882,10940,8949,24737,11350,12146,16002,9474,13472,14246,18036,19070,19374,14815,17749,18821,20000,11293,19369,17545,26376,32887,3203,9852,14859,19608,20758,17686,18604,14175,20053,3731,22317,3820,11867,18929,13730,19615,17161,21830,24147,6895,11869,22440,24114,11987,21703,22828,5537,3751,14327,1981,30149,32885,1287,1719,3558,5879,8874,8889,10829,16807
1	68	23436	28588,1766,4067,3676,4882,10940,8949,24737,11350,12146,16002,9474,13472,14246,18036,19070,19374,14815,17749,18821,20000,11293,19369,17545,26376,32887,3203,9852,14859,19608,20758,17686,18604,14175,20053,3731,22317,3820,11867,18929,13730,19615,17161,21830,24147,6895,11869,22440,24114,11987,21703,22828,5537,3751,14327,1981,30149,32885,1287,1719,3558,5879,8874,8889,10829,16807
1	68	16803	28588,1766,4067,3676,4882,10940,8949,24737,11350,12146,16002,9474,13472,14246,18036,19070,19374,14815,17749,18821,20000,11293,19369,17545,26376,32887,3203,9852,14859,19608,20758,17686,18604,14175,20053,3731,22317,3820,11867,18929,13730,19615,17161,21830,24147,6895,11869,22440,24114,11987,21703,22828,5537,3751,14327,1981,30149,32885,1287,1719,3558,5879,8874,8889,10829,16807,23436
1	68	21039	28588,1766,4067,3676,4882,10940,8949,24737,11350,12146,16002,9474,13472,14246,18036,19070,19374,14815,17749,18821,20000,11293,19369,17545,26376,32887,3203,9852,14859,19608,20758,17686,18604,14175,20053,3731,22317,3820,11867,18929,13730,19615,17161,21830,24147,6895,11869,22440,24114,11987,21703,22828,5537,3751,14327,1981,30149,32885,1287,1719,3558,5879,8874,8889,10829,16807,23436,16803
0	68	24884	28588,1766,4067,3676,4882,10940,8949,24737,11350,12146,16002,9474,13472,14246,18036,19070,19374,14815,17749,18821,20000,11293,19369,17545,26376,32887,3203,9852,14859,19608,20758,17686,18604,14175,20053,3731,22317,3820,11867,18929,13730,19615,17161,21830,24147,6895,11869,22440,24114,11987,21703,22828,5537,3751,14327,1981,30149,32885,1287,1719,3558,5879,8874,8889,10829,16807,23436,16803,21039
1	68	25600	28588,1766,4067,3676,4882,10940,8949,24737,11350,12146,16002,9474,13472,14246,18036,19070,19374,14815,17749,18821,20000,11293,19369,17545,26376,32887,3203,9852,14859,19608,20758,17686,18604,14175,20053,3731,22317,3820,11867,18929,13730,19615,17161,21830,24147,6895,11869,22440,24114,11987,21703,22828,5537,3751,14327,1981,30149,32885,1287,1719,3558,5879,8874,8889,10829,16807,23436,16803,21039
1	68	26116	28588,1766,4067,3676,4882,10940,8949,24737,11350,12146,16002,9474,13472,14246,18036,19070,19374,14815,17749,18821,20000,11293,19369,17545,26376,32887,3203,9852,14859,19608,20758,17686,18604,14175,20053,3731,22317,3820,11867,18929,13730,19615,17161,21830,24147,6895,11869,22440,24114,11987,21703,22828,5537,3751,14327,1981,30149,32885,1287,1719,3558,5879,8874,8889,10829,16807,23436,16803,21039,25600
1	68	26291	28588,1766,4067,3676,4882,10940,8949,24737,11350,12146,16002,9474,13472,14246,18036,19070,19374,14815,17749,18821,20000,11293,19369,17545,26376,32887,3203,9852,14859,19608,20758,17686,18604,14175,20053,3731,22317,3820,11867,18929,13730,19615,17161,21830,24147,6895,11869,22440,24114,11987,21703,22828,5537,3751,14327,1981,30149,32885,1287,1719,3558,5879,8874,8889,10829,16807,23436,16803,21039,25600,26116
1	68	14138	28588,1766,4067,3676,4882,10940,8949,24737,11350,12146,16002,9474,13472,14246,18036,19070,19374,14815,17749,18821,20000,11293,19369,17545,26376,32887,3203,9852,14859,19608,20758,17686,18604,14175,20053,3731,22317,3820,11867,18929,13730,19615,17161,21830,24147,6895,11869,22440,24114,11987,21703,22828,5537,3751,14327,1981,30149,32885,1287,1719,3558,5879,8874,8889,10829,16807,23436,16803,21039,25600,26116,26291
1	68	316	28588,1766,4067,3676,4882,10940,8949,24737,11350,12146,16002,9474,13472,14246,18036,19070,19374,14815,17749,18821,20000,11293,19369,17545,26376,32887,3203,9852,14859,19608,20758,17686,18604,14175,20053,3731,22317,3820,11867,18929,13730,19615,17161,21830,24147,6895,11869,22440,24114,11987,21703,22828,5537,3751,14327,1981,30149,32885,1287,1719,3558,5879,8874,8889,10829,16807,23436,16803,21039,25600,26116,26291,14138
1	68	19819	28588,1766,4067,3676,4882,10940,8949,24737,11350,12146,16002,9474,13472,14246,18036,19070,19374,14815,17749,18821,20000,11293,19369,17545,26376,32887,3203,9852,14859,19608,20758,17686,18604,14175,20053,3731,22317,3820,11867,18929,13730,19615,17161,21830,24147,6895,11869,22440,24114,11987,21703,22828,5537,3751,14327,1981,30149,32885,1287,1719,3558,5879,8874,8889,10829,16807,23436,16803,21039,25600,26116,26291,14138,316
1	68	32029	28588,1766,4067,3676,4882,10940,8949,24737,11350,12146,16002,9474,13472,14246,18036,19070,19374,14815,17749,18821,20000,11293,19369,17545,26376,32887,3203,9852,14859,19608,20758,17686,18604,14175,20053,3731,22317,3820,11867,18929,13730,19615,17161,21830,24147,6895,11869,22440,24114,11987,21703,22828,5537,3751,14327,1981,30149,32885,1287,1719,3558,5879,8874,8889,10829,16807,23436,16803,21039,25600,26116,26291,14138,316,19819
1	68	22981	28588,1766,4067,3676,4882,10940,8949,24737,11350,12146,16002,9474,13472,14246,18036,19070,19374,14815,17749,18821,20000,11293,19369,17545,26376,32887,3203,9852,14859,19608,20758,17686,18604,14175,20053,3731,22317,3820,11867,18929,13730,19615,17161,21830,24147,6895,11869,22440,24114,11987,21703,22828,5537,3751,14327,1981,30149,32885,1287,1719,3558,5879,8874,8889,10829,16807,23436,16803,21039,25600,26116,26291,14138,316,19819,32029
1	68	356	28588,1766,4067,3676,4882,10940,8949,24737,11350,12146,16002,9474,13472,14246,18036,19070,19374,14815,17749,18821,20000,11293,19369,17545,26376,32887,3203,9852,14859,19608,20758,17686,18604,14175,20053,3731,22317,3820,11867,18929,13730,19615,17161,21830,24147,6895,11869,22440,24114,11987,21703,22828,5537,3751,14327,1981,30149,32885,1287,1719,3558,5879,8874,8889,10829,16807,23436,16803,21039,25600,26116,26291,14138,316,19819,32029,22981
1	68	8414	28588,1766,4067,3676,4882,10940,8949,24737,11350,12146,16002,9474,13472,14246,18036,19070,19374,14815,17749,18821,20000,11293,19369,17545,26376,32887,3203,9852,14859,19608,20758,17686,18604,14175,20053,3731,22317,3820,11867,18929,13730,19615,17161,21830,24147,6895,11869,22440,24114,11987,21703,22828,5537,3751,14327,1981,30149,32885,1287,1719,3558,5879,8874,8889,10829,16807,23436,16803,21039,25600,26116,26291,14138,316,19819,32029,22981,356
1	68	1558	28588,1766,4067,3676,4882,10940,8949,24737,11350,12146,16002,9474,13472,14246,18036,19070,19374,14815,17749,18821,20000,11293,19369,17545,26376,32887,3203,9852,14859,19608,20758,17686,18604,14175,20053,3731,22317,3820,11867,18929,13730,19615,17161,21830,24147,6895,11869,22440,24114,11987,21703,22828,5537,3751,14327,1981,30149,32885,1287,1719,3558,5879,8874,8889,10829,16807,23436,16803,21039,25600,26116,26291,14138,316,19819,32029,22981,356,8414
1	68	7175	28588,1766,4067,3676,4882,10940,8949,24737,11350,12146,16002,9474,13472,14246,18036,19070,19374,14815,17749,18821,20000,11293,19369,17545,26376,32887,3203,9852,14859,19608,20758,17686,18604,14175,20053,3731,22317,3820,11867,18929,13730,19615,17161,21830,24147,6895,11869,22440,24114,11987,21703,22828,5537,3751,14327,1981,30149,32885,1287,1719,3558,5879,8874,8889,10829,16807,23436,16803,21039,25600,26116,26291,14138,316,19819,32029,22981,356,8414,1558
1	68	16403	28588,1766,4067,3676,4882,10940,8949,24737,11350,12146,16002,9474,13472,14246,18036,19070,19374,14815,17749,18821,20000,11293,19369,17545,26376,32887,3203,9852,14859,19608,20758,17686,18604,14175,20053,3731,22317,3820,11867,18929,13730,19615,17161,21830,24147,6895,11869,22440,24114,11987,21703,22828,5537,3751,14327,1981,30149,32885,1287,1719,3558,5879,8874,8889,10829,16807,23436,16803,21039,25600,26116,26291,14138,316,19819,32029,22981,356,8414,1558,7175
1	68	9758	28588,1766,4067,3676,4882,10940,8949,24737,11350,12146,16002,9474,13472,14246,18036,19070,19374,14815,17749,18821,20000,11293,19369,17545,26376,32887,3203,9852,14859,19608,20758,17686,18604,14175,20053,3731,22317,3820,11867,18929,13730,19615,17161,21830,24147,6895,11869,22440,24114,11987,21703,22828,5537,3751,14327,1981,30149,32885,1287,1719,3558,5879,8874,8889,10829,16807,23436,16803,21039,25600,26116,26291,14138,316,19819,32029,22981,356,8414,1558,7175,16403
1	68	23590	28588,1766,4067,3676,4882,10940,8949,24737,11350,12146,16002,9474,13472,14246,18036,19070,19374,14815,17749,18821,20000,11293,19369,17545,26376,32887,3203,9852,14859,19608,20758,17686,18604,14175,20053,3731,22317,3820,11867,18929,13730,19615,17161,21830,24147,6895,11869,22440,24114,11987,21703,22828,5537,3751,14327,1981,30149,32885,1287,1719,3558,5879,8874,8889,10829,16807,23436,16803,21039,25600,26116,26291,14138,316,19819,32029,22981,356,8414,1558,7175,16403,9758
1	68	22145	28588,1766,4067,3676,4882,10940,8949,24737,11350,12146,16002,9474,13472,14246,18036,19070,19374,14815,17749,18821,20000,11293,19369,17545,26376,32887,3203,9852,14859,19608,20758,17686,18604,14175,20053,3731,22317,3820,11867,18929,13730,19615,17161,21830,24147,6895,11869,22440,24114,11987,21703,22828,5537,3751,14327,1981,30149,32885,1287,1719,3558,5879,8874,8889,10829,16807,23436,16803,21039,25600,26116,26291,14138,316,19819,32029,22981,356,8414,1558,7175,16403,9758,23590
1	68	20372	28588,1766,4067,3676,4882,10940,8949,24737,11350,12146,16002,9474,13472,14246,18036,19070,19374,14815,17749,18821,20000,11293,19369,17545,26376,32887,3203,9852,14859,19608,20758,17686,18604,14175,20053,3731,22317,3820,11867,18929,13730,19615,17161,21830,24147,6895,11869,22440,24114,11987,21703,22828,5537,3751,14327,1981,30149,32885,1287,1719,3558,5879,8874,8889,10829,16807,23436,16803,21039,25600,26116,26291,14138,316,19819,32029,22981,356,8414,1558,7175,16403,9758,23590,22145
1	68	24878	28588,1766,4067,3676,4882,10940,8949,24737,11350,12146,16002,9474,13472,14246,18036,19070,19374,14815,17749,18821,20000,11293,19369,17545,26376,32887,3203,9852,14859,19608,20758,17686,18604,14175,20053,3731,22317,3820,11867,18929,13730,19615,17161,21830,24147,6895,11869,22440,24114,11987,21703,22828,5537,3751,14327,1981,30149,32885,1287,1719,3558,5879,8874,8889,10829,16807,23436,16803,21039,25600,26116,26291,14138,316,19819,32029,22981,356,8414,1558,7175,16403,9758,23590,22145,20372
1	68	25559	28588,1766,4067,3676,4882,10940,8949,24737,11350,12146,16002,9474,13472,14246,18036,19070,19374,14815,17749,18821,20000,11293,19369,17545,26376,32887,3203,9852,14859,19608,20758,17686,18604,14175,20053,3731,22317,3820,11867,18929,13730,19615,17161,21830,24147,6895,11869,22440,24114,11987,21703,22828,5537,3751,14327,1981,30149,32885,1287,1719,3558,5879,8874,8889,10829,16807,23436,16803,21039,25600,26116,26291,14138,316,19819,32029,22981,356,8414,1558,7175,16403,9758,23590,22145,20372,24878
1	68	26093	28588,1766,4067,3676,4882,10940,8949,24737,11350,12146,16002,9474,13472,14246,18036,19070,19374,14815,17749,18821,20000,11293,19369,17545,26376,32887,3203,9852,14859,19608,20758,17686,18604,14175,20053,3731,22317,3820,11867,18929,13730,19615,17161,21830,24147,6895,11869,22440,24114,11987,21703,22828,5537,3751,14327,1981,30149,32885,1287,1719,3558,5879,8874,8889,10829,16807,23436,16803,21039,25600,26116,26291,14138,316,19819,32029,22981,356,8414,1558,7175,16403,9758,23590,22145,20372,24878,25559
1	68	6485	28588,1766,4067,3676,4882,10940,8949,24737,11350,12146,16002,9474,13472,14246,18036,19070,19374,14815,17749,18821,20000,11293,19369,17545,26376,32887,3203,9852,14859,19608,20758,17686,18604,14175,20053,3731,22317,3820,11867,18929,13730,19615,17161,21830,24147,6895,11869,22440,24114,11987,21703,22828,5537,3751,14327,1981,30149,32885,1287,1719,3558,5879,8874,8889,10829,16807,23436,16803,21039,25600,26116,26291,14138,316,19819,32029,22981,356,8414,1558,7175,16403,9758,23590,22145,20372,24878,25559,26093
0	68	12490	28588,1766,4067,3676,4882,10940,8949,24737,11350,12146,16002,9474,13472,14246,18036,19070,19374,14815,17749,18821,20000,11293,19369,17545,26376,32887,3203,9852,14859,19608,20758,17686,18604,14175,20053,3731,22317,3820,11867,18929,13730,19615,17161,21830,24147,6895,11869,22440,24114,11987,21703,22828,5537,3751,14327,1981,30149,32885,1287,1719,3558,5879,8874,8889,10829,16807,23436,16803,21039,25600,26116,26291,14138,316,19819,32029,22981,356,8414,1558,7175,16403,9758,23590,22145,20372,24878,25559,26093,6485
1	68	17428	28588,1766,4067,3676,4882,10940,8949,24737,11350,12146,16002,9474,13472,14246,18036,19070,19374,14815,17749,18821,20000,11293,19369,17545,26376,32887,3203,9852,14859,19608,20758,17686,18604,14175,20053,3731,22317,3820,11867,18929,13730,19615,17161,21830,24147,6895,11869,22440,24114,11987,21703,22828,5537,3751,14327,1981,30149,32885,1287,1719,3558,5879,8874,8889,10829,16807,23436,16803,21039,25600,26116,26291,14138,316,19819,32029,22981,356,8414,1558,7175,16403,9758,23590,22145,20372,24878,25559,26093,6485
1	68	22754	28588,1766,4067,3676,4882,10940,8949,24737,11350,12146,16002,9474,13472,14246,18036,19070,19374,14815,17749,18821,20000,11293,19369,17545,26376,32887,3203,9852,14859,19608,20758,17686,18604,14175,20053,3731,22317,3820,11867,18929,13730,19615,17161,21830,24147,6895,11869,22440,24114,11987,21703,22828,5537,3751,14327,1981,30149,32885,1287,1719,3558,5879,8874,8889,10829,16807,23436,16803,21039,25600,26116,26291,14138,316,19819,32029,22981,356,8414,1558,7175,16403,9758,23590,22145,20372,24878,25559,26093,6485,17428
1	68	25056	28588,1766,4067,3676,4882,10940,8949,24737,11350,12146,16002,9474,13472,14246,18036,19070,19374,14815,17749,18821,20000,11293,19369,17545,26376,32887,3203,9852,14859,19608,20758,17686,18604,14175,20053,3731,22317,3820,11867,18929,13730,19615,17161,21830,24147,6895,11869,22440,24114,11987,21703,22828,5537,3751,14327,1981,30149,32885,1287,1719,3558,5879,8874,8889,10829,16807,23436,16803,21039,25600,26116,26291,14138,316,19819,32029,22981,356,8414,1558,7175,16403,9758,23590,22145,20372,24878,25559,26093,6485,17428,22754
1	68	25338	28588,1766,4067,3676,4882,10940,8949,24737,11350,12146,16002,9474,13472,14246,18036,19070,19374,14815,17749,18821,20000,11293,19369,17545,26376,32887,3203,9852,14859,19608,20758,17686,18604,14175,20053,3731,22317,3820,11867,18929,13730,19615,17161,21830,24147,6895,11869,22440,24114,11987,21703,22828,5537,3751,14327,1981,30149,32885,1287,1719,3558,5879,8874,8889,10829,16807,23436,16803,21039,25600,26116,26291,14138,316,19819,32029,22981,356,8414,1558,7175,16403,9758,23590,22145,20372,24878,25559,26093,6485,17428,22754,25056
1	68	25988	28588,1766,4067,3676,4882,10940,8949,24737,11350,12146,16002,9474,13472,14246,18036,19070,19374,14815,17749,18821,20000,11293,19369,17545,26376,32887,3203,9852,14859,19608,20758,17686,18604,14175,20053,3731,22317,3820,11867,18929,13730,19615,17161,21830,24147,6895,11869,22440,24114,11987,21703,22828,5537,3751,14327,1981,30149,32885,1287,1719,3558,5879,8874,8889,10829,16807,23436,16803,21039,25600,26116,26291,14138,316,19819,32029,22981,356,8414,1558,7175,16403,9758,23590,22145,20372,24878,25559,26093,6485,17428,22754,25056,25338
1	68	26411	28588,1766,4067,3676,4882,10940,8949,24737,11350,12146,16002,9474,13472,14246,18036,19070,19374,14815,17749,18821,20000,11293,19369,17545,26376,32887,3203,9852,14859,19608,20758,17686,18604,14175,20053,3731,22317,3820,11867,18929,13730,19615,17161,21830,24147,6895,11869,22440,24114,11987,21703,22828,5537,3751,14327,1981,30149,32885,1287,1719,3558,5879,8874,8889,10829,16807,23436,16803,21039,25600,26116,26291,14138,316,19819,32029,22981,356,8414,1558,7175,16403,9758,23590,22145,20372,24878,25559,26093,6485,17428,22754,25056,25338,25988
1	68	26557	28588,1766,4067,3676,4882,10940,8949,24737,11350,12146,16002,9474,13472,14246,18036,19070,19374,14815,17749,18821,20000,11293,19369,17545,26376,32887,3203,9852,14859,19608,20758,17686,18604,14175,20053,3731,22317,3820,11867,18929,13730,19615,17161,21830,24147,6895,11869,22440,24114,11987,21703,22828,5537,3751,14327,1981,30149,32885,1287,1719,3558,5879,8874,8889,10829,16807,23436,16803,21039,25600,26116,26291,14138,316,19819,32029,22981,356,8414,1558,7175,16403,9758,23590,22145,20372,24878,25559,26093,6485,17428,22754,25056,25338,25988,26411
1	68	16419	28588,1766,4067,3676,4882,10940,8949,24737,11350,12146,16002,9474,13472,14246,18036,19070,19374,14815,17749,18821,20000,11293,19369,17545,26376,32887,3203,9852,14859,19608,20758,17686,18604,14175,20053,3731,22317,3820,11867,18929,13730,19615,17161,21830,24147,6895,11869,22440,24114,11987,21703,22828,5537,3751,14327,1981,30149,32885,1287,1719,3558,5879,8874,8889,10829,16807,23436,16803,21039,25600,26116,26291,14138,316,19819,32029,22981,356,8414,1558,7175,16403,9758,23590,22145,20372,24878,25559,26093,6485,17428,22754,25056,25338,25988,26411,26557
1	68	27708	28588,1766,4067,3676,4882,10940,8949,24737,11350,12146,16002,9474,13472,14246,18036,19070,19374,14815,17749,18821,20000,11293,19369,17545,26376,32887,3203,9852,14859,19608,20758,17686,18604,14175,20053,3731,22317,3820,11867,18929,13730,19615,17161,21830,24147,6895,11869,22440,24114,11987,21703,22828,5537,3751,14327,1981,30149,32885,1287,1719,3558,5879,8874,8889,10829,16807,23436,16803,21039,25600,26116,26291,14138,316,19819,32029,22981,356,8414,1558,7175,16403,9758,23590,22145,20372,24878,25559,26093,6485,17428,22754,25056,25338,25988,26411,26557,16419
1	68	28291	28588,1766,4067,3676,4882,10940,8949,24737,11350,12146,16002,9474,13472,14246,18036,19070,19374,14815,17749,18821,20000,11293,19369,17545,26376,32887,3203,9852,14859,19608,20758,17686,18604,14175,20053,3731,22317,3820,11867,18929,13730,19615,17161,21830,24147,6895,11869,22440,24114,11987,21703,22828,5537,3751,14327,1981,30149,32885,1287,1719,3558,5879,8874,8889,10829,16807,23436,16803,21039,25600,26116,26291,14138,316,19819,32029,22981,356,8414,1558,7175,16403,9758,23590,22145,20372,24878,25559,26093,6485,17428,22754,25056,25338,25988,26411,26557,16419,27708
1	68	28123	28588,1766,4067,3676,4882,10940,8949,24737,11350,12146,16002,9474,13472,14246,18036,19070,19374,14815,17749,18821,20000,11293,19369,17545,26376,32887,3203,9852,14859,19608,20758,17686,18604,14175,20053,3731,22317,3820,11867,18929,13730,19615,17161,21830,24147,6895,11869,22440,24114,11987,21703,22828,5537,3751,14327,1981,30149,32885,1287,1719,3558,5879,8874,8889,10829,16807,23436,16803,21039,25600,26116,26291,14138,316,19819,32029,22981,356,8414,1558,7175,16403,9758,23590,22145,20372,24878,25559,26093,6485,17428,22754,25056,25338,25988,26411,26557,16419,27708,28291
1	68	28124	28588,1766,4067,3676,4882,10940,8949,24737,11350,12146,16002,9474,13472,14246,18036,19070,19374,14815,17749,18821,20000,11293,19369,17545,26376,32887,3203,9852,14859,19608,20758,17686,18604,14175,20053,3731,22317,3820,11867,18929,13730,19615,17161,21830,24147,6895,11869,22440,24114,11987,21703,22828,5537,3751,14327,1981,30149,32885,1287,1719,3558,5879,8874,8889,10829,16807,23436,16803,21039,25600,26116,26291,14138,316,19819,32029,22981,356,8414,1558,7175,16403,9758,23590,22145,20372,24878,25559,26093,6485,17428,22754,25056,25338,25988,26411,26557,16419,27708,28291,28123
0	68	24874	28588,1766,4067,3676,4882,10940,8949,24737,11350,12146,16002,9474,13472,14246,18036,19070,19374,14815,17749,18821,20000,11293,19369,17545,26376,32887,3203,9852,14859,19608,20758,17686,18604,14175,20053,3731,22317,3820,11867,18929,13730,19615,17161,21830,24147,6895,11869,22440,24114,11987,21703,22828,5537,3751,14327,1981,30149,32885,1287,1719,3558,5879,8874,8889,10829,16807,23436,16803,21039,25600,26116,26291,14138,316,19819,32029,22981,356,8414,1558,7175,16403,9758,23590,22145,20372,24878,25559,26093,6485,17428,22754,25056,25338,25988,26411,26557,16419,27708,28291,28123,28124
0	68	26169	28588,1766,4067,3676,4882,10940,8949,24737,11350,12146,16002,9474,13472,14246,18036,19070,19374,14815,17749,18821,20000,11293,19369,17545,26376,32887,3203,9852,14859,19608,20758,17686,18604,14175,20053,3731,22317,3820,11867,18929,13730,19615,17161,21830,24147,6895,11869,22440,24114,11987,21703,22828,5537,3751,14327,1981,30149,32885,1287,1719,3558,5879,8874,8889,10829,16807,23436,16803,21039,25600,26116,26291,14138,316,19819,32029,22981,356,8414,1558,7175,16403,9758,23590,22145,20372,24878,25559,26093,6485,17428,22754,25056,25338,25988,26411,26557,16419,27708,28291,28123,28124
1	68	22860	28588,1766,4067,3676,4882,10940,8949,24737,11350,12146,16002,9474,13472,14246,18036,19070,19374,14815,17749,18821,20000,11293,19369,17545,26376,32887,3203,9852,14859,19608,20758,17686,18604,14175,20053,3731,22317,3820,11867,18929,13730,19615,17161,21830,24147,6895,11869,22440,24114,11987,21703,22828,5537,3751,14327,1981,30149,32885,1287,1719,3558,5879,8874,8889,10829,16807,23436,16803,21039,25600,26116,26291,14138,316,19819,32029,22981,356,8414,1558,7175,16403,9758,23590,22145,20372,24878,25559,26093,6485,17428,22754,25056,25338,25988,26411,26557,16419,27708,28291,28123,28124
1	68	23143	28588,1766,4067,3676,4882,10940,8949,24737,11350,12146,16002,9474,13472,14246,18036,19070,19374,14815,17749,18821,20000,11293,19369,17545,26376,32887,3203,9852,14859,19608,20758,17686,18604,14175,20053,3731,22317,3820,11867,18929,13730,19615,17161,21830,24147,6895,11869,22440,24114,11987,21703,22828,5537,3751,14327,1981,30149,32885,1287,1719,3558,5879,8874,8889,10829,16807,23436,16803,21039,25600,26116,26291,14138,316,19819,32029,22981,356,8414,1558,7175,16403,9758,23590,22145,20372,24878,25559,26093,6485,17428,22754,25056,25338,25988,26411,26557,16419,27708,28291,28123,28124,22860
1	68	25475	28588,1766,4067,3676,4882,10940,8949,24737,11350,12146,16002,9474,13472,14246,18036,19070,19374,14815,17749,18821,20000,11293,19369,17545,26376,32887,3203,9852,14859,19608,20758,17686,18604,14175,20053,3731,22317,3820,11867,18929,13730,19615,17161,21830,24147,6895,11869,22440,24114,11987,21703,22828,5537,3751,14327,1981,30149,32885,1287,1719,3558,5879,8874,8889,10829,16807,23436,16803,21039,25600,26116,26291,14138,316,19819,32029,22981,356,8414,1558,7175,16403,9758,23590,22145,20372,24878,25559,26093,6485,17428,22754,25056,25338,25988,26411,26557,16419,27708,28291,28123,28124,22860,23143
1	68	27221	28588,1766,4067,3676,4882,10940,8949,24737,11350,12146,16002,9474,13472,14246,18036,19070,19374,14815,17749,18821,20000,11293,19369,17545,26376,32887,3203,9852,14859,19608,20758,17686,18604,14175,20053,3731,22317,3820,11867,18929,13730,19615,17161,21830,24147,6895,11869,22440,24114,11987,21703,22828,5537,3751,14327,1981,30149,32885,1287,1719,3558,5879,8874,8889,10829,16807,23436,16803,21039,25600,26116,26291,14138,316,19819,32029,22981,356,8414,1558,7175,16403,9758,23590,22145,20372,24878,25559,26093,6485,17428,22754,25056,25338,25988,26411,26557,16419,27708,28291,28123,28124,22860,23143,25475
1	68	19333	28588,1766,4067,3676,4882,10940,8949,24737,11350,12146,16002,9474,13472,14246,18036,19070,19374,14815,17749,18821,20000,11293,19369,17545,26376,32887,3203,9852,14859,19608,20758,17686,18604,14175,20053,3731,22317,3820,11867,18929,13730,19615,17161,21830,24147,6895,11869,22440,24114,11987,21703,22828,5537,3751,14327,1981,30149,32885,1287,1719,3558,5879,8874,8889,10829,16807,23436,16803,21039,25600,26116,26291,14138,316,19819,32029,22981,356,8414,1558,7175,16403,9758,23590,22145,20372,24878,25559,26093,6485,17428,22754,25056,25338,25988,26411,26557,16419,27708,28291,28123,28124,22860,23143,25475,27221
1	68	21262	28588,1766,4067,3676,4882,10940,8949,24737,11350,12146,16002,9474,13472,14246,18036,19070,19374,14815,17749,18821,20000,11293,19369,17545,26376,32887,3203,9852,14859,19608,20758,17686,18604,14175,20053,3731,22317,3820,11867,18929,13730,19615,17161,21830,24147,6895,11869,22440,24114,11987,21703,22828,5537,3751,14327,1981,30149,32885,1287,1719,3558,5879,8874,8889,10829,16807,23436,16803,21039,25600,26116,26291,14138,316,19819,32029,22981,356,8414,1558,7175,16403,9758,23590,22145,20372,24878,25559,26093,6485,17428,22754,25056,25338,25988,26411,26557,16419,27708,28291,28123,28124,22860,23143,25475,27221,19333
1	68	28465	28588,1766,4067,3676,4882,10940,8949,24737,11350,12146,16002,9474,13472,14246,18036,19070,19374,14815,17749,18821,20000,11293,19369,17545,26376,32887,3203,9852,14859,19608,20758,17686,18604,14175,20053,3731,22317,3820,11867,18929,13730,19615,17161,21830,24147,6895,11869,22440,24114,11987,21703,22828,5537,3751,14327,1981,30149,32885,1287,1719,3558,5879,8874,8889,10829,16807,23436,16803,21039,25600,26116,26291,14138,316,19819,32029,22981,356,8414,1558,7175,16403,9758,23590,22145,20372,24878,25559,26093,6485,17428,22754,25056,25338,25988,26411,26557,16419,27708,28291,28123,28124,22860,23143,25475,27221,19333,21262
1	68	10298	28588,1766,4067,3676,4882,10940,8949,24737,11350,12146,16002,9474,13472,14246,18036,19070,19374,14815,17749,18821,20000,11293,19369,17545,26376,32887,3203,9852,14859,19608,20758,17686,18604,14175,20053,3731,22317,3820,11867,18929,13730,19615,17161,21830,24147,6895,11869,22440,24114,11987,21703,22828,5537,3751,14327,1981,30149,32885,1287,1719,3558,5879,8874,8889,10829,16807,23436,16803,21039,25600,26116,26291,14138,316,19819,32029,22981,356,8414,1558,7175,16403,9758,23590,22145,20372,24878,25559,26093,6485,17428,22754,25056,25338,25988,26411,26557,16419,27708,28291,28123,28124,22860,23143,25475,27221,19333,21262,28465
1	68	33051	28588,1766,4067,3676,4882,10940,8949,24737,11350,12146,16002,9474,13472,14246,18036,19070,19374,14815,17749,18821,20000,11293,19369,17545,26376,32887,3203,9852,14859,19608,20758,17686,18604,14175,20053,3731,22317,3820,11867,18929,13730,19615,17161,21830,24147,6895,11869,22440,24114,11987,21703,22828,5537,3751,14327,1981,30149,32885,1287,1719,3558,5879,8874,8889,10829,16807,23436,16803,21039,25600,26116,26291,14138,316,19819,32029,22981,356,8414,1558,7175,16403,9758,23590,22145,20372,24878,25559,26093,6485,17428,22754,25056,25338,25988,26411,26557,16419,27708,28291,28123,28124,22860,23143,25475,27221,19333,21262,28465,10298
1	68	24588	28588,1766,4067,3676,4882,10940,8949,24737,11350,12146,16002,9474,13472,14246,18036,19070,19374,14815,17749,18821,20000,11293,19369,17545,26376,32887,3203,9852,14859,19608,20758,17686,18604,14175,20053,3731,22317,3820,11867,18929,13730,19615,17161,21830,24147,6895,11869,22440,24114,11987,21703,22828,5537,3751,14327,1981,30149,32885,1287,1719,3558,5879,8874,8889,10829,16807,23436,16803,21039,25600,26116,26291,14138,316,19819,32029,22981,356,8414,1558,7175,16403,9758,23590,22145,20372,24878,25559,26093,6485,17428,22754,25056,25338,25988,26411,26557,16419,27708,28291,28123,28124,22860,23143,25475,27221,19333,21262,28465,10298,33051
1	68	25765	28588,1766,4067,3676,4882,10940,8949,24737,11350,12146,16002,9474,13472,14246,18036,19070,19374,14815,17749,18821,20000,11293,19369,17545,26376,32887,3203,9852,14859,19608,20758,17686,18604,14175,20053,3731,22317,3820,11867,18929,13730,19615,17161,21830,24147,6895,11869,22440,24114,11987,21703,22828,5537,3751,14327,1981,30149,32885,1287,1719,3558,5879,8874,8889,10829,16807,23436,16803,21039,25600,26116,26291,14138,316,19819,32029,22981,356,8414,1558,7175,16403,9758,23590,22145,20372,24878,25559,26093,6485,17428,22754,25056,25338,25988,26411,26557,16419,27708,28291,28123,28124,22860,23143,25475,27221,19333,21262,28465,10298,33051,24588
1	68	28518	28588,1766,4067,3676,4882,10940,8949,24737,11350,12146,16002,9474,13472,14246,18036,19070,19374,14815,17749,18821,20000,11293,19369,17545,26376,32887,3203,9852,14859,19608,20758,17686,18604,14175,20053,3731,22317,3820,11867,18929,13730,19615,17161,21830,24147,6895,11869,22440,24114,11987,21703,22828,5537,3751,14327,1981,30149,32885,1287,1719,3558,5879,8874,8889,10829,16807,23436,16803,21039,25600,26116,26291,14138,316,19819,32029,22981,356,8414,1558,7175,16403,9758,23590,22145,20372,24878,25559,26093,6485,17428,22754,25056,25338,25988,26411,26557,16419,27708,28291,28123,28124,22860,23143,25475,27221,19333,21262,28465,10298,33051,24588,25765
1	68	22957	28588,1766,4067,3676,4882,10940,8949,24737,11350,12146,16002,9474,13472,14246,18036,19070,19374,14815,17749,18821,20000,11293,19369,17545,26376,32887,3203,9852,14859,19608,20758,17686,18604,14175,20053,3731,22317,3820,11867,18929,13730,19615,17161,21830,24147,6895,11869,22440,24114,11987,21703,22828,5537,3751,14327,1981,30149,32885,1287,1719,3558,5879,8874,8889,10829,16807,23436,16803,21039,25600,26116,26291,14138,316,19819,32029,22981,356,8414,1558,7175,16403,9758,23590,22145,20372,24878,25559,26093,6485,17428,22754,25056,25338,25988,26411,26557,16419,27708,28291,28123,28124,22860,23143,25475,27221,19333,21262,28465,10298,33051,24588,25765,28518
1	68	28748	28588,1766,4067,3676,4882,10940,8949,24737,11350,12146,16002,9474,13472,14246,18036,19070,19374,14815,17749,18821,20000,11293,19369,17545,26376,32887,3203,9852,14859,19608,20758,17686,18604,14175,20053,3731,22317,3820,11867,18929,13730,19615,17161,21830,24147,6895,11869,22440,24114,11987,21703,22828,5537,3751,14327,1981,30149,32885,1287,1719,3558,5879,8874,8889,10829,16807,23436,16803,21039,25600,26116,26291,14138,316,19819,32029,22981,356,8414,1558,7175,16403,9758,23590,22145,20372,24878,25559,26093,6485,17428,22754,25056,25338,25988,26411,26557,16419,27708,28291,28123,28124,22860,23143,25475,27221,19333,21262,28465,10298,33051,24588,25765,28518,22957
