1	1495	5642	0
0	1495	6488	5642
1	1495	8525	5642
0	1495	10810	5642,8525
0	1495	7897	5642,8525
1	1495	10241	5642,8525
0	1495	10718	5642,8525,10241
0	1495	9062	5642,8525,10241
1	1495	15499	5642,8525,10241
1	1495	17334	5642,8525,10241,15499
1	1495	23797	5642,8525,10241,15499,17334
1	1495	16096	5642,8525,10241,15499,17334,23797
1	1495	18221	5642,8525,10241,15499,17334,23797,16096
1	1495	10705	5642,8525,10241,15499,17334,23797,16096,18221
1	1495	15463	5642,8525,10241,15499,17334,23797,16096,18221,10705
1	1495	889	5642,8525,10241,15499,17334,23797,16096,18221,10705,15463
0	1495	32068	5642,8525,10241,15499,17334,23797,16096,18221,10705,15463,889
1	1495	21830	5642,8525,10241,15499,17334,23797,16096,18221,10705,15463,889
1	1495	22188	5642,8525,10241,15499,17334,23797,16096,18221,10705,15463,889,21830
1	1495	342	5642,8525,10241,15499,17334,23797,16096,18221,10705,15463,889,21830,22188
1	1495	15903	5642,8525,10241,15499,17334,23797,16096,18221,10705,15463,889,21830,22188,342
1	1495	12406	5642,8525,10241,15499,17334,23797,16096,18221,10705,15463,889,21830,22188,342,15903
1	1495	13170	5642,8525,10241,15499,17334,23797,16096,18221,10705,15463,889,21830,22188,342,15903,12406
0	1495	21399	5642,8525,10241,15499,17334,23797,16096,18221,10705,15463,889,21830,22188,342,15903,12406,13170
1	1495	5117	5642,8525,10241,15499,17334,23797,16096,18221,10705,15463,889,21830,22188,342,15903,12406,13170
0	1495	8711	5642,8525,10241,15499,17334,23797,16096,18221,10705,15463,889,21830,22188,342,15903,12406,13170,5117
1	1495	12921	5642,8525,10241,15499,17334,23797,16096,18221,10705,15463,889,21830,22188,342,15903,12406,13170,5117
1	1495	24282	5642,8525,10241,15499,17334,23797,16096,18221,10705,15463,889,21830,22188,342,15903,12406,13170,5117,12921
1	1495	22468	5642,8525,10241,15499,17334,23797,16096,18221,10705,15463,889,21830,22188,342,15903,12406,13170,5117,12921,24282
0	1495	14984	5642,8525,10241,15499,17334,23797,16096,18221,10705,15463,889,21830,22188,342,15903,12406,13170,5117,12921,24282,22468
1	1495	593	5642,8525,10241,15499,17334,23797,16096,18221,10705,15463,889,21830,22188,342,15903,12406,13170,5117,12921,24282,22468
1	1495	12366	5642,8525,10241,15499,17334,23797,16096,18221,10705,15463,889,21830,22188,342,15903,12406,13170,5117,12921,24282,22468,593
0	1495	16016	5642,8525,10241,15499,17334,23797,16096,18221,10705,15463,889,21830,22188,342,15903,12406,13170,5117,12921,24282,22468,593,12366
0	1495	14597	5642,8525,10241,15499,17334,23797,16096,18221,10705,15463,889,21830,22188,342,15903,12406,13170,5117,12921,24282,22468,593,12366
0	1495	21737	5642,8525,10241,15499,17334,23797,16096,18221,10705,15463,889,21830,22188,342,15903,12406,13170,5117,12921,24282,22468,593,12366
1	1495	19497	5642,8525,10241,15499,17334,23797,16096,18221,10705,15463,889,21830,22188,342,15903,12406,13170,5117,12921,24282,22468,593,12366
1	1495	17387	5642,8525,10241,15499,17334,23797,16096,18221,10705,15463,889,21830,22188,342,15903,12406,13170,5117,12921,24282,22468,593,12366,19497
0	1495	21390	5642,8525,10241,15499,17334,23797,16096,18221,10705,15463,889,21830,22188,342,15903,12406,13170,5117,12921,24282,22468,593,12366,19497,17387
0	1495	26283	5642,8525,10241,15499,17334,23797,16096,18221,10705,15463,889,21830,22188,342,15903,12406,13170,5117,12921,24282,22468,593,12366,19497,17387
0	1495	9513	5642,8525,10241,15499,17334,23797,16096,18221,10705,15463,889,21830,22188,342,15903,12406,13170,5117,12921,24282,22468,593,12366,19497,17387
0	1495	18663	5642,8525,10241,15499,17334,23797,16096,18221,10705,15463,889,21830,22188,342,15903,12406,13170,5117,12921,24282,22468,593,12366,19497,17387
0	1495	23717	5642,8525,10241,15499,17334,23797,16096,18221,10705,15463,889,21830,22188,342,15903,12406,13170,5117,12921,24282,22468,593,12366,19497,17387
1	1495	11752	5642,8525,10241,15499,17334,23797,16096,18221,10705,15463,889,21830,22188,342,15903,12406,13170,5117,12921,24282,22468,593,12366,19497,17387
0	1495	11315	5642,8525,10241,15499,17334,23797,16096,18221,10705,15463,889,21830,22188,342,15903,12406,13170,5117,12921,24282,22468,593,12366,19497,17387,11752
0	1495	21355	5642,8525,10241,15499,17334,23797,16096,18221,10705,15463,889,21830,22188,342,15903,12406,13170,5117,12921,24282,22468,593,12366,19497,17387,11752
0	1495	21734	5642,8525,10241,15499,17334,23797,16096,18221,10705,15463,889,21830,22188,342,15903,12406,13170,5117,12921,24282,22468,593,12366,19497,17387,11752
0	1495	25981	5642,8525,10241,15499,17334,23797,16096,18221,10705,15463,889,21830,22188,342,15903,12406,13170,5117,12921,24282,22468,593,12366,19497,17387,11752
1	1495	27880	5642,8525,10241,15499,17334,23797,16096,18221,10705,15463,889,21830,22188,342,15903,12406,13170,5117,12921,24282,22468,593,12366,19497,17387,11752
1	1495	26886	5642,8525,10241,15499,17334,23797,16096,18221,10705,15463,889,21830,22188,342,15903,12406,13170,5117,12921,24282,22468,593,12366,19497,17387,11752,27880
1	1495	12562	5642,8525,10241,15499,17334,23797,16096,18221,10705,15463,889,21830,22188,342,15903,12406,13170,5117,12921,24282,22468,593,12366,19497,17387,11752,27880,26886
1	1495	27126	5642,8525,10241,15499,17334,23797,16096,18221,10705,15463,889,21830,22188,342,15903,12406,13170,5117,12921,24282,22468,593,12366,19497,17387,11752,27880,26886,12562
0	1495	21172	5642,8525,10241,15499,17334,23797,16096,18221,10705,15463,889,21830,22188,342,15903,12406,13170,5117,12921,24282,22468,593,12366,19497,17387,11752,27880,26886,12562,27126
0	1495	2323	5642,8525,10241,15499,17334,23797,16096,18221,10705,15463,889,21830,22188,342,15903,12406,13170,5117,12921,24282,22468,593,12366,19497,17387,11752,27880,26886,12562,27126
1	1495	946	5642,8525,10241,15499,17334,23797,16096,18221,10705,15463,889,21830,22188,342,15903,12406,13170,5117,12921,24282,22468,593,12366,19497,17387,11752,27880,26886,12562,27126
1	1495	2846	5642,8525,10241,15499,17334,23797,16096,18221,10705,15463,889,21830,22188,342,15903,12406,13170,5117,12921,24282,22468,593,12366,19497,17387,11752,27880,26886,12562,27126,946
1	1495	15500	5642,8525,10241,15499,17334,23797,16096,18221,10705,15463,889,21830,22188,342,15903,12406,13170,5117,12921,24282,22468,593,12366,19497,17387,11752,27880,26886,12562,27126,946,2846
1	1495	19506	5642,8525,10241,15499,17334,23797,16096,18221,10705,15463,889,21830,22188,342,15903,12406,13170,5117,12921,24282,22468,593,12366,19497,17387,11752,27880,26886,12562,27126,946,2846,15500
0	1495	29211	5642,8525,10241,15499,17334,23797,16096,18221,10705,15463,889,21830,22188,342,15903,12406,13170,5117,12921,24282,22468,593,12366,19497,17387,11752,27880,26886,12562,27126,946,2846,15500,19506
0	1495	28872	5642,8525,10241,15499,17334,23797,16096,18221,10705,15463,889,21830,22188,342,15903,12406,13170,5117,12921,24282,22468,593,12366,19497,17387,11752,27880,26886,12562,27126,946,2846,15500,19506
1	1495	21739	5642,8525,10241,15499,17334,23797,16096,18221,10705,15463,889,21830,22188,342,15903,12406,13170,5117,12921,24282,22468,593,12366,19497,17387,11752,27880,26886,12562,27126,946,2846,15500,19506
1	1495	19776	5642,8525,10241,15499,17334,23797,16096,18221,10705,15463,889,21830,22188,342,15903,12406,13170,5117,12921,24282,22468,593,12366,19497,17387,11752,27880,26886,12562,27126,946,2846,15500,19506,21739
0	1495	24346	5642,8525,10241,15499,17334,23797,16096,18221,10705,15463,889,21830,22188,342,15903,12406,13170,5117,12921,24282,22468,593,12366,19497,17387,11752,27880,26886,12562,27126,946,2846,15500,19506,21739,19776
1	1495	7095	5642,8525,10241,15499,17334,23797,16096,18221,10705,15463,889,21830,22188,342,15903,12406,13170,5117,12921,24282,22468,593,12366,19497,17387,11752,27880,26886,12562,27126,946,2846,15500,19506,21739,19776
