1	1563	300	0
1	1563	30777	300
1	1563	6717	300,30777
0	1563	31975	300,30777,6717
1	1563	28696	300,30777,6717
1	1563	1805	300,30777,6717,28696
0	1563	2337	300,30777,6717,28696,1805
1	1563	7371	300,30777,6717,28696,1805
1	1563	26875	300,30777,6717,28696,1805,7371
1	1563	31834	300,30777,6717,28696,1805,7371,26875
1	1563	33134	300,30777,6717,28696,1805,7371,26875,31834
1	1563	6248	300,30777,6717,28696,1805,7371,26875,31834,33134
0	1563	31000	300,30777,6717,28696,1805,7371,26875,31834,33134,6248
0	1563	1344	300,30777,6717,28696,1805,7371,26875,31834,33134,6248
1	1563	6083	300,30777,6717,28696,1805,7371,26875,31834,33134,6248
1	1563	10049	300,30777,6717,28696,1805,7371,26875,31834,33134,6248,6083
1	1563	13096	300,30777,6717,28696,1805,7371,26875,31834,33134,6248,6083,10049
1	1563	3710	300,30777,6717,28696,1805,7371,26875,31834,33134,6248,6083,10049,13096
0	1563	12055	300,30777,6717,28696,1805,7371,26875,31834,33134,6248,6083,10049,13096,3710
1	1563	17486	300,30777,6717,28696,1805,7371,26875,31834,33134,6248,6083,10049,13096,3710
1	1563	13307	300,30777,6717,28696,1805,7371,26875,31834,33134,6248,6083,10049,13096,3710,17486
0	1563	17174	300,30777,6717,28696,1805,7371,26875,31834,33134,6248,6083,10049,13096,3710,17486,13307
1	1563	2386	300,30777,6717,28696,1805,7371,26875,31834,33134,6248,6083,10049,13096,3710,17486,13307
0	1563	7638	300,30777,6717,28696,1805,7371,26875,31834,33134,6248,6083,10049,13096,3710,17486,13307,2386
0	1563	18051	300,30777,6717,28696,1805,7371,26875,31834,33134,6248,6083,10049,13096,3710,17486,13307,2386
1	1563	7739	300,30777,6717,28696,1805,7371,26875,31834,33134,6248,6083,10049,13096,3710,17486,13307,2386
1	1563	11420	300,30777,6717,28696,1805,7371,26875,31834,33134,6248,6083,10049,13096,3710,17486,13307,2386,7739
1	1563	13924	300,30777,6717,28696,1805,7371,26875,31834,33134,6248,6083,10049,13096,3710,17486,13307,2386,7739,11420
1	1563	15384	300,30777,6717,28696,1805,7371,26875,31834,33134,6248,6083,10049,13096,3710,17486,13307,2386,7739,11420,13924
0	1563	15461	300,30777,6717,28696,1805,7371,26875,31834,33134,6248,6083,10049,13096,3710,17486,13307,2386,7739,11420,13924,15384
1	1563	17727	300,30777,6717,28696,1805,7371,26875,31834,33134,6248,6083,10049,13096,3710,17486,13307,2386,7739,11420,13924,15384
0	1563	16865	300,30777,6717,28696,1805,7371,26875,31834,33134,6248,6083,10049,13096,3710,17486,13307,2386,7739,11420,13924,15384,17727
1	1563	4195	300,30777,6717,28696,1805,7371,26875,31834,33134,6248,6083,10049,13096,3710,17486,13307,2386,7739,11420,13924,15384,17727
0	1563	8610	300,30777,6717,28696,1805,7371,26875,31834,33134,6248,6083,10049,13096,3710,17486,13307,2386,7739,11420,13924,15384,17727,4195
1	1563	31669	300,30777,6717,28696,1805,7371,26875,31834,33134,6248,6083,10049,13096,3710,17486,13307,2386,7739,11420,13924,15384,17727,4195
1	1563	4058	300,30777,6717,28696,1805,7371,26875,31834,33134,6248,6083,10049,13096,3710,17486,13307,2386,7739,11420,13924,15384,17727,4195,31669
0	1563	20766	300,30777,6717,28696,1805,7371,26875,31834,33134,6248,6083,10049,13096,3710,17486,13307,2386,7739,11420,13924,15384,17727,4195,31669,4058
1	1563	1430	300,30777,6717,28696,1805,7371,26875,31834,33134,6248,6083,10049,13096,3710,17486,13307,2386,7739,11420,13924,15384,17727,4195,31669,4058
1	1563	16885	300,30777,6717,28696,1805,7371,26875,31834,33134,6248,6083,10049,13096,3710,17486,13307,2386,7739,11420,13924,15384,17727,4195,31669,4058,1430
1	1563	7993	300,30777,6717,28696,1805,7371,26875,31834,33134,6248,6083,10049,13096,3710,17486,13307,2386,7739,11420,13924,15384,17727,4195,31669,4058,1430,16885
0	1563	17484	300,30777,6717,28696,1805,7371,26875,31834,33134,6248,6083,10049,13096,3710,17486,13307,2386,7739,11420,13924,15384,17727,4195,31669,4058,1430,16885,7993
1	1563	9950	300,30777,6717,28696,1805,7371,26875,31834,33134,6248,6083,10049,13096,3710,17486,13307,2386,7739,11420,13924,15384,17727,4195,31669,4058,1430,16885,7993
0	1563	20642	300,30777,6717,28696,1805,7371,26875,31834,33134,6248,6083,10049,13096,3710,17486,13307,2386,7739,11420,13924,15384,17727,4195,31669,4058,1430,16885,7993,9950
0	1563	31030	300,30777,6717,28696,1805,7371,26875,31834,33134,6248,6083,10049,13096,3710,17486,13307,2386,7739,11420,13924,15384,17727,4195,31669,4058,1430,16885,7993,9950
0	1563	2365	300,30777,6717,28696,1805,7371,26875,31834,33134,6248,6083,10049,13096,3710,17486,13307,2386,7739,11420,13924,15384,17727,4195,31669,4058,1430,16885,7993,9950
1	1563	22389	300,30777,6717,28696,1805,7371,26875,31834,33134,6248,6083,10049,13096,3710,17486,13307,2386,7739,11420,13924,15384,17727,4195,31669,4058,1430,16885,7993,9950
1	1563	14504	300,30777,6717,28696,1805,7371,26875,31834,33134,6248,6083,10049,13096,3710,17486,13307,2386,7739,11420,13924,15384,17727,4195,31669,4058,1430,16885,7993,9950,22389
1	1563	12668	300,30777,6717,28696,1805,7371,26875,31834,33134,6248,6083,10049,13096,3710,17486,13307,2386,7739,11420,13924,15384,17727,4195,31669,4058,1430,16885,7993,9950,22389,14504
1	1563	20334	300,30777,6717,28696,1805,7371,26875,31834,33134,6248,6083,10049,13096,3710,17486,13307,2386,7739,11420,13924,15384,17727,4195,31669,4058,1430,16885,7993,9950,22389,14504,12668
1	1563	26443	300,30777,6717,28696,1805,7371,26875,31834,33134,6248,6083,10049,13096,3710,17486,13307,2386,7739,11420,13924,15384,17727,4195,31669,4058,1430,16885,7993,9950,22389,14504,12668,20334
0	1563	19812	300,30777,6717,28696,1805,7371,26875,31834,33134,6248,6083,10049,13096,3710,17486,13307,2386,7739,11420,13924,15384,17727,4195,31669,4058,1430,16885,7993,9950,22389,14504,12668,20334,26443
1	1563	20266	300,30777,6717,28696,1805,7371,26875,31834,33134,6248,6083,10049,13096,3710,17486,13307,2386,7739,11420,13924,15384,17727,4195,31669,4058,1430,16885,7993,9950,22389,14504,12668,20334,26443
1	1563	3151	300,30777,6717,28696,1805,7371,26875,31834,33134,6248,6083,10049,13096,3710,17486,13307,2386,7739,11420,13924,15384,17727,4195,31669,4058,1430,16885,7993,9950,22389,14504,12668,20334,26443,20266
0	1563	17969	300,30777,6717,28696,1805,7371,26875,31834,33134,6248,6083,10049,13096,3710,17486,13307,2386,7739,11420,13924,15384,17727,4195,31669,4058,1430,16885,7993,9950,22389,14504,12668,20334,26443,20266,3151
0	1563	12535	300,30777,6717,28696,1805,7371,26875,31834,33134,6248,6083,10049,13096,3710,17486,13307,2386,7739,11420,13924,15384,17727,4195,31669,4058,1430,16885,7993,9950,22389,14504,12668,20334,26443,20266,3151
