0	520	29238	0
1	520	32006	0
1	520	690	32006
0	520	8774	32006,690
1	520	15328	32006,690
1	520	30976	32006,690,15328
1	520	32920	32006,690,15328,30976
1	520	33030	32006,690,15328,30976,32920
1	520	2051	32006,690,15328,30976,32920,33030
1	520	6802	32006,690,15328,30976,32920,33030,2051
0	520	29233	32006,690,15328,30976,32920,33030,2051,6802
1	520	13065	32006,690,15328,30976,32920,33030,2051,6802
1	520	1136	32006,690,15328,30976,32920,33030,2051,6802,13065
1	520	7648	32006,690,15328,30976,32920,33030,2051,6802,13065,1136
1	520	32591	32006,690,15328,30976,32920,33030,2051,6802,13065,1136,7648
1	520	10740	32006,690,15328,30976,32920,33030,2051,6802,13065,1136,7648,32591
1	520	513	32006,690,15328,30976,32920,33030,2051,6802,13065,1136,7648,32591,10740
1	520	1515	32006,690,15328,30976,32920,33030,2051,6802,13065,1136,7648,32591,10740,513
1	520	6897	32006,690,15328,30976,32920,33030,2051,6802,13065,1136,7648,32591,10740,513,1515
1	520	10505	32006,690,15328,30976,32920,33030,2051,6802,13065,1136,7648,32591,10740,513,1515,6897
1	520	10262	32006,690,15328,30976,32920,33030,2051,6802,13065,1136,7648,32591,10740,513,1515,6897,10505
1	520	23469	32006,690,15328,30976,32920,33030,2051,6802,13065,1136,7648,32591,10740,513,1515,6897,10505,10262
0	520	18676	32006,690,15328,30976,32920,33030,2051,6802,13065,1136,7648,32591,10740,513,1515,6897,10505,10262,23469
1	520	6253	32006,690,15328,30976,32920,33030,2051,6802,13065,1136,7648,32591,10740,513,1515,6897,10505,10262,23469
1	520	10995	32006,690,15328,30976,32920,33030,2051,6802,13065,1136,7648,32591,10740,513,1515,6897,10505,10262,23469,6253
1	520	1173	32006,690,15328,30976,32920,33030,2051,6802,13065,1136,7648,32591,10740,513,1515,6897,10505,10262,23469,6253,10995
1	520	8671	32006,690,15328,30976,32920,33030,2051,6802,13065,1136,7648,32591,10740,513,1515,6897,10505,10262,23469,6253,10995,1173
1	520	8776	32006,690,15328,30976,32920,33030,2051,6802,13065,1136,7648,32591,10740,513,1515,6897,10505,10262,23469,6253,10995,1173,8671
1	520	20046	32006,690,15328,30976,32920,33030,2051,6802,13065,1136,7648,32591,10740,513,1515,6897,10505,10262,23469,6253,10995,1173,8671,8776
