1	240	3070	0
0	240	2425	3070
1	240	5342	3070
1	240	5215	3070,5342
1	240	7139	3070,5342,5215
1	240	6325	3070,5342,5215,7139
0	240	7490	3070,5342,5215,7139,6325
1	240	6993	3070,5342,5215,7139,6325
1	240	8942	3070,5342,5215,7139,6325,6993
0	240	9255	3070,5342,5215,7139,6325,6993,8942
1	240	7206	3070,5342,5215,7139,6325,6993,8942
1	240	8674	3070,5342,5215,7139,6325,6993,8942,7206
1	240	10052	3070,5342,5215,7139,6325,6993,8942,7206,8674
1	240	10377	3070,5342,5215,7139,6325,6993,8942,7206,8674,10052
1	240	9462	3070,5342,5215,7139,6325,6993,8942,7206,8674,10052,10377
1	240	9723	3070,5342,5215,7139,6325,6993,8942,7206,8674,10052,10377,9462
0	240	9986	3070,5342,5215,7139,6325,6993,8942,7206,8674,10052,10377,9462,9723
0	240	8659	3070,5342,5215,7139,6325,6993,8942,7206,8674,10052,10377,9462,9723
0	240	14121	3070,5342,5215,7139,6325,6993,8942,7206,8674,10052,10377,9462,9723
0	240	13743	3070,5342,5215,7139,6325,6993,8942,7206,8674,10052,10377,9462,9723
1	240	15324	3070,5342,5215,7139,6325,6993,8942,7206,8674,10052,10377,9462,9723
1	240	17386	3070,5342,5215,7139,6325,6993,8942,7206,8674,10052,10377,9462,9723,15324
0	240	17130	3070,5342,5215,7139,6325,6993,8942,7206,8674,10052,10377,9462,9723,15324,17386
1	240	17022	3070,5342,5215,7139,6325,6993,8942,7206,8674,10052,10377,9462,9723,15324,17386
1	240	18353	3070,5342,5215,7139,6325,6993,8942,7206,8674,10052,10377,9462,9723,15324,17386,17022
0	240	18903	3070,5342,5215,7139,6325,6993,8942,7206,8674,10052,10377,9462,9723,15324,17386,17022,18353
0	240	17462	3070,5342,5215,7139,6325,6993,8942,7206,8674,10052,10377,9462,9723,15324,17386,17022,18353
0	240	19773	3070,5342,5215,7139,6325,6993,8942,7206,8674,10052,10377,9462,9723,15324,17386,17022,18353
1	240	5323	3070,5342,5215,7139,6325,6993,8942,7206,8674,10052,10377,9462,9723,15324,17386,17022,18353
1	240	23453	3070,5342,5215,7139,6325,6993,8942,7206,8674,10052,10377,9462,9723,15324,17386,17022,18353,5323
0	240	25418	3070,5342,5215,7139,6325,6993,8942,7206,8674,10052,10377,9462,9723,15324,17386,17022,18353,5323,23453
0	240	25891	3070,5342,5215,7139,6325,6993,8942,7206,8674,10052,10377,9462,9723,15324,17386,17022,18353,5323,23453
1	240	26671	3070,5342,5215,7139,6325,6993,8942,7206,8674,10052,10377,9462,9723,15324,17386,17022,18353,5323,23453
1	240	21815	3070,5342,5215,7139,6325,6993,8942,7206,8674,10052,10377,9462,9723,15324,17386,17022,18353,5323,23453,26671
1	240	28530	3070,5342,5215,7139,6325,6993,8942,7206,8674,10052,10377,9462,9723,15324,17386,17022,18353,5323,23453,26671,21815
0	240	26781	3070,5342,5215,7139,6325,6993,8942,7206,8674,10052,10377,9462,9723,15324,17386,17022,18353,5323,23453,26671,21815,28530
0	240	29274	3070,5342,5215,7139,6325,6993,8942,7206,8674,10052,10377,9462,9723,15324,17386,17022,18353,5323,23453,26671,21815,28530
