1	1048	24933	0
1	1048	31203	24933
1	1048	32313	24933,31203
1	1048	6682	24933,31203,32313
1	1048	540	24933,31203,32313,6682
1	1048	1694	24933,31203,32313,6682,540
0	1048	913	24933,31203,32313,6682,540,1694
1	1048	32862	24933,31203,32313,6682,540,1694
1	1048	15587	24933,31203,32313,6682,540,1694,32862
1	1048	32440	24933,31203,32313,6682,540,1694,32862,15587
1	1048	5484	24933,31203,32313,6682,540,1694,32862,15587,32440
0	1048	3485	24933,31203,32313,6682,540,1694,32862,15587,32440,5484
1	1048	1766	24933,31203,32313,6682,540,1694,32862,15587,32440,5484
1	1048	5831	24933,31203,32313,6682,540,1694,32862,15587,32440,5484,1766
1	1048	5108	24933,31203,32313,6682,540,1694,32862,15587,32440,5484,1766,5831
1	1048	114	24933,31203,32313,6682,540,1694,32862,15587,32440,5484,1766,5831,5108
0	1048	3884	24933,31203,32313,6682,540,1694,32862,15587,32440,5484,1766,5831,5108,114
1	1048	9338	24933,31203,32313,6682,540,1694,32862,15587,32440,5484,1766,5831,5108,114
0	1048	4558	24933,31203,32313,6682,540,1694,32862,15587,32440,5484,1766,5831,5108,114,9338
1	1048	31870	24933,31203,32313,6682,540,1694,32862,15587,32440,5484,1766,5831,5108,114,9338
0	1048	3823	24933,31203,32313,6682,540,1694,32862,15587,32440,5484,1766,5831,5108,114,9338,31870
1	1048	5816	24933,31203,32313,6682,540,1694,32862,15587,32440,5484,1766,5831,5108,114,9338,31870
1	1048	14469	24933,31203,32313,6682,540,1694,32862,15587,32440,5484,1766,5831,5108,114,9338,31870,5816
0	1048	28460	24933,31203,32313,6682,540,1694,32862,15587,32440,5484,1766,5831,5108,114,9338,31870,5816,14469
1	1048	4935	24933,31203,32313,6682,540,1694,32862,15587,32440,5484,1766,5831,5108,114,9338,31870,5816,14469
1	1048	16927	24933,31203,32313,6682,540,1694,32862,15587,32440,5484,1766,5831,5108,114,9338,31870,5816,14469,4935
0	1048	7693	24933,31203,32313,6682,540,1694,32862,15587,32440,5484,1766,5831,5108,114,9338,31870,5816,14469,4935,16927
1	1048	19064	24933,31203,32313,6682,540,1694,32862,15587,32440,5484,1766,5831,5108,114,9338,31870,5816,14469,4935,16927
1	1048	7110	24933,31203,32313,6682,540,1694,32862,15587,32440,5484,1766,5831,5108,114,9338,31870,5816,14469,4935,16927,19064
0	1048	15448	24933,31203,32313,6682,540,1694,32862,15587,32440,5484,1766,5831,5108,114,9338,31870,5816,14469,4935,16927,19064,7110
1	1048	17382	24933,31203,32313,6682,540,1694,32862,15587,32440,5484,1766,5831,5108,114,9338,31870,5816,14469,4935,16927,19064,7110
1	1048	1390	24933,31203,32313,6682,540,1694,32862,15587,32440,5484,1766,5831,5108,114,9338,31870,5816,14469,4935,16927,19064,7110,17382
1	1048	9902	24933,31203,32313,6682,540,1694,32862,15587,32440,5484,1766,5831,5108,114,9338,31870,5816,14469,4935,16927,19064,7110,17382,1390
0	1048	16881	24933,31203,32313,6682,540,1694,32862,15587,32440,5484,1766,5831,5108,114,9338,31870,5816,14469,4935,16927,19064,7110,17382,1390,9902
1	1048	12446	24933,31203,32313,6682,540,1694,32862,15587,32440,5484,1766,5831,5108,114,9338,31870,5816,14469,4935,16927,19064,7110,17382,1390,9902
1	1048	9702	24933,31203,32313,6682,540,1694,32862,15587,32440,5484,1766,5831,5108,114,9338,31870,5816,14469,4935,16927,19064,7110,17382,1390,9902,12446
1	1048	22804	24933,31203,32313,6682,540,1694,32862,15587,32440,5484,1766,5831,5108,114,9338,31870,5816,14469,4935,16927,19064,7110,17382,1390,9902,12446,9702
1	1048	23453	24933,31203,32313,6682,540,1694,32862,15587,32440,5484,1766,5831,5108,114,9338,31870,5816,14469,4935,16927,19064,7110,17382,1390,9902,12446,9702,22804
1	1048	24219	24933,31203,32313,6682,540,1694,32862,15587,32440,5484,1766,5831,5108,114,9338,31870,5816,14469,4935,16927,19064,7110,17382,1390,9902,12446,9702,22804,23453
0	1048	16449	24933,31203,32313,6682,540,1694,32862,15587,32440,5484,1766,5831,5108,114,9338,31870,5816,14469,4935,16927,19064,7110,17382,1390,9902,12446,9702,22804,23453,24219
0	1048	25277	24933,31203,32313,6682,540,1694,32862,15587,32440,5484,1766,5831,5108,114,9338,31870,5816,14469,4935,16927,19064,7110,17382,1390,9902,12446,9702,22804,23453,24219
0	1048	23599	24933,31203,32313,6682,540,1694,32862,15587,32440,5484,1766,5831,5108,114,9338,31870,5816,14469,4935,16927,19064,7110,17382,1390,9902,12446,9702,22804,23453,24219
1	1048	20336	24933,31203,32313,6682,540,1694,32862,15587,32440,5484,1766,5831,5108,114,9338,31870,5816,14469,4935,16927,19064,7110,17382,1390,9902,12446,9702,22804,23453,24219
0	1048	17657	24933,31203,32313,6682,540,1694,32862,15587,32440,5484,1766,5831,5108,114,9338,31870,5816,14469,4935,16927,19064,7110,17382,1390,9902,12446,9702,22804,23453,24219,20336
1	1048	23389	24933,31203,32313,6682,540,1694,32862,15587,32440,5484,1766,5831,5108,114,9338,31870,5816,14469,4935,16927,19064,7110,17382,1390,9902,12446,9702,22804,23453,24219,20336
1	1048	20828	24933,31203,32313,6682,540,1694,32862,15587,32440,5484,1766,5831,5108,114,9338,31870,5816,14469,4935,16927,19064,7110,17382,1390,9902,12446,9702,22804,23453,24219,20336,23389
1	1048	31622	24933,31203,32313,6682,540,1694,32862,15587,32440,5484,1766,5831,5108,114,9338,31870,5816,14469,4935,16927,19064,7110,17382,1390,9902,12446,9702,22804,23453,24219,20336,23389,20828
1	1048	19933	24933,31203,32313,6682,540,1694,32862,15587,32440,5484,1766,5831,5108,114,9338,31870,5816,14469,4935,16927,19064,7110,17382,1390,9902,12446,9702,22804,23453,24219,20336,23389,20828,31622
0	1048	27377	24933,31203,32313,6682,540,1694,32862,15587,32440,5484,1766,5831,5108,114,9338,31870,5816,14469,4935,16927,19064,7110,17382,1390,9902,12446,9702,22804,23453,24219,20336,23389,20828,31622,19933
0	1048	28924	24933,31203,32313,6682,540,1694,32862,15587,32440,5484,1766,5831,5108,114,9338,31870,5816,14469,4935,16927,19064,7110,17382,1390,9902,12446,9702,22804,23453,24219,20336,23389,20828,31622,19933
1	1048	28768	24933,31203,32313,6682,540,1694,32862,15587,32440,5484,1766,5831,5108,114,9338,31870,5816,14469,4935,16927,19064,7110,17382,1390,9902,12446,9702,22804,23453,24219,20336,23389,20828,31622,19933
