0	1438	360	0
0	1438	2338	0
0	1438	25999	0
0	1438	30935	0
0	1438	31223	0
0	1438	8363	0
1	1438	5337	0
1	1438	10610	5337
1	1438	13665	5337,10610
1	1438	10923	5337,10610,13665
0	1438	11702	5337,10610,13665,10923
0	1438	12273	5337,10610,13665,10923
1	1438	3092	5337,10610,13665,10923
0	1438	15878	5337,10610,13665,10923,3092
0	1438	6217	5337,10610,13665,10923,3092
1	1438	10864	5337,10610,13665,10923,3092
1	1438	11707	5337,10610,13665,10923,3092,10864
0	1438	20994	5337,10610,13665,10923,3092,10864,11707
1	1438	17347	5337,10610,13665,10923,3092,10864,11707
1	1438	31365	5337,10610,13665,10923,3092,10864,11707,17347
1	1438	3520	5337,10610,13665,10923,3092,10864,11707,17347,31365
1	1438	6131	5337,10610,13665,10923,3092,10864,11707,17347,31365,3520
1	1438	8607	5337,10610,13665,10923,3092,10864,11707,17347,31365,3520,6131
1	1438	8807	5337,10610,13665,10923,3092,10864,11707,17347,31365,3520,6131,8607
0	1438	9238	5337,10610,13665,10923,3092,10864,11707,17347,31365,3520,6131,8607,8807
1	1438	11990	5337,10610,13665,10923,3092,10864,11707,17347,31365,3520,6131,8607,8807
1	1438	13820	5337,10610,13665,10923,3092,10864,11707,17347,31365,3520,6131,8607,8807,11990
1	1438	14111	5337,10610,13665,10923,3092,10864,11707,17347,31365,3520,6131,8607,8807,11990,13820
1	1438	16293	5337,10610,13665,10923,3092,10864,11707,17347,31365,3520,6131,8607,8807,11990,13820,14111
1	1438	18405	5337,10610,13665,10923,3092,10864,11707,17347,31365,3520,6131,8607,8807,11990,13820,14111,16293
1	1438	22372	5337,10610,13665,10923,3092,10864,11707,17347,31365,3520,6131,8607,8807,11990,13820,14111,16293,18405
0	1438	1721	5337,10610,13665,10923,3092,10864,11707,17347,31365,3520,6131,8607,8807,11990,13820,14111,16293,18405,22372
1	1438	1794	5337,10610,13665,10923,3092,10864,11707,17347,31365,3520,6131,8607,8807,11990,13820,14111,16293,18405,22372
0	1438	8049	5337,10610,13665,10923,3092,10864,11707,17347,31365,3520,6131,8607,8807,11990,13820,14111,16293,18405,22372,1794
1	1438	9917	5337,10610,13665,10923,3092,10864,11707,17347,31365,3520,6131,8607,8807,11990,13820,14111,16293,18405,22372,1794
0	1438	18102	5337,10610,13665,10923,3092,10864,11707,17347,31365,3520,6131,8607,8807,11990,13820,14111,16293,18405,22372,1794,9917
1	1438	20754	5337,10610,13665,10923,3092,10864,11707,17347,31365,3520,6131,8607,8807,11990,13820,14111,16293,18405,22372,1794,9917
1	1438	22729	5337,10610,13665,10923,3092,10864,11707,17347,31365,3520,6131,8607,8807,11990,13820,14111,16293,18405,22372,1794,9917,20754
0	1438	24337	5337,10610,13665,10923,3092,10864,11707,17347,31365,3520,6131,8607,8807,11990,13820,14111,16293,18405,22372,1794,9917,20754,22729
0	1438	25297	5337,10610,13665,10923,3092,10864,11707,17347,31365,3520,6131,8607,8807,11990,13820,14111,16293,18405,22372,1794,9917,20754,22729
1	1438	26032	5337,10610,13665,10923,3092,10864,11707,17347,31365,3520,6131,8607,8807,11990,13820,14111,16293,18405,22372,1794,9917,20754,22729
0	1438	24968	5337,10610,13665,10923,3092,10864,11707,17347,31365,3520,6131,8607,8807,11990,13820,14111,16293,18405,22372,1794,9917,20754,22729,26032
0	1438	22920	5337,10610,13665,10923,3092,10864,11707,17347,31365,3520,6131,8607,8807,11990,13820,14111,16293,18405,22372,1794,9917,20754,22729,26032
0	1438	24045	5337,10610,13665,10923,3092,10864,11707,17347,31365,3520,6131,8607,8807,11990,13820,14111,16293,18405,22372,1794,9917,20754,22729,26032
