1	235	16902	0
0	235	28773	16902
1	235	6400	16902
1	235	238	16902,6400
0	235	9980	16902,6400,238
1	235	30404	16902,6400,238
1	235	3087	16902,6400,238,30404
1	235	8386	16902,6400,238,30404,3087
1	235	8941	16902,6400,238,30404,3087,8386
0	235	9894	16902,6400,238,30404,3087,8386,8941
0	235	9148	16902,6400,238,30404,3087,8386,8941
1	235	4970	16902,6400,238,30404,3087,8386,8941
0	235	6331	16902,6400,238,30404,3087,8386,8941,4970
1	235	14244	16902,6400,238,30404,3087,8386,8941,4970
0	235	14181	16902,6400,238,30404,3087,8386,8941,4970,14244
1	235	15222	16902,6400,238,30404,3087,8386,8941,4970,14244
1	235	15211	16902,6400,238,30404,3087,8386,8941,4970,14244,15222
1	235	15337	16902,6400,238,30404,3087,8386,8941,4970,14244,15222,15211
0	235	10733	16902,6400,238,30404,3087,8386,8941,4970,14244,15222,15211,15337
1	235	17386	16902,6400,238,30404,3087,8386,8941,4970,14244,15222,15211,15337
0	235	16582	16902,6400,238,30404,3087,8386,8941,4970,14244,15222,15211,15337,17386
0	235	15216	16902,6400,238,30404,3087,8386,8941,4970,14244,15222,15211,15337,17386
0	235	17260	16902,6400,238,30404,3087,8386,8941,4970,14244,15222,15211,15337,17386
0	235	10092	16902,6400,238,30404,3087,8386,8941,4970,14244,15222,15211,15337,17386
0	235	18196	16902,6400,238,30404,3087,8386,8941,4970,14244,15222,15211,15337,17386
1	235	18622	16902,6400,238,30404,3087,8386,8941,4970,14244,15222,15211,15337,17386
1	235	12897	16902,6400,238,30404,3087,8386,8941,4970,14244,15222,15211,15337,17386,18622
1	235	15759	16902,6400,238,30404,3087,8386,8941,4970,14244,15222,15211,15337,17386,18622,12897
0	235	8957	16902,6400,238,30404,3087,8386,8941,4970,14244,15222,15211,15337,17386,18622,12897,15759
0	235	16544	16902,6400,238,30404,3087,8386,8941,4970,14244,15222,15211,15337,17386,18622,12897,15759
1	235	14429	16902,6400,238,30404,3087,8386,8941,4970,14244,15222,15211,15337,17386,18622,12897,15759
0	235	18295	16902,6400,238,30404,3087,8386,8941,4970,14244,15222,15211,15337,17386,18622,12897,15759,14429
0	235	19670	16902,6400,238,30404,3087,8386,8941,4970,14244,15222,15211,15337,17386,18622,12897,15759,14429
0	235	17657	16902,6400,238,30404,3087,8386,8941,4970,14244,15222,15211,15337,17386,18622,12897,15759,14429
0	235	14285	16902,6400,238,30404,3087,8386,8941,4970,14244,15222,15211,15337,17386,18622,12897,15759,14429
0	235	15650	16902,6400,238,30404,3087,8386,8941,4970,14244,15222,15211,15337,17386,18622,12897,15759,14429
0	235	19377	16902,6400,238,30404,3087,8386,8941,4970,14244,15222,15211,15337,17386,18622,12897,15759,14429
0	235	18792	16902,6400,238,30404,3087,8386,8941,4970,14244,15222,15211,15337,17386,18622,12897,15759,14429
1	235	19447	16902,6400,238,30404,3087,8386,8941,4970,14244,15222,15211,15337,17386,18622,12897,15759,14429
1	235	13752	16902,6400,238,30404,3087,8386,8941,4970,14244,15222,15211,15337,17386,18622,12897,15759,14429,19447
0	235	15095	16902,6400,238,30404,3087,8386,8941,4970,14244,15222,15211,15337,17386,18622,12897,15759,14429,19447,13752
1	235	23449	16902,6400,238,30404,3087,8386,8941,4970,14244,15222,15211,15337,17386,18622,12897,15759,14429,19447,13752
0	235	12663	16902,6400,238,30404,3087,8386,8941,4970,14244,15222,15211,15337,17386,18622,12897,15759,14429,19447,13752,23449
0	235	22399	16902,6400,238,30404,3087,8386,8941,4970,14244,15222,15211,15337,17386,18622,12897,15759,14429,19447,13752,23449
1	235	22593	16902,6400,238,30404,3087,8386,8941,4970,14244,15222,15211,15337,17386,18622,12897,15759,14429,19447,13752,23449
0	235	21063	16902,6400,238,30404,3087,8386,8941,4970,14244,15222,15211,15337,17386,18622,12897,15759,14429,19447,13752,23449,22593
1	235	22227	16902,6400,238,30404,3087,8386,8941,4970,14244,15222,15211,15337,17386,18622,12897,15759,14429,19447,13752,23449,22593
0	235	21165	16902,6400,238,30404,3087,8386,8941,4970,14244,15222,15211,15337,17386,18622,12897,15759,14429,19447,13752,23449,22593,22227
0	235	25414	16902,6400,238,30404,3087,8386,8941,4970,14244,15222,15211,15337,17386,18622,12897,15759,14429,19447,13752,23449,22593,22227
1	235	23760	16902,6400,238,30404,3087,8386,8941,4970,14244,15222,15211,15337,17386,18622,12897,15759,14429,19447,13752,23449,22593,22227
1	235	25406	16902,6400,238,30404,3087,8386,8941,4970,14244,15222,15211,15337,17386,18622,12897,15759,14429,19447,13752,23449,22593,22227,23760
0	235	26749	16902,6400,238,30404,3087,8386,8941,4970,14244,15222,15211,15337,17386,18622,12897,15759,14429,19447,13752,23449,22593,22227,23760,25406
0	235	27435	16902,6400,238,30404,3087,8386,8941,4970,14244,15222,15211,15337,17386,18622,12897,15759,14429,19447,13752,23449,22593,22227,23760,25406
1	235	25218	16902,6400,238,30404,3087,8386,8941,4970,14244,15222,15211,15337,17386,18622,12897,15759,14429,19447,13752,23449,22593,22227,23760,25406
1	235	25367	16902,6400,238,30404,3087,8386,8941,4970,14244,15222,15211,15337,17386,18622,12897,15759,14429,19447,13752,23449,22593,22227,23760,25406,25218
1	235	21069	16902,6400,238,30404,3087,8386,8941,4970,14244,15222,15211,15337,17386,18622,12897,15759,14429,19447,13752,23449,22593,22227,23760,25406,25218,25367
1	235	3869	16902,6400,238,30404,3087,8386,8941,4970,14244,15222,15211,15337,17386,18622,12897,15759,14429,19447,13752,23449,22593,22227,23760,25406,25218,25367,21069
0	235	27999	16902,6400,238,30404,3087,8386,8941,4970,14244,15222,15211,15337,17386,18622,12897,15759,14429,19447,13752,23449,22593,22227,23760,25406,25218,25367,21069,3869
1	235	17570	16902,6400,238,30404,3087,8386,8941,4970,14244,15222,15211,15337,17386,18622,12897,15759,14429,19447,13752,23449,22593,22227,23760,25406,25218,25367,21069,3869
0	235	24631	16902,6400,238,30404,3087,8386,8941,4970,14244,15222,15211,15337,17386,18622,12897,15759,14429,19447,13752,23449,22593,22227,23760,25406,25218,25367,21069,3869,17570
1	235	28178	16902,6400,238,30404,3087,8386,8941,4970,14244,15222,15211,15337,17386,18622,12897,15759,14429,19447,13752,23449,22593,22227,23760,25406,25218,25367,21069,3869,17570
0	235	28424	16902,6400,238,30404,3087,8386,8941,4970,14244,15222,15211,15337,17386,18622,12897,15759,14429,19447,13752,23449,22593,22227,23760,25406,25218,25367,21069,3869,17570,28178
1	235	24602	16902,6400,238,30404,3087,8386,8941,4970,14244,15222,15211,15337,17386,18622,12897,15759,14429,19447,13752,23449,22593,22227,23760,25406,25218,25367,21069,3869,17570,28178
