1	1839	32716	0
1	1839	31962	32716
1	1839	8487	32716,31962
1	1839	8724	32716,31962,8487
0	1839	8063	32716,31962,8487,8724
1	1839	12652	32716,31962,8487,8724
0	1839	11736	32716,31962,8487,8724,12652
0	1839	8575	32716,31962,8487,8724,12652
0	1839	11138	32716,31962,8487,8724,12652
0	1839	10736	32716,31962,8487,8724,12652
0	1839	13218	32716,31962,8487,8724,12652
0	1839	14308	32716,31962,8487,8724,12652
1	1839	14784	32716,31962,8487,8724,12652
0	1839	15030	32716,31962,8487,8724,12652,14784
0	1839	15219	32716,31962,8487,8724,12652,14784
0	1839	15221	32716,31962,8487,8724,12652,14784
0	1839	15944	32716,31962,8487,8724,12652,14784
1	1839	9705	32716,31962,8487,8724,12652,14784
1	1839	17807	32716,31962,8487,8724,12652,14784,9705
0	1839	20591	32716,31962,8487,8724,12652,14784,9705,17807
0	1839	20203	32716,31962,8487,8724,12652,14784,9705,17807
0	1839	17573	32716,31962,8487,8724,12652,14784,9705,17807
0	1839	21805	32716,31962,8487,8724,12652,14784,9705,17807
1	1839	23490	32716,31962,8487,8724,12652,14784,9705,17807
0	1839	22106	32716,31962,8487,8724,12652,14784,9705,17807,23490
0	1839	22228	32716,31962,8487,8724,12652,14784,9705,17807,23490
0	1839	22610	32716,31962,8487,8724,12652,14784,9705,17807,23490
0	1839	24181	32716,31962,8487,8724,12652,14784,9705,17807,23490
0	1839	18941	32716,31962,8487,8724,12652,14784,9705,17807,23490
0	1839	12972	32716,31962,8487,8724,12652,14784,9705,17807,23490
0	1839	23449	32716,31962,8487,8724,12652,14784,9705,17807,23490
1	1839	5163	32716,31962,8487,8724,12652,14784,9705,17807,23490
0	1839	15220	32716,31962,8487,8724,12652,14784,9705,17807,23490,5163
0	1839	21322	32716,31962,8487,8724,12652,14784,9705,17807,23490,5163
1	1839	27525	32716,31962,8487,8724,12652,14784,9705,17807,23490,5163
0	1839	25578	32716,31962,8487,8724,12652,14784,9705,17807,23490,5163,27525
0	1839	26976	32716,31962,8487,8724,12652,14784,9705,17807,23490,5163,27525
0	1839	28161	32716,31962,8487,8724,12652,14784,9705,17807,23490,5163,27525
1	1839	28642	32716,31962,8487,8724,12652,14784,9705,17807,23490,5163,27525
