1	84	5382	0
0	84	16324	5382
1	84	21521	5382
1	84	18341	5382,21521
1	84	32605	5382,21521,18341
1	84	17087	5382,21521,18341,32605
1	84	5578	5382,21521,18341,32605,17087
1	84	28447	5382,21521,18341,32605,17087,5578
0	84	10935	5382,21521,18341,32605,17087,5578,28447
0	84	4576	5382,21521,18341,32605,17087,5578,28447
1	84	10071	5382,21521,18341,32605,17087,5578,28447
0	84	15835	5382,21521,18341,32605,17087,5578,28447,10071
0	84	17168	5382,21521,18341,32605,17087,5578,28447,10071
1	84	4027	5382,21521,18341,32605,17087,5578,28447,10071
1	84	3370	5382,21521,18341,32605,17087,5578,28447,10071,4027
1	84	1864	5382,21521,18341,32605,17087,5578,28447,10071,4027,3370
1	84	18819	5382,21521,18341,32605,17087,5578,28447,10071,4027,3370,1864
1	84	19418	5382,21521,18341,32605,17087,5578,28447,10071,4027,3370,1864,18819
1	84	24196	5382,21521,18341,32605,17087,5578,28447,10071,4027,3370,1864,18819,19418
1	84	24727	5382,21521,18341,32605,17087,5578,28447,10071,4027,3370,1864,18819,19418,24196
1	84	21830	5382,21521,18341,32605,17087,5578,28447,10071,4027,3370,1864,18819,19418,24196,24727
1	84	21039	5382,21521,18341,32605,17087,5578,28447,10071,4027,3370,1864,18819,19418,24196,24727,21830
1	84	24789	5382,21521,18341,32605,17087,5578,28447,10071,4027,3370,1864,18819,19418,24196,24727,21830,21039
1	84	5547	5382,21521,18341,32605,17087,5578,28447,10071,4027,3370,1864,18819,19418,24196,24727,21830,21039,24789
1	84	18951	5382,21521,18341,32605,17087,5578,28447,10071,4027,3370,1864,18819,19418,24196,24727,21830,21039,24789,5547
1	84	25087	5382,21521,18341,32605,17087,5578,28447,10071,4027,3370,1864,18819,19418,24196,24727,21830,21039,24789,5547,18951
1	84	24799	5382,21521,18341,32605,17087,5578,28447,10071,4027,3370,1864,18819,19418,24196,24727,21830,21039,24789,5547,18951,25087
1	84	24199	5382,21521,18341,32605,17087,5578,28447,10071,4027,3370,1864,18819,19418,24196,24727,21830,21039,24789,5547,18951,25087,24799
1	84	25250	5382,21521,18341,32605,17087,5578,28447,10071,4027,3370,1864,18819,19418,24196,24727,21830,21039,24789,5547,18951,25087,24799,24199
0	84	24785	5382,21521,18341,32605,17087,5578,28447,10071,4027,3370,1864,18819,19418,24196,24727,21830,21039,24789,5547,18951,25087,24799,24199,25250
1	84	16426	5382,21521,18341,32605,17087,5578,28447,10071,4027,3370,1864,18819,19418,24196,24727,21830,21039,24789,5547,18951,25087,24799,24199,25250
1	84	25030	5382,21521,18341,32605,17087,5578,28447,10071,4027,3370,1864,18819,19418,24196,24727,21830,21039,24789,5547,18951,25087,24799,24199,25250,16426
1	84	24788	5382,21521,18341,32605,17087,5578,28447,10071,4027,3370,1864,18819,19418,24196,24727,21830,21039,24789,5547,18951,25087,24799,24199,25250,16426,25030
1	84	24731	5382,21521,18341,32605,17087,5578,28447,10071,4027,3370,1864,18819,19418,24196,24727,21830,21039,24789,5547,18951,25087,24799,24199,25250,16426,25030,24788
1	84	7747	5382,21521,18341,32605,17087,5578,28447,10071,4027,3370,1864,18819,19418,24196,24727,21830,21039,24789,5547,18951,25087,24799,24199,25250,16426,25030,24788,24731
1	84	2809	5382,21521,18341,32605,17087,5578,28447,10071,4027,3370,1864,18819,19418,24196,24727,21830,21039,24789,5547,18951,25087,24799,24199,25250,16426,25030,24788,24731,7747
1	84	29104	5382,21521,18341,32605,17087,5578,28447,10071,4027,3370,1864,18819,19418,24196,24727,21830,21039,24789,5547,18951,25087,24799,24199,25250,16426,25030,24788,24731,7747,2809
0	84	28881	5382,21521,18341,32605,17087,5578,28447,10071,4027,3370,1864,18819,19418,24196,24727,21830,21039,24789,5547,18951,25087,24799,24199,25250,16426,25030,24788,24731,7747,2809,29104
