1	1583	31344	0
0	1583	32774	31344
1	1583	1875	31344
0	1583	23018	31344,1875
1	1583	32196	31344,1875
0	1583	30971	31344,1875,32196
0	1583	7016	31344,1875,32196
0	1583	4874	31344,1875,32196
1	1583	5287	31344,1875,32196
0	1583	7501	31344,1875,32196,5287
1	1583	3524	31344,1875,32196,5287
0	1583	8960	31344,1875,32196,5287,3524
0	1583	10263	31344,1875,32196,5287,3524
1	1583	13026	31344,1875,32196,5287,3524
0	1583	12234	31344,1875,32196,5287,3524,13026
1	1583	13225	31344,1875,32196,5287,3524,13026
0	1583	8224	31344,1875,32196,5287,3524,13026,13225
1	1583	8575	31344,1875,32196,5287,3524,13026,13225
0	1583	11122	31344,1875,32196,5287,3524,13026,13225,8575
1	1583	10713	31344,1875,32196,5287,3524,13026,13225,8575
1	1583	15521	31344,1875,32196,5287,3524,13026,13225,8575,10713
1	1583	15899	31344,1875,32196,5287,3524,13026,13225,8575,10713,15521
1	1583	17131	31344,1875,32196,5287,3524,13026,13225,8575,10713,15521,15899
1	1583	16022	31344,1875,32196,5287,3524,13026,13225,8575,10713,15521,15899,17131
0	1583	14005	31344,1875,32196,5287,3524,13026,13225,8575,10713,15521,15899,17131,16022
1	1583	17168	31344,1875,32196,5287,3524,13026,13225,8575,10713,15521,15899,17131,16022
1	1583	15218	31344,1875,32196,5287,3524,13026,13225,8575,10713,15521,15899,17131,16022,17168
0	1583	18383	31344,1875,32196,5287,3524,13026,13225,8575,10713,15521,15899,17131,16022,17168,15218
0	1583	1947	31344,1875,32196,5287,3524,13026,13225,8575,10713,15521,15899,17131,16022,17168,15218
1	1583	19547	31344,1875,32196,5287,3524,13026,13225,8575,10713,15521,15899,17131,16022,17168,15218
1	1583	19612	31344,1875,32196,5287,3524,13026,13225,8575,10713,15521,15899,17131,16022,17168,15218,19547
1	1583	21633	31344,1875,32196,5287,3524,13026,13225,8575,10713,15521,15899,17131,16022,17168,15218,19547,19612
0	1583	21525	31344,1875,32196,5287,3524,13026,13225,8575,10713,15521,15899,17131,16022,17168,15218,19547,19612,21633
0	1583	21179	31344,1875,32196,5287,3524,13026,13225,8575,10713,15521,15899,17131,16022,17168,15218,19547,19612,21633
1	1583	17132	31344,1875,32196,5287,3524,13026,13225,8575,10713,15521,15899,17131,16022,17168,15218,19547,19612,21633
0	1583	22073	31344,1875,32196,5287,3524,13026,13225,8575,10713,15521,15899,17131,16022,17168,15218,19547,19612,21633,17132
0	1583	23447	31344,1875,32196,5287,3524,13026,13225,8575,10713,15521,15899,17131,16022,17168,15218,19547,19612,21633,17132
1	1583	15219	31344,1875,32196,5287,3524,13026,13225,8575,10713,15521,15899,17131,16022,17168,15218,19547,19612,21633,17132
1	1583	25463	31344,1875,32196,5287,3524,13026,13225,8575,10713,15521,15899,17131,16022,17168,15218,19547,19612,21633,17132,15219
0	1583	23718	31344,1875,32196,5287,3524,13026,13225,8575,10713,15521,15899,17131,16022,17168,15218,19547,19612,21633,17132,15219,25463
1	1583	20801	31344,1875,32196,5287,3524,13026,13225,8575,10713,15521,15899,17131,16022,17168,15218,19547,19612,21633,17132,15219,25463
1	1583	15221	31344,1875,32196,5287,3524,13026,13225,8575,10713,15521,15899,17131,16022,17168,15218,19547,19612,21633,17132,15219,25463,20801
1	1583	21109	31344,1875,32196,5287,3524,13026,13225,8575,10713,15521,15899,17131,16022,17168,15218,19547,19612,21633,17132,15219,25463,20801,15221
1	1583	25170	31344,1875,32196,5287,3524,13026,13225,8575,10713,15521,15899,17131,16022,17168,15218,19547,19612,21633,17132,15219,25463,20801,15221,21109
1	1583	24628	31344,1875,32196,5287,3524,13026,13225,8575,10713,15521,15899,17131,16022,17168,15218,19547,19612,21633,17132,15219,25463,20801,15221,21109,25170
0	1583	5210	31344,1875,32196,5287,3524,13026,13225,8575,10713,15521,15899,17131,16022,17168,15218,19547,19612,21633,17132,15219,25463,20801,15221,21109,25170,24628
1	1583	21405	31344,1875,32196,5287,3524,13026,13225,8575,10713,15521,15899,17131,16022,17168,15218,19547,19612,21633,17132,15219,25463,20801,15221,21109,25170,24628
1	1583	27585	31344,1875,32196,5287,3524,13026,13225,8575,10713,15521,15899,17131,16022,17168,15218,19547,19612,21633,17132,15219,25463,20801,15221,21109,25170,24628,21405
0	1583	27726	31344,1875,32196,5287,3524,13026,13225,8575,10713,15521,15899,17131,16022,17168,15218,19547,19612,21633,17132,15219,25463,20801,15221,21109,25170,24628,21405,27585
1	1583	16807	31344,1875,32196,5287,3524,13026,13225,8575,10713,15521,15899,17131,16022,17168,15218,19547,19612,21633,17132,15219,25463,20801,15221,21109,25170,24628,21405,27585
0	1583	27326	31344,1875,32196,5287,3524,13026,13225,8575,10713,15521,15899,17131,16022,17168,15218,19547,19612,21633,17132,15219,25463,20801,15221,21109,25170,24628,21405,27585,16807
0	1583	27865	31344,1875,32196,5287,3524,13026,13225,8575,10713,15521,15899,17131,16022,17168,15218,19547,19612,21633,17132,15219,25463,20801,15221,21109,25170,24628,21405,27585,16807
0	1583	10601	31344,1875,32196,5287,3524,13026,13225,8575,10713,15521,15899,17131,16022,17168,15218,19547,19612,21633,17132,15219,25463,20801,15221,21109,25170,24628,21405,27585,16807
1	1583	24048	31344,1875,32196,5287,3524,13026,13225,8575,10713,15521,15899,17131,16022,17168,15218,19547,19612,21633,17132,15219,25463,20801,15221,21109,25170,24628,21405,27585,16807
0	1583	25738	31344,1875,32196,5287,3524,13026,13225,8575,10713,15521,15899,17131,16022,17168,15218,19547,19612,21633,17132,15219,25463,20801,15221,21109,25170,24628,21405,27585,16807,24048
1	1583	19933	31344,1875,32196,5287,3524,13026,13225,8575,10713,15521,15899,17131,16022,17168,15218,19547,19612,21633,17132,15219,25463,20801,15221,21109,25170,24628,21405,27585,16807,24048
0	1583	28633	31344,1875,32196,5287,3524,13026,13225,8575,10713,15521,15899,17131,16022,17168,15218,19547,19612,21633,17132,15219,25463,20801,15221,21109,25170,24628,21405,27585,16807,24048,19933
1	1583	28642	31344,1875,32196,5287,3524,13026,13225,8575,10713,15521,15899,17131,16022,17168,15218,19547,19612,21633,17132,15219,25463,20801,15221,21109,25170,24628,21405,27585,16807,24048,19933
0	1583	28424	31344,1875,32196,5287,3524,13026,13225,8575,10713,15521,15899,17131,16022,17168,15218,19547,19612,21633,17132,15219,25463,20801,15221,21109,25170,24628,21405,27585,16807,24048,19933,28642
0	1583	29311	31344,1875,32196,5287,3524,13026,13225,8575,10713,15521,15899,17131,16022,17168,15218,19547,19612,21633,17132,15219,25463,20801,15221,21109,25170,24628,21405,27585,16807,24048,19933,28642
