1	1511	11677	0
1	1511	7721	11677
1	1511	10877	11677,7721
1	1511	16742	11677,7721,10877
1	1511	24812	11677,7721,10877,16742
1	1511	9830	11677,7721,10877,16742,24812
1	1511	12436	11677,7721,10877,16742,24812,9830
1	1511	12650	11677,7721,10877,16742,24812,9830,12436
1	1511	25113	11677,7721,10877,16742,24812,9830,12436,12650
1	1511	30810	11677,7721,10877,16742,24812,9830,12436,12650,25113
1	1511	8560	11677,7721,10877,16742,24812,9830,12436,12650,25113,30810
1	1511	12128	11677,7721,10877,16742,24812,9830,12436,12650,25113,30810,8560
1	1511	13217	11677,7721,10877,16742,24812,9830,12436,12650,25113,30810,8560,12128
1	1511	14966	11677,7721,10877,16742,24812,9830,12436,12650,25113,30810,8560,12128,13217
1	1511	27619	11677,7721,10877,16742,24812,9830,12436,12650,25113,30810,8560,12128,13217,14966
1	1511	28444	11677,7721,10877,16742,24812,9830,12436,12650,25113,30810,8560,12128,13217,14966,27619
