1	414	22205	0
1	414	13746	22205
1	414	17636	22205,13746
1	414	16891	22205,13746,17636
1	414	10437	22205,13746,17636,16891
1	414	2049	22205,13746,17636,16891,10437
1	414	32557	22205,13746,17636,16891,10437,2049
1	414	2044	22205,13746,17636,16891,10437,2049,32557
1	414	2083	22205,13746,17636,16891,10437,2049,32557,2044
1	414	4190	22205,13746,17636,16891,10437,2049,32557,2044,2083
1	414	7961	22205,13746,17636,16891,10437,2049,32557,2044,2083,4190
1	414	19294	22205,13746,17636,16891,10437,2049,32557,2044,2083,4190,7961
1	414	27961	22205,13746,17636,16891,10437,2049,32557,2044,2083,4190,7961,19294
1	414	4186	22205,13746,17636,16891,10437,2049,32557,2044,2083,4190,7961,19294,27961
1	414	6897	22205,13746,17636,16891,10437,2049,32557,2044,2083,4190,7961,19294,27961,4186
0	414	7222	22205,13746,17636,16891,10437,2049,32557,2044,2083,4190,7961,19294,27961,4186,6897
1	414	8647	22205,13746,17636,16891,10437,2049,32557,2044,2083,4190,7961,19294,27961,4186,6897
1	414	11781	22205,13746,17636,16891,10437,2049,32557,2044,2083,4190,7961,19294,27961,4186,6897,8647
1	414	13488	22205,13746,17636,16891,10437,2049,32557,2044,2083,4190,7961,19294,27961,4186,6897,8647,11781
1	414	21113	22205,13746,17636,16891,10437,2049,32557,2044,2083,4190,7961,19294,27961,4186,6897,8647,11781,13488
1	414	1293	22205,13746,17636,16891,10437,2049,32557,2044,2083,4190,7961,19294,27961,4186,6897,8647,11781,13488,21113
1	414	15301	22205,13746,17636,16891,10437,2049,32557,2044,2083,4190,7961,19294,27961,4186,6897,8647,11781,13488,21113,1293
1	414	15380	22205,13746,17636,16891,10437,2049,32557,2044,2083,4190,7961,19294,27961,4186,6897,8647,11781,13488,21113,1293,15301
1	414	21314	22205,13746,17636,16891,10437,2049,32557,2044,2083,4190,7961,19294,27961,4186,6897,8647,11781,13488,21113,1293,15301,15380
1	414	23744	22205,13746,17636,16891,10437,2049,32557,2044,2083,4190,7961,19294,27961,4186,6897,8647,11781,13488,21113,1293,15301,15380,21314
0	414	13811	22205,13746,17636,16891,10437,2049,32557,2044,2083,4190,7961,19294,27961,4186,6897,8647,11781,13488,21113,1293,15301,15380,21314,23744
1	414	17288	22205,13746,17636,16891,10437,2049,32557,2044,2083,4190,7961,19294,27961,4186,6897,8647,11781,13488,21113,1293,15301,15380,21314,23744
1	414	7250	22205,13746,17636,16891,10437,2049,32557,2044,2083,4190,7961,19294,27961,4186,6897,8647,11781,13488,21113,1293,15301,15380,21314,23744,17288
1	414	17307	22205,13746,17636,16891,10437,2049,32557,2044,2083,4190,7961,19294,27961,4186,6897,8647,11781,13488,21113,1293,15301,15380,21314,23744,17288,7250
1	414	21964	22205,13746,17636,16891,10437,2049,32557,2044,2083,4190,7961,19294,27961,4186,6897,8647,11781,13488,21113,1293,15301,15380,21314,23744,17288,7250,17307
1	414	32428	22205,13746,17636,16891,10437,2049,32557,2044,2083,4190,7961,19294,27961,4186,6897,8647,11781,13488,21113,1293,15301,15380,21314,23744,17288,7250,17307,21964
