0	747	13510	0
0	747	6054	0
0	747	3141	0
1	747	5968	0
0	747	6853	5968
0	747	14769	5968
0	747	15002	5968
1	747	15229	5968
1	747	17215	5968,15229
0	747	12413	5968,15229,17215
0	747	20074	5968,15229,17215
0	747	19218	5968,15229,17215
0	747	31059	5968,15229,17215
0	747	10493	5968,15229,17215
1	747	12649	5968,15229,17215
1	747	14350	5968,15229,17215,12649
0	747	18058	5968,15229,17215,12649,14350
1	747	23143	5968,15229,17215,12649,14350
0	747	9507	5968,15229,17215,12649,14350,23143
1	747	31715	5968,15229,17215,12649,14350,23143
1	747	4319	5968,15229,17215,12649,14350,23143,31715
1	747	2113	5968,15229,17215,12649,14350,23143,31715,4319
1	747	6457	5968,15229,17215,12649,14350,23143,31715,4319,2113
1	747	12333	5968,15229,17215,12649,14350,23143,31715,4319,2113,6457
1	747	21032	5968,15229,17215,12649,14350,23143,31715,4319,2113,6457,12333
0	747	1618	5968,15229,17215,12649,14350,23143,31715,4319,2113,6457,12333,21032
1	747	16835	5968,15229,17215,12649,14350,23143,31715,4319,2113,6457,12333,21032
0	747	24054	5968,15229,17215,12649,14350,23143,31715,4319,2113,6457,12333,21032,16835
0	747	24725	5968,15229,17215,12649,14350,23143,31715,4319,2113,6457,12333,21032,16835
1	747	25984	5968,15229,17215,12649,14350,23143,31715,4319,2113,6457,12333,21032,16835
0	747	18063	5968,15229,17215,12649,14350,23143,31715,4319,2113,6457,12333,21032,16835,25984
1	747	22449	5968,15229,17215,12649,14350,23143,31715,4319,2113,6457,12333,21032,16835,25984
1	747	26072	5968,15229,17215,12649,14350,23143,31715,4319,2113,6457,12333,21032,16835,25984,22449
1	747	28254	5968,15229,17215,12649,14350,23143,31715,4319,2113,6457,12333,21032,16835,25984,22449,26072
0	747	27911	5968,15229,17215,12649,14350,23143,31715,4319,2113,6457,12333,21032,16835,25984,22449,26072,28254
0	747	12315	5968,15229,17215,12649,14350,23143,31715,4319,2113,6457,12333,21032,16835,25984,22449,26072,28254
0	747	23590	5968,15229,17215,12649,14350,23143,31715,4319,2113,6457,12333,21032,16835,25984,22449,26072,28254
1	747	3920	5968,15229,17215,12649,14350,23143,31715,4319,2113,6457,12333,21032,16835,25984,22449,26072,28254
0	747	24628	5968,15229,17215,12649,14350,23143,31715,4319,2113,6457,12333,21032,16835,25984,22449,26072,28254,3920
0	747	27104	5968,15229,17215,12649,14350,23143,31715,4319,2113,6457,12333,21032,16835,25984,22449,26072,28254,3920
