1	131	26930	0
0	131	31103	26930
1	131	21369	26930
1	131	3024	26930,21369
0	131	32017	26930,21369,3024
0	131	4526	26930,21369,3024
1	131	26179	26930,21369,3024
0	131	5357	26930,21369,3024,26179
0	131	3922	26930,21369,3024,26179
1	131	4989	26930,21369,3024,26179
0	131	4874	26930,21369,3024,26179,4989
0	131	11142	26930,21369,3024,26179,4989
0	131	6189	26930,21369,3024,26179,4989
0	131	8890	26930,21369,3024,26179,4989
1	131	6958	26930,21369,3024,26179,4989
1	131	10023	26930,21369,3024,26179,4989,6958
1	131	10166	26930,21369,3024,26179,4989,6958,10023
1	131	9462	26930,21369,3024,26179,4989,6958,10023,10166
0	131	11926	26930,21369,3024,26179,4989,6958,10023,10166,9462
1	131	11240	26930,21369,3024,26179,4989,6958,10023,10166,9462
1	131	11413	26930,21369,3024,26179,4989,6958,10023,10166,9462,11240
0	131	33122	26930,21369,3024,26179,4989,6958,10023,10166,9462,11240,11413
1	131	13455	26930,21369,3024,26179,4989,6958,10023,10166,9462,11240,11413
1	131	13799	26930,21369,3024,26179,4989,6958,10023,10166,9462,11240,11413,13455
1	131	11241	26930,21369,3024,26179,4989,6958,10023,10166,9462,11240,11413,13455,13799
0	131	10990	26930,21369,3024,26179,4989,6958,10023,10166,9462,11240,11413,13455,13799,11241
1	131	9702	26930,21369,3024,26179,4989,6958,10023,10166,9462,11240,11413,13455,13799,11241
1	131	12525	26930,21369,3024,26179,4989,6958,10023,10166,9462,11240,11413,13455,13799,11241,9702
0	131	14078	26930,21369,3024,26179,4989,6958,10023,10166,9462,11240,11413,13455,13799,11241,9702,12525
1	131	15123	26930,21369,3024,26179,4989,6958,10023,10166,9462,11240,11413,13455,13799,11241,9702,12525
1	131	15337	26930,21369,3024,26179,4989,6958,10023,10166,9462,11240,11413,13455,13799,11241,9702,12525,15123
1	131	12989	26930,21369,3024,26179,4989,6958,10023,10166,9462,11240,11413,13455,13799,11241,9702,12525,15123,15337
0	131	15092	26930,21369,3024,26179,4989,6958,10023,10166,9462,11240,11413,13455,13799,11241,9702,12525,15123,15337,12989
0	131	13295	26930,21369,3024,26179,4989,6958,10023,10166,9462,11240,11413,13455,13799,11241,9702,12525,15123,15337,12989
0	131	17621	26930,21369,3024,26179,4989,6958,10023,10166,9462,11240,11413,13455,13799,11241,9702,12525,15123,15337,12989
1	131	17742	26930,21369,3024,26179,4989,6958,10023,10166,9462,11240,11413,13455,13799,11241,9702,12525,15123,15337,12989
1	131	15926	26930,21369,3024,26179,4989,6958,10023,10166,9462,11240,11413,13455,13799,11241,9702,12525,15123,15337,12989,17742
1	131	19512	26930,21369,3024,26179,4989,6958,10023,10166,9462,11240,11413,13455,13799,11241,9702,12525,15123,15337,12989,17742,15926
1	131	19514	26930,21369,3024,26179,4989,6958,10023,10166,9462,11240,11413,13455,13799,11241,9702,12525,15123,15337,12989,17742,15926,19512
1	131	2178	26930,21369,3024,26179,4989,6958,10023,10166,9462,11240,11413,13455,13799,11241,9702,12525,15123,15337,12989,17742,15926,19512,19514
1	131	18154	26930,21369,3024,26179,4989,6958,10023,10166,9462,11240,11413,13455,13799,11241,9702,12525,15123,15337,12989,17742,15926,19512,19514,2178
0	131	17799	26930,21369,3024,26179,4989,6958,10023,10166,9462,11240,11413,13455,13799,11241,9702,12525,15123,15337,12989,17742,15926,19512,19514,2178,18154
0	131	19730	26930,21369,3024,26179,4989,6958,10023,10166,9462,11240,11413,13455,13799,11241,9702,12525,15123,15337,12989,17742,15926,19512,19514,2178,18154
0	131	19805	26930,21369,3024,26179,4989,6958,10023,10166,9462,11240,11413,13455,13799,11241,9702,12525,15123,15337,12989,17742,15926,19512,19514,2178,18154
0	131	20397	26930,21369,3024,26179,4989,6958,10023,10166,9462,11240,11413,13455,13799,11241,9702,12525,15123,15337,12989,17742,15926,19512,19514,2178,18154
1	131	20205	26930,21369,3024,26179,4989,6958,10023,10166,9462,11240,11413,13455,13799,11241,9702,12525,15123,15337,12989,17742,15926,19512,19514,2178,18154
0	131	20114	26930,21369,3024,26179,4989,6958,10023,10166,9462,11240,11413,13455,13799,11241,9702,12525,15123,15337,12989,17742,15926,19512,19514,2178,18154,20205
0	131	20412	26930,21369,3024,26179,4989,6958,10023,10166,9462,11240,11413,13455,13799,11241,9702,12525,15123,15337,12989,17742,15926,19512,19514,2178,18154,20205
1	131	15940	26930,21369,3024,26179,4989,6958,10023,10166,9462,11240,11413,13455,13799,11241,9702,12525,15123,15337,12989,17742,15926,19512,19514,2178,18154,20205
1	131	22423	26930,21369,3024,26179,4989,6958,10023,10166,9462,11240,11413,13455,13799,11241,9702,12525,15123,15337,12989,17742,15926,19512,19514,2178,18154,20205,15940
0	131	21444	26930,21369,3024,26179,4989,6958,10023,10166,9462,11240,11413,13455,13799,11241,9702,12525,15123,15337,12989,17742,15926,19512,19514,2178,18154,20205,15940,22423
0	131	22074	26930,21369,3024,26179,4989,6958,10023,10166,9462,11240,11413,13455,13799,11241,9702,12525,15123,15337,12989,17742,15926,19512,19514,2178,18154,20205,15940,22423
0	131	11869	26930,21369,3024,26179,4989,6958,10023,10166,9462,11240,11413,13455,13799,11241,9702,12525,15123,15337,12989,17742,15926,19512,19514,2178,18154,20205,15940,22423
1	131	23491	26930,21369,3024,26179,4989,6958,10023,10166,9462,11240,11413,13455,13799,11241,9702,12525,15123,15337,12989,17742,15926,19512,19514,2178,18154,20205,15940,22423
0	131	23313	26930,21369,3024,26179,4989,6958,10023,10166,9462,11240,11413,13455,13799,11241,9702,12525,15123,15337,12989,17742,15926,19512,19514,2178,18154,20205,15940,22423,23491
0	131	14586	26930,21369,3024,26179,4989,6958,10023,10166,9462,11240,11413,13455,13799,11241,9702,12525,15123,15337,12989,17742,15926,19512,19514,2178,18154,20205,15940,22423,23491
1	131	24598	26930,21369,3024,26179,4989,6958,10023,10166,9462,11240,11413,13455,13799,11241,9702,12525,15123,15337,12989,17742,15926,19512,19514,2178,18154,20205,15940,22423,23491
0	131	24561	26930,21369,3024,26179,4989,6958,10023,10166,9462,11240,11413,13455,13799,11241,9702,12525,15123,15337,12989,17742,15926,19512,19514,2178,18154,20205,15940,22423,23491,24598
1	131	22746	26930,21369,3024,26179,4989,6958,10023,10166,9462,11240,11413,13455,13799,11241,9702,12525,15123,15337,12989,17742,15926,19512,19514,2178,18154,20205,15940,22423,23491,24598
1	131	26881	26930,21369,3024,26179,4989,6958,10023,10166,9462,11240,11413,13455,13799,11241,9702,12525,15123,15337,12989,17742,15926,19512,19514,2178,18154,20205,15940,22423,23491,24598,22746
1	131	25890	26930,21369,3024,26179,4989,6958,10023,10166,9462,11240,11413,13455,13799,11241,9702,12525,15123,15337,12989,17742,15926,19512,19514,2178,18154,20205,15940,22423,23491,24598,22746,26881
0	131	27113	26930,21369,3024,26179,4989,6958,10023,10166,9462,11240,11413,13455,13799,11241,9702,12525,15123,15337,12989,17742,15926,19512,19514,2178,18154,20205,15940,22423,23491,24598,22746,26881,25890
0	131	27212	26930,21369,3024,26179,4989,6958,10023,10166,9462,11240,11413,13455,13799,11241,9702,12525,15123,15337,12989,17742,15926,19512,19514,2178,18154,20205,15940,22423,23491,24598,22746,26881,25890
1	131	26091	26930,21369,3024,26179,4989,6958,10023,10166,9462,11240,11413,13455,13799,11241,9702,12525,15123,15337,12989,17742,15926,19512,19514,2178,18154,20205,15940,22423,23491,24598,22746,26881,25890
1	131	26826	26930,21369,3024,26179,4989,6958,10023,10166,9462,11240,11413,13455,13799,11241,9702,12525,15123,15337,12989,17742,15926,19512,19514,2178,18154,20205,15940,22423,23491,24598,22746,26881,25890,26091
1	131	28225	26930,21369,3024,26179,4989,6958,10023,10166,9462,11240,11413,13455,13799,11241,9702,12525,15123,15337,12989,17742,15926,19512,19514,2178,18154,20205,15940,22423,23491,24598,22746,26881,25890,26091,26826
0	131	27702	26930,21369,3024,26179,4989,6958,10023,10166,9462,11240,11413,13455,13799,11241,9702,12525,15123,15337,12989,17742,15926,19512,19514,2178,18154,20205,15940,22423,23491,24598,22746,26881,25890,26091,26826,28225
0	131	24097	26930,21369,3024,26179,4989,6958,10023,10166,9462,11240,11413,13455,13799,11241,9702,12525,15123,15337,12989,17742,15926,19512,19514,2178,18154,20205,15940,22423,23491,24598,22746,26881,25890,26091,26826,28225
1	131	28555	26930,21369,3024,26179,4989,6958,10023,10166,9462,11240,11413,13455,13799,11241,9702,12525,15123,15337,12989,17742,15926,19512,19514,2178,18154,20205,15940,22423,23491,24598,22746,26881,25890,26091,26826,28225
0	131	26108	26930,21369,3024,26179,4989,6958,10023,10166,9462,11240,11413,13455,13799,11241,9702,12525,15123,15337,12989,17742,15926,19512,19514,2178,18154,20205,15940,22423,23491,24598,22746,26881,25890,26091,26826,28225,28555
0	131	3749	26930,21369,3024,26179,4989,6958,10023,10166,9462,11240,11413,13455,13799,11241,9702,12525,15123,15337,12989,17742,15926,19512,19514,2178,18154,20205,15940,22423,23491,24598,22746,26881,25890,26091,26826,28225,28555
1	131	17011	26930,21369,3024,26179,4989,6958,10023,10166,9462,11240,11413,13455,13799,11241,9702,12525,15123,15337,12989,17742,15926,19512,19514,2178,18154,20205,15940,22423,23491,24598,22746,26881,25890,26091,26826,28225,28555
0	131	29108	26930,21369,3024,26179,4989,6958,10023,10166,9462,11240,11413,13455,13799,11241,9702,12525,15123,15337,12989,17742,15926,19512,19514,2178,18154,20205,15940,22423,23491,24598,22746,26881,25890,26091,26826,28225,28555,17011
