1	422	29000	0
0	422	31756	29000
0	422	420	29000
0	422	31830	29000
0	422	27706	29000
1	422	11863	29000
0	422	32675	29000,11863
1	422	30800	29000,11863
1	422	6690	29000,11863,30800
1	422	32960	29000,11863,30800,6690
1	422	416	29000,11863,30800,6690,32960
1	422	32160	29000,11863,30800,6690,32960,416
0	422	3076	29000,11863,30800,6690,32960,416,32160
1	422	5389	29000,11863,30800,6690,32960,416,32160
1	422	2202	29000,11863,30800,6690,32960,416,32160,5389
1	422	6547	29000,11863,30800,6690,32960,416,32160,5389,2202
1	422	5479	29000,11863,30800,6690,32960,416,32160,5389,2202,6547
1	422	10024	29000,11863,30800,6690,32960,416,32160,5389,2202,6547,5479
1	422	8879	29000,11863,30800,6690,32960,416,32160,5389,2202,6547,5479,10024
0	422	6210	29000,11863,30800,6690,32960,416,32160,5389,2202,6547,5479,10024,8879
1	422	4738	29000,11863,30800,6690,32960,416,32160,5389,2202,6547,5479,10024,8879
1	422	4924	29000,11863,30800,6690,32960,416,32160,5389,2202,6547,5479,10024,8879,4738
0	422	6577	29000,11863,30800,6690,32960,416,32160,5389,2202,6547,5479,10024,8879,4738,4924
0	422	11087	29000,11863,30800,6690,32960,416,32160,5389,2202,6547,5479,10024,8879,4738,4924
1	422	13489	29000,11863,30800,6690,32960,416,32160,5389,2202,6547,5479,10024,8879,4738,4924
1	422	16127	29000,11863,30800,6690,32960,416,32160,5389,2202,6547,5479,10024,8879,4738,4924,13489
1	422	19343	29000,11863,30800,6690,32960,416,32160,5389,2202,6547,5479,10024,8879,4738,4924,13489,16127
1	422	8498	29000,11863,30800,6690,32960,416,32160,5389,2202,6547,5479,10024,8879,4738,4924,13489,16127,19343
1	422	18995	29000,11863,30800,6690,32960,416,32160,5389,2202,6547,5479,10024,8879,4738,4924,13489,16127,19343,8498
1	422	10559	29000,11863,30800,6690,32960,416,32160,5389,2202,6547,5479,10024,8879,4738,4924,13489,16127,19343,8498,18995
1	422	2244	29000,11863,30800,6690,32960,416,32160,5389,2202,6547,5479,10024,8879,4738,4924,13489,16127,19343,8498,18995,10559
0	422	17133	29000,11863,30800,6690,32960,416,32160,5389,2202,6547,5479,10024,8879,4738,4924,13489,16127,19343,8498,18995,10559,2244
1	422	21830	29000,11863,30800,6690,32960,416,32160,5389,2202,6547,5479,10024,8879,4738,4924,13489,16127,19343,8498,18995,10559,2244
0	422	1798	29000,11863,30800,6690,32960,416,32160,5389,2202,6547,5479,10024,8879,4738,4924,13489,16127,19343,8498,18995,10559,2244,21830
1	422	23783	29000,11863,30800,6690,32960,416,32160,5389,2202,6547,5479,10024,8879,4738,4924,13489,16127,19343,8498,18995,10559,2244,21830
1	422	25102	29000,11863,30800,6690,32960,416,32160,5389,2202,6547,5479,10024,8879,4738,4924,13489,16127,19343,8498,18995,10559,2244,21830,23783
1	422	7546	29000,11863,30800,6690,32960,416,32160,5389,2202,6547,5479,10024,8879,4738,4924,13489,16127,19343,8498,18995,10559,2244,21830,23783,25102
1	422	21444	29000,11863,30800,6690,32960,416,32160,5389,2202,6547,5479,10024,8879,4738,4924,13489,16127,19343,8498,18995,10559,2244,21830,23783,25102,7546
1	422	16024	29000,11863,30800,6690,32960,416,32160,5389,2202,6547,5479,10024,8879,4738,4924,13489,16127,19343,8498,18995,10559,2244,21830,23783,25102,7546,21444
1	422	25942	29000,11863,30800,6690,32960,416,32160,5389,2202,6547,5479,10024,8879,4738,4924,13489,16127,19343,8498,18995,10559,2244,21830,23783,25102,7546,21444,16024
