0	9	16465	0
1	9	21830	0
0	9	13446	21830
0	9	16899	21830
0	9	16075	21830
1	9	28773	21830
1	9	31174	21830,28773
1	9	1627	21830,28773,31174
1	9	4562	21830,28773,31174,1627
1	9	5506	21830,28773,31174,1627,4562
1	9	6861	21830,28773,31174,1627,4562,5506
0	9	7088	21830,28773,31174,1627,4562,5506,6861
0	9	10347	21830,28773,31174,1627,4562,5506,6861
1	9	11577	21830,28773,31174,1627,4562,5506,6861
0	9	13170	21830,28773,31174,1627,4562,5506,6861,11577
1	9	17946	21830,28773,31174,1627,4562,5506,6861,11577
0	9	18209	21830,28773,31174,1627,4562,5506,6861,11577,17946
0	9	18212	21830,28773,31174,1627,4562,5506,6861,11577,17946
0	9	18659	21830,28773,31174,1627,4562,5506,6861,11577,17946
0	9	19829	21830,28773,31174,1627,4562,5506,6861,11577,17946
0	9	21108	21830,28773,31174,1627,4562,5506,6861,11577,17946
1	9	22701	21830,28773,31174,1627,4562,5506,6861,11577,17946
0	9	24354	21830,28773,31174,1627,4562,5506,6861,11577,17946,22701
1	9	26122	21830,28773,31174,1627,4562,5506,6861,11577,17946,22701
0	9	26165	21830,28773,31174,1627,4562,5506,6861,11577,17946,22701,26122
0	9	26404	21830,28773,31174,1627,4562,5506,6861,11577,17946,22701,26122
1	9	26483	21830,28773,31174,1627,4562,5506,6861,11577,17946,22701,26122
0	9	27656	21830,28773,31174,1627,4562,5506,6861,11577,17946,22701,26122,26483
1	9	12270	21830,28773,31174,1627,4562,5506,6861,11577,17946,22701,26122,26483
0	9	23913	21830,28773,31174,1627,4562,5506,6861,11577,17946,22701,26122,26483,12270
1	9	25035	21830,28773,31174,1627,4562,5506,6861,11577,17946,22701,26122,26483,12270
1	9	24484	21830,28773,31174,1627,4562,5506,6861,11577,17946,22701,26122,26483,12270,25035
0	9	23901	21830,28773,31174,1627,4562,5506,6861,11577,17946,22701,26122,26483,12270,25035,24484
1	9	25494	21830,28773,31174,1627,4562,5506,6861,11577,17946,22701,26122,26483,12270,25035,24484
1	9	25882	21830,28773,31174,1627,4562,5506,6861,11577,17946,22701,26122,26483,12270,25035,24484,25494
1	9	26725	21830,28773,31174,1627,4562,5506,6861,11577,17946,22701,26122,26483,12270,25035,24484,25494,25882
1	9	28697	21830,28773,31174,1627,4562,5506,6861,11577,17946,22701,26122,26483,12270,25035,24484,25494,25882,26725
1	9	23143	21830,28773,31174,1627,4562,5506,6861,11577,17946,22701,26122,26483,12270,25035,24484,25494,25882,26725,28697
1	9	29507	21830,28773,31174,1627,4562,5506,6861,11577,17946,22701,26122,26483,12270,25035,24484,25494,25882,26725,28697,23143
