1	1535	21521	0
1	1535	18930	21521
1	1535	16615	21521,18930
1	1535	19667	21521,18930,16615
1	1535	21185	21521,18930,16615,19667
1	1535	21846	21521,18930,16615,19667,21185
1	1535	20084	21521,18930,16615,19667,21185,21846
1	1535	21230	21521,18930,16615,19667,21185,21846,20084
1	1535	22749	21521,18930,16615,19667,21185,21846,20084,21230
1	1535	13424	21521,18930,16615,19667,21185,21846,20084,21230,22749
1	1535	23804	21521,18930,16615,19667,21185,21846,20084,21230,22749,13424
1	1535	24630	21521,18930,16615,19667,21185,21846,20084,21230,22749,13424,23804
0	1535	20088	21521,18930,16615,19667,21185,21846,20084,21230,22749,13424,23804,24630
1	1535	22111	21521,18930,16615,19667,21185,21846,20084,21230,22749,13424,23804,24630
1	1535	9859	21521,18930,16615,19667,21185,21846,20084,21230,22749,13424,23804,24630,22111
1	1535	25038	21521,18930,16615,19667,21185,21846,20084,21230,22749,13424,23804,24630,22111,9859
0	1535	18600	21521,18930,16615,19667,21185,21846,20084,21230,22749,13424,23804,24630,22111,9859,25038
1	1535	24653	21521,18930,16615,19667,21185,21846,20084,21230,22749,13424,23804,24630,22111,9859,25038
0	1535	19418	21521,18930,16615,19667,21185,21846,20084,21230,22749,13424,23804,24630,22111,9859,25038,24653
1	1535	24561	21521,18930,16615,19667,21185,21846,20084,21230,22749,13424,23804,24630,22111,9859,25038,24653
1	1535	23129	21521,18930,16615,19667,21185,21846,20084,21230,22749,13424,23804,24630,22111,9859,25038,24653,24561
1	1535	22516	21521,18930,16615,19667,21185,21846,20084,21230,22749,13424,23804,24630,22111,9859,25038,24653,24561,23129
1	1535	21690	21521,18930,16615,19667,21185,21846,20084,21230,22749,13424,23804,24630,22111,9859,25038,24653,24561,23129,22516
0	1535	25916	21521,18930,16615,19667,21185,21846,20084,21230,22749,13424,23804,24630,22111,9859,25038,24653,24561,23129,22516,21690
1	1535	26409	21521,18930,16615,19667,21185,21846,20084,21230,22749,13424,23804,24630,22111,9859,25038,24653,24561,23129,22516,21690
0	1535	25892	21521,18930,16615,19667,21185,21846,20084,21230,22749,13424,23804,24630,22111,9859,25038,24653,24561,23129,22516,21690,26409
1	1535	28553	21521,18930,16615,19667,21185,21846,20084,21230,22749,13424,23804,24630,22111,9859,25038,24653,24561,23129,22516,21690,26409
1	1535	28475	21521,18930,16615,19667,21185,21846,20084,21230,22749,13424,23804,24630,22111,9859,25038,24653,24561,23129,22516,21690,26409,28553
1	1535	28667	21521,18930,16615,19667,21185,21846,20084,21230,22749,13424,23804,24630,22111,9859,25038,24653,24561,23129,22516,21690,26409,28553,28475
1	1535	29986	21521,18930,16615,19667,21185,21846,20084,21230,22749,13424,23804,24630,22111,9859,25038,24653,24561,23129,22516,21690,26409,28553,28475,28667
