1	745	5004	0
1	745	13217	5004
1	745	15155	5004,13217
1	745	18240	5004,13217,15155
1	745	18745	5004,13217,15155,18240
1	745	20027	5004,13217,15155,18240,18745
1	745	20060	5004,13217,15155,18240,18745,20027
1	745	20330	5004,13217,15155,18240,18745,20027,20060
1	745	22182	5004,13217,15155,18240,18745,20027,20060,20330
1	745	25650	5004,13217,15155,18240,18745,20027,20060,20330,22182
1	745	26450	5004,13217,15155,18240,18745,20027,20060,20330,22182,25650
1	745	26724	5004,13217,15155,18240,18745,20027,20060,20330,22182,25650,26450
1	745	27126	5004,13217,15155,18240,18745,20027,20060,20330,22182,25650,26450,26724
0	745	27803	5004,13217,15155,18240,18745,20027,20060,20330,22182,25650,26450,26724,27126
0	745	28095	5004,13217,15155,18240,18745,20027,20060,20330,22182,25650,26450,26724,27126
1	745	28604	5004,13217,15155,18240,18745,20027,20060,20330,22182,25650,26450,26724,27126
1	745	2106	5004,13217,15155,18240,18745,20027,20060,20330,22182,25650,26450,26724,27126,28604
1	745	7382	5004,13217,15155,18240,18745,20027,20060,20330,22182,25650,26450,26724,27126,28604,2106
1	745	12363	5004,13217,15155,18240,18745,20027,20060,20330,22182,25650,26450,26724,27126,28604,2106,7382
0	745	30463	5004,13217,15155,18240,18745,20027,20060,20330,22182,25650,26450,26724,27126,28604,2106,7382,12363
1	745	31478	5004,13217,15155,18240,18745,20027,20060,20330,22182,25650,26450,26724,27126,28604,2106,7382,12363
1	745	32177	5004,13217,15155,18240,18745,20027,20060,20330,22182,25650,26450,26724,27126,28604,2106,7382,12363,31478
1	745	32307	5004,13217,15155,18240,18745,20027,20060,20330,22182,25650,26450,26724,27126,28604,2106,7382,12363,31478,32177
1	745	1299	5004,13217,15155,18240,18745,20027,20060,20330,22182,25650,26450,26724,27126,28604,2106,7382,12363,31478,32177,32307
1	745	3674	5004,13217,15155,18240,18745,20027,20060,20330,22182,25650,26450,26724,27126,28604,2106,7382,12363,31478,32177,32307,1299
1	745	4209	5004,13217,15155,18240,18745,20027,20060,20330,22182,25650,26450,26724,27126,28604,2106,7382,12363,31478,32177,32307,1299,3674
1	745	6573	5004,13217,15155,18240,18745,20027,20060,20330,22182,25650,26450,26724,27126,28604,2106,7382,12363,31478,32177,32307,1299,3674,4209
1	745	8405	5004,13217,15155,18240,18745,20027,20060,20330,22182,25650,26450,26724,27126,28604,2106,7382,12363,31478,32177,32307,1299,3674,4209,6573
1	745	10877	5004,13217,15155,18240,18745,20027,20060,20330,22182,25650,26450,26724,27126,28604,2106,7382,12363,31478,32177,32307,1299,3674,4209,6573,8405
1	745	11755	5004,13217,15155,18240,18745,20027,20060,20330,22182,25650,26450,26724,27126,28604,2106,7382,12363,31478,32177,32307,1299,3674,4209,6573,8405,10877
1	745	12394	5004,13217,15155,18240,18745,20027,20060,20330,22182,25650,26450,26724,27126,28604,2106,7382,12363,31478,32177,32307,1299,3674,4209,6573,8405,10877,11755
1	745	12649	5004,13217,15155,18240,18745,20027,20060,20330,22182,25650,26450,26724,27126,28604,2106,7382,12363,31478,32177,32307,1299,3674,4209,6573,8405,10877,11755,12394
0	745	13255	5004,13217,15155,18240,18745,20027,20060,20330,22182,25650,26450,26724,27126,28604,2106,7382,12363,31478,32177,32307,1299,3674,4209,6573,8405,10877,11755,12394,12649
1	745	13835	5004,13217,15155,18240,18745,20027,20060,20330,22182,25650,26450,26724,27126,28604,2106,7382,12363,31478,32177,32307,1299,3674,4209,6573,8405,10877,11755,12394,12649
1	745	14078	5004,13217,15155,18240,18745,20027,20060,20330,22182,25650,26450,26724,27126,28604,2106,7382,12363,31478,32177,32307,1299,3674,4209,6573,8405,10877,11755,12394,12649,13835
1	745	15342	5004,13217,15155,18240,18745,20027,20060,20330,22182,25650,26450,26724,27126,28604,2106,7382,12363,31478,32177,32307,1299,3674,4209,6573,8405,10877,11755,12394,12649,13835,14078
1	745	15574	5004,13217,15155,18240,18745,20027,20060,20330,22182,25650,26450,26724,27126,28604,2106,7382,12363,31478,32177,32307,1299,3674,4209,6573,8405,10877,11755,12394,12649,13835,14078,15342
1	745	15885	5004,13217,15155,18240,18745,20027,20060,20330,22182,25650,26450,26724,27126,28604,2106,7382,12363,31478,32177,32307,1299,3674,4209,6573,8405,10877,11755,12394,12649,13835,14078,15342,15574
1	745	16807	5004,13217,15155,18240,18745,20027,20060,20330,22182,25650,26450,26724,27126,28604,2106,7382,12363,31478,32177,32307,1299,3674,4209,6573,8405,10877,11755,12394,12649,13835,14078,15342,15574,15885
1	745	17308	5004,13217,15155,18240,18745,20027,20060,20330,22182,25650,26450,26724,27126,28604,2106,7382,12363,31478,32177,32307,1299,3674,4209,6573,8405,10877,11755,12394,12649,13835,14078,15342,15574,15885,16807
1	745	17322	5004,13217,15155,18240,18745,20027,20060,20330,22182,25650,26450,26724,27126,28604,2106,7382,12363,31478,32177,32307,1299,3674,4209,6573,8405,10877,11755,12394,12649,13835,14078,15342,15574,15885,16807,17308
1	745	18048	5004,13217,15155,18240,18745,20027,20060,20330,22182,25650,26450,26724,27126,28604,2106,7382,12363,31478,32177,32307,1299,3674,4209,6573,8405,10877,11755,12394,12649,13835,14078,15342,15574,15885,16807,17308,17322
1	745	18368	5004,13217,15155,18240,18745,20027,20060,20330,22182,25650,26450,26724,27126,28604,2106,7382,12363,31478,32177,32307,1299,3674,4209,6573,8405,10877,11755,12394,12649,13835,14078,15342,15574,15885,16807,17308,17322,18048
1	745	18627	5004,13217,15155,18240,18745,20027,20060,20330,22182,25650,26450,26724,27126,28604,2106,7382,12363,31478,32177,32307,1299,3674,4209,6573,8405,10877,11755,12394,12649,13835,14078,15342,15574,15885,16807,17308,17322,18048,18368
1	745	18936	5004,13217,15155,18240,18745,20027,20060,20330,22182,25650,26450,26724,27126,28604,2106,7382,12363,31478,32177,32307,1299,3674,4209,6573,8405,10877,11755,12394,12649,13835,14078,15342,15574,15885,16807,17308,17322,18048,18368,18627
1	745	19355	5004,13217,15155,18240,18745,20027,20060,20330,22182,25650,26450,26724,27126,28604,2106,7382,12363,31478,32177,32307,1299,3674,4209,6573,8405,10877,11755,12394,12649,13835,14078,15342,15574,15885,16807,17308,17322,18048,18368,18627,18936
1	745	21550	5004,13217,15155,18240,18745,20027,20060,20330,22182,25650,26450,26724,27126,28604,2106,7382,12363,31478,32177,32307,1299,3674,4209,6573,8405,10877,11755,12394,12649,13835,14078,15342,15574,15885,16807,17308,17322,18048,18368,18627,18936,19355
1	745	22389	5004,13217,15155,18240,18745,20027,20060,20330,22182,25650,26450,26724,27126,28604,2106,7382,12363,31478,32177,32307,1299,3674,4209,6573,8405,10877,11755,12394,12649,13835,14078,15342,15574,15885,16807,17308,17322,18048,18368,18627,18936,19355,21550
1	745	23490	5004,13217,15155,18240,18745,20027,20060,20330,22182,25650,26450,26724,27126,28604,2106,7382,12363,31478,32177,32307,1299,3674,4209,6573,8405,10877,11755,12394,12649,13835,14078,15342,15574,15885,16807,17308,17322,18048,18368,18627,18936,19355,21550,22389
1	745	25515	5004,13217,15155,18240,18745,20027,20060,20330,22182,25650,26450,26724,27126,28604,2106,7382,12363,31478,32177,32307,1299,3674,4209,6573,8405,10877,11755,12394,12649,13835,14078,15342,15574,15885,16807,17308,17322,18048,18368,18627,18936,19355,21550,22389,23490
1	745	2323	5004,13217,15155,18240,18745,20027,20060,20330,22182,25650,26450,26724,27126,28604,2106,7382,12363,31478,32177,32307,1299,3674,4209,6573,8405,10877,11755,12394,12649,13835,14078,15342,15574,15885,16807,17308,17322,18048,18368,18627,18936,19355,21550,22389,23490,25515
1	745	16934	5004,13217,15155,18240,18745,20027,20060,20330,22182,25650,26450,26724,27126,28604,2106,7382,12363,31478,32177,32307,1299,3674,4209,6573,8405,10877,11755,12394,12649,13835,14078,15342,15574,15885,16807,17308,17322,18048,18368,18627,18936,19355,21550,22389,23490,25515,2323
1	745	19226	5004,13217,15155,18240,18745,20027,20060,20330,22182,25650,26450,26724,27126,28604,2106,7382,12363,31478,32177,32307,1299,3674,4209,6573,8405,10877,11755,12394,12649,13835,14078,15342,15574,15885,16807,17308,17322,18048,18368,18627,18936,19355,21550,22389,23490,25515,2323,16934
