0	1121	5797	0
1	1121	31123	0
1	1121	21600	31123
1	1121	27127	31123,21600
1	1121	3267	31123,21600,27127
0	1121	1806	31123,21600,27127,3267
0	1121	1645	31123,21600,27127,3267
0	1121	5979	31123,21600,27127,3267
0	1121	8490	31123,21600,27127,3267
0	1121	8619	31123,21600,27127,3267
1	1121	9723	31123,21600,27127,3267
1	1121	1089	31123,21600,27127,3267,9723
1	1121	13937	31123,21600,27127,3267,9723,1089
0	1121	10899	31123,21600,27127,3267,9723,1089,13937
0	1121	18599	31123,21600,27127,3267,9723,1089,13937
0	1121	5151	31123,21600,27127,3267,9723,1089,13937
1	1121	19872	31123,21600,27127,3267,9723,1089,13937
0	1121	18805	31123,21600,27127,3267,9723,1089,13937,19872
1	1121	28019	31123,21600,27127,3267,9723,1089,13937,19872
1	1121	20815	31123,21600,27127,3267,9723,1089,13937,19872,28019
1	1121	23451	31123,21600,27127,3267,9723,1089,13937,19872,28019,20815
0	1121	20790	31123,21600,27127,3267,9723,1089,13937,19872,28019,20815,23451
0	1121	19175	31123,21600,27127,3267,9723,1089,13937,19872,28019,20815,23451
1	1121	25556	31123,21600,27127,3267,9723,1089,13937,19872,28019,20815,23451
0	1121	23230	31123,21600,27127,3267,9723,1089,13937,19872,28019,20815,23451,25556
0	1121	25006	31123,21600,27127,3267,9723,1089,13937,19872,28019,20815,23451,25556
0	1121	17918	31123,21600,27127,3267,9723,1089,13937,19872,28019,20815,23451,25556
1	1121	21258	31123,21600,27127,3267,9723,1089,13937,19872,28019,20815,23451,25556
0	1121	26181	31123,21600,27127,3267,9723,1089,13937,19872,28019,20815,23451,25556,21258
0	1121	25985	31123,21600,27127,3267,9723,1089,13937,19872,28019,20815,23451,25556,21258
0	1121	26431	31123,21600,27127,3267,9723,1089,13937,19872,28019,20815,23451,25556,21258
1	1121	16886	31123,21600,27127,3267,9723,1089,13937,19872,28019,20815,23451,25556,21258
0	1121	28161	31123,21600,27127,3267,9723,1089,13937,19872,28019,20815,23451,25556,21258,16886
0	1121	14497	31123,21600,27127,3267,9723,1089,13937,19872,28019,20815,23451,25556,21258,16886
1	1121	28722	31123,21600,27127,3267,9723,1089,13937,19872,28019,20815,23451,25556,21258,16886
0	1121	28429	31123,21600,27127,3267,9723,1089,13937,19872,28019,20815,23451,25556,21258,16886,28722
