1	600	673	0
0	600	7109	673
1	600	14159	673
1	600	25965	673,14159
1	600	31810	673,14159,25965
0	600	25758	673,14159,25965,31810
0	600	30972	673,14159,25965,31810
1	600	32294	673,14159,25965,31810
0	600	2524	673,14159,25965,31810,32294
1	600	4685	673,14159,25965,31810,32294
1	600	1641	673,14159,25965,31810,32294,4685
0	600	6400	673,14159,25965,31810,32294,4685,1641
0	600	2126	673,14159,25965,31810,32294,4685,1641
1	600	5403	673,14159,25965,31810,32294,4685,1641
1	600	7308	673,14159,25965,31810,32294,4685,1641,5403
0	600	8019	673,14159,25965,31810,32294,4685,1641,5403,7308
1	600	3421	673,14159,25965,31810,32294,4685,1641,5403,7308
1	600	5860	673,14159,25965,31810,32294,4685,1641,5403,7308,3421
0	600	4525	673,14159,25965,31810,32294,4685,1641,5403,7308,3421,5860
0	600	9391	673,14159,25965,31810,32294,4685,1641,5403,7308,3421,5860
1	600	1727	673,14159,25965,31810,32294,4685,1641,5403,7308,3421,5860
0	600	11029	673,14159,25965,31810,32294,4685,1641,5403,7308,3421,5860,1727
0	600	8063	673,14159,25965,31810,32294,4685,1641,5403,7308,3421,5860,1727
0	600	3603	673,14159,25965,31810,32294,4685,1641,5403,7308,3421,5860,1727
1	600	14137	673,14159,25965,31810,32294,4685,1641,5403,7308,3421,5860,1727
0	600	14764	673,14159,25965,31810,32294,4685,1641,5403,7308,3421,5860,1727,14137
1	600	31669	673,14159,25965,31810,32294,4685,1641,5403,7308,3421,5860,1727,14137
0	600	17227	673,14159,25965,31810,32294,4685,1641,5403,7308,3421,5860,1727,14137,31669
0	600	8335	673,14159,25965,31810,32294,4685,1641,5403,7308,3421,5860,1727,14137,31669
0	600	15900	673,14159,25965,31810,32294,4685,1641,5403,7308,3421,5860,1727,14137,31669
0	600	8325	673,14159,25965,31810,32294,4685,1641,5403,7308,3421,5860,1727,14137,31669
1	600	13133	673,14159,25965,31810,32294,4685,1641,5403,7308,3421,5860,1727,14137,31669
1	600	20643	673,14159,25965,31810,32294,4685,1641,5403,7308,3421,5860,1727,14137,31669,13133
1	600	21851	673,14159,25965,31810,32294,4685,1641,5403,7308,3421,5860,1727,14137,31669,13133,20643
0	600	24000	673,14159,25965,31810,32294,4685,1641,5403,7308,3421,5860,1727,14137,31669,13133,20643,21851
0	600	13214	673,14159,25965,31810,32294,4685,1641,5403,7308,3421,5860,1727,14137,31669,13133,20643,21851
0	600	20670	673,14159,25965,31810,32294,4685,1641,5403,7308,3421,5860,1727,14137,31669,13133,20643,21851
1	600	6733	673,14159,25965,31810,32294,4685,1641,5403,7308,3421,5860,1727,14137,31669,13133,20643,21851
1	600	14961	673,14159,25965,31810,32294,4685,1641,5403,7308,3421,5860,1727,14137,31669,13133,20643,21851,6733
1	600	20266	673,14159,25965,31810,32294,4685,1641,5403,7308,3421,5860,1727,14137,31669,13133,20643,21851,6733,14961
0	600	21417	673,14159,25965,31810,32294,4685,1641,5403,7308,3421,5860,1727,14137,31669,13133,20643,21851,6733,14961,20266
1	600	5134	673,14159,25965,31810,32294,4685,1641,5403,7308,3421,5860,1727,14137,31669,13133,20643,21851,6733,14961,20266
0	600	26141	673,14159,25965,31810,32294,4685,1641,5403,7308,3421,5860,1727,14137,31669,13133,20643,21851,6733,14961,20266,5134
0	600	13494	673,14159,25965,31810,32294,4685,1641,5403,7308,3421,5860,1727,14137,31669,13133,20643,21851,6733,14961,20266,5134
0	600	21204	673,14159,25965,31810,32294,4685,1641,5403,7308,3421,5860,1727,14137,31669,13133,20643,21851,6733,14961,20266,5134
0	600	21402	673,14159,25965,31810,32294,4685,1641,5403,7308,3421,5860,1727,14137,31669,13133,20643,21851,6733,14961,20266,5134
