1	1318	6801	0
0	1318	7855	6801
1	1318	8227	6801
1	1318	9078	6801,8227
1	1318	8224	6801,8227,9078
1	1318	129	6801,8227,9078,8224
1	1318	7077	6801,8227,9078,8224,129
1	1318	12739	6801,8227,9078,8224,129,7077
1	1318	6429	6801,8227,9078,8224,129,7077,12739
1	1318	12724	6801,8227,9078,8224,129,7077,12739,6429
0	1318	32256	6801,8227,9078,8224,129,7077,12739,6429,12724
1	1318	12614	6801,8227,9078,8224,129,7077,12739,6429,12724
0	1318	14977	6801,8227,9078,8224,129,7077,12739,6429,12724,12614
1	1318	17448	6801,8227,9078,8224,129,7077,12739,6429,12724,12614
1	1318	18809	6801,8227,9078,8224,129,7077,12739,6429,12724,12614,17448
1	1318	12261	6801,8227,9078,8224,129,7077,12739,6429,12724,12614,17448,18809
1	1318	14027	6801,8227,9078,8224,129,7077,12739,6429,12724,12614,17448,18809,12261
1	1318	19497	6801,8227,9078,8224,129,7077,12739,6429,12724,12614,17448,18809,12261,14027
1	1318	7449	6801,8227,9078,8224,129,7077,12739,6429,12724,12614,17448,18809,12261,14027,19497
1	1318	14185	6801,8227,9078,8224,129,7077,12739,6429,12724,12614,17448,18809,12261,14027,19497,7449
1	1318	131	6801,8227,9078,8224,129,7077,12739,6429,12724,12614,17448,18809,12261,14027,19497,7449,14185
1	1318	8042	6801,8227,9078,8224,129,7077,12739,6429,12724,12614,17448,18809,12261,14027,19497,7449,14185,131
1	1318	16062	6801,8227,9078,8224,129,7077,12739,6429,12724,12614,17448,18809,12261,14027,19497,7449,14185,131,8042
1	1318	4399	6801,8227,9078,8224,129,7077,12739,6429,12724,12614,17448,18809,12261,14027,19497,7449,14185,131,8042,16062
0	1318	12838	6801,8227,9078,8224,129,7077,12739,6429,12724,12614,17448,18809,12261,14027,19497,7449,14185,131,8042,16062,4399
1	1318	13254	6801,8227,9078,8224,129,7077,12739,6429,12724,12614,17448,18809,12261,14027,19497,7449,14185,131,8042,16062,4399
1	1318	19849	6801,8227,9078,8224,129,7077,12739,6429,12724,12614,17448,18809,12261,14027,19497,7449,14185,131,8042,16062,4399,13254
0	1318	3826	6801,8227,9078,8224,129,7077,12739,6429,12724,12614,17448,18809,12261,14027,19497,7449,14185,131,8042,16062,4399,13254,19849
1	1318	5538	6801,8227,9078,8224,129,7077,12739,6429,12724,12614,17448,18809,12261,14027,19497,7449,14185,131,8042,16062,4399,13254,19849
0	1318	9041	6801,8227,9078,8224,129,7077,12739,6429,12724,12614,17448,18809,12261,14027,19497,7449,14185,131,8042,16062,4399,13254,19849,5538
1	1318	9057	6801,8227,9078,8224,129,7077,12739,6429,12724,12614,17448,18809,12261,14027,19497,7449,14185,131,8042,16062,4399,13254,19849,5538
1	1318	20752	6801,8227,9078,8224,129,7077,12739,6429,12724,12614,17448,18809,12261,14027,19497,7449,14185,131,8042,16062,4399,13254,19849,5538,9057
1	1318	8837	6801,8227,9078,8224,129,7077,12739,6429,12724,12614,17448,18809,12261,14027,19497,7449,14185,131,8042,16062,4399,13254,19849,5538,9057,20752
1	1318	9029	6801,8227,9078,8224,129,7077,12739,6429,12724,12614,17448,18809,12261,14027,19497,7449,14185,131,8042,16062,4399,13254,19849,5538,9057,20752,8837
1	1318	13344	6801,8227,9078,8224,129,7077,12739,6429,12724,12614,17448,18809,12261,14027,19497,7449,14185,131,8042,16062,4399,13254,19849,5538,9057,20752,8837,9029
1	1318	23708	6801,8227,9078,8224,129,7077,12739,6429,12724,12614,17448,18809,12261,14027,19497,7449,14185,131,8042,16062,4399,13254,19849,5538,9057,20752,8837,9029,13344
1	1318	15394	6801,8227,9078,8224,129,7077,12739,6429,12724,12614,17448,18809,12261,14027,19497,7449,14185,131,8042,16062,4399,13254,19849,5538,9057,20752,8837,9029,13344,23708
1	1318	20366	6801,8227,9078,8224,129,7077,12739,6429,12724,12614,17448,18809,12261,14027,19497,7449,14185,131,8042,16062,4399,13254,19849,5538,9057,20752,8837,9029,13344,23708,15394
1	1318	20762	6801,8227,9078,8224,129,7077,12739,6429,12724,12614,17448,18809,12261,14027,19497,7449,14185,131,8042,16062,4399,13254,19849,5538,9057,20752,8837,9029,13344,23708,15394,20366
1	1318	19590	6801,8227,9078,8224,129,7077,12739,6429,12724,12614,17448,18809,12261,14027,19497,7449,14185,131,8042,16062,4399,13254,19849,5538,9057,20752,8837,9029,13344,23708,15394,20366,20762
