1	1400	12147	0
1	1400	12569	12147
1	1400	8175	12147,12569
1	1400	12475	12147,12569,8175
1	1400	16301	12147,12569,8175,12475
0	1400	28420	12147,12569,8175,12475,16301
1	1400	11937	12147,12569,8175,12475,16301
1	1400	17162	12147,12569,8175,12475,16301,11937
1	1400	32784	12147,12569,8175,12475,16301,11937,17162
0	1400	26265	12147,12569,8175,12475,16301,11937,17162,32784
1	1400	6831	12147,12569,8175,12475,16301,11937,17162,32784
1	1400	26582	12147,12569,8175,12475,16301,11937,17162,32784,6831
1	1400	28271	12147,12569,8175,12475,16301,11937,17162,32784,6831,26582
1	1400	19052	12147,12569,8175,12475,16301,11937,17162,32784,6831,26582,28271
1	1400	204	12147,12569,8175,12475,16301,11937,17162,32784,6831,26582,28271,19052
1	1400	22151	12147,12569,8175,12475,16301,11937,17162,32784,6831,26582,28271,19052,204
1	1400	32287	12147,12569,8175,12475,16301,11937,17162,32784,6831,26582,28271,19052,204,22151
1	1400	12693	12147,12569,8175,12475,16301,11937,17162,32784,6831,26582,28271,19052,204,22151,32287
1	1400	21796	12147,12569,8175,12475,16301,11937,17162,32784,6831,26582,28271,19052,204,22151,32287,12693
1	1400	24688	12147,12569,8175,12475,16301,11937,17162,32784,6831,26582,28271,19052,204,22151,32287,12693,21796
1	1400	24969	12147,12569,8175,12475,16301,11937,17162,32784,6831,26582,28271,19052,204,22151,32287,12693,21796,24688
1	1400	26763	12147,12569,8175,12475,16301,11937,17162,32784,6831,26582,28271,19052,204,22151,32287,12693,21796,24688,24969
1	1400	17969	12147,12569,8175,12475,16301,11937,17162,32784,6831,26582,28271,19052,204,22151,32287,12693,21796,24688,24969,26763
1	1400	24911	12147,12569,8175,12475,16301,11937,17162,32784,6831,26582,28271,19052,204,22151,32287,12693,21796,24688,24969,26763,17969
1	1400	26707	12147,12569,8175,12475,16301,11937,17162,32784,6831,26582,28271,19052,204,22151,32287,12693,21796,24688,24969,26763,17969,24911
1	1400	27490	12147,12569,8175,12475,16301,11937,17162,32784,6831,26582,28271,19052,204,22151,32287,12693,21796,24688,24969,26763,17969,24911,26707
1	1400	26666	12147,12569,8175,12475,16301,11937,17162,32784,6831,26582,28271,19052,204,22151,32287,12693,21796,24688,24969,26763,17969,24911,26707,27490
