0	905	7523	0
0	905	6175	0
0	905	31462	0
0	905	30795	0
1	905	30824	0
0	905	4560	30824
0	905	13181	30824
0	905	31483	30824
0	905	223	30824
0	905	1806	30824
0	905	1940	30824
0	905	1755	30824
1	905	1805	30824
0	905	2164	30824,1805
0	905	2161	30824,1805
0	905	2162	30824,1805
0	905	2163	30824,1805
0	905	1194	30824,1805
0	905	1516	30824,1805
0	905	2254	30824,1805
0	905	2256	30824,1805
0	905	2258	30824,1805
0	905	2342	30824,1805
0	905	32056	30824,1805
0	905	33119	30824,1805
0	905	33128	30824,1805
0	905	625	30824,1805
0	905	1067	30824,1805
0	905	1270	30824,1805
0	905	1311	30824,1805
0	905	1366	30824,1805
0	905	1472	30824,1805
0	905	1661	30824,1805
0	905	1663	30824,1805
0	905	1662	30824,1805
0	905	2220	30824,1805
0	905	2661	30824,1805
0	905	32111	30824,1805
0	905	1939	30824,1805
0	905	2357	30824,1805
0	905	2461	30824,1805
0	905	2463	30824,1805
1	905	3122	30824,1805
0	905	2010	30824,1805,3122
0	905	2931	30824,1805,3122
0	905	3184	30824,1805,3122
0	905	3195	30824,1805,3122
0	905	2491	30824,1805,3122
0	905	1438	30824,1805,3122
0	905	31780	30824,1805,3122
0	905	32336	30824,1805,3122
0	905	31779	30824,1805,3122
0	905	3026	30824,1805,3122
0	905	3256	30824,1805,3122
0	905	2957	30824,1805,3122
0	905	2562	30824,1805,3122
0	905	2927	30824,1805,3122
0	905	1121	30824,1805,3122
0	905	680	30824,1805,3122
0	905	2025	30824,1805,3122
0	905	2210	30824,1805,3122
0	905	3286	30824,1805,3122
0	905	3163	30824,1805,3122
0	905	26782	30824,1805,3122
0	905	1845	30824,1805,3122
0	905	212	30824,1805,3122
0	905	3469	30824,1805,3122
0	905	2974	30824,1805,3122
0	905	3360	30824,1805,3122
0	905	3078	30824,1805,3122
0	905	3333	30824,1805,3122
1	905	4018	30824,1805,3122
0	905	2347	30824,1805,3122,4018
0	905	2990	30824,1805,3122,4018
0	905	32506	30824,1805,3122,4018
0	905	200	30824,1805,3122,4018
0	905	3374	30824,1805,3122,4018
0	905	3733	30824,1805,3122,4018
0	905	1645	30824,1805,3122,4018
0	905	30075	30824,1805,3122,4018
0	905	5780	30824,1805,3122,4018
0	905	16963	30824,1805,3122,4018
0	905	2312	30824,1805,3122,4018
0	905	3191	30824,1805,3122,4018
0	905	473	30824,1805,3122,4018
0	905	3758	30824,1805,3122,4018
0	905	1217	30824,1805,3122,4018
0	905	2490	30824,1805,3122,4018
0	905	5277	30824,1805,3122,4018
0	905	3456	30824,1805,3122,4018
0	905	646	30824,1805,3122,4018
0	905	3998	30824,1805,3122,4018
1	905	4926	30824,1805,3122,4018
0	905	5577	30824,1805,3122,4018,4926
0	905	4924	30824,1805,3122,4018,4926
0	905	5642	30824,1805,3122,4018,4926
0	905	3162	30824,1805,3122,4018,4926
0	905	2403	30824,1805,3122,4018,4926
0	905	5727	30824,1805,3122,4018,4926
0	905	4110	30824,1805,3122,4018,4926
0	905	4376	30824,1805,3122,4018,4926
0	905	4773	30824,1805,3122,4018,4926
0	905	2745	30824,1805,3122,4018,4926
0	905	5348	30824,1805,3122,4018,4926
0	905	5775	30824,1805,3122,4018,4926
0	905	31834	30824,1805,3122,4018,4926
0	905	413	30824,1805,3122,4018,4926
0	905	23958	30824,1805,3122,4018,4926
0	905	3518	30824,1805,3122,4018,4926
0	905	2612	30824,1805,3122,4018,4926
0	905	5581	30824,1805,3122,4018,4926
0	905	5625	30824,1805,3122,4018,4926
0	905	3584	30824,1805,3122,4018,4926
0	905	19855	30824,1805,3122,4018,4926
0	905	4532	30824,1805,3122,4018,4926
0	905	33130	30824,1805,3122,4018,4926
0	905	5924	30824,1805,3122,4018,4926
0	905	2829	30824,1805,3122,4018,4926
0	905	6518	30824,1805,3122,4018,4926
0	905	5975	30824,1805,3122,4018,4926
0	905	7490	30824,1805,3122,4018,4926
0	905	5901	30824,1805,3122,4018,4926
0	905	6232	30824,1805,3122,4018,4926
0	905	5353	30824,1805,3122,4018,4926
0	905	7492	30824,1805,3122,4018,4926
0	905	8890	30824,1805,3122,4018,4926
0	905	8973	30824,1805,3122,4018,4926
0	905	8392	30824,1805,3122,4018,4926
0	905	536	30824,1805,3122,4018,4926
0	905	4364	30824,1805,3122,4018,4926
0	905	9179	30824,1805,3122,4018,4926
0	905	2595	30824,1805,3122,4018,4926
0	905	9879	30824,1805,3122,4018,4926
0	905	10273	30824,1805,3122,4018,4926
0	905	31067	30824,1805,3122,4018,4926
0	905	9462	30824,1805,3122,4018,4926
0	905	11351	30824,1805,3122,4018,4926
0	905	11977	30824,1805,3122,4018,4926
0	905	10376	30824,1805,3122,4018,4926
0	905	11240	30824,1805,3122,4018,4926
0	905	9616	30824,1805,3122,4018,4926
0	905	11408	30824,1805,3122,4018,4926
0	905	11238	30824,1805,3122,4018,4926
0	905	9143	30824,1805,3122,4018,4926
0	905	13696	30824,1805,3122,4018,4926
0	905	14122	30824,1805,3122,4018,4926
0	905	10352	30824,1805,3122,4018,4926
0	905	14658	30824,1805,3122,4018,4926
0	905	14341	30824,1805,3122,4018,4926
0	905	15203	30824,1805,3122,4018,4926
0	905	15211	30824,1805,3122,4018,4926
0	905	14367	30824,1805,3122,4018,4926
0	905	15138	30824,1805,3122,4018,4926
0	905	142	30824,1805,3122,4018,4926
0	905	15214	30824,1805,3122,4018,4926
0	905	9705	30824,1805,3122,4018,4926
0	905	12598	30824,1805,3122,4018,4926
0	905	16548	30824,1805,3122,4018,4926
0	905	16001	30824,1805,3122,4018,4926
0	905	15832	30824,1805,3122,4018,4926
0	905	17170	30824,1805,3122,4018,4926
0	905	18196	30824,1805,3122,4018,4926
0	905	16457	30824,1805,3122,4018,4926
0	905	15218	30824,1805,3122,4018,4926
0	905	1947	30824,1805,3122,4018,4926
0	905	17747	30824,1805,3122,4018,4926
0	905	7010	30824,1805,3122,4018,4926
0	905	17702	30824,1805,3122,4018,4926
0	905	19011	30824,1805,3122,4018,4926
0	905	16277	30824,1805,3122,4018,4926
0	905	19931	30824,1805,3122,4018,4926
1	905	2307	30824,1805,3122,4018,4926
0	905	20210	30824,1805,3122,4018,4926,2307
0	905	14275	30824,1805,3122,4018,4926,2307
0	905	20442	30824,1805,3122,4018,4926,2307
0	905	20937	30824,1805,3122,4018,4926,2307
0	905	16649	30824,1805,3122,4018,4926,2307
0	905	6974	30824,1805,3122,4018,4926,2307
0	905	22105	30824,1805,3122,4018,4926,2307
0	905	20207	30824,1805,3122,4018,4926,2307
0	905	14707	30824,1805,3122,4018,4926,2307
0	905	20747	30824,1805,3122,4018,4926,2307
0	905	17672	30824,1805,3122,4018,4926,2307
0	905	23348	30824,1805,3122,4018,4926,2307
0	905	10739	30824,1805,3122,4018,4926,2307
0	905	19881	30824,1805,3122,4018,4926,2307
0	905	22817	30824,1805,3122,4018,4926,2307
0	905	24728	30824,1805,3122,4018,4926,2307
0	905	24191	30824,1805,3122,4018,4926,2307
0	905	22111	30824,1805,3122,4018,4926,2307
0	905	20088	30824,1805,3122,4018,4926,2307
0	905	17041	30824,1805,3122,4018,4926,2307
0	905	25463	30824,1805,3122,4018,4926,2307
0	905	25250	30824,1805,3122,4018,4926,2307
0	905	26671	30824,1805,3122,4018,4926,2307
0	905	24726	30824,1805,3122,4018,4926,2307
0	905	15220	30824,1805,3122,4018,4926,2307
0	905	22516	30824,1805,3122,4018,4926,2307
0	905	24789	30824,1805,3122,4018,4926,2307
0	905	24786	30824,1805,3122,4018,4926,2307
0	905	24788	30824,1805,3122,4018,4926,2307
0	905	25705	30824,1805,3122,4018,4926,2307
0	905	23129	30824,1805,3122,4018,4926,2307
0	905	20681	30824,1805,3122,4018,4926,2307
0	905	19418	30824,1805,3122,4018,4926,2307
0	905	24730	30824,1805,3122,4018,4926,2307
0	905	25419	30824,1805,3122,4018,4926,2307
0	905	24727	30824,1805,3122,4018,4926,2307
0	905	21578	30824,1805,3122,4018,4926,2307
0	905	26113	30824,1805,3122,4018,4926,2307
0	905	24796	30824,1805,3122,4018,4926,2307
0	905	25809	30824,1805,3122,4018,4926,2307
0	905	25997	30824,1805,3122,4018,4926,2307
0	905	25817	30824,1805,3122,4018,4926,2307
0	905	26325	30824,1805,3122,4018,4926,2307
0	905	24755	30824,1805,3122,4018,4926,2307
0	905	24756	30824,1805,3122,4018,4926,2307
0	905	26393	30824,1805,3122,4018,4926,2307
0	905	27724	30824,1805,3122,4018,4926,2307
0	905	25846	30824,1805,3122,4018,4926,2307
0	905	26323	30824,1805,3122,4018,4926,2307
0	905	25248	30824,1805,3122,4018,4926,2307
0	905	25839	30824,1805,3122,4018,4926,2307
0	905	25841	30824,1805,3122,4018,4926,2307
0	905	25847	30824,1805,3122,4018,4926,2307
0	905	25842	30824,1805,3122,4018,4926,2307
0	905	26837	30824,1805,3122,4018,4926,2307
0	905	26838	30824,1805,3122,4018,4926,2307
