0	804	7278	0
0	804	31471	0
0	804	16432	0
0	804	17005	0
1	804	14620	0
0	804	12451	14620
0	804	33033	14620
0	804	7993	14620
0	804	14000	14620
1	804	15773	14620
0	804	18758	14620,15773
1	804	5544	14620,15773
1	804	19128	14620,15773,5544
0	804	2667	14620,15773,5544,19128
0	804	9792	14620,15773,5544,19128
1	804	2050	14620,15773,5544,19128
1	804	2323	14620,15773,5544,19128,2050
0	804	8222	14620,15773,5544,19128,2050,2323
1	804	10315	14620,15773,5544,19128,2050,2323
0	804	11998	14620,15773,5544,19128,2050,2323,10315
1	804	18822	14620,15773,5544,19128,2050,2323,10315
0	804	21753	14620,15773,5544,19128,2050,2323,10315,18822
0	804	22719	14620,15773,5544,19128,2050,2323,10315,18822
0	804	22949	14620,15773,5544,19128,2050,2323,10315,18822
0	804	25074	14620,15773,5544,19128,2050,2323,10315,18822
1	804	5196	14620,15773,5544,19128,2050,2323,10315,18822
1	804	21713	14620,15773,5544,19128,2050,2323,10315,18822,5196
1	804	15626	14620,15773,5544,19128,2050,2323,10315,18822,5196,21713
0	804	17253	14620,15773,5544,19128,2050,2323,10315,18822,5196,21713,15626
0	804	16302	14620,15773,5544,19128,2050,2323,10315,18822,5196,21713,15626
0	804	20767	14620,15773,5544,19128,2050,2323,10315,18822,5196,21713,15626
1	804	11843	14620,15773,5544,19128,2050,2323,10315,18822,5196,21713,15626
