0	874	608	0
0	874	1805	0
1	874	27983	0
0	874	9650	27983
1	874	15282	27983
1	874	18522	27983,15282
0	874	20039	27983,15282,18522
0	874	13662	27983,15282,18522
0	874	15674	27983,15282,18522
0	874	13431	27983,15282,18522
0	874	14859	27983,15282,18522
0	874	14743	27983,15282,18522
0	874	16388	27983,15282,18522
0	874	14924	27983,15282,18522
0	874	13119	27983,15282,18522
1	874	33105	27983,15282,18522
0	874	6028	27983,15282,18522,33105
1	874	11423	27983,15282,18522,33105
0	874	16105	27983,15282,18522,33105,11423
1	874	1543	27983,15282,18522,33105,11423
0	874	9484	27983,15282,18522,33105,11423,1543
0	874	12488	27983,15282,18522,33105,11423,1543
1	874	14558	27983,15282,18522,33105,11423,1543
0	874	1626	27983,15282,18522,33105,11423,1543,14558
0	874	19665	27983,15282,18522,33105,11423,1543,14558
1	874	20259	27983,15282,18522,33105,11423,1543,14558
1	874	17754	27983,15282,18522,33105,11423,1543,14558,20259
0	874	24093	27983,15282,18522,33105,11423,1543,14558,20259,17754
0	874	15793	27983,15282,18522,33105,11423,1543,14558,20259,17754
1	874	23222	27983,15282,18522,33105,11423,1543,14558,20259,17754
1	874	20214	27983,15282,18522,33105,11423,1543,14558,20259,17754,23222
0	874	27069	27983,15282,18522,33105,11423,1543,14558,20259,17754,23222,20214
1	874	18702	27983,15282,18522,33105,11423,1543,14558,20259,17754,23222,20214
1	874	22807	27983,15282,18522,33105,11423,1543,14558,20259,17754,23222,20214,18702
0	874	27455	27983,15282,18522,33105,11423,1543,14558,20259,17754,23222,20214,18702,22807
