0	1145	33023	0
1	1145	5206	0
1	1145	4498	5206
1	1145	8341	5206,4498
1	1145	8396	5206,4498,8341
0	1145	6484	5206,4498,8341,8396
1	1145	12142	5206,4498,8341,8396
0	1145	11953	5206,4498,8341,8396,12142
0	1145	17186	5206,4498,8341,8396,12142
0	1145	12454	5206,4498,8341,8396,12142
0	1145	16989	5206,4498,8341,8396,12142
0	1145	18031	5206,4498,8341,8396,12142
1	1145	18930	5206,4498,8341,8396,12142
0	1145	19393	5206,4498,8341,8396,12142,18930
0	1145	17048	5206,4498,8341,8396,12142,18930
0	1145	18807	5206,4498,8341,8396,12142,18930
0	1145	19873	5206,4498,8341,8396,12142,18930
0	1145	19794	5206,4498,8341,8396,12142,18930
0	1145	19402	5206,4498,8341,8396,12142,18930
0	1145	11703	5206,4498,8341,8396,12142,18930
1	1145	19365	5206,4498,8341,8396,12142,18930
0	1145	19336	5206,4498,8341,8396,12142,18930,19365
0	1145	1856	5206,4498,8341,8396,12142,18930,19365
0	1145	21515	5206,4498,8341,8396,12142,18930,19365
0	1145	22177	5206,4498,8341,8396,12142,18930,19365
1	1145	20412	5206,4498,8341,8396,12142,18930,19365
0	1145	22803	5206,4498,8341,8396,12142,18930,19365,20412
0	1145	19921	5206,4498,8341,8396,12142,18930,19365,20412
0	1145	22824	5206,4498,8341,8396,12142,18930,19365,20412
0	1145	24181	5206,4498,8341,8396,12142,18930,19365,20412
0	1145	24490	5206,4498,8341,8396,12142,18930,19365,20412
0	1145	22041	5206,4498,8341,8396,12142,18930,19365,20412
1	1145	26114	5206,4498,8341,8396,12142,18930,19365,20412
0	1145	24884	5206,4498,8341,8396,12142,18930,19365,20412,26114
0	1145	24507	5206,4498,8341,8396,12142,18930,19365,20412,26114
1	1145	26116	5206,4498,8341,8396,12142,18930,19365,20412,26114
0	1145	26190	5206,4498,8341,8396,12142,18930,19365,20412,26114,26116
1	1145	25114	5206,4498,8341,8396,12142,18930,19365,20412,26114,26116
1	1145	19233	5206,4498,8341,8396,12142,18930,19365,20412,26114,26116,25114
0	1145	26393	5206,4498,8341,8396,12142,18930,19365,20412,26114,26116,25114,19233
0	1145	23436	5206,4498,8341,8396,12142,18930,19365,20412,26114,26116,25114,19233
0	1145	14697	5206,4498,8341,8396,12142,18930,19365,20412,26114,26116,25114,19233
0	1145	27248	5206,4498,8341,8396,12142,18930,19365,20412,26114,26116,25114,19233
1	1145	26230	5206,4498,8341,8396,12142,18930,19365,20412,26114,26116,25114,19233
0	1145	27229	5206,4498,8341,8396,12142,18930,19365,20412,26114,26116,25114,19233,26230
0	1145	24589	5206,4498,8341,8396,12142,18930,19365,20412,26114,26116,25114,19233,26230
1	1145	27792	5206,4498,8341,8396,12142,18930,19365,20412,26114,26116,25114,19233,26230
1	1145	28173	5206,4498,8341,8396,12142,18930,19365,20412,26114,26116,25114,19233,26230,27792
1	1145	28504	5206,4498,8341,8396,12142,18930,19365,20412,26114,26116,25114,19233,26230,27792,28173
1	1145	27744	5206,4498,8341,8396,12142,18930,19365,20412,26114,26116,25114,19233,26230,27792,28173,28504
0	1145	27399	5206,4498,8341,8396,12142,18930,19365,20412,26114,26116,25114,19233,26230,27792,28173,28504,27744
0	1145	28722	5206,4498,8341,8396,12142,18930,19365,20412,26114,26116,25114,19233,26230,27792,28173,28504,27744
1	1145	29575	5206,4498,8341,8396,12142,18930,19365,20412,26114,26116,25114,19233,26230,27792,28173,28504,27744
0	1145	28429	5206,4498,8341,8396,12142,18930,19365,20412,26114,26116,25114,19233,26230,27792,28173,28504,27744,29575
