0	469	11118	0
1	469	28026	0
0	469	987	28026
1	469	13636	28026
1	469	8462	28026,13636
0	469	11180	28026,13636,8462
0	469	5493	28026,13636,8462
0	469	7174	28026,13636,8462
0	469	7585	28026,13636,8462
0	469	14134	28026,13636,8462
0	469	16544	28026,13636,8462
0	469	18923	28026,13636,8462
1	469	16019	28026,13636,8462
0	469	29091	28026,13636,8462,16019
0	469	11662	28026,13636,8462,16019
0	469	12226	28026,13636,8462,16019
0	469	15410	28026,13636,8462,16019
0	469	15900	28026,13636,8462,16019
0	469	17962	28026,13636,8462,16019
0	469	8634	28026,13636,8462,16019
0	469	3328	28026,13636,8462,16019
0	469	20875	28026,13636,8462,16019
0	469	9902	28026,13636,8462,16019
1	469	7426	28026,13636,8462,16019
0	469	32229	28026,13636,8462,16019,7426
0	469	11036	28026,13636,8462,16019,7426
0	469	14758	28026,13636,8462,16019,7426
0	469	7467	28026,13636,8462,16019,7426
1	469	5114	28026,13636,8462,16019,7426
0	469	6988	28026,13636,8462,16019,7426,5114
0	469	13001	28026,13636,8462,16019,7426,5114
0	469	7007	28026,13636,8462,16019,7426,5114
0	469	11169	28026,13636,8462,16019,7426,5114
1	469	19834	28026,13636,8462,16019,7426,5114
0	469	30807	28026,13636,8462,16019,7426,5114,19834
0	469	18186	28026,13636,8462,16019,7426,5114,19834
1	469	6556	28026,13636,8462,16019,7426,5114,19834
1	469	5586	28026,13636,8462,16019,7426,5114,19834,6556
0	469	5450	28026,13636,8462,16019,7426,5114,19834,6556,5586
1	469	11663	28026,13636,8462,16019,7426,5114,19834,6556,5586
0	469	15938	28026,13636,8462,16019,7426,5114,19834,6556,5586,11663
0	469	11317	28026,13636,8462,16019,7426,5114,19834,6556,5586,11663
1	469	21407	28026,13636,8462,16019,7426,5114,19834,6556,5586,11663
1	469	9968	28026,13636,8462,16019,7426,5114,19834,6556,5586,11663,21407
1	469	7606	28026,13636,8462,16019,7426,5114,19834,6556,5586,11663,21407,9968
0	469	10972	28026,13636,8462,16019,7426,5114,19834,6556,5586,11663,21407,9968,7606
0	469	13607	28026,13636,8462,16019,7426,5114,19834,6556,5586,11663,21407,9968,7606
0	469	8381	28026,13636,8462,16019,7426,5114,19834,6556,5586,11663,21407,9968,7606
1	469	22826	28026,13636,8462,16019,7426,5114,19834,6556,5586,11663,21407,9968,7606
1	469	9641	28026,13636,8462,16019,7426,5114,19834,6556,5586,11663,21407,9968,7606,22826
1	469	8635	28026,13636,8462,16019,7426,5114,19834,6556,5586,11663,21407,9968,7606,22826,9641
1	469	2181	28026,13636,8462,16019,7426,5114,19834,6556,5586,11663,21407,9968,7606,22826,9641,8635
1	469	418	28026,13636,8462,16019,7426,5114,19834,6556,5586,11663,21407,9968,7606,22826,9641,8635,2181
0	469	22377	28026,13636,8462,16019,7426,5114,19834,6556,5586,11663,21407,9968,7606,22826,9641,8635,2181,418
1	469	13398	28026,13636,8462,16019,7426,5114,19834,6556,5586,11663,21407,9968,7606,22826,9641,8635,2181,418
0	469	22702	28026,13636,8462,16019,7426,5114,19834,6556,5586,11663,21407,9968,7606,22826,9641,8635,2181,418,13398
1	469	24483	28026,13636,8462,16019,7426,5114,19834,6556,5586,11663,21407,9968,7606,22826,9641,8635,2181,418,13398
1	469	10091	28026,13636,8462,16019,7426,5114,19834,6556,5586,11663,21407,9968,7606,22826,9641,8635,2181,418,13398,24483
0	469	15066	28026,13636,8462,16019,7426,5114,19834,6556,5586,11663,21407,9968,7606,22826,9641,8635,2181,418,13398,24483,10091
1	469	6766	28026,13636,8462,16019,7426,5114,19834,6556,5586,11663,21407,9968,7606,22826,9641,8635,2181,418,13398,24483,10091
0	469	9565	28026,13636,8462,16019,7426,5114,19834,6556,5586,11663,21407,9968,7606,22826,9641,8635,2181,418,13398,24483,10091,6766
0	469	28263	28026,13636,8462,16019,7426,5114,19834,6556,5586,11663,21407,9968,7606,22826,9641,8635,2181,418,13398,24483,10091,6766
