1	283	25238	0
1	283	72	25238
0	283	31921	25238,72
0	283	29898	25238,72
0	283	26875	25238,72
1	283	1332	25238,72
1	283	1000	25238,72,1332
0	283	6171	25238,72,1332,1000
1	283	5130	25238,72,1332,1000
0	283	4552	25238,72,1332,1000,5130
1	283	6178	25238,72,1332,1000,5130
1	283	3251	25238,72,1332,1000,5130,6178
1	283	3323	25238,72,1332,1000,5130,6178,3251
1	283	30777	25238,72,1332,1000,5130,6178,3251,3323
1	283	2328	25238,72,1332,1000,5130,6178,3251,3323,30777
0	283	5683	25238,72,1332,1000,5130,6178,3251,3323,30777,2328
0	283	7066	25238,72,1332,1000,5130,6178,3251,3323,30777,2328
1	283	6788	25238,72,1332,1000,5130,6178,3251,3323,30777,2328
1	283	31478	25238,72,1332,1000,5130,6178,3251,3323,30777,2328,6788
1	283	7293	25238,72,1332,1000,5130,6178,3251,3323,30777,2328,6788,31478
1	283	3043	25238,72,1332,1000,5130,6178,3251,3323,30777,2328,6788,31478,7293
1	283	4358	25238,72,1332,1000,5130,6178,3251,3323,30777,2328,6788,31478,7293,3043
0	283	9580	25238,72,1332,1000,5130,6178,3251,3323,30777,2328,6788,31478,7293,3043,4358
0	283	6810	25238,72,1332,1000,5130,6178,3251,3323,30777,2328,6788,31478,7293,3043,4358
0	283	14194	25238,72,1332,1000,5130,6178,3251,3323,30777,2328,6788,31478,7293,3043,4358
1	283	14080	25238,72,1332,1000,5130,6178,3251,3323,30777,2328,6788,31478,7293,3043,4358
1	283	5175	25238,72,1332,1000,5130,6178,3251,3323,30777,2328,6788,31478,7293,3043,4358,14080
1	283	13126	25238,72,1332,1000,5130,6178,3251,3323,30777,2328,6788,31478,7293,3043,4358,14080,5175
1	283	16243	25238,72,1332,1000,5130,6178,3251,3323,30777,2328,6788,31478,7293,3043,4358,14080,5175,13126
1	283	14208	25238,72,1332,1000,5130,6178,3251,3323,30777,2328,6788,31478,7293,3043,4358,14080,5175,13126,16243
1	283	18332	25238,72,1332,1000,5130,6178,3251,3323,30777,2328,6788,31478,7293,3043,4358,14080,5175,13126,16243,14208
1	283	15218	25238,72,1332,1000,5130,6178,3251,3323,30777,2328,6788,31478,7293,3043,4358,14080,5175,13126,16243,14208,18332
1	283	16453	25238,72,1332,1000,5130,6178,3251,3323,30777,2328,6788,31478,7293,3043,4358,14080,5175,13126,16243,14208,18332,15218
1	283	14668	25238,72,1332,1000,5130,6178,3251,3323,30777,2328,6788,31478,7293,3043,4358,14080,5175,13126,16243,14208,18332,15218,16453
1	283	4031	25238,72,1332,1000,5130,6178,3251,3323,30777,2328,6788,31478,7293,3043,4358,14080,5175,13126,16243,14208,18332,15218,16453,14668
0	283	19397	25238,72,1332,1000,5130,6178,3251,3323,30777,2328,6788,31478,7293,3043,4358,14080,5175,13126,16243,14208,18332,15218,16453,14668,4031
0	283	11843	25238,72,1332,1000,5130,6178,3251,3323,30777,2328,6788,31478,7293,3043,4358,14080,5175,13126,16243,14208,18332,15218,16453,14668,4031
1	283	5374	25238,72,1332,1000,5130,6178,3251,3323,30777,2328,6788,31478,7293,3043,4358,14080,5175,13126,16243,14208,18332,15218,16453,14668,4031
1	283	21114	25238,72,1332,1000,5130,6178,3251,3323,30777,2328,6788,31478,7293,3043,4358,14080,5175,13126,16243,14208,18332,15218,16453,14668,4031,5374
0	283	19878	25238,72,1332,1000,5130,6178,3251,3323,30777,2328,6788,31478,7293,3043,4358,14080,5175,13126,16243,14208,18332,15218,16453,14668,4031,5374,21114
1	283	21303	25238,72,1332,1000,5130,6178,3251,3323,30777,2328,6788,31478,7293,3043,4358,14080,5175,13126,16243,14208,18332,15218,16453,14668,4031,5374,21114
1	283	22261	25238,72,1332,1000,5130,6178,3251,3323,30777,2328,6788,31478,7293,3043,4358,14080,5175,13126,16243,14208,18332,15218,16453,14668,4031,5374,21114,21303
0	283	23451	25238,72,1332,1000,5130,6178,3251,3323,30777,2328,6788,31478,7293,3043,4358,14080,5175,13126,16243,14208,18332,15218,16453,14668,4031,5374,21114,21303,22261
0	283	774	25238,72,1332,1000,5130,6178,3251,3323,30777,2328,6788,31478,7293,3043,4358,14080,5175,13126,16243,14208,18332,15218,16453,14668,4031,5374,21114,21303,22261
1	283	14248	25238,72,1332,1000,5130,6178,3251,3323,30777,2328,6788,31478,7293,3043,4358,14080,5175,13126,16243,14208,18332,15218,16453,14668,4031,5374,21114,21303,22261
1	283	9796	25238,72,1332,1000,5130,6178,3251,3323,30777,2328,6788,31478,7293,3043,4358,14080,5175,13126,16243,14208,18332,15218,16453,14668,4031,5374,21114,21303,22261,14248
1	283	30891	25238,72,1332,1000,5130,6178,3251,3323,30777,2328,6788,31478,7293,3043,4358,14080,5175,13126,16243,14208,18332,15218,16453,14668,4031,5374,21114,21303,22261,14248,9796
1	283	5943	25238,72,1332,1000,5130,6178,3251,3323,30777,2328,6788,31478,7293,3043,4358,14080,5175,13126,16243,14208,18332,15218,16453,14668,4031,5374,21114,21303,22261,14248,9796,30891
1	283	13417	25238,72,1332,1000,5130,6178,3251,3323,30777,2328,6788,31478,7293,3043,4358,14080,5175,13126,16243,14208,18332,15218,16453,14668,4031,5374,21114,21303,22261,14248,9796,30891,5943
1	283	11869	25238,72,1332,1000,5130,6178,3251,3323,30777,2328,6788,31478,7293,3043,4358,14080,5175,13126,16243,14208,18332,15218,16453,14668,4031,5374,21114,21303,22261,14248,9796,30891,5943,13417
0	283	32864	25238,72,1332,1000,5130,6178,3251,3323,30777,2328,6788,31478,7293,3043,4358,14080,5175,13126,16243,14208,18332,15218,16453,14668,4031,5374,21114,21303,22261,14248,9796,30891,5943,13417,11869
1	283	18843	25238,72,1332,1000,5130,6178,3251,3323,30777,2328,6788,31478,7293,3043,4358,14080,5175,13126,16243,14208,18332,15218,16453,14668,4031,5374,21114,21303,22261,14248,9796,30891,5943,13417,11869
1	283	20563	25238,72,1332,1000,5130,6178,3251,3323,30777,2328,6788,31478,7293,3043,4358,14080,5175,13126,16243,14208,18332,15218,16453,14668,4031,5374,21114,21303,22261,14248,9796,30891,5943,13417,11869,18843
0	283	23389	25238,72,1332,1000,5130,6178,3251,3323,30777,2328,6788,31478,7293,3043,4358,14080,5175,13126,16243,14208,18332,15218,16453,14668,4031,5374,21114,21303,22261,14248,9796,30891,5943,13417,11869,18843,20563
1	283	21444	25238,72,1332,1000,5130,6178,3251,3323,30777,2328,6788,31478,7293,3043,4358,14080,5175,13126,16243,14208,18332,15218,16453,14668,4031,5374,21114,21303,22261,14248,9796,30891,5943,13417,11869,18843,20563
1	283	4780	25238,72,1332,1000,5130,6178,3251,3323,30777,2328,6788,31478,7293,3043,4358,14080,5175,13126,16243,14208,18332,15218,16453,14668,4031,5374,21114,21303,22261,14248,9796,30891,5943,13417,11869,18843,20563,21444
1	283	15419	25238,72,1332,1000,5130,6178,3251,3323,30777,2328,6788,31478,7293,3043,4358,14080,5175,13126,16243,14208,18332,15218,16453,14668,4031,5374,21114,21303,22261,14248,9796,30891,5943,13417,11869,18843,20563,21444,4780
1	283	3769	25238,72,1332,1000,5130,6178,3251,3323,30777,2328,6788,31478,7293,3043,4358,14080,5175,13126,16243,14208,18332,15218,16453,14668,4031,5374,21114,21303,22261,14248,9796,30891,5943,13417,11869,18843,20563,21444,4780,15419
0	283	23768	25238,72,1332,1000,5130,6178,3251,3323,30777,2328,6788,31478,7293,3043,4358,14080,5175,13126,16243,14208,18332,15218,16453,14668,4031,5374,21114,21303,22261,14248,9796,30891,5943,13417,11869,18843,20563,21444,4780,15419,3769
1	283	24587	25238,72,1332,1000,5130,6178,3251,3323,30777,2328,6788,31478,7293,3043,4358,14080,5175,13126,16243,14208,18332,15218,16453,14668,4031,5374,21114,21303,22261,14248,9796,30891,5943,13417,11869,18843,20563,21444,4780,15419,3769
1	283	33072	25238,72,1332,1000,5130,6178,3251,3323,30777,2328,6788,31478,7293,3043,4358,14080,5175,13126,16243,14208,18332,15218,16453,14668,4031,5374,21114,21303,22261,14248,9796,30891,5943,13417,11869,18843,20563,21444,4780,15419,3769,24587
0	283	28872	25238,72,1332,1000,5130,6178,3251,3323,30777,2328,6788,31478,7293,3043,4358,14080,5175,13126,16243,14208,18332,15218,16453,14668,4031,5374,21114,21303,22261,14248,9796,30891,5943,13417,11869,18843,20563,21444,4780,15419,3769,24587,33072
1	283	12562	25238,72,1332,1000,5130,6178,3251,3323,30777,2328,6788,31478,7293,3043,4358,14080,5175,13126,16243,14208,18332,15218,16453,14668,4031,5374,21114,21303,22261,14248,9796,30891,5943,13417,11869,18843,20563,21444,4780,15419,3769,24587,33072
1	283	9082	25238,72,1332,1000,5130,6178,3251,3323,30777,2328,6788,31478,7293,3043,4358,14080,5175,13126,16243,14208,18332,15218,16453,14668,4031,5374,21114,21303,22261,14248,9796,30891,5943,13417,11869,18843,20563,21444,4780,15419,3769,24587,33072,12562
1	283	3	25238,72,1332,1000,5130,6178,3251,3323,30777,2328,6788,31478,7293,3043,4358,14080,5175,13126,16243,14208,18332,15218,16453,14668,4031,5374,21114,21303,22261,14248,9796,30891,5943,13417,11869,18843,20563,21444,4780,15419,3769,24587,33072,12562,9082
1	283	19226	25238,72,1332,1000,5130,6178,3251,3323,30777,2328,6788,31478,7293,3043,4358,14080,5175,13126,16243,14208,18332,15218,16453,14668,4031,5374,21114,21303,22261,14248,9796,30891,5943,13417,11869,18843,20563,21444,4780,15419,3769,24587,33072,12562,9082,3
0	283	28089	25238,72,1332,1000,5130,6178,3251,3323,30777,2328,6788,31478,7293,3043,4358,14080,5175,13126,16243,14208,18332,15218,16453,14668,4031,5374,21114,21303,22261,14248,9796,30891,5943,13417,11869,18843,20563,21444,4780,15419,3769,24587,33072,12562,9082,3,19226
