0	1538	31387	0
0	1538	32117	0
1	1538	32783	0
0	1538	31185	32783
1	1538	32193	32783
0	1538	15460	32783,32193
1	1538	28447	32783,32193
1	1538	778	32783,32193,28447
1	1538	31856	32783,32193,28447,778
1	1538	2947	32783,32193,28447,778,31856
0	1538	5049	32783,32193,28447,778,31856,2947
1	1538	203	32783,32193,28447,778,31856,2947
1	1538	6534	32783,32193,28447,778,31856,2947,203
0	1538	7180	32783,32193,28447,778,31856,2947,203,6534
0	1538	2548	32783,32193,28447,778,31856,2947,203,6534
1	1538	14245	32783,32193,28447,778,31856,2947,203,6534
0	1538	13824	32783,32193,28447,778,31856,2947,203,6534,14245
0	1538	7175	32783,32193,28447,778,31856,2947,203,6534,14245
1	1538	11628	32783,32193,28447,778,31856,2947,203,6534,14245
1	1538	12681	32783,32193,28447,778,31856,2947,203,6534,14245,11628
0	1538	8850	32783,32193,28447,778,31856,2947,203,6534,14245,11628,12681
1	1538	20246	32783,32193,28447,778,31856,2947,203,6534,14245,11628,12681
0	1538	9463	32783,32193,28447,778,31856,2947,203,6534,14245,11628,12681,20246
0	1538	14815	32783,32193,28447,778,31856,2947,203,6534,14245,11628,12681,20246
1	1538	20190	32783,32193,28447,778,31856,2947,203,6534,14245,11628,12681,20246
1	1538	24308	32783,32193,28447,778,31856,2947,203,6534,14245,11628,12681,20246,20190
1	1538	23739	32783,32193,28447,778,31856,2947,203,6534,14245,11628,12681,20246,20190,24308
0	1538	7684	32783,32193,28447,778,31856,2947,203,6534,14245,11628,12681,20246,20190,24308,23739
0	1538	12356	32783,32193,28447,778,31856,2947,203,6534,14245,11628,12681,20246,20190,24308,23739
1	1538	19185	32783,32193,28447,778,31856,2947,203,6534,14245,11628,12681,20246,20190,24308,23739
1	1538	9786	32783,32193,28447,778,31856,2947,203,6534,14245,11628,12681,20246,20190,24308,23739,19185
1	1538	20132	32783,32193,28447,778,31856,2947,203,6534,14245,11628,12681,20246,20190,24308,23739,19185,9786
0	1538	7179	32783,32193,28447,778,31856,2947,203,6534,14245,11628,12681,20246,20190,24308,23739,19185,9786,20132
1	1538	23824	32783,32193,28447,778,31856,2947,203,6534,14245,11628,12681,20246,20190,24308,23739,19185,9786,20132
1	1538	11866	32783,32193,28447,778,31856,2947,203,6534,14245,11628,12681,20246,20190,24308,23739,19185,9786,20132,23824
1	1538	17095	32783,32193,28447,778,31856,2947,203,6534,14245,11628,12681,20246,20190,24308,23739,19185,9786,20132,23824,11866
1	1538	31416	32783,32193,28447,778,31856,2947,203,6534,14245,11628,12681,20246,20190,24308,23739,19185,9786,20132,23824,11866,17095
