1	271	29572	0
1	271	1646	29572
1	271	8326	29572,1646
1	271	31546	29572,1646,8326
1	271	519	29572,1646,8326,31546
0	271	507	29572,1646,8326,31546,519
1	271	1101	29572,1646,8326,31546,519
1	271	950	29572,1646,8326,31546,519,1101
0	271	5523	29572,1646,8326,31546,519,1101,950
1	271	1845	29572,1646,8326,31546,519,1101,950
1	271	5275	29572,1646,8326,31546,519,1101,950,1845
0	271	5353	29572,1646,8326,31546,519,1101,950,1845,5275
1	271	5591	29572,1646,8326,31546,519,1101,950,1845,5275
1	271	6585	29572,1646,8326,31546,519,1101,950,1845,5275,5591
1	271	6922	29572,1646,8326,31546,519,1101,950,1845,5275,5591,6585
0	271	7529	29572,1646,8326,31546,519,1101,950,1845,5275,5591,6585,6922
1	271	3016	29572,1646,8326,31546,519,1101,950,1845,5275,5591,6585,6922
1	271	5171	29572,1646,8326,31546,519,1101,950,1845,5275,5591,6585,6922,3016
1	271	22317	29572,1646,8326,31546,519,1101,950,1845,5275,5591,6585,6922,3016,5171
1	271	6434	29572,1646,8326,31546,519,1101,950,1845,5275,5591,6585,6922,3016,5171,22317
0	271	8985	29572,1646,8326,31546,519,1101,950,1845,5275,5591,6585,6922,3016,5171,22317,6434
1	271	11079	29572,1646,8326,31546,519,1101,950,1845,5275,5591,6585,6922,3016,5171,22317,6434
1	271	1705	29572,1646,8326,31546,519,1101,950,1845,5275,5591,6585,6922,3016,5171,22317,6434,11079
0	271	14308	29572,1646,8326,31546,519,1101,950,1845,5275,5591,6585,6922,3016,5171,22317,6434,11079,1705
0	271	31731	29572,1646,8326,31546,519,1101,950,1845,5275,5591,6585,6922,3016,5171,22317,6434,11079,1705
0	271	13384	29572,1646,8326,31546,519,1101,950,1845,5275,5591,6585,6922,3016,5171,22317,6434,11079,1705
1	271	4846	29572,1646,8326,31546,519,1101,950,1845,5275,5591,6585,6922,3016,5171,22317,6434,11079,1705
0	271	12598	29572,1646,8326,31546,519,1101,950,1845,5275,5591,6585,6922,3016,5171,22317,6434,11079,1705,4846
0	271	10173	29572,1646,8326,31546,519,1101,950,1845,5275,5591,6585,6922,3016,5171,22317,6434,11079,1705,4846
0	271	15822	29572,1646,8326,31546,519,1101,950,1845,5275,5591,6585,6922,3016,5171,22317,6434,11079,1705,4846
1	271	18155	29572,1646,8326,31546,519,1101,950,1845,5275,5591,6585,6922,3016,5171,22317,6434,11079,1705,4846
0	271	10742	29572,1646,8326,31546,519,1101,950,1845,5275,5591,6585,6922,3016,5171,22317,6434,11079,1705,4846,18155
0	271	18008	29572,1646,8326,31546,519,1101,950,1845,5275,5591,6585,6922,3016,5171,22317,6434,11079,1705,4846,18155
0	271	18353	29572,1646,8326,31546,519,1101,950,1845,5275,5591,6585,6922,3016,5171,22317,6434,11079,1705,4846,18155
0	271	12597	29572,1646,8326,31546,519,1101,950,1845,5275,5591,6585,6922,3016,5171,22317,6434,11079,1705,4846,18155
0	271	10740	29572,1646,8326,31546,519,1101,950,1845,5275,5591,6585,6922,3016,5171,22317,6434,11079,1705,4846,18155
0	271	20397	29572,1646,8326,31546,519,1101,950,1845,5275,5591,6585,6922,3016,5171,22317,6434,11079,1705,4846,18155
0	271	19402	29572,1646,8326,31546,519,1101,950,1845,5275,5591,6585,6922,3016,5171,22317,6434,11079,1705,4846,18155
0	271	7471	29572,1646,8326,31546,519,1101,950,1845,5275,5591,6585,6922,3016,5171,22317,6434,11079,1705,4846,18155
1	271	11987	29572,1646,8326,31546,519,1101,950,1845,5275,5591,6585,6922,3016,5171,22317,6434,11079,1705,4846,18155
0	271	21164	29572,1646,8326,31546,519,1101,950,1845,5275,5591,6585,6922,3016,5171,22317,6434,11079,1705,4846,18155,11987
1	271	14813	29572,1646,8326,31546,519,1101,950,1845,5275,5591,6585,6922,3016,5171,22317,6434,11079,1705,4846,18155,11987
0	271	22368	29572,1646,8326,31546,519,1101,950,1845,5275,5591,6585,6922,3016,5171,22317,6434,11079,1705,4846,18155,11987,14813
0	271	21063	29572,1646,8326,31546,519,1101,950,1845,5275,5591,6585,6922,3016,5171,22317,6434,11079,1705,4846,18155,11987,14813
1	271	15219	29572,1646,8326,31546,519,1101,950,1845,5275,5591,6585,6922,3016,5171,22317,6434,11079,1705,4846,18155,11987,14813
0	271	17132	29572,1646,8326,31546,519,1101,950,1845,5275,5591,6585,6922,3016,5171,22317,6434,11079,1705,4846,18155,11987,14813,15219
1	271	18637	29572,1646,8326,31546,519,1101,950,1845,5275,5591,6585,6922,3016,5171,22317,6434,11079,1705,4846,18155,11987,14813,15219
1	271	22592	29572,1646,8326,31546,519,1101,950,1845,5275,5591,6585,6922,3016,5171,22317,6434,11079,1705,4846,18155,11987,14813,15219,18637
1	271	25927	29572,1646,8326,31546,519,1101,950,1845,5275,5591,6585,6922,3016,5171,22317,6434,11079,1705,4846,18155,11987,14813,15219,18637,22592
1	271	22199	29572,1646,8326,31546,519,1101,950,1845,5275,5591,6585,6922,3016,5171,22317,6434,11079,1705,4846,18155,11987,14813,15219,18637,22592,25927
0	271	23599	29572,1646,8326,31546,519,1101,950,1845,5275,5591,6585,6922,3016,5171,22317,6434,11079,1705,4846,18155,11987,14813,15219,18637,22592,25927,22199
0	271	27247	29572,1646,8326,31546,519,1101,950,1845,5275,5591,6585,6922,3016,5171,22317,6434,11079,1705,4846,18155,11987,14813,15219,18637,22592,25927,22199
1	271	27619	29572,1646,8326,31546,519,1101,950,1845,5275,5591,6585,6922,3016,5171,22317,6434,11079,1705,4846,18155,11987,14813,15219,18637,22592,25927,22199
0	271	28066	29572,1646,8326,31546,519,1101,950,1845,5275,5591,6585,6922,3016,5171,22317,6434,11079,1705,4846,18155,11987,14813,15219,18637,22592,25927,22199,27619
0	271	3869	29572,1646,8326,31546,519,1101,950,1845,5275,5591,6585,6922,3016,5171,22317,6434,11079,1705,4846,18155,11987,14813,15219,18637,22592,25927,22199,27619
0	271	27052	29572,1646,8326,31546,519,1101,950,1845,5275,5591,6585,6922,3016,5171,22317,6434,11079,1705,4846,18155,11987,14813,15219,18637,22592,25927,22199,27619
1	271	837	29572,1646,8326,31546,519,1101,950,1845,5275,5591,6585,6922,3016,5171,22317,6434,11079,1705,4846,18155,11987,14813,15219,18637,22592,25927,22199,27619
1	271	23794	29572,1646,8326,31546,519,1101,950,1845,5275,5591,6585,6922,3016,5171,22317,6434,11079,1705,4846,18155,11987,14813,15219,18637,22592,25927,22199,27619,837
1	271	27737	29572,1646,8326,31546,519,1101,950,1845,5275,5591,6585,6922,3016,5171,22317,6434,11079,1705,4846,18155,11987,14813,15219,18637,22592,25927,22199,27619,837,23794
1	271	28003	29572,1646,8326,31546,519,1101,950,1845,5275,5591,6585,6922,3016,5171,22317,6434,11079,1705,4846,18155,11987,14813,15219,18637,22592,25927,22199,27619,837,23794,27737
1	271	18871	29572,1646,8326,31546,519,1101,950,1845,5275,5591,6585,6922,3016,5171,22317,6434,11079,1705,4846,18155,11987,14813,15219,18637,22592,25927,22199,27619,837,23794,27737,28003
0	271	28437	29572,1646,8326,31546,519,1101,950,1845,5275,5591,6585,6922,3016,5171,22317,6434,11079,1705,4846,18155,11987,14813,15219,18637,22592,25927,22199,27619,837,23794,27737,28003,18871
1	271	25942	29572,1646,8326,31546,519,1101,950,1845,5275,5591,6585,6922,3016,5171,22317,6434,11079,1705,4846,18155,11987,14813,15219,18637,22592,25927,22199,27619,837,23794,27737,28003,18871
1	271	29125	29572,1646,8326,31546,519,1101,950,1845,5275,5591,6585,6922,3016,5171,22317,6434,11079,1705,4846,18155,11987,14813,15219,18637,22592,25927,22199,27619,837,23794,27737,28003,18871,25942
