0	532	20345	0
0	532	8638	0
1	532	31417	0
0	532	24289	31417
1	532	30421	31417
1	532	4021	31417,30421
0	532	3050	31417,30421,4021
0	532	3957	31417,30421,4021
1	532	5523	31417,30421,4021
0	532	4854	31417,30421,4021,5523
0	532	31864	31417,30421,4021,5523
1	532	6618	31417,30421,4021,5523
1	532	7080	31417,30421,4021,5523,6618
1	532	29	31417,30421,4021,5523,6618,7080
0	532	32105	31417,30421,4021,5523,6618,7080,29
0	532	7193	31417,30421,4021,5523,6618,7080,29
1	532	1344	31417,30421,4021,5523,6618,7080,29
0	532	7378	31417,30421,4021,5523,6618,7080,29,1344
1	532	6338	31417,30421,4021,5523,6618,7080,29,1344
0	532	5540	31417,30421,4021,5523,6618,7080,29,1344,6338
0	532	6231	31417,30421,4021,5523,6618,7080,29,1344,6338
1	532	8425	31417,30421,4021,5523,6618,7080,29,1344,6338
1	532	8043	31417,30421,4021,5523,6618,7080,29,1344,6338,8425
0	532	7033	31417,30421,4021,5523,6618,7080,29,1344,6338,8425,8043
1	532	8979	31417,30421,4021,5523,6618,7080,29,1344,6338,8425,8043
0	532	7787	31417,30421,4021,5523,6618,7080,29,1344,6338,8425,8043,8979
0	532	7817	31417,30421,4021,5523,6618,7080,29,1344,6338,8425,8043,8979
1	532	9691	31417,30421,4021,5523,6618,7080,29,1344,6338,8425,8043,8979
1	532	6855	31417,30421,4021,5523,6618,7080,29,1344,6338,8425,8043,8979,9691
1	532	8863	31417,30421,4021,5523,6618,7080,29,1344,6338,8425,8043,8979,9691,6855
1	532	8724	31417,30421,4021,5523,6618,7080,29,1344,6338,8425,8043,8979,9691,6855,8863
1	532	6991	31417,30421,4021,5523,6618,7080,29,1344,6338,8425,8043,8979,9691,6855,8863,8724
1	532	6858	31417,30421,4021,5523,6618,7080,29,1344,6338,8425,8043,8979,9691,6855,8863,8724,6991
1	532	9879	31417,30421,4021,5523,6618,7080,29,1344,6338,8425,8043,8979,9691,6855,8863,8724,6991,6858
1	532	10606	31417,30421,4021,5523,6618,7080,29,1344,6338,8425,8043,8979,9691,6855,8863,8724,6991,6858,9879
0	532	9462	31417,30421,4021,5523,6618,7080,29,1344,6338,8425,8043,8979,9691,6855,8863,8724,6991,6858,9879,10606
1	532	8957	31417,30421,4021,5523,6618,7080,29,1344,6338,8425,8043,8979,9691,6855,8863,8724,6991,6858,9879,10606
1	532	12040	31417,30421,4021,5523,6618,7080,29,1344,6338,8425,8043,8979,9691,6855,8863,8724,6991,6858,9879,10606,8957
1	532	10375	31417,30421,4021,5523,6618,7080,29,1344,6338,8425,8043,8979,9691,6855,8863,8724,6991,6858,9879,10606,8957,12040
1	532	11141	31417,30421,4021,5523,6618,7080,29,1344,6338,8425,8043,8979,9691,6855,8863,8724,6991,6858,9879,10606,8957,12040,10375
1	532	9908	31417,30421,4021,5523,6618,7080,29,1344,6338,8425,8043,8979,9691,6855,8863,8724,6991,6858,9879,10606,8957,12040,10375,11141
0	532	11954	31417,30421,4021,5523,6618,7080,29,1344,6338,8425,8043,8979,9691,6855,8863,8724,6991,6858,9879,10606,8957,12040,10375,11141,9908
0	532	8224	31417,30421,4021,5523,6618,7080,29,1344,6338,8425,8043,8979,9691,6855,8863,8724,6991,6858,9879,10606,8957,12040,10375,11141,9908
1	532	13770	31417,30421,4021,5523,6618,7080,29,1344,6338,8425,8043,8979,9691,6855,8863,8724,6991,6858,9879,10606,8957,12040,10375,11141,9908
0	532	10738	31417,30421,4021,5523,6618,7080,29,1344,6338,8425,8043,8979,9691,6855,8863,8724,6991,6858,9879,10606,8957,12040,10375,11141,9908,13770
0	532	10765	31417,30421,4021,5523,6618,7080,29,1344,6338,8425,8043,8979,9691,6855,8863,8724,6991,6858,9879,10606,8957,12040,10375,11141,9908,13770
0	532	1740	31417,30421,4021,5523,6618,7080,29,1344,6338,8425,8043,8979,9691,6855,8863,8724,6991,6858,9879,10606,8957,12040,10375,11141,9908,13770
1	532	13930	31417,30421,4021,5523,6618,7080,29,1344,6338,8425,8043,8979,9691,6855,8863,8724,6991,6858,9879,10606,8957,12040,10375,11141,9908,13770
1	532	14493	31417,30421,4021,5523,6618,7080,29,1344,6338,8425,8043,8979,9691,6855,8863,8724,6991,6858,9879,10606,8957,12040,10375,11141,9908,13770,13930
1	532	9703	31417,30421,4021,5523,6618,7080,29,1344,6338,8425,8043,8979,9691,6855,8863,8724,6991,6858,9879,10606,8957,12040,10375,11141,9908,13770,13930,14493
1	532	15521	31417,30421,4021,5523,6618,7080,29,1344,6338,8425,8043,8979,9691,6855,8863,8724,6991,6858,9879,10606,8957,12040,10375,11141,9908,13770,13930,14493,9703
0	532	15212	31417,30421,4021,5523,6618,7080,29,1344,6338,8425,8043,8979,9691,6855,8863,8724,6991,6858,9879,10606,8957,12040,10375,11141,9908,13770,13930,14493,9703,15521
1	532	9702	31417,30421,4021,5523,6618,7080,29,1344,6338,8425,8043,8979,9691,6855,8863,8724,6991,6858,9879,10606,8957,12040,10375,11141,9908,13770,13930,14493,9703,15521
0	532	10034	31417,30421,4021,5523,6618,7080,29,1344,6338,8425,8043,8979,9691,6855,8863,8724,6991,6858,9879,10606,8957,12040,10375,11141,9908,13770,13930,14493,9703,15521,9702
0	532	16174	31417,30421,4021,5523,6618,7080,29,1344,6338,8425,8043,8979,9691,6855,8863,8724,6991,6858,9879,10606,8957,12040,10375,11141,9908,13770,13930,14493,9703,15521,9702
1	532	16545	31417,30421,4021,5523,6618,7080,29,1344,6338,8425,8043,8979,9691,6855,8863,8724,6991,6858,9879,10606,8957,12040,10375,11141,9908,13770,13930,14493,9703,15521,9702
0	532	10733	31417,30421,4021,5523,6618,7080,29,1344,6338,8425,8043,8979,9691,6855,8863,8724,6991,6858,9879,10606,8957,12040,10375,11141,9908,13770,13930,14493,9703,15521,9702,16545
0	532	17482	31417,30421,4021,5523,6618,7080,29,1344,6338,8425,8043,8979,9691,6855,8863,8724,6991,6858,9879,10606,8957,12040,10375,11141,9908,13770,13930,14493,9703,15521,9702,16545
1	532	15220	31417,30421,4021,5523,6618,7080,29,1344,6338,8425,8043,8979,9691,6855,8863,8724,6991,6858,9879,10606,8957,12040,10375,11141,9908,13770,13930,14493,9703,15521,9702,16545
0	532	18672	31417,30421,4021,5523,6618,7080,29,1344,6338,8425,8043,8979,9691,6855,8863,8724,6991,6858,9879,10606,8957,12040,10375,11141,9908,13770,13930,14493,9703,15521,9702,16545,15220
0	532	16454	31417,30421,4021,5523,6618,7080,29,1344,6338,8425,8043,8979,9691,6855,8863,8724,6991,6858,9879,10606,8957,12040,10375,11141,9908,13770,13930,14493,9703,15521,9702,16545,15220
1	532	16544	31417,30421,4021,5523,6618,7080,29,1344,6338,8425,8043,8979,9691,6855,8863,8724,6991,6858,9879,10606,8957,12040,10375,11141,9908,13770,13930,14493,9703,15521,9702,16545,15220
1	532	15218	31417,30421,4021,5523,6618,7080,29,1344,6338,8425,8043,8979,9691,6855,8863,8724,6991,6858,9879,10606,8957,12040,10375,11141,9908,13770,13930,14493,9703,15521,9702,16545,15220,16544
0	532	12597	31417,30421,4021,5523,6618,7080,29,1344,6338,8425,8043,8979,9691,6855,8863,8724,6991,6858,9879,10606,8957,12040,10375,11141,9908,13770,13930,14493,9703,15521,9702,16545,15220,16544,15218
0	532	19072	31417,30421,4021,5523,6618,7080,29,1344,6338,8425,8043,8979,9691,6855,8863,8724,6991,6858,9879,10606,8957,12040,10375,11141,9908,13770,13930,14493,9703,15521,9702,16545,15220,16544,15218
1	532	6334	31417,30421,4021,5523,6618,7080,29,1344,6338,8425,8043,8979,9691,6855,8863,8724,6991,6858,9879,10606,8957,12040,10375,11141,9908,13770,13930,14493,9703,15521,9702,16545,15220,16544,15218
1	532	20158	31417,30421,4021,5523,6618,7080,29,1344,6338,8425,8043,8979,9691,6855,8863,8724,6991,6858,9879,10606,8957,12040,10375,11141,9908,13770,13930,14493,9703,15521,9702,16545,15220,16544,15218,6334
1	532	17181	31417,30421,4021,5523,6618,7080,29,1344,6338,8425,8043,8979,9691,6855,8863,8724,6991,6858,9879,10606,8957,12040,10375,11141,9908,13770,13930,14493,9703,15521,9702,16545,15220,16544,15218,6334,20158
1	532	18876	31417,30421,4021,5523,6618,7080,29,1344,6338,8425,8043,8979,9691,6855,8863,8724,6991,6858,9879,10606,8957,12040,10375,11141,9908,13770,13930,14493,9703,15521,9702,16545,15220,16544,15218,6334,20158,17181
1	532	19931	31417,30421,4021,5523,6618,7080,29,1344,6338,8425,8043,8979,9691,6855,8863,8724,6991,6858,9879,10606,8957,12040,10375,11141,9908,13770,13930,14493,9703,15521,9702,16545,15220,16544,15218,6334,20158,17181,18876
1	532	19694	31417,30421,4021,5523,6618,7080,29,1344,6338,8425,8043,8979,9691,6855,8863,8724,6991,6858,9879,10606,8957,12040,10375,11141,9908,13770,13930,14493,9703,15521,9702,16545,15220,16544,15218,6334,20158,17181,18876,19931
0	532	20385	31417,30421,4021,5523,6618,7080,29,1344,6338,8425,8043,8979,9691,6855,8863,8724,6991,6858,9879,10606,8957,12040,10375,11141,9908,13770,13930,14493,9703,15521,9702,16545,15220,16544,15218,6334,20158,17181,18876,19931,19694
0	532	20211	31417,30421,4021,5523,6618,7080,29,1344,6338,8425,8043,8979,9691,6855,8863,8724,6991,6858,9879,10606,8957,12040,10375,11141,9908,13770,13930,14493,9703,15521,9702,16545,15220,16544,15218,6334,20158,17181,18876,19931,19694
0	532	17912	31417,30421,4021,5523,6618,7080,29,1344,6338,8425,8043,8979,9691,6855,8863,8724,6991,6858,9879,10606,8957,12040,10375,11141,9908,13770,13930,14493,9703,15521,9702,16545,15220,16544,15218,6334,20158,17181,18876,19931,19694
1	532	19930	31417,30421,4021,5523,6618,7080,29,1344,6338,8425,8043,8979,9691,6855,8863,8724,6991,6858,9879,10606,8957,12040,10375,11141,9908,13770,13930,14493,9703,15521,9702,16545,15220,16544,15218,6334,20158,17181,18876,19931,19694
1	532	19446	31417,30421,4021,5523,6618,7080,29,1344,6338,8425,8043,8979,9691,6855,8863,8724,6991,6858,9879,10606,8957,12040,10375,11141,9908,13770,13930,14493,9703,15521,9702,16545,15220,16544,15218,6334,20158,17181,18876,19931,19694,19930
0	532	21511	31417,30421,4021,5523,6618,7080,29,1344,6338,8425,8043,8979,9691,6855,8863,8724,6991,6858,9879,10606,8957,12040,10375,11141,9908,13770,13930,14493,9703,15521,9702,16545,15220,16544,15218,6334,20158,17181,18876,19931,19694,19930,19446
0	532	21514	31417,30421,4021,5523,6618,7080,29,1344,6338,8425,8043,8979,9691,6855,8863,8724,6991,6858,9879,10606,8957,12040,10375,11141,9908,13770,13930,14493,9703,15521,9702,16545,15220,16544,15218,6334,20158,17181,18876,19931,19694,19930,19446
1	532	19447	31417,30421,4021,5523,6618,7080,29,1344,6338,8425,8043,8979,9691,6855,8863,8724,6991,6858,9879,10606,8957,12040,10375,11141,9908,13770,13930,14493,9703,15521,9702,16545,15220,16544,15218,6334,20158,17181,18876,19931,19694,19930,19446
1	532	21182	31417,30421,4021,5523,6618,7080,29,1344,6338,8425,8043,8979,9691,6855,8863,8724,6991,6858,9879,10606,8957,12040,10375,11141,9908,13770,13930,14493,9703,15521,9702,16545,15220,16544,15218,6334,20158,17181,18876,19931,19694,19930,19446,19447
1	532	22581	31417,30421,4021,5523,6618,7080,29,1344,6338,8425,8043,8979,9691,6855,8863,8724,6991,6858,9879,10606,8957,12040,10375,11141,9908,13770,13930,14493,9703,15521,9702,16545,15220,16544,15218,6334,20158,17181,18876,19931,19694,19930,19446,19447,21182
0	532	16463	31417,30421,4021,5523,6618,7080,29,1344,6338,8425,8043,8979,9691,6855,8863,8724,6991,6858,9879,10606,8957,12040,10375,11141,9908,13770,13930,14493,9703,15521,9702,16545,15220,16544,15218,6334,20158,17181,18876,19931,19694,19930,19446,19447,21182,22581
0	532	22070	31417,30421,4021,5523,6618,7080,29,1344,6338,8425,8043,8979,9691,6855,8863,8724,6991,6858,9879,10606,8957,12040,10375,11141,9908,13770,13930,14493,9703,15521,9702,16545,15220,16544,15218,6334,20158,17181,18876,19931,19694,19930,19446,19447,21182,22581
0	532	22878	31417,30421,4021,5523,6618,7080,29,1344,6338,8425,8043,8979,9691,6855,8863,8724,6991,6858,9879,10606,8957,12040,10375,11141,9908,13770,13930,14493,9703,15521,9702,16545,15220,16544,15218,6334,20158,17181,18876,19931,19694,19930,19446,19447,21182,22581
1	532	17657	31417,30421,4021,5523,6618,7080,29,1344,6338,8425,8043,8979,9691,6855,8863,8724,6991,6858,9879,10606,8957,12040,10375,11141,9908,13770,13930,14493,9703,15521,9702,16545,15220,16544,15218,6334,20158,17181,18876,19931,19694,19930,19446,19447,21182,22581
0	532	21799	31417,30421,4021,5523,6618,7080,29,1344,6338,8425,8043,8979,9691,6855,8863,8724,6991,6858,9879,10606,8957,12040,10375,11141,9908,13770,13930,14493,9703,15521,9702,16545,15220,16544,15218,6334,20158,17181,18876,19931,19694,19930,19446,19447,21182,22581,17657
1	532	23718	31417,30421,4021,5523,6618,7080,29,1344,6338,8425,8043,8979,9691,6855,8863,8724,6991,6858,9879,10606,8957,12040,10375,11141,9908,13770,13930,14493,9703,15521,9702,16545,15220,16544,15218,6334,20158,17181,18876,19931,19694,19930,19446,19447,21182,22581,17657
1	532	19189	31417,30421,4021,5523,6618,7080,29,1344,6338,8425,8043,8979,9691,6855,8863,8724,6991,6858,9879,10606,8957,12040,10375,11141,9908,13770,13930,14493,9703,15521,9702,16545,15220,16544,15218,6334,20158,17181,18876,19931,19694,19930,19446,19447,21182,22581,17657,23718
1	532	13356	31417,30421,4021,5523,6618,7080,29,1344,6338,8425,8043,8979,9691,6855,8863,8724,6991,6858,9879,10606,8957,12040,10375,11141,9908,13770,13930,14493,9703,15521,9702,16545,15220,16544,15218,6334,20158,17181,18876,19931,19694,19930,19446,19447,21182,22581,17657,23718,19189
1	532	24097	31417,30421,4021,5523,6618,7080,29,1344,6338,8425,8043,8979,9691,6855,8863,8724,6991,6858,9879,10606,8957,12040,10375,11141,9908,13770,13930,14493,9703,15521,9702,16545,15220,16544,15218,6334,20158,17181,18876,19931,19694,19930,19446,19447,21182,22581,17657,23718,19189,13356
0	532	22948	31417,30421,4021,5523,6618,7080,29,1344,6338,8425,8043,8979,9691,6855,8863,8724,6991,6858,9879,10606,8957,12040,10375,11141,9908,13770,13930,14493,9703,15521,9702,16545,15220,16544,15218,6334,20158,17181,18876,19931,19694,19930,19446,19447,21182,22581,17657,23718,19189,13356,24097
1	532	20980	31417,30421,4021,5523,6618,7080,29,1344,6338,8425,8043,8979,9691,6855,8863,8724,6991,6858,9879,10606,8957,12040,10375,11141,9908,13770,13930,14493,9703,15521,9702,16545,15220,16544,15218,6334,20158,17181,18876,19931,19694,19930,19446,19447,21182,22581,17657,23718,19189,13356,24097
1	532	23452	31417,30421,4021,5523,6618,7080,29,1344,6338,8425,8043,8979,9691,6855,8863,8724,6991,6858,9879,10606,8957,12040,10375,11141,9908,13770,13930,14493,9703,15521,9702,16545,15220,16544,15218,6334,20158,17181,18876,19931,19694,19930,19446,19447,21182,22581,17657,23718,19189,13356,24097,20980
0	532	25020	31417,30421,4021,5523,6618,7080,29,1344,6338,8425,8043,8979,9691,6855,8863,8724,6991,6858,9879,10606,8957,12040,10375,11141,9908,13770,13930,14493,9703,15521,9702,16545,15220,16544,15218,6334,20158,17181,18876,19931,19694,19930,19446,19447,21182,22581,17657,23718,19189,13356,24097,20980,23452
0	532	13367	31417,30421,4021,5523,6618,7080,29,1344,6338,8425,8043,8979,9691,6855,8863,8724,6991,6858,9879,10606,8957,12040,10375,11141,9908,13770,13930,14493,9703,15521,9702,16545,15220,16544,15218,6334,20158,17181,18876,19931,19694,19930,19446,19447,21182,22581,17657,23718,19189,13356,24097,20980,23452
0	532	21063	31417,30421,4021,5523,6618,7080,29,1344,6338,8425,8043,8979,9691,6855,8863,8724,6991,6858,9879,10606,8957,12040,10375,11141,9908,13770,13930,14493,9703,15521,9702,16545,15220,16544,15218,6334,20158,17181,18876,19931,19694,19930,19446,19447,21182,22581,17657,23718,19189,13356,24097,20980,23452
0	532	23453	31417,30421,4021,5523,6618,7080,29,1344,6338,8425,8043,8979,9691,6855,8863,8724,6991,6858,9879,10606,8957,12040,10375,11141,9908,13770,13930,14493,9703,15521,9702,16545,15220,16544,15218,6334,20158,17181,18876,19931,19694,19930,19446,19447,21182,22581,17657,23718,19189,13356,24097,20980,23452
1	532	25052	31417,30421,4021,5523,6618,7080,29,1344,6338,8425,8043,8979,9691,6855,8863,8724,6991,6858,9879,10606,8957,12040,10375,11141,9908,13770,13930,14493,9703,15521,9702,16545,15220,16544,15218,6334,20158,17181,18876,19931,19694,19930,19446,19447,21182,22581,17657,23718,19189,13356,24097,20980,23452
1	532	23153	31417,30421,4021,5523,6618,7080,29,1344,6338,8425,8043,8979,9691,6855,8863,8724,6991,6858,9879,10606,8957,12040,10375,11141,9908,13770,13930,14493,9703,15521,9702,16545,15220,16544,15218,6334,20158,17181,18876,19931,19694,19930,19446,19447,21182,22581,17657,23718,19189,13356,24097,20980,23452,25052
0	532	23122	31417,30421,4021,5523,6618,7080,29,1344,6338,8425,8043,8979,9691,6855,8863,8724,6991,6858,9879,10606,8957,12040,10375,11141,9908,13770,13930,14493,9703,15521,9702,16545,15220,16544,15218,6334,20158,17181,18876,19931,19694,19930,19446,19447,21182,22581,17657,23718,19189,13356,24097,20980,23452,25052,23153
0	532	21596	31417,30421,4021,5523,6618,7080,29,1344,6338,8425,8043,8979,9691,6855,8863,8724,6991,6858,9879,10606,8957,12040,10375,11141,9908,13770,13930,14493,9703,15521,9702,16545,15220,16544,15218,6334,20158,17181,18876,19931,19694,19930,19446,19447,21182,22581,17657,23718,19189,13356,24097,20980,23452,25052,23153
0	532	25810	31417,30421,4021,5523,6618,7080,29,1344,6338,8425,8043,8979,9691,6855,8863,8724,6991,6858,9879,10606,8957,12040,10375,11141,9908,13770,13930,14493,9703,15521,9702,16545,15220,16544,15218,6334,20158,17181,18876,19931,19694,19930,19446,19447,21182,22581,17657,23718,19189,13356,24097,20980,23452,25052,23153
1	532	12806	31417,30421,4021,5523,6618,7080,29,1344,6338,8425,8043,8979,9691,6855,8863,8724,6991,6858,9879,10606,8957,12040,10375,11141,9908,13770,13930,14493,9703,15521,9702,16545,15220,16544,15218,6334,20158,17181,18876,19931,19694,19930,19446,19447,21182,22581,17657,23718,19189,13356,24097,20980,23452,25052,23153
0	532	26385	31417,30421,4021,5523,6618,7080,29,1344,6338,8425,8043,8979,9691,6855,8863,8724,6991,6858,9879,10606,8957,12040,10375,11141,9908,13770,13930,14493,9703,15521,9702,16545,15220,16544,15218,6334,20158,17181,18876,19931,19694,19930,19446,19447,21182,22581,17657,23718,19189,13356,24097,20980,23452,25052,23153,12806
1	532	24785	31417,30421,4021,5523,6618,7080,29,1344,6338,8425,8043,8979,9691,6855,8863,8724,6991,6858,9879,10606,8957,12040,10375,11141,9908,13770,13930,14493,9703,15521,9702,16545,15220,16544,15218,6334,20158,17181,18876,19931,19694,19930,19446,19447,21182,22581,17657,23718,19189,13356,24097,20980,23452,25052,23153,12806
0	532	16426	31417,30421,4021,5523,6618,7080,29,1344,6338,8425,8043,8979,9691,6855,8863,8724,6991,6858,9879,10606,8957,12040,10375,11141,9908,13770,13930,14493,9703,15521,9702,16545,15220,16544,15218,6334,20158,17181,18876,19931,19694,19930,19446,19447,21182,22581,17657,23718,19189,13356,24097,20980,23452,25052,23153,12806,24785
1	532	25988	31417,30421,4021,5523,6618,7080,29,1344,6338,8425,8043,8979,9691,6855,8863,8724,6991,6858,9879,10606,8957,12040,10375,11141,9908,13770,13930,14493,9703,15521,9702,16545,15220,16544,15218,6334,20158,17181,18876,19931,19694,19930,19446,19447,21182,22581,17657,23718,19189,13356,24097,20980,23452,25052,23153,12806,24785
0	532	20456	31417,30421,4021,5523,6618,7080,29,1344,6338,8425,8043,8979,9691,6855,8863,8724,6991,6858,9879,10606,8957,12040,10375,11141,9908,13770,13930,14493,9703,15521,9702,16545,15220,16544,15218,6334,20158,17181,18876,19931,19694,19930,19446,19447,21182,22581,17657,23718,19189,13356,24097,20980,23452,25052,23153,12806,24785,25988
1	532	26633	31417,30421,4021,5523,6618,7080,29,1344,6338,8425,8043,8979,9691,6855,8863,8724,6991,6858,9879,10606,8957,12040,10375,11141,9908,13770,13930,14493,9703,15521,9702,16545,15220,16544,15218,6334,20158,17181,18876,19931,19694,19930,19446,19447,21182,22581,17657,23718,19189,13356,24097,20980,23452,25052,23153,12806,24785,25988
0	532	25658	31417,30421,4021,5523,6618,7080,29,1344,6338,8425,8043,8979,9691,6855,8863,8724,6991,6858,9879,10606,8957,12040,10375,11141,9908,13770,13930,14493,9703,15521,9702,16545,15220,16544,15218,6334,20158,17181,18876,19931,19694,19930,19446,19447,21182,22581,17657,23718,19189,13356,24097,20980,23452,25052,23153,12806,24785,25988,26633
1	532	23389	31417,30421,4021,5523,6618,7080,29,1344,6338,8425,8043,8979,9691,6855,8863,8724,6991,6858,9879,10606,8957,12040,10375,11141,9908,13770,13930,14493,9703,15521,9702,16545,15220,16544,15218,6334,20158,17181,18876,19931,19694,19930,19446,19447,21182,22581,17657,23718,19189,13356,24097,20980,23452,25052,23153,12806,24785,25988,26633
1	532	27217	31417,30421,4021,5523,6618,7080,29,1344,6338,8425,8043,8979,9691,6855,8863,8724,6991,6858,9879,10606,8957,12040,10375,11141,9908,13770,13930,14493,9703,15521,9702,16545,15220,16544,15218,6334,20158,17181,18876,19931,19694,19930,19446,19447,21182,22581,17657,23718,19189,13356,24097,20980,23452,25052,23153,12806,24785,25988,26633,23389
0	532	24703	31417,30421,4021,5523,6618,7080,29,1344,6338,8425,8043,8979,9691,6855,8863,8724,6991,6858,9879,10606,8957,12040,10375,11141,9908,13770,13930,14493,9703,15521,9702,16545,15220,16544,15218,6334,20158,17181,18876,19931,19694,19930,19446,19447,21182,22581,17657,23718,19189,13356,24097,20980,23452,25052,23153,12806,24785,25988,26633,23389,27217
1	532	27229	31417,30421,4021,5523,6618,7080,29,1344,6338,8425,8043,8979,9691,6855,8863,8724,6991,6858,9879,10606,8957,12040,10375,11141,9908,13770,13930,14493,9703,15521,9702,16545,15220,16544,15218,6334,20158,17181,18876,19931,19694,19930,19446,19447,21182,22581,17657,23718,19189,13356,24097,20980,23452,25052,23153,12806,24785,25988,26633,23389,27217
1	532	20954	31417,30421,4021,5523,6618,7080,29,1344,6338,8425,8043,8979,9691,6855,8863,8724,6991,6858,9879,10606,8957,12040,10375,11141,9908,13770,13930,14493,9703,15521,9702,16545,15220,16544,15218,6334,20158,17181,18876,19931,19694,19930,19446,19447,21182,22581,17657,23718,19189,13356,24097,20980,23452,25052,23153,12806,24785,25988,26633,23389,27217,27229
0	532	25156	31417,30421,4021,5523,6618,7080,29,1344,6338,8425,8043,8979,9691,6855,8863,8724,6991,6858,9879,10606,8957,12040,10375,11141,9908,13770,13930,14493,9703,15521,9702,16545,15220,16544,15218,6334,20158,17181,18876,19931,19694,19930,19446,19447,21182,22581,17657,23718,19189,13356,24097,20980,23452,25052,23153,12806,24785,25988,26633,23389,27217,27229,20954
0	532	26230	31417,30421,4021,5523,6618,7080,29,1344,6338,8425,8043,8979,9691,6855,8863,8724,6991,6858,9879,10606,8957,12040,10375,11141,9908,13770,13930,14493,9703,15521,9702,16545,15220,16544,15218,6334,20158,17181,18876,19931,19694,19930,19446,19447,21182,22581,17657,23718,19189,13356,24097,20980,23452,25052,23153,12806,24785,25988,26633,23389,27217,27229,20954
0	532	27212	31417,30421,4021,5523,6618,7080,29,1344,6338,8425,8043,8979,9691,6855,8863,8724,6991,6858,9879,10606,8957,12040,10375,11141,9908,13770,13930,14493,9703,15521,9702,16545,15220,16544,15218,6334,20158,17181,18876,19931,19694,19930,19446,19447,21182,22581,17657,23718,19189,13356,24097,20980,23452,25052,23153,12806,24785,25988,26633,23389,27217,27229,20954
0	532	27767	31417,30421,4021,5523,6618,7080,29,1344,6338,8425,8043,8979,9691,6855,8863,8724,6991,6858,9879,10606,8957,12040,10375,11141,9908,13770,13930,14493,9703,15521,9702,16545,15220,16544,15218,6334,20158,17181,18876,19931,19694,19930,19446,19447,21182,22581,17657,23718,19189,13356,24097,20980,23452,25052,23153,12806,24785,25988,26633,23389,27217,27229,20954
0	532	24048	31417,30421,4021,5523,6618,7080,29,1344,6338,8425,8043,8979,9691,6855,8863,8724,6991,6858,9879,10606,8957,12040,10375,11141,9908,13770,13930,14493,9703,15521,9702,16545,15220,16544,15218,6334,20158,17181,18876,19931,19694,19930,19446,19447,21182,22581,17657,23718,19189,13356,24097,20980,23452,25052,23153,12806,24785,25988,26633,23389,27217,27229,20954
1	532	27544	31417,30421,4021,5523,6618,7080,29,1344,6338,8425,8043,8979,9691,6855,8863,8724,6991,6858,9879,10606,8957,12040,10375,11141,9908,13770,13930,14493,9703,15521,9702,16545,15220,16544,15218,6334,20158,17181,18876,19931,19694,19930,19446,19447,21182,22581,17657,23718,19189,13356,24097,20980,23452,25052,23153,12806,24785,25988,26633,23389,27217,27229,20954
1	532	27829	31417,30421,4021,5523,6618,7080,29,1344,6338,8425,8043,8979,9691,6855,8863,8724,6991,6858,9879,10606,8957,12040,10375,11141,9908,13770,13930,14493,9703,15521,9702,16545,15220,16544,15218,6334,20158,17181,18876,19931,19694,19930,19446,19447,21182,22581,17657,23718,19189,13356,24097,20980,23452,25052,23153,12806,24785,25988,26633,23389,27217,27229,20954,27544
1	532	21255	31417,30421,4021,5523,6618,7080,29,1344,6338,8425,8043,8979,9691,6855,8863,8724,6991,6858,9879,10606,8957,12040,10375,11141,9908,13770,13930,14493,9703,15521,9702,16545,15220,16544,15218,6334,20158,17181,18876,19931,19694,19930,19446,19447,21182,22581,17657,23718,19189,13356,24097,20980,23452,25052,23153,12806,24785,25988,26633,23389,27217,27229,20954,27544,27829
1	532	27965	31417,30421,4021,5523,6618,7080,29,1344,6338,8425,8043,8979,9691,6855,8863,8724,6991,6858,9879,10606,8957,12040,10375,11141,9908,13770,13930,14493,9703,15521,9702,16545,15220,16544,15218,6334,20158,17181,18876,19931,19694,19930,19446,19447,21182,22581,17657,23718,19189,13356,24097,20980,23452,25052,23153,12806,24785,25988,26633,23389,27217,27229,20954,27544,27829,21255
0	532	28161	31417,30421,4021,5523,6618,7080,29,1344,6338,8425,8043,8979,9691,6855,8863,8724,6991,6858,9879,10606,8957,12040,10375,11141,9908,13770,13930,14493,9703,15521,9702,16545,15220,16544,15218,6334,20158,17181,18876,19931,19694,19930,19446,19447,21182,22581,17657,23718,19189,13356,24097,20980,23452,25052,23153,12806,24785,25988,26633,23389,27217,27229,20954,27544,27829,21255,27965
1	532	28728	31417,30421,4021,5523,6618,7080,29,1344,6338,8425,8043,8979,9691,6855,8863,8724,6991,6858,9879,10606,8957,12040,10375,11141,9908,13770,13930,14493,9703,15521,9702,16545,15220,16544,15218,6334,20158,17181,18876,19931,19694,19930,19446,19447,21182,22581,17657,23718,19189,13356,24097,20980,23452,25052,23153,12806,24785,25988,26633,23389,27217,27229,20954,27544,27829,21255,27965
0	532	27947	31417,30421,4021,5523,6618,7080,29,1344,6338,8425,8043,8979,9691,6855,8863,8724,6991,6858,9879,10606,8957,12040,10375,11141,9908,13770,13930,14493,9703,15521,9702,16545,15220,16544,15218,6334,20158,17181,18876,19931,19694,19930,19446,19447,21182,22581,17657,23718,19189,13356,24097,20980,23452,25052,23153,12806,24785,25988,26633,23389,27217,27229,20954,27544,27829,21255,27965,28728
1	532	29030	31417,30421,4021,5523,6618,7080,29,1344,6338,8425,8043,8979,9691,6855,8863,8724,6991,6858,9879,10606,8957,12040,10375,11141,9908,13770,13930,14493,9703,15521,9702,16545,15220,16544,15218,6334,20158,17181,18876,19931,19694,19930,19446,19447,21182,22581,17657,23718,19189,13356,24097,20980,23452,25052,23153,12806,24785,25988,26633,23389,27217,27229,20954,27544,27829,21255,27965,28728
0	532	28202	31417,30421,4021,5523,6618,7080,29,1344,6338,8425,8043,8979,9691,6855,8863,8724,6991,6858,9879,10606,8957,12040,10375,11141,9908,13770,13930,14493,9703,15521,9702,16545,15220,16544,15218,6334,20158,17181,18876,19931,19694,19930,19446,19447,21182,22581,17657,23718,19189,13356,24097,20980,23452,25052,23153,12806,24785,25988,26633,23389,27217,27229,20954,27544,27829,21255,27965,28728,29030
0	532	28541	31417,30421,4021,5523,6618,7080,29,1344,6338,8425,8043,8979,9691,6855,8863,8724,6991,6858,9879,10606,8957,12040,10375,11141,9908,13770,13930,14493,9703,15521,9702,16545,15220,16544,15218,6334,20158,17181,18876,19931,19694,19930,19446,19447,21182,22581,17657,23718,19189,13356,24097,20980,23452,25052,23153,12806,24785,25988,26633,23389,27217,27229,20954,27544,27829,21255,27965,28728,29030
1	532	28649	31417,30421,4021,5523,6618,7080,29,1344,6338,8425,8043,8979,9691,6855,8863,8724,6991,6858,9879,10606,8957,12040,10375,11141,9908,13770,13930,14493,9703,15521,9702,16545,15220,16544,15218,6334,20158,17181,18876,19931,19694,19930,19446,19447,21182,22581,17657,23718,19189,13356,24097,20980,23452,25052,23153,12806,24785,25988,26633,23389,27217,27229,20954,27544,27829,21255,27965,28728,29030
0	532	20931	31417,30421,4021,5523,6618,7080,29,1344,6338,8425,8043,8979,9691,6855,8863,8724,6991,6858,9879,10606,8957,12040,10375,11141,9908,13770,13930,14493,9703,15521,9702,16545,15220,16544,15218,6334,20158,17181,18876,19931,19694,19930,19446,19447,21182,22581,17657,23718,19189,13356,24097,20980,23452,25052,23153,12806,24785,25988,26633,23389,27217,27229,20954,27544,27829,21255,27965,28728,29030,28649
0	532	26781	31417,30421,4021,5523,6618,7080,29,1344,6338,8425,8043,8979,9691,6855,8863,8724,6991,6858,9879,10606,8957,12040,10375,11141,9908,13770,13930,14493,9703,15521,9702,16545,15220,16544,15218,6334,20158,17181,18876,19931,19694,19930,19446,19447,21182,22581,17657,23718,19189,13356,24097,20980,23452,25052,23153,12806,24785,25988,26633,23389,27217,27229,20954,27544,27829,21255,27965,28728,29030,28649
