1	99	6895	0
1	99	8043	6895
1	99	8512	6895,8043
0	99	7787	6895,8043,8512
1	99	7789	6895,8043,8512
0	99	9161	6895,8043,8512,7789
1	99	11194	6895,8043,8512,7789
0	99	325	6895,8043,8512,7789,11194
0	99	12083	6895,8043,8512,7789,11194
1	99	15213	6895,8043,8512,7789,11194
1	99	15218	6895,8043,8512,7789,11194,15213
1	99	10981	6895,8043,8512,7789,11194,15213,15218
1	99	16880	6895,8043,8512,7789,11194,15213,15218,10981
1	99	22320	6895,8043,8512,7789,11194,15213,15218,10981,16880
1	99	8229	6895,8043,8512,7789,11194,15213,15218,10981,16880,22320
1	99	15211	6895,8043,8512,7789,11194,15213,15218,10981,16880,22320,8229
1	99	22214	6895,8043,8512,7789,11194,15213,15218,10981,16880,22320,8229,15211
0	99	22516	6895,8043,8512,7789,11194,15213,15218,10981,16880,22320,8229,15211,22214
1	99	3749	6895,8043,8512,7789,11194,15213,15218,10981,16880,22320,8229,15211,22214
1	99	9647	6895,8043,8512,7789,11194,15213,15218,10981,16880,22320,8229,15211,22214,3749
1	99	837	6895,8043,8512,7789,11194,15213,15218,10981,16880,22320,8229,15211,22214,3749,9647
1	99	14240	6895,8043,8512,7789,11194,15213,15218,10981,16880,22320,8229,15211,22214,3749,9647,837
1	99	23449	6895,8043,8512,7789,11194,15213,15218,10981,16880,22320,8229,15211,22214,3749,9647,837,14240
1	99	23467	6895,8043,8512,7789,11194,15213,15218,10981,16880,22320,8229,15211,22214,3749,9647,837,14240,23449
1	99	26776	6895,8043,8512,7789,11194,15213,15218,10981,16880,22320,8229,15211,22214,3749,9647,837,14240,23449,23467
1	99	28225	6895,8043,8512,7789,11194,15213,15218,10981,16880,22320,8229,15211,22214,3749,9647,837,14240,23449,23467,26776
1	99	28469	6895,8043,8512,7789,11194,15213,15218,10981,16880,22320,8229,15211,22214,3749,9647,837,14240,23449,23467,26776,28225
1	99	22137	6895,8043,8512,7789,11194,15213,15218,10981,16880,22320,8229,15211,22214,3749,9647,837,14240,23449,23467,26776,28225,28469
1	99	27215	6895,8043,8512,7789,11194,15213,15218,10981,16880,22320,8229,15211,22214,3749,9647,837,14240,23449,23467,26776,28225,28469,22137
1	99	27218	6895,8043,8512,7789,11194,15213,15218,10981,16880,22320,8229,15211,22214,3749,9647,837,14240,23449,23467,26776,28225,28469,22137,27215
1	99	28052	6895,8043,8512,7789,11194,15213,15218,10981,16880,22320,8229,15211,22214,3749,9647,837,14240,23449,23467,26776,28225,28469,22137,27215,27218
1	99	28555	6895,8043,8512,7789,11194,15213,15218,10981,16880,22320,8229,15211,22214,3749,9647,837,14240,23449,23467,26776,28225,28469,22137,27215,27218,28052
