0	832	15328	0
0	832	30883	0
0	832	32236	0
0	832	31542	0
1	832	31152	0
0	832	1950	31152
1	832	10399	31152
0	832	32269	31152,10399
0	832	25111	31152,10399
0	832	3197	31152,10399
1	832	3967	31152,10399
1	832	3151	31152,10399,3967
0	832	8285	31152,10399,3967,3151
1	832	8641	31152,10399,3967,3151
1	832	9905	31152,10399,3967,3151,8641
1	832	15478	31152,10399,3967,3151,8641,9905
1	832	9411	31152,10399,3967,3151,8641,9905,15478
0	832	13226	31152,10399,3967,3151,8641,9905,15478,9411
1	832	13381	31152,10399,3967,3151,8641,9905,15478,9411
0	832	19040	31152,10399,3967,3151,8641,9905,15478,9411,13381
1	832	13514	31152,10399,3967,3151,8641,9905,15478,9411,13381
1	832	14497	31152,10399,3967,3151,8641,9905,15478,9411,13381,13514
0	832	16318	31152,10399,3967,3151,8641,9905,15478,9411,13381,13514,14497
1	832	15108	31152,10399,3967,3151,8641,9905,15478,9411,13381,13514,14497
1	832	2379	31152,10399,3967,3151,8641,9905,15478,9411,13381,13514,14497,15108
0	832	17061	31152,10399,3967,3151,8641,9905,15478,9411,13381,13514,14497,15108,2379
1	832	7110	31152,10399,3967,3151,8641,9905,15478,9411,13381,13514,14497,15108,2379
0	832	15682	31152,10399,3967,3151,8641,9905,15478,9411,13381,13514,14497,15108,2379,7110
0	832	31613	31152,10399,3967,3151,8641,9905,15478,9411,13381,13514,14497,15108,2379,7110
0	832	19238	31152,10399,3967,3151,8641,9905,15478,9411,13381,13514,14497,15108,2379,7110
0	832	7230	31152,10399,3967,3151,8641,9905,15478,9411,13381,13514,14497,15108,2379,7110
1	832	4319	31152,10399,3967,3151,8641,9905,15478,9411,13381,13514,14497,15108,2379,7110
1	832	8903	31152,10399,3967,3151,8641,9905,15478,9411,13381,13514,14497,15108,2379,7110,4319
1	832	5694	31152,10399,3967,3151,8641,9905,15478,9411,13381,13514,14497,15108,2379,7110,4319,8903
1	832	15151	31152,10399,3967,3151,8641,9905,15478,9411,13381,13514,14497,15108,2379,7110,4319,8903,5694
1	832	11869	31152,10399,3967,3151,8641,9905,15478,9411,13381,13514,14497,15108,2379,7110,4319,8903,5694,15151
0	832	22554	31152,10399,3967,3151,8641,9905,15478,9411,13381,13514,14497,15108,2379,7110,4319,8903,5694,15151,11869
0	832	23452	31152,10399,3967,3151,8641,9905,15478,9411,13381,13514,14497,15108,2379,7110,4319,8903,5694,15151,11869
0	832	1440	31152,10399,3967,3151,8641,9905,15478,9411,13381,13514,14497,15108,2379,7110,4319,8903,5694,15151,11869
1	832	22483	31152,10399,3967,3151,8641,9905,15478,9411,13381,13514,14497,15108,2379,7110,4319,8903,5694,15151,11869
0	832	24514	31152,10399,3967,3151,8641,9905,15478,9411,13381,13514,14497,15108,2379,7110,4319,8903,5694,15151,11869,22483
1	832	1480	31152,10399,3967,3151,8641,9905,15478,9411,13381,13514,14497,15108,2379,7110,4319,8903,5694,15151,11869,22483
1	832	11544	31152,10399,3967,3151,8641,9905,15478,9411,13381,13514,14497,15108,2379,7110,4319,8903,5694,15151,11869,22483,1480
