0	906	32020	0
1	906	4560	0
1	906	1805	4560
1	906	1644	4560,1805
0	906	1013	4560,1805,1644
0	906	2528	4560,1805,1644
1	906	3391	4560,1805,1644
0	906	11046	4560,1805,1644,3391
1	906	4926	4560,1805,1644,3391
0	906	32801	4560,1805,1644,3391,4926
0	906	4110	4560,1805,1644,3391,4926
0	906	4258	4560,1805,1644,3391,4926
1	906	4925	4560,1805,1644,3391,4926
0	906	6171	4560,1805,1644,3391,4926,4925
0	906	6276	4560,1805,1644,3391,4926,4925
1	906	6974	4560,1805,1644,3391,4926,4925
1	906	7031	4560,1805,1644,3391,4926,4925,6974
0	906	7576	4560,1805,1644,3391,4926,4925,6974,7031
0	906	7384	4560,1805,1644,3391,4926,4925,6974,7031
0	906	5116	4560,1805,1644,3391,4926,4925,6974,7031
1	906	11242	4560,1805,1644,3391,4926,4925,6974,7031
1	906	9903	4560,1805,1644,3391,4926,4925,6974,7031,11242
1	906	11133	4560,1805,1644,3391,4926,4925,6974,7031,11242,9903
0	906	11141	4560,1805,1644,3391,4926,4925,6974,7031,11242,9903,11133
1	906	13221	4560,1805,1644,3391,4926,4925,6974,7031,11242,9903,11133
0	906	14343	4560,1805,1644,3391,4926,4925,6974,7031,11242,9903,11133,13221
0	906	15522	4560,1805,1644,3391,4926,4925,6974,7031,11242,9903,11133,13221
1	906	15123	4560,1805,1644,3391,4926,4925,6974,7031,11242,9903,11133,13221
0	906	13434	4560,1805,1644,3391,4926,4925,6974,7031,11242,9903,11133,13221,15123
0	906	16022	4560,1805,1644,3391,4926,4925,6974,7031,11242,9903,11133,13221,15123
0	906	16441	4560,1805,1644,3391,4926,4925,6974,7031,11242,9903,11133,13221,15123
1	906	15674	4560,1805,1644,3391,4926,4925,6974,7031,11242,9903,11133,13221,15123
1	906	17168	4560,1805,1644,3391,4926,4925,6974,7031,11242,9903,11133,13221,15123,15674
1	906	18139	4560,1805,1644,3391,4926,4925,6974,7031,11242,9903,11133,13221,15123,15674,17168
0	906	15926	4560,1805,1644,3391,4926,4925,6974,7031,11242,9903,11133,13221,15123,15674,17168,18139
0	906	16877	4560,1805,1644,3391,4926,4925,6974,7031,11242,9903,11133,13221,15123,15674,17168,18139
1	906	19146	4560,1805,1644,3391,4926,4925,6974,7031,11242,9903,11133,13221,15123,15674,17168,18139
1	906	18450	4560,1805,1644,3391,4926,4925,6974,7031,11242,9903,11133,13221,15123,15674,17168,18139,19146
0	906	20105	4560,1805,1644,3391,4926,4925,6974,7031,11242,9903,11133,13221,15123,15674,17168,18139,19146,18450
1	906	20529	4560,1805,1644,3391,4926,4925,6974,7031,11242,9903,11133,13221,15123,15674,17168,18139,19146,18450
0	906	20203	4560,1805,1644,3391,4926,4925,6974,7031,11242,9903,11133,13221,15123,15674,17168,18139,19146,18450,20529
1	906	19804	4560,1805,1644,3391,4926,4925,6974,7031,11242,9903,11133,13221,15123,15674,17168,18139,19146,18450,20529
0	906	14251	4560,1805,1644,3391,4926,4925,6974,7031,11242,9903,11133,13221,15123,15674,17168,18139,19146,18450,20529,19804
1	906	12515	4560,1805,1644,3391,4926,4925,6974,7031,11242,9903,11133,13221,15123,15674,17168,18139,19146,18450,20529,19804
0	906	20627	4560,1805,1644,3391,4926,4925,6974,7031,11242,9903,11133,13221,15123,15674,17168,18139,19146,18450,20529,19804,12515
1	906	1864	4560,1805,1644,3391,4926,4925,6974,7031,11242,9903,11133,13221,15123,15674,17168,18139,19146,18450,20529,19804,12515
0	906	22264	4560,1805,1644,3391,4926,4925,6974,7031,11242,9903,11133,13221,15123,15674,17168,18139,19146,18450,20529,19804,12515,1864
1	906	22563	4560,1805,1644,3391,4926,4925,6974,7031,11242,9903,11133,13221,15123,15674,17168,18139,19146,18450,20529,19804,12515,1864
0	906	23451	4560,1805,1644,3391,4926,4925,6974,7031,11242,9903,11133,13221,15123,15674,17168,18139,19146,18450,20529,19804,12515,1864,22563
1	906	23491	4560,1805,1644,3391,4926,4925,6974,7031,11242,9903,11133,13221,15123,15674,17168,18139,19146,18450,20529,19804,12515,1864,22563
0	906	24823	4560,1805,1644,3391,4926,4925,6974,7031,11242,9903,11133,13221,15123,15674,17168,18139,19146,18450,20529,19804,12515,1864,22563,23491
1	906	24215	4560,1805,1644,3391,4926,4925,6974,7031,11242,9903,11133,13221,15123,15674,17168,18139,19146,18450,20529,19804,12515,1864,22563,23491
0	906	25170	4560,1805,1644,3391,4926,4925,6974,7031,11242,9903,11133,13221,15123,15674,17168,18139,19146,18450,20529,19804,12515,1864,22563,23491,24215
0	906	24284	4560,1805,1644,3391,4926,4925,6974,7031,11242,9903,11133,13221,15123,15674,17168,18139,19146,18450,20529,19804,12515,1864,22563,23491,24215
0	906	26371	4560,1805,1644,3391,4926,4925,6974,7031,11242,9903,11133,13221,15123,15674,17168,18139,19146,18450,20529,19804,12515,1864,22563,23491,24215
1	906	26401	4560,1805,1644,3391,4926,4925,6974,7031,11242,9903,11133,13221,15123,15674,17168,18139,19146,18450,20529,19804,12515,1864,22563,23491,24215
1	906	22713	4560,1805,1644,3391,4926,4925,6974,7031,11242,9903,11133,13221,15123,15674,17168,18139,19146,18450,20529,19804,12515,1864,22563,23491,24215,26401
1	906	27168	4560,1805,1644,3391,4926,4925,6974,7031,11242,9903,11133,13221,15123,15674,17168,18139,19146,18450,20529,19804,12515,1864,22563,23491,24215,26401,22713
1	906	23462	4560,1805,1644,3391,4926,4925,6974,7031,11242,9903,11133,13221,15123,15674,17168,18139,19146,18450,20529,19804,12515,1864,22563,23491,24215,26401,22713,27168
