1	387	31612	0
1	387	2865	31612
0	387	1373	31612,2865
0	387	15992	31612,2865
0	387	3030	31612,2865
0	387	7011	31612,2865
1	387	27811	31612,2865
1	387	31477	31612,2865,27811
1	387	3050	31612,2865,27811,31477
0	387	5924	31612,2865,27811,31477,3050
0	387	5627	31612,2865,27811,31477,3050
1	387	7957	31612,2865,27811,31477,3050
1	387	8232	31612,2865,27811,31477,3050,7957
1	387	6230	31612,2865,27811,31477,3050,7957,8232
1	387	32272	31612,2865,27811,31477,3050,7957,8232,6230
1	387	6991	31612,2865,27811,31477,3050,7957,8232,6230,32272
1	387	8341	31612,2865,27811,31477,3050,7957,8232,6230,32272,6991
1	387	8890	31612,2865,27811,31477,3050,7957,8232,6230,32272,6991,8341
0	387	8160	31612,2865,27811,31477,3050,7957,8232,6230,32272,6991,8341,8890
0	387	2110	31612,2865,27811,31477,3050,7957,8232,6230,32272,6991,8341,8890
1	387	27104	31612,2865,27811,31477,3050,7957,8232,6230,32272,6991,8341,8890
1	387	8724	31612,2865,27811,31477,3050,7957,8232,6230,32272,6991,8341,8890,27104
1	387	10575	31612,2865,27811,31477,3050,7957,8232,6230,32272,6991,8341,8890,27104,8724
0	387	13667	31612,2865,27811,31477,3050,7957,8232,6230,32272,6991,8341,8890,27104,8724,10575
1	387	13937	31612,2865,27811,31477,3050,7957,8232,6230,32272,6991,8341,8890,27104,8724,10575
1	387	5230	31612,2865,27811,31477,3050,7957,8232,6230,32272,6991,8341,8890,27104,8724,10575,13937
0	387	9725	31612,2865,27811,31477,3050,7957,8232,6230,32272,6991,8341,8890,27104,8724,10575,13937,5230
0	387	13669	31612,2865,27811,31477,3050,7957,8232,6230,32272,6991,8341,8890,27104,8724,10575,13937,5230
1	387	15812	31612,2865,27811,31477,3050,7957,8232,6230,32272,6991,8341,8890,27104,8724,10575,13937,5230
1	387	12491	31612,2865,27811,31477,3050,7957,8232,6230,32272,6991,8341,8890,27104,8724,10575,13937,5230,15812
1	387	16460	31612,2865,27811,31477,3050,7957,8232,6230,32272,6991,8341,8890,27104,8724,10575,13937,5230,15812,12491
1	387	18031	31612,2865,27811,31477,3050,7957,8232,6230,32272,6991,8341,8890,27104,8724,10575,13937,5230,15812,12491,16460
1	387	17045	31612,2865,27811,31477,3050,7957,8232,6230,32272,6991,8341,8890,27104,8724,10575,13937,5230,15812,12491,16460,18031
1	387	9702	31612,2865,27811,31477,3050,7957,8232,6230,32272,6991,8341,8890,27104,8724,10575,13937,5230,15812,12491,16460,18031,17045
1	387	14177	31612,2865,27811,31477,3050,7957,8232,6230,32272,6991,8341,8890,27104,8724,10575,13937,5230,15812,12491,16460,18031,17045,9702
1	387	10884	31612,2865,27811,31477,3050,7957,8232,6230,32272,6991,8341,8890,27104,8724,10575,13937,5230,15812,12491,16460,18031,17045,9702,14177
1	387	19176	31612,2865,27811,31477,3050,7957,8232,6230,32272,6991,8341,8890,27104,8724,10575,13937,5230,15812,12491,16460,18031,17045,9702,14177,10884
1	387	19856	31612,2865,27811,31477,3050,7957,8232,6230,32272,6991,8341,8890,27104,8724,10575,13937,5230,15812,12491,16460,18031,17045,9702,14177,10884,19176
0	387	18222	31612,2865,27811,31477,3050,7957,8232,6230,32272,6991,8341,8890,27104,8724,10575,13937,5230,15812,12491,16460,18031,17045,9702,14177,10884,19176,19856
1	387	17879	31612,2865,27811,31477,3050,7957,8232,6230,32272,6991,8341,8890,27104,8724,10575,13937,5230,15812,12491,16460,18031,17045,9702,14177,10884,19176,19856
1	387	22099	31612,2865,27811,31477,3050,7957,8232,6230,32272,6991,8341,8890,27104,8724,10575,13937,5230,15812,12491,16460,18031,17045,9702,14177,10884,19176,19856,17879
0	387	19895	31612,2865,27811,31477,3050,7957,8232,6230,32272,6991,8341,8890,27104,8724,10575,13937,5230,15812,12491,16460,18031,17045,9702,14177,10884,19176,19856,17879,22099
0	387	22217	31612,2865,27811,31477,3050,7957,8232,6230,32272,6991,8341,8890,27104,8724,10575,13937,5230,15812,12491,16460,18031,17045,9702,14177,10884,19176,19856,17879,22099
1	387	23417	31612,2865,27811,31477,3050,7957,8232,6230,32272,6991,8341,8890,27104,8724,10575,13937,5230,15812,12491,16460,18031,17045,9702,14177,10884,19176,19856,17879,22099
1	387	9728	31612,2865,27811,31477,3050,7957,8232,6230,32272,6991,8341,8890,27104,8724,10575,13937,5230,15812,12491,16460,18031,17045,9702,14177,10884,19176,19856,17879,22099,23417
0	387	15219	31612,2865,27811,31477,3050,7957,8232,6230,32272,6991,8341,8890,27104,8724,10575,13937,5230,15812,12491,16460,18031,17045,9702,14177,10884,19176,19856,17879,22099,23417,9728
1	387	22349	31612,2865,27811,31477,3050,7957,8232,6230,32272,6991,8341,8890,27104,8724,10575,13937,5230,15812,12491,16460,18031,17045,9702,14177,10884,19176,19856,17879,22099,23417,9728
0	387	22399	31612,2865,27811,31477,3050,7957,8232,6230,32272,6991,8341,8890,27104,8724,10575,13937,5230,15812,12491,16460,18031,17045,9702,14177,10884,19176,19856,17879,22099,23417,9728,22349
1	387	9021	31612,2865,27811,31477,3050,7957,8232,6230,32272,6991,8341,8890,27104,8724,10575,13937,5230,15812,12491,16460,18031,17045,9702,14177,10884,19176,19856,17879,22099,23417,9728,22349
0	387	23322	31612,2865,27811,31477,3050,7957,8232,6230,32272,6991,8341,8890,27104,8724,10575,13937,5230,15812,12491,16460,18031,17045,9702,14177,10884,19176,19856,17879,22099,23417,9728,22349,9021
0	387	24361	31612,2865,27811,31477,3050,7957,8232,6230,32272,6991,8341,8890,27104,8724,10575,13937,5230,15812,12491,16460,18031,17045,9702,14177,10884,19176,19856,17879,22099,23417,9728,22349,9021
1	387	3446	31612,2865,27811,31477,3050,7957,8232,6230,32272,6991,8341,8890,27104,8724,10575,13937,5230,15812,12491,16460,18031,17045,9702,14177,10884,19176,19856,17879,22099,23417,9728,22349,9021
1	387	16267	31612,2865,27811,31477,3050,7957,8232,6230,32272,6991,8341,8890,27104,8724,10575,13937,5230,15812,12491,16460,18031,17045,9702,14177,10884,19176,19856,17879,22099,23417,9728,22349,9021,3446
1	387	16274	31612,2865,27811,31477,3050,7957,8232,6230,32272,6991,8341,8890,27104,8724,10575,13937,5230,15812,12491,16460,18031,17045,9702,14177,10884,19176,19856,17879,22099,23417,9728,22349,9021,3446,16267
1	387	18806	31612,2865,27811,31477,3050,7957,8232,6230,32272,6991,8341,8890,27104,8724,10575,13937,5230,15812,12491,16460,18031,17045,9702,14177,10884,19176,19856,17879,22099,23417,9728,22349,9021,3446,16267,16274
1	387	22104	31612,2865,27811,31477,3050,7957,8232,6230,32272,6991,8341,8890,27104,8724,10575,13937,5230,15812,12491,16460,18031,17045,9702,14177,10884,19176,19856,17879,22099,23417,9728,22349,9021,3446,16267,16274,18806
1	387	25994	31612,2865,27811,31477,3050,7957,8232,6230,32272,6991,8341,8890,27104,8724,10575,13937,5230,15812,12491,16460,18031,17045,9702,14177,10884,19176,19856,17879,22099,23417,9728,22349,9021,3446,16267,16274,18806,22104
1	387	9647	31612,2865,27811,31477,3050,7957,8232,6230,32272,6991,8341,8890,27104,8724,10575,13937,5230,15812,12491,16460,18031,17045,9702,14177,10884,19176,19856,17879,22099,23417,9728,22349,9021,3446,16267,16274,18806,22104,25994
0	387	23780	31612,2865,27811,31477,3050,7957,8232,6230,32272,6991,8341,8890,27104,8724,10575,13937,5230,15812,12491,16460,18031,17045,9702,14177,10884,19176,19856,17879,22099,23417,9728,22349,9021,3446,16267,16274,18806,22104,25994,9647
1	387	22784	31612,2865,27811,31477,3050,7957,8232,6230,32272,6991,8341,8890,27104,8724,10575,13937,5230,15812,12491,16460,18031,17045,9702,14177,10884,19176,19856,17879,22099,23417,9728,22349,9021,3446,16267,16274,18806,22104,25994,9647
1	387	23768	31612,2865,27811,31477,3050,7957,8232,6230,32272,6991,8341,8890,27104,8724,10575,13937,5230,15812,12491,16460,18031,17045,9702,14177,10884,19176,19856,17879,22099,23417,9728,22349,9021,3446,16267,16274,18806,22104,25994,9647,22784
1	387	27393	31612,2865,27811,31477,3050,7957,8232,6230,32272,6991,8341,8890,27104,8724,10575,13937,5230,15812,12491,16460,18031,17045,9702,14177,10884,19176,19856,17879,22099,23417,9728,22349,9021,3446,16267,16274,18806,22104,25994,9647,22784,23768
1	387	15419	31612,2865,27811,31477,3050,7957,8232,6230,32272,6991,8341,8890,27104,8724,10575,13937,5230,15812,12491,16460,18031,17045,9702,14177,10884,19176,19856,17879,22099,23417,9728,22349,9021,3446,16267,16274,18806,22104,25994,9647,22784,23768,27393
1	387	6264	31612,2865,27811,31477,3050,7957,8232,6230,32272,6991,8341,8890,27104,8724,10575,13937,5230,15812,12491,16460,18031,17045,9702,14177,10884,19176,19856,17879,22099,23417,9728,22349,9021,3446,16267,16274,18806,22104,25994,9647,22784,23768,27393,15419
1	387	17795	31612,2865,27811,31477,3050,7957,8232,6230,32272,6991,8341,8890,27104,8724,10575,13937,5230,15812,12491,16460,18031,17045,9702,14177,10884,19176,19856,17879,22099,23417,9728,22349,9021,3446,16267,16274,18806,22104,25994,9647,22784,23768,27393,15419,6264
1	387	25815	31612,2865,27811,31477,3050,7957,8232,6230,32272,6991,8341,8890,27104,8724,10575,13937,5230,15812,12491,16460,18031,17045,9702,14177,10884,19176,19856,17879,22099,23417,9728,22349,9021,3446,16267,16274,18806,22104,25994,9647,22784,23768,27393,15419,6264,17795
1	387	26451	31612,2865,27811,31477,3050,7957,8232,6230,32272,6991,8341,8890,27104,8724,10575,13937,5230,15812,12491,16460,18031,17045,9702,14177,10884,19176,19856,17879,22099,23417,9728,22349,9021,3446,16267,16274,18806,22104,25994,9647,22784,23768,27393,15419,6264,17795,25815
1	387	28227	31612,2865,27811,31477,3050,7957,8232,6230,32272,6991,8341,8890,27104,8724,10575,13937,5230,15812,12491,16460,18031,17045,9702,14177,10884,19176,19856,17879,22099,23417,9728,22349,9021,3446,16267,16274,18806,22104,25994,9647,22784,23768,27393,15419,6264,17795,25815,26451
0	387	26178	31612,2865,27811,31477,3050,7957,8232,6230,32272,6991,8341,8890,27104,8724,10575,13937,5230,15812,12491,16460,18031,17045,9702,14177,10884,19176,19856,17879,22099,23417,9728,22349,9021,3446,16267,16274,18806,22104,25994,9647,22784,23768,27393,15419,6264,17795,25815,26451,28227
1	387	26839	31612,2865,27811,31477,3050,7957,8232,6230,32272,6991,8341,8890,27104,8724,10575,13937,5230,15812,12491,16460,18031,17045,9702,14177,10884,19176,19856,17879,22099,23417,9728,22349,9021,3446,16267,16274,18806,22104,25994,9647,22784,23768,27393,15419,6264,17795,25815,26451,28227
