1	1430	26930	0
1	1430	16928	26930
0	1430	17074	26930,16928
1	1430	31734	26930,16928
1	1430	6276	26930,16928,31734
1	1430	31742	26930,16928,31734,6276
0	1430	19234	26930,16928,31734,6276,31742
0	1430	7103	26930,16928,31734,6276,31742
0	1430	10389	26930,16928,31734,6276,31742
0	1430	9879	26930,16928,31734,6276,31742
1	1430	8724	26930,16928,31734,6276,31742
1	1430	12161	26930,16928,31734,6276,31742,8724
0	1430	12239	26930,16928,31734,6276,31742,8724,12161
0	1430	11924	26930,16928,31734,6276,31742,8724,12161
0	1430	10044	26930,16928,31734,6276,31742,8724,12161
0	1430	15213	26930,16928,31734,6276,31742,8724,12161
0	1430	13961	26930,16928,31734,6276,31742,8724,12161
0	1430	15442	26930,16928,31734,6276,31742,8724,12161
1	1430	16062	26930,16928,31734,6276,31742,8724,12161
1	1430	15092	26930,16928,31734,6276,31742,8724,12161,16062
1	1430	16063	26930,16928,31734,6276,31742,8724,12161,16062,15092
0	1430	11284	26930,16928,31734,6276,31742,8724,12161,16062,15092,16063
0	1430	15747	26930,16928,31734,6276,31742,8724,12161,16062,15092,16063
1	1430	18672	26930,16928,31734,6276,31742,8724,12161,16062,15092,16063
0	1430	31502	26930,16928,31734,6276,31742,8724,12161,16062,15092,16063,18672
0	1430	10740	26930,16928,31734,6276,31742,8724,12161,16062,15092,16063,18672
0	1430	11958	26930,16928,31734,6276,31742,8724,12161,16062,15092,16063,18672
0	1430	15859	26930,16928,31734,6276,31742,8724,12161,16062,15092,16063,18672
0	1430	18675	26930,16928,31734,6276,31742,8724,12161,16062,15092,16063,18672
1	1430	16449	26930,16928,31734,6276,31742,8724,12161,16062,15092,16063,18672
0	1430	16453	26930,16928,31734,6276,31742,8724,12161,16062,15092,16063,18672,16449
0	1430	19670	26930,16928,31734,6276,31742,8724,12161,16062,15092,16063,18672,16449
1	1430	19873	26930,16928,31734,6276,31742,8724,12161,16062,15092,16063,18672,16449
0	1430	17134	26930,16928,31734,6276,31742,8724,12161,16062,15092,16063,18672,16449,19873
0	1430	19547	26930,16928,31734,6276,31742,8724,12161,16062,15092,16063,18672,16449,19873
0	1430	21063	26930,16928,31734,6276,31742,8724,12161,16062,15092,16063,18672,16449,19873
0	1430	19335	26930,16928,31734,6276,31742,8724,12161,16062,15092,16063,18672,16449,19873
1	1430	21510	26930,16928,31734,6276,31742,8724,12161,16062,15092,16063,18672,16449,19873
1	1430	19313	26930,16928,31734,6276,31742,8724,12161,16062,15092,16063,18672,16449,19873,21510
1	1430	16463	26930,16928,31734,6276,31742,8724,12161,16062,15092,16063,18672,16449,19873,21510,19313
1	1430	12961	26930,16928,31734,6276,31742,8724,12161,16062,15092,16063,18672,16449,19873,21510,19313,16463
0	1430	21035	26930,16928,31734,6276,31742,8724,12161,16062,15092,16063,18672,16449,19873,21510,19313,16463,12961
0	1430	22878	26930,16928,31734,6276,31742,8724,12161,16062,15092,16063,18672,16449,19873,21510,19313,16463,12961
1	1430	22747	26930,16928,31734,6276,31742,8724,12161,16062,15092,16063,18672,16449,19873,21510,19313,16463,12961
0	1430	22182	26930,16928,31734,6276,31742,8724,12161,16062,15092,16063,18672,16449,19873,21510,19313,16463,12961,22747
0	1430	23491	26930,16928,31734,6276,31742,8724,12161,16062,15092,16063,18672,16449,19873,21510,19313,16463,12961,22747
1	1430	9852	26930,16928,31734,6276,31742,8724,12161,16062,15092,16063,18672,16449,19873,21510,19313,16463,12961,22747
0	1430	23483	26930,16928,31734,6276,31742,8724,12161,16062,15092,16063,18672,16449,19873,21510,19313,16463,12961,22747,9852
0	1430	14514	26930,16928,31734,6276,31742,8724,12161,16062,15092,16063,18672,16449,19873,21510,19313,16463,12961,22747,9852
0	1430	23696	26930,16928,31734,6276,31742,8724,12161,16062,15092,16063,18672,16449,19873,21510,19313,16463,12961,22747,9852
0	1430	20088	26930,16928,31734,6276,31742,8724,12161,16062,15092,16063,18672,16449,19873,21510,19313,16463,12961,22747,9852
0	1430	24774	26930,16928,31734,6276,31742,8724,12161,16062,15092,16063,18672,16449,19873,21510,19313,16463,12961,22747,9852
0	1430	25226	26930,16928,31734,6276,31742,8724,12161,16062,15092,16063,18672,16449,19873,21510,19313,16463,12961,22747,9852
1	1430	25556	26930,16928,31734,6276,31742,8724,12161,16062,15092,16063,18672,16449,19873,21510,19313,16463,12961,22747,9852
1	1430	22111	26930,16928,31734,6276,31742,8724,12161,16062,15092,16063,18672,16449,19873,21510,19313,16463,12961,22747,9852,25556
0	1430	26659	26930,16928,31734,6276,31742,8724,12161,16062,15092,16063,18672,16449,19873,21510,19313,16463,12961,22747,9852,25556,22111
0	1430	837	26930,16928,31734,6276,31742,8724,12161,16062,15092,16063,18672,16449,19873,21510,19313,16463,12961,22747,9852,25556,22111
0	1430	19418	26930,16928,31734,6276,31742,8724,12161,16062,15092,16063,18672,16449,19873,21510,19313,16463,12961,22747,9852,25556,22111
0	1430	23768	26930,16928,31734,6276,31742,8724,12161,16062,15092,16063,18672,16449,19873,21510,19313,16463,12961,22747,9852,25556,22111
0	1430	26881	26930,16928,31734,6276,31742,8724,12161,16062,15092,16063,18672,16449,19873,21510,19313,16463,12961,22747,9852,25556,22111
0	1430	19931	26930,16928,31734,6276,31742,8724,12161,16062,15092,16063,18672,16449,19873,21510,19313,16463,12961,22747,9852,25556,22111
0	1430	25232	26930,16928,31734,6276,31742,8724,12161,16062,15092,16063,18672,16449,19873,21510,19313,16463,12961,22747,9852,25556,22111
1	1430	27789	26930,16928,31734,6276,31742,8724,12161,16062,15092,16063,18672,16449,19873,21510,19313,16463,12961,22747,9852,25556,22111
0	1430	26776	26930,16928,31734,6276,31742,8724,12161,16062,15092,16063,18672,16449,19873,21510,19313,16463,12961,22747,9852,25556,22111,27789
0	1430	28277	26930,16928,31734,6276,31742,8724,12161,16062,15092,16063,18672,16449,19873,21510,19313,16463,12961,22747,9852,25556,22111,27789
0	1430	2217	26930,16928,31734,6276,31742,8724,12161,16062,15092,16063,18672,16449,19873,21510,19313,16463,12961,22747,9852,25556,22111,27789
0	1430	26504	26930,16928,31734,6276,31742,8724,12161,16062,15092,16063,18672,16449,19873,21510,19313,16463,12961,22747,9852,25556,22111,27789
0	1430	22384	26930,16928,31734,6276,31742,8724,12161,16062,15092,16063,18672,16449,19873,21510,19313,16463,12961,22747,9852,25556,22111,27789
0	1430	28424	26930,16928,31734,6276,31742,8724,12161,16062,15092,16063,18672,16449,19873,21510,19313,16463,12961,22747,9852,25556,22111,27789
0	1430	29492	26930,16928,31734,6276,31742,8724,12161,16062,15092,16063,18672,16449,19873,21510,19313,16463,12961,22747,9852,25556,22111,27789
1	1430	26781	26930,16928,31734,6276,31742,8724,12161,16062,15092,16063,18672,16449,19873,21510,19313,16463,12961,22747,9852,25556,22111,27789
1	1430	29494	26930,16928,31734,6276,31742,8724,12161,16062,15092,16063,18672,16449,19873,21510,19313,16463,12961,22747,9852,25556,22111,27789,26781
1	1430	26457	26930,16928,31734,6276,31742,8724,12161,16062,15092,16063,18672,16449,19873,21510,19313,16463,12961,22747,9852,25556,22111,27789,26781,29494
