1	551	16652	0
1	551	3069	16652
1	551	3404	16652,3069
1	551	4103	16652,3069,3404
1	551	2508	16652,3069,3404,4103
0	551	4905	16652,3069,3404,4103,2508
0	551	20784	16652,3069,3404,4103,2508
1	551	22219	16652,3069,3404,4103,2508
1	551	5936	16652,3069,3404,4103,2508,22219
1	551	1277	16652,3069,3404,4103,2508,22219,5936
0	551	1947	16652,3069,3404,4103,2508,22219,5936,1277
1	551	6057	16652,3069,3404,4103,2508,22219,5936,1277
1	551	20449	16652,3069,3404,4103,2508,22219,5936,1277,6057
1	551	21755	16652,3069,3404,4103,2508,22219,5936,1277,6057,20449
1	551	4199	16652,3069,3404,4103,2508,22219,5936,1277,6057,20449,21755
1	551	5342	16652,3069,3404,4103,2508,22219,5936,1277,6057,20449,21755,4199
0	551	11231	16652,3069,3404,4103,2508,22219,5936,1277,6057,20449,21755,4199,5342
1	551	5582	16652,3069,3404,4103,2508,22219,5936,1277,6057,20449,21755,4199,5342
1	551	12839	16652,3069,3404,4103,2508,22219,5936,1277,6057,20449,21755,4199,5342,5582
1	551	4543	16652,3069,3404,4103,2508,22219,5936,1277,6057,20449,21755,4199,5342,5582,12839
1	551	8409	16652,3069,3404,4103,2508,22219,5936,1277,6057,20449,21755,4199,5342,5582,12839,4543
0	551	10656	16652,3069,3404,4103,2508,22219,5936,1277,6057,20449,21755,4199,5342,5582,12839,4543,8409
1	551	12314	16652,3069,3404,4103,2508,22219,5936,1277,6057,20449,21755,4199,5342,5582,12839,4543,8409
1	551	12744	16652,3069,3404,4103,2508,22219,5936,1277,6057,20449,21755,4199,5342,5582,12839,4543,8409,12314
1	551	14624	16652,3069,3404,4103,2508,22219,5936,1277,6057,20449,21755,4199,5342,5582,12839,4543,8409,12314,12744
1	551	21007	16652,3069,3404,4103,2508,22219,5936,1277,6057,20449,21755,4199,5342,5582,12839,4543,8409,12314,12744,14624
0	551	14122	16652,3069,3404,4103,2508,22219,5936,1277,6057,20449,21755,4199,5342,5582,12839,4543,8409,12314,12744,14624,21007
1	551	8897	16652,3069,3404,4103,2508,22219,5936,1277,6057,20449,21755,4199,5342,5582,12839,4543,8409,12314,12744,14624,21007
0	551	17143	16652,3069,3404,4103,2508,22219,5936,1277,6057,20449,21755,4199,5342,5582,12839,4543,8409,12314,12744,14624,21007,8897
0	551	3041	16652,3069,3404,4103,2508,22219,5936,1277,6057,20449,21755,4199,5342,5582,12839,4543,8409,12314,12744,14624,21007,8897
0	551	11420	16652,3069,3404,4103,2508,22219,5936,1277,6057,20449,21755,4199,5342,5582,12839,4543,8409,12314,12744,14624,21007,8897
1	551	16105	16652,3069,3404,4103,2508,22219,5936,1277,6057,20449,21755,4199,5342,5582,12839,4543,8409,12314,12744,14624,21007,8897
1	551	31142	16652,3069,3404,4103,2508,22219,5936,1277,6057,20449,21755,4199,5342,5582,12839,4543,8409,12314,12744,14624,21007,8897,16105
1	551	1424	16652,3069,3404,4103,2508,22219,5936,1277,6057,20449,21755,4199,5342,5582,12839,4543,8409,12314,12744,14624,21007,8897,16105,31142
0	551	6973	16652,3069,3404,4103,2508,22219,5936,1277,6057,20449,21755,4199,5342,5582,12839,4543,8409,12314,12744,14624,21007,8897,16105,31142,1424
1	551	2409	16652,3069,3404,4103,2508,22219,5936,1277,6057,20449,21755,4199,5342,5582,12839,4543,8409,12314,12744,14624,21007,8897,16105,31142,1424
1	551	8241	16652,3069,3404,4103,2508,22219,5936,1277,6057,20449,21755,4199,5342,5582,12839,4543,8409,12314,12744,14624,21007,8897,16105,31142,1424,2409
1	551	8346	16652,3069,3404,4103,2508,22219,5936,1277,6057,20449,21755,4199,5342,5582,12839,4543,8409,12314,12744,14624,21007,8897,16105,31142,1424,2409,8241
1	551	20683	16652,3069,3404,4103,2508,22219,5936,1277,6057,20449,21755,4199,5342,5582,12839,4543,8409,12314,12744,14624,21007,8897,16105,31142,1424,2409,8241,8346
1	551	20140	16652,3069,3404,4103,2508,22219,5936,1277,6057,20449,21755,4199,5342,5582,12839,4543,8409,12314,12744,14624,21007,8897,16105,31142,1424,2409,8241,8346,20683
1	551	18019	16652,3069,3404,4103,2508,22219,5936,1277,6057,20449,21755,4199,5342,5582,12839,4543,8409,12314,12744,14624,21007,8897,16105,31142,1424,2409,8241,8346,20683,20140
1	551	5196	16652,3069,3404,4103,2508,22219,5936,1277,6057,20449,21755,4199,5342,5582,12839,4543,8409,12314,12744,14624,21007,8897,16105,31142,1424,2409,8241,8346,20683,20140,18019
1	551	12161	16652,3069,3404,4103,2508,22219,5936,1277,6057,20449,21755,4199,5342,5582,12839,4543,8409,12314,12744,14624,21007,8897,16105,31142,1424,2409,8241,8346,20683,20140,18019,5196
1	551	11175	16652,3069,3404,4103,2508,22219,5936,1277,6057,20449,21755,4199,5342,5582,12839,4543,8409,12314,12744,14624,21007,8897,16105,31142,1424,2409,8241,8346,20683,20140,18019,5196,12161
0	551	19564	16652,3069,3404,4103,2508,22219,5936,1277,6057,20449,21755,4199,5342,5582,12839,4543,8409,12314,12744,14624,21007,8897,16105,31142,1424,2409,8241,8346,20683,20140,18019,5196,12161,11175
1	551	22111	16652,3069,3404,4103,2508,22219,5936,1277,6057,20449,21755,4199,5342,5582,12839,4543,8409,12314,12744,14624,21007,8897,16105,31142,1424,2409,8241,8346,20683,20140,18019,5196,12161,11175
1	551	22860	16652,3069,3404,4103,2508,22219,5936,1277,6057,20449,21755,4199,5342,5582,12839,4543,8409,12314,12744,14624,21007,8897,16105,31142,1424,2409,8241,8346,20683,20140,18019,5196,12161,11175,22111
1	551	32885	16652,3069,3404,4103,2508,22219,5936,1277,6057,20449,21755,4199,5342,5582,12839,4543,8409,12314,12744,14624,21007,8897,16105,31142,1424,2409,8241,8346,20683,20140,18019,5196,12161,11175,22111,22860
1	551	12493	16652,3069,3404,4103,2508,22219,5936,1277,6057,20449,21755,4199,5342,5582,12839,4543,8409,12314,12744,14624,21007,8897,16105,31142,1424,2409,8241,8346,20683,20140,18019,5196,12161,11175,22111,22860,32885
1	551	8400	16652,3069,3404,4103,2508,22219,5936,1277,6057,20449,21755,4199,5342,5582,12839,4543,8409,12314,12744,14624,21007,8897,16105,31142,1424,2409,8241,8346,20683,20140,18019,5196,12161,11175,22111,22860,32885,12493
1	551	14953	16652,3069,3404,4103,2508,22219,5936,1277,6057,20449,21755,4199,5342,5582,12839,4543,8409,12314,12744,14624,21007,8897,16105,31142,1424,2409,8241,8346,20683,20140,18019,5196,12161,11175,22111,22860,32885,12493,8400
0	551	25093	16652,3069,3404,4103,2508,22219,5936,1277,6057,20449,21755,4199,5342,5582,12839,4543,8409,12314,12744,14624,21007,8897,16105,31142,1424,2409,8241,8346,20683,20140,18019,5196,12161,11175,22111,22860,32885,12493,8400,14953
1	551	2968	16652,3069,3404,4103,2508,22219,5936,1277,6057,20449,21755,4199,5342,5582,12839,4543,8409,12314,12744,14624,21007,8897,16105,31142,1424,2409,8241,8346,20683,20140,18019,5196,12161,11175,22111,22860,32885,12493,8400,14953
1	551	24815	16652,3069,3404,4103,2508,22219,5936,1277,6057,20449,21755,4199,5342,5582,12839,4543,8409,12314,12744,14624,21007,8897,16105,31142,1424,2409,8241,8346,20683,20140,18019,5196,12161,11175,22111,22860,32885,12493,8400,14953,2968
1	551	21191	16652,3069,3404,4103,2508,22219,5936,1277,6057,20449,21755,4199,5342,5582,12839,4543,8409,12314,12744,14624,21007,8897,16105,31142,1424,2409,8241,8346,20683,20140,18019,5196,12161,11175,22111,22860,32885,12493,8400,14953,2968,24815
0	551	32865	16652,3069,3404,4103,2508,22219,5936,1277,6057,20449,21755,4199,5342,5582,12839,4543,8409,12314,12744,14624,21007,8897,16105,31142,1424,2409,8241,8346,20683,20140,18019,5196,12161,11175,22111,22860,32885,12493,8400,14953,2968,24815,21191
0	551	7005	16652,3069,3404,4103,2508,22219,5936,1277,6057,20449,21755,4199,5342,5582,12839,4543,8409,12314,12744,14624,21007,8897,16105,31142,1424,2409,8241,8346,20683,20140,18019,5196,12161,11175,22111,22860,32885,12493,8400,14953,2968,24815,21191
0	551	2507	16652,3069,3404,4103,2508,22219,5936,1277,6057,20449,21755,4199,5342,5582,12839,4543,8409,12314,12744,14624,21007,8897,16105,31142,1424,2409,8241,8346,20683,20140,18019,5196,12161,11175,22111,22860,32885,12493,8400,14953,2968,24815,21191
0	551	2334	16652,3069,3404,4103,2508,22219,5936,1277,6057,20449,21755,4199,5342,5582,12839,4543,8409,12314,12744,14624,21007,8897,16105,31142,1424,2409,8241,8346,20683,20140,18019,5196,12161,11175,22111,22860,32885,12493,8400,14953,2968,24815,21191
1	551	14155	16652,3069,3404,4103,2508,22219,5936,1277,6057,20449,21755,4199,5342,5582,12839,4543,8409,12314,12744,14624,21007,8897,16105,31142,1424,2409,8241,8346,20683,20140,18019,5196,12161,11175,22111,22860,32885,12493,8400,14953,2968,24815,21191
1	551	31690	16652,3069,3404,4103,2508,22219,5936,1277,6057,20449,21755,4199,5342,5582,12839,4543,8409,12314,12744,14624,21007,8897,16105,31142,1424,2409,8241,8346,20683,20140,18019,5196,12161,11175,22111,22860,32885,12493,8400,14953,2968,24815,21191,14155
