1	1077	7815	0
0	1077	1117	7815
0	1077	1463	7815
0	1077	4585	7815
0	1077	26930	7815
0	1077	3129	7815
1	1077	5609	7815
0	1077	1932	7815,5609
0	1077	8384	7815,5609
0	1077	5821	7815,5609
0	1077	10074	7815,5609
1	1077	14016	7815,5609
0	1077	8688	7815,5609,14016
0	1077	11943	7815,5609,14016
0	1077	9411	7815,5609,14016
0	1077	14977	7815,5609,14016
0	1077	15750	7815,5609,14016
0	1077	14078	7815,5609,14016
1	1077	17944	7815,5609,14016
0	1077	5471	7815,5609,14016,17944
0	1077	16452	7815,5609,14016,17944
0	1077	32307	7815,5609,14016,17944
0	1077	15903	7815,5609,14016,17944
0	1077	15749	7815,5609,14016,17944
0	1077	10615	7815,5609,14016,17944
0	1077	4183	7815,5609,14016,17944
0	1077	14511	7815,5609,14016,17944
0	1077	18325	7815,5609,14016,17944
0	1077	6981	7815,5609,14016,17944
0	1077	3120	7815,5609,14016,17944
0	1077	7804	7815,5609,14016,17944
0	1077	21159	7815,5609,14016,17944
0	1077	17159	7815,5609,14016,17944
0	1077	6402	7815,5609,14016,17944
0	1077	21774	7815,5609,14016,17944
0	1077	7613	7815,5609,14016,17944
0	1077	17922	7815,5609,14016,17944
0	1077	5170	7815,5609,14016,17944
0	1077	21166	7815,5609,14016,17944
0	1077	23374	7815,5609,14016,17944
0	1077	2879	7815,5609,14016,17944
1	1077	1851	7815,5609,14016,17944
0	1077	18821	7815,5609,14016,17944,1851
0	1077	6573	7815,5609,14016,17944,1851
1	1077	12734	7815,5609,14016,17944,1851
0	1077	7261	7815,5609,14016,17944,1851,12734
1	1077	27676	7815,5609,14016,17944,1851,12734
0	1077	7305	7815,5609,14016,17944,1851,12734,27676
0	1077	22784	7815,5609,14016,17944,1851,12734,27676
