0	1748	3760	0
0	1748	11402	0
1	1748	8078	0
1	1748	2341	8078
1	1748	8946	8078,2341
1	1748	1660	8078,2341,8946
1	1748	7305	8078,2341,8946,1660
0	1748	10149	8078,2341,8946,1660,7305
1	1748	13806	8078,2341,8946,1660,7305
1	1748	15135	8078,2341,8946,1660,7305,13806
0	1748	16456	8078,2341,8946,1660,7305,13806,15135
1	1748	18843	8078,2341,8946,1660,7305,13806,15135
1	1748	20623	8078,2341,8946,1660,7305,13806,15135,18843
1	1748	20664	8078,2341,8946,1660,7305,13806,15135,18843,20623
1	1748	16961	8078,2341,8946,1660,7305,13806,15135,18843,20623,20664
0	1748	22433	8078,2341,8946,1660,7305,13806,15135,18843,20623,20664,16961
1	1748	31123	8078,2341,8946,1660,7305,13806,15135,18843,20623,20664,16961
1	1748	2589	8078,2341,8946,1660,7305,13806,15135,18843,20623,20664,16961,31123
1	1748	2826	8078,2341,8946,1660,7305,13806,15135,18843,20623,20664,16961,31123,2589
1	1748	4985	8078,2341,8946,1660,7305,13806,15135,18843,20623,20664,16961,31123,2589,2826
0	1748	7471	8078,2341,8946,1660,7305,13806,15135,18843,20623,20664,16961,31123,2589,2826,4985
1	1748	8287	8078,2341,8946,1660,7305,13806,15135,18843,20623,20664,16961,31123,2589,2826,4985
1	1748	9970	8078,2341,8946,1660,7305,13806,15135,18843,20623,20664,16961,31123,2589,2826,4985,8287
1	1748	10410	8078,2341,8946,1660,7305,13806,15135,18843,20623,20664,16961,31123,2589,2826,4985,8287,9970
1	1748	13297	8078,2341,8946,1660,7305,13806,15135,18843,20623,20664,16961,31123,2589,2826,4985,8287,9970,10410
0	1748	14963	8078,2341,8946,1660,7305,13806,15135,18843,20623,20664,16961,31123,2589,2826,4985,8287,9970,10410,13297
1	1748	16807	8078,2341,8946,1660,7305,13806,15135,18843,20623,20664,16961,31123,2589,2826,4985,8287,9970,10410,13297
1	1748	19811	8078,2341,8946,1660,7305,13806,15135,18843,20623,20664,16961,31123,2589,2826,4985,8287,9970,10410,13297,16807
1	1748	21333	8078,2341,8946,1660,7305,13806,15135,18843,20623,20664,16961,31123,2589,2826,4985,8287,9970,10410,13297,16807,19811
1	1748	22719	8078,2341,8946,1660,7305,13806,15135,18843,20623,20664,16961,31123,2589,2826,4985,8287,9970,10410,13297,16807,19811,21333
1	1748	22941	8078,2341,8946,1660,7305,13806,15135,18843,20623,20664,16961,31123,2589,2826,4985,8287,9970,10410,13297,16807,19811,21333,22719
1	1748	31030	8078,2341,8946,1660,7305,13806,15135,18843,20623,20664,16961,31123,2589,2826,4985,8287,9970,10410,13297,16807,19811,21333,22719,22941
1	1748	32885	8078,2341,8946,1660,7305,13806,15135,18843,20623,20664,16961,31123,2589,2826,4985,8287,9970,10410,13297,16807,19811,21333,22719,22941,31030
1	1748	172	8078,2341,8946,1660,7305,13806,15135,18843,20623,20664,16961,31123,2589,2826,4985,8287,9970,10410,13297,16807,19811,21333,22719,22941,31030,32885
1	1748	440	8078,2341,8946,1660,7305,13806,15135,18843,20623,20664,16961,31123,2589,2826,4985,8287,9970,10410,13297,16807,19811,21333,22719,22941,31030,32885,172
1	1748	1082	8078,2341,8946,1660,7305,13806,15135,18843,20623,20664,16961,31123,2589,2826,4985,8287,9970,10410,13297,16807,19811,21333,22719,22941,31030,32885,172,440
0	1748	1241	8078,2341,8946,1660,7305,13806,15135,18843,20623,20664,16961,31123,2589,2826,4985,8287,9970,10410,13297,16807,19811,21333,22719,22941,31030,32885,172,440,1082
1	1748	1440	8078,2341,8946,1660,7305,13806,15135,18843,20623,20664,16961,31123,2589,2826,4985,8287,9970,10410,13297,16807,19811,21333,22719,22941,31030,32885,172,440,1082
1	1748	1599	8078,2341,8946,1660,7305,13806,15135,18843,20623,20664,16961,31123,2589,2826,4985,8287,9970,10410,13297,16807,19811,21333,22719,22941,31030,32885,172,440,1082,1440
1	1748	4410	8078,2341,8946,1660,7305,13806,15135,18843,20623,20664,16961,31123,2589,2826,4985,8287,9970,10410,13297,16807,19811,21333,22719,22941,31030,32885,172,440,1082,1440,1599
0	1748	4516	8078,2341,8946,1660,7305,13806,15135,18843,20623,20664,16961,31123,2589,2826,4985,8287,9970,10410,13297,16807,19811,21333,22719,22941,31030,32885,172,440,1082,1440,1599,4410
1	1748	4563	8078,2341,8946,1660,7305,13806,15135,18843,20623,20664,16961,31123,2589,2826,4985,8287,9970,10410,13297,16807,19811,21333,22719,22941,31030,32885,172,440,1082,1440,1599,4410
1	1748	6966	8078,2341,8946,1660,7305,13806,15135,18843,20623,20664,16961,31123,2589,2826,4985,8287,9970,10410,13297,16807,19811,21333,22719,22941,31030,32885,172,440,1082,1440,1599,4410,4563
0	1748	7786	8078,2341,8946,1660,7305,13806,15135,18843,20623,20664,16961,31123,2589,2826,4985,8287,9970,10410,13297,16807,19811,21333,22719,22941,31030,32885,172,440,1082,1440,1599,4410,4563,6966
1	1748	8490	8078,2341,8946,1660,7305,13806,15135,18843,20623,20664,16961,31123,2589,2826,4985,8287,9970,10410,13297,16807,19811,21333,22719,22941,31030,32885,172,440,1082,1440,1599,4410,4563,6966
0	1748	8951	8078,2341,8946,1660,7305,13806,15135,18843,20623,20664,16961,31123,2589,2826,4985,8287,9970,10410,13297,16807,19811,21333,22719,22941,31030,32885,172,440,1082,1440,1599,4410,4563,6966,8490
1	1748	12450	8078,2341,8946,1660,7305,13806,15135,18843,20623,20664,16961,31123,2589,2826,4985,8287,9970,10410,13297,16807,19811,21333,22719,22941,31030,32885,172,440,1082,1440,1599,4410,4563,6966,8490
1	1748	15574	8078,2341,8946,1660,7305,13806,15135,18843,20623,20664,16961,31123,2589,2826,4985,8287,9970,10410,13297,16807,19811,21333,22719,22941,31030,32885,172,440,1082,1440,1599,4410,4563,6966,8490,12450
1	1748	16744	8078,2341,8946,1660,7305,13806,15135,18843,20623,20664,16961,31123,2589,2826,4985,8287,9970,10410,13297,16807,19811,21333,22719,22941,31030,32885,172,440,1082,1440,1599,4410,4563,6966,8490,12450,15574
1	1748	16909	8078,2341,8946,1660,7305,13806,15135,18843,20623,20664,16961,31123,2589,2826,4985,8287,9970,10410,13297,16807,19811,21333,22719,22941,31030,32885,172,440,1082,1440,1599,4410,4563,6966,8490,12450,15574,16744
1	1748	17745	8078,2341,8946,1660,7305,13806,15135,18843,20623,20664,16961,31123,2589,2826,4985,8287,9970,10410,13297,16807,19811,21333,22719,22941,31030,32885,172,440,1082,1440,1599,4410,4563,6966,8490,12450,15574,16744,16909
1	1748	19636	8078,2341,8946,1660,7305,13806,15135,18843,20623,20664,16961,31123,2589,2826,4985,8287,9970,10410,13297,16807,19811,21333,22719,22941,31030,32885,172,440,1082,1440,1599,4410,4563,6966,8490,12450,15574,16744,16909,17745
0	1748	20014	8078,2341,8946,1660,7305,13806,15135,18843,20623,20664,16961,31123,2589,2826,4985,8287,9970,10410,13297,16807,19811,21333,22719,22941,31030,32885,172,440,1082,1440,1599,4410,4563,6966,8490,12450,15574,16744,16909,17745,19636
1	1748	21354	8078,2341,8946,1660,7305,13806,15135,18843,20623,20664,16961,31123,2589,2826,4985,8287,9970,10410,13297,16807,19811,21333,22719,22941,31030,32885,172,440,1082,1440,1599,4410,4563,6966,8490,12450,15574,16744,16909,17745,19636
1	1748	22396	8078,2341,8946,1660,7305,13806,15135,18843,20623,20664,16961,31123,2589,2826,4985,8287,9970,10410,13297,16807,19811,21333,22719,22941,31030,32885,172,440,1082,1440,1599,4410,4563,6966,8490,12450,15574,16744,16909,17745,19636,21354
1	1748	2757	8078,2341,8946,1660,7305,13806,15135,18843,20623,20664,16961,31123,2589,2826,4985,8287,9970,10410,13297,16807,19811,21333,22719,22941,31030,32885,172,440,1082,1440,1599,4410,4563,6966,8490,12450,15574,16744,16909,17745,19636,21354,22396
1	1748	9793	8078,2341,8946,1660,7305,13806,15135,18843,20623,20664,16961,31123,2589,2826,4985,8287,9970,10410,13297,16807,19811,21333,22719,22941,31030,32885,172,440,1082,1440,1599,4410,4563,6966,8490,12450,15574,16744,16909,17745,19636,21354,22396,2757
1	1748	14860	8078,2341,8946,1660,7305,13806,15135,18843,20623,20664,16961,31123,2589,2826,4985,8287,9970,10410,13297,16807,19811,21333,22719,22941,31030,32885,172,440,1082,1440,1599,4410,4563,6966,8490,12450,15574,16744,16909,17745,19636,21354,22396,2757,9793
1	1748	16948	8078,2341,8946,1660,7305,13806,15135,18843,20623,20664,16961,31123,2589,2826,4985,8287,9970,10410,13297,16807,19811,21333,22719,22941,31030,32885,172,440,1082,1440,1599,4410,4563,6966,8490,12450,15574,16744,16909,17745,19636,21354,22396,2757,9793,14860
1	1748	17334	8078,2341,8946,1660,7305,13806,15135,18843,20623,20664,16961,31123,2589,2826,4985,8287,9970,10410,13297,16807,19811,21333,22719,22941,31030,32885,172,440,1082,1440,1599,4410,4563,6966,8490,12450,15574,16744,16909,17745,19636,21354,22396,2757,9793,14860,16948
1	1748	18211	8078,2341,8946,1660,7305,13806,15135,18843,20623,20664,16961,31123,2589,2826,4985,8287,9970,10410,13297,16807,19811,21333,22719,22941,31030,32885,172,440,1082,1440,1599,4410,4563,6966,8490,12450,15574,16744,16909,17745,19636,21354,22396,2757,9793,14860,16948,17334
1	1748	20094	8078,2341,8946,1660,7305,13806,15135,18843,20623,20664,16961,31123,2589,2826,4985,8287,9970,10410,13297,16807,19811,21333,22719,22941,31030,32885,172,440,1082,1440,1599,4410,4563,6966,8490,12450,15574,16744,16909,17745,19636,21354,22396,2757,9793,14860,16948,17334,18211
1	1748	22738	8078,2341,8946,1660,7305,13806,15135,18843,20623,20664,16961,31123,2589,2826,4985,8287,9970,10410,13297,16807,19811,21333,22719,22941,31030,32885,172,440,1082,1440,1599,4410,4563,6966,8490,12450,15574,16744,16909,17745,19636,21354,22396,2757,9793,14860,16948,17334,18211,20094
0	1748	23630	8078,2341,8946,1660,7305,13806,15135,18843,20623,20664,16961,31123,2589,2826,4985,8287,9970,10410,13297,16807,19811,21333,22719,22941,31030,32885,172,440,1082,1440,1599,4410,4563,6966,8490,12450,15574,16744,16909,17745,19636,21354,22396,2757,9793,14860,16948,17334,18211,20094,22738
1	1748	24438	8078,2341,8946,1660,7305,13806,15135,18843,20623,20664,16961,31123,2589,2826,4985,8287,9970,10410,13297,16807,19811,21333,22719,22941,31030,32885,172,440,1082,1440,1599,4410,4563,6966,8490,12450,15574,16744,16909,17745,19636,21354,22396,2757,9793,14860,16948,17334,18211,20094,22738
1	1748	11191	8078,2341,8946,1660,7305,13806,15135,18843,20623,20664,16961,31123,2589,2826,4985,8287,9970,10410,13297,16807,19811,21333,22719,22941,31030,32885,172,440,1082,1440,1599,4410,4563,6966,8490,12450,15574,16744,16909,17745,19636,21354,22396,2757,9793,14860,16948,17334,18211,20094,22738,24438
1	1748	3930	8078,2341,8946,1660,7305,13806,15135,18843,20623,20664,16961,31123,2589,2826,4985,8287,9970,10410,13297,16807,19811,21333,22719,22941,31030,32885,172,440,1082,1440,1599,4410,4563,6966,8490,12450,15574,16744,16909,17745,19636,21354,22396,2757,9793,14860,16948,17334,18211,20094,22738,24438,11191
