1	882	3981	0
1	882	16772	3981
0	882	16974	3981,16772
1	882	22997	3981,16772
0	882	23331	3981,16772,22997
0	882	28636	3981,16772,22997
0	882	31237	3981,16772,22997
1	882	31259	3981,16772,22997
1	882	14814	3981,16772,22997,31259
1	882	31408	3981,16772,22997,31259,14814
1	882	31904	3981,16772,22997,31259,14814,31408
0	882	936	3981,16772,22997,31259,14814,31408,31904
1	882	2961	3981,16772,22997,31259,14814,31408,31904
1	882	31769	3981,16772,22997,31259,14814,31408,31904,2961
1	882	3107	3981,16772,22997,31259,14814,31408,31904,2961,31769
0	882	3835	3981,16772,22997,31259,14814,31408,31904,2961,31769,3107
0	882	33134	3981,16772,22997,31259,14814,31408,31904,2961,31769,3107
0	882	4714	3981,16772,22997,31259,14814,31408,31904,2961,31769,3107
0	882	6057	3981,16772,22997,31259,14814,31408,31904,2961,31769,3107
0	882	32307	3981,16772,22997,31259,14814,31408,31904,2961,31769,3107
1	882	865	3981,16772,22997,31259,14814,31408,31904,2961,31769,3107
1	882	7001	3981,16772,22997,31259,14814,31408,31904,2961,31769,3107,865
1	882	1884	3981,16772,22997,31259,14814,31408,31904,2961,31769,3107,865,7001
1	882	4683	3981,16772,22997,31259,14814,31408,31904,2961,31769,3107,865,7001,1884
1	882	7176	3981,16772,22997,31259,14814,31408,31904,2961,31769,3107,865,7001,1884,4683
1	882	6733	3981,16772,22997,31259,14814,31408,31904,2961,31769,3107,865,7001,1884,4683,7176
0	882	5049	3981,16772,22997,31259,14814,31408,31904,2961,31769,3107,865,7001,1884,4683,7176,6733
1	882	8773	3981,16772,22997,31259,14814,31408,31904,2961,31769,3107,865,7001,1884,4683,7176,6733
0	882	1028	3981,16772,22997,31259,14814,31408,31904,2961,31769,3107,865,7001,1884,4683,7176,6733,8773
1	882	6637	3981,16772,22997,31259,14814,31408,31904,2961,31769,3107,865,7001,1884,4683,7176,6733,8773
0	882	9001	3981,16772,22997,31259,14814,31408,31904,2961,31769,3107,865,7001,1884,4683,7176,6733,8773,6637
1	882	9290	3981,16772,22997,31259,14814,31408,31904,2961,31769,3107,865,7001,1884,4683,7176,6733,8773,6637
1	882	6230	3981,16772,22997,31259,14814,31408,31904,2961,31769,3107,865,7001,1884,4683,7176,6733,8773,6637,9290
0	882	2714	3981,16772,22997,31259,14814,31408,31904,2961,31769,3107,865,7001,1884,4683,7176,6733,8773,6637,9290,6230
1	882	10282	3981,16772,22997,31259,14814,31408,31904,2961,31769,3107,865,7001,1884,4683,7176,6733,8773,6637,9290,6230
1	882	9827	3981,16772,22997,31259,14814,31408,31904,2961,31769,3107,865,7001,1884,4683,7176,6733,8773,6637,9290,6230,10282
1	882	671	3981,16772,22997,31259,14814,31408,31904,2961,31769,3107,865,7001,1884,4683,7176,6733,8773,6637,9290,6230,10282,9827
0	882	13697	3981,16772,22997,31259,14814,31408,31904,2961,31769,3107,865,7001,1884,4683,7176,6733,8773,6637,9290,6230,10282,9827,671
0	882	7988	3981,16772,22997,31259,14814,31408,31904,2961,31769,3107,865,7001,1884,4683,7176,6733,8773,6637,9290,6230,10282,9827,671
0	882	10870	3981,16772,22997,31259,14814,31408,31904,2961,31769,3107,865,7001,1884,4683,7176,6733,8773,6637,9290,6230,10282,9827,671
0	882	4381	3981,16772,22997,31259,14814,31408,31904,2961,31769,3107,865,7001,1884,4683,7176,6733,8773,6637,9290,6230,10282,9827,671
0	882	9986	3981,16772,22997,31259,14814,31408,31904,2961,31769,3107,865,7001,1884,4683,7176,6733,8773,6637,9290,6230,10282,9827,671
0	882	2408	3981,16772,22997,31259,14814,31408,31904,2961,31769,3107,865,7001,1884,4683,7176,6733,8773,6637,9290,6230,10282,9827,671
1	882	12202	3981,16772,22997,31259,14814,31408,31904,2961,31769,3107,865,7001,1884,4683,7176,6733,8773,6637,9290,6230,10282,9827,671
0	882	5098	3981,16772,22997,31259,14814,31408,31904,2961,31769,3107,865,7001,1884,4683,7176,6733,8773,6637,9290,6230,10282,9827,671,12202
0	882	11507	3981,16772,22997,31259,14814,31408,31904,2961,31769,3107,865,7001,1884,4683,7176,6733,8773,6637,9290,6230,10282,9827,671,12202
1	882	4209	3981,16772,22997,31259,14814,31408,31904,2961,31769,3107,865,7001,1884,4683,7176,6733,8773,6637,9290,6230,10282,9827,671,12202
1	882	5066	3981,16772,22997,31259,14814,31408,31904,2961,31769,3107,865,7001,1884,4683,7176,6733,8773,6637,9290,6230,10282,9827,671,12202,4209
1	882	14658	3981,16772,22997,31259,14814,31408,31904,2961,31769,3107,865,7001,1884,4683,7176,6733,8773,6637,9290,6230,10282,9827,671,12202,4209,5066
1	882	14349	3981,16772,22997,31259,14814,31408,31904,2961,31769,3107,865,7001,1884,4683,7176,6733,8773,6637,9290,6230,10282,9827,671,12202,4209,5066,14658
0	882	14453	3981,16772,22997,31259,14814,31408,31904,2961,31769,3107,865,7001,1884,4683,7176,6733,8773,6637,9290,6230,10282,9827,671,12202,4209,5066,14658,14349
0	882	15203	3981,16772,22997,31259,14814,31408,31904,2961,31769,3107,865,7001,1884,4683,7176,6733,8773,6637,9290,6230,10282,9827,671,12202,4209,5066,14658,14349
0	882	9702	3981,16772,22997,31259,14814,31408,31904,2961,31769,3107,865,7001,1884,4683,7176,6733,8773,6637,9290,6230,10282,9827,671,12202,4209,5066,14658,14349
0	882	10738	3981,16772,22997,31259,14814,31408,31904,2961,31769,3107,865,7001,1884,4683,7176,6733,8773,6637,9290,6230,10282,9827,671,12202,4209,5066,14658,14349
0	882	16226	3981,16772,22997,31259,14814,31408,31904,2961,31769,3107,865,7001,1884,4683,7176,6733,8773,6637,9290,6230,10282,9827,671,12202,4209,5066,14658,14349
1	882	1660	3981,16772,22997,31259,14814,31408,31904,2961,31769,3107,865,7001,1884,4683,7176,6733,8773,6637,9290,6230,10282,9827,671,12202,4209,5066,14658,14349
0	882	18081	3981,16772,22997,31259,14814,31408,31904,2961,31769,3107,865,7001,1884,4683,7176,6733,8773,6637,9290,6230,10282,9827,671,12202,4209,5066,14658,14349,1660
0	882	19627	3981,16772,22997,31259,14814,31408,31904,2961,31769,3107,865,7001,1884,4683,7176,6733,8773,6637,9290,6230,10282,9827,671,12202,4209,5066,14658,14349,1660
0	882	17799	3981,16772,22997,31259,14814,31408,31904,2961,31769,3107,865,7001,1884,4683,7176,6733,8773,6637,9290,6230,10282,9827,671,12202,4209,5066,14658,14349,1660
1	882	19669	3981,16772,22997,31259,14814,31408,31904,2961,31769,3107,865,7001,1884,4683,7176,6733,8773,6637,9290,6230,10282,9827,671,12202,4209,5066,14658,14349,1660
0	882	18938	3981,16772,22997,31259,14814,31408,31904,2961,31769,3107,865,7001,1884,4683,7176,6733,8773,6637,9290,6230,10282,9827,671,12202,4209,5066,14658,14349,1660,19669
0	882	19972	3981,16772,22997,31259,14814,31408,31904,2961,31769,3107,865,7001,1884,4683,7176,6733,8773,6637,9290,6230,10282,9827,671,12202,4209,5066,14658,14349,1660,19669
0	882	20043	3981,16772,22997,31259,14814,31408,31904,2961,31769,3107,865,7001,1884,4683,7176,6733,8773,6637,9290,6230,10282,9827,671,12202,4209,5066,14658,14349,1660,19669
0	882	4543	3981,16772,22997,31259,14814,31408,31904,2961,31769,3107,865,7001,1884,4683,7176,6733,8773,6637,9290,6230,10282,9827,671,12202,4209,5066,14658,14349,1660,19669
0	882	19255	3981,16772,22997,31259,14814,31408,31904,2961,31769,3107,865,7001,1884,4683,7176,6733,8773,6637,9290,6230,10282,9827,671,12202,4209,5066,14658,14349,1660,19669
1	882	20039	3981,16772,22997,31259,14814,31408,31904,2961,31769,3107,865,7001,1884,4683,7176,6733,8773,6637,9290,6230,10282,9827,671,12202,4209,5066,14658,14349,1660,19669
1	882	19365	3981,16772,22997,31259,14814,31408,31904,2961,31769,3107,865,7001,1884,4683,7176,6733,8773,6637,9290,6230,10282,9827,671,12202,4209,5066,14658,14349,1660,19669,20039
1	882	13912	3981,16772,22997,31259,14814,31408,31904,2961,31769,3107,865,7001,1884,4683,7176,6733,8773,6637,9290,6230,10282,9827,671,12202,4209,5066,14658,14349,1660,19669,20039,19365
0	882	8229	3981,16772,22997,31259,14814,31408,31904,2961,31769,3107,865,7001,1884,4683,7176,6733,8773,6637,9290,6230,10282,9827,671,12202,4209,5066,14658,14349,1660,19669,20039,19365,13912
