1	1314	4193	0
0	1314	10474	4193
1	1314	14441	4193
0	1314	7097	4193,14441
1	1314	9007	4193,14441
1	1314	5581	4193,14441,9007
1	1314	1300	4193,14441,9007,5581
1	1314	32561	4193,14441,9007,5581,1300
1	1314	33105	4193,14441,9007,5581,1300,32561
1	1314	2972	4193,14441,9007,5581,1300,32561,33105
0	1314	3820	4193,14441,9007,5581,1300,32561,33105,2972
1	1314	4940	4193,14441,9007,5581,1300,32561,33105,2972
0	1314	3873	4193,14441,9007,5581,1300,32561,33105,2972,4940
0	1314	6963	4193,14441,9007,5581,1300,32561,33105,2972,4940
1	1314	6958	4193,14441,9007,5581,1300,32561,33105,2972,4940
1	1314	703	4193,14441,9007,5581,1300,32561,33105,2972,4940,6958
1	1314	14934	4193,14441,9007,5581,1300,32561,33105,2972,4940,6958,703
1	1314	6176	4193,14441,9007,5581,1300,32561,33105,2972,4940,6958,703,14934
1	1314	10768	4193,14441,9007,5581,1300,32561,33105,2972,4940,6958,703,14934,6176
1	1314	17836	4193,14441,9007,5581,1300,32561,33105,2972,4940,6958,703,14934,6176,10768
0	1314	6750	4193,14441,9007,5581,1300,32561,33105,2972,4940,6958,703,14934,6176,10768,17836
1	1314	3189	4193,14441,9007,5581,1300,32561,33105,2972,4940,6958,703,14934,6176,10768,17836
1	1314	10547	4193,14441,9007,5581,1300,32561,33105,2972,4940,6958,703,14934,6176,10768,17836,3189
1	1314	6733	4193,14441,9007,5581,1300,32561,33105,2972,4940,6958,703,14934,6176,10768,17836,3189,10547
1	1314	14801	4193,14441,9007,5581,1300,32561,33105,2972,4940,6958,703,14934,6176,10768,17836,3189,10547,6733
0	1314	5741	4193,14441,9007,5581,1300,32561,33105,2972,4940,6958,703,14934,6176,10768,17836,3189,10547,6733,14801
1	1314	19174	4193,14441,9007,5581,1300,32561,33105,2972,4940,6958,703,14934,6176,10768,17836,3189,10547,6733,14801
0	1314	9500	4193,14441,9007,5581,1300,32561,33105,2972,4940,6958,703,14934,6176,10768,17836,3189,10547,6733,14801,19174
0	1314	11832	4193,14441,9007,5581,1300,32561,33105,2972,4940,6958,703,14934,6176,10768,17836,3189,10547,6733,14801,19174
1	1314	12850	4193,14441,9007,5581,1300,32561,33105,2972,4940,6958,703,14934,6176,10768,17836,3189,10547,6733,14801,19174
1	1314	1828	4193,14441,9007,5581,1300,32561,33105,2972,4940,6958,703,14934,6176,10768,17836,3189,10547,6733,14801,19174,12850
1	1314	23235	4193,14441,9007,5581,1300,32561,33105,2972,4940,6958,703,14934,6176,10768,17836,3189,10547,6733,14801,19174,12850,1828
0	1314	20483	4193,14441,9007,5581,1300,32561,33105,2972,4940,6958,703,14934,6176,10768,17836,3189,10547,6733,14801,19174,12850,1828,23235
1	1314	31167	4193,14441,9007,5581,1300,32561,33105,2972,4940,6958,703,14934,6176,10768,17836,3189,10547,6733,14801,19174,12850,1828,23235
1	1314	25765	4193,14441,9007,5581,1300,32561,33105,2972,4940,6958,703,14934,6176,10768,17836,3189,10547,6733,14801,19174,12850,1828,23235,31167
1	1314	888	4193,14441,9007,5581,1300,32561,33105,2972,4940,6958,703,14934,6176,10768,17836,3189,10547,6733,14801,19174,12850,1828,23235,31167,25765
0	1314	9450	4193,14441,9007,5581,1300,32561,33105,2972,4940,6958,703,14934,6176,10768,17836,3189,10547,6733,14801,19174,12850,1828,23235,31167,25765,888
1	1314	1059	4193,14441,9007,5581,1300,32561,33105,2972,4940,6958,703,14934,6176,10768,17836,3189,10547,6733,14801,19174,12850,1828,23235,31167,25765,888
0	1314	21367	4193,14441,9007,5581,1300,32561,33105,2972,4940,6958,703,14934,6176,10768,17836,3189,10547,6733,14801,19174,12850,1828,23235,31167,25765,888,1059
0	1314	24456	4193,14441,9007,5581,1300,32561,33105,2972,4940,6958,703,14934,6176,10768,17836,3189,10547,6733,14801,19174,12850,1828,23235,31167,25765,888,1059
1	1314	13893	4193,14441,9007,5581,1300,32561,33105,2972,4940,6958,703,14934,6176,10768,17836,3189,10547,6733,14801,19174,12850,1828,23235,31167,25765,888,1059
0	1314	5583	4193,14441,9007,5581,1300,32561,33105,2972,4940,6958,703,14934,6176,10768,17836,3189,10547,6733,14801,19174,12850,1828,23235,31167,25765,888,1059,13893
