0	855	17641	0
0	855	8672	0
0	855	27929	0
0	855	473	0
0	855	3198	0
0	855	3760	0
0	855	4495	0
0	855	25111	0
0	855	12357	0
0	855	5325	0
0	855	5888	0
0	855	7559	0
0	855	7780	0
0	855	32631	0
0	855	6626	0
0	855	2195	0
0	855	10741	0
0	855	12874	0
0	855	14622	0
1	855	440	0
0	855	3530	440
0	855	2677	440
0	855	5015	440
0	855	7807	440
0	855	8421	440
0	855	18436	440
0	855	17484	440
0	855	22068	440
0	855	22350	440
0	855	19959	440
0	855	17331	440
0	855	17444	440
0	855	14459	440
0	855	24382	440
0	855	24673	440
1	855	11340	440
0	855	20698	440,11340
0	855	23014	440,11340
0	855	25762	440,11340
0	855	22914	440,11340
0	855	23452	440,11340
0	855	19655	440,11340
1	855	22304	440,11340
0	855	24884	440,11340,22304
1	855	20836	440,11340,22304
