1	1079	7960	0
0	1079	8283	7960
0	1079	8638	7960
1	1079	14008	7960
0	1079	4522	7960,14008
0	1079	17157	7960,14008
1	1079	18575	7960,14008
1	1079	22695	7960,14008,18575
0	1079	2211	7960,14008,18575,22695
0	1079	8267	7960,14008,18575,22695
0	1079	11839	7960,14008,18575,22695
0	1079	7277	7960,14008,18575,22695
1	1079	21312	7960,14008,18575,22695
1	1079	23452	7960,14008,18575,22695,21312
1	1079	837	7960,14008,18575,22695,21312,23452
1	1079	23768	7960,14008,18575,22695,21312,23452,837
0	1079	25578	7960,14008,18575,22695,21312,23452,837,23768
0	1079	27919	7960,14008,18575,22695,21312,23452,837,23768
0	1079	24301	7960,14008,18575,22695,21312,23452,837,23768
1	1079	31123	7960,14008,18575,22695,21312,23452,837,23768
1	1079	19128	7960,14008,18575,22695,21312,23452,837,23768,31123
1	1079	28258	7960,14008,18575,22695,21312,23452,837,23768,31123,19128
1	1079	28937	7960,14008,18575,22695,21312,23452,837,23768,31123,19128,28258
