0	1222	31123	0
1	1222	32610	0
0	1222	6434	32610
1	1222	7701	32610
1	1222	9581	32610,7701
1	1222	14121	32610,7701,9581
1	1222	13351	32610,7701,9581,14121
1	1222	12679	32610,7701,9581,14121,13351
0	1222	361	32610,7701,9581,14121,13351,12679
0	1222	5108	32610,7701,9581,14121,13351,12679
1	1222	14118	32610,7701,9581,14121,13351,12679
1	1222	19358	32610,7701,9581,14121,13351,12679,14118
1	1222	15651	32610,7701,9581,14121,13351,12679,14118,19358
1	1222	27082	32610,7701,9581,14121,13351,12679,14118,19358,15651
1	1222	10042	32610,7701,9581,14121,13351,12679,14118,19358,15651,27082
1	1222	12028	32610,7701,9581,14121,13351,12679,14118,19358,15651,27082,10042
1	1222	20497	32610,7701,9581,14121,13351,12679,14118,19358,15651,27082,10042,12028
1	1222	8531	32610,7701,9581,14121,13351,12679,14118,19358,15651,27082,10042,12028,20497
0	1222	15101	32610,7701,9581,14121,13351,12679,14118,19358,15651,27082,10042,12028,20497,8531
1	1222	10154	32610,7701,9581,14121,13351,12679,14118,19358,15651,27082,10042,12028,20497,8531
0	1222	12342	32610,7701,9581,14121,13351,12679,14118,19358,15651,27082,10042,12028,20497,8531,10154
1	1222	13948	32610,7701,9581,14121,13351,12679,14118,19358,15651,27082,10042,12028,20497,8531,10154
1	1222	18500	32610,7701,9581,14121,13351,12679,14118,19358,15651,27082,10042,12028,20497,8531,10154,13948
0	1222	5914	32610,7701,9581,14121,13351,12679,14118,19358,15651,27082,10042,12028,20497,8531,10154,13948,18500
1	1222	15864	32610,7701,9581,14121,13351,12679,14118,19358,15651,27082,10042,12028,20497,8531,10154,13948,18500
1	1222	17498	32610,7701,9581,14121,13351,12679,14118,19358,15651,27082,10042,12028,20497,8531,10154,13948,18500,15864
1	1222	13376	32610,7701,9581,14121,13351,12679,14118,19358,15651,27082,10042,12028,20497,8531,10154,13948,18500,15864,17498
0	1222	10453	32610,7701,9581,14121,13351,12679,14118,19358,15651,27082,10042,12028,20497,8531,10154,13948,18500,15864,17498,13376
1	1222	19589	32610,7701,9581,14121,13351,12679,14118,19358,15651,27082,10042,12028,20497,8531,10154,13948,18500,15864,17498,13376
1	1222	21334	32610,7701,9581,14121,13351,12679,14118,19358,15651,27082,10042,12028,20497,8531,10154,13948,18500,15864,17498,13376,19589
1	1222	21934	32610,7701,9581,14121,13351,12679,14118,19358,15651,27082,10042,12028,20497,8531,10154,13948,18500,15864,17498,13376,19589,21334
1	1222	18879	32610,7701,9581,14121,13351,12679,14118,19358,15651,27082,10042,12028,20497,8531,10154,13948,18500,15864,17498,13376,19589,21334,21934
0	1222	13822	32610,7701,9581,14121,13351,12679,14118,19358,15651,27082,10042,12028,20497,8531,10154,13948,18500,15864,17498,13376,19589,21334,21934,18879
1	1222	14078	32610,7701,9581,14121,13351,12679,14118,19358,15651,27082,10042,12028,20497,8531,10154,13948,18500,15864,17498,13376,19589,21334,21934,18879
0	1222	25214	32610,7701,9581,14121,13351,12679,14118,19358,15651,27082,10042,12028,20497,8531,10154,13948,18500,15864,17498,13376,19589,21334,21934,18879,14078
0	1222	17456	32610,7701,9581,14121,13351,12679,14118,19358,15651,27082,10042,12028,20497,8531,10154,13948,18500,15864,17498,13376,19589,21334,21934,18879,14078
1	1222	17648	32610,7701,9581,14121,13351,12679,14118,19358,15651,27082,10042,12028,20497,8531,10154,13948,18500,15864,17498,13376,19589,21334,21934,18879,14078
0	1222	22946	32610,7701,9581,14121,13351,12679,14118,19358,15651,27082,10042,12028,20497,8531,10154,13948,18500,15864,17498,13376,19589,21334,21934,18879,14078,17648
1	1222	25255	32610,7701,9581,14121,13351,12679,14118,19358,15651,27082,10042,12028,20497,8531,10154,13948,18500,15864,17498,13376,19589,21334,21934,18879,14078,17648
1	1222	25666	32610,7701,9581,14121,13351,12679,14118,19358,15651,27082,10042,12028,20497,8531,10154,13948,18500,15864,17498,13376,19589,21334,21934,18879,14078,17648,25255
1	1222	12553	32610,7701,9581,14121,13351,12679,14118,19358,15651,27082,10042,12028,20497,8531,10154,13948,18500,15864,17498,13376,19589,21334,21934,18879,14078,17648,25255,25666
1	1222	12253	32610,7701,9581,14121,13351,12679,14118,19358,15651,27082,10042,12028,20497,8531,10154,13948,18500,15864,17498,13376,19589,21334,21934,18879,14078,17648,25255,25666,12553
1	1222	14549	32610,7701,9581,14121,13351,12679,14118,19358,15651,27082,10042,12028,20497,8531,10154,13948,18500,15864,17498,13376,19589,21334,21934,18879,14078,17648,25255,25666,12553,12253
1	1222	7305	32610,7701,9581,14121,13351,12679,14118,19358,15651,27082,10042,12028,20497,8531,10154,13948,18500,15864,17498,13376,19589,21334,21934,18879,14078,17648,25255,25666,12553,12253,14549
0	1222	7855	32610,7701,9581,14121,13351,12679,14118,19358,15651,27082,10042,12028,20497,8531,10154,13948,18500,15864,17498,13376,19589,21334,21934,18879,14078,17648,25255,25666,12553,12253,14549,7305
0	1222	16203	32610,7701,9581,14121,13351,12679,14118,19358,15651,27082,10042,12028,20497,8531,10154,13948,18500,15864,17498,13376,19589,21334,21934,18879,14078,17648,25255,25666,12553,12253,14549,7305
0	1222	26771	32610,7701,9581,14121,13351,12679,14118,19358,15651,27082,10042,12028,20497,8531,10154,13948,18500,15864,17498,13376,19589,21334,21934,18879,14078,17648,25255,25666,12553,12253,14549,7305
1	1222	26341	32610,7701,9581,14121,13351,12679,14118,19358,15651,27082,10042,12028,20497,8531,10154,13948,18500,15864,17498,13376,19589,21334,21934,18879,14078,17648,25255,25666,12553,12253,14549,7305
1	1222	31697	32610,7701,9581,14121,13351,12679,14118,19358,15651,27082,10042,12028,20497,8531,10154,13948,18500,15864,17498,13376,19589,21334,21934,18879,14078,17648,25255,25666,12553,12253,14549,7305,26341
1	1222	19911	32610,7701,9581,14121,13351,12679,14118,19358,15651,27082,10042,12028,20497,8531,10154,13948,18500,15864,17498,13376,19589,21334,21934,18879,14078,17648,25255,25666,12553,12253,14549,7305,26341,31697
0	1222	26950	32610,7701,9581,14121,13351,12679,14118,19358,15651,27082,10042,12028,20497,8531,10154,13948,18500,15864,17498,13376,19589,21334,21934,18879,14078,17648,25255,25666,12553,12253,14549,7305,26341,31697,19911
