0	396	23925	0
0	396	28114	0
1	396	30766	0
0	396	12301	30766
0	396	25750	30766
1	396	28481	30766
0	396	24688	30766,28481
0	396	19540	30766,28481
0	396	30010	30766,28481
0	396	8360	30766,28481
0	396	23143	30766,28481
1	396	4058	30766,28481
1	396	19648	30766,28481,4058
1	396	5830	30766,28481,4058,19648
1	396	5916	30766,28481,4058,19648,5830
1	396	8215	30766,28481,4058,19648,5830,5916
1	396	9188	30766,28481,4058,19648,5830,5916,8215
1	396	11449	30766,28481,4058,19648,5830,5916,8215,9188
1	396	17027	30766,28481,4058,19648,5830,5916,8215,9188,11449
1	396	21425	30766,28481,4058,19648,5830,5916,8215,9188,11449,17027
1	396	22737	30766,28481,4058,19648,5830,5916,8215,9188,11449,17027,21425
0	396	23886	30766,28481,4058,19648,5830,5916,8215,9188,11449,17027,21425,22737
1	396	26154	30766,28481,4058,19648,5830,5916,8215,9188,11449,17027,21425,22737
1	396	26348	30766,28481,4058,19648,5830,5916,8215,9188,11449,17027,21425,22737,26154
0	396	28257	30766,28481,4058,19648,5830,5916,8215,9188,11449,17027,21425,22737,26154,26348
0	396	10963	30766,28481,4058,19648,5830,5916,8215,9188,11449,17027,21425,22737,26154,26348
1	396	18993	30766,28481,4058,19648,5830,5916,8215,9188,11449,17027,21425,22737,26154,26348
1	396	4357	30766,28481,4058,19648,5830,5916,8215,9188,11449,17027,21425,22737,26154,26348,18993
1	396	9567	30766,28481,4058,19648,5830,5916,8215,9188,11449,17027,21425,22737,26154,26348,18993,4357
1	396	27971	30766,28481,4058,19648,5830,5916,8215,9188,11449,17027,21425,22737,26154,26348,18993,4357,9567
1	396	7221	30766,28481,4058,19648,5830,5916,8215,9188,11449,17027,21425,22737,26154,26348,18993,4357,9567,27971
0	396	19700	30766,28481,4058,19648,5830,5916,8215,9188,11449,17027,21425,22737,26154,26348,18993,4357,9567,27971,7221
1	396	8902	30766,28481,4058,19648,5830,5916,8215,9188,11449,17027,21425,22737,26154,26348,18993,4357,9567,27971,7221
1	396	9175	30766,28481,4058,19648,5830,5916,8215,9188,11449,17027,21425,22737,26154,26348,18993,4357,9567,27971,7221,8902
1	396	10244	30766,28481,4058,19648,5830,5916,8215,9188,11449,17027,21425,22737,26154,26348,18993,4357,9567,27971,7221,8902,9175
1	396	16744	30766,28481,4058,19648,5830,5916,8215,9188,11449,17027,21425,22737,26154,26348,18993,4357,9567,27971,7221,8902,9175,10244
0	396	20629	30766,28481,4058,19648,5830,5916,8215,9188,11449,17027,21425,22737,26154,26348,18993,4357,9567,27971,7221,8902,9175,10244,16744
1	396	25167	30766,28481,4058,19648,5830,5916,8215,9188,11449,17027,21425,22737,26154,26348,18993,4357,9567,27971,7221,8902,9175,10244,16744
1	396	25981	30766,28481,4058,19648,5830,5916,8215,9188,11449,17027,21425,22737,26154,26348,18993,4357,9567,27971,7221,8902,9175,10244,16744,25167
1	396	1505	30766,28481,4058,19648,5830,5916,8215,9188,11449,17027,21425,22737,26154,26348,18993,4357,9567,27971,7221,8902,9175,10244,16744,25167,25981
1	396	6264	30766,28481,4058,19648,5830,5916,8215,9188,11449,17027,21425,22737,26154,26348,18993,4357,9567,27971,7221,8902,9175,10244,16744,25167,25981,1505
0	396	22236	30766,28481,4058,19648,5830,5916,8215,9188,11449,17027,21425,22737,26154,26348,18993,4357,9567,27971,7221,8902,9175,10244,16744,25167,25981,1505,6264
1	396	23851	30766,28481,4058,19648,5830,5916,8215,9188,11449,17027,21425,22737,26154,26348,18993,4357,9567,27971,7221,8902,9175,10244,16744,25167,25981,1505,6264
0	396	28264	30766,28481,4058,19648,5830,5916,8215,9188,11449,17027,21425,22737,26154,26348,18993,4357,9567,27971,7221,8902,9175,10244,16744,25167,25981,1505,6264,23851
1	396	27339	30766,28481,4058,19648,5830,5916,8215,9188,11449,17027,21425,22737,26154,26348,18993,4357,9567,27971,7221,8902,9175,10244,16744,25167,25981,1505,6264,23851
1	396	24832	30766,28481,4058,19648,5830,5916,8215,9188,11449,17027,21425,22737,26154,26348,18993,4357,9567,27971,7221,8902,9175,10244,16744,25167,25981,1505,6264,23851,27339
1	396	21504	30766,28481,4058,19648,5830,5916,8215,9188,11449,17027,21425,22737,26154,26348,18993,4357,9567,27971,7221,8902,9175,10244,16744,25167,25981,1505,6264,23851,27339,24832
1	396	23183	30766,28481,4058,19648,5830,5916,8215,9188,11449,17027,21425,22737,26154,26348,18993,4357,9567,27971,7221,8902,9175,10244,16744,25167,25981,1505,6264,23851,27339,24832,21504
1	396	30804	30766,28481,4058,19648,5830,5916,8215,9188,11449,17027,21425,22737,26154,26348,18993,4357,9567,27971,7221,8902,9175,10244,16744,25167,25981,1505,6264,23851,27339,24832,21504,23183
1	396	20185	30766,28481,4058,19648,5830,5916,8215,9188,11449,17027,21425,22737,26154,26348,18993,4357,9567,27971,7221,8902,9175,10244,16744,25167,25981,1505,6264,23851,27339,24832,21504,23183,30804
1	396	21042	30766,28481,4058,19648,5830,5916,8215,9188,11449,17027,21425,22737,26154,26348,18993,4357,9567,27971,7221,8902,9175,10244,16744,25167,25981,1505,6264,23851,27339,24832,21504,23183,30804,20185
1	396	20702	30766,28481,4058,19648,5830,5916,8215,9188,11449,17027,21425,22737,26154,26348,18993,4357,9567,27971,7221,8902,9175,10244,16744,25167,25981,1505,6264,23851,27339,24832,21504,23183,30804,20185,21042
1	396	12491	30766,28481,4058,19648,5830,5916,8215,9188,11449,17027,21425,22737,26154,26348,18993,4357,9567,27971,7221,8902,9175,10244,16744,25167,25981,1505,6264,23851,27339,24832,21504,23183,30804,20185,21042,20702
1	396	2835	30766,28481,4058,19648,5830,5916,8215,9188,11449,17027,21425,22737,26154,26348,18993,4357,9567,27971,7221,8902,9175,10244,16744,25167,25981,1505,6264,23851,27339,24832,21504,23183,30804,20185,21042,20702,12491
0	396	15574	30766,28481,4058,19648,5830,5916,8215,9188,11449,17027,21425,22737,26154,26348,18993,4357,9567,27971,7221,8902,9175,10244,16744,25167,25981,1505,6264,23851,27339,24832,21504,23183,30804,20185,21042,20702,12491,2835
0	396	28872	30766,28481,4058,19648,5830,5916,8215,9188,11449,17027,21425,22737,26154,26348,18993,4357,9567,27971,7221,8902,9175,10244,16744,25167,25981,1505,6264,23851,27339,24832,21504,23183,30804,20185,21042,20702,12491,2835
0	396	31060	30766,28481,4058,19648,5830,5916,8215,9188,11449,17027,21425,22737,26154,26348,18993,4357,9567,27971,7221,8902,9175,10244,16744,25167,25981,1505,6264,23851,27339,24832,21504,23183,30804,20185,21042,20702,12491,2835
0	396	10500	30766,28481,4058,19648,5830,5916,8215,9188,11449,17027,21425,22737,26154,26348,18993,4357,9567,27971,7221,8902,9175,10244,16744,25167,25981,1505,6264,23851,27339,24832,21504,23183,30804,20185,21042,20702,12491,2835
0	396	13045	30766,28481,4058,19648,5830,5916,8215,9188,11449,17027,21425,22737,26154,26348,18993,4357,9567,27971,7221,8902,9175,10244,16744,25167,25981,1505,6264,23851,27339,24832,21504,23183,30804,20185,21042,20702,12491,2835
0	396	13494	30766,28481,4058,19648,5830,5916,8215,9188,11449,17027,21425,22737,26154,26348,18993,4357,9567,27971,7221,8902,9175,10244,16744,25167,25981,1505,6264,23851,27339,24832,21504,23183,30804,20185,21042,20702,12491,2835
0	396	27643	30766,28481,4058,19648,5830,5916,8215,9188,11449,17027,21425,22737,26154,26348,18993,4357,9567,27971,7221,8902,9175,10244,16744,25167,25981,1505,6264,23851,27339,24832,21504,23183,30804,20185,21042,20702,12491,2835
0	396	3749	30766,28481,4058,19648,5830,5916,8215,9188,11449,17027,21425,22737,26154,26348,18993,4357,9567,27971,7221,8902,9175,10244,16744,25167,25981,1505,6264,23851,27339,24832,21504,23183,30804,20185,21042,20702,12491,2835
1	396	2543	30766,28481,4058,19648,5830,5916,8215,9188,11449,17027,21425,22737,26154,26348,18993,4357,9567,27971,7221,8902,9175,10244,16744,25167,25981,1505,6264,23851,27339,24832,21504,23183,30804,20185,21042,20702,12491,2835
1	396	15662	30766,28481,4058,19648,5830,5916,8215,9188,11449,17027,21425,22737,26154,26348,18993,4357,9567,27971,7221,8902,9175,10244,16744,25167,25981,1505,6264,23851,27339,24832,21504,23183,30804,20185,21042,20702,12491,2835,2543
1	396	18499	30766,28481,4058,19648,5830,5916,8215,9188,11449,17027,21425,22737,26154,26348,18993,4357,9567,27971,7221,8902,9175,10244,16744,25167,25981,1505,6264,23851,27339,24832,21504,23183,30804,20185,21042,20702,12491,2835,2543,15662
1	396	2531	30766,28481,4058,19648,5830,5916,8215,9188,11449,17027,21425,22737,26154,26348,18993,4357,9567,27971,7221,8902,9175,10244,16744,25167,25981,1505,6264,23851,27339,24832,21504,23183,30804,20185,21042,20702,12491,2835,2543,15662,18499
1	396	3068	30766,28481,4058,19648,5830,5916,8215,9188,11449,17027,21425,22737,26154,26348,18993,4357,9567,27971,7221,8902,9175,10244,16744,25167,25981,1505,6264,23851,27339,24832,21504,23183,30804,20185,21042,20702,12491,2835,2543,15662,18499,2531
