1	65	6509	0
0	65	13059	6509
1	65	18325	6509
1	65	15424	6509,18325
1	65	15307	6509,18325,15424
1	65	12709	6509,18325,15424,15307
1	65	15527	6509,18325,15424,15307,12709
1	65	18083	6509,18325,15424,15307,12709,15527
1	65	5121	6509,18325,15424,15307,12709,15527,18083
1	65	14966	6509,18325,15424,15307,12709,15527,18083,5121
1	65	13425	6509,18325,15424,15307,12709,15527,18083,5121,14966
1	65	16438	6509,18325,15424,15307,12709,15527,18083,5121,14966,13425
0	65	31537	6509,18325,15424,15307,12709,15527,18083,5121,14966,13425,16438
1	65	9647	6509,18325,15424,15307,12709,15527,18083,5121,14966,13425,16438
1	65	17532	6509,18325,15424,15307,12709,15527,18083,5121,14966,13425,16438,9647
1	65	2453	6509,18325,15424,15307,12709,15527,18083,5121,14966,13425,16438,9647,17532
1	65	11495	6509,18325,15424,15307,12709,15527,18083,5121,14966,13425,16438,9647,17532,2453
1	65	4410	6509,18325,15424,15307,12709,15527,18083,5121,14966,13425,16438,9647,17532,2453,11495
1	65	31659	6509,18325,15424,15307,12709,15527,18083,5121,14966,13425,16438,9647,17532,2453,11495,4410
0	65	5984	6509,18325,15424,15307,12709,15527,18083,5121,14966,13425,16438,9647,17532,2453,11495,4410,31659
1	65	12072	6509,18325,15424,15307,12709,15527,18083,5121,14966,13425,16438,9647,17532,2453,11495,4410,31659
1	65	12778	6509,18325,15424,15307,12709,15527,18083,5121,14966,13425,16438,9647,17532,2453,11495,4410,31659,12072
1	65	15600	6509,18325,15424,15307,12709,15527,18083,5121,14966,13425,16438,9647,17532,2453,11495,4410,31659,12072,12778
1	65	3140	6509,18325,15424,15307,12709,15527,18083,5121,14966,13425,16438,9647,17532,2453,11495,4410,31659,12072,12778,15600
1	65	13038	6509,18325,15424,15307,12709,15527,18083,5121,14966,13425,16438,9647,17532,2453,11495,4410,31659,12072,12778,15600,3140
1	65	31563	6509,18325,15424,15307,12709,15527,18083,5121,14966,13425,16438,9647,17532,2453,11495,4410,31659,12072,12778,15600,3140,13038
0	65	9377	6509,18325,15424,15307,12709,15527,18083,5121,14966,13425,16438,9647,17532,2453,11495,4410,31659,12072,12778,15600,3140,13038,31563
1	65	11016	6509,18325,15424,15307,12709,15527,18083,5121,14966,13425,16438,9647,17532,2453,11495,4410,31659,12072,12778,15600,3140,13038,31563
1	65	5229	6509,18325,15424,15307,12709,15527,18083,5121,14966,13425,16438,9647,17532,2453,11495,4410,31659,12072,12778,15600,3140,13038,31563,11016
1	65	6350	6509,18325,15424,15307,12709,15527,18083,5121,14966,13425,16438,9647,17532,2453,11495,4410,31659,12072,12778,15600,3140,13038,31563,11016,5229
1	65	8893	6509,18325,15424,15307,12709,15527,18083,5121,14966,13425,16438,9647,17532,2453,11495,4410,31659,12072,12778,15600,3140,13038,31563,11016,5229,6350
1	65	17264	6509,18325,15424,15307,12709,15527,18083,5121,14966,13425,16438,9647,17532,2453,11495,4410,31659,12072,12778,15600,3140,13038,31563,11016,5229,6350,8893
1	65	11986	6509,18325,15424,15307,12709,15527,18083,5121,14966,13425,16438,9647,17532,2453,11495,4410,31659,12072,12778,15600,3140,13038,31563,11016,5229,6350,8893,17264
1	65	12346	6509,18325,15424,15307,12709,15527,18083,5121,14966,13425,16438,9647,17532,2453,11495,4410,31659,12072,12778,15600,3140,13038,31563,11016,5229,6350,8893,17264,11986
1	65	12520	6509,18325,15424,15307,12709,15527,18083,5121,14966,13425,16438,9647,17532,2453,11495,4410,31659,12072,12778,15600,3140,13038,31563,11016,5229,6350,8893,17264,11986,12346
1	65	9413	6509,18325,15424,15307,12709,15527,18083,5121,14966,13425,16438,9647,17532,2453,11495,4410,31659,12072,12778,15600,3140,13038,31563,11016,5229,6350,8893,17264,11986,12346,12520
1	65	13899	6509,18325,15424,15307,12709,15527,18083,5121,14966,13425,16438,9647,17532,2453,11495,4410,31659,12072,12778,15600,3140,13038,31563,11016,5229,6350,8893,17264,11986,12346,12520,9413
1	65	31540	6509,18325,15424,15307,12709,15527,18083,5121,14966,13425,16438,9647,17532,2453,11495,4410,31659,12072,12778,15600,3140,13038,31563,11016,5229,6350,8893,17264,11986,12346,12520,9413,13899
0	65	13683	6509,18325,15424,15307,12709,15527,18083,5121,14966,13425,16438,9647,17532,2453,11495,4410,31659,12072,12778,15600,3140,13038,31563,11016,5229,6350,8893,17264,11986,12346,12520,9413,13899,31540
1	65	9451	6509,18325,15424,15307,12709,15527,18083,5121,14966,13425,16438,9647,17532,2453,11495,4410,31659,12072,12778,15600,3140,13038,31563,11016,5229,6350,8893,17264,11986,12346,12520,9413,13899,31540
0	65	18328	6509,18325,15424,15307,12709,15527,18083,5121,14966,13425,16438,9647,17532,2453,11495,4410,31659,12072,12778,15600,3140,13038,31563,11016,5229,6350,8893,17264,11986,12346,12520,9413,13899,31540,9451
0	65	32171	6509,18325,15424,15307,12709,15527,18083,5121,14966,13425,16438,9647,17532,2453,11495,4410,31659,12072,12778,15600,3140,13038,31563,11016,5229,6350,8893,17264,11986,12346,12520,9413,13899,31540,9451
1	65	33013	6509,18325,15424,15307,12709,15527,18083,5121,14966,13425,16438,9647,17532,2453,11495,4410,31659,12072,12778,15600,3140,13038,31563,11016,5229,6350,8893,17264,11986,12346,12520,9413,13899,31540,9451
1	65	7931	6509,18325,15424,15307,12709,15527,18083,5121,14966,13425,16438,9647,17532,2453,11495,4410,31659,12072,12778,15600,3140,13038,31563,11016,5229,6350,8893,17264,11986,12346,12520,9413,13899,31540,9451,33013
0	65	1845	6509,18325,15424,15307,12709,15527,18083,5121,14966,13425,16438,9647,17532,2453,11495,4410,31659,12072,12778,15600,3140,13038,31563,11016,5229,6350,8893,17264,11986,12346,12520,9413,13899,31540,9451,33013,7931
0	65	4651	6509,18325,15424,15307,12709,15527,18083,5121,14966,13425,16438,9647,17532,2453,11495,4410,31659,12072,12778,15600,3140,13038,31563,11016,5229,6350,8893,17264,11986,12346,12520,9413,13899,31540,9451,33013,7931
0	65	6802	6509,18325,15424,15307,12709,15527,18083,5121,14966,13425,16438,9647,17532,2453,11495,4410,31659,12072,12778,15600,3140,13038,31563,11016,5229,6350,8893,17264,11986,12346,12520,9413,13899,31540,9451,33013,7931
1	65	14690	6509,18325,15424,15307,12709,15527,18083,5121,14966,13425,16438,9647,17532,2453,11495,4410,31659,12072,12778,15600,3140,13038,31563,11016,5229,6350,8893,17264,11986,12346,12520,9413,13899,31540,9451,33013,7931
0	65	13797	6509,18325,15424,15307,12709,15527,18083,5121,14966,13425,16438,9647,17532,2453,11495,4410,31659,12072,12778,15600,3140,13038,31563,11016,5229,6350,8893,17264,11986,12346,12520,9413,13899,31540,9451,33013,7931,14690
1	65	16742	6509,18325,15424,15307,12709,15527,18083,5121,14966,13425,16438,9647,17532,2453,11495,4410,31659,12072,12778,15600,3140,13038,31563,11016,5229,6350,8893,17264,11986,12346,12520,9413,13899,31540,9451,33013,7931,14690
1	65	172	6509,18325,15424,15307,12709,15527,18083,5121,14966,13425,16438,9647,17532,2453,11495,4410,31659,12072,12778,15600,3140,13038,31563,11016,5229,6350,8893,17264,11986,12346,12520,9413,13899,31540,9451,33013,7931,14690,16742
1	65	6762	6509,18325,15424,15307,12709,15527,18083,5121,14966,13425,16438,9647,17532,2453,11495,4410,31659,12072,12778,15600,3140,13038,31563,11016,5229,6350,8893,17264,11986,12346,12520,9413,13899,31540,9451,33013,7931,14690,16742,172
1	65	6101	6509,18325,15424,15307,12709,15527,18083,5121,14966,13425,16438,9647,17532,2453,11495,4410,31659,12072,12778,15600,3140,13038,31563,11016,5229,6350,8893,17264,11986,12346,12520,9413,13899,31540,9451,33013,7931,14690,16742,172,6762
1	65	17535	6509,18325,15424,15307,12709,15527,18083,5121,14966,13425,16438,9647,17532,2453,11495,4410,31659,12072,12778,15600,3140,13038,31563,11016,5229,6350,8893,17264,11986,12346,12520,9413,13899,31540,9451,33013,7931,14690,16742,172,6762,6101
1	65	25586	6509,18325,15424,15307,12709,15527,18083,5121,14966,13425,16438,9647,17532,2453,11495,4410,31659,12072,12778,15600,3140,13038,31563,11016,5229,6350,8893,17264,11986,12346,12520,9413,13899,31540,9451,33013,7931,14690,16742,172,6762,6101,17535
1	65	1036	6509,18325,15424,15307,12709,15527,18083,5121,14966,13425,16438,9647,17532,2453,11495,4410,31659,12072,12778,15600,3140,13038,31563,11016,5229,6350,8893,17264,11986,12346,12520,9413,13899,31540,9451,33013,7931,14690,16742,172,6762,6101,17535,25586
1	65	9436	6509,18325,15424,15307,12709,15527,18083,5121,14966,13425,16438,9647,17532,2453,11495,4410,31659,12072,12778,15600,3140,13038,31563,11016,5229,6350,8893,17264,11986,12346,12520,9413,13899,31540,9451,33013,7931,14690,16742,172,6762,6101,17535,25586,1036
1	65	1082	6509,18325,15424,15307,12709,15527,18083,5121,14966,13425,16438,9647,17532,2453,11495,4410,31659,12072,12778,15600,3140,13038,31563,11016,5229,6350,8893,17264,11986,12346,12520,9413,13899,31540,9451,33013,7931,14690,16742,172,6762,6101,17535,25586,1036,9436
1	65	9474	6509,18325,15424,15307,12709,15527,18083,5121,14966,13425,16438,9647,17532,2453,11495,4410,31659,12072,12778,15600,3140,13038,31563,11016,5229,6350,8893,17264,11986,12346,12520,9413,13899,31540,9451,33013,7931,14690,16742,172,6762,6101,17535,25586,1036,9436,1082
1	65	10539	6509,18325,15424,15307,12709,15527,18083,5121,14966,13425,16438,9647,17532,2453,11495,4410,31659,12072,12778,15600,3140,13038,31563,11016,5229,6350,8893,17264,11986,12346,12520,9413,13899,31540,9451,33013,7931,14690,16742,172,6762,6101,17535,25586,1036,9436,1082,9474
1	65	12257	6509,18325,15424,15307,12709,15527,18083,5121,14966,13425,16438,9647,17532,2453,11495,4410,31659,12072,12778,15600,3140,13038,31563,11016,5229,6350,8893,17264,11986,12346,12520,9413,13899,31540,9451,33013,7931,14690,16742,172,6762,6101,17535,25586,1036,9436,1082,9474,10539
1	65	16003	6509,18325,15424,15307,12709,15527,18083,5121,14966,13425,16438,9647,17532,2453,11495,4410,31659,12072,12778,15600,3140,13038,31563,11016,5229,6350,8893,17264,11986,12346,12520,9413,13899,31540,9451,33013,7931,14690,16742,172,6762,6101,17535,25586,1036,9436,1082,9474,10539,12257
1	65	19086	6509,18325,15424,15307,12709,15527,18083,5121,14966,13425,16438,9647,17532,2453,11495,4410,31659,12072,12778,15600,3140,13038,31563,11016,5229,6350,8893,17264,11986,12346,12520,9413,13899,31540,9451,33013,7931,14690,16742,172,6762,6101,17535,25586,1036,9436,1082,9474,10539,12257,16003
1	65	32438	6509,18325,15424,15307,12709,15527,18083,5121,14966,13425,16438,9647,17532,2453,11495,4410,31659,12072,12778,15600,3140,13038,31563,11016,5229,6350,8893,17264,11986,12346,12520,9413,13899,31540,9451,33013,7931,14690,16742,172,6762,6101,17535,25586,1036,9436,1082,9474,10539,12257,16003,19086
1	65	17034	6509,18325,15424,15307,12709,15527,18083,5121,14966,13425,16438,9647,17532,2453,11495,4410,31659,12072,12778,15600,3140,13038,31563,11016,5229,6350,8893,17264,11986,12346,12520,9413,13899,31540,9451,33013,7931,14690,16742,172,6762,6101,17535,25586,1036,9436,1082,9474,10539,12257,16003,19086,32438
1	65	18525	6509,18325,15424,15307,12709,15527,18083,5121,14966,13425,16438,9647,17532,2453,11495,4410,31659,12072,12778,15600,3140,13038,31563,11016,5229,6350,8893,17264,11986,12346,12520,9413,13899,31540,9451,33013,7931,14690,16742,172,6762,6101,17535,25586,1036,9436,1082,9474,10539,12257,16003,19086,32438,17034
1	65	5279	6509,18325,15424,15307,12709,15527,18083,5121,14966,13425,16438,9647,17532,2453,11495,4410,31659,12072,12778,15600,3140,13038,31563,11016,5229,6350,8893,17264,11986,12346,12520,9413,13899,31540,9451,33013,7931,14690,16742,172,6762,6101,17535,25586,1036,9436,1082,9474,10539,12257,16003,19086,32438,17034,18525
1	65	8861	6509,18325,15424,15307,12709,15527,18083,5121,14966,13425,16438,9647,17532,2453,11495,4410,31659,12072,12778,15600,3140,13038,31563,11016,5229,6350,8893,17264,11986,12346,12520,9413,13899,31540,9451,33013,7931,14690,16742,172,6762,6101,17535,25586,1036,9436,1082,9474,10539,12257,16003,19086,32438,17034,18525,5279
1	65	8449	6509,18325,15424,15307,12709,15527,18083,5121,14966,13425,16438,9647,17532,2453,11495,4410,31659,12072,12778,15600,3140,13038,31563,11016,5229,6350,8893,17264,11986,12346,12520,9413,13899,31540,9451,33013,7931,14690,16742,172,6762,6101,17535,25586,1036,9436,1082,9474,10539,12257,16003,19086,32438,17034,18525,5279,8861
1	65	9555	6509,18325,15424,15307,12709,15527,18083,5121,14966,13425,16438,9647,17532,2453,11495,4410,31659,12072,12778,15600,3140,13038,31563,11016,5229,6350,8893,17264,11986,12346,12520,9413,13899,31540,9451,33013,7931,14690,16742,172,6762,6101,17535,25586,1036,9436,1082,9474,10539,12257,16003,19086,32438,17034,18525,5279,8861,8449
1	65	16180	6509,18325,15424,15307,12709,15527,18083,5121,14966,13425,16438,9647,17532,2453,11495,4410,31659,12072,12778,15600,3140,13038,31563,11016,5229,6350,8893,17264,11986,12346,12520,9413,13899,31540,9451,33013,7931,14690,16742,172,6762,6101,17535,25586,1036,9436,1082,9474,10539,12257,16003,19086,32438,17034,18525,5279,8861,8449,9555
0	65	2418	6509,18325,15424,15307,12709,15527,18083,5121,14966,13425,16438,9647,17532,2453,11495,4410,31659,12072,12778,15600,3140,13038,31563,11016,5229,6350,8893,17264,11986,12346,12520,9413,13899,31540,9451,33013,7931,14690,16742,172,6762,6101,17535,25586,1036,9436,1082,9474,10539,12257,16003,19086,32438,17034,18525,5279,8861,8449,9555,16180
0	65	24595	6509,18325,15424,15307,12709,15527,18083,5121,14966,13425,16438,9647,17532,2453,11495,4410,31659,12072,12778,15600,3140,13038,31563,11016,5229,6350,8893,17264,11986,12346,12520,9413,13899,31540,9451,33013,7931,14690,16742,172,6762,6101,17535,25586,1036,9436,1082,9474,10539,12257,16003,19086,32438,17034,18525,5279,8861,8449,9555,16180
1	65	20566	6509,18325,15424,15307,12709,15527,18083,5121,14966,13425,16438,9647,17532,2453,11495,4410,31659,12072,12778,15600,3140,13038,31563,11016,5229,6350,8893,17264,11986,12346,12520,9413,13899,31540,9451,33013,7931,14690,16742,172,6762,6101,17535,25586,1036,9436,1082,9474,10539,12257,16003,19086,32438,17034,18525,5279,8861,8449,9555,16180
1	65	20973	6509,18325,15424,15307,12709,15527,18083,5121,14966,13425,16438,9647,17532,2453,11495,4410,31659,12072,12778,15600,3140,13038,31563,11016,5229,6350,8893,17264,11986,12346,12520,9413,13899,31540,9451,33013,7931,14690,16742,172,6762,6101,17535,25586,1036,9436,1082,9474,10539,12257,16003,19086,32438,17034,18525,5279,8861,8449,9555,16180,20566
1	65	16744	6509,18325,15424,15307,12709,15527,18083,5121,14966,13425,16438,9647,17532,2453,11495,4410,31659,12072,12778,15600,3140,13038,31563,11016,5229,6350,8893,17264,11986,12346,12520,9413,13899,31540,9451,33013,7931,14690,16742,172,6762,6101,17535,25586,1036,9436,1082,9474,10539,12257,16003,19086,32438,17034,18525,5279,8861,8449,9555,16180,20566,20973
1	65	20503	6509,18325,15424,15307,12709,15527,18083,5121,14966,13425,16438,9647,17532,2453,11495,4410,31659,12072,12778,15600,3140,13038,31563,11016,5229,6350,8893,17264,11986,12346,12520,9413,13899,31540,9451,33013,7931,14690,16742,172,6762,6101,17535,25586,1036,9436,1082,9474,10539,12257,16003,19086,32438,17034,18525,5279,8861,8449,9555,16180,20566,20973,16744
1	65	15967	6509,18325,15424,15307,12709,15527,18083,5121,14966,13425,16438,9647,17532,2453,11495,4410,31659,12072,12778,15600,3140,13038,31563,11016,5229,6350,8893,17264,11986,12346,12520,9413,13899,31540,9451,33013,7931,14690,16742,172,6762,6101,17535,25586,1036,9436,1082,9474,10539,12257,16003,19086,32438,17034,18525,5279,8861,8449,9555,16180,20566,20973,16744,20503
1	65	5885	6509,18325,15424,15307,12709,15527,18083,5121,14966,13425,16438,9647,17532,2453,11495,4410,31659,12072,12778,15600,3140,13038,31563,11016,5229,6350,8893,17264,11986,12346,12520,9413,13899,31540,9451,33013,7931,14690,16742,172,6762,6101,17535,25586,1036,9436,1082,9474,10539,12257,16003,19086,32438,17034,18525,5279,8861,8449,9555,16180,20566,20973,16744,20503,15967
1	65	21805	6509,18325,15424,15307,12709,15527,18083,5121,14966,13425,16438,9647,17532,2453,11495,4410,31659,12072,12778,15600,3140,13038,31563,11016,5229,6350,8893,17264,11986,12346,12520,9413,13899,31540,9451,33013,7931,14690,16742,172,6762,6101,17535,25586,1036,9436,1082,9474,10539,12257,16003,19086,32438,17034,18525,5279,8861,8449,9555,16180,20566,20973,16744,20503,15967,5885
0	65	993	6509,18325,15424,15307,12709,15527,18083,5121,14966,13425,16438,9647,17532,2453,11495,4410,31659,12072,12778,15600,3140,13038,31563,11016,5229,6350,8893,17264,11986,12346,12520,9413,13899,31540,9451,33013,7931,14690,16742,172,6762,6101,17535,25586,1036,9436,1082,9474,10539,12257,16003,19086,32438,17034,18525,5279,8861,8449,9555,16180,20566,20973,16744,20503,15967,5885,21805
1	65	5697	6509,18325,15424,15307,12709,15527,18083,5121,14966,13425,16438,9647,17532,2453,11495,4410,31659,12072,12778,15600,3140,13038,31563,11016,5229,6350,8893,17264,11986,12346,12520,9413,13899,31540,9451,33013,7931,14690,16742,172,6762,6101,17535,25586,1036,9436,1082,9474,10539,12257,16003,19086,32438,17034,18525,5279,8861,8449,9555,16180,20566,20973,16744,20503,15967,5885,21805
1	65	10949	6509,18325,15424,15307,12709,15527,18083,5121,14966,13425,16438,9647,17532,2453,11495,4410,31659,12072,12778,15600,3140,13038,31563,11016,5229,6350,8893,17264,11986,12346,12520,9413,13899,31540,9451,33013,7931,14690,16742,172,6762,6101,17535,25586,1036,9436,1082,9474,10539,12257,16003,19086,32438,17034,18525,5279,8861,8449,9555,16180,20566,20973,16744,20503,15967,5885,21805,5697
1	65	19503	6509,18325,15424,15307,12709,15527,18083,5121,14966,13425,16438,9647,17532,2453,11495,4410,31659,12072,12778,15600,3140,13038,31563,11016,5229,6350,8893,17264,11986,12346,12520,9413,13899,31540,9451,33013,7931,14690,16742,172,6762,6101,17535,25586,1036,9436,1082,9474,10539,12257,16003,19086,32438,17034,18525,5279,8861,8449,9555,16180,20566,20973,16744,20503,15967,5885,21805,5697,10949
1	65	19501	6509,18325,15424,15307,12709,15527,18083,5121,14966,13425,16438,9647,17532,2453,11495,4410,31659,12072,12778,15600,3140,13038,31563,11016,5229,6350,8893,17264,11986,12346,12520,9413,13899,31540,9451,33013,7931,14690,16742,172,6762,6101,17535,25586,1036,9436,1082,9474,10539,12257,16003,19086,32438,17034,18525,5279,8861,8449,9555,16180,20566,20973,16744,20503,15967,5885,21805,5697,10949,19503
1	65	19504	6509,18325,15424,15307,12709,15527,18083,5121,14966,13425,16438,9647,17532,2453,11495,4410,31659,12072,12778,15600,3140,13038,31563,11016,5229,6350,8893,17264,11986,12346,12520,9413,13899,31540,9451,33013,7931,14690,16742,172,6762,6101,17535,25586,1036,9436,1082,9474,10539,12257,16003,19086,32438,17034,18525,5279,8861,8449,9555,16180,20566,20973,16744,20503,15967,5885,21805,5697,10949,19503,19501
0	65	1886	6509,18325,15424,15307,12709,15527,18083,5121,14966,13425,16438,9647,17532,2453,11495,4410,31659,12072,12778,15600,3140,13038,31563,11016,5229,6350,8893,17264,11986,12346,12520,9413,13899,31540,9451,33013,7931,14690,16742,172,6762,6101,17535,25586,1036,9436,1082,9474,10539,12257,16003,19086,32438,17034,18525,5279,8861,8449,9555,16180,20566,20973,16744,20503,15967,5885,21805,5697,10949,19503,19501,19504
0	65	22475	6509,18325,15424,15307,12709,15527,18083,5121,14966,13425,16438,9647,17532,2453,11495,4410,31659,12072,12778,15600,3140,13038,31563,11016,5229,6350,8893,17264,11986,12346,12520,9413,13899,31540,9451,33013,7931,14690,16742,172,6762,6101,17535,25586,1036,9436,1082,9474,10539,12257,16003,19086,32438,17034,18525,5279,8861,8449,9555,16180,20566,20973,16744,20503,15967,5885,21805,5697,10949,19503,19501,19504
1	65	18067	6509,18325,15424,15307,12709,15527,18083,5121,14966,13425,16438,9647,17532,2453,11495,4410,31659,12072,12778,15600,3140,13038,31563,11016,5229,6350,8893,17264,11986,12346,12520,9413,13899,31540,9451,33013,7931,14690,16742,172,6762,6101,17535,25586,1036,9436,1082,9474,10539,12257,16003,19086,32438,17034,18525,5279,8861,8449,9555,16180,20566,20973,16744,20503,15967,5885,21805,5697,10949,19503,19501,19504
1	65	18111	6509,18325,15424,15307,12709,15527,18083,5121,14966,13425,16438,9647,17532,2453,11495,4410,31659,12072,12778,15600,3140,13038,31563,11016,5229,6350,8893,17264,11986,12346,12520,9413,13899,31540,9451,33013,7931,14690,16742,172,6762,6101,17535,25586,1036,9436,1082,9474,10539,12257,16003,19086,32438,17034,18525,5279,8861,8449,9555,16180,20566,20973,16744,20503,15967,5885,21805,5697,10949,19503,19501,19504,18067
0	65	13769	6509,18325,15424,15307,12709,15527,18083,5121,14966,13425,16438,9647,17532,2453,11495,4410,31659,12072,12778,15600,3140,13038,31563,11016,5229,6350,8893,17264,11986,12346,12520,9413,13899,31540,9451,33013,7931,14690,16742,172,6762,6101,17535,25586,1036,9436,1082,9474,10539,12257,16003,19086,32438,17034,18525,5279,8861,8449,9555,16180,20566,20973,16744,20503,15967,5885,21805,5697,10949,19503,19501,19504,18067,18111
1	65	28366	6509,18325,15424,15307,12709,15527,18083,5121,14966,13425,16438,9647,17532,2453,11495,4410,31659,12072,12778,15600,3140,13038,31563,11016,5229,6350,8893,17264,11986,12346,12520,9413,13899,31540,9451,33013,7931,14690,16742,172,6762,6101,17535,25586,1036,9436,1082,9474,10539,12257,16003,19086,32438,17034,18525,5279,8861,8449,9555,16180,20566,20973,16744,20503,15967,5885,21805,5697,10949,19503,19501,19504,18067,18111
1	65	892	6509,18325,15424,15307,12709,15527,18083,5121,14966,13425,16438,9647,17532,2453,11495,4410,31659,12072,12778,15600,3140,13038,31563,11016,5229,6350,8893,17264,11986,12346,12520,9413,13899,31540,9451,33013,7931,14690,16742,172,6762,6101,17535,25586,1036,9436,1082,9474,10539,12257,16003,19086,32438,17034,18525,5279,8861,8449,9555,16180,20566,20973,16744,20503,15967,5885,21805,5697,10949,19503,19501,19504,18067,18111,28366
1	65	15324	6509,18325,15424,15307,12709,15527,18083,5121,14966,13425,16438,9647,17532,2453,11495,4410,31659,12072,12778,15600,3140,13038,31563,11016,5229,6350,8893,17264,11986,12346,12520,9413,13899,31540,9451,33013,7931,14690,16742,172,6762,6101,17535,25586,1036,9436,1082,9474,10539,12257,16003,19086,32438,17034,18525,5279,8861,8449,9555,16180,20566,20973,16744,20503,15967,5885,21805,5697,10949,19503,19501,19504,18067,18111,28366,892
1	65	61	6509,18325,15424,15307,12709,15527,18083,5121,14966,13425,16438,9647,17532,2453,11495,4410,31659,12072,12778,15600,3140,13038,31563,11016,5229,6350,8893,17264,11986,12346,12520,9413,13899,31540,9451,33013,7931,14690,16742,172,6762,6101,17535,25586,1036,9436,1082,9474,10539,12257,16003,19086,32438,17034,18525,5279,8861,8449,9555,16180,20566,20973,16744,20503,15967,5885,21805,5697,10949,19503,19501,19504,18067,18111,28366,892,15324
1	65	5170	6509,18325,15424,15307,12709,15527,18083,5121,14966,13425,16438,9647,17532,2453,11495,4410,31659,12072,12778,15600,3140,13038,31563,11016,5229,6350,8893,17264,11986,12346,12520,9413,13899,31540,9451,33013,7931,14690,16742,172,6762,6101,17535,25586,1036,9436,1082,9474,10539,12257,16003,19086,32438,17034,18525,5279,8861,8449,9555,16180,20566,20973,16744,20503,15967,5885,21805,5697,10949,19503,19501,19504,18067,18111,28366,892,15324,61
1	65	7902	6509,18325,15424,15307,12709,15527,18083,5121,14966,13425,16438,9647,17532,2453,11495,4410,31659,12072,12778,15600,3140,13038,31563,11016,5229,6350,8893,17264,11986,12346,12520,9413,13899,31540,9451,33013,7931,14690,16742,172,6762,6101,17535,25586,1036,9436,1082,9474,10539,12257,16003,19086,32438,17034,18525,5279,8861,8449,9555,16180,20566,20973,16744,20503,15967,5885,21805,5697,10949,19503,19501,19504,18067,18111,28366,892,15324,61,5170
0	65	20618	6509,18325,15424,15307,12709,15527,18083,5121,14966,13425,16438,9647,17532,2453,11495,4410,31659,12072,12778,15600,3140,13038,31563,11016,5229,6350,8893,17264,11986,12346,12520,9413,13899,31540,9451,33013,7931,14690,16742,172,6762,6101,17535,25586,1036,9436,1082,9474,10539,12257,16003,19086,32438,17034,18525,5279,8861,8449,9555,16180,20566,20973,16744,20503,15967,5885,21805,5697,10949,19503,19501,19504,18067,18111,28366,892,15324,61,5170,7902
0	65	20195	6509,18325,15424,15307,12709,15527,18083,5121,14966,13425,16438,9647,17532,2453,11495,4410,31659,12072,12778,15600,3140,13038,31563,11016,5229,6350,8893,17264,11986,12346,12520,9413,13899,31540,9451,33013,7931,14690,16742,172,6762,6101,17535,25586,1036,9436,1082,9474,10539,12257,16003,19086,32438,17034,18525,5279,8861,8449,9555,16180,20566,20973,16744,20503,15967,5885,21805,5697,10949,19503,19501,19504,18067,18111,28366,892,15324,61,5170,7902
1	65	24582	6509,18325,15424,15307,12709,15527,18083,5121,14966,13425,16438,9647,17532,2453,11495,4410,31659,12072,12778,15600,3140,13038,31563,11016,5229,6350,8893,17264,11986,12346,12520,9413,13899,31540,9451,33013,7931,14690,16742,172,6762,6101,17535,25586,1036,9436,1082,9474,10539,12257,16003,19086,32438,17034,18525,5279,8861,8449,9555,16180,20566,20973,16744,20503,15967,5885,21805,5697,10949,19503,19501,19504,18067,18111,28366,892,15324,61,5170,7902
0	65	7597	6509,18325,15424,15307,12709,15527,18083,5121,14966,13425,16438,9647,17532,2453,11495,4410,31659,12072,12778,15600,3140,13038,31563,11016,5229,6350,8893,17264,11986,12346,12520,9413,13899,31540,9451,33013,7931,14690,16742,172,6762,6101,17535,25586,1036,9436,1082,9474,10539,12257,16003,19086,32438,17034,18525,5279,8861,8449,9555,16180,20566,20973,16744,20503,15967,5885,21805,5697,10949,19503,19501,19504,18067,18111,28366,892,15324,61,5170,7902,24582
1	65	5016	6509,18325,15424,15307,12709,15527,18083,5121,14966,13425,16438,9647,17532,2453,11495,4410,31659,12072,12778,15600,3140,13038,31563,11016,5229,6350,8893,17264,11986,12346,12520,9413,13899,31540,9451,33013,7931,14690,16742,172,6762,6101,17535,25586,1036,9436,1082,9474,10539,12257,16003,19086,32438,17034,18525,5279,8861,8449,9555,16180,20566,20973,16744,20503,15967,5885,21805,5697,10949,19503,19501,19504,18067,18111,28366,892,15324,61,5170,7902,24582
1	65	4942	6509,18325,15424,15307,12709,15527,18083,5121,14966,13425,16438,9647,17532,2453,11495,4410,31659,12072,12778,15600,3140,13038,31563,11016,5229,6350,8893,17264,11986,12346,12520,9413,13899,31540,9451,33013,7931,14690,16742,172,6762,6101,17535,25586,1036,9436,1082,9474,10539,12257,16003,19086,32438,17034,18525,5279,8861,8449,9555,16180,20566,20973,16744,20503,15967,5885,21805,5697,10949,19503,19501,19504,18067,18111,28366,892,15324,61,5170,7902,24582,5016
1	65	9852	6509,18325,15424,15307,12709,15527,18083,5121,14966,13425,16438,9647,17532,2453,11495,4410,31659,12072,12778,15600,3140,13038,31563,11016,5229,6350,8893,17264,11986,12346,12520,9413,13899,31540,9451,33013,7931,14690,16742,172,6762,6101,17535,25586,1036,9436,1082,9474,10539,12257,16003,19086,32438,17034,18525,5279,8861,8449,9555,16180,20566,20973,16744,20503,15967,5885,21805,5697,10949,19503,19501,19504,18067,18111,28366,892,15324,61,5170,7902,24582,5016,4942
1	65	31679	6509,18325,15424,15307,12709,15527,18083,5121,14966,13425,16438,9647,17532,2453,11495,4410,31659,12072,12778,15600,3140,13038,31563,11016,5229,6350,8893,17264,11986,12346,12520,9413,13899,31540,9451,33013,7931,14690,16742,172,6762,6101,17535,25586,1036,9436,1082,9474,10539,12257,16003,19086,32438,17034,18525,5279,8861,8449,9555,16180,20566,20973,16744,20503,15967,5885,21805,5697,10949,19503,19501,19504,18067,18111,28366,892,15324,61,5170,7902,24582,5016,4942,9852
1	65	4944	6509,18325,15424,15307,12709,15527,18083,5121,14966,13425,16438,9647,17532,2453,11495,4410,31659,12072,12778,15600,3140,13038,31563,11016,5229,6350,8893,17264,11986,12346,12520,9413,13899,31540,9451,33013,7931,14690,16742,172,6762,6101,17535,25586,1036,9436,1082,9474,10539,12257,16003,19086,32438,17034,18525,5279,8861,8449,9555,16180,20566,20973,16744,20503,15967,5885,21805,5697,10949,19503,19501,19504,18067,18111,28366,892,15324,61,5170,7902,24582,5016,4942,9852,31679
1	65	20574	6509,18325,15424,15307,12709,15527,18083,5121,14966,13425,16438,9647,17532,2453,11495,4410,31659,12072,12778,15600,3140,13038,31563,11016,5229,6350,8893,17264,11986,12346,12520,9413,13899,31540,9451,33013,7931,14690,16742,172,6762,6101,17535,25586,1036,9436,1082,9474,10539,12257,16003,19086,32438,17034,18525,5279,8861,8449,9555,16180,20566,20973,16744,20503,15967,5885,21805,5697,10949,19503,19501,19504,18067,18111,28366,892,15324,61,5170,7902,24582,5016,4942,9852,31679,4944
1	65	24037	6509,18325,15424,15307,12709,15527,18083,5121,14966,13425,16438,9647,17532,2453,11495,4410,31659,12072,12778,15600,3140,13038,31563,11016,5229,6350,8893,17264,11986,12346,12520,9413,13899,31540,9451,33013,7931,14690,16742,172,6762,6101,17535,25586,1036,9436,1082,9474,10539,12257,16003,19086,32438,17034,18525,5279,8861,8449,9555,16180,20566,20973,16744,20503,15967,5885,21805,5697,10949,19503,19501,19504,18067,18111,28366,892,15324,61,5170,7902,24582,5016,4942,9852,31679,4944,20574
0	65	31063	6509,18325,15424,15307,12709,15527,18083,5121,14966,13425,16438,9647,17532,2453,11495,4410,31659,12072,12778,15600,3140,13038,31563,11016,5229,6350,8893,17264,11986,12346,12520,9413,13899,31540,9451,33013,7931,14690,16742,172,6762,6101,17535,25586,1036,9436,1082,9474,10539,12257,16003,19086,32438,17034,18525,5279,8861,8449,9555,16180,20566,20973,16744,20503,15967,5885,21805,5697,10949,19503,19501,19504,18067,18111,28366,892,15324,61,5170,7902,24582,5016,4942,9852,31679,4944,20574,24037
0	65	22530	6509,18325,15424,15307,12709,15527,18083,5121,14966,13425,16438,9647,17532,2453,11495,4410,31659,12072,12778,15600,3140,13038,31563,11016,5229,6350,8893,17264,11986,12346,12520,9413,13899,31540,9451,33013,7931,14690,16742,172,6762,6101,17535,25586,1036,9436,1082,9474,10539,12257,16003,19086,32438,17034,18525,5279,8861,8449,9555,16180,20566,20973,16744,20503,15967,5885,21805,5697,10949,19503,19501,19504,18067,18111,28366,892,15324,61,5170,7902,24582,5016,4942,9852,31679,4944,20574,24037
1	65	24588	6509,18325,15424,15307,12709,15527,18083,5121,14966,13425,16438,9647,17532,2453,11495,4410,31659,12072,12778,15600,3140,13038,31563,11016,5229,6350,8893,17264,11986,12346,12520,9413,13899,31540,9451,33013,7931,14690,16742,172,6762,6101,17535,25586,1036,9436,1082,9474,10539,12257,16003,19086,32438,17034,18525,5279,8861,8449,9555,16180,20566,20973,16744,20503,15967,5885,21805,5697,10949,19503,19501,19504,18067,18111,28366,892,15324,61,5170,7902,24582,5016,4942,9852,31679,4944,20574,24037
1	65	20999	6509,18325,15424,15307,12709,15527,18083,5121,14966,13425,16438,9647,17532,2453,11495,4410,31659,12072,12778,15600,3140,13038,31563,11016,5229,6350,8893,17264,11986,12346,12520,9413,13899,31540,9451,33013,7931,14690,16742,172,6762,6101,17535,25586,1036,9436,1082,9474,10539,12257,16003,19086,32438,17034,18525,5279,8861,8449,9555,16180,20566,20973,16744,20503,15967,5885,21805,5697,10949,19503,19501,19504,18067,18111,28366,892,15324,61,5170,7902,24582,5016,4942,9852,31679,4944,20574,24037,24588
1	65	3164	6509,18325,15424,15307,12709,15527,18083,5121,14966,13425,16438,9647,17532,2453,11495,4410,31659,12072,12778,15600,3140,13038,31563,11016,5229,6350,8893,17264,11986,12346,12520,9413,13899,31540,9451,33013,7931,14690,16742,172,6762,6101,17535,25586,1036,9436,1082,9474,10539,12257,16003,19086,32438,17034,18525,5279,8861,8449,9555,16180,20566,20973,16744,20503,15967,5885,21805,5697,10949,19503,19501,19504,18067,18111,28366,892,15324,61,5170,7902,24582,5016,4942,9852,31679,4944,20574,24037,24588,20999
0	65	20416	6509,18325,15424,15307,12709,15527,18083,5121,14966,13425,16438,9647,17532,2453,11495,4410,31659,12072,12778,15600,3140,13038,31563,11016,5229,6350,8893,17264,11986,12346,12520,9413,13899,31540,9451,33013,7931,14690,16742,172,6762,6101,17535,25586,1036,9436,1082,9474,10539,12257,16003,19086,32438,17034,18525,5279,8861,8449,9555,16180,20566,20973,16744,20503,15967,5885,21805,5697,10949,19503,19501,19504,18067,18111,28366,892,15324,61,5170,7902,24582,5016,4942,9852,31679,4944,20574,24037,24588,20999,3164
1	65	24504	6509,18325,15424,15307,12709,15527,18083,5121,14966,13425,16438,9647,17532,2453,11495,4410,31659,12072,12778,15600,3140,13038,31563,11016,5229,6350,8893,17264,11986,12346,12520,9413,13899,31540,9451,33013,7931,14690,16742,172,6762,6101,17535,25586,1036,9436,1082,9474,10539,12257,16003,19086,32438,17034,18525,5279,8861,8449,9555,16180,20566,20973,16744,20503,15967,5885,21805,5697,10949,19503,19501,19504,18067,18111,28366,892,15324,61,5170,7902,24582,5016,4942,9852,31679,4944,20574,24037,24588,20999,3164
1	65	26130	6509,18325,15424,15307,12709,15527,18083,5121,14966,13425,16438,9647,17532,2453,11495,4410,31659,12072,12778,15600,3140,13038,31563,11016,5229,6350,8893,17264,11986,12346,12520,9413,13899,31540,9451,33013,7931,14690,16742,172,6762,6101,17535,25586,1036,9436,1082,9474,10539,12257,16003,19086,32438,17034,18525,5279,8861,8449,9555,16180,20566,20973,16744,20503,15967,5885,21805,5697,10949,19503,19501,19504,18067,18111,28366,892,15324,61,5170,7902,24582,5016,4942,9852,31679,4944,20574,24037,24588,20999,3164,24504
1	65	18843	6509,18325,15424,15307,12709,15527,18083,5121,14966,13425,16438,9647,17532,2453,11495,4410,31659,12072,12778,15600,3140,13038,31563,11016,5229,6350,8893,17264,11986,12346,12520,9413,13899,31540,9451,33013,7931,14690,16742,172,6762,6101,17535,25586,1036,9436,1082,9474,10539,12257,16003,19086,32438,17034,18525,5279,8861,8449,9555,16180,20566,20973,16744,20503,15967,5885,21805,5697,10949,19503,19501,19504,18067,18111,28366,892,15324,61,5170,7902,24582,5016,4942,9852,31679,4944,20574,24037,24588,20999,3164,24504,26130
0	65	23321	6509,18325,15424,15307,12709,15527,18083,5121,14966,13425,16438,9647,17532,2453,11495,4410,31659,12072,12778,15600,3140,13038,31563,11016,5229,6350,8893,17264,11986,12346,12520,9413,13899,31540,9451,33013,7931,14690,16742,172,6762,6101,17535,25586,1036,9436,1082,9474,10539,12257,16003,19086,32438,17034,18525,5279,8861,8449,9555,16180,20566,20973,16744,20503,15967,5885,21805,5697,10949,19503,19501,19504,18067,18111,28366,892,15324,61,5170,7902,24582,5016,4942,9852,31679,4944,20574,24037,24588,20999,3164,24504,26130,18843
1	65	9082	6509,18325,15424,15307,12709,15527,18083,5121,14966,13425,16438,9647,17532,2453,11495,4410,31659,12072,12778,15600,3140,13038,31563,11016,5229,6350,8893,17264,11986,12346,12520,9413,13899,31540,9451,33013,7931,14690,16742,172,6762,6101,17535,25586,1036,9436,1082,9474,10539,12257,16003,19086,32438,17034,18525,5279,8861,8449,9555,16180,20566,20973,16744,20503,15967,5885,21805,5697,10949,19503,19501,19504,18067,18111,28366,892,15324,61,5170,7902,24582,5016,4942,9852,31679,4944,20574,24037,24588,20999,3164,24504,26130,18843
1	65	29799	6509,18325,15424,15307,12709,15527,18083,5121,14966,13425,16438,9647,17532,2453,11495,4410,31659,12072,12778,15600,3140,13038,31563,11016,5229,6350,8893,17264,11986,12346,12520,9413,13899,31540,9451,33013,7931,14690,16742,172,6762,6101,17535,25586,1036,9436,1082,9474,10539,12257,16003,19086,32438,17034,18525,5279,8861,8449,9555,16180,20566,20973,16744,20503,15967,5885,21805,5697,10949,19503,19501,19504,18067,18111,28366,892,15324,61,5170,7902,24582,5016,4942,9852,31679,4944,20574,24037,24588,20999,3164,24504,26130,18843,9082
1	65	18326	6509,18325,15424,15307,12709,15527,18083,5121,14966,13425,16438,9647,17532,2453,11495,4410,31659,12072,12778,15600,3140,13038,31563,11016,5229,6350,8893,17264,11986,12346,12520,9413,13899,31540,9451,33013,7931,14690,16742,172,6762,6101,17535,25586,1036,9436,1082,9474,10539,12257,16003,19086,32438,17034,18525,5279,8861,8449,9555,16180,20566,20973,16744,20503,15967,5885,21805,5697,10949,19503,19501,19504,18067,18111,28366,892,15324,61,5170,7902,24582,5016,4942,9852,31679,4944,20574,24037,24588,20999,3164,24504,26130,18843,9082,29799
1	65	2195	6509,18325,15424,15307,12709,15527,18083,5121,14966,13425,16438,9647,17532,2453,11495,4410,31659,12072,12778,15600,3140,13038,31563,11016,5229,6350,8893,17264,11986,12346,12520,9413,13899,31540,9451,33013,7931,14690,16742,172,6762,6101,17535,25586,1036,9436,1082,9474,10539,12257,16003,19086,32438,17034,18525,5279,8861,8449,9555,16180,20566,20973,16744,20503,15967,5885,21805,5697,10949,19503,19501,19504,18067,18111,28366,892,15324,61,5170,7902,24582,5016,4942,9852,31679,4944,20574,24037,24588,20999,3164,24504,26130,18843,9082,29799,18326
1	65	631	6509,18325,15424,15307,12709,15527,18083,5121,14966,13425,16438,9647,17532,2453,11495,4410,31659,12072,12778,15600,3140,13038,31563,11016,5229,6350,8893,17264,11986,12346,12520,9413,13899,31540,9451,33013,7931,14690,16742,172,6762,6101,17535,25586,1036,9436,1082,9474,10539,12257,16003,19086,32438,17034,18525,5279,8861,8449,9555,16180,20566,20973,16744,20503,15967,5885,21805,5697,10949,19503,19501,19504,18067,18111,28366,892,15324,61,5170,7902,24582,5016,4942,9852,31679,4944,20574,24037,24588,20999,3164,24504,26130,18843,9082,29799,18326,2195
1	65	1832	6509,18325,15424,15307,12709,15527,18083,5121,14966,13425,16438,9647,17532,2453,11495,4410,31659,12072,12778,15600,3140,13038,31563,11016,5229,6350,8893,17264,11986,12346,12520,9413,13899,31540,9451,33013,7931,14690,16742,172,6762,6101,17535,25586,1036,9436,1082,9474,10539,12257,16003,19086,32438,17034,18525,5279,8861,8449,9555,16180,20566,20973,16744,20503,15967,5885,21805,5697,10949,19503,19501,19504,18067,18111,28366,892,15324,61,5170,7902,24582,5016,4942,9852,31679,4944,20574,24037,24588,20999,3164,24504,26130,18843,9082,29799,18326,2195,631
1	65	23104	6509,18325,15424,15307,12709,15527,18083,5121,14966,13425,16438,9647,17532,2453,11495,4410,31659,12072,12778,15600,3140,13038,31563,11016,5229,6350,8893,17264,11986,12346,12520,9413,13899,31540,9451,33013,7931,14690,16742,172,6762,6101,17535,25586,1036,9436,1082,9474,10539,12257,16003,19086,32438,17034,18525,5279,8861,8449,9555,16180,20566,20973,16744,20503,15967,5885,21805,5697,10949,19503,19501,19504,18067,18111,28366,892,15324,61,5170,7902,24582,5016,4942,9852,31679,4944,20574,24037,24588,20999,3164,24504,26130,18843,9082,29799,18326,2195,631,1832
1	65	27289	6509,18325,15424,15307,12709,15527,18083,5121,14966,13425,16438,9647,17532,2453,11495,4410,31659,12072,12778,15600,3140,13038,31563,11016,5229,6350,8893,17264,11986,12346,12520,9413,13899,31540,9451,33013,7931,14690,16742,172,6762,6101,17535,25586,1036,9436,1082,9474,10539,12257,16003,19086,32438,17034,18525,5279,8861,8449,9555,16180,20566,20973,16744,20503,15967,5885,21805,5697,10949,19503,19501,19504,18067,18111,28366,892,15324,61,5170,7902,24582,5016,4942,9852,31679,4944,20574,24037,24588,20999,3164,24504,26130,18843,9082,29799,18326,2195,631,1832,23104
1	65	27266	6509,18325,15424,15307,12709,15527,18083,5121,14966,13425,16438,9647,17532,2453,11495,4410,31659,12072,12778,15600,3140,13038,31563,11016,5229,6350,8893,17264,11986,12346,12520,9413,13899,31540,9451,33013,7931,14690,16742,172,6762,6101,17535,25586,1036,9436,1082,9474,10539,12257,16003,19086,32438,17034,18525,5279,8861,8449,9555,16180,20566,20973,16744,20503,15967,5885,21805,5697,10949,19503,19501,19504,18067,18111,28366,892,15324,61,5170,7902,24582,5016,4942,9852,31679,4944,20574,24037,24588,20999,3164,24504,26130,18843,9082,29799,18326,2195,631,1832,23104,27289
1	65	26369	6509,18325,15424,15307,12709,15527,18083,5121,14966,13425,16438,9647,17532,2453,11495,4410,31659,12072,12778,15600,3140,13038,31563,11016,5229,6350,8893,17264,11986,12346,12520,9413,13899,31540,9451,33013,7931,14690,16742,172,6762,6101,17535,25586,1036,9436,1082,9474,10539,12257,16003,19086,32438,17034,18525,5279,8861,8449,9555,16180,20566,20973,16744,20503,15967,5885,21805,5697,10949,19503,19501,19504,18067,18111,28366,892,15324,61,5170,7902,24582,5016,4942,9852,31679,4944,20574,24037,24588,20999,3164,24504,26130,18843,9082,29799,18326,2195,631,1832,23104,27289,27266
1	65	27700	6509,18325,15424,15307,12709,15527,18083,5121,14966,13425,16438,9647,17532,2453,11495,4410,31659,12072,12778,15600,3140,13038,31563,11016,5229,6350,8893,17264,11986,12346,12520,9413,13899,31540,9451,33013,7931,14690,16742,172,6762,6101,17535,25586,1036,9436,1082,9474,10539,12257,16003,19086,32438,17034,18525,5279,8861,8449,9555,16180,20566,20973,16744,20503,15967,5885,21805,5697,10949,19503,19501,19504,18067,18111,28366,892,15324,61,5170,7902,24582,5016,4942,9852,31679,4944,20574,24037,24588,20999,3164,24504,26130,18843,9082,29799,18326,2195,631,1832,23104,27289,27266,26369
1	65	27793	6509,18325,15424,15307,12709,15527,18083,5121,14966,13425,16438,9647,17532,2453,11495,4410,31659,12072,12778,15600,3140,13038,31563,11016,5229,6350,8893,17264,11986,12346,12520,9413,13899,31540,9451,33013,7931,14690,16742,172,6762,6101,17535,25586,1036,9436,1082,9474,10539,12257,16003,19086,32438,17034,18525,5279,8861,8449,9555,16180,20566,20973,16744,20503,15967,5885,21805,5697,10949,19503,19501,19504,18067,18111,28366,892,15324,61,5170,7902,24582,5016,4942,9852,31679,4944,20574,24037,24588,20999,3164,24504,26130,18843,9082,29799,18326,2195,631,1832,23104,27289,27266,26369,27700
1	65	28302	6509,18325,15424,15307,12709,15527,18083,5121,14966,13425,16438,9647,17532,2453,11495,4410,31659,12072,12778,15600,3140,13038,31563,11016,5229,6350,8893,17264,11986,12346,12520,9413,13899,31540,9451,33013,7931,14690,16742,172,6762,6101,17535,25586,1036,9436,1082,9474,10539,12257,16003,19086,32438,17034,18525,5279,8861,8449,9555,16180,20566,20973,16744,20503,15967,5885,21805,5697,10949,19503,19501,19504,18067,18111,28366,892,15324,61,5170,7902,24582,5016,4942,9852,31679,4944,20574,24037,24588,20999,3164,24504,26130,18843,9082,29799,18326,2195,631,1832,23104,27289,27266,26369,27700,27793
1	65	28188	6509,18325,15424,15307,12709,15527,18083,5121,14966,13425,16438,9647,17532,2453,11495,4410,31659,12072,12778,15600,3140,13038,31563,11016,5229,6350,8893,17264,11986,12346,12520,9413,13899,31540,9451,33013,7931,14690,16742,172,6762,6101,17535,25586,1036,9436,1082,9474,10539,12257,16003,19086,32438,17034,18525,5279,8861,8449,9555,16180,20566,20973,16744,20503,15967,5885,21805,5697,10949,19503,19501,19504,18067,18111,28366,892,15324,61,5170,7902,24582,5016,4942,9852,31679,4944,20574,24037,24588,20999,3164,24504,26130,18843,9082,29799,18326,2195,631,1832,23104,27289,27266,26369,27700,27793,28302
0	65	28535	6509,18325,15424,15307,12709,15527,18083,5121,14966,13425,16438,9647,17532,2453,11495,4410,31659,12072,12778,15600,3140,13038,31563,11016,5229,6350,8893,17264,11986,12346,12520,9413,13899,31540,9451,33013,7931,14690,16742,172,6762,6101,17535,25586,1036,9436,1082,9474,10539,12257,16003,19086,32438,17034,18525,5279,8861,8449,9555,16180,20566,20973,16744,20503,15967,5885,21805,5697,10949,19503,19501,19504,18067,18111,28366,892,15324,61,5170,7902,24582,5016,4942,9852,31679,4944,20574,24037,24588,20999,3164,24504,26130,18843,9082,29799,18326,2195,631,1832,23104,27289,27266,26369,27700,27793,28302,28188
1	65	26967	6509,18325,15424,15307,12709,15527,18083,5121,14966,13425,16438,9647,17532,2453,11495,4410,31659,12072,12778,15600,3140,13038,31563,11016,5229,6350,8893,17264,11986,12346,12520,9413,13899,31540,9451,33013,7931,14690,16742,172,6762,6101,17535,25586,1036,9436,1082,9474,10539,12257,16003,19086,32438,17034,18525,5279,8861,8449,9555,16180,20566,20973,16744,20503,15967,5885,21805,5697,10949,19503,19501,19504,18067,18111,28366,892,15324,61,5170,7902,24582,5016,4942,9852,31679,4944,20574,24037,24588,20999,3164,24504,26130,18843,9082,29799,18326,2195,631,1832,23104,27289,27266,26369,27700,27793,28302,28188
0	65	28473	6509,18325,15424,15307,12709,15527,18083,5121,14966,13425,16438,9647,17532,2453,11495,4410,31659,12072,12778,15600,3140,13038,31563,11016,5229,6350,8893,17264,11986,12346,12520,9413,13899,31540,9451,33013,7931,14690,16742,172,6762,6101,17535,25586,1036,9436,1082,9474,10539,12257,16003,19086,32438,17034,18525,5279,8861,8449,9555,16180,20566,20973,16744,20503,15967,5885,21805,5697,10949,19503,19501,19504,18067,18111,28366,892,15324,61,5170,7902,24582,5016,4942,9852,31679,4944,20574,24037,24588,20999,3164,24504,26130,18843,9082,29799,18326,2195,631,1832,23104,27289,27266,26369,27700,27793,28302,28188,26967
1	65	31064	6509,18325,15424,15307,12709,15527,18083,5121,14966,13425,16438,9647,17532,2453,11495,4410,31659,12072,12778,15600,3140,13038,31563,11016,5229,6350,8893,17264,11986,12346,12520,9413,13899,31540,9451,33013,7931,14690,16742,172,6762,6101,17535,25586,1036,9436,1082,9474,10539,12257,16003,19086,32438,17034,18525,5279,8861,8449,9555,16180,20566,20973,16744,20503,15967,5885,21805,5697,10949,19503,19501,19504,18067,18111,28366,892,15324,61,5170,7902,24582,5016,4942,9852,31679,4944,20574,24037,24588,20999,3164,24504,26130,18843,9082,29799,18326,2195,631,1832,23104,27289,27266,26369,27700,27793,28302,28188,26967
1	65	22205	6509,18325,15424,15307,12709,15527,18083,5121,14966,13425,16438,9647,17532,2453,11495,4410,31659,12072,12778,15600,3140,13038,31563,11016,5229,6350,8893,17264,11986,12346,12520,9413,13899,31540,9451,33013,7931,14690,16742,172,6762,6101,17535,25586,1036,9436,1082,9474,10539,12257,16003,19086,32438,17034,18525,5279,8861,8449,9555,16180,20566,20973,16744,20503,15967,5885,21805,5697,10949,19503,19501,19504,18067,18111,28366,892,15324,61,5170,7902,24582,5016,4942,9852,31679,4944,20574,24037,24588,20999,3164,24504,26130,18843,9082,29799,18326,2195,631,1832,23104,27289,27266,26369,27700,27793,28302,28188,26967,31064
1	65	30107	6509,18325,15424,15307,12709,15527,18083,5121,14966,13425,16438,9647,17532,2453,11495,4410,31659,12072,12778,15600,3140,13038,31563,11016,5229,6350,8893,17264,11986,12346,12520,9413,13899,31540,9451,33013,7931,14690,16742,172,6762,6101,17535,25586,1036,9436,1082,9474,10539,12257,16003,19086,32438,17034,18525,5279,8861,8449,9555,16180,20566,20973,16744,20503,15967,5885,21805,5697,10949,19503,19501,19504,18067,18111,28366,892,15324,61,5170,7902,24582,5016,4942,9852,31679,4944,20574,24037,24588,20999,3164,24504,26130,18843,9082,29799,18326,2195,631,1832,23104,27289,27266,26369,27700,27793,28302,28188,26967,31064,22205
1	65	29855	6509,18325,15424,15307,12709,15527,18083,5121,14966,13425,16438,9647,17532,2453,11495,4410,31659,12072,12778,15600,3140,13038,31563,11016,5229,6350,8893,17264,11986,12346,12520,9413,13899,31540,9451,33013,7931,14690,16742,172,6762,6101,17535,25586,1036,9436,1082,9474,10539,12257,16003,19086,32438,17034,18525,5279,8861,8449,9555,16180,20566,20973,16744,20503,15967,5885,21805,5697,10949,19503,19501,19504,18067,18111,28366,892,15324,61,5170,7902,24582,5016,4942,9852,31679,4944,20574,24037,24588,20999,3164,24504,26130,18843,9082,29799,18326,2195,631,1832,23104,27289,27266,26369,27700,27793,28302,28188,26967,31064,22205,30107
