0	1150	185	0
1	1150	1100	0
1	1150	2946	1100
1	1150	3173	1100,2946
1	1150	2977	1100,2946,3173
1	1150	4998	1100,2946,3173,2977
1	1150	32211	1100,2946,3173,2977,4998
0	1150	13668	1100,2946,3173,2977,4998,32211
1	1150	18670	1100,2946,3173,2977,4998,32211
0	1150	17191	1100,2946,3173,2977,4998,32211,18670
0	1150	18570	1100,2946,3173,2977,4998,32211,18670
0	1150	18569	1100,2946,3173,2977,4998,32211,18670
0	1150	18887	1100,2946,3173,2977,4998,32211,18670
0	1150	19132	1100,2946,3173,2977,4998,32211,18670
0	1150	19804	1100,2946,3173,2977,4998,32211,18670
1	1150	13697	1100,2946,3173,2977,4998,32211,18670
1	1150	21158	1100,2946,3173,2977,4998,32211,18670,13697
0	1150	22050	1100,2946,3173,2977,4998,32211,18670,13697,21158
1	1150	21161	1100,2946,3173,2977,4998,32211,18670,13697,21158
0	1150	11873	1100,2946,3173,2977,4998,32211,18670,13697,21158,21161
1	1150	23447	1100,2946,3173,2977,4998,32211,18670,13697,21158,21161
0	1150	21162	1100,2946,3173,2977,4998,32211,18670,13697,21158,21161,23447
1	1150	23453	1100,2946,3173,2977,4998,32211,18670,13697,21158,21161,23447
0	1150	23677	1100,2946,3173,2977,4998,32211,18670,13697,21158,21161,23447,23453
1	1150	21225	1100,2946,3173,2977,4998,32211,18670,13697,21158,21161,23447,23453
0	1150	24020	1100,2946,3173,2977,4998,32211,18670,13697,21158,21161,23447,23453,21225
1	1150	27077	1100,2946,3173,2977,4998,32211,18670,13697,21158,21161,23447,23453,21225
0	1150	26086	1100,2946,3173,2977,4998,32211,18670,13697,21158,21161,23447,23453,21225,27077
0	1150	3697	1100,2946,3173,2977,4998,32211,18670,13697,21158,21161,23447,23453,21225,27077
1	1150	24056	1100,2946,3173,2977,4998,32211,18670,13697,21158,21161,23447,23453,21225,27077
0	1150	27367	1100,2946,3173,2977,4998,32211,18670,13697,21158,21161,23447,23453,21225,27077,24056
0	1150	27613	1100,2946,3173,2977,4998,32211,18670,13697,21158,21161,23447,23453,21225,27077,24056
1	1150	8740	1100,2946,3173,2977,4998,32211,18670,13697,21158,21161,23447,23453,21225,27077,24056
1	1150	27954	1100,2946,3173,2977,4998,32211,18670,13697,21158,21161,23447,23453,21225,27077,24056,8740
1	1150	24269	1100,2946,3173,2977,4998,32211,18670,13697,21158,21161,23447,23453,21225,27077,24056,8740,27954
0	1150	26578	1100,2946,3173,2977,4998,32211,18670,13697,21158,21161,23447,23453,21225,27077,24056,8740,27954,24269
1	1150	29132	1100,2946,3173,2977,4998,32211,18670,13697,21158,21161,23447,23453,21225,27077,24056,8740,27954,24269
0	1150	28883	1100,2946,3173,2977,4998,32211,18670,13697,21158,21161,23447,23453,21225,27077,24056,8740,27954,24269,29132
1	1150	15682	1100,2946,3173,2977,4998,32211,18670,13697,21158,21161,23447,23453,21225,27077,24056,8740,27954,24269,29132
1	1150	28540	1100,2946,3173,2977,4998,32211,18670,13697,21158,21161,23447,23453,21225,27077,24056,8740,27954,24269,29132,15682
