0	1420	11976	0
0	1420	10880	0
0	1420	26119	0
0	1420	10750	0
0	1420	3023	0
0	1420	10610	0
1	1420	12799	0
0	1420	12430	12799
0	1420	16704	12799
1	1420	18197	12799
1	1420	14078	12799,18197
0	1420	31663	12799,18197,14078
1	1420	17969	12799,18197,14078
0	1420	32838	12799,18197,14078,17969
0	1420	5834	12799,18197,14078,17969
1	1420	11760	12799,18197,14078,17969
0	1420	15414	12799,18197,14078,17969,11760
0	1420	19723	12799,18197,14078,17969,11760
1	1420	22723	12799,18197,14078,17969,11760
1	1420	22983	12799,18197,14078,17969,11760,22723
1	1420	23783	12799,18197,14078,17969,11760,22723,22983
0	1420	24258	12799,18197,14078,17969,11760,22723,22983,23783
1	1420	24612	12799,18197,14078,17969,11760,22723,22983,23783
1	1420	27032	12799,18197,14078,17969,11760,22723,22983,23783,24612
1	1420	13757	12799,18197,14078,17969,11760,22723,22983,23783,24612,27032
1	1420	15258	12799,18197,14078,17969,11760,22723,22983,23783,24612,27032,13757
1	1420	16781	12799,18197,14078,17969,11760,22723,22983,23783,24612,27032,13757,15258
0	1420	19706	12799,18197,14078,17969,11760,22723,22983,23783,24612,27032,13757,15258,16781
1	1420	20679	12799,18197,14078,17969,11760,22723,22983,23783,24612,27032,13757,15258,16781
0	1420	23501	12799,18197,14078,17969,11760,22723,22983,23783,24612,27032,13757,15258,16781,20679
1	1420	7382	12799,18197,14078,17969,11760,22723,22983,23783,24612,27032,13757,15258,16781,20679
0	1420	18694	12799,18197,14078,17969,11760,22723,22983,23783,24612,27032,13757,15258,16781,20679,7382
1	1420	27609	12799,18197,14078,17969,11760,22723,22983,23783,24612,27032,13757,15258,16781,20679,7382
0	1420	25981	12799,18197,14078,17969,11760,22723,22983,23783,24612,27032,13757,15258,16781,20679,7382,27609
0	1420	26689	12799,18197,14078,17969,11760,22723,22983,23783,24612,27032,13757,15258,16781,20679,7382,27609
