0	1091	24925	0
0	1091	25341	0
0	1091	7338	0
1	1091	31202	0
1	1091	24363	31202
1	1091	32014	31202,24363
0	1091	22401	31202,24363,32014
0	1091	31209	31202,24363,32014
0	1091	24879	31202,24363,32014
0	1091	31022	31202,24363,32014
0	1091	32801	31202,24363,32014
1	1091	31243	31202,24363,32014
0	1091	32542	31202,24363,32014,31243
0	1091	32099	31202,24363,32014,31243
1	1091	18309	31202,24363,32014,31243
0	1091	31294	31202,24363,32014,31243,18309
0	1091	31244	31202,24363,32014,31243,18309
0	1091	32671	31202,24363,32014,31243,18309
0	1091	9031	31202,24363,32014,31243,18309
1	1091	33028	31202,24363,32014,31243,18309
1	1091	1106	31202,24363,32014,31243,18309,33028
1	1091	31791	31202,24363,32014,31243,18309,33028,1106
1	1091	31869	31202,24363,32014,31243,18309,33028,1106,31791
1	1091	31343	31202,24363,32014,31243,18309,33028,1106,31791,31869
0	1091	2346	31202,24363,32014,31243,18309,33028,1106,31791,31869,31343
0	1091	1867	31202,24363,32014,31243,18309,33028,1106,31791,31869,31343
0	1091	7728	31202,24363,32014,31243,18309,33028,1106,31791,31869,31343
0	1091	8666	31202,24363,32014,31243,18309,33028,1106,31791,31869,31343
0	1091	8067	31202,24363,32014,31243,18309,33028,1106,31791,31869,31343
1	1091	3367	31202,24363,32014,31243,18309,33028,1106,31791,31869,31343
1	1091	5180	31202,24363,32014,31243,18309,33028,1106,31791,31869,31343,3367
0	1091	10933	31202,24363,32014,31243,18309,33028,1106,31791,31869,31343,3367,5180
0	1091	15603	31202,24363,32014,31243,18309,33028,1106,31791,31869,31343,3367,5180
1	1091	8846	31202,24363,32014,31243,18309,33028,1106,31791,31869,31343,3367,5180
0	1091	14535	31202,24363,32014,31243,18309,33028,1106,31791,31869,31343,3367,5180,8846
1	1091	9707	31202,24363,32014,31243,18309,33028,1106,31791,31869,31343,3367,5180,8846
1	1091	18488	31202,24363,32014,31243,18309,33028,1106,31791,31869,31343,3367,5180,8846,9707
0	1091	19343	31202,24363,32014,31243,18309,33028,1106,31791,31869,31343,3367,5180,8846,9707,18488
0	1091	23063	31202,24363,32014,31243,18309,33028,1106,31791,31869,31343,3367,5180,8846,9707,18488
0	1091	22480	31202,24363,32014,31243,18309,33028,1106,31791,31869,31343,3367,5180,8846,9707,18488
0	1091	25289	31202,24363,32014,31243,18309,33028,1106,31791,31869,31343,3367,5180,8846,9707,18488
0	1091	25337	31202,24363,32014,31243,18309,33028,1106,31791,31869,31343,3367,5180,8846,9707,18488
0	1091	10199	31202,24363,32014,31243,18309,33028,1106,31791,31869,31343,3367,5180,8846,9707,18488
0	1091	28446	31202,24363,32014,31243,18309,33028,1106,31791,31869,31343,3367,5180,8846,9707,18488
0	1091	28449	31202,24363,32014,31243,18309,33028,1106,31791,31869,31343,3367,5180,8846,9707,18488
0	1091	28530	31202,24363,32014,31243,18309,33028,1106,31791,31869,31343,3367,5180,8846,9707,18488
0	1091	28505	31202,24363,32014,31243,18309,33028,1106,31791,31869,31343,3367,5180,8846,9707,18488
0	1091	27585	31202,24363,32014,31243,18309,33028,1106,31791,31869,31343,3367,5180,8846,9707,18488
1	1091	26329	31202,24363,32014,31243,18309,33028,1106,31791,31869,31343,3367,5180,8846,9707,18488
0	1091	29429	31202,24363,32014,31243,18309,33028,1106,31791,31869,31343,3367,5180,8846,9707,18488,26329
