1	917	23481	0
1	917	23617	23481
1	917	6690	23481,23617
0	917	20740	23481,23617,6690
1	917	31100	23481,23617,6690
1	917	13754	23481,23617,6690,31100
1	917	4655	23481,23617,6690,31100,13754
1	917	10007	23481,23617,6690,31100,13754,4655
1	917	25627	23481,23617,6690,31100,13754,4655,10007
1	917	31442	23481,23617,6690,31100,13754,4655,10007,25627
1	917	33005	23481,23617,6690,31100,13754,4655,10007,25627,31442
1	917	1916	23481,23617,6690,31100,13754,4655,10007,25627,31442,33005
1	917	3813	23481,23617,6690,31100,13754,4655,10007,25627,31442,33005,1916
1	917	32760	23481,23617,6690,31100,13754,4655,10007,25627,31442,33005,1916,3813
0	917	1643	23481,23617,6690,31100,13754,4655,10007,25627,31442,33005,1916,3813,32760
1	917	31837	23481,23617,6690,31100,13754,4655,10007,25627,31442,33005,1916,3813,32760
1	917	1431	23481,23617,6690,31100,13754,4655,10007,25627,31442,33005,1916,3813,32760,31837
1	917	3162	23481,23617,6690,31100,13754,4655,10007,25627,31442,33005,1916,3813,32760,31837,1431
1	917	5299	23481,23617,6690,31100,13754,4655,10007,25627,31442,33005,1916,3813,32760,31837,1431,3162
1	917	82	23481,23617,6690,31100,13754,4655,10007,25627,31442,33005,1916,3813,32760,31837,1431,3162,5299
1	917	2927	23481,23617,6690,31100,13754,4655,10007,25627,31442,33005,1916,3813,32760,31837,1431,3162,5299,82
1	917	7577	23481,23617,6690,31100,13754,4655,10007,25627,31442,33005,1916,3813,32760,31837,1431,3162,5299,82,2927
1	917	798	23481,23617,6690,31100,13754,4655,10007,25627,31442,33005,1916,3813,32760,31837,1431,3162,5299,82,2927,7577
1	917	8891	23481,23617,6690,31100,13754,4655,10007,25627,31442,33005,1916,3813,32760,31837,1431,3162,5299,82,2927,7577,798
1	917	5285	23481,23617,6690,31100,13754,4655,10007,25627,31442,33005,1916,3813,32760,31837,1431,3162,5299,82,2927,7577,798,8891
1	917	6054	23481,23617,6690,31100,13754,4655,10007,25627,31442,33005,1916,3813,32760,31837,1431,3162,5299,82,2927,7577,798,8891,5285
1	917	6770	23481,23617,6690,31100,13754,4655,10007,25627,31442,33005,1916,3813,32760,31837,1431,3162,5299,82,2927,7577,798,8891,5285,6054
1	917	5078	23481,23617,6690,31100,13754,4655,10007,25627,31442,33005,1916,3813,32760,31837,1431,3162,5299,82,2927,7577,798,8891,5285,6054,6770
1	917	4527	23481,23617,6690,31100,13754,4655,10007,25627,31442,33005,1916,3813,32760,31837,1431,3162,5299,82,2927,7577,798,8891,5285,6054,6770,5078
1	917	5210	23481,23617,6690,31100,13754,4655,10007,25627,31442,33005,1916,3813,32760,31837,1431,3162,5299,82,2927,7577,798,8891,5285,6054,6770,5078,4527
1	917	10414	23481,23617,6690,31100,13754,4655,10007,25627,31442,33005,1916,3813,32760,31837,1431,3162,5299,82,2927,7577,798,8891,5285,6054,6770,5078,4527,5210
1	917	32933	23481,23617,6690,31100,13754,4655,10007,25627,31442,33005,1916,3813,32760,31837,1431,3162,5299,82,2927,7577,798,8891,5285,6054,6770,5078,4527,5210,10414
1	917	11698	23481,23617,6690,31100,13754,4655,10007,25627,31442,33005,1916,3813,32760,31837,1431,3162,5299,82,2927,7577,798,8891,5285,6054,6770,5078,4527,5210,10414,32933
1	917	9086	23481,23617,6690,31100,13754,4655,10007,25627,31442,33005,1916,3813,32760,31837,1431,3162,5299,82,2927,7577,798,8891,5285,6054,6770,5078,4527,5210,10414,32933,11698
1	917	12494	23481,23617,6690,31100,13754,4655,10007,25627,31442,33005,1916,3813,32760,31837,1431,3162,5299,82,2927,7577,798,8891,5285,6054,6770,5078,4527,5210,10414,32933,11698,9086
1	917	14892	23481,23617,6690,31100,13754,4655,10007,25627,31442,33005,1916,3813,32760,31837,1431,3162,5299,82,2927,7577,798,8891,5285,6054,6770,5078,4527,5210,10414,32933,11698,9086,12494
1	917	8527	23481,23617,6690,31100,13754,4655,10007,25627,31442,33005,1916,3813,32760,31837,1431,3162,5299,82,2927,7577,798,8891,5285,6054,6770,5078,4527,5210,10414,32933,11698,9086,12494,14892
1	917	12830	23481,23617,6690,31100,13754,4655,10007,25627,31442,33005,1916,3813,32760,31837,1431,3162,5299,82,2927,7577,798,8891,5285,6054,6770,5078,4527,5210,10414,32933,11698,9086,12494,14892,8527
1	917	8740	23481,23617,6690,31100,13754,4655,10007,25627,31442,33005,1916,3813,32760,31837,1431,3162,5299,82,2927,7577,798,8891,5285,6054,6770,5078,4527,5210,10414,32933,11698,9086,12494,14892,8527,12830
0	917	13920	23481,23617,6690,31100,13754,4655,10007,25627,31442,33005,1916,3813,32760,31837,1431,3162,5299,82,2927,7577,798,8891,5285,6054,6770,5078,4527,5210,10414,32933,11698,9086,12494,14892,8527,12830,8740
1	917	4712	23481,23617,6690,31100,13754,4655,10007,25627,31442,33005,1916,3813,32760,31837,1431,3162,5299,82,2927,7577,798,8891,5285,6054,6770,5078,4527,5210,10414,32933,11698,9086,12494,14892,8527,12830,8740
1	917	16105	23481,23617,6690,31100,13754,4655,10007,25627,31442,33005,1916,3813,32760,31837,1431,3162,5299,82,2927,7577,798,8891,5285,6054,6770,5078,4527,5210,10414,32933,11698,9086,12494,14892,8527,12830,8740,4712
1	917	17729	23481,23617,6690,31100,13754,4655,10007,25627,31442,33005,1916,3813,32760,31837,1431,3162,5299,82,2927,7577,798,8891,5285,6054,6770,5078,4527,5210,10414,32933,11698,9086,12494,14892,8527,12830,8740,4712,16105
1	917	11992	23481,23617,6690,31100,13754,4655,10007,25627,31442,33005,1916,3813,32760,31837,1431,3162,5299,82,2927,7577,798,8891,5285,6054,6770,5078,4527,5210,10414,32933,11698,9086,12494,14892,8527,12830,8740,4712,16105,17729
1	917	20212	23481,23617,6690,31100,13754,4655,10007,25627,31442,33005,1916,3813,32760,31837,1431,3162,5299,82,2927,7577,798,8891,5285,6054,6770,5078,4527,5210,10414,32933,11698,9086,12494,14892,8527,12830,8740,4712,16105,17729,11992
0	917	17958	23481,23617,6690,31100,13754,4655,10007,25627,31442,33005,1916,3813,32760,31837,1431,3162,5299,82,2927,7577,798,8891,5285,6054,6770,5078,4527,5210,10414,32933,11698,9086,12494,14892,8527,12830,8740,4712,16105,17729,11992,20212
1	917	25155	23481,23617,6690,31100,13754,4655,10007,25627,31442,33005,1916,3813,32760,31837,1431,3162,5299,82,2927,7577,798,8891,5285,6054,6770,5078,4527,5210,10414,32933,11698,9086,12494,14892,8527,12830,8740,4712,16105,17729,11992,20212
1	917	24731	23481,23617,6690,31100,13754,4655,10007,25627,31442,33005,1916,3813,32760,31837,1431,3162,5299,82,2927,7577,798,8891,5285,6054,6770,5078,4527,5210,10414,32933,11698,9086,12494,14892,8527,12830,8740,4712,16105,17729,11992,20212,25155
1	917	26199	23481,23617,6690,31100,13754,4655,10007,25627,31442,33005,1916,3813,32760,31837,1431,3162,5299,82,2927,7577,798,8891,5285,6054,6770,5078,4527,5210,10414,32933,11698,9086,12494,14892,8527,12830,8740,4712,16105,17729,11992,20212,25155,24731
1	917	23590	23481,23617,6690,31100,13754,4655,10007,25627,31442,33005,1916,3813,32760,31837,1431,3162,5299,82,2927,7577,798,8891,5285,6054,6770,5078,4527,5210,10414,32933,11698,9086,12494,14892,8527,12830,8740,4712,16105,17729,11992,20212,25155,24731,26199
1	917	837	23481,23617,6690,31100,13754,4655,10007,25627,31442,33005,1916,3813,32760,31837,1431,3162,5299,82,2927,7577,798,8891,5285,6054,6770,5078,4527,5210,10414,32933,11698,9086,12494,14892,8527,12830,8740,4712,16105,17729,11992,20212,25155,24731,26199,23590
1	917	24634	23481,23617,6690,31100,13754,4655,10007,25627,31442,33005,1916,3813,32760,31837,1431,3162,5299,82,2927,7577,798,8891,5285,6054,6770,5078,4527,5210,10414,32933,11698,9086,12494,14892,8527,12830,8740,4712,16105,17729,11992,20212,25155,24731,26199,23590,837
1	917	24225	23481,23617,6690,31100,13754,4655,10007,25627,31442,33005,1916,3813,32760,31837,1431,3162,5299,82,2927,7577,798,8891,5285,6054,6770,5078,4527,5210,10414,32933,11698,9086,12494,14892,8527,12830,8740,4712,16105,17729,11992,20212,25155,24731,26199,23590,837,24634
