0	502	4591	0
0	502	6832	0
1	502	31363	0
1	502	31357	31363
0	502	31083	31363,31357
0	502	1856	31363,31357
0	502	3820	31363,31357
0	502	21600	31363,31357
0	502	32972	31363,31357
1	502	8040	31363,31357
0	502	33030	31363,31357,8040
0	502	32460	31363,31357,8040
0	502	1191	31363,31357,8040
0	502	12927	31363,31357,8040
0	502	11137	31363,31357,8040
0	502	1440	31363,31357,8040
0	502	15325	31363,31357,8040
1	502	10959	31363,31357,8040
1	502	4198	31363,31357,8040,10959
1	502	10956	31363,31357,8040,10959,4198
0	502	4158	31363,31357,8040,10959,4198,10956
0	502	6838	31363,31357,8040,10959,4198,10956
1	502	6520	31363,31357,8040,10959,4198,10956
1	502	32501	31363,31357,8040,10959,4198,10956,6520
0	502	15499	31363,31357,8040,10959,4198,10956,6520,32501
1	502	5016	31363,31357,8040,10959,4198,10956,6520,32501
1	502	9970	31363,31357,8040,10959,4198,10956,6520,32501,5016
0	502	13665	31363,31357,8040,10959,4198,10956,6520,32501,5016,9970
1	502	16652	31363,31357,8040,10959,4198,10956,6520,32501,5016,9970
1	502	4319	31363,31357,8040,10959,4198,10956,6520,32501,5016,9970,16652
0	502	19234	31363,31357,8040,10959,4198,10956,6520,32501,5016,9970,16652,4319
1	502	2453	31363,31357,8040,10959,4198,10956,6520,32501,5016,9970,16652,4319
0	502	12460	31363,31357,8040,10959,4198,10956,6520,32501,5016,9970,16652,4319,2453
0	502	1472	31363,31357,8040,10959,4198,10956,6520,32501,5016,9970,16652,4319,2453
0	502	19268	31363,31357,8040,10959,4198,10956,6520,32501,5016,9970,16652,4319,2453
0	502	31808	31363,31357,8040,10959,4198,10956,6520,32501,5016,9970,16652,4319,2453
0	502	18707	31363,31357,8040,10959,4198,10956,6520,32501,5016,9970,16652,4319,2453
0	502	10824	31363,31357,8040,10959,4198,10956,6520,32501,5016,9970,16652,4319,2453
0	502	17270	31363,31357,8040,10959,4198,10956,6520,32501,5016,9970,16652,4319,2453
0	502	17271	31363,31357,8040,10959,4198,10956,6520,32501,5016,9970,16652,4319,2453
0	502	12072	31363,31357,8040,10959,4198,10956,6520,32501,5016,9970,16652,4319,2453
0	502	27104	31363,31357,8040,10959,4198,10956,6520,32501,5016,9970,16652,4319,2453
0	502	20319	31363,31357,8040,10959,4198,10956,6520,32501,5016,9970,16652,4319,2453
1	502	8951	31363,31357,8040,10959,4198,10956,6520,32501,5016,9970,16652,4319,2453
1	502	18714	31363,31357,8040,10959,4198,10956,6520,32501,5016,9970,16652,4319,2453,8951
0	502	32505	31363,31357,8040,10959,4198,10956,6520,32501,5016,9970,16652,4319,2453,8951,18714
0	502	20574	31363,31357,8040,10959,4198,10956,6520,32501,5016,9970,16652,4319,2453,8951,18714
0	502	20443	31363,31357,8040,10959,4198,10956,6520,32501,5016,9970,16652,4319,2453,8951,18714
0	502	17304	31363,31357,8040,10959,4198,10956,6520,32501,5016,9970,16652,4319,2453,8951,18714
0	502	21164	31363,31357,8040,10959,4198,10956,6520,32501,5016,9970,16652,4319,2453,8951,18714
0	502	20323	31363,31357,8040,10959,4198,10956,6520,32501,5016,9970,16652,4319,2453,8951,18714
0	502	8723	31363,31357,8040,10959,4198,10956,6520,32501,5016,9970,16652,4319,2453,8951,18714
0	502	22073	31363,31357,8040,10959,4198,10956,6520,32501,5016,9970,16652,4319,2453,8951,18714
0	502	22355	31363,31357,8040,10959,4198,10956,6520,32501,5016,9970,16652,4319,2453,8951,18714
0	502	22229	31363,31357,8040,10959,4198,10956,6520,32501,5016,9970,16652,4319,2453,8951,18714
0	502	10208	31363,31357,8040,10959,4198,10956,6520,32501,5016,9970,16652,4319,2453,8951,18714
0	502	17419	31363,31357,8040,10959,4198,10956,6520,32501,5016,9970,16652,4319,2453,8951,18714
0	502	6733	31363,31357,8040,10959,4198,10956,6520,32501,5016,9970,16652,4319,2453,8951,18714
0	502	20310	31363,31357,8040,10959,4198,10956,6520,32501,5016,9970,16652,4319,2453,8951,18714
0	502	19776	31363,31357,8040,10959,4198,10956,6520,32501,5016,9970,16652,4319,2453,8951,18714
0	502	23054	31363,31357,8040,10959,4198,10956,6520,32501,5016,9970,16652,4319,2453,8951,18714
0	502	22435	31363,31357,8040,10959,4198,10956,6520,32501,5016,9970,16652,4319,2453,8951,18714
0	502	21468	31363,31357,8040,10959,4198,10956,6520,32501,5016,9970,16652,4319,2453,8951,18714
0	502	17582	31363,31357,8040,10959,4198,10956,6520,32501,5016,9970,16652,4319,2453,8951,18714
1	502	12366	31363,31357,8040,10959,4198,10956,6520,32501,5016,9970,16652,4319,2453,8951,18714
0	502	14780	31363,31357,8040,10959,4198,10956,6520,32501,5016,9970,16652,4319,2453,8951,18714,12366
0	502	21638	31363,31357,8040,10959,4198,10956,6520,32501,5016,9970,16652,4319,2453,8951,18714,12366
0	502	25006	31363,31357,8040,10959,4198,10956,6520,32501,5016,9970,16652,4319,2453,8951,18714,12366
0	502	21812	31363,31357,8040,10959,4198,10956,6520,32501,5016,9970,16652,4319,2453,8951,18714,12366
0	502	21813	31363,31357,8040,10959,4198,10956,6520,32501,5016,9970,16652,4319,2453,8951,18714,12366
0	502	19074	31363,31357,8040,10959,4198,10956,6520,32501,5016,9970,16652,4319,2453,8951,18714,12366
0	502	20723	31363,31357,8040,10959,4198,10956,6520,32501,5016,9970,16652,4319,2453,8951,18714,12366
0	502	23768	31363,31357,8040,10959,4198,10956,6520,32501,5016,9970,16652,4319,2453,8951,18714,12366
0	502	23453	31363,31357,8040,10959,4198,10956,6520,32501,5016,9970,16652,4319,2453,8951,18714,12366
0	502	23153	31363,31357,8040,10959,4198,10956,6520,32501,5016,9970,16652,4319,2453,8951,18714,12366
0	502	31930	31363,31357,8040,10959,4198,10956,6520,32501,5016,9970,16652,4319,2453,8951,18714,12366
0	502	6091	31363,31357,8040,10959,4198,10956,6520,32501,5016,9970,16652,4319,2453,8951,18714,12366
1	502	19039	31363,31357,8040,10959,4198,10956,6520,32501,5016,9970,16652,4319,2453,8951,18714,12366
1	502	513	31363,31357,8040,10959,4198,10956,6520,32501,5016,9970,16652,4319,2453,8951,18714,12366,19039
1	502	837	31363,31357,8040,10959,4198,10956,6520,32501,5016,9970,16652,4319,2453,8951,18714,12366,19039,513
0	502	25988	31363,31357,8040,10959,4198,10956,6520,32501,5016,9970,16652,4319,2453,8951,18714,12366,19039,513,837
0	502	12961	31363,31357,8040,10959,4198,10956,6520,32501,5016,9970,16652,4319,2453,8951,18714,12366,19039,513,837
0	502	27113	31363,31357,8040,10959,4198,10956,6520,32501,5016,9970,16652,4319,2453,8951,18714,12366,19039,513,837
1	502	6894	31363,31357,8040,10959,4198,10956,6520,32501,5016,9970,16652,4319,2453,8951,18714,12366,19039,513,837
0	502	22870	31363,31357,8040,10959,4198,10956,6520,32501,5016,9970,16652,4319,2453,8951,18714,12366,19039,513,837,6894
0	502	16886	31363,31357,8040,10959,4198,10956,6520,32501,5016,9970,16652,4319,2453,8951,18714,12366,19039,513,837,6894
0	502	24048	31363,31357,8040,10959,4198,10956,6520,32501,5016,9970,16652,4319,2453,8951,18714,12366,19039,513,837,6894
0	502	25416	31363,31357,8040,10959,4198,10956,6520,32501,5016,9970,16652,4319,2453,8951,18714,12366,19039,513,837,6894
0	502	26516	31363,31357,8040,10959,4198,10956,6520,32501,5016,9970,16652,4319,2453,8951,18714,12366,19039,513,837,6894
0	502	23462	31363,31357,8040,10959,4198,10956,6520,32501,5016,9970,16652,4319,2453,8951,18714,12366,19039,513,837,6894
0	502	27750	31363,31357,8040,10959,4198,10956,6520,32501,5016,9970,16652,4319,2453,8951,18714,12366,19039,513,837,6894
0	502	29508	31363,31357,8040,10959,4198,10956,6520,32501,5016,9970,16652,4319,2453,8951,18714,12366,19039,513,837,6894
