1	1783	10718	0
1	1783	30975	10718
0	1783	678	10718,30975
0	1783	3548	10718,30975
1	1783	4316	10718,30975
1	1783	10116	10718,30975,4316
0	1783	12312	10718,30975,4316,10116
0	1783	12315	10718,30975,4316,10116
0	1783	12484	10718,30975,4316,10116
1	1783	31529	10718,30975,4316,10116
1	1783	4106	10718,30975,4316,10116,31529
0	1783	4369	10718,30975,4316,10116,31529,4106
0	1783	4722	10718,30975,4316,10116,31529,4106
0	1783	8619	10718,30975,4316,10116,31529,4106
1	1783	8701	10718,30975,4316,10116,31529,4106
1	1783	8901	10718,30975,4316,10116,31529,4106,8701
1	1783	10154	10718,30975,4316,10116,31529,4106,8701,8901
1	1783	10340	10718,30975,4316,10116,31529,4106,8701,8901,10154
1	1783	13768	10718,30975,4316,10116,31529,4106,8701,8901,10154,10340
1	1783	13920	10718,30975,4316,10116,31529,4106,8701,8901,10154,10340,13768
0	1783	14355	10718,30975,4316,10116,31529,4106,8701,8901,10154,10340,13768,13920
0	1783	14535	10718,30975,4316,10116,31529,4106,8701,8901,10154,10340,13768,13920
1	1783	14895	10718,30975,4316,10116,31529,4106,8701,8901,10154,10340,13768,13920
0	1783	2923	10718,30975,4316,10116,31529,4106,8701,8901,10154,10340,13768,13920,14895
1	1783	14045	10718,30975,4316,10116,31529,4106,8701,8901,10154,10340,13768,13920,14895
1	1783	22323	10718,30975,4316,10116,31529,4106,8701,8901,10154,10340,13768,13920,14895,14045
1	1783	22440	10718,30975,4316,10116,31529,4106,8701,8901,10154,10340,13768,13920,14895,14045,22323
1	1783	22459	10718,30975,4316,10116,31529,4106,8701,8901,10154,10340,13768,13920,14895,14045,22323,22440
1	1783	5643	10718,30975,4316,10116,31529,4106,8701,8901,10154,10340,13768,13920,14895,14045,22323,22440,22459
1	1783	8010	10718,30975,4316,10116,31529,4106,8701,8901,10154,10340,13768,13920,14895,14045,22323,22440,22459,5643
1	1783	17162	10718,30975,4316,10116,31529,4106,8701,8901,10154,10340,13768,13920,14895,14045,22323,22440,22459,5643,8010
1	1783	20960	10718,30975,4316,10116,31529,4106,8701,8901,10154,10340,13768,13920,14895,14045,22323,22440,22459,5643,8010,17162
0	1783	18053	10718,30975,4316,10116,31529,4106,8701,8901,10154,10340,13768,13920,14895,14045,22323,22440,22459,5643,8010,17162,20960
0	1783	28773	10718,30975,4316,10116,31529,4106,8701,8901,10154,10340,13768,13920,14895,14045,22323,22440,22459,5643,8010,17162,20960
1	1783	6690	10718,30975,4316,10116,31529,4106,8701,8901,10154,10340,13768,13920,14895,14045,22323,22440,22459,5643,8010,17162,20960
0	1783	10554	10718,30975,4316,10116,31529,4106,8701,8901,10154,10340,13768,13920,14895,14045,22323,22440,22459,5643,8010,17162,20960,6690
1	1783	11671	10718,30975,4316,10116,31529,4106,8701,8901,10154,10340,13768,13920,14895,14045,22323,22440,22459,5643,8010,17162,20960,6690
0	1783	11863	10718,30975,4316,10116,31529,4106,8701,8901,10154,10340,13768,13920,14895,14045,22323,22440,22459,5643,8010,17162,20960,6690,11671
1	1783	24737	10718,30975,4316,10116,31529,4106,8701,8901,10154,10340,13768,13920,14895,14045,22323,22440,22459,5643,8010,17162,20960,6690,11671
0	1783	31858	10718,30975,4316,10116,31529,4106,8701,8901,10154,10340,13768,13920,14895,14045,22323,22440,22459,5643,8010,17162,20960,6690,11671,24737
0	1783	32070	10718,30975,4316,10116,31529,4106,8701,8901,10154,10340,13768,13920,14895,14045,22323,22440,22459,5643,8010,17162,20960,6690,11671,24737
1	1783	212	10718,30975,4316,10116,31529,4106,8701,8901,10154,10340,13768,13920,14895,14045,22323,22440,22459,5643,8010,17162,20960,6690,11671,24737
0	1783	361	10718,30975,4316,10116,31529,4106,8701,8901,10154,10340,13768,13920,14895,14045,22323,22440,22459,5643,8010,17162,20960,6690,11671,24737,212
0	1783	2261	10718,30975,4316,10116,31529,4106,8701,8901,10154,10340,13768,13920,14895,14045,22323,22440,22459,5643,8010,17162,20960,6690,11671,24737,212
0	1783	2337	10718,30975,4316,10116,31529,4106,8701,8901,10154,10340,13768,13920,14895,14045,22323,22440,22459,5643,8010,17162,20960,6690,11671,24737,212
1	1783	2754	10718,30975,4316,10116,31529,4106,8701,8901,10154,10340,13768,13920,14895,14045,22323,22440,22459,5643,8010,17162,20960,6690,11671,24737,212
1	1783	2919	10718,30975,4316,10116,31529,4106,8701,8901,10154,10340,13768,13920,14895,14045,22323,22440,22459,5643,8010,17162,20960,6690,11671,24737,212,2754
0	1783	2963	10718,30975,4316,10116,31529,4106,8701,8901,10154,10340,13768,13920,14895,14045,22323,22440,22459,5643,8010,17162,20960,6690,11671,24737,212,2754,2919
0	1783	3173	10718,30975,4316,10116,31529,4106,8701,8901,10154,10340,13768,13920,14895,14045,22323,22440,22459,5643,8010,17162,20960,6690,11671,24737,212,2754,2919
1	1783	3174	10718,30975,4316,10116,31529,4106,8701,8901,10154,10340,13768,13920,14895,14045,22323,22440,22459,5643,8010,17162,20960,6690,11671,24737,212,2754,2919
0	1783	4022	10718,30975,4316,10116,31529,4106,8701,8901,10154,10340,13768,13920,14895,14045,22323,22440,22459,5643,8010,17162,20960,6690,11671,24737,212,2754,2919,3174
1	1783	4056	10718,30975,4316,10116,31529,4106,8701,8901,10154,10340,13768,13920,14895,14045,22323,22440,22459,5643,8010,17162,20960,6690,11671,24737,212,2754,2919,3174
1	1783	4532	10718,30975,4316,10116,31529,4106,8701,8901,10154,10340,13768,13920,14895,14045,22323,22440,22459,5643,8010,17162,20960,6690,11671,24737,212,2754,2919,3174,4056
0	1783	4738	10718,30975,4316,10116,31529,4106,8701,8901,10154,10340,13768,13920,14895,14045,22323,22440,22459,5643,8010,17162,20960,6690,11671,24737,212,2754,2919,3174,4056,4532
1	1783	4997	10718,30975,4316,10116,31529,4106,8701,8901,10154,10340,13768,13920,14895,14045,22323,22440,22459,5643,8010,17162,20960,6690,11671,24737,212,2754,2919,3174,4056,4532
0	1783	5373	10718,30975,4316,10116,31529,4106,8701,8901,10154,10340,13768,13920,14895,14045,22323,22440,22459,5643,8010,17162,20960,6690,11671,24737,212,2754,2919,3174,4056,4532,4997
0	1783	5378	10718,30975,4316,10116,31529,4106,8701,8901,10154,10340,13768,13920,14895,14045,22323,22440,22459,5643,8010,17162,20960,6690,11671,24737,212,2754,2919,3174,4056,4532,4997
1	1783	6225	10718,30975,4316,10116,31529,4106,8701,8901,10154,10340,13768,13920,14895,14045,22323,22440,22459,5643,8010,17162,20960,6690,11671,24737,212,2754,2919,3174,4056,4532,4997
1	1783	6226	10718,30975,4316,10116,31529,4106,8701,8901,10154,10340,13768,13920,14895,14045,22323,22440,22459,5643,8010,17162,20960,6690,11671,24737,212,2754,2919,3174,4056,4532,4997,6225
0	1783	7687	10718,30975,4316,10116,31529,4106,8701,8901,10154,10340,13768,13920,14895,14045,22323,22440,22459,5643,8010,17162,20960,6690,11671,24737,212,2754,2919,3174,4056,4532,4997,6225,6226
0	1783	8292	10718,30975,4316,10116,31529,4106,8701,8901,10154,10340,13768,13920,14895,14045,22323,22440,22459,5643,8010,17162,20960,6690,11671,24737,212,2754,2919,3174,4056,4532,4997,6225,6226
1	1783	8461	10718,30975,4316,10116,31529,4106,8701,8901,10154,10340,13768,13920,14895,14045,22323,22440,22459,5643,8010,17162,20960,6690,11671,24737,212,2754,2919,3174,4056,4532,4997,6225,6226
1	1783	8501	10718,30975,4316,10116,31529,4106,8701,8901,10154,10340,13768,13920,14895,14045,22323,22440,22459,5643,8010,17162,20960,6690,11671,24737,212,2754,2919,3174,4056,4532,4997,6225,6226,8461
0	1783	9970	10718,30975,4316,10116,31529,4106,8701,8901,10154,10340,13768,13920,14895,14045,22323,22440,22459,5643,8010,17162,20960,6690,11671,24737,212,2754,2919,3174,4056,4532,4997,6225,6226,8461,8501
1	1783	10184	10718,30975,4316,10116,31529,4106,8701,8901,10154,10340,13768,13920,14895,14045,22323,22440,22459,5643,8010,17162,20960,6690,11671,24737,212,2754,2919,3174,4056,4532,4997,6225,6226,8461,8501
0	1783	10413	10718,30975,4316,10116,31529,4106,8701,8901,10154,10340,13768,13920,14895,14045,22323,22440,22459,5643,8010,17162,20960,6690,11671,24737,212,2754,2919,3174,4056,4532,4997,6225,6226,8461,8501,10184
1	1783	12935	10718,30975,4316,10116,31529,4106,8701,8901,10154,10340,13768,13920,14895,14045,22323,22440,22459,5643,8010,17162,20960,6690,11671,24737,212,2754,2919,3174,4056,4532,4997,6225,6226,8461,8501,10184
0	1783	14658	10718,30975,4316,10116,31529,4106,8701,8901,10154,10340,13768,13920,14895,14045,22323,22440,22459,5643,8010,17162,20960,6690,11671,24737,212,2754,2919,3174,4056,4532,4997,6225,6226,8461,8501,10184,12935
1	1783	15690	10718,30975,4316,10116,31529,4106,8701,8901,10154,10340,13768,13920,14895,14045,22323,22440,22459,5643,8010,17162,20960,6690,11671,24737,212,2754,2919,3174,4056,4532,4997,6225,6226,8461,8501,10184,12935
0	1783	15775	10718,30975,4316,10116,31529,4106,8701,8901,10154,10340,13768,13920,14895,14045,22323,22440,22459,5643,8010,17162,20960,6690,11671,24737,212,2754,2919,3174,4056,4532,4997,6225,6226,8461,8501,10184,12935,15690
0	1783	15839	10718,30975,4316,10116,31529,4106,8701,8901,10154,10340,13768,13920,14895,14045,22323,22440,22459,5643,8010,17162,20960,6690,11671,24737,212,2754,2919,3174,4056,4532,4997,6225,6226,8461,8501,10184,12935,15690
1	1783	20006	10718,30975,4316,10116,31529,4106,8701,8901,10154,10340,13768,13920,14895,14045,22323,22440,22459,5643,8010,17162,20960,6690,11671,24737,212,2754,2919,3174,4056,4532,4997,6225,6226,8461,8501,10184,12935,15690
0	1783	20299	10718,30975,4316,10116,31529,4106,8701,8901,10154,10340,13768,13920,14895,14045,22323,22440,22459,5643,8010,17162,20960,6690,11671,24737,212,2754,2919,3174,4056,4532,4997,6225,6226,8461,8501,10184,12935,15690,20006
0	1783	18267	10718,30975,4316,10116,31529,4106,8701,8901,10154,10340,13768,13920,14895,14045,22323,22440,22459,5643,8010,17162,20960,6690,11671,24737,212,2754,2919,3174,4056,4532,4997,6225,6226,8461,8501,10184,12935,15690,20006
0	1783	18268	10718,30975,4316,10116,31529,4106,8701,8901,10154,10340,13768,13920,14895,14045,22323,22440,22459,5643,8010,17162,20960,6690,11671,24737,212,2754,2919,3174,4056,4532,4997,6225,6226,8461,8501,10184,12935,15690,20006
0	1783	19359	10718,30975,4316,10116,31529,4106,8701,8901,10154,10340,13768,13920,14895,14045,22323,22440,22459,5643,8010,17162,20960,6690,11671,24737,212,2754,2919,3174,4056,4532,4997,6225,6226,8461,8501,10184,12935,15690,20006
1	1783	21879	10718,30975,4316,10116,31529,4106,8701,8901,10154,10340,13768,13920,14895,14045,22323,22440,22459,5643,8010,17162,20960,6690,11671,24737,212,2754,2919,3174,4056,4532,4997,6225,6226,8461,8501,10184,12935,15690,20006
0	1783	27104	10718,30975,4316,10116,31529,4106,8701,8901,10154,10340,13768,13920,14895,14045,22323,22440,22459,5643,8010,17162,20960,6690,11671,24737,212,2754,2919,3174,4056,4532,4997,6225,6226,8461,8501,10184,12935,15690,20006,21879
0	1783	26211	10718,30975,4316,10116,31529,4106,8701,8901,10154,10340,13768,13920,14895,14045,22323,22440,22459,5643,8010,17162,20960,6690,11671,24737,212,2754,2919,3174,4056,4532,4997,6225,6226,8461,8501,10184,12935,15690,20006,21879
0	1783	26212	10718,30975,4316,10116,31529,4106,8701,8901,10154,10340,13768,13920,14895,14045,22323,22440,22459,5643,8010,17162,20960,6690,11671,24737,212,2754,2919,3174,4056,4532,4997,6225,6226,8461,8501,10184,12935,15690,20006,21879
1	1783	26213	10718,30975,4316,10116,31529,4106,8701,8901,10154,10340,13768,13920,14895,14045,22323,22440,22459,5643,8010,17162,20960,6690,11671,24737,212,2754,2919,3174,4056,4532,4997,6225,6226,8461,8501,10184,12935,15690,20006,21879
1	1783	162	10718,30975,4316,10116,31529,4106,8701,8901,10154,10340,13768,13920,14895,14045,22323,22440,22459,5643,8010,17162,20960,6690,11671,24737,212,2754,2919,3174,4056,4532,4997,6225,6226,8461,8501,10184,12935,15690,20006,21879,26213
1	1783	4319	10718,30975,4316,10116,31529,4106,8701,8901,10154,10340,13768,13920,14895,14045,22323,22440,22459,5643,8010,17162,20960,6690,11671,24737,212,2754,2919,3174,4056,4532,4997,6225,6226,8461,8501,10184,12935,15690,20006,21879,26213,162
1	1783	17830	10718,30975,4316,10116,31529,4106,8701,8901,10154,10340,13768,13920,14895,14045,22323,22440,22459,5643,8010,17162,20960,6690,11671,24737,212,2754,2919,3174,4056,4532,4997,6225,6226,8461,8501,10184,12935,15690,20006,21879,26213,162,4319
0	1783	18996	10718,30975,4316,10116,31529,4106,8701,8901,10154,10340,13768,13920,14895,14045,22323,22440,22459,5643,8010,17162,20960,6690,11671,24737,212,2754,2919,3174,4056,4532,4997,6225,6226,8461,8501,10184,12935,15690,20006,21879,26213,162,4319,17830
1	1783	19336	10718,30975,4316,10116,31529,4106,8701,8901,10154,10340,13768,13920,14895,14045,22323,22440,22459,5643,8010,17162,20960,6690,11671,24737,212,2754,2919,3174,4056,4532,4997,6225,6226,8461,8501,10184,12935,15690,20006,21879,26213,162,4319,17830
0	1783	22785	10718,30975,4316,10116,31529,4106,8701,8901,10154,10340,13768,13920,14895,14045,22323,22440,22459,5643,8010,17162,20960,6690,11671,24737,212,2754,2919,3174,4056,4532,4997,6225,6226,8461,8501,10184,12935,15690,20006,21879,26213,162,4319,17830,19336
1	1783	24238	10718,30975,4316,10116,31529,4106,8701,8901,10154,10340,13768,13920,14895,14045,22323,22440,22459,5643,8010,17162,20960,6690,11671,24737,212,2754,2919,3174,4056,4532,4997,6225,6226,8461,8501,10184,12935,15690,20006,21879,26213,162,4319,17830,19336
1	1783	28296	10718,30975,4316,10116,31529,4106,8701,8901,10154,10340,13768,13920,14895,14045,22323,22440,22459,5643,8010,17162,20960,6690,11671,24737,212,2754,2919,3174,4056,4532,4997,6225,6226,8461,8501,10184,12935,15690,20006,21879,26213,162,4319,17830,19336,24238
0	1783	6557	10718,30975,4316,10116,31529,4106,8701,8901,10154,10340,13768,13920,14895,14045,22323,22440,22459,5643,8010,17162,20960,6690,11671,24737,212,2754,2919,3174,4056,4532,4997,6225,6226,8461,8501,10184,12935,15690,20006,21879,26213,162,4319,17830,19336,24238,28296
