1	940	5010	0
0	940	32868	5010
1	940	5171	5010
0	940	3984	5010,5171
0	940	5497	5010,5171
0	940	5665	5010,5171
1	940	5342	5010,5171
1	940	5455	5010,5171,5342
0	940	1718	5010,5171,5342,5455
0	940	6324	5010,5171,5342,5455
0	940	5017	5010,5171,5342,5455
0	940	32893	5010,5171,5342,5455
1	940	9433	5010,5171,5342,5455
1	940	7943	5010,5171,5342,5455,9433
1	940	8964	5010,5171,5342,5455,9433,7943
0	940	11082	5010,5171,5342,5455,9433,7943,8964
0	940	12162	5010,5171,5342,5455,9433,7943,8964
0	940	14050	5010,5171,5342,5455,9433,7943,8964
0	940	15707	5010,5171,5342,5455,9433,7943,8964
0	940	15972	5010,5171,5342,5455,9433,7943,8964
0	940	16231	5010,5171,5342,5455,9433,7943,8964
0	940	15475	5010,5171,5342,5455,9433,7943,8964
0	940	15769	5010,5171,5342,5455,9433,7943,8964
0	940	17227	5010,5171,5342,5455,9433,7943,8964
0	940	15942	5010,5171,5342,5455,9433,7943,8964
0	940	16539	5010,5171,5342,5455,9433,7943,8964
0	940	14098	5010,5171,5342,5455,9433,7943,8964
0	940	17637	5010,5171,5342,5455,9433,7943,8964
0	940	11958	5010,5171,5342,5455,9433,7943,8964
0	940	17345	5010,5171,5342,5455,9433,7943,8964
0	940	16105	5010,5171,5342,5455,9433,7943,8964
0	940	11399	5010,5171,5342,5455,9433,7943,8964
0	940	13312	5010,5171,5342,5455,9433,7943,8964
0	940	16764	5010,5171,5342,5455,9433,7943,8964
0	940	13243	5010,5171,5342,5455,9433,7943,8964
0	940	18022	5010,5171,5342,5455,9433,7943,8964
0	940	9986	5010,5171,5342,5455,9433,7943,8964
0	940	22144	5010,5171,5342,5455,9433,7943,8964
0	940	21609	5010,5171,5342,5455,9433,7943,8964
0	940	22748	5010,5171,5342,5455,9433,7943,8964
0	940	10936	5010,5171,5342,5455,9433,7943,8964
0	940	16169	5010,5171,5342,5455,9433,7943,8964
1	940	26170	5010,5171,5342,5455,9433,7943,8964
1	940	25876	5010,5171,5342,5455,9433,7943,8964,26170
0	940	28175	5010,5171,5342,5455,9433,7943,8964,26170,25876
0	940	28930	5010,5171,5342,5455,9433,7943,8964,26170,25876
0	940	7988	5010,5171,5342,5455,9433,7943,8964,26170,25876
0	940	7230	5010,5171,5342,5455,9433,7943,8964,26170,25876
0	940	19929	5010,5171,5342,5455,9433,7943,8964,26170,25876
0	940	29645	5010,5171,5342,5455,9433,7943,8964,26170,25876
0	940	17606	5010,5171,5342,5455,9433,7943,8964,26170,25876
0	940	26057	5010,5171,5342,5455,9433,7943,8964,26170,25876
