0	195	28888	0
0	195	30602	0
0	195	5310	0
0	195	18825	0
0	195	6868	0
0	195	6761	0
0	195	7425	0
0	195	28538	0
0	195	10170	0
0	195	2951	0
0	195	1414	0
1	195	6559	0
0	195	2721	6559
0	195	1500	6559
0	195	14665	6559
0	195	28856	6559
0	195	14655	6559
0	195	9738	6559
0	195	6113	6559
1	195	3288	6559
0	195	3415	6559,3288
0	195	5210	6559,3288
0	195	14829	6559,3288
0	195	2012	6559,3288
0	195	6635	6559,3288
0	195	14359	6559,3288
0	195	8486	6559,3288
0	195	7973	6559,3288
0	195	8570	6559,3288
0	195	18171	6559,3288
1	195	9656	6559,3288
0	195	6750	6559,3288,9656
0	195	30823	6559,3288,9656
0	195	4573	6559,3288,9656
0	195	8953	6559,3288,9656
1	195	20584	6559,3288,9656
0	195	22256	6559,3288,9656,20584
0	195	16744	6559,3288,9656,20584
1	195	14596	6559,3288,9656,20584
0	195	11538	6559,3288,9656,20584,14596
0	195	1904	6559,3288,9656,20584,14596
1	195	32307	6559,3288,9656,20584,14596
0	195	13674	6559,3288,9656,20584,14596,32307
0	195	16748	6559,3288,9656,20584,14596,32307
0	195	828	6559,3288,9656,20584,14596,32307
0	195	3909	6559,3288,9656,20584,14596,32307
1	195	17470	6559,3288,9656,20584,14596,32307
0	195	25231	6559,3288,9656,20584,14596,32307,17470
0	195	659	6559,3288,9656,20584,14596,32307,17470
0	195	17704	6559,3288,9656,20584,14596,32307,17470
0	195	18078	6559,3288,9656,20584,14596,32307,17470
0	195	9559	6559,3288,9656,20584,14596,32307,17470
0	195	4143	6559,3288,9656,20584,14596,32307,17470
