0	450	16215	0
0	450	6841	0
1	450	27688	0
0	450	31331	27688
0	450	519	27688
0	450	814	27688
1	450	4712	27688
1	450	9517	27688,4712
0	450	1359	27688,4712,9517
1	450	7584	27688,4712,9517
0	450	6035	27688,4712,9517,7584
0	450	3227	27688,4712,9517,7584
1	450	6712	27688,4712,9517,7584
1	450	30469	27688,4712,9517,7584,6712
0	450	31934	27688,4712,9517,7584,6712,30469
0	450	4990	27688,4712,9517,7584,6712,30469
0	450	7917	27688,4712,9517,7584,6712,30469
0	450	32348	27688,4712,9517,7584,6712,30469
1	450	7645	27688,4712,9517,7584,6712,30469
0	450	8884	27688,4712,9517,7584,6712,30469,7645
0	450	10561	27688,4712,9517,7584,6712,30469,7645
1	450	5358	27688,4712,9517,7584,6712,30469,7645
1	450	19172	27688,4712,9517,7584,6712,30469,7645,5358
0	450	15448	27688,4712,9517,7584,6712,30469,7645,5358,19172
1	450	10399	27688,4712,9517,7584,6712,30469,7645,5358,19172
1	450	16092	27688,4712,9517,7584,6712,30469,7645,5358,19172,10399
1	450	25473	27688,4712,9517,7584,6712,30469,7645,5358,19172,10399,16092
0	450	19569	27688,4712,9517,7584,6712,30469,7645,5358,19172,10399,16092,25473
0	450	20317	27688,4712,9517,7584,6712,30469,7645,5358,19172,10399,16092,25473
1	450	23143	27688,4712,9517,7584,6712,30469,7645,5358,19172,10399,16092,25473
0	450	23453	27688,4712,9517,7584,6712,30469,7645,5358,19172,10399,16092,25473,23143
1	450	5015	27688,4712,9517,7584,6712,30469,7645,5358,19172,10399,16092,25473,23143
1	450	20070	27688,4712,9517,7584,6712,30469,7645,5358,19172,10399,16092,25473,23143,5015
1	450	142	27688,4712,9517,7584,6712,30469,7645,5358,19172,10399,16092,25473,23143,5015,20070
0	450	17162	27688,4712,9517,7584,6712,30469,7645,5358,19172,10399,16092,25473,23143,5015,20070,142
0	450	11069	27688,4712,9517,7584,6712,30469,7645,5358,19172,10399,16092,25473,23143,5015,20070,142
1	450	6981	27688,4712,9517,7584,6712,30469,7645,5358,19172,10399,16092,25473,23143,5015,20070,142
0	450	19698	27688,4712,9517,7584,6712,30469,7645,5358,19172,10399,16092,25473,23143,5015,20070,142,6981
0	450	17339	27688,4712,9517,7584,6712,30469,7645,5358,19172,10399,16092,25473,23143,5015,20070,142,6981
0	450	32158	27688,4712,9517,7584,6712,30469,7645,5358,19172,10399,16092,25473,23143,5015,20070,142,6981
1	450	30913	27688,4712,9517,7584,6712,30469,7645,5358,19172,10399,16092,25473,23143,5015,20070,142,6981
1	450	33108	27688,4712,9517,7584,6712,30469,7645,5358,19172,10399,16092,25473,23143,5015,20070,142,6981,30913
1	450	20348	27688,4712,9517,7584,6712,30469,7645,5358,19172,10399,16092,25473,23143,5015,20070,142,6981,30913,33108
1	450	403	27688,4712,9517,7584,6712,30469,7645,5358,19172,10399,16092,25473,23143,5015,20070,142,6981,30913,33108,20348
1	450	4369	27688,4712,9517,7584,6712,30469,7645,5358,19172,10399,16092,25473,23143,5015,20070,142,6981,30913,33108,20348,403
1	450	28554	27688,4712,9517,7584,6712,30469,7645,5358,19172,10399,16092,25473,23143,5015,20070,142,6981,30913,33108,20348,403,4369
1	450	9473	27688,4712,9517,7584,6712,30469,7645,5358,19172,10399,16092,25473,23143,5015,20070,142,6981,30913,33108,20348,403,4369,28554
1	450	26019	27688,4712,9517,7584,6712,30469,7645,5358,19172,10399,16092,25473,23143,5015,20070,142,6981,30913,33108,20348,403,4369,28554,9473
0	450	11313	27688,4712,9517,7584,6712,30469,7645,5358,19172,10399,16092,25473,23143,5015,20070,142,6981,30913,33108,20348,403,4369,28554,9473,26019
0	450	29310	27688,4712,9517,7584,6712,30469,7645,5358,19172,10399,16092,25473,23143,5015,20070,142,6981,30913,33108,20348,403,4369,28554,9473,26019
