0	1472	32640	0
0	1472	511	0
0	1472	4588	0
1	1472	4685	0
0	1472	4577	4685
1	1472	4495	4685
1	1472	32406	4685,4495
1	1472	5693	4685,4495,32406
0	1472	5955	4685,4495,32406,5693
0	1472	8339	4685,4495,32406,5693
0	1472	8941	4685,4495,32406,5693
0	1472	25111	4685,4495,32406,5693
0	1472	6882	4685,4495,32406,5693
0	1472	5740	4685,4495,32406,5693
1	1472	8162	4685,4495,32406,5693
0	1472	7780	4685,4495,32406,5693,8162
0	1472	8309	4685,4495,32406,5693,8162
0	1472	8039	4685,4495,32406,5693,8162
0	1472	276	4685,4495,32406,5693,8162
0	1472	12672	4685,4495,32406,5693,8162
0	1472	12074	4685,4495,32406,5693,8162
0	1472	1740	4685,4495,32406,5693,8162
0	1472	12462	4685,4495,32406,5693,8162
0	1472	19025	4685,4495,32406,5693,8162
0	1472	11110	4685,4495,32406,5693,8162
0	1472	13935	4685,4495,32406,5693,8162
0	1472	1775	4685,4495,32406,5693,8162
0	1472	18222	4685,4495,32406,5693,8162
0	1472	3545	4685,4495,32406,5693,8162
0	1472	18080	4685,4495,32406,5693,8162
0	1472	19668	4685,4495,32406,5693,8162
0	1472	19896	4685,4495,32406,5693,8162
0	1472	23452	4685,4495,32406,5693,8162
0	1472	23453	4685,4495,32406,5693,8162
0	1472	24795	4685,4495,32406,5693,8162
0	1472	9280	4685,4495,32406,5693,8162
1	1472	25658	4685,4495,32406,5693,8162
0	1472	27088	4685,4495,32406,5693,8162,25658
1	1472	25659	4685,4495,32406,5693,8162,25658
1	1472	26534	4685,4495,32406,5693,8162,25658,25659
0	1472	2587	4685,4495,32406,5693,8162,25658,25659,26534
0	1472	21627	4685,4495,32406,5693,8162,25658,25659,26534
1	1472	23143	4685,4495,32406,5693,8162,25658,25659,26534
0	1472	27444	4685,4495,32406,5693,8162,25658,25659,26534,23143
0	1472	27097	4685,4495,32406,5693,8162,25658,25659,26534,23143
0	1472	6571	4685,4495,32406,5693,8162,25658,25659,26534,23143
1	1472	12710	4685,4495,32406,5693,8162,25658,25659,26534,23143
0	1472	22532	4685,4495,32406,5693,8162,25658,25659,26534,23143,12710
0	1472	24048	4685,4495,32406,5693,8162,25658,25659,26534,23143,12710
0	1472	27502	4685,4495,32406,5693,8162,25658,25659,26534,23143,12710
0	1472	11544	4685,4495,32406,5693,8162,25658,25659,26534,23143,12710
0	1472	28649	4685,4495,32406,5693,8162,25658,25659,26534,23143,12710
0	1472	28665	4685,4495,32406,5693,8162,25658,25659,26534,23143,12710
0	1472	29099	4685,4495,32406,5693,8162,25658,25659,26534,23143,12710
0	1472	29274	4685,4495,32406,5693,8162,25658,25659,26534,23143,12710
