1	103	24594	0
1	103	32885	24594
1	103	1418	24594,32885
1	103	2023	24594,32885,1418
1	103	18858	24594,32885,1418,2023
1	103	30981	24594,32885,1418,2023,18858
1	103	4387	24594,32885,1418,2023,18858,30981
1	103	9411	24594,32885,1418,2023,18858,30981,4387
1	103	20808	24594,32885,1418,2023,18858,30981,4387,9411
0	103	11752	24594,32885,1418,2023,18858,30981,4387,9411,20808
0	103	2891	24594,32885,1418,2023,18858,30981,4387,9411,20808
1	103	13708	24594,32885,1418,2023,18858,30981,4387,9411,20808
1	103	4472	24594,32885,1418,2023,18858,30981,4387,9411,20808,13708
