0	193	28538	0
0	193	1001	0
1	193	2337	0
1	193	4556	2337
1	193	9824	2337,4556
1	193	12047	2337,4556,9824
1	193	13678	2337,4556,9824,12047
0	193	14867	2337,4556,9824,12047,13678
1	193	23611	2337,4556,9824,12047,13678
1	193	31455	2337,4556,9824,12047,13678,23611
0	193	10477	2337,4556,9824,12047,13678,23611,31455
1	193	18951	2337,4556,9824,12047,13678,23611,31455
1	193	20574	2337,4556,9824,12047,13678,23611,31455,18951
1	193	20596	2337,4556,9824,12047,13678,23611,31455,18951,20574
1	193	26921	2337,4556,9824,12047,13678,23611,31455,18951,20574,20596
0	193	22639	2337,4556,9824,12047,13678,23611,31455,18951,20574,20596,26921
