1	1381	21645	0
1	1381	30375	21645
1	1381	32078	21645,30375
1	1381	30898	21645,30375,32078
1	1381	31044	21645,30375,32078,30898
1	1381	31659	21645,30375,32078,30898,31044
0	1381	3583	21645,30375,32078,30898,31044,31659
1	1381	4319	21645,30375,32078,30898,31044,31659
0	1381	5732	21645,30375,32078,30898,31044,31659,4319
0	1381	3591	21645,30375,32078,30898,31044,31659,4319
1	1381	6333	21645,30375,32078,30898,31044,31659,4319
1	1381	7732	21645,30375,32078,30898,31044,31659,4319,6333
1	1381	8308	21645,30375,32078,30898,31044,31659,4319,6333,7732
1	1381	9230	21645,30375,32078,30898,31044,31659,4319,6333,7732,8308
1	1381	10721	21645,30375,32078,30898,31044,31659,4319,6333,7732,8308,9230
0	1381	8334	21645,30375,32078,30898,31044,31659,4319,6333,7732,8308,9230,10721
1	1381	13182	21645,30375,32078,30898,31044,31659,4319,6333,7732,8308,9230,10721
1	1381	7229	21645,30375,32078,30898,31044,31659,4319,6333,7732,8308,9230,10721,13182
1	1381	11120	21645,30375,32078,30898,31044,31659,4319,6333,7732,8308,9230,10721,13182,7229
1	1381	14483	21645,30375,32078,30898,31044,31659,4319,6333,7732,8308,9230,10721,13182,7229,11120
0	1381	15203	21645,30375,32078,30898,31044,31659,4319,6333,7732,8308,9230,10721,13182,7229,11120,14483
1	1381	11842	21645,30375,32078,30898,31044,31659,4319,6333,7732,8308,9230,10721,13182,7229,11120,14483
1	1381	4410	21645,30375,32078,30898,31044,31659,4319,6333,7732,8308,9230,10721,13182,7229,11120,14483,11842
1	1381	4780	21645,30375,32078,30898,31044,31659,4319,6333,7732,8308,9230,10721,13182,7229,11120,14483,11842,4410
1	1381	6800	21645,30375,32078,30898,31044,31659,4319,6333,7732,8308,9230,10721,13182,7229,11120,14483,11842,4410,4780
1	1381	12911	21645,30375,32078,30898,31044,31659,4319,6333,7732,8308,9230,10721,13182,7229,11120,14483,11842,4410,4780,6800
0	1381	12454	21645,30375,32078,30898,31044,31659,4319,6333,7732,8308,9230,10721,13182,7229,11120,14483,11842,4410,4780,6800,12911
0	1381	14760	21645,30375,32078,30898,31044,31659,4319,6333,7732,8308,9230,10721,13182,7229,11120,14483,11842,4410,4780,6800,12911
0	1381	15944	21645,30375,32078,30898,31044,31659,4319,6333,7732,8308,9230,10721,13182,7229,11120,14483,11842,4410,4780,6800,12911
0	1381	19794	21645,30375,32078,30898,31044,31659,4319,6333,7732,8308,9230,10721,13182,7229,11120,14483,11842,4410,4780,6800,12911
1	1381	20211	21645,30375,32078,30898,31044,31659,4319,6333,7732,8308,9230,10721,13182,7229,11120,14483,11842,4410,4780,6800,12911
1	1381	3691	21645,30375,32078,30898,31044,31659,4319,6333,7732,8308,9230,10721,13182,7229,11120,14483,11842,4410,4780,6800,12911,20211
1	1381	7758	21645,30375,32078,30898,31044,31659,4319,6333,7732,8308,9230,10721,13182,7229,11120,14483,11842,4410,4780,6800,12911,20211,3691
0	1381	21609	21645,30375,32078,30898,31044,31659,4319,6333,7732,8308,9230,10721,13182,7229,11120,14483,11842,4410,4780,6800,12911,20211,3691,7758
0	1381	21799	21645,30375,32078,30898,31044,31659,4319,6333,7732,8308,9230,10721,13182,7229,11120,14483,11842,4410,4780,6800,12911,20211,3691,7758
1	1381	20980	21645,30375,32078,30898,31044,31659,4319,6333,7732,8308,9230,10721,13182,7229,11120,14483,11842,4410,4780,6800,12911,20211,3691,7758
0	1381	22399	21645,30375,32078,30898,31044,31659,4319,6333,7732,8308,9230,10721,13182,7229,11120,14483,11842,4410,4780,6800,12911,20211,3691,7758,20980
1	1381	21504	21645,30375,32078,30898,31044,31659,4319,6333,7732,8308,9230,10721,13182,7229,11120,14483,11842,4410,4780,6800,12911,20211,3691,7758,20980
0	1381	19910	21645,30375,32078,30898,31044,31659,4319,6333,7732,8308,9230,10721,13182,7229,11120,14483,11842,4410,4780,6800,12911,20211,3691,7758,20980,21504
0	1381	12075	21645,30375,32078,30898,31044,31659,4319,6333,7732,8308,9230,10721,13182,7229,11120,14483,11842,4410,4780,6800,12911,20211,3691,7758,20980,21504
1	1381	1505	21645,30375,32078,30898,31044,31659,4319,6333,7732,8308,9230,10721,13182,7229,11120,14483,11842,4410,4780,6800,12911,20211,3691,7758,20980,21504
0	1381	25839	21645,30375,32078,30898,31044,31659,4319,6333,7732,8308,9230,10721,13182,7229,11120,14483,11842,4410,4780,6800,12911,20211,3691,7758,20980,21504,1505
1	1381	24744	21645,30375,32078,30898,31044,31659,4319,6333,7732,8308,9230,10721,13182,7229,11120,14483,11842,4410,4780,6800,12911,20211,3691,7758,20980,21504,1505
1	1381	837	21645,30375,32078,30898,31044,31659,4319,6333,7732,8308,9230,10721,13182,7229,11120,14483,11842,4410,4780,6800,12911,20211,3691,7758,20980,21504,1505,24744
1	1381	23389	21645,30375,32078,30898,31044,31659,4319,6333,7732,8308,9230,10721,13182,7229,11120,14483,11842,4410,4780,6800,12911,20211,3691,7758,20980,21504,1505,24744,837
0	1381	26583	21645,30375,32078,30898,31044,31659,4319,6333,7732,8308,9230,10721,13182,7229,11120,14483,11842,4410,4780,6800,12911,20211,3691,7758,20980,21504,1505,24744,837,23389
1	1381	25847	21645,30375,32078,30898,31044,31659,4319,6333,7732,8308,9230,10721,13182,7229,11120,14483,11842,4410,4780,6800,12911,20211,3691,7758,20980,21504,1505,24744,837,23389
1	1381	11331	21645,30375,32078,30898,31044,31659,4319,6333,7732,8308,9230,10721,13182,7229,11120,14483,11842,4410,4780,6800,12911,20211,3691,7758,20980,21504,1505,24744,837,23389,25847
1	1381	27229	21645,30375,32078,30898,31044,31659,4319,6333,7732,8308,9230,10721,13182,7229,11120,14483,11842,4410,4780,6800,12911,20211,3691,7758,20980,21504,1505,24744,837,23389,25847,11331
1	1381	21831	21645,30375,32078,30898,31044,31659,4319,6333,7732,8308,9230,10721,13182,7229,11120,14483,11842,4410,4780,6800,12911,20211,3691,7758,20980,21504,1505,24744,837,23389,25847,11331,27229
1	1381	22302	21645,30375,32078,30898,31044,31659,4319,6333,7732,8308,9230,10721,13182,7229,11120,14483,11842,4410,4780,6800,12911,20211,3691,7758,20980,21504,1505,24744,837,23389,25847,11331,27229,21831
1	1381	27212	21645,30375,32078,30898,31044,31659,4319,6333,7732,8308,9230,10721,13182,7229,11120,14483,11842,4410,4780,6800,12911,20211,3691,7758,20980,21504,1505,24744,837,23389,25847,11331,27229,21831,22302
1	1381	28927	21645,30375,32078,30898,31044,31659,4319,6333,7732,8308,9230,10721,13182,7229,11120,14483,11842,4410,4780,6800,12911,20211,3691,7758,20980,21504,1505,24744,837,23389,25847,11331,27229,21831,22302,27212
