0	1112	24380	0
0	1112	9129	0
1	1112	28433	0
1	1112	32125	28433
1	1112	13084	28433,32125
1	1112	7841	28433,32125,13084
1	1112	32717	28433,32125,13084,7841
1	1112	117	28433,32125,13084,7841,32717
0	1112	1989	28433,32125,13084,7841,32717,117
0	1112	2258	28433,32125,13084,7841,32717,117
0	1112	31423	28433,32125,13084,7841,32717,117
0	1112	4526	28433,32125,13084,7841,32717,117
1	1112	23986	28433,32125,13084,7841,32717,117
1	1112	33025	28433,32125,13084,7841,32717,117,23986
0	1112	5625	28433,32125,13084,7841,32717,117,23986,33025
1	1112	1121	28433,32125,13084,7841,32717,117,23986,33025
1	1112	5112	28433,32125,13084,7841,32717,117,23986,33025,1121
1	1112	1034	28433,32125,13084,7841,32717,117,23986,33025,1121,5112
1	1112	6976	28433,32125,13084,7841,32717,117,23986,33025,1121,5112,1034
0	1112	31088	28433,32125,13084,7841,32717,117,23986,33025,1121,5112,1034,6976
1	1112	7493	28433,32125,13084,7841,32717,117,23986,33025,1121,5112,1034,6976
1	1112	695	28433,32125,13084,7841,32717,117,23986,33025,1121,5112,1034,6976,7493
1	1112	6784	28433,32125,13084,7841,32717,117,23986,33025,1121,5112,1034,6976,7493,695
0	1112	8330	28433,32125,13084,7841,32717,117,23986,33025,1121,5112,1034,6976,7493,695,6784
0	1112	8227	28433,32125,13084,7841,32717,117,23986,33025,1121,5112,1034,6976,7493,695,6784
0	1112	5296	28433,32125,13084,7841,32717,117,23986,33025,1121,5112,1034,6976,7493,695,6784
1	1112	8929	28433,32125,13084,7841,32717,117,23986,33025,1121,5112,1034,6976,7493,695,6784
1	1112	32134	28433,32125,13084,7841,32717,117,23986,33025,1121,5112,1034,6976,7493,695,6784,8929
1	1112	7175	28433,32125,13084,7841,32717,117,23986,33025,1121,5112,1034,6976,7493,695,6784,8929,32134
0	1112	9428	28433,32125,13084,7841,32717,117,23986,33025,1121,5112,1034,6976,7493,695,6784,8929,32134,7175
0	1112	10052	28433,32125,13084,7841,32717,117,23986,33025,1121,5112,1034,6976,7493,695,6784,8929,32134,7175
0	1112	9895	28433,32125,13084,7841,32717,117,23986,33025,1121,5112,1034,6976,7493,695,6784,8929,32134,7175
0	1112	9462	28433,32125,13084,7841,32717,117,23986,33025,1121,5112,1034,6976,7493,695,6784,8929,32134,7175
0	1112	9616	28433,32125,13084,7841,32717,117,23986,33025,1121,5112,1034,6976,7493,695,6784,8929,32134,7175
0	1112	13215	28433,32125,13084,7841,32717,117,23986,33025,1121,5112,1034,6976,7493,695,6784,8929,32134,7175
1	1112	14149	28433,32125,13084,7841,32717,117,23986,33025,1121,5112,1034,6976,7493,695,6784,8929,32134,7175
1	1112	31440	28433,32125,13084,7841,32717,117,23986,33025,1121,5112,1034,6976,7493,695,6784,8929,32134,7175,14149
0	1112	11954	28433,32125,13084,7841,32717,117,23986,33025,1121,5112,1034,6976,7493,695,6784,8929,32134,7175,14149,31440
1	1112	15674	28433,32125,13084,7841,32717,117,23986,33025,1121,5112,1034,6976,7493,695,6784,8929,32134,7175,14149,31440
0	1112	4979	28433,32125,13084,7841,32717,117,23986,33025,1121,5112,1034,6976,7493,695,6784,8929,32134,7175,14149,31440,15674
1	1112	18972	28433,32125,13084,7841,32717,117,23986,33025,1121,5112,1034,6976,7493,695,6784,8929,32134,7175,14149,31440,15674
1	1112	18875	28433,32125,13084,7841,32717,117,23986,33025,1121,5112,1034,6976,7493,695,6784,8929,32134,7175,14149,31440,15674,18972
0	1112	19793	28433,32125,13084,7841,32717,117,23986,33025,1121,5112,1034,6976,7493,695,6784,8929,32134,7175,14149,31440,15674,18972,18875
0	1112	19642	28433,32125,13084,7841,32717,117,23986,33025,1121,5112,1034,6976,7493,695,6784,8929,32134,7175,14149,31440,15674,18972,18875
0	1112	20937	28433,32125,13084,7841,32717,117,23986,33025,1121,5112,1034,6976,7493,695,6784,8929,32134,7175,14149,31440,15674,18972,18875
1	1112	19334	28433,32125,13084,7841,32717,117,23986,33025,1121,5112,1034,6976,7493,695,6784,8929,32134,7175,14149,31440,15674,18972,18875
0	1112	19735	28433,32125,13084,7841,32717,117,23986,33025,1121,5112,1034,6976,7493,695,6784,8929,32134,7175,14149,31440,15674,18972,18875,19334
1	1112	23490	28433,32125,13084,7841,32717,117,23986,33025,1121,5112,1034,6976,7493,695,6784,8929,32134,7175,14149,31440,15674,18972,18875,19334
0	1112	19682	28433,32125,13084,7841,32717,117,23986,33025,1121,5112,1034,6976,7493,695,6784,8929,32134,7175,14149,31440,15674,18972,18875,19334,23490
0	1112	24547	28433,32125,13084,7841,32717,117,23986,33025,1121,5112,1034,6976,7493,695,6784,8929,32134,7175,14149,31440,15674,18972,18875,19334,23490
0	1112	25479	28433,32125,13084,7841,32717,117,23986,33025,1121,5112,1034,6976,7493,695,6784,8929,32134,7175,14149,31440,15674,18972,18875,19334,23490
