1	167	5626	0
0	167	5107	5626
1	167	11154	5626
1	167	13265	5626,11154
1	167	24674	5626,11154,13265
1	167	9934	5626,11154,13265,24674
1	167	23562	5626,11154,13265,24674,9934
1	167	28420	5626,11154,13265,24674,9934,23562
1	167	1170	5626,11154,13265,24674,9934,23562,28420
1	167	3842	5626,11154,13265,24674,9934,23562,28420,1170
1	167	9970	5626,11154,13265,24674,9934,23562,28420,1170,3842
1	167	16016	5626,11154,13265,24674,9934,23562,28420,1170,3842,9970
1	167	16458	5626,11154,13265,24674,9934,23562,28420,1170,3842,9970,16016
1	167	17162	5626,11154,13265,24674,9934,23562,28420,1170,3842,9970,16016,16458
0	167	17567	5626,11154,13265,24674,9934,23562,28420,1170,3842,9970,16016,16458,17162
1	167	21552	5626,11154,13265,24674,9934,23562,28420,1170,3842,9970,16016,16458,17162
1	167	23795	5626,11154,13265,24674,9934,23562,28420,1170,3842,9970,16016,16458,17162,21552
1	167	28048	5626,11154,13265,24674,9934,23562,28420,1170,3842,9970,16016,16458,17162,21552,23795
1	167	12152	5626,11154,13265,24674,9934,23562,28420,1170,3842,9970,16016,16458,17162,21552,23795,28048
1	167	1505	5626,11154,13265,24674,9934,23562,28420,1170,3842,9970,16016,16458,17162,21552,23795,28048,12152
1	167	3038	5626,11154,13265,24674,9934,23562,28420,1170,3842,9970,16016,16458,17162,21552,23795,28048,12152,1505
0	167	5683	5626,11154,13265,24674,9934,23562,28420,1170,3842,9970,16016,16458,17162,21552,23795,28048,12152,1505,3038
1	167	6074	5626,11154,13265,24674,9934,23562,28420,1170,3842,9970,16016,16458,17162,21552,23795,28048,12152,1505,3038
0	167	7432	5626,11154,13265,24674,9934,23562,28420,1170,3842,9970,16016,16458,17162,21552,23795,28048,12152,1505,3038,6074
1	167	8993	5626,11154,13265,24674,9934,23562,28420,1170,3842,9970,16016,16458,17162,21552,23795,28048,12152,1505,3038,6074
1	167	10858	5626,11154,13265,24674,9934,23562,28420,1170,3842,9970,16016,16458,17162,21552,23795,28048,12152,1505,3038,6074,8993
1	167	14811	5626,11154,13265,24674,9934,23562,28420,1170,3842,9970,16016,16458,17162,21552,23795,28048,12152,1505,3038,6074,8993,10858
1	167	10043	5626,11154,13265,24674,9934,23562,28420,1170,3842,9970,16016,16458,17162,21552,23795,28048,12152,1505,3038,6074,8993,10858,14811
1	167	16407	5626,11154,13265,24674,9934,23562,28420,1170,3842,9970,16016,16458,17162,21552,23795,28048,12152,1505,3038,6074,8993,10858,14811,10043
1	167	24667	5626,11154,13265,24674,9934,23562,28420,1170,3842,9970,16016,16458,17162,21552,23795,28048,12152,1505,3038,6074,8993,10858,14811,10043,16407
1	167	20302	5626,11154,13265,24674,9934,23562,28420,1170,3842,9970,16016,16458,17162,21552,23795,28048,12152,1505,3038,6074,8993,10858,14811,10043,16407,24667
1	167	25396	5626,11154,13265,24674,9934,23562,28420,1170,3842,9970,16016,16458,17162,21552,23795,28048,12152,1505,3038,6074,8993,10858,14811,10043,16407,24667,20302
1	167	27697	5626,11154,13265,24674,9934,23562,28420,1170,3842,9970,16016,16458,17162,21552,23795,28048,12152,1505,3038,6074,8993,10858,14811,10043,16407,24667,20302,25396
1	167	6225	5626,11154,13265,24674,9934,23562,28420,1170,3842,9970,16016,16458,17162,21552,23795,28048,12152,1505,3038,6074,8993,10858,14811,10043,16407,24667,20302,25396,27697
1	167	15049	5626,11154,13265,24674,9934,23562,28420,1170,3842,9970,16016,16458,17162,21552,23795,28048,12152,1505,3038,6074,8993,10858,14811,10043,16407,24667,20302,25396,27697,6225
