1	168	1196	0
0	168	3954	1196
0	168	3968	1196
1	168	4626	1196
0	168	6518	1196,4626
0	168	5924	1196,4626
1	168	8396	1196,4626
1	168	7789	1196,4626,8396
0	168	6696	1196,4626,8396,7789
0	168	7714	1196,4626,8396,7789
1	168	10741	1196,4626,8396,7789
0	168	8936	1196,4626,8396,7789,10741
0	168	10540	1196,4626,8396,7789,10741
0	168	11041	1196,4626,8396,7789,10741
1	168	17061	1196,4626,8396,7789,10741
1	168	19646	1196,4626,8396,7789,10741,17061
1	168	18540	1196,4626,8396,7789,10741,17061,19646
0	168	17879	1196,4626,8396,7789,10741,17061,19646,18540
0	168	18402	1196,4626,8396,7789,10741,17061,19646,18540
0	168	22228	1196,4626,8396,7789,10741,17061,19646,18540
0	168	21101	1196,4626,8396,7789,10741,17061,19646,18540
1	168	19683	1196,4626,8396,7789,10741,17061,19646,18540
0	168	22816	1196,4626,8396,7789,10741,17061,19646,18540,19683
1	168	22349	1196,4626,8396,7789,10741,17061,19646,18540,19683
0	168	22217	1196,4626,8396,7789,10741,17061,19646,18540,19683,22349
0	168	22817	1196,4626,8396,7789,10741,17061,19646,18540,19683,22349
1	168	20790	1196,4626,8396,7789,10741,17061,19646,18540,19683,22349
0	168	15219	1196,4626,8396,7789,10741,17061,19646,18540,19683,22349,20790
0	168	19682	1196,4626,8396,7789,10741,17061,19646,18540,19683,22349,20790
0	168	23146	1196,4626,8396,7789,10741,17061,19646,18540,19683,22349,20790
1	168	24360	1196,4626,8396,7789,10741,17061,19646,18540,19683,22349,20790
1	168	25776	1196,4626,8396,7789,10741,17061,19646,18540,19683,22349,20790,24360
0	168	25524	1196,4626,8396,7789,10741,17061,19646,18540,19683,22349,20790,24360,25776
0	168	24561	1196,4626,8396,7789,10741,17061,19646,18540,19683,22349,20790,24360,25776
0	168	25994	1196,4626,8396,7789,10741,17061,19646,18540,19683,22349,20790,24360,25776
1	168	27077	1196,4626,8396,7789,10741,17061,19646,18540,19683,22349,20790,24360,25776
0	168	24020	1196,4626,8396,7789,10741,17061,19646,18540,19683,22349,20790,24360,25776,27077
0	168	23477	1196,4626,8396,7789,10741,17061,19646,18540,19683,22349,20790,24360,25776,27077
0	168	27369	1196,4626,8396,7789,10741,17061,19646,18540,19683,22349,20790,24360,25776,27077
0	168	27379	1196,4626,8396,7789,10741,17061,19646,18540,19683,22349,20790,24360,25776,27077
0	168	24889	1196,4626,8396,7789,10741,17061,19646,18540,19683,22349,20790,24360,25776,27077
0	168	26178	1196,4626,8396,7789,10741,17061,19646,18540,19683,22349,20790,24360,25776,27077
0	168	26837	1196,4626,8396,7789,10741,17061,19646,18540,19683,22349,20790,24360,25776,27077
0	168	26839	1196,4626,8396,7789,10741,17061,19646,18540,19683,22349,20790,24360,25776,27077
1	168	28281	1196,4626,8396,7789,10741,17061,19646,18540,19683,22349,20790,24360,25776,27077
1	168	28279	1196,4626,8396,7789,10741,17061,19646,18540,19683,22349,20790,24360,25776,27077,28281
0	168	28004	1196,4626,8396,7789,10741,17061,19646,18540,19683,22349,20790,24360,25776,27077,28281,28279
1	168	29329	1196,4626,8396,7789,10741,17061,19646,18540,19683,22349,20790,24360,25776,27077,28281,28279
