1	866	32834	0
0	866	7155	32834
0	866	1331	32834
0	866	4390	32834
1	866	4069	32834
0	866	4633	32834,4069
1	866	8960	32834,4069
1	866	11473	32834,4069,8960
0	866	9725	32834,4069,8960,11473
1	866	7634	32834,4069,8960,11473
1	866	9904	32834,4069,8960,11473,7634
0	866	10684	32834,4069,8960,11473,7634,9904
1	866	13215	32834,4069,8960,11473,7634,9904
1	866	10302	32834,4069,8960,11473,7634,9904,13215
1	866	13619	32834,4069,8960,11473,7634,9904,13215,10302
1	866	2891	32834,4069,8960,11473,7634,9904,13215,10302,13619
0	866	15337	32834,4069,8960,11473,7634,9904,13215,10302,13619,2891
1	866	16062	32834,4069,8960,11473,7634,9904,13215,10302,13619,2891
1	866	19705	32834,4069,8960,11473,7634,9904,13215,10302,13619,2891,16062
1	866	17462	32834,4069,8960,11473,7634,9904,13215,10302,13619,2891,16062,19705
1	866	19251	32834,4069,8960,11473,7634,9904,13215,10302,13619,2891,16062,19705,17462
1	866	19041	32834,4069,8960,11473,7634,9904,13215,10302,13619,2891,16062,19705,17462,19251
1	866	20053	32834,4069,8960,11473,7634,9904,13215,10302,13619,2891,16062,19705,17462,19251,19041
1	866	22099	32834,4069,8960,11473,7634,9904,13215,10302,13619,2891,16062,19705,17462,19251,19041,20053
0	866	21957	32834,4069,8960,11473,7634,9904,13215,10302,13619,2891,16062,19705,17462,19251,19041,20053,22099
1	866	20785	32834,4069,8960,11473,7634,9904,13215,10302,13619,2891,16062,19705,17462,19251,19041,20053,22099
1	866	22803	32834,4069,8960,11473,7634,9904,13215,10302,13619,2891,16062,19705,17462,19251,19041,20053,22099,20785
1	866	14473	32834,4069,8960,11473,7634,9904,13215,10302,13619,2891,16062,19705,17462,19251,19041,20053,22099,20785,22803
1	866	24663	32834,4069,8960,11473,7634,9904,13215,10302,13619,2891,16062,19705,17462,19251,19041,20053,22099,20785,22803,14473
1	866	23804	32834,4069,8960,11473,7634,9904,13215,10302,13619,2891,16062,19705,17462,19251,19041,20053,22099,20785,22803,14473,24663
0	866	20088	32834,4069,8960,11473,7634,9904,13215,10302,13619,2891,16062,19705,17462,19251,19041,20053,22099,20785,22803,14473,24663,23804
1	866	19145	32834,4069,8960,11473,7634,9904,13215,10302,13619,2891,16062,19705,17462,19251,19041,20053,22099,20785,22803,14473,24663,23804
1	866	19418	32834,4069,8960,11473,7634,9904,13215,10302,13619,2891,16062,19705,17462,19251,19041,20053,22099,20785,22803,14473,24663,23804,19145
1	866	23768	32834,4069,8960,11473,7634,9904,13215,10302,13619,2891,16062,19705,17462,19251,19041,20053,22099,20785,22803,14473,24663,23804,19145,19418
1	866	24763	32834,4069,8960,11473,7634,9904,13215,10302,13619,2891,16062,19705,17462,19251,19041,20053,22099,20785,22803,14473,24663,23804,19145,19418,23768
0	866	24561	32834,4069,8960,11473,7634,9904,13215,10302,13619,2891,16062,19705,17462,19251,19041,20053,22099,20785,22803,14473,24663,23804,19145,19418,23768,24763
1	866	19420	32834,4069,8960,11473,7634,9904,13215,10302,13619,2891,16062,19705,17462,19251,19041,20053,22099,20785,22803,14473,24663,23804,19145,19418,23768,24763
1	866	25132	32834,4069,8960,11473,7634,9904,13215,10302,13619,2891,16062,19705,17462,19251,19041,20053,22099,20785,22803,14473,24663,23804,19145,19418,23768,24763,19420
1	866	26671	32834,4069,8960,11473,7634,9904,13215,10302,13619,2891,16062,19705,17462,19251,19041,20053,22099,20785,22803,14473,24663,23804,19145,19418,23768,24763,19420,25132
0	866	25711	32834,4069,8960,11473,7634,9904,13215,10302,13619,2891,16062,19705,17462,19251,19041,20053,22099,20785,22803,14473,24663,23804,19145,19418,23768,24763,19420,25132,26671
1	866	27770	32834,4069,8960,11473,7634,9904,13215,10302,13619,2891,16062,19705,17462,19251,19041,20053,22099,20785,22803,14473,24663,23804,19145,19418,23768,24763,19420,25132,26671
1	866	26409	32834,4069,8960,11473,7634,9904,13215,10302,13619,2891,16062,19705,17462,19251,19041,20053,22099,20785,22803,14473,24663,23804,19145,19418,23768,24763,19420,25132,26671,27770
1	866	27731	32834,4069,8960,11473,7634,9904,13215,10302,13619,2891,16062,19705,17462,19251,19041,20053,22099,20785,22803,14473,24663,23804,19145,19418,23768,24763,19420,25132,26671,27770,26409
1	866	29242	32834,4069,8960,11473,7634,9904,13215,10302,13619,2891,16062,19705,17462,19251,19041,20053,22099,20785,22803,14473,24663,23804,19145,19418,23768,24763,19420,25132,26671,27770,26409,27731
