0	231	4021	0
0	231	2211	0
0	231	5169	0
0	231	4874	0
1	231	6303	0
0	231	7380	6303
0	231	7033	6303
0	231	9462	6303
0	231	9724	6303
0	231	12150	6303
0	231	9936	6303
0	231	13326	6303
0	231	13434	6303
0	231	9059	6303
0	231	14145	6303
1	231	12390	6303
0	231	15220	6303,12390
0	231	15092	6303,12390
0	231	15218	6303,12390
0	231	16458	6303,12390
0	231	14495	6303,12390
0	231	18671	6303,12390
1	231	10969	6303,12390
0	231	18675	6303,12390,10969
0	231	20387	6303,12390,10969
0	231	17679	6303,12390,10969
0	231	22748	6303,12390,10969
0	231	23451	6303,12390,10969
0	231	15214	6303,12390,10969
0	231	23768	6303,12390,10969
0	231	20625	6303,12390,10969
0	231	21578	6303,12390,10969
0	231	23780	6303,12390,10969
0	231	26196	6303,12390,10969
0	231	27484	6303,12390,10969
0	231	10601	6303,12390,10969
0	231	26750	6303,12390,10969
0	231	27638	6303,12390,10969
0	231	28728	6303,12390,10969
1	231	11544	6303,12390,10969
1	231	18531	6303,12390,10969,11544
