1	27	32581	0
1	27	11473	32581
1	27	10736	32581,11473
1	27	9905	32581,11473,10736
1	27	13878	32581,11473,10736,9905
1	27	1740	32581,11473,10736,9905,13878
0	27	8575	32581,11473,10736,9905,13878,1740
0	27	13172	32581,11473,10736,9905,13878,1740
0	27	14119	32581,11473,10736,9905,13878,1740
0	27	15320	32581,11473,10736,9905,13878,1740
0	27	13617	32581,11473,10736,9905,13878,1740
1	27	14056	32581,11473,10736,9905,13878,1740
1	27	13140	32581,11473,10736,9905,13878,1740,14056
1	27	18622	32581,11473,10736,9905,13878,1740,14056,13140
0	27	19274	32581,11473,10736,9905,13878,1740,14056,13140,18622
1	27	9434	32581,11473,10736,9905,13878,1740,14056,13140,18622
0	27	19176	32581,11473,10736,9905,13878,1740,14056,13140,18622,9434
1	27	16672	32581,11473,10736,9905,13878,1740,14056,13140,18622,9434
0	27	19569	32581,11473,10736,9905,13878,1740,14056,13140,18622,9434,16672
0	27	21063	32581,11473,10736,9905,13878,1740,14056,13140,18622,9434,16672
1	27	20085	32581,11473,10736,9905,13878,1740,14056,13140,18622,9434,16672
1	27	23490	32581,11473,10736,9905,13878,1740,14056,13140,18622,9434,16672,20085
1	27	19030	32581,11473,10736,9905,13878,1740,14056,13140,18622,9434,16672,20085,23490
1	27	22967	32581,11473,10736,9905,13878,1740,14056,13140,18622,9434,16672,20085,23490,19030
0	27	23127	32581,11473,10736,9905,13878,1740,14056,13140,18622,9434,16672,20085,23490,19030,22967
1	27	22111	32581,11473,10736,9905,13878,1740,14056,13140,18622,9434,16672,20085,23490,19030,22967
0	27	20088	32581,11473,10736,9905,13878,1740,14056,13140,18622,9434,16672,20085,23490,19030,22967,22111
0	27	24188	32581,11473,10736,9905,13878,1740,14056,13140,18622,9434,16672,20085,23490,19030,22967,22111
0	27	19418	32581,11473,10736,9905,13878,1740,14056,13140,18622,9434,16672,20085,23490,19030,22967,22111
0	27	24035	32581,11473,10736,9905,13878,1740,14056,13140,18622,9434,16672,20085,23490,19030,22967,22111
0	27	25038	32581,11473,10736,9905,13878,1740,14056,13140,18622,9434,16672,20085,23490,19030,22967,22111
0	27	15221	32581,11473,10736,9905,13878,1740,14056,13140,18622,9434,16672,20085,23490,19030,22967,22111
1	27	23153	32581,11473,10736,9905,13878,1740,14056,13140,18622,9434,16672,20085,23490,19030,22967,22111
0	27	24784	32581,11473,10736,9905,13878,1740,14056,13140,18622,9434,16672,20085,23490,19030,22967,22111,23153
0	27	24795	32581,11473,10736,9905,13878,1740,14056,13140,18622,9434,16672,20085,23490,19030,22967,22111,23153
1	27	23449	32581,11473,10736,9905,13878,1740,14056,13140,18622,9434,16672,20085,23490,19030,22967,22111,23153
1	27	25765	32581,11473,10736,9905,13878,1740,14056,13140,18622,9434,16672,20085,23490,19030,22967,22111,23153,23449
0	27	23436	32581,11473,10736,9905,13878,1740,14056,13140,18622,9434,16672,20085,23490,19030,22967,22111,23153,23449,25765
0	27	25248	32581,11473,10736,9905,13878,1740,14056,13140,18622,9434,16672,20085,23490,19030,22967,22111,23153,23449,25765
0	27	26113	32581,11473,10736,9905,13878,1740,14056,13140,18622,9434,16672,20085,23490,19030,22967,22111,23153,23449,25765
0	27	25658	32581,11473,10736,9905,13878,1740,14056,13140,18622,9434,16672,20085,23490,19030,22967,22111,23153,23449,25765
1	27	25817	32581,11473,10736,9905,13878,1740,14056,13140,18622,9434,16672,20085,23490,19030,22967,22111,23153,23449,25765
0	27	24889	32581,11473,10736,9905,13878,1740,14056,13140,18622,9434,16672,20085,23490,19030,22967,22111,23153,23449,25765,25817
0	27	10439	32581,11473,10736,9905,13878,1740,14056,13140,18622,9434,16672,20085,23490,19030,22967,22111,23153,23449,25765,25817
0	27	24048	32581,11473,10736,9905,13878,1740,14056,13140,18622,9434,16672,20085,23490,19030,22967,22111,23153,23449,25765,25817
0	27	27638	32581,11473,10736,9905,13878,1740,14056,13140,18622,9434,16672,20085,23490,19030,22967,22111,23153,23449,25765,25817
1	27	28004	32581,11473,10736,9905,13878,1740,14056,13140,18622,9434,16672,20085,23490,19030,22967,22111,23153,23449,25765,25817
0	27	28956	32581,11473,10736,9905,13878,1740,14056,13140,18622,9434,16672,20085,23490,19030,22967,22111,23153,23449,25765,25817,28004
1	27	29107	32581,11473,10736,9905,13878,1740,14056,13140,18622,9434,16672,20085,23490,19030,22967,22111,23153,23449,25765,25817,28004
0	27	29363	32581,11473,10736,9905,13878,1740,14056,13140,18622,9434,16672,20085,23490,19030,22967,22111,23153,23449,25765,25817,28004,29107
1	27	13386	32581,11473,10736,9905,13878,1740,14056,13140,18622,9434,16672,20085,23490,19030,22967,22111,23153,23449,25765,25817,28004,29107
1	27	25002	32581,11473,10736,9905,13878,1740,14056,13140,18622,9434,16672,20085,23490,19030,22967,22111,23153,23449,25765,25817,28004,29107,13386
