0	782	10587	0
0	782	11662	0
1	782	965	0
1	782	10132	965
1	782	11330	965,10132
1	782	11472	965,10132,11330
1	782	14816	965,10132,11330,11472
1	782	18566	965,10132,11330,11472,14816
1	782	4026	965,10132,11330,11472,14816,18566
0	782	12964	965,10132,11330,11472,14816,18566,4026
1	782	15115	965,10132,11330,11472,14816,18566,4026
0	782	1315	965,10132,11330,11472,14816,18566,4026,15115
1	782	21662	965,10132,11330,11472,14816,18566,4026,15115
1	782	24712	965,10132,11330,11472,14816,18566,4026,15115,21662
0	782	12684	965,10132,11330,11472,14816,18566,4026,15115,21662,24712
0	782	8455	965,10132,11330,11472,14816,18566,4026,15115,21662,24712
1	782	15165	965,10132,11330,11472,14816,18566,4026,15115,21662,24712
0	782	21644	965,10132,11330,11472,14816,18566,4026,15115,21662,24712,15165
1	782	19741	965,10132,11330,11472,14816,18566,4026,15115,21662,24712,15165
1	782	250	965,10132,11330,11472,14816,18566,4026,15115,21662,24712,15165,19741
0	782	23856	965,10132,11330,11472,14816,18566,4026,15115,21662,24712,15165,19741,250
1	782	16948	965,10132,11330,11472,14816,18566,4026,15115,21662,24712,15165,19741,250
1	782	23259	965,10132,11330,11472,14816,18566,4026,15115,21662,24712,15165,19741,250,16948
0	782	32307	965,10132,11330,11472,14816,18566,4026,15115,21662,24712,15165,19741,250,16948,23259
1	782	22212	965,10132,11330,11472,14816,18566,4026,15115,21662,24712,15165,19741,250,16948,23259
0	782	1534	965,10132,11330,11472,14816,18566,4026,15115,21662,24712,15165,19741,250,16948,23259,22212
1	782	24265	965,10132,11330,11472,14816,18566,4026,15115,21662,24712,15165,19741,250,16948,23259,22212
1	782	21949	965,10132,11330,11472,14816,18566,4026,15115,21662,24712,15165,19741,250,16948,23259,22212,24265
1	782	25065	965,10132,11330,11472,14816,18566,4026,15115,21662,24712,15165,19741,250,16948,23259,22212,24265,21949
0	782	20428	965,10132,11330,11472,14816,18566,4026,15115,21662,24712,15165,19741,250,16948,23259,22212,24265,21949,25065
1	782	23104	965,10132,11330,11472,14816,18566,4026,15115,21662,24712,15165,19741,250,16948,23259,22212,24265,21949,25065
1	782	7769	965,10132,11330,11472,14816,18566,4026,15115,21662,24712,15165,19741,250,16948,23259,22212,24265,21949,25065,23104
1	782	8605	965,10132,11330,11472,14816,18566,4026,15115,21662,24712,15165,19741,250,16948,23259,22212,24265,21949,25065,23104,7769
1	782	31042	965,10132,11330,11472,14816,18566,4026,15115,21662,24712,15165,19741,250,16948,23259,22212,24265,21949,25065,23104,7769,8605
1	782	142	965,10132,11330,11472,14816,18566,4026,15115,21662,24712,15165,19741,250,16948,23259,22212,24265,21949,25065,23104,7769,8605,31042
1	782	24348	965,10132,11330,11472,14816,18566,4026,15115,21662,24712,15165,19741,250,16948,23259,22212,24265,21949,25065,23104,7769,8605,31042,142
1	782	23007	965,10132,11330,11472,14816,18566,4026,15115,21662,24712,15165,19741,250,16948,23259,22212,24265,21949,25065,23104,7769,8605,31042,142,24348
1	782	21376	965,10132,11330,11472,14816,18566,4026,15115,21662,24712,15165,19741,250,16948,23259,22212,24265,21949,25065,23104,7769,8605,31042,142,24348,23007
1	782	26530	965,10132,11330,11472,14816,18566,4026,15115,21662,24712,15165,19741,250,16948,23259,22212,24265,21949,25065,23104,7769,8605,31042,142,24348,23007,21376
1	782	4780	965,10132,11330,11472,14816,18566,4026,15115,21662,24712,15165,19741,250,16948,23259,22212,24265,21949,25065,23104,7769,8605,31042,142,24348,23007,21376,26530
1	782	6956	965,10132,11330,11472,14816,18566,4026,15115,21662,24712,15165,19741,250,16948,23259,22212,24265,21949,25065,23104,7769,8605,31042,142,24348,23007,21376,26530,4780
1	782	18454	965,10132,11330,11472,14816,18566,4026,15115,21662,24712,15165,19741,250,16948,23259,22212,24265,21949,25065,23104,7769,8605,31042,142,24348,23007,21376,26530,4780,6956
1	782	2809	965,10132,11330,11472,14816,18566,4026,15115,21662,24712,15165,19741,250,16948,23259,22212,24265,21949,25065,23104,7769,8605,31042,142,24348,23007,21376,26530,4780,6956,18454
1	782	25820	965,10132,11330,11472,14816,18566,4026,15115,21662,24712,15165,19741,250,16948,23259,22212,24265,21949,25065,23104,7769,8605,31042,142,24348,23007,21376,26530,4780,6956,18454,2809
1	782	32663	965,10132,11330,11472,14816,18566,4026,15115,21662,24712,15165,19741,250,16948,23259,22212,24265,21949,25065,23104,7769,8605,31042,142,24348,23007,21376,26530,4780,6956,18454,2809,25820
1	782	25686	965,10132,11330,11472,14816,18566,4026,15115,21662,24712,15165,19741,250,16948,23259,22212,24265,21949,25065,23104,7769,8605,31042,142,24348,23007,21376,26530,4780,6956,18454,2809,25820,32663
0	782	17959	965,10132,11330,11472,14816,18566,4026,15115,21662,24712,15165,19741,250,16948,23259,22212,24265,21949,25065,23104,7769,8605,31042,142,24348,23007,21376,26530,4780,6956,18454,2809,25820,32663,25686
