0	1855	2782	0
1	1855	4926	0
1	1855	32162	4926
1	1855	1886	4926,32162
0	1855	7490	4926,32162,1886
0	1855	2114	4926,32162,1886
1	1855	8330	4926,32162,1886
1	1855	8490	4926,32162,1886,8330
1	1855	9060	4926,32162,1886,8330,8490
1	1855	8488	4926,32162,1886,8330,8490,9060
1	1855	8973	4926,32162,1886,8330,8490,9060,8488
0	1855	9162	4926,32162,1886,8330,8490,9060,8488,8973
1	1855	8960	4926,32162,1886,8330,8490,9060,8488,8973
1	1855	13526	4926,32162,1886,8330,8490,9060,8488,8973,8960
1	1855	8849	4926,32162,1886,8330,8490,9060,8488,8973,8960,13526
0	1855	12515	4926,32162,1886,8330,8490,9060,8488,8973,8960,13526,8849
1	1855	16083	4926,32162,1886,8330,8490,9060,8488,8973,8960,13526,8849
1	1855	14062	4926,32162,1886,8330,8490,9060,8488,8973,8960,13526,8849,16083
1	1855	17260	4926,32162,1886,8330,8490,9060,8488,8973,8960,13526,8849,16083,14062
1	1855	14058	4926,32162,1886,8330,8490,9060,8488,8973,8960,13526,8849,16083,14062,17260
1	1855	15945	4926,32162,1886,8330,8490,9060,8488,8973,8960,13526,8849,16083,14062,17260,14058
0	1855	17276	4926,32162,1886,8330,8490,9060,8488,8973,8960,13526,8849,16083,14062,17260,14058,15945
0	1855	18222	4926,32162,1886,8330,8490,9060,8488,8973,8960,13526,8849,16083,14062,17260,14058,15945
0	1855	15776	4926,32162,1886,8330,8490,9060,8488,8973,8960,13526,8849,16083,14062,17260,14058,15945
1	1855	19890	4926,32162,1886,8330,8490,9060,8488,8973,8960,13526,8849,16083,14062,17260,14058,15945
1	1855	19620	4926,32162,1886,8330,8490,9060,8488,8973,8960,13526,8849,16083,14062,17260,14058,15945,19890
0	1855	4042	4926,32162,1886,8330,8490,9060,8488,8973,8960,13526,8849,16083,14062,17260,14058,15945,19890,19620
0	1855	19458	4926,32162,1886,8330,8490,9060,8488,8973,8960,13526,8849,16083,14062,17260,14058,15945,19890,19620
1	1855	20399	4926,32162,1886,8330,8490,9060,8488,8973,8960,13526,8849,16083,14062,17260,14058,15945,19890,19620
1	1855	19599	4926,32162,1886,8330,8490,9060,8488,8973,8960,13526,8849,16083,14062,17260,14058,15945,19890,19620,20399
0	1855	19804	4926,32162,1886,8330,8490,9060,8488,8973,8960,13526,8849,16083,14062,17260,14058,15945,19890,19620,20399,19599
1	1855	21383	4926,32162,1886,8330,8490,9060,8488,8973,8960,13526,8849,16083,14062,17260,14058,15945,19890,19620,20399,19599
0	1855	20555	4926,32162,1886,8330,8490,9060,8488,8973,8960,13526,8849,16083,14062,17260,14058,15945,19890,19620,20399,19599,21383
0	1855	21601	4926,32162,1886,8330,8490,9060,8488,8973,8960,13526,8849,16083,14062,17260,14058,15945,19890,19620,20399,19599,21383
0	1855	20816	4926,32162,1886,8330,8490,9060,8488,8973,8960,13526,8849,16083,14062,17260,14058,15945,19890,19620,20399,19599,21383
1	1855	23447	4926,32162,1886,8330,8490,9060,8488,8973,8960,13526,8849,16083,14062,17260,14058,15945,19890,19620,20399,19599,21383
1	1855	10739	4926,32162,1886,8330,8490,9060,8488,8973,8960,13526,8849,16083,14062,17260,14058,15945,19890,19620,20399,19599,21383,23447
1	1855	18847	4926,32162,1886,8330,8490,9060,8488,8973,8960,13526,8849,16083,14062,17260,14058,15945,19890,19620,20399,19599,21383,23447,10739
1	1855	24209	4926,32162,1886,8330,8490,9060,8488,8973,8960,13526,8849,16083,14062,17260,14058,15945,19890,19620,20399,19599,21383,23447,10739,18847
1	1855	24927	4926,32162,1886,8330,8490,9060,8488,8973,8960,13526,8849,16083,14062,17260,14058,15945,19890,19620,20399,19599,21383,23447,10739,18847,24209
1	1855	26040	4926,32162,1886,8330,8490,9060,8488,8973,8960,13526,8849,16083,14062,17260,14058,15945,19890,19620,20399,19599,21383,23447,10739,18847,24209,24927
1	1855	23394	4926,32162,1886,8330,8490,9060,8488,8973,8960,13526,8849,16083,14062,17260,14058,15945,19890,19620,20399,19599,21383,23447,10739,18847,24209,24927,26040
1	1855	837	4926,32162,1886,8330,8490,9060,8488,8973,8960,13526,8849,16083,14062,17260,14058,15945,19890,19620,20399,19599,21383,23447,10739,18847,24209,24927,26040,23394
0	1855	19322	4926,32162,1886,8330,8490,9060,8488,8973,8960,13526,8849,16083,14062,17260,14058,15945,19890,19620,20399,19599,21383,23447,10739,18847,24209,24927,26040,23394,837
1	1855	20574	4926,32162,1886,8330,8490,9060,8488,8973,8960,13526,8849,16083,14062,17260,14058,15945,19890,19620,20399,19599,21383,23447,10739,18847,24209,24927,26040,23394,837
1	1855	23768	4926,32162,1886,8330,8490,9060,8488,8973,8960,13526,8849,16083,14062,17260,14058,15945,19890,19620,20399,19599,21383,23447,10739,18847,24209,24927,26040,23394,837,20574
1	1855	26230	4926,32162,1886,8330,8490,9060,8488,8973,8960,13526,8849,16083,14062,17260,14058,15945,19890,19620,20399,19599,21383,23447,10739,18847,24209,24927,26040,23394,837,20574,23768
0	1855	19221	4926,32162,1886,8330,8490,9060,8488,8973,8960,13526,8849,16083,14062,17260,14058,15945,19890,19620,20399,19599,21383,23447,10739,18847,24209,24927,26040,23394,837,20574,23768,26230
0	1855	26776	4926,32162,1886,8330,8490,9060,8488,8973,8960,13526,8849,16083,14062,17260,14058,15945,19890,19620,20399,19599,21383,23447,10739,18847,24209,24927,26040,23394,837,20574,23768,26230
0	1855	26750	4926,32162,1886,8330,8490,9060,8488,8973,8960,13526,8849,16083,14062,17260,14058,15945,19890,19620,20399,19599,21383,23447,10739,18847,24209,24927,26040,23394,837,20574,23768,26230
0	1855	14856	4926,32162,1886,8330,8490,9060,8488,8973,8960,13526,8849,16083,14062,17260,14058,15945,19890,19620,20399,19599,21383,23447,10739,18847,24209,24927,26040,23394,837,20574,23768,26230
1	1855	27613	4926,32162,1886,8330,8490,9060,8488,8973,8960,13526,8849,16083,14062,17260,14058,15945,19890,19620,20399,19599,21383,23447,10739,18847,24209,24927,26040,23394,837,20574,23768,26230
0	1855	26516	4926,32162,1886,8330,8490,9060,8488,8973,8960,13526,8849,16083,14062,17260,14058,15945,19890,19620,20399,19599,21383,23447,10739,18847,24209,24927,26040,23394,837,20574,23768,26230,27613
0	1855	2217	4926,32162,1886,8330,8490,9060,8488,8973,8960,13526,8849,16083,14062,17260,14058,15945,19890,19620,20399,19599,21383,23447,10739,18847,24209,24927,26040,23394,837,20574,23768,26230,27613
0	1855	28790	4926,32162,1886,8330,8490,9060,8488,8973,8960,13526,8849,16083,14062,17260,14058,15945,19890,19620,20399,19599,21383,23447,10739,18847,24209,24927,26040,23394,837,20574,23768,26230,27613
0	1855	25915	4926,32162,1886,8330,8490,9060,8488,8973,8960,13526,8849,16083,14062,17260,14058,15945,19890,19620,20399,19599,21383,23447,10739,18847,24209,24927,26040,23394,837,20574,23768,26230,27613
1	1855	28439	4926,32162,1886,8330,8490,9060,8488,8973,8960,13526,8849,16083,14062,17260,14058,15945,19890,19620,20399,19599,21383,23447,10739,18847,24209,24927,26040,23394,837,20574,23768,26230,27613
0	1855	28633	4926,32162,1886,8330,8490,9060,8488,8973,8960,13526,8849,16083,14062,17260,14058,15945,19890,19620,20399,19599,21383,23447,10739,18847,24209,24927,26040,23394,837,20574,23768,26230,27613,28439
1	1855	29402	4926,32162,1886,8330,8490,9060,8488,8973,8960,13526,8849,16083,14062,17260,14058,15945,19890,19620,20399,19599,21383,23447,10739,18847,24209,24927,26040,23394,837,20574,23768,26230,27613,28439
0	1855	23866	4926,32162,1886,8330,8490,9060,8488,8973,8960,13526,8849,16083,14062,17260,14058,15945,19890,19620,20399,19599,21383,23447,10739,18847,24209,24927,26040,23394,837,20574,23768,26230,27613,28439,29402
