0	294	31666	0
0	294	16380	0
1	294	607	0
1	294	16097	607
1	294	5016	607,16097
1	294	22814	607,16097,5016
0	294	25626	607,16097,5016,22814
1	294	23690	607,16097,5016,22814
1	294	21445	607,16097,5016,22814,23690
0	294	162	607,16097,5016,22814,23690,21445
1	294	11843	607,16097,5016,22814,23690,21445
1	294	22844	607,16097,5016,22814,23690,21445,11843
1	294	18780	607,16097,5016,22814,23690,21445,11843,22844
1	294	31057	607,16097,5016,22814,23690,21445,11843,22844,18780
1	294	5372	607,16097,5016,22814,23690,21445,11843,22844,18780,31057
1	294	27354	607,16097,5016,22814,23690,21445,11843,22844,18780,31057,5372
1	294	18	607,16097,5016,22814,23690,21445,11843,22844,18780,31057,5372,27354
1	294	19085	607,16097,5016,22814,23690,21445,11843,22844,18780,31057,5372,27354,18
0	294	23329	607,16097,5016,22814,23690,21445,11843,22844,18780,31057,5372,27354,18,19085
0	294	3842	607,16097,5016,22814,23690,21445,11843,22844,18780,31057,5372,27354,18,19085
1	294	5373	607,16097,5016,22814,23690,21445,11843,22844,18780,31057,5372,27354,18,19085
1	294	21069	607,16097,5016,22814,23690,21445,11843,22844,18780,31057,5372,27354,18,19085,5373
1	294	26968	607,16097,5016,22814,23690,21445,11843,22844,18780,31057,5372,27354,18,19085,5373,21069
1	294	19636	607,16097,5016,22814,23690,21445,11843,22844,18780,31057,5372,27354,18,19085,5373,21069,26968
1	294	31692	607,16097,5016,22814,23690,21445,11843,22844,18780,31057,5372,27354,18,19085,5373,21069,26968,19636
1	294	26721	607,16097,5016,22814,23690,21445,11843,22844,18780,31057,5372,27354,18,19085,5373,21069,26968,19636,31692
1	294	28583	607,16097,5016,22814,23690,21445,11843,22844,18780,31057,5372,27354,18,19085,5373,21069,26968,19636,31692,26721
