0	1396	16140	0
1	1396	19820	0
1	1396	31472	19820
1	1396	26500	19820,31472
1	1396	30584	19820,31472,26500
1	1396	30217	19820,31472,26500,30584
1	1396	1547	19820,31472,26500,30584,30217
1	1396	2031	19820,31472,26500,30584,30217,1547
0	1396	32850	19820,31472,26500,30584,30217,1547,2031
1	1396	1694	19820,31472,26500,30584,30217,1547,2031
0	1396	1813	19820,31472,26500,30584,30217,1547,2031,1694
1	1396	4003	19820,31472,26500,30584,30217,1547,2031,1694
1	1396	666	19820,31472,26500,30584,30217,1547,2031,1694,4003
0	1396	31676	19820,31472,26500,30584,30217,1547,2031,1694,4003,666
0	1396	4526	19820,31472,26500,30584,30217,1547,2031,1694,4003,666
1	1396	1142	19820,31472,26500,30584,30217,1547,2031,1694,4003,666
1	1396	3333	19820,31472,26500,30584,30217,1547,2031,1694,4003,666,1142
1	1396	4626	19820,31472,26500,30584,30217,1547,2031,1694,4003,666,1142,3333
0	1396	5367	19820,31472,26500,30584,30217,1547,2031,1694,4003,666,1142,3333,4626
1	1396	5511	19820,31472,26500,30584,30217,1547,2031,1694,4003,666,1142,3333,4626
0	1396	8511	19820,31472,26500,30584,30217,1547,2031,1694,4003,666,1142,3333,4626,5511
0	1396	6234	19820,31472,26500,30584,30217,1547,2031,1694,4003,666,1142,3333,4626,5511
0	1396	8392	19820,31472,26500,30584,30217,1547,2031,1694,4003,666,1142,3333,4626,5511
0	1396	7094	19820,31472,26500,30584,30217,1547,2031,1694,4003,666,1142,3333,4626,5511
0	1396	12043	19820,31472,26500,30584,30217,1547,2031,1694,4003,666,1142,3333,4626,5511
1	1396	12065	19820,31472,26500,30584,30217,1547,2031,1694,4003,666,1142,3333,4626,5511
1	1396	11408	19820,31472,26500,30584,30217,1547,2031,1694,4003,666,1142,3333,4626,5511,12065
0	1396	13389	19820,31472,26500,30584,30217,1547,2031,1694,4003,666,1142,3333,4626,5511,12065,11408
1	1396	13665	19820,31472,26500,30584,30217,1547,2031,1694,4003,666,1142,3333,4626,5511,12065,11408
1	1396	12265	19820,31472,26500,30584,30217,1547,2031,1694,4003,666,1142,3333,4626,5511,12065,11408,13665
0	1396	14392	19820,31472,26500,30584,30217,1547,2031,1694,4003,666,1142,3333,4626,5511,12065,11408,13665,12265
0	1396	15217	19820,31472,26500,30584,30217,1547,2031,1694,4003,666,1142,3333,4626,5511,12065,11408,13665,12265
0	1396	16459	19820,31472,26500,30584,30217,1547,2031,1694,4003,666,1142,3333,4626,5511,12065,11408,13665,12265
0	1396	14821	19820,31472,26500,30584,30217,1547,2031,1694,4003,666,1142,3333,4626,5511,12065,11408,13665,12265
1	1396	11783	19820,31472,26500,30584,30217,1547,2031,1694,4003,666,1142,3333,4626,5511,12065,11408,13665,12265
0	1396	19792	19820,31472,26500,30584,30217,1547,2031,1694,4003,666,1142,3333,4626,5511,12065,11408,13665,12265,11783
0	1396	18202	19820,31472,26500,30584,30217,1547,2031,1694,4003,666,1142,3333,4626,5511,12065,11408,13665,12265,11783
1	1396	19400	19820,31472,26500,30584,30217,1547,2031,1694,4003,666,1142,3333,4626,5511,12065,11408,13665,12265,11783
1	1396	19399	19820,31472,26500,30584,30217,1547,2031,1694,4003,666,1142,3333,4626,5511,12065,11408,13665,12265,11783,19400
0	1396	20207	19820,31472,26500,30584,30217,1547,2031,1694,4003,666,1142,3333,4626,5511,12065,11408,13665,12265,11783,19400,19399
1	1396	20210	19820,31472,26500,30584,30217,1547,2031,1694,4003,666,1142,3333,4626,5511,12065,11408,13665,12265,11783,19400,19399
1	1396	17573	19820,31472,26500,30584,30217,1547,2031,1694,4003,666,1142,3333,4626,5511,12065,11408,13665,12265,11783,19400,19399,20210
1	1396	19773	19820,31472,26500,30584,30217,1547,2031,1694,4003,666,1142,3333,4626,5511,12065,11408,13665,12265,11783,19400,19399,20210,17573
1	1396	20614	19820,31472,26500,30584,30217,1547,2031,1694,4003,666,1142,3333,4626,5511,12065,11408,13665,12265,11783,19400,19399,20210,17573,19773
0	1396	21184	19820,31472,26500,30584,30217,1547,2031,1694,4003,666,1142,3333,4626,5511,12065,11408,13665,12265,11783,19400,19399,20210,17573,19773,20614
0	1396	22591	19820,31472,26500,30584,30217,1547,2031,1694,4003,666,1142,3333,4626,5511,12065,11408,13665,12265,11783,19400,19399,20210,17573,19773,20614
1	1396	20397	19820,31472,26500,30584,30217,1547,2031,1694,4003,666,1142,3333,4626,5511,12065,11408,13665,12265,11783,19400,19399,20210,17573,19773,20614
0	1396	23822	19820,31472,26500,30584,30217,1547,2031,1694,4003,666,1142,3333,4626,5511,12065,11408,13665,12265,11783,19400,19399,20210,17573,19773,20614,20397
0	1396	25100	19820,31472,26500,30584,30217,1547,2031,1694,4003,666,1142,3333,4626,5511,12065,11408,13665,12265,11783,19400,19399,20210,17573,19773,20614,20397
0	1396	24458	19820,31472,26500,30584,30217,1547,2031,1694,4003,666,1142,3333,4626,5511,12065,11408,13665,12265,11783,19400,19399,20210,17573,19773,20614,20397
1	1396	25994	19820,31472,26500,30584,30217,1547,2031,1694,4003,666,1142,3333,4626,5511,12065,11408,13665,12265,11783,19400,19399,20210,17573,19773,20614,20397
1	1396	25418	19820,31472,26500,30584,30217,1547,2031,1694,4003,666,1142,3333,4626,5511,12065,11408,13665,12265,11783,19400,19399,20210,17573,19773,20614,20397,25994
1	1396	23453	19820,31472,26500,30584,30217,1547,2031,1694,4003,666,1142,3333,4626,5511,12065,11408,13665,12265,11783,19400,19399,20210,17573,19773,20614,20397,25994,25418
1	1396	26915	19820,31472,26500,30584,30217,1547,2031,1694,4003,666,1142,3333,4626,5511,12065,11408,13665,12265,11783,19400,19399,20210,17573,19773,20614,20397,25994,25418,23453
1	1396	25337	19820,31472,26500,30584,30217,1547,2031,1694,4003,666,1142,3333,4626,5511,12065,11408,13665,12265,11783,19400,19399,20210,17573,19773,20614,20397,25994,25418,23453,26915
0	1396	25367	19820,31472,26500,30584,30217,1547,2031,1694,4003,666,1142,3333,4626,5511,12065,11408,13665,12265,11783,19400,19399,20210,17573,19773,20614,20397,25994,25418,23453,26915,25337
0	1396	26987	19820,31472,26500,30584,30217,1547,2031,1694,4003,666,1142,3333,4626,5511,12065,11408,13665,12265,11783,19400,19399,20210,17573,19773,20614,20397,25994,25418,23453,26915,25337
0	1396	27394	19820,31472,26500,30584,30217,1547,2031,1694,4003,666,1142,3333,4626,5511,12065,11408,13665,12265,11783,19400,19399,20210,17573,19773,20614,20397,25994,25418,23453,26915,25337
1	1396	27999	19820,31472,26500,30584,30217,1547,2031,1694,4003,666,1142,3333,4626,5511,12065,11408,13665,12265,11783,19400,19399,20210,17573,19773,20614,20397,25994,25418,23453,26915,25337
1	1396	28728	19820,31472,26500,30584,30217,1547,2031,1694,4003,666,1142,3333,4626,5511,12065,11408,13665,12265,11783,19400,19399,20210,17573,19773,20614,20397,25994,25418,23453,26915,25337,27999
0	1396	27509	19820,31472,26500,30584,30217,1547,2031,1694,4003,666,1142,3333,4626,5511,12065,11408,13665,12265,11783,19400,19399,20210,17573,19773,20614,20397,25994,25418,23453,26915,25337,27999,28728
1	1396	28504	19820,31472,26500,30584,30217,1547,2031,1694,4003,666,1142,3333,4626,5511,12065,11408,13665,12265,11783,19400,19399,20210,17573,19773,20614,20397,25994,25418,23453,26915,25337,27999,28728
0	1396	29494	19820,31472,26500,30584,30217,1547,2031,1694,4003,666,1142,3333,4626,5511,12065,11408,13665,12265,11783,19400,19399,20210,17573,19773,20614,20397,25994,25418,23453,26915,25337,27999,28728,28504
0	1396	28878	19820,31472,26500,30584,30217,1547,2031,1694,4003,666,1142,3333,4626,5511,12065,11408,13665,12265,11783,19400,19399,20210,17573,19773,20614,20397,25994,25418,23453,26915,25337,27999,28728,28504
