1	775	2368	0
0	775	8905	2368
0	775	13871	2368
0	775	29175	2368
1	775	30999	2368
1	775	18282	2368,30999
0	775	31155	2368,30999,18282
0	775	32234	2368,30999,18282
1	775	16772	2368,30999,18282
1	775	32637	2368,30999,18282,16772
1	775	20416	2368,30999,18282,16772,32637
1	775	109	2368,30999,18282,16772,32637,20416
1	775	1778	2368,30999,18282,16772,32637,20416,109
0	775	2420	2368,30999,18282,16772,32637,20416,109,1778
0	775	10705	2368,30999,18282,16772,32637,20416,109,1778
0	775	8197	2368,30999,18282,16772,32637,20416,109,1778
1	775	5860	2368,30999,18282,16772,32637,20416,109,1778
1	775	6801	2368,30999,18282,16772,32637,20416,109,1778,5860
1	775	6490	2368,30999,18282,16772,32637,20416,109,1778,5860,6801
1	775	16438	2368,30999,18282,16772,32637,20416,109,1778,5860,6801,6490
0	775	30994	2368,30999,18282,16772,32637,20416,109,1778,5860,6801,6490,16438
0	775	8373	2368,30999,18282,16772,32637,20416,109,1778,5860,6801,6490,16438
1	775	14799	2368,30999,18282,16772,32637,20416,109,1778,5860,6801,6490,16438
0	775	11015	2368,30999,18282,16772,32637,20416,109,1778,5860,6801,6490,16438,14799
1	775	17259	2368,30999,18282,16772,32637,20416,109,1778,5860,6801,6490,16438,14799
1	775	16112	2368,30999,18282,16772,32637,20416,109,1778,5860,6801,6490,16438,14799,17259
1	775	16361	2368,30999,18282,16772,32637,20416,109,1778,5860,6801,6490,16438,14799,17259,16112
0	775	11151	2368,30999,18282,16772,32637,20416,109,1778,5860,6801,6490,16438,14799,17259,16112,16361
0	775	830	2368,30999,18282,16772,32637,20416,109,1778,5860,6801,6490,16438,14799,17259,16112,16361
1	775	13401	2368,30999,18282,16772,32637,20416,109,1778,5860,6801,6490,16438,14799,17259,16112,16361
0	775	16165	2368,30999,18282,16772,32637,20416,109,1778,5860,6801,6490,16438,14799,17259,16112,16361,13401
1	775	15574	2368,30999,18282,16772,32637,20416,109,1778,5860,6801,6490,16438,14799,17259,16112,16361,13401
0	775	17552	2368,30999,18282,16772,32637,20416,109,1778,5860,6801,6490,16438,14799,17259,16112,16361,13401,15574
0	775	26225	2368,30999,18282,16772,32637,20416,109,1778,5860,6801,6490,16438,14799,17259,16112,16361,13401,15574
0	775	11869	2368,30999,18282,16772,32637,20416,109,1778,5860,6801,6490,16438,14799,17259,16112,16361,13401,15574
1	775	26898	2368,30999,18282,16772,32637,20416,109,1778,5860,6801,6490,16438,14799,17259,16112,16361,13401,15574
1	775	19077	2368,30999,18282,16772,32637,20416,109,1778,5860,6801,6490,16438,14799,17259,16112,16361,13401,15574,26898
1	775	9275	2368,30999,18282,16772,32637,20416,109,1778,5860,6801,6490,16438,14799,17259,16112,16361,13401,15574,26898,19077
0	775	22770	2368,30999,18282,16772,32637,20416,109,1778,5860,6801,6490,16438,14799,17259,16112,16361,13401,15574,26898,19077,9275
1	775	20697	2368,30999,18282,16772,32637,20416,109,1778,5860,6801,6490,16438,14799,17259,16112,16361,13401,15574,26898,19077,9275
1	775	23717	2368,30999,18282,16772,32637,20416,109,1778,5860,6801,6490,16438,14799,17259,16112,16361,13401,15574,26898,19077,9275,20697
1	775	24694	2368,30999,18282,16772,32637,20416,109,1778,5860,6801,6490,16438,14799,17259,16112,16361,13401,15574,26898,19077,9275,20697,23717
1	775	17008	2368,30999,18282,16772,32637,20416,109,1778,5860,6801,6490,16438,14799,17259,16112,16361,13401,15574,26898,19077,9275,20697,23717,24694
1	775	23201	2368,30999,18282,16772,32637,20416,109,1778,5860,6801,6490,16438,14799,17259,16112,16361,13401,15574,26898,19077,9275,20697,23717,24694,17008
1	775	27071	2368,30999,18282,16772,32637,20416,109,1778,5860,6801,6490,16438,14799,17259,16112,16361,13401,15574,26898,19077,9275,20697,23717,24694,17008,23201
1	775	15962	2368,30999,18282,16772,32637,20416,109,1778,5860,6801,6490,16438,14799,17259,16112,16361,13401,15574,26898,19077,9275,20697,23717,24694,17008,23201,27071
0	775	13215	2368,30999,18282,16772,32637,20416,109,1778,5860,6801,6490,16438,14799,17259,16112,16361,13401,15574,26898,19077,9275,20697,23717,24694,17008,23201,27071,15962
0	775	26219	2368,30999,18282,16772,32637,20416,109,1778,5860,6801,6490,16438,14799,17259,16112,16361,13401,15574,26898,19077,9275,20697,23717,24694,17008,23201,27071,15962
0	775	28556	2368,30999,18282,16772,32637,20416,109,1778,5860,6801,6490,16438,14799,17259,16112,16361,13401,15574,26898,19077,9275,20697,23717,24694,17008,23201,27071,15962
0	775	29568	2368,30999,18282,16772,32637,20416,109,1778,5860,6801,6490,16438,14799,17259,16112,16361,13401,15574,26898,19077,9275,20697,23717,24694,17008,23201,27071,15962
0	775	13059	2368,30999,18282,16772,32637,20416,109,1778,5860,6801,6490,16438,14799,17259,16112,16361,13401,15574,26898,19077,9275,20697,23717,24694,17008,23201,27071,15962
