1	395	1377	0
1	395	3835	1377
1	395	6754	1377,3835
1	395	3195	1377,3835,6754
1	395	6773	1377,3835,6754,3195
1	395	6762	1377,3835,6754,3195,6773
1	395	10828	1377,3835,6754,3195,6773,6762
0	395	5683	1377,3835,6754,3195,6773,6762,10828
1	395	6853	1377,3835,6754,3195,6773,6762,10828
1	395	309	1377,3835,6754,3195,6773,6762,10828,6853
0	395	4376	1377,3835,6754,3195,6773,6762,10828,6853,309
1	395	7619	1377,3835,6754,3195,6773,6762,10828,6853,309
0	395	9911	1377,3835,6754,3195,6773,6762,10828,6853,309,7619
1	395	8224	1377,3835,6754,3195,6773,6762,10828,6853,309,7619
1	395	11955	1377,3835,6754,3195,6773,6762,10828,6853,309,7619,8224
1	395	6503	1377,3835,6754,3195,6773,6762,10828,6853,309,7619,8224,11955
0	395	12824	1377,3835,6754,3195,6773,6762,10828,6853,309,7619,8224,11955,6503
0	395	14949	1377,3835,6754,3195,6773,6762,10828,6853,309,7619,8224,11955,6503
0	395	15337	1377,3835,6754,3195,6773,6762,10828,6853,309,7619,8224,11955,6503
1	395	13141	1377,3835,6754,3195,6773,6762,10828,6853,309,7619,8224,11955,6503
1	395	17042	1377,3835,6754,3195,6773,6762,10828,6853,309,7619,8224,11955,6503,13141
1	395	1440	1377,3835,6754,3195,6773,6762,10828,6853,309,7619,8224,11955,6503,13141,17042
0	395	16583	1377,3835,6754,3195,6773,6762,10828,6853,309,7619,8224,11955,6503,13141,17042,1440
1	395	6188	1377,3835,6754,3195,6773,6762,10828,6853,309,7619,8224,11955,6503,13141,17042,1440
1	395	18880	1377,3835,6754,3195,6773,6762,10828,6853,309,7619,8224,11955,6503,13141,17042,1440,6188
1	395	19583	1377,3835,6754,3195,6773,6762,10828,6853,309,7619,8224,11955,6503,13141,17042,1440,6188,18880
1	395	19396	1377,3835,6754,3195,6773,6762,10828,6853,309,7619,8224,11955,6503,13141,17042,1440,6188,18880,19583
1	395	1510	1377,3835,6754,3195,6773,6762,10828,6853,309,7619,8224,11955,6503,13141,17042,1440,6188,18880,19583,19396
1	395	12781	1377,3835,6754,3195,6773,6762,10828,6853,309,7619,8224,11955,6503,13141,17042,1440,6188,18880,19583,19396,1510
0	395	18102	1377,3835,6754,3195,6773,6762,10828,6853,309,7619,8224,11955,6503,13141,17042,1440,6188,18880,19583,19396,1510,12781
0	395	20591	1377,3835,6754,3195,6773,6762,10828,6853,309,7619,8224,11955,6503,13141,17042,1440,6188,18880,19583,19396,1510,12781
1	395	1660	1377,3835,6754,3195,6773,6762,10828,6853,309,7619,8224,11955,6503,13141,17042,1440,6188,18880,19583,19396,1510,12781
0	395	18538	1377,3835,6754,3195,6773,6762,10828,6853,309,7619,8224,11955,6503,13141,17042,1440,6188,18880,19583,19396,1510,12781,1660
1	395	14334	1377,3835,6754,3195,6773,6762,10828,6853,309,7619,8224,11955,6503,13141,17042,1440,6188,18880,19583,19396,1510,12781,1660
1	395	18919	1377,3835,6754,3195,6773,6762,10828,6853,309,7619,8224,11955,6503,13141,17042,1440,6188,18880,19583,19396,1510,12781,1660,14334
1	395	20627	1377,3835,6754,3195,6773,6762,10828,6853,309,7619,8224,11955,6503,13141,17042,1440,6188,18880,19583,19396,1510,12781,1660,14334,18919
0	395	6612	1377,3835,6754,3195,6773,6762,10828,6853,309,7619,8224,11955,6503,13141,17042,1440,6188,18880,19583,19396,1510,12781,1660,14334,18919,20627
0	395	31636	1377,3835,6754,3195,6773,6762,10828,6853,309,7619,8224,11955,6503,13141,17042,1440,6188,18880,19583,19396,1510,12781,1660,14334,18919,20627
1	395	31057	1377,3835,6754,3195,6773,6762,10828,6853,309,7619,8224,11955,6503,13141,17042,1440,6188,18880,19583,19396,1510,12781,1660,14334,18919,20627
1	395	23490	1377,3835,6754,3195,6773,6762,10828,6853,309,7619,8224,11955,6503,13141,17042,1440,6188,18880,19583,19396,1510,12781,1660,14334,18919,20627,31057
1	395	21690	1377,3835,6754,3195,6773,6762,10828,6853,309,7619,8224,11955,6503,13141,17042,1440,6188,18880,19583,19396,1510,12781,1660,14334,18919,20627,31057,23490
0	395	25006	1377,3835,6754,3195,6773,6762,10828,6853,309,7619,8224,11955,6503,13141,17042,1440,6188,18880,19583,19396,1510,12781,1660,14334,18919,20627,31057,23490,21690
1	395	23449	1377,3835,6754,3195,6773,6762,10828,6853,309,7619,8224,11955,6503,13141,17042,1440,6188,18880,19583,19396,1510,12781,1660,14334,18919,20627,31057,23490,21690
1	395	15220	1377,3835,6754,3195,6773,6762,10828,6853,309,7619,8224,11955,6503,13141,17042,1440,6188,18880,19583,19396,1510,12781,1660,14334,18919,20627,31057,23490,21690,23449
1	395	26196	1377,3835,6754,3195,6773,6762,10828,6853,309,7619,8224,11955,6503,13141,17042,1440,6188,18880,19583,19396,1510,12781,1660,14334,18919,20627,31057,23490,21690,23449,15220
0	395	24429	1377,3835,6754,3195,6773,6762,10828,6853,309,7619,8224,11955,6503,13141,17042,1440,6188,18880,19583,19396,1510,12781,1660,14334,18919,20627,31057,23490,21690,23449,15220,26196
1	395	26409	1377,3835,6754,3195,6773,6762,10828,6853,309,7619,8224,11955,6503,13141,17042,1440,6188,18880,19583,19396,1510,12781,1660,14334,18919,20627,31057,23490,21690,23449,15220,26196
0	395	26976	1377,3835,6754,3195,6773,6762,10828,6853,309,7619,8224,11955,6503,13141,17042,1440,6188,18880,19583,19396,1510,12781,1660,14334,18919,20627,31057,23490,21690,23449,15220,26196,26409
0	395	29329	1377,3835,6754,3195,6773,6762,10828,6853,309,7619,8224,11955,6503,13141,17042,1440,6188,18880,19583,19396,1510,12781,1660,14334,18919,20627,31057,23490,21690,23449,15220,26196,26409
