0	1845	9871	0
1	1845	29327	0
1	1845	2129	29327
1	1845	31262	29327,2129
0	1845	4674	29327,2129,31262
0	1845	5374	29327,2129,31262
0	1845	6682	29327,2129,31262
0	1845	6685	29327,2129,31262
1	1845	9665	29327,2129,31262
1	1845	9980	29327,2129,31262,9665
1	1845	10012	29327,2129,31262,9665,9980
1	1845	10018	29327,2129,31262,9665,9980,10012
1	1845	11639	29327,2129,31262,9665,9980,10012,10018
1	1845	16902	29327,2129,31262,9665,9980,10012,10018,11639
0	1845	18471	29327,2129,31262,9665,9980,10012,10018,11639,16902
0	1845	18481	29327,2129,31262,9665,9980,10012,10018,11639,16902
0	1845	23531	29327,2129,31262,9665,9980,10012,10018,11639,16902
1	1845	30404	29327,2129,31262,9665,9980,10012,10018,11639,16902
1	1845	31263	29327,2129,31262,9665,9980,10012,10018,11639,16902,30404
0	1845	31293	29327,2129,31262,9665,9980,10012,10018,11639,16902,30404,31263
0	1845	31671	29327,2129,31262,9665,9980,10012,10018,11639,16902,30404,31263
1	1845	32141	29327,2129,31262,9665,9980,10012,10018,11639,16902,30404,31263
0	1845	6400	29327,2129,31262,9665,9980,10012,10018,11639,16902,30404,31263,32141
1	1845	29728	29327,2129,31262,9665,9980,10012,10018,11639,16902,30404,31263,32141
1	1845	4696	29327,2129,31262,9665,9980,10012,10018,11639,16902,30404,31263,32141,29728
0	1845	31376	29327,2129,31262,9665,9980,10012,10018,11639,16902,30404,31263,32141,29728,4696
1	1845	32744	29327,2129,31262,9665,9980,10012,10018,11639,16902,30404,31263,32141,29728,4696
0	1845	342	29327,2129,31262,9665,9980,10012,10018,11639,16902,30404,31263,32141,29728,4696,32744
1	1845	9805	29327,2129,31262,9665,9980,10012,10018,11639,16902,30404,31263,32141,29728,4696,32744
1	1845	13279	29327,2129,31262,9665,9980,10012,10018,11639,16902,30404,31263,32141,29728,4696,32744,9805
0	1845	19098	29327,2129,31262,9665,9980,10012,10018,11639,16902,30404,31263,32141,29728,4696,32744,9805,13279
1	1845	32435	29327,2129,31262,9665,9980,10012,10018,11639,16902,30404,31263,32141,29728,4696,32744,9805,13279
1	1845	20482	29327,2129,31262,9665,9980,10012,10018,11639,16902,30404,31263,32141,29728,4696,32744,9805,13279,32435
1	1845	4093	29327,2129,31262,9665,9980,10012,10018,11639,16902,30404,31263,32141,29728,4696,32744,9805,13279,32435,20482
0	1845	21191	29327,2129,31262,9665,9980,10012,10018,11639,16902,30404,31263,32141,29728,4696,32744,9805,13279,32435,20482,4093
0	1845	22822	29327,2129,31262,9665,9980,10012,10018,11639,16902,30404,31263,32141,29728,4696,32744,9805,13279,32435,20482,4093
0	1845	192	29327,2129,31262,9665,9980,10012,10018,11639,16902,30404,31263,32141,29728,4696,32744,9805,13279,32435,20482,4093
1	1845	1951	29327,2129,31262,9665,9980,10012,10018,11639,16902,30404,31263,32141,29728,4696,32744,9805,13279,32435,20482,4093
1	1845	5403	29327,2129,31262,9665,9980,10012,10018,11639,16902,30404,31263,32141,29728,4696,32744,9805,13279,32435,20482,4093,1951
0	1845	5506	29327,2129,31262,9665,9980,10012,10018,11639,16902,30404,31263,32141,29728,4696,32744,9805,13279,32435,20482,4093,1951,5403
1	1845	32963	29327,2129,31262,9665,9980,10012,10018,11639,16902,30404,31263,32141,29728,4696,32744,9805,13279,32435,20482,4093,1951,5403
1	1845	2227	29327,2129,31262,9665,9980,10012,10018,11639,16902,30404,31263,32141,29728,4696,32744,9805,13279,32435,20482,4093,1951,5403,32963
0	1845	17477	29327,2129,31262,9665,9980,10012,10018,11639,16902,30404,31263,32141,29728,4696,32744,9805,13279,32435,20482,4093,1951,5403,32963,2227
