0	1685	31102	0
0	1685	29596	0
0	1685	1164	0
0	1685	8392	0
0	1685	8523	0
0	1685	10352	0
1	1685	32850	0
0	1685	14827	32850
0	1685	15811	32850
0	1685	13453	32850
0	1685	12515	32850
0	1685	18903	32850
0	1685	15615	32850
0	1685	14285	32850
0	1685	18938	32850
0	1685	17657	32850
0	1685	19773	32850
1	1685	21921	32850
0	1685	21176	32850,21921
0	1685	33083	32850,21921
0	1685	6606	32850,21921
0	1685	21799	32850,21921
0	1685	16485	32850,21921
1	1685	21172	32850,21921
0	1685	10739	32850,21921,21172
0	1685	22683	32850,21921,21172
0	1685	24262	32850,21921,21172
0	1685	24684	32850,21921,21172
0	1685	20860	32850,21921,21172
0	1685	25532	32850,21921,21172
1	1685	15220	32850,21921,21172
0	1685	24789	32850,21921,21172,15220
0	1685	24795	32850,21921,21172,15220
0	1685	24786	32850,21921,21172,15220
0	1685	24788	32850,21921,21172,15220
0	1685	23121	32850,21921,21172,15220
0	1685	26678	32850,21921,21172,15220
0	1685	25248	32850,21921,21172,15220
0	1685	25250	32850,21921,21172,15220
0	1685	25578	32850,21921,21172,15220
0	1685	27280	32850,21921,21172,15220
1	1685	25214	32850,21921,21172,15220
0	1685	11261	32850,21921,21172,15220,25214
1	1685	12244	32850,21921,21172,15220,25214
0	1685	15331	32850,21921,21172,15220,25214,12244
0	1685	25915	32850,21921,21172,15220,25214,12244
0	1685	27624	32850,21921,21172,15220,25214,12244
0	1685	28728	32850,21921,21172,15220,25214,12244
0	1685	18067	32850,21921,21172,15220,25214,12244
0	1685	27582	32850,21921,21172,15220,25214,12244
