1	123	31067	0
0	123	31026	31067
1	123	1939	31067
0	123	32737	31067,1939
1	123	1130	31067,1939
0	123	22317	31067,1939,1130
0	123	22506	31067,1939,1130
0	123	26930	31067,1939,1130
1	123	32189	31067,1939,1130
1	123	18178	31067,1939,1130,32189
0	123	31318	31067,1939,1130,32189,18178
0	123	32553	31067,1939,1130,32189,18178
0	123	32703	31067,1939,1130,32189,18178
1	123	512	31067,1939,1130,32189,18178
1	123	1156	31067,1939,1130,32189,18178,512
1	123	21340	31067,1939,1130,32189,18178,512,1156
0	123	8107	31067,1939,1130,32189,18178,512,1156,21340
0	123	1272	31067,1939,1130,32189,18178,512,1156,21340
0	123	4577	31067,1939,1130,32189,18178,512,1156,21340
0	123	23986	31067,1939,1130,32189,18178,512,1156,21340
1	123	2484	31067,1939,1130,32189,18178,512,1156,21340
0	123	4979	31067,1939,1130,32189,18178,512,1156,21340,2484
1	123	3285	31067,1939,1130,32189,18178,512,1156,21340,2484
0	123	5745	31067,1939,1130,32189,18178,512,1156,21340,2484,3285
1	123	6581	31067,1939,1130,32189,18178,512,1156,21340,2484,3285
0	123	6034	31067,1939,1130,32189,18178,512,1156,21340,2484,3285,6581
1	123	7493	31067,1939,1130,32189,18178,512,1156,21340,2484,3285,6581
1	123	7040	31067,1939,1130,32189,18178,512,1156,21340,2484,3285,6581,7493
0	123	8189	31067,1939,1130,32189,18178,512,1156,21340,2484,3285,6581,7493,7040
1	123	444	31067,1939,1130,32189,18178,512,1156,21340,2484,3285,6581,7493,7040
0	123	8654	31067,1939,1130,32189,18178,512,1156,21340,2484,3285,6581,7493,7040,444
1	123	6960	31067,1939,1130,32189,18178,512,1156,21340,2484,3285,6581,7493,7040,444
1	123	6958	31067,1939,1130,32189,18178,512,1156,21340,2484,3285,6581,7493,7040,444,6960
1	123	8512	31067,1939,1130,32189,18178,512,1156,21340,2484,3285,6581,7493,7040,444,6960,6958
1	123	8488	31067,1939,1130,32189,18178,512,1156,21340,2484,3285,6581,7493,7040,444,6960,6958,8512
0	123	6545	31067,1939,1130,32189,18178,512,1156,21340,2484,3285,6581,7493,7040,444,6960,6958,8512,8488
0	123	8629	31067,1939,1130,32189,18178,512,1156,21340,2484,3285,6581,7493,7040,444,6960,6958,8512,8488
0	123	8758	31067,1939,1130,32189,18178,512,1156,21340,2484,3285,6581,7493,7040,444,6960,6958,8512,8488
1	123	10377	31067,1939,1130,32189,18178,512,1156,21340,2484,3285,6581,7493,7040,444,6960,6958,8512,8488
0	123	25928	31067,1939,1130,32189,18178,512,1156,21340,2484,3285,6581,7493,7040,444,6960,6958,8512,8488,10377
1	123	10676	31067,1939,1130,32189,18178,512,1156,21340,2484,3285,6581,7493,7040,444,6960,6958,8512,8488,10377
1	123	6818	31067,1939,1130,32189,18178,512,1156,21340,2484,3285,6581,7493,7040,444,6960,6958,8512,8488,10377,10676
0	123	9895	31067,1939,1130,32189,18178,512,1156,21340,2484,3285,6581,7493,7040,444,6960,6958,8512,8488,10377,10676,6818
0	123	10907	31067,1939,1130,32189,18178,512,1156,21340,2484,3285,6581,7493,7040,444,6960,6958,8512,8488,10377,10676,6818
1	123	4230	31067,1939,1130,32189,18178,512,1156,21340,2484,3285,6581,7493,7040,444,6960,6958,8512,8488,10377,10676,6818
0	123	8729	31067,1939,1130,32189,18178,512,1156,21340,2484,3285,6581,7493,7040,444,6960,6958,8512,8488,10377,10676,6818,4230
0	123	9616	31067,1939,1130,32189,18178,512,1156,21340,2484,3285,6581,7493,7040,444,6960,6958,8512,8488,10377,10676,6818,4230
0	123	13253	31067,1939,1130,32189,18178,512,1156,21340,2484,3285,6581,7493,7040,444,6960,6958,8512,8488,10377,10676,6818,4230
1	123	13225	31067,1939,1130,32189,18178,512,1156,21340,2484,3285,6581,7493,7040,444,6960,6958,8512,8488,10377,10676,6818,4230
1	123	11869	31067,1939,1130,32189,18178,512,1156,21340,2484,3285,6581,7493,7040,444,6960,6958,8512,8488,10377,10676,6818,4230,13225
0	123	929	31067,1939,1130,32189,18178,512,1156,21340,2484,3285,6581,7493,7040,444,6960,6958,8512,8488,10377,10676,6818,4230,13225,11869
1	123	5016	31067,1939,1130,32189,18178,512,1156,21340,2484,3285,6581,7493,7040,444,6960,6958,8512,8488,10377,10676,6818,4230,13225,11869
1	123	11867	31067,1939,1130,32189,18178,512,1156,21340,2484,3285,6581,7493,7040,444,6960,6958,8512,8488,10377,10676,6818,4230,13225,11869,5016
0	123	13959	31067,1939,1130,32189,18178,512,1156,21340,2484,3285,6581,7493,7040,444,6960,6958,8512,8488,10377,10676,6818,4230,13225,11869,5016,11867
0	123	15657	31067,1939,1130,32189,18178,512,1156,21340,2484,3285,6581,7493,7040,444,6960,6958,8512,8488,10377,10676,6818,4230,13225,11869,5016,11867
1	123	16126	31067,1939,1130,32189,18178,512,1156,21340,2484,3285,6581,7493,7040,444,6960,6958,8512,8488,10377,10676,6818,4230,13225,11869,5016,11867
1	123	17688	31067,1939,1130,32189,18178,512,1156,21340,2484,3285,6581,7493,7040,444,6960,6958,8512,8488,10377,10676,6818,4230,13225,11869,5016,11867,16126
1	123	13718	31067,1939,1130,32189,18178,512,1156,21340,2484,3285,6581,7493,7040,444,6960,6958,8512,8488,10377,10676,6818,4230,13225,11869,5016,11867,16126,17688
1	123	17926	31067,1939,1130,32189,18178,512,1156,21340,2484,3285,6581,7493,7040,444,6960,6958,8512,8488,10377,10676,6818,4230,13225,11869,5016,11867,16126,17688,13718
0	123	14284	31067,1939,1130,32189,18178,512,1156,21340,2484,3285,6581,7493,7040,444,6960,6958,8512,8488,10377,10676,6818,4230,13225,11869,5016,11867,16126,17688,13718,17926
0	123	15218	31067,1939,1130,32189,18178,512,1156,21340,2484,3285,6581,7493,7040,444,6960,6958,8512,8488,10377,10676,6818,4230,13225,11869,5016,11867,16126,17688,13718,17926
0	123	19238	31067,1939,1130,32189,18178,512,1156,21340,2484,3285,6581,7493,7040,444,6960,6958,8512,8488,10377,10676,6818,4230,13225,11869,5016,11867,16126,17688,13718,17926
0	123	10742	31067,1939,1130,32189,18178,512,1156,21340,2484,3285,6581,7493,7040,444,6960,6958,8512,8488,10377,10676,6818,4230,13225,11869,5016,11867,16126,17688,13718,17926
0	123	18807	31067,1939,1130,32189,18178,512,1156,21340,2484,3285,6581,7493,7040,444,6960,6958,8512,8488,10377,10676,6818,4230,13225,11869,5016,11867,16126,17688,13718,17926
0	123	21511	31067,1939,1130,32189,18178,512,1156,21340,2484,3285,6581,7493,7040,444,6960,6958,8512,8488,10377,10676,6818,4230,13225,11869,5016,11867,16126,17688,13718,17926
0	123	22273	31067,1939,1130,32189,18178,512,1156,21340,2484,3285,6581,7493,7040,444,6960,6958,8512,8488,10377,10676,6818,4230,13225,11869,5016,11867,16126,17688,13718,17926
0	123	15479	31067,1939,1130,32189,18178,512,1156,21340,2484,3285,6581,7493,7040,444,6960,6958,8512,8488,10377,10676,6818,4230,13225,11869,5016,11867,16126,17688,13718,17926
0	123	24361	31067,1939,1130,32189,18178,512,1156,21340,2484,3285,6581,7493,7040,444,6960,6958,8512,8488,10377,10676,6818,4230,13225,11869,5016,11867,16126,17688,13718,17926
1	123	9702	31067,1939,1130,32189,18178,512,1156,21340,2484,3285,6581,7493,7040,444,6960,6958,8512,8488,10377,10676,6818,4230,13225,11869,5016,11867,16126,17688,13718,17926
1	123	23491	31067,1939,1130,32189,18178,512,1156,21340,2484,3285,6581,7493,7040,444,6960,6958,8512,8488,10377,10676,6818,4230,13225,11869,5016,11867,16126,17688,13718,17926,9702
1	123	22859	31067,1939,1130,32189,18178,512,1156,21340,2484,3285,6581,7493,7040,444,6960,6958,8512,8488,10377,10676,6818,4230,13225,11869,5016,11867,16126,17688,13718,17926,9702,23491
1	123	26759	31067,1939,1130,32189,18178,512,1156,21340,2484,3285,6581,7493,7040,444,6960,6958,8512,8488,10377,10676,6818,4230,13225,11869,5016,11867,16126,17688,13718,17926,9702,23491,22859
0	123	25125	31067,1939,1130,32189,18178,512,1156,21340,2484,3285,6581,7493,7040,444,6960,6958,8512,8488,10377,10676,6818,4230,13225,11869,5016,11867,16126,17688,13718,17926,9702,23491,22859,26759
0	123	23389	31067,1939,1130,32189,18178,512,1156,21340,2484,3285,6581,7493,7040,444,6960,6958,8512,8488,10377,10676,6818,4230,13225,11869,5016,11867,16126,17688,13718,17926,9702,23491,22859,26759
0	123	27831	31067,1939,1130,32189,18178,512,1156,21340,2484,3285,6581,7493,7040,444,6960,6958,8512,8488,10377,10676,6818,4230,13225,11869,5016,11867,16126,17688,13718,17926,9702,23491,22859,26759
0	123	27624	31067,1939,1130,32189,18178,512,1156,21340,2484,3285,6581,7493,7040,444,6960,6958,8512,8488,10377,10676,6818,4230,13225,11869,5016,11867,16126,17688,13718,17926,9702,23491,22859,26759
1	123	27464	31067,1939,1130,32189,18178,512,1156,21340,2484,3285,6581,7493,7040,444,6960,6958,8512,8488,10377,10676,6818,4230,13225,11869,5016,11867,16126,17688,13718,17926,9702,23491,22859,26759
0	123	28879	31067,1939,1130,32189,18178,512,1156,21340,2484,3285,6581,7493,7040,444,6960,6958,8512,8488,10377,10676,6818,4230,13225,11869,5016,11867,16126,17688,13718,17926,9702,23491,22859,26759,27464
1	123	11544	31067,1939,1130,32189,18178,512,1156,21340,2484,3285,6581,7493,7040,444,6960,6958,8512,8488,10377,10676,6818,4230,13225,11869,5016,11867,16126,17688,13718,17926,9702,23491,22859,26759,27464
