1	169	8956	0
1	169	11787	8956
0	169	1652	8956,11787
0	169	6856	8956,11787
1	169	24949	8956,11787
1	169	29514	8956,11787,24949
0	169	1827	8956,11787,24949,29514
1	169	25019	8956,11787,24949,29514
1	169	26373	8956,11787,24949,29514,25019
1	169	4167	8956,11787,24949,29514,25019,26373
1	169	26055	8956,11787,24949,29514,25019,26373,4167
1	169	31046	8956,11787,24949,29514,25019,26373,4167,26055
0	169	4943	8956,11787,24949,29514,25019,26373,4167,26055,31046
1	169	25785	8956,11787,24949,29514,25019,26373,4167,26055,31046
1	169	31232	8956,11787,24949,29514,25019,26373,4167,26055,31046,25785
1	169	5088	8956,11787,24949,29514,25019,26373,4167,26055,31046,25785,31232
1	169	6771	8956,11787,24949,29514,25019,26373,4167,26055,31046,25785,31232,5088
0	169	30856	8956,11787,24949,29514,25019,26373,4167,26055,31046,25785,31232,5088,6771
0	169	30857	8956,11787,24949,29514,25019,26373,4167,26055,31046,25785,31232,5088,6771
1	169	29945	8956,11787,24949,29514,25019,26373,4167,26055,31046,25785,31232,5088,6771
1	169	25867	8956,11787,24949,29514,25019,26373,4167,26055,31046,25785,31232,5088,6771,29945
1	169	22689	8956,11787,24949,29514,25019,26373,4167,26055,31046,25785,31232,5088,6771,29945,25867
0	169	32674	8956,11787,24949,29514,25019,26373,4167,26055,31046,25785,31232,5088,6771,29945,25867,22689
1	169	32562	8956,11787,24949,29514,25019,26373,4167,26055,31046,25785,31232,5088,6771,29945,25867,22689
0	169	32059	8956,11787,24949,29514,25019,26373,4167,26055,31046,25785,31232,5088,6771,29945,25867,22689,32562
0	169	33030	8956,11787,24949,29514,25019,26373,4167,26055,31046,25785,31232,5088,6771,29945,25867,22689,32562
0	169	1428	8956,11787,24949,29514,25019,26373,4167,26055,31046,25785,31232,5088,6771,29945,25867,22689,32562
1	169	25200	8956,11787,24949,29514,25019,26373,4167,26055,31046,25785,31232,5088,6771,29945,25867,22689,32562
1	169	25718	8956,11787,24949,29514,25019,26373,4167,26055,31046,25785,31232,5088,6771,29945,25867,22689,32562,25200
1	169	73	8956,11787,24949,29514,25019,26373,4167,26055,31046,25785,31232,5088,6771,29945,25867,22689,32562,25200,25718
0	169	19936	8956,11787,24949,29514,25019,26373,4167,26055,31046,25785,31232,5088,6771,29945,25867,22689,32562,25200,25718,73
1	169	31122	8956,11787,24949,29514,25019,26373,4167,26055,31046,25785,31232,5088,6771,29945,25867,22689,32562,25200,25718,73
1	169	1194	8956,11787,24949,29514,25019,26373,4167,26055,31046,25785,31232,5088,6771,29945,25867,22689,32562,25200,25718,73,31122
1	169	8264	8956,11787,24949,29514,25019,26373,4167,26055,31046,25785,31232,5088,6771,29945,25867,22689,32562,25200,25718,73,31122,1194
0	169	31683	8956,11787,24949,29514,25019,26373,4167,26055,31046,25785,31232,5088,6771,29945,25867,22689,32562,25200,25718,73,31122,1194,8264
1	169	24380	8956,11787,24949,29514,25019,26373,4167,26055,31046,25785,31232,5088,6771,29945,25867,22689,32562,25200,25718,73,31122,1194,8264
1	169	3091	8956,11787,24949,29514,25019,26373,4167,26055,31046,25785,31232,5088,6771,29945,25867,22689,32562,25200,25718,73,31122,1194,8264,24380
1	169	1791	8956,11787,24949,29514,25019,26373,4167,26055,31046,25785,31232,5088,6771,29945,25867,22689,32562,25200,25718,73,31122,1194,8264,24380,3091
0	169	9523	8956,11787,24949,29514,25019,26373,4167,26055,31046,25785,31232,5088,6771,29945,25867,22689,32562,25200,25718,73,31122,1194,8264,24380,3091,1791
0	169	1120	8956,11787,24949,29514,25019,26373,4167,26055,31046,25785,31232,5088,6771,29945,25867,22689,32562,25200,25718,73,31122,1194,8264,24380,3091,1791
1	169	703	8956,11787,24949,29514,25019,26373,4167,26055,31046,25785,31232,5088,6771,29945,25867,22689,32562,25200,25718,73,31122,1194,8264,24380,3091,1791
0	169	31921	8956,11787,24949,29514,25019,26373,4167,26055,31046,25785,31232,5088,6771,29945,25867,22689,32562,25200,25718,73,31122,1194,8264,24380,3091,1791,703
1	169	32882	8956,11787,24949,29514,25019,26373,4167,26055,31046,25785,31232,5088,6771,29945,25867,22689,32562,25200,25718,73,31122,1194,8264,24380,3091,1791,703
1	169	33086	8956,11787,24949,29514,25019,26373,4167,26055,31046,25785,31232,5088,6771,29945,25867,22689,32562,25200,25718,73,31122,1194,8264,24380,3091,1791,703,32882
1	169	1220	8956,11787,24949,29514,25019,26373,4167,26055,31046,25785,31232,5088,6771,29945,25867,22689,32562,25200,25718,73,31122,1194,8264,24380,3091,1791,703,32882,33086
1	169	3274	8956,11787,24949,29514,25019,26373,4167,26055,31046,25785,31232,5088,6771,29945,25867,22689,32562,25200,25718,73,31122,1194,8264,24380,3091,1791,703,32882,33086,1220
1	169	1411	8956,11787,24949,29514,25019,26373,4167,26055,31046,25785,31232,5088,6771,29945,25867,22689,32562,25200,25718,73,31122,1194,8264,24380,3091,1791,703,32882,33086,1220,3274
1	169	4621	8956,11787,24949,29514,25019,26373,4167,26055,31046,25785,31232,5088,6771,29945,25867,22689,32562,25200,25718,73,31122,1194,8264,24380,3091,1791,703,32882,33086,1220,3274,1411
0	169	16632	8956,11787,24949,29514,25019,26373,4167,26055,31046,25785,31232,5088,6771,29945,25867,22689,32562,25200,25718,73,31122,1194,8264,24380,3091,1791,703,32882,33086,1220,3274,1411,4621
0	169	1693	8956,11787,24949,29514,25019,26373,4167,26055,31046,25785,31232,5088,6771,29945,25867,22689,32562,25200,25718,73,31122,1194,8264,24380,3091,1791,703,32882,33086,1220,3274,1411,4621
1	169	3625	8956,11787,24949,29514,25019,26373,4167,26055,31046,25785,31232,5088,6771,29945,25867,22689,32562,25200,25718,73,31122,1194,8264,24380,3091,1791,703,32882,33086,1220,3274,1411,4621
1	169	5531	8956,11787,24949,29514,25019,26373,4167,26055,31046,25785,31232,5088,6771,29945,25867,22689,32562,25200,25718,73,31122,1194,8264,24380,3091,1791,703,32882,33086,1220,3274,1411,4621,3625
0	169	7377	8956,11787,24949,29514,25019,26373,4167,26055,31046,25785,31232,5088,6771,29945,25867,22689,32562,25200,25718,73,31122,1194,8264,24380,3091,1791,703,32882,33086,1220,3274,1411,4621,3625,5531
1	169	9106	8956,11787,24949,29514,25019,26373,4167,26055,31046,25785,31232,5088,6771,29945,25867,22689,32562,25200,25718,73,31122,1194,8264,24380,3091,1791,703,32882,33086,1220,3274,1411,4621,3625,5531
1	169	9107	8956,11787,24949,29514,25019,26373,4167,26055,31046,25785,31232,5088,6771,29945,25867,22689,32562,25200,25718,73,31122,1194,8264,24380,3091,1791,703,32882,33086,1220,3274,1411,4621,3625,5531,9106
0	169	9527	8956,11787,24949,29514,25019,26373,4167,26055,31046,25785,31232,5088,6771,29945,25867,22689,32562,25200,25718,73,31122,1194,8264,24380,3091,1791,703,32882,33086,1220,3274,1411,4621,3625,5531,9106,9107
0	169	9823	8956,11787,24949,29514,25019,26373,4167,26055,31046,25785,31232,5088,6771,29945,25867,22689,32562,25200,25718,73,31122,1194,8264,24380,3091,1791,703,32882,33086,1220,3274,1411,4621,3625,5531,9106,9107
1	169	31673	8956,11787,24949,29514,25019,26373,4167,26055,31046,25785,31232,5088,6771,29945,25867,22689,32562,25200,25718,73,31122,1194,8264,24380,3091,1791,703,32882,33086,1220,3274,1411,4621,3625,5531,9106,9107
0	169	670	8956,11787,24949,29514,25019,26373,4167,26055,31046,25785,31232,5088,6771,29945,25867,22689,32562,25200,25718,73,31122,1194,8264,24380,3091,1791,703,32882,33086,1220,3274,1411,4621,3625,5531,9106,9107,31673
1	169	32295	8956,11787,24949,29514,25019,26373,4167,26055,31046,25785,31232,5088,6771,29945,25867,22689,32562,25200,25718,73,31122,1194,8264,24380,3091,1791,703,32882,33086,1220,3274,1411,4621,3625,5531,9106,9107,31673
1	169	10576	8956,11787,24949,29514,25019,26373,4167,26055,31046,25785,31232,5088,6771,29945,25867,22689,32562,25200,25718,73,31122,1194,8264,24380,3091,1791,703,32882,33086,1220,3274,1411,4621,3625,5531,9106,9107,31673,32295
1	169	4607	8956,11787,24949,29514,25019,26373,4167,26055,31046,25785,31232,5088,6771,29945,25867,22689,32562,25200,25718,73,31122,1194,8264,24380,3091,1791,703,32882,33086,1220,3274,1411,4621,3625,5531,9106,9107,31673,32295,10576
0	169	10575	8956,11787,24949,29514,25019,26373,4167,26055,31046,25785,31232,5088,6771,29945,25867,22689,32562,25200,25718,73,31122,1194,8264,24380,3091,1791,703,32882,33086,1220,3274,1411,4621,3625,5531,9106,9107,31673,32295,10576,4607
1	169	13228	8956,11787,24949,29514,25019,26373,4167,26055,31046,25785,31232,5088,6771,29945,25867,22689,32562,25200,25718,73,31122,1194,8264,24380,3091,1791,703,32882,33086,1220,3274,1411,4621,3625,5531,9106,9107,31673,32295,10576,4607
1	169	13669	8956,11787,24949,29514,25019,26373,4167,26055,31046,25785,31232,5088,6771,29945,25867,22689,32562,25200,25718,73,31122,1194,8264,24380,3091,1791,703,32882,33086,1220,3274,1411,4621,3625,5531,9106,9107,31673,32295,10576,4607,13228
1	169	15751	8956,11787,24949,29514,25019,26373,4167,26055,31046,25785,31232,5088,6771,29945,25867,22689,32562,25200,25718,73,31122,1194,8264,24380,3091,1791,703,32882,33086,1220,3274,1411,4621,3625,5531,9106,9107,31673,32295,10576,4607,13228,13669
1	169	13529	8956,11787,24949,29514,25019,26373,4167,26055,31046,25785,31232,5088,6771,29945,25867,22689,32562,25200,25718,73,31122,1194,8264,24380,3091,1791,703,32882,33086,1220,3274,1411,4621,3625,5531,9106,9107,31673,32295,10576,4607,13228,13669,15751
0	169	8339	8956,11787,24949,29514,25019,26373,4167,26055,31046,25785,31232,5088,6771,29945,25867,22689,32562,25200,25718,73,31122,1194,8264,24380,3091,1791,703,32882,33086,1220,3274,1411,4621,3625,5531,9106,9107,31673,32295,10576,4607,13228,13669,15751,13529
1	169	14056	8956,11787,24949,29514,25019,26373,4167,26055,31046,25785,31232,5088,6771,29945,25867,22689,32562,25200,25718,73,31122,1194,8264,24380,3091,1791,703,32882,33086,1220,3274,1411,4621,3625,5531,9106,9107,31673,32295,10576,4607,13228,13669,15751,13529
1	169	12830	8956,11787,24949,29514,25019,26373,4167,26055,31046,25785,31232,5088,6771,29945,25867,22689,32562,25200,25718,73,31122,1194,8264,24380,3091,1791,703,32882,33086,1220,3274,1411,4621,3625,5531,9106,9107,31673,32295,10576,4607,13228,13669,15751,13529,14056
1	169	16219	8956,11787,24949,29514,25019,26373,4167,26055,31046,25785,31232,5088,6771,29945,25867,22689,32562,25200,25718,73,31122,1194,8264,24380,3091,1791,703,32882,33086,1220,3274,1411,4621,3625,5531,9106,9107,31673,32295,10576,4607,13228,13669,15751,13529,14056,12830
1	169	8246	8956,11787,24949,29514,25019,26373,4167,26055,31046,25785,31232,5088,6771,29945,25867,22689,32562,25200,25718,73,31122,1194,8264,24380,3091,1791,703,32882,33086,1220,3274,1411,4621,3625,5531,9106,9107,31673,32295,10576,4607,13228,13669,15751,13529,14056,12830,16219
1	169	7179	8956,11787,24949,29514,25019,26373,4167,26055,31046,25785,31232,5088,6771,29945,25867,22689,32562,25200,25718,73,31122,1194,8264,24380,3091,1791,703,32882,33086,1220,3274,1411,4621,3625,5531,9106,9107,31673,32295,10576,4607,13228,13669,15751,13529,14056,12830,16219,8246
