1	1785	16016	0
0	1785	17077	16016
0	1785	20327	16016
0	1785	5278	16016
0	1785	5268	16016
1	1785	12441	16016
0	1785	21805	16016,12441
1	1785	18053	16016,12441
1	1785	16072	16016,12441,18053
0	1785	1854	16016,12441,18053,16072
1	1785	5219	16016,12441,18053,16072
1	1785	17315	16016,12441,18053,16072,5219
0	1785	9968	16016,12441,18053,16072,5219,17315
1	1785	8695	16016,12441,18053,16072,5219,17315
0	1785	13935	16016,12441,18053,16072,5219,17315,8695
1	1785	20828	16016,12441,18053,16072,5219,17315,8695
0	1785	22440	16016,12441,18053,16072,5219,17315,8695,20828
0	1785	1944	16016,12441,18053,16072,5219,17315,8695,20828
1	1785	2056	16016,12441,18053,16072,5219,17315,8695,20828
1	1785	15773	16016,12441,18053,16072,5219,17315,8695,20828,2056
0	1785	21659	16016,12441,18053,16072,5219,17315,8695,20828,2056,15773
0	1785	32825	16016,12441,18053,16072,5219,17315,8695,20828,2056,15773
0	1785	17127	16016,12441,18053,16072,5219,17315,8695,20828,2056,15773
1	1785	22134	16016,12441,18053,16072,5219,17315,8695,20828,2056,15773
0	1785	14773	16016,12441,18053,16072,5219,17315,8695,20828,2056,15773,22134
1	1785	24169	16016,12441,18053,16072,5219,17315,8695,20828,2056,15773,22134
1	1785	22092	16016,12441,18053,16072,5219,17315,8695,20828,2056,15773,22134,24169
1	1785	9902	16016,12441,18053,16072,5219,17315,8695,20828,2056,15773,22134,24169,22092
0	1785	22205	16016,12441,18053,16072,5219,17315,8695,20828,2056,15773,22134,24169,22092,9902
0	1785	25278	16016,12441,18053,16072,5219,17315,8695,20828,2056,15773,22134,24169,22092,9902
0	1785	21830	16016,12441,18053,16072,5219,17315,8695,20828,2056,15773,22134,24169,22092,9902
1	1785	27269	16016,12441,18053,16072,5219,17315,8695,20828,2056,15773,22134,24169,22092,9902
1	1785	27288	16016,12441,18053,16072,5219,17315,8695,20828,2056,15773,22134,24169,22092,9902,27269
0	1785	6400	16016,12441,18053,16072,5219,17315,8695,20828,2056,15773,22134,24169,22092,9902,27269,27288
1	1785	28535	16016,12441,18053,16072,5219,17315,8695,20828,2056,15773,22134,24169,22092,9902,27269,27288
1	1785	27261	16016,12441,18053,16072,5219,17315,8695,20828,2056,15773,22134,24169,22092,9902,27269,27288,28535
1	1785	27960	16016,12441,18053,16072,5219,17315,8695,20828,2056,15773,22134,24169,22092,9902,27269,27288,28535,27261
1	1785	25362	16016,12441,18053,16072,5219,17315,8695,20828,2056,15773,22134,24169,22092,9902,27269,27288,28535,27261,27960
0	1785	25360	16016,12441,18053,16072,5219,17315,8695,20828,2056,15773,22134,24169,22092,9902,27269,27288,28535,27261,27960,25362
0	1785	28047	16016,12441,18053,16072,5219,17315,8695,20828,2056,15773,22134,24169,22092,9902,27269,27288,28535,27261,27960,25362
1	1785	28536	16016,12441,18053,16072,5219,17315,8695,20828,2056,15773,22134,24169,22092,9902,27269,27288,28535,27261,27960,25362
0	1785	22671	16016,12441,18053,16072,5219,17315,8695,20828,2056,15773,22134,24169,22092,9902,27269,27288,28535,27261,27960,25362,28536
1	1785	25136	16016,12441,18053,16072,5219,17315,8695,20828,2056,15773,22134,24169,22092,9902,27269,27288,28535,27261,27960,25362,28536
0	1785	4857	16016,12441,18053,16072,5219,17315,8695,20828,2056,15773,22134,24169,22092,9902,27269,27288,28535,27261,27960,25362,28536,25136
0	1785	26493	16016,12441,18053,16072,5219,17315,8695,20828,2056,15773,22134,24169,22092,9902,27269,27288,28535,27261,27960,25362,28536,25136
0	1785	14909	16016,12441,18053,16072,5219,17315,8695,20828,2056,15773,22134,24169,22092,9902,27269,27288,28535,27261,27960,25362,28536,25136
1	1785	29036	16016,12441,18053,16072,5219,17315,8695,20828,2056,15773,22134,24169,22092,9902,27269,27288,28535,27261,27960,25362,28536,25136
0	1785	25361	16016,12441,18053,16072,5219,17315,8695,20828,2056,15773,22134,24169,22092,9902,27269,27288,28535,27261,27960,25362,28536,25136,29036
0	1785	29037	16016,12441,18053,16072,5219,17315,8695,20828,2056,15773,22134,24169,22092,9902,27269,27288,28535,27261,27960,25362,28536,25136,29036
1	1785	28527	16016,12441,18053,16072,5219,17315,8695,20828,2056,15773,22134,24169,22092,9902,27269,27288,28535,27261,27960,25362,28536,25136,29036
0	1785	28872	16016,12441,18053,16072,5219,17315,8695,20828,2056,15773,22134,24169,22092,9902,27269,27288,28535,27261,27960,25362,28536,25136,29036,28527
