1	960	14593	0
1	960	5412	14593
0	960	3910	14593,5412
1	960	4882	14593,5412
1	960	16031	14593,5412,4882
1	960	32607	14593,5412,4882,16031
1	960	17550	14593,5412,4882,16031,32607
1	960	22215	14593,5412,4882,16031,32607,17550
1	960	10136	14593,5412,4882,16031,32607,17550,22215
1	960	21826	14593,5412,4882,16031,32607,17550,22215,10136
1	960	32751	14593,5412,4882,16031,32607,17550,22215,10136,21826
1	960	2817	14593,5412,4882,16031,32607,17550,22215,10136,21826,32751
1	960	3054	14593,5412,4882,16031,32607,17550,22215,10136,21826,32751,2817
1	960	5870	14593,5412,4882,16031,32607,17550,22215,10136,21826,32751,2817,3054
1	960	7982	14593,5412,4882,16031,32607,17550,22215,10136,21826,32751,2817,3054,5870
1	960	9970	14593,5412,4882,16031,32607,17550,22215,10136,21826,32751,2817,3054,5870,7982
1	960	11972	14593,5412,4882,16031,32607,17550,22215,10136,21826,32751,2817,3054,5870,7982,9970
1	960	17182	14593,5412,4882,16031,32607,17550,22215,10136,21826,32751,2817,3054,5870,7982,9970,11972
1	960	22860	14593,5412,4882,16031,32607,17550,22215,10136,21826,32751,2817,3054,5870,7982,9970,11972,17182
1	960	23044	14593,5412,4882,16031,32607,17550,22215,10136,21826,32751,2817,3054,5870,7982,9970,11972,17182,22860
1	960	24688	14593,5412,4882,16031,32607,17550,22215,10136,21826,32751,2817,3054,5870,7982,9970,11972,17182,22860,23044
1	960	8804	14593,5412,4882,16031,32607,17550,22215,10136,21826,32751,2817,3054,5870,7982,9970,11972,17182,22860,23044,24688
1	960	15244	14593,5412,4882,16031,32607,17550,22215,10136,21826,32751,2817,3054,5870,7982,9970,11972,17182,22860,23044,24688,8804
1	960	24912	14593,5412,4882,16031,32607,17550,22215,10136,21826,32751,2817,3054,5870,7982,9970,11972,17182,22860,23044,24688,8804,15244
1	960	32539	14593,5412,4882,16031,32607,17550,22215,10136,21826,32751,2817,3054,5870,7982,9970,11972,17182,22860,23044,24688,8804,15244,24912
1	960	23682	14593,5412,4882,16031,32607,17550,22215,10136,21826,32751,2817,3054,5870,7982,9970,11972,17182,22860,23044,24688,8804,15244,24912,32539
1	960	26453	14593,5412,4882,16031,32607,17550,22215,10136,21826,32751,2817,3054,5870,7982,9970,11972,17182,22860,23044,24688,8804,15244,24912,32539,23682
0	960	5598	14593,5412,4882,16031,32607,17550,22215,10136,21826,32751,2817,3054,5870,7982,9970,11972,17182,22860,23044,24688,8804,15244,24912,32539,23682,26453
0	960	5954	14593,5412,4882,16031,32607,17550,22215,10136,21826,32751,2817,3054,5870,7982,9970,11972,17182,22860,23044,24688,8804,15244,24912,32539,23682,26453
1	960	32332	14593,5412,4882,16031,32607,17550,22215,10136,21826,32751,2817,3054,5870,7982,9970,11972,17182,22860,23044,24688,8804,15244,24912,32539,23682,26453
1	960	15134	14593,5412,4882,16031,32607,17550,22215,10136,21826,32751,2817,3054,5870,7982,9970,11972,17182,22860,23044,24688,8804,15244,24912,32539,23682,26453,32332
1	960	26716	14593,5412,4882,16031,32607,17550,22215,10136,21826,32751,2817,3054,5870,7982,9970,11972,17182,22860,23044,24688,8804,15244,24912,32539,23682,26453,32332,15134
1	960	32307	14593,5412,4882,16031,32607,17550,22215,10136,21826,32751,2817,3054,5870,7982,9970,11972,17182,22860,23044,24688,8804,15244,24912,32539,23682,26453,32332,15134,26716
1	960	10077	14593,5412,4882,16031,32607,17550,22215,10136,21826,32751,2817,3054,5870,7982,9970,11972,17182,22860,23044,24688,8804,15244,24912,32539,23682,26453,32332,15134,26716,32307
1	960	15107	14593,5412,4882,16031,32607,17550,22215,10136,21826,32751,2817,3054,5870,7982,9970,11972,17182,22860,23044,24688,8804,15244,24912,32539,23682,26453,32332,15134,26716,32307,10077
1	960	17409	14593,5412,4882,16031,32607,17550,22215,10136,21826,32751,2817,3054,5870,7982,9970,11972,17182,22860,23044,24688,8804,15244,24912,32539,23682,26453,32332,15134,26716,32307,10077,15107
1	960	18819	14593,5412,4882,16031,32607,17550,22215,10136,21826,32751,2817,3054,5870,7982,9970,11972,17182,22860,23044,24688,8804,15244,24912,32539,23682,26453,32332,15134,26716,32307,10077,15107,17409
1	960	19600	14593,5412,4882,16031,32607,17550,22215,10136,21826,32751,2817,3054,5870,7982,9970,11972,17182,22860,23044,24688,8804,15244,24912,32539,23682,26453,32332,15134,26716,32307,10077,15107,17409,18819
1	960	23093	14593,5412,4882,16031,32607,17550,22215,10136,21826,32751,2817,3054,5870,7982,9970,11972,17182,22860,23044,24688,8804,15244,24912,32539,23682,26453,32332,15134,26716,32307,10077,15107,17409,18819,19600
1	960	27126	14593,5412,4882,16031,32607,17550,22215,10136,21826,32751,2817,3054,5870,7982,9970,11972,17182,22860,23044,24688,8804,15244,24912,32539,23682,26453,32332,15134,26716,32307,10077,15107,17409,18819,19600,23093
1	960	27500	14593,5412,4882,16031,32607,17550,22215,10136,21826,32751,2817,3054,5870,7982,9970,11972,17182,22860,23044,24688,8804,15244,24912,32539,23682,26453,32332,15134,26716,32307,10077,15107,17409,18819,19600,23093,27126
1	960	19257	14593,5412,4882,16031,32607,17550,22215,10136,21826,32751,2817,3054,5870,7982,9970,11972,17182,22860,23044,24688,8804,15244,24912,32539,23682,26453,32332,15134,26716,32307,10077,15107,17409,18819,19600,23093,27126,27500
1	960	25941	14593,5412,4882,16031,32607,17550,22215,10136,21826,32751,2817,3054,5870,7982,9970,11972,17182,22860,23044,24688,8804,15244,24912,32539,23682,26453,32332,15134,26716,32307,10077,15107,17409,18819,19600,23093,27126,27500,19257
0	960	28930	14593,5412,4882,16031,32607,17550,22215,10136,21826,32751,2817,3054,5870,7982,9970,11972,17182,22860,23044,24688,8804,15244,24912,32539,23682,26453,32332,15134,26716,32307,10077,15107,17409,18819,19600,23093,27126,27500,19257,25941
1	960	28988	14593,5412,4882,16031,32607,17550,22215,10136,21826,32751,2817,3054,5870,7982,9970,11972,17182,22860,23044,24688,8804,15244,24912,32539,23682,26453,32332,15134,26716,32307,10077,15107,17409,18819,19600,23093,27126,27500,19257,25941
