1	410	4526	0
1	410	9212	4526
1	410	32746	4526,9212
1	410	4506	4526,9212,32746
1	410	5565	4526,9212,32746,4506
0	410	31664	4526,9212,32746,4506,5565
0	410	9910	4526,9212,32746,4506,5565
0	410	31529	4526,9212,32746,4506,5565
1	410	5277	4526,9212,32746,4506,5565
1	410	9685	4526,9212,32746,4506,5565,5277
1	410	10416	4526,9212,32746,4506,5565,5277,9685
1	410	3556	4526,9212,32746,4506,5565,5277,9685,10416
1	410	11802	4526,9212,32746,4506,5565,5277,9685,10416,3556
1	410	24737	4526,9212,32746,4506,5565,5277,9685,10416,3556,11802
1	410	28026	4526,9212,32746,4506,5565,5277,9685,10416,3556,11802,24737
1	410	7110	4526,9212,32746,4506,5565,5277,9685,10416,3556,11802,24737,28026
1	410	9495	4526,9212,32746,4506,5565,5277,9685,10416,3556,11802,24737,28026,7110
0	410	13142	4526,9212,32746,4506,5565,5277,9685,10416,3556,11802,24737,28026,7110,9495
1	410	10559	4526,9212,32746,4506,5565,5277,9685,10416,3556,11802,24737,28026,7110,9495
1	410	22511	4526,9212,32746,4506,5565,5277,9685,10416,3556,11802,24737,28026,7110,9495,10559
1	410	22794	4526,9212,32746,4506,5565,5277,9685,10416,3556,11802,24737,28026,7110,9495,10559,22511
1	410	23206	4526,9212,32746,4506,5565,5277,9685,10416,3556,11802,24737,28026,7110,9495,10559,22511,22794
1	410	24578	4526,9212,32746,4506,5565,5277,9685,10416,3556,11802,24737,28026,7110,9495,10559,22511,22794,23206
1	410	23078	4526,9212,32746,4506,5565,5277,9685,10416,3556,11802,24737,28026,7110,9495,10559,22511,22794,23206,24578
1	410	8282	4526,9212,32746,4506,5565,5277,9685,10416,3556,11802,24737,28026,7110,9495,10559,22511,22794,23206,24578,23078
1	410	14579	4526,9212,32746,4506,5565,5277,9685,10416,3556,11802,24737,28026,7110,9495,10559,22511,22794,23206,24578,23078,8282
1	410	17545	4526,9212,32746,4506,5565,5277,9685,10416,3556,11802,24737,28026,7110,9495,10559,22511,22794,23206,24578,23078,8282,14579
1	410	22440	4526,9212,32746,4506,5565,5277,9685,10416,3556,11802,24737,28026,7110,9495,10559,22511,22794,23206,24578,23078,8282,14579,17545
1	410	21951	4526,9212,32746,4506,5565,5277,9685,10416,3556,11802,24737,28026,7110,9495,10559,22511,22794,23206,24578,23078,8282,14579,17545,22440
1	410	4508	4526,9212,32746,4506,5565,5277,9685,10416,3556,11802,24737,28026,7110,9495,10559,22511,22794,23206,24578,23078,8282,14579,17545,22440,21951
1	410	15183	4526,9212,32746,4506,5565,5277,9685,10416,3556,11802,24737,28026,7110,9495,10559,22511,22794,23206,24578,23078,8282,14579,17545,22440,21951,4508
1	410	31305	4526,9212,32746,4506,5565,5277,9685,10416,3556,11802,24737,28026,7110,9495,10559,22511,22794,23206,24578,23078,8282,14579,17545,22440,21951,4508,15183
1	410	21595	4526,9212,32746,4506,5565,5277,9685,10416,3556,11802,24737,28026,7110,9495,10559,22511,22794,23206,24578,23078,8282,14579,17545,22440,21951,4508,15183,31305
1	410	6477	4526,9212,32746,4506,5565,5277,9685,10416,3556,11802,24737,28026,7110,9495,10559,22511,22794,23206,24578,23078,8282,14579,17545,22440,21951,4508,15183,31305,21595
1	410	13254	4526,9212,32746,4506,5565,5277,9685,10416,3556,11802,24737,28026,7110,9495,10559,22511,22794,23206,24578,23078,8282,14579,17545,22440,21951,4508,15183,31305,21595,6477
1	410	31293	4526,9212,32746,4506,5565,5277,9685,10416,3556,11802,24737,28026,7110,9495,10559,22511,22794,23206,24578,23078,8282,14579,17545,22440,21951,4508,15183,31305,21595,6477,13254
1	410	32141	4526,9212,32746,4506,5565,5277,9685,10416,3556,11802,24737,28026,7110,9495,10559,22511,22794,23206,24578,23078,8282,14579,17545,22440,21951,4508,15183,31305,21595,6477,13254,31293
1	410	1505	4526,9212,32746,4506,5565,5277,9685,10416,3556,11802,24737,28026,7110,9495,10559,22511,22794,23206,24578,23078,8282,14579,17545,22440,21951,4508,15183,31305,21595,6477,13254,31293,32141
1	410	1521	4526,9212,32746,4506,5565,5277,9685,10416,3556,11802,24737,28026,7110,9495,10559,22511,22794,23206,24578,23078,8282,14579,17545,22440,21951,4508,15183,31305,21595,6477,13254,31293,32141,1505
1	410	5878	4526,9212,32746,4506,5565,5277,9685,10416,3556,11802,24737,28026,7110,9495,10559,22511,22794,23206,24578,23078,8282,14579,17545,22440,21951,4508,15183,31305,21595,6477,13254,31293,32141,1505,1521
1	410	9082	4526,9212,32746,4506,5565,5277,9685,10416,3556,11802,24737,28026,7110,9495,10559,22511,22794,23206,24578,23078,8282,14579,17545,22440,21951,4508,15183,31305,21595,6477,13254,31293,32141,1505,1521,5878
1	410	22331	4526,9212,32746,4506,5565,5277,9685,10416,3556,11802,24737,28026,7110,9495,10559,22511,22794,23206,24578,23078,8282,14579,17545,22440,21951,4508,15183,31305,21595,6477,13254,31293,32141,1505,1521,5878,9082
1	410	22332	4526,9212,32746,4506,5565,5277,9685,10416,3556,11802,24737,28026,7110,9495,10559,22511,22794,23206,24578,23078,8282,14579,17545,22440,21951,4508,15183,31305,21595,6477,13254,31293,32141,1505,1521,5878,9082,22331
1	410	27567	4526,9212,32746,4506,5565,5277,9685,10416,3556,11802,24737,28026,7110,9495,10559,22511,22794,23206,24578,23078,8282,14579,17545,22440,21951,4508,15183,31305,21595,6477,13254,31293,32141,1505,1521,5878,9082,22331,22332
1	410	23316	4526,9212,32746,4506,5565,5277,9685,10416,3556,11802,24737,28026,7110,9495,10559,22511,22794,23206,24578,23078,8282,14579,17545,22440,21951,4508,15183,31305,21595,6477,13254,31293,32141,1505,1521,5878,9082,22331,22332,27567
