1	203	1940	0
0	203	1755	1940
0	203	2010	1940
1	203	3374	1940
1	203	4101	1940,3374
1	203	5331	1940,3374,4101
0	203	4773	1940,3374,4101,5331
0	203	6269	1940,3374,4101,5331
0	203	4576	1940,3374,4101,5331
1	203	7427	1940,3374,4101,5331
0	203	12083	1940,3374,4101,5331,7427
1	203	7195	1940,3374,4101,5331,7427
0	203	8621	1940,3374,4101,5331,7427,7195
0	203	8729	1940,3374,4101,5331,7427,7195
0	203	5177	1940,3374,4101,5331,7427,7195
0	203	6172	1940,3374,4101,5331,7427,7195
0	203	12143	1940,3374,4101,5331,7427,7195
1	203	8814	1940,3374,4101,5331,7427,7195
1	203	15854	1940,3374,4101,5331,7427,7195,8814
0	203	16459	1940,3374,4101,5331,7427,7195,8814,15854
1	203	13434	1940,3374,4101,5331,7427,7195,8814,15854
1	203	19862	1940,3374,4101,5331,7427,7195,8814,15854,13434
1	203	21179	1940,3374,4101,5331,7427,7195,8814,15854,13434,19862
1	203	21661	1940,3374,4101,5331,7427,7195,8814,15854,13434,19862,21179
1	203	23447	1940,3374,4101,5331,7427,7195,8814,15854,13434,19862,21179,21661
0	203	23587	1940,3374,4101,5331,7427,7195,8814,15854,13434,19862,21179,21661,23447
0	203	23822	1940,3374,4101,5331,7427,7195,8814,15854,13434,19862,21179,21661,23447
1	203	23491	1940,3374,4101,5331,7427,7195,8814,15854,13434,19862,21179,21661,23447
1	203	23452	1940,3374,4101,5331,7427,7195,8814,15854,13434,19862,21179,21661,23447,23491
1	203	25514	1940,3374,4101,5331,7427,7195,8814,15854,13434,19862,21179,21661,23447,23491,23452
1	203	23449	1940,3374,4101,5331,7427,7195,8814,15854,13434,19862,21179,21661,23447,23491,23452,25514
0	203	25524	1940,3374,4101,5331,7427,7195,8814,15854,13434,19862,21179,21661,23447,23491,23452,25514,23449
1	203	23453	1940,3374,4101,5331,7427,7195,8814,15854,13434,19862,21179,21661,23447,23491,23452,25514,23449
0	203	26752	1940,3374,4101,5331,7427,7195,8814,15854,13434,19862,21179,21661,23447,23491,23452,25514,23449,23453
0	203	25015	1940,3374,4101,5331,7427,7195,8814,15854,13434,19862,21179,21661,23447,23491,23452,25514,23449,23453
1	203	26527	1940,3374,4101,5331,7427,7195,8814,15854,13434,19862,21179,21661,23447,23491,23452,25514,23449,23453
1	203	27585	1940,3374,4101,5331,7427,7195,8814,15854,13434,19862,21179,21661,23447,23491,23452,25514,23449,23453,26527
0	203	25367	1940,3374,4101,5331,7427,7195,8814,15854,13434,19862,21179,21661,23447,23491,23452,25514,23449,23453,26527,27585
0	203	28100	1940,3374,4101,5331,7427,7195,8814,15854,13434,19862,21179,21661,23447,23491,23452,25514,23449,23453,26527,27585
1	203	28299	1940,3374,4101,5331,7427,7195,8814,15854,13434,19862,21179,21661,23447,23491,23452,25514,23449,23453,26527,27585
1	203	28542	1940,3374,4101,5331,7427,7195,8814,15854,13434,19862,21179,21661,23447,23491,23452,25514,23449,23453,26527,27585,28299
1	203	28871	1940,3374,4101,5331,7427,7195,8814,15854,13434,19862,21179,21661,23447,23491,23452,25514,23449,23453,26527,27585,28299,28542
