0	583	378	0
0	583	31356	0
0	583	24697	0
0	583	1651	0
0	583	467	0
1	583	3163	0
0	583	3967	3163
0	583	4581	3163
0	583	5227	3163
1	583	6189	3163
1	583	7557	3163,6189
1	583	6502	3163,6189,7557
0	583	8941	3163,6189,7557,6502
0	583	10044	3163,6189,7557,6502
1	583	9462	3163,6189,7557,6502
1	583	13310	3163,6189,7557,6502,9462
1	583	13961	3163,6189,7557,6502,9462,13310
1	583	15337	3163,6189,7557,6502,9462,13310,13961
1	583	1831	3163,6189,7557,6502,9462,13310,13961,15337
0	583	11794	3163,6189,7557,6502,9462,13310,13961,15337,1831
1	583	20835	3163,6189,7557,6502,9462,13310,13961,15337,1831
1	583	15752	3163,6189,7557,6502,9462,13310,13961,15337,1831,20835
0	583	16463	3163,6189,7557,6502,9462,13310,13961,15337,1831,20835,15752
1	583	17042	3163,6189,7557,6502,9462,13310,13961,15337,1831,20835,15752
0	583	20598	3163,6189,7557,6502,9462,13310,13961,15337,1831,20835,15752,17042
0	583	22816	3163,6189,7557,6502,9462,13310,13961,15337,1831,20835,15752,17042
1	583	19881	3163,6189,7557,6502,9462,13310,13961,15337,1831,20835,15752,17042
1	583	20966	3163,6189,7557,6502,9462,13310,13961,15337,1831,20835,15752,17042,19881
1	583	23452	3163,6189,7557,6502,9462,13310,13961,15337,1831,20835,15752,17042,19881,20966
1	583	23453	3163,6189,7557,6502,9462,13310,13961,15337,1831,20835,15752,17042,19881,20966,23452
1	583	837	3163,6189,7557,6502,9462,13310,13961,15337,1831,20835,15752,17042,19881,20966,23452,23453
1	583	27586	3163,6189,7557,6502,9462,13310,13961,15337,1831,20835,15752,17042,19881,20966,23452,23453,837
1	583	23768	3163,6189,7557,6502,9462,13310,13961,15337,1831,20835,15752,17042,19881,20966,23452,23453,837,27586
1	583	24020	3163,6189,7557,6502,9462,13310,13961,15337,1831,20835,15752,17042,19881,20966,23452,23453,837,27586,23768
1	583	27429	3163,6189,7557,6502,9462,13310,13961,15337,1831,20835,15752,17042,19881,20966,23452,23453,837,27586,23768,24020
1	583	27227	3163,6189,7557,6502,9462,13310,13961,15337,1831,20835,15752,17042,19881,20966,23452,23453,837,27586,23768,24020,27429
1	583	24048	3163,6189,7557,6502,9462,13310,13961,15337,1831,20835,15752,17042,19881,20966,23452,23453,837,27586,23768,24020,27429,27227
1	583	27830	3163,6189,7557,6502,9462,13310,13961,15337,1831,20835,15752,17042,19881,20966,23452,23453,837,27586,23768,24020,27429,27227,24048
1	583	23316	3163,6189,7557,6502,9462,13310,13961,15337,1831,20835,15752,17042,19881,20966,23452,23453,837,27586,23768,24020,27429,27227,24048,27830
0	583	28600	3163,6189,7557,6502,9462,13310,13961,15337,1831,20835,15752,17042,19881,20966,23452,23453,837,27586,23768,24020,27429,27227,24048,27830,23316
0	583	26516	3163,6189,7557,6502,9462,13310,13961,15337,1831,20835,15752,17042,19881,20966,23452,23453,837,27586,23768,24020,27429,27227,24048,27830,23316
1	583	28483	3163,6189,7557,6502,9462,13310,13961,15337,1831,20835,15752,17042,19881,20966,23452,23453,837,27586,23768,24020,27429,27227,24048,27830,23316
