1	1798	31201	0
1	1798	20067	31201
1	1798	13496	31201,20067
1	1798	23617	31201,20067,13496
1	1798	9818	31201,20067,13496,23617
1	1798	3009	31201,20067,13496,23617,9818
1	1798	4316	31201,20067,13496,23617,9818,3009
0	1798	4843	31201,20067,13496,23617,9818,3009,4316
0	1798	589	31201,20067,13496,23617,9818,3009,4316
1	1798	8217	31201,20067,13496,23617,9818,3009,4316
1	1798	2126	31201,20067,13496,23617,9818,3009,4316,8217
1	1798	4249	31201,20067,13496,23617,9818,3009,4316,8217,2126
1	1798	6031	31201,20067,13496,23617,9818,3009,4316,8217,2126,4249
1	1798	7794	31201,20067,13496,23617,9818,3009,4316,8217,2126,4249,6031
1	1798	4899	31201,20067,13496,23617,9818,3009,4316,8217,2126,4249,6031,7794
0	1798	9421	31201,20067,13496,23617,9818,3009,4316,8217,2126,4249,6031,7794,4899
1	1798	4476	31201,20067,13496,23617,9818,3009,4316,8217,2126,4249,6031,7794,4899
1	1798	10886	31201,20067,13496,23617,9818,3009,4316,8217,2126,4249,6031,7794,4899,4476
1	1798	202	31201,20067,13496,23617,9818,3009,4316,8217,2126,4249,6031,7794,4899,4476,10886
0	1798	4459	31201,20067,13496,23617,9818,3009,4316,8217,2126,4249,6031,7794,4899,4476,10886,202
0	1798	2618	31201,20067,13496,23617,9818,3009,4316,8217,2126,4249,6031,7794,4899,4476,10886,202
1	1798	2270	31201,20067,13496,23617,9818,3009,4316,8217,2126,4249,6031,7794,4899,4476,10886,202
0	1798	10623	31201,20067,13496,23617,9818,3009,4316,8217,2126,4249,6031,7794,4899,4476,10886,202,2270
1	1798	2297	31201,20067,13496,23617,9818,3009,4316,8217,2126,4249,6031,7794,4899,4476,10886,202,2270
1	1798	9675	31201,20067,13496,23617,9818,3009,4316,8217,2126,4249,6031,7794,4899,4476,10886,202,2270,2297
0	1798	13956	31201,20067,13496,23617,9818,3009,4316,8217,2126,4249,6031,7794,4899,4476,10886,202,2270,2297,9675
0	1798	27190	31201,20067,13496,23617,9818,3009,4316,8217,2126,4249,6031,7794,4899,4476,10886,202,2270,2297,9675
0	1798	16747	31201,20067,13496,23617,9818,3009,4316,8217,2126,4249,6031,7794,4899,4476,10886,202,2270,2297,9675
1	1798	21009	31201,20067,13496,23617,9818,3009,4316,8217,2126,4249,6031,7794,4899,4476,10886,202,2270,2297,9675
1	1798	11152	31201,20067,13496,23617,9818,3009,4316,8217,2126,4249,6031,7794,4899,4476,10886,202,2270,2297,9675,21009
1	1798	32741	31201,20067,13496,23617,9818,3009,4316,8217,2126,4249,6031,7794,4899,4476,10886,202,2270,2297,9675,21009,11152
0	1798	19160	31201,20067,13496,23617,9818,3009,4316,8217,2126,4249,6031,7794,4899,4476,10886,202,2270,2297,9675,21009,11152,32741
0	1798	3867	31201,20067,13496,23617,9818,3009,4316,8217,2126,4249,6031,7794,4899,4476,10886,202,2270,2297,9675,21009,11152,32741
1	1798	10065	31201,20067,13496,23617,9818,3009,4316,8217,2126,4249,6031,7794,4899,4476,10886,202,2270,2297,9675,21009,11152,32741
0	1798	19914	31201,20067,13496,23617,9818,3009,4316,8217,2126,4249,6031,7794,4899,4476,10886,202,2270,2297,9675,21009,11152,32741,10065
0	1798	4137	31201,20067,13496,23617,9818,3009,4316,8217,2126,4249,6031,7794,4899,4476,10886,202,2270,2297,9675,21009,11152,32741,10065
0	1798	10087	31201,20067,13496,23617,9818,3009,4316,8217,2126,4249,6031,7794,4899,4476,10886,202,2270,2297,9675,21009,11152,32741,10065
1	1798	27802	31201,20067,13496,23617,9818,3009,4316,8217,2126,4249,6031,7794,4899,4476,10886,202,2270,2297,9675,21009,11152,32741,10065
1	1798	13160	31201,20067,13496,23617,9818,3009,4316,8217,2126,4249,6031,7794,4899,4476,10886,202,2270,2297,9675,21009,11152,32741,10065,27802
1	1798	2568	31201,20067,13496,23617,9818,3009,4316,8217,2126,4249,6031,7794,4899,4476,10886,202,2270,2297,9675,21009,11152,32741,10065,27802,13160
1	1798	3413	31201,20067,13496,23617,9818,3009,4316,8217,2126,4249,6031,7794,4899,4476,10886,202,2270,2297,9675,21009,11152,32741,10065,27802,13160,2568
1	1798	14197	31201,20067,13496,23617,9818,3009,4316,8217,2126,4249,6031,7794,4899,4476,10886,202,2270,2297,9675,21009,11152,32741,10065,27802,13160,2568,3413
0	1798	26386	31201,20067,13496,23617,9818,3009,4316,8217,2126,4249,6031,7794,4899,4476,10886,202,2270,2297,9675,21009,11152,32741,10065,27802,13160,2568,3413,14197
