1	1770	31381	0
1	1770	5458	31381
0	1770	6959	31381,5458
0	1770	5116	31381,5458
0	1770	12437	31381,5458
0	1770	11622	31381,5458
0	1770	12239	31381,5458
0	1770	13184	31381,5458
0	1770	15650	31381,5458
0	1770	10651	31381,5458
0	1770	15751	31381,5458
1	1770	18196	31381,5458
0	1770	15292	31381,5458,18196
0	1770	14760	31381,5458,18196
0	1770	21224	31381,5458,18196
0	1770	15823	31381,5458,18196
0	1770	17773	31381,5458,18196
0	1770	12515	31381,5458,18196
0	1770	21483	31381,5458,18196
0	1770	20436	31381,5458,18196
0	1770	20412	31381,5458,18196
0	1770	22593	31381,5458,18196
1	1770	24547	31381,5458,18196
1	1770	23491	31381,5458,18196,24547
0	1770	24929	31381,5458,18196,24547,23491
0	1770	26237	31381,5458,18196,24547,23491
0	1770	22399	31381,5458,18196,24547,23491
0	1770	25418	31381,5458,18196,24547,23491
1	1770	25476	31381,5458,18196,24547,23491
0	1770	24569	31381,5458,18196,24547,23491,25476
0	1770	25705	31381,5458,18196,24547,23491,25476
0	1770	25891	31381,5458,18196,24547,23491,25476
0	1770	25890	31381,5458,18196,24547,23491,25476
1	1770	27299	31381,5458,18196,24547,23491,25476
1	1770	15419	31381,5458,18196,24547,23491,25476,27299
0	1770	24048	31381,5458,18196,24547,23491,25476,27299,15419
1	1770	27702	31381,5458,18196,24547,23491,25476,27299,15419
0	1770	28728	31381,5458,18196,24547,23491,25476,27299,15419,27702
1	1770	29107	31381,5458,18196,24547,23491,25476,27299,15419,27702
0	1770	28881	31381,5458,18196,24547,23491,25476,27299,15419,27702,29107
1	1770	29250	31381,5458,18196,24547,23491,25476,27299,15419,27702,29107
