0	1095	7344	0
1	1095	20405	0
0	1095	31834	20405
1	1095	32653	20405
0	1095	32927	20405,32653
0	1095	331	20405,32653
1	1095	1120	20405,32653
1	1095	2508	20405,32653,1120
0	1095	917	20405,32653,1120,2508
1	1095	1369	20405,32653,1120,2508
0	1095	3397	20405,32653,1120,2508,1369
0	1095	3502	20405,32653,1120,2508,1369
0	1095	4412	20405,32653,1120,2508,1369
0	1095	3181	20405,32653,1120,2508,1369
0	1095	5173	20405,32653,1120,2508,1369
0	1095	5721	20405,32653,1120,2508,1369
0	1095	5514	20405,32653,1120,2508,1369
0	1095	5933	20405,32653,1120,2508,1369
1	1095	7520	20405,32653,1120,2508,1369
1	1095	4097	20405,32653,1120,2508,1369,7520
0	1095	5824	20405,32653,1120,2508,1369,7520,4097
0	1095	9337	20405,32653,1120,2508,1369,7520,4097
0	1095	1939	20405,32653,1120,2508,1369,7520,4097
0	1095	14004	20405,32653,1120,2508,1369,7520,4097
0	1095	31279	20405,32653,1120,2508,1369,7520,4097
0	1095	829	20405,32653,1120,2508,1369,7520,4097
0	1095	8675	20405,32653,1120,2508,1369,7520,4097
0	1095	31905	20405,32653,1120,2508,1369,7520,4097
0	1095	10878	20405,32653,1120,2508,1369,7520,4097
0	1095	13218	20405,32653,1120,2508,1369,7520,4097
0	1095	3370	20405,32653,1120,2508,1369,7520,4097
0	1095	10841	20405,32653,1120,2508,1369,7520,4097
0	1095	15942	20405,32653,1120,2508,1369,7520,4097
0	1095	16527	20405,32653,1120,2508,1369,7520,4097
0	1095	16806	20405,32653,1120,2508,1369,7520,4097
0	1095	16810	20405,32653,1120,2508,1369,7520,4097
0	1095	12719	20405,32653,1120,2508,1369,7520,4097
0	1095	13767	20405,32653,1120,2508,1369,7520,4097
0	1095	14785	20405,32653,1120,2508,1369,7520,4097
0	1095	16468	20405,32653,1120,2508,1369,7520,4097
0	1095	16469	20405,32653,1120,2508,1369,7520,4097
0	1095	16102	20405,32653,1120,2508,1369,7520,4097
0	1095	17708	20405,32653,1120,2508,1369,7520,4097
0	1095	20787	20405,32653,1120,2508,1369,7520,4097
0	1095	20806	20405,32653,1120,2508,1369,7520,4097
0	1095	5264	20405,32653,1120,2508,1369,7520,4097
0	1095	16474	20405,32653,1120,2508,1369,7520,4097
0	1095	12254	20405,32653,1120,2508,1369,7520,4097
0	1095	22440	20405,32653,1120,2508,1369,7520,4097
0	1095	17403	20405,32653,1120,2508,1369,7520,4097
0	1095	17845	20405,32653,1120,2508,1369,7520,4097
0	1095	20815	20405,32653,1120,2508,1369,7520,4097
0	1095	11354	20405,32653,1120,2508,1369,7520,4097
0	1095	17509	20405,32653,1120,2508,1369,7520,4097
0	1095	18940	20405,32653,1120,2508,1369,7520,4097
0	1095	21805	20405,32653,1120,2508,1369,7520,4097
1	1095	22587	20405,32653,1120,2508,1369,7520,4097
0	1095	23566	20405,32653,1120,2508,1369,7520,4097,22587
0	1095	26083	20405,32653,1120,2508,1369,7520,4097,22587
0	1095	22610	20405,32653,1120,2508,1369,7520,4097,22587
0	1095	23143	20405,32653,1120,2508,1369,7520,4097,22587
0	1095	25795	20405,32653,1120,2508,1369,7520,4097,22587
0	1095	22783	20405,32653,1120,2508,1369,7520,4097,22587
0	1095	14175	20405,32653,1120,2508,1369,7520,4097,22587
0	1095	18183	20405,32653,1120,2508,1369,7520,4097,22587
1	1095	17387	20405,32653,1120,2508,1369,7520,4097,22587
0	1095	22509	20405,32653,1120,2508,1369,7520,4097,22587,17387
1	1095	19986	20405,32653,1120,2508,1369,7520,4097,22587,17387
0	1095	17364	20405,32653,1120,2508,1369,7520,4097,22587,17387,19986
0	1095	27845	20405,32653,1120,2508,1369,7520,4097,22587,17387,19986
