0	1654	2590	0
0	1654	1164	0
0	1654	1579	0
0	1654	2702	0
0	1654	2746	0
0	1654	4411	0
1	1654	2372	0
0	1654	4594	2372
0	1654	6434	2372
1	1654	9195	2372
1	1654	10430	2372,9195
1	1654	10261	2372,9195,10430
0	1654	11592	2372,9195,10430,10261
0	1654	9087	2372,9195,10430,10261
0	1654	11873	2372,9195,10430,10261
0	1654	5264	2372,9195,10430,10261
0	1654	11731	2372,9195,10430,10261
0	1654	8063	2372,9195,10430,10261
0	1654	16386	2372,9195,10430,10261
0	1654	14122	2372,9195,10430,10261
0	1654	11715	2372,9195,10430,10261
1	1654	15869	2372,9195,10430,10261
0	1654	19620	2372,9195,10430,10261,15869
0	1654	4174	2372,9195,10430,10261,15869
1	1654	20787	2372,9195,10430,10261,15869
0	1654	21164	2372,9195,10430,10261,15869,20787
0	1654	21858	2372,9195,10430,10261,15869,20787
0	1654	3041	2372,9195,10430,10261,15869,20787
0	1654	21900	2372,9195,10430,10261,15869,20787
1	1654	16543	2372,9195,10430,10261,15869,20787
1	1654	16195	2372,9195,10430,10261,15869,20787,16543
0	1654	21720	2372,9195,10430,10261,15869,20787,16543,16195
0	1654	22288	2372,9195,10430,10261,15869,20787,16543,16195
1	1654	19358	2372,9195,10430,10261,15869,20787,16543,16195
1	1654	22622	2372,9195,10430,10261,15869,20787,16543,16195,19358
0	1654	21056	2372,9195,10430,10261,15869,20787,16543,16195,19358,22622
1	1654	23766	2372,9195,10430,10261,15869,20787,16543,16195,19358,22622
0	1654	27556	2372,9195,10430,10261,15869,20787,16543,16195,19358,22622,23766
0	1654	23198	2372,9195,10430,10261,15869,20787,16543,16195,19358,22622,23766
1	1654	23739	2372,9195,10430,10261,15869,20787,16543,16195,19358,22622,23766
1	1654	21773	2372,9195,10430,10261,15869,20787,16543,16195,19358,22622,23766,23739
1	1654	23840	2372,9195,10430,10261,15869,20787,16543,16195,19358,22622,23766,23739,21773
1	1654	16430	2372,9195,10430,10261,15869,20787,16543,16195,19358,22622,23766,23739,21773,23840
0	1654	23097	2372,9195,10430,10261,15869,20787,16543,16195,19358,22622,23766,23739,21773,23840,16430
1	1654	26936	2372,9195,10430,10261,15869,20787,16543,16195,19358,22622,23766,23739,21773,23840,16430
0	1654	27156	2372,9195,10430,10261,15869,20787,16543,16195,19358,22622,23766,23739,21773,23840,16430,26936
1	1654	21781	2372,9195,10430,10261,15869,20787,16543,16195,19358,22622,23766,23739,21773,23840,16430,26936
0	1654	7813	2372,9195,10430,10261,15869,20787,16543,16195,19358,22622,23766,23739,21773,23840,16430,26936,21781
1	1654	12131	2372,9195,10430,10261,15869,20787,16543,16195,19358,22622,23766,23739,21773,23840,16430,26936,21781
0	1654	11700	2372,9195,10430,10261,15869,20787,16543,16195,19358,22622,23766,23739,21773,23840,16430,26936,21781,12131
1	1654	20800	2372,9195,10430,10261,15869,20787,16543,16195,19358,22622,23766,23739,21773,23840,16430,26936,21781,12131
0	1654	21339	2372,9195,10430,10261,15869,20787,16543,16195,19358,22622,23766,23739,21773,23840,16430,26936,21781,12131,20800
0	1654	18369	2372,9195,10430,10261,15869,20787,16543,16195,19358,22622,23766,23739,21773,23840,16430,26936,21781,12131,20800
1	1654	28528	2372,9195,10430,10261,15869,20787,16543,16195,19358,22622,23766,23739,21773,23840,16430,26936,21781,12131,20800
0	1654	29488	2372,9195,10430,10261,15869,20787,16543,16195,19358,22622,23766,23739,21773,23840,16430,26936,21781,12131,20800,28528
