1	786	9798	0
1	786	11495	9798
0	786	422	9798,11495
1	786	2191	9798,11495
0	786	2918	9798,11495,2191
0	786	7069	9798,11495,2191
1	786	26126	9798,11495,2191
1	786	31715	9798,11495,2191,26126
1	786	3264	9798,11495,2191,26126,31715
0	786	3452	9798,11495,2191,26126,31715,3264
0	786	10545	9798,11495,2191,26126,31715,3264
0	786	10960	9798,11495,2191,26126,31715,3264
1	786	18325	9798,11495,2191,26126,31715,3264
1	786	32440	9798,11495,2191,26126,31715,3264,18325
0	786	2511	9798,11495,2191,26126,31715,3264,18325,32440
0	786	2554	9798,11495,2191,26126,31715,3264,18325,32440
1	786	2989	9798,11495,2191,26126,31715,3264,18325,32440
0	786	5337	9798,11495,2191,26126,31715,3264,18325,32440,2989
0	786	8473	9798,11495,2191,26126,31715,3264,18325,32440,2989
0	786	11853	9798,11495,2191,26126,31715,3264,18325,32440,2989
1	786	12734	9798,11495,2191,26126,31715,3264,18325,32440,2989
1	786	14151	9798,11495,2191,26126,31715,3264,18325,32440,2989,12734
0	786	14933	9798,11495,2191,26126,31715,3264,18325,32440,2989,12734,14151
0	786	2146	9798,11495,2191,26126,31715,3264,18325,32440,2989,12734,14151
0	786	14796	9798,11495,2191,26126,31715,3264,18325,32440,2989,12734,14151
0	786	16484	9798,11495,2191,26126,31715,3264,18325,32440,2989,12734,14151
1	786	31997	9798,11495,2191,26126,31715,3264,18325,32440,2989,12734,14151
1	786	10144	9798,11495,2191,26126,31715,3264,18325,32440,2989,12734,14151,31997
0	786	7454	9798,11495,2191,26126,31715,3264,18325,32440,2989,12734,14151,31997,10144
1	786	9655	9798,11495,2191,26126,31715,3264,18325,32440,2989,12734,14151,31997,10144
0	786	13221	9798,11495,2191,26126,31715,3264,18325,32440,2989,12734,14151,31997,10144,9655
1	786	19690	9798,11495,2191,26126,31715,3264,18325,32440,2989,12734,14151,31997,10144,9655
0	786	3025	9798,11495,2191,26126,31715,3264,18325,32440,2989,12734,14151,31997,10144,9655,19690
1	786	7815	9798,11495,2191,26126,31715,3264,18325,32440,2989,12734,14151,31997,10144,9655,19690
1	786	7993	9798,11495,2191,26126,31715,3264,18325,32440,2989,12734,14151,31997,10144,9655,19690,7815
1	786	13225	9798,11495,2191,26126,31715,3264,18325,32440,2989,12734,14151,31997,10144,9655,19690,7815,7993
0	786	20396	9798,11495,2191,26126,31715,3264,18325,32440,2989,12734,14151,31997,10144,9655,19690,7815,7993,13225
1	786	13861	9798,11495,2191,26126,31715,3264,18325,32440,2989,12734,14151,31997,10144,9655,19690,7815,7993,13225
1	786	5958	9798,11495,2191,26126,31715,3264,18325,32440,2989,12734,14151,31997,10144,9655,19690,7815,7993,13225,13861
1	786	10132	9798,11495,2191,26126,31715,3264,18325,32440,2989,12734,14151,31997,10144,9655,19690,7815,7993,13225,13861,5958
1	786	15971	9798,11495,2191,26126,31715,3264,18325,32440,2989,12734,14151,31997,10144,9655,19690,7815,7993,13225,13861,5958,10132
1	786	31333	9798,11495,2191,26126,31715,3264,18325,32440,2989,12734,14151,31997,10144,9655,19690,7815,7993,13225,13861,5958,10132,15971
0	786	10917	9798,11495,2191,26126,31715,3264,18325,32440,2989,12734,14151,31997,10144,9655,19690,7815,7993,13225,13861,5958,10132,15971,31333
1	786	18843	9798,11495,2191,26126,31715,3264,18325,32440,2989,12734,14151,31997,10144,9655,19690,7815,7993,13225,13861,5958,10132,15971,31333
1	786	17395	9798,11495,2191,26126,31715,3264,18325,32440,2989,12734,14151,31997,10144,9655,19690,7815,7993,13225,13861,5958,10132,15971,31333,18843
1	786	989	9798,11495,2191,26126,31715,3264,18325,32440,2989,12734,14151,31997,10144,9655,19690,7815,7993,13225,13861,5958,10132,15971,31333,18843,17395
1	786	12071	9798,11495,2191,26126,31715,3264,18325,32440,2989,12734,14151,31997,10144,9655,19690,7815,7993,13225,13861,5958,10132,15971,31333,18843,17395,989
1	786	19466	9798,11495,2191,26126,31715,3264,18325,32440,2989,12734,14151,31997,10144,9655,19690,7815,7993,13225,13861,5958,10132,15971,31333,18843,17395,989,12071
1	786	25459	9798,11495,2191,26126,31715,3264,18325,32440,2989,12734,14151,31997,10144,9655,19690,7815,7993,13225,13861,5958,10132,15971,31333,18843,17395,989,12071,19466
0	786	13439	9798,11495,2191,26126,31715,3264,18325,32440,2989,12734,14151,31997,10144,9655,19690,7815,7993,13225,13861,5958,10132,15971,31333,18843,17395,989,12071,19466,25459
0	786	15635	9798,11495,2191,26126,31715,3264,18325,32440,2989,12734,14151,31997,10144,9655,19690,7815,7993,13225,13861,5958,10132,15971,31333,18843,17395,989,12071,19466,25459
1	786	15995	9798,11495,2191,26126,31715,3264,18325,32440,2989,12734,14151,31997,10144,9655,19690,7815,7993,13225,13861,5958,10132,15971,31333,18843,17395,989,12071,19466,25459
1	786	18614	9798,11495,2191,26126,31715,3264,18325,32440,2989,12734,14151,31997,10144,9655,19690,7815,7993,13225,13861,5958,10132,15971,31333,18843,17395,989,12071,19466,25459,15995
1	786	19964	9798,11495,2191,26126,31715,3264,18325,32440,2989,12734,14151,31997,10144,9655,19690,7815,7993,13225,13861,5958,10132,15971,31333,18843,17395,989,12071,19466,25459,15995,18614
0	786	22774	9798,11495,2191,26126,31715,3264,18325,32440,2989,12734,14151,31997,10144,9655,19690,7815,7993,13225,13861,5958,10132,15971,31333,18843,17395,989,12071,19466,25459,15995,18614,19964
1	786	4414	9798,11495,2191,26126,31715,3264,18325,32440,2989,12734,14151,31997,10144,9655,19690,7815,7993,13225,13861,5958,10132,15971,31333,18843,17395,989,12071,19466,25459,15995,18614,19964
0	786	22770	9798,11495,2191,26126,31715,3264,18325,32440,2989,12734,14151,31997,10144,9655,19690,7815,7993,13225,13861,5958,10132,15971,31333,18843,17395,989,12071,19466,25459,15995,18614,19964,4414
1	786	25463	9798,11495,2191,26126,31715,3264,18325,32440,2989,12734,14151,31997,10144,9655,19690,7815,7993,13225,13861,5958,10132,15971,31333,18843,17395,989,12071,19466,25459,15995,18614,19964,4414
1	786	26534	9798,11495,2191,26126,31715,3264,18325,32440,2989,12734,14151,31997,10144,9655,19690,7815,7993,13225,13861,5958,10132,15971,31333,18843,17395,989,12071,19466,25459,15995,18614,19964,4414,25463
1	786	26559	9798,11495,2191,26126,31715,3264,18325,32440,2989,12734,14151,31997,10144,9655,19690,7815,7993,13225,13861,5958,10132,15971,31333,18843,17395,989,12071,19466,25459,15995,18614,19964,4414,25463,26534
0	786	28881	9798,11495,2191,26126,31715,3264,18325,32440,2989,12734,14151,31997,10144,9655,19690,7815,7993,13225,13861,5958,10132,15971,31333,18843,17395,989,12071,19466,25459,15995,18614,19964,4414,25463,26534,26559
1	786	27036	9798,11495,2191,26126,31715,3264,18325,32440,2989,12734,14151,31997,10144,9655,19690,7815,7993,13225,13861,5958,10132,15971,31333,18843,17395,989,12071,19466,25459,15995,18614,19964,4414,25463,26534,26559
1	786	14107	9798,11495,2191,26126,31715,3264,18325,32440,2989,12734,14151,31997,10144,9655,19690,7815,7993,13225,13861,5958,10132,15971,31333,18843,17395,989,12071,19466,25459,15995,18614,19964,4414,25463,26534,26559,27036
1	786	28275	9798,11495,2191,26126,31715,3264,18325,32440,2989,12734,14151,31997,10144,9655,19690,7815,7993,13225,13861,5958,10132,15971,31333,18843,17395,989,12071,19466,25459,15995,18614,19964,4414,25463,26534,26559,27036,14107
1	786	28252	9798,11495,2191,26126,31715,3264,18325,32440,2989,12734,14151,31997,10144,9655,19690,7815,7993,13225,13861,5958,10132,15971,31333,18843,17395,989,12071,19466,25459,15995,18614,19964,4414,25463,26534,26559,27036,14107,28275
1	786	29095	9798,11495,2191,26126,31715,3264,18325,32440,2989,12734,14151,31997,10144,9655,19690,7815,7993,13225,13861,5958,10132,15971,31333,18843,17395,989,12071,19466,25459,15995,18614,19964,4414,25463,26534,26559,27036,14107,28275,28252
