0	1486	30808	0
0	1486	9307	0
0	1486	6382	0
1	1486	6907	0
1	1486	2408	6907
0	1486	7520	6907,2408
0	1486	14736	6907,2408
0	1486	32725	6907,2408
0	1486	1368	6907,2408
1	1486	6908	6907,2408
1	1486	17197	6907,2408,6908
0	1486	8555	6907,2408,6908,17197
1	1486	8088	6907,2408,6908,17197
0	1486	10124	6907,2408,6908,17197,8088
0	1486	17878	6907,2408,6908,17197,8088
1	1486	8671	6907,2408,6908,17197,8088
0	1486	20448	6907,2408,6908,17197,8088,8671
1	1486	19217	6907,2408,6908,17197,8088,8671
0	1486	23350	6907,2408,6908,17197,8088,8671,19217
0	1486	20472	6907,2408,6908,17197,8088,8671,19217
0	1486	7342	6907,2408,6908,17197,8088,8671,19217
1	1486	14372	6907,2408,6908,17197,8088,8671,19217
1	1486	20980	6907,2408,6908,17197,8088,8671,19217,14372
0	1486	6011	6907,2408,6908,17197,8088,8671,19217,14372,20980
0	1486	2364	6907,2408,6908,17197,8088,8671,19217,14372,20980
1	1486	8091	6907,2408,6908,17197,8088,8671,19217,14372,20980
0	1486	11319	6907,2408,6908,17197,8088,8671,19217,14372,20980,8091
1	1486	12315	6907,2408,6908,17197,8088,8671,19217,14372,20980,8091
1	1486	15088	6907,2408,6908,17197,8088,8671,19217,14372,20980,8091,12315
1	1486	23682	6907,2408,6908,17197,8088,8671,19217,14372,20980,8091,12315,15088
0	1486	3362	6907,2408,6908,17197,8088,8671,19217,14372,20980,8091,12315,15088,23682
1	1486	26402	6907,2408,6908,17197,8088,8671,19217,14372,20980,8091,12315,15088,23682
0	1486	19216	6907,2408,6908,17197,8088,8671,19217,14372,20980,8091,12315,15088,23682,26402
1	1486	204	6907,2408,6908,17197,8088,8671,19217,14372,20980,8091,12315,15088,23682,26402
0	1486	16188	6907,2408,6908,17197,8088,8671,19217,14372,20980,8091,12315,15088,23682,26402,204
0	1486	17603	6907,2408,6908,17197,8088,8671,19217,14372,20980,8091,12315,15088,23682,26402,204
1	1486	4507	6907,2408,6908,17197,8088,8671,19217,14372,20980,8091,12315,15088,23682,26402,204
0	1486	22428	6907,2408,6908,17197,8088,8671,19217,14372,20980,8091,12315,15088,23682,26402,204,4507
1	1486	11304	6907,2408,6908,17197,8088,8671,19217,14372,20980,8091,12315,15088,23682,26402,204,4507
1	1486	24223	6907,2408,6908,17197,8088,8671,19217,14372,20980,8091,12315,15088,23682,26402,204,4507,11304
1	1486	24138	6907,2408,6908,17197,8088,8671,19217,14372,20980,8091,12315,15088,23682,26402,204,4507,11304,24223
1	1486	5599	6907,2408,6908,17197,8088,8671,19217,14372,20980,8091,12315,15088,23682,26402,204,4507,11304,24223,24138
1	1486	8236	6907,2408,6908,17197,8088,8671,19217,14372,20980,8091,12315,15088,23682,26402,204,4507,11304,24223,24138,5599
0	1486	9041	6907,2408,6908,17197,8088,8671,19217,14372,20980,8091,12315,15088,23682,26402,204,4507,11304,24223,24138,5599,8236
0	1486	9273	6907,2408,6908,17197,8088,8671,19217,14372,20980,8091,12315,15088,23682,26402,204,4507,11304,24223,24138,5599,8236
1	1486	4398	6907,2408,6908,17197,8088,8671,19217,14372,20980,8091,12315,15088,23682,26402,204,4507,11304,24223,24138,5599,8236
0	1486	15078	6907,2408,6908,17197,8088,8671,19217,14372,20980,8091,12315,15088,23682,26402,204,4507,11304,24223,24138,5599,8236,4398
1	1486	9983	6907,2408,6908,17197,8088,8671,19217,14372,20980,8091,12315,15088,23682,26402,204,4507,11304,24223,24138,5599,8236,4398
1	1486	21447	6907,2408,6908,17197,8088,8671,19217,14372,20980,8091,12315,15088,23682,26402,204,4507,11304,24223,24138,5599,8236,4398,9983
1	1486	24464	6907,2408,6908,17197,8088,8671,19217,14372,20980,8091,12315,15088,23682,26402,204,4507,11304,24223,24138,5599,8236,4398,9983,21447
1	1486	9679	6907,2408,6908,17197,8088,8671,19217,14372,20980,8091,12315,15088,23682,26402,204,4507,11304,24223,24138,5599,8236,4398,9983,21447,24464
0	1486	4397	6907,2408,6908,17197,8088,8671,19217,14372,20980,8091,12315,15088,23682,26402,204,4507,11304,24223,24138,5599,8236,4398,9983,21447,24464,9679
1	1486	3795	6907,2408,6908,17197,8088,8671,19217,14372,20980,8091,12315,15088,23682,26402,204,4507,11304,24223,24138,5599,8236,4398,9983,21447,24464,9679
1	1486	16783	6907,2408,6908,17197,8088,8671,19217,14372,20980,8091,12315,15088,23682,26402,204,4507,11304,24223,24138,5599,8236,4398,9983,21447,24464,9679,3795
1	1486	2965	6907,2408,6908,17197,8088,8671,19217,14372,20980,8091,12315,15088,23682,26402,204,4507,11304,24223,24138,5599,8236,4398,9983,21447,24464,9679,3795,16783
1	1486	27009	6907,2408,6908,17197,8088,8671,19217,14372,20980,8091,12315,15088,23682,26402,204,4507,11304,24223,24138,5599,8236,4398,9983,21447,24464,9679,3795,16783,2965
1	1486	16843	6907,2408,6908,17197,8088,8671,19217,14372,20980,8091,12315,15088,23682,26402,204,4507,11304,24223,24138,5599,8236,4398,9983,21447,24464,9679,3795,16783,2965,27009
1	1486	20067	6907,2408,6908,17197,8088,8671,19217,14372,20980,8091,12315,15088,23682,26402,204,4507,11304,24223,24138,5599,8236,4398,9983,21447,24464,9679,3795,16783,2965,27009,16843
1	1486	31263	6907,2408,6908,17197,8088,8671,19217,14372,20980,8091,12315,15088,23682,26402,204,4507,11304,24223,24138,5599,8236,4398,9983,21447,24464,9679,3795,16783,2965,27009,16843,20067
1	1486	9063	6907,2408,6908,17197,8088,8671,19217,14372,20980,8091,12315,15088,23682,26402,204,4507,11304,24223,24138,5599,8236,4398,9983,21447,24464,9679,3795,16783,2965,27009,16843,20067,31263
0	1486	4670	6907,2408,6908,17197,8088,8671,19217,14372,20980,8091,12315,15088,23682,26402,204,4507,11304,24223,24138,5599,8236,4398,9983,21447,24464,9679,3795,16783,2965,27009,16843,20067,31263,9063
0	1486	32170	6907,2408,6908,17197,8088,8671,19217,14372,20980,8091,12315,15088,23682,26402,204,4507,11304,24223,24138,5599,8236,4398,9983,21447,24464,9679,3795,16783,2965,27009,16843,20067,31263,9063
0	1486	191	6907,2408,6908,17197,8088,8671,19217,14372,20980,8091,12315,15088,23682,26402,204,4507,11304,24223,24138,5599,8236,4398,9983,21447,24464,9679,3795,16783,2965,27009,16843,20067,31263,9063
1	1486	32960	6907,2408,6908,17197,8088,8671,19217,14372,20980,8091,12315,15088,23682,26402,204,4507,11304,24223,24138,5599,8236,4398,9983,21447,24464,9679,3795,16783,2965,27009,16843,20067,31263,9063
1	1486	22727	6907,2408,6908,17197,8088,8671,19217,14372,20980,8091,12315,15088,23682,26402,204,4507,11304,24223,24138,5599,8236,4398,9983,21447,24464,9679,3795,16783,2965,27009,16843,20067,31263,9063,32960
1	1486	8809	6907,2408,6908,17197,8088,8671,19217,14372,20980,8091,12315,15088,23682,26402,204,4507,11304,24223,24138,5599,8236,4398,9983,21447,24464,9679,3795,16783,2965,27009,16843,20067,31263,9063,32960,22727
1	1486	23531	6907,2408,6908,17197,8088,8671,19217,14372,20980,8091,12315,15088,23682,26402,204,4507,11304,24223,24138,5599,8236,4398,9983,21447,24464,9679,3795,16783,2965,27009,16843,20067,31263,9063,32960,22727,8809
1	1486	20515	6907,2408,6908,17197,8088,8671,19217,14372,20980,8091,12315,15088,23682,26402,204,4507,11304,24223,24138,5599,8236,4398,9983,21447,24464,9679,3795,16783,2965,27009,16843,20067,31263,9063,32960,22727,8809,23531
1	1486	20997	6907,2408,6908,17197,8088,8671,19217,14372,20980,8091,12315,15088,23682,26402,204,4507,11304,24223,24138,5599,8236,4398,9983,21447,24464,9679,3795,16783,2965,27009,16843,20067,31263,9063,32960,22727,8809,23531,20515
1	1486	6690	6907,2408,6908,17197,8088,8671,19217,14372,20980,8091,12315,15088,23682,26402,204,4507,11304,24223,24138,5599,8236,4398,9983,21447,24464,9679,3795,16783,2965,27009,16843,20067,31263,9063,32960,22727,8809,23531,20515,20997
1	1486	5878	6907,2408,6908,17197,8088,8671,19217,14372,20980,8091,12315,15088,23682,26402,204,4507,11304,24223,24138,5599,8236,4398,9983,21447,24464,9679,3795,16783,2965,27009,16843,20067,31263,9063,32960,22727,8809,23531,20515,20997,6690
0	1486	23455	6907,2408,6908,17197,8088,8671,19217,14372,20980,8091,12315,15088,23682,26402,204,4507,11304,24223,24138,5599,8236,4398,9983,21447,24464,9679,3795,16783,2965,27009,16843,20067,31263,9063,32960,22727,8809,23531,20515,20997,6690,5878
0	1486	10041	6907,2408,6908,17197,8088,8671,19217,14372,20980,8091,12315,15088,23682,26402,204,4507,11304,24223,24138,5599,8236,4398,9983,21447,24464,9679,3795,16783,2965,27009,16843,20067,31263,9063,32960,22727,8809,23531,20515,20997,6690,5878
0	1486	26906	6907,2408,6908,17197,8088,8671,19217,14372,20980,8091,12315,15088,23682,26402,204,4507,11304,24223,24138,5599,8236,4398,9983,21447,24464,9679,3795,16783,2965,27009,16843,20067,31263,9063,32960,22727,8809,23531,20515,20997,6690,5878
0	1486	6677	6907,2408,6908,17197,8088,8671,19217,14372,20980,8091,12315,15088,23682,26402,204,4507,11304,24223,24138,5599,8236,4398,9983,21447,24464,9679,3795,16783,2965,27009,16843,20067,31263,9063,32960,22727,8809,23531,20515,20997,6690,5878
0	1486	18072	6907,2408,6908,17197,8088,8671,19217,14372,20980,8091,12315,15088,23682,26402,204,4507,11304,24223,24138,5599,8236,4398,9983,21447,24464,9679,3795,16783,2965,27009,16843,20067,31263,9063,32960,22727,8809,23531,20515,20997,6690,5878
1	1486	28104	6907,2408,6908,17197,8088,8671,19217,14372,20980,8091,12315,15088,23682,26402,204,4507,11304,24223,24138,5599,8236,4398,9983,21447,24464,9679,3795,16783,2965,27009,16843,20067,31263,9063,32960,22727,8809,23531,20515,20997,6690,5878
0	1486	15390	6907,2408,6908,17197,8088,8671,19217,14372,20980,8091,12315,15088,23682,26402,204,4507,11304,24223,24138,5599,8236,4398,9983,21447,24464,9679,3795,16783,2965,27009,16843,20067,31263,9063,32960,22727,8809,23531,20515,20997,6690,5878,28104
0	1486	26859	6907,2408,6908,17197,8088,8671,19217,14372,20980,8091,12315,15088,23682,26402,204,4507,11304,24223,24138,5599,8236,4398,9983,21447,24464,9679,3795,16783,2965,27009,16843,20067,31263,9063,32960,22727,8809,23531,20515,20997,6690,5878,28104
1	1486	16608	6907,2408,6908,17197,8088,8671,19217,14372,20980,8091,12315,15088,23682,26402,204,4507,11304,24223,24138,5599,8236,4398,9983,21447,24464,9679,3795,16783,2965,27009,16843,20067,31263,9063,32960,22727,8809,23531,20515,20997,6690,5878,28104
1	1486	31509	6907,2408,6908,17197,8088,8671,19217,14372,20980,8091,12315,15088,23682,26402,204,4507,11304,24223,24138,5599,8236,4398,9983,21447,24464,9679,3795,16783,2965,27009,16843,20067,31263,9063,32960,22727,8809,23531,20515,20997,6690,5878,28104,16608
1	1486	1930	6907,2408,6908,17197,8088,8671,19217,14372,20980,8091,12315,15088,23682,26402,204,4507,11304,24223,24138,5599,8236,4398,9983,21447,24464,9679,3795,16783,2965,27009,16843,20067,31263,9063,32960,22727,8809,23531,20515,20997,6690,5878,28104,16608,31509
1	1486	18611	6907,2408,6908,17197,8088,8671,19217,14372,20980,8091,12315,15088,23682,26402,204,4507,11304,24223,24138,5599,8236,4398,9983,21447,24464,9679,3795,16783,2965,27009,16843,20067,31263,9063,32960,22727,8809,23531,20515,20997,6690,5878,28104,16608,31509,1930
1	1486	19748	6907,2408,6908,17197,8088,8671,19217,14372,20980,8091,12315,15088,23682,26402,204,4507,11304,24223,24138,5599,8236,4398,9983,21447,24464,9679,3795,16783,2965,27009,16843,20067,31263,9063,32960,22727,8809,23531,20515,20997,6690,5878,28104,16608,31509,1930,18611
1	1486	31293	6907,2408,6908,17197,8088,8671,19217,14372,20980,8091,12315,15088,23682,26402,204,4507,11304,24223,24138,5599,8236,4398,9983,21447,24464,9679,3795,16783,2965,27009,16843,20067,31263,9063,32960,22727,8809,23531,20515,20997,6690,5878,28104,16608,31509,1930,18611,19748
1	1486	26276	6907,2408,6908,17197,8088,8671,19217,14372,20980,8091,12315,15088,23682,26402,204,4507,11304,24223,24138,5599,8236,4398,9983,21447,24464,9679,3795,16783,2965,27009,16843,20067,31263,9063,32960,22727,8809,23531,20515,20997,6690,5878,28104,16608,31509,1930,18611,19748,31293
1	1486	12408	6907,2408,6908,17197,8088,8671,19217,14372,20980,8091,12315,15088,23682,26402,204,4507,11304,24223,24138,5599,8236,4398,9983,21447,24464,9679,3795,16783,2965,27009,16843,20067,31263,9063,32960,22727,8809,23531,20515,20997,6690,5878,28104,16608,31509,1930,18611,19748,31293,26276
1	1486	9967	6907,2408,6908,17197,8088,8671,19217,14372,20980,8091,12315,15088,23682,26402,204,4507,11304,24223,24138,5599,8236,4398,9983,21447,24464,9679,3795,16783,2965,27009,16843,20067,31263,9063,32960,22727,8809,23531,20515,20997,6690,5878,28104,16608,31509,1930,18611,19748,31293,26276,12408
1	1486	26272	6907,2408,6908,17197,8088,8671,19217,14372,20980,8091,12315,15088,23682,26402,204,4507,11304,24223,24138,5599,8236,4398,9983,21447,24464,9679,3795,16783,2965,27009,16843,20067,31263,9063,32960,22727,8809,23531,20515,20997,6690,5878,28104,16608,31509,1930,18611,19748,31293,26276,12408,9967
0	1486	21316	6907,2408,6908,17197,8088,8671,19217,14372,20980,8091,12315,15088,23682,26402,204,4507,11304,24223,24138,5599,8236,4398,9983,21447,24464,9679,3795,16783,2965,27009,16843,20067,31263,9063,32960,22727,8809,23531,20515,20997,6690,5878,28104,16608,31509,1930,18611,19748,31293,26276,12408,9967,26272
1	1486	16027	6907,2408,6908,17197,8088,8671,19217,14372,20980,8091,12315,15088,23682,26402,204,4507,11304,24223,24138,5599,8236,4398,9983,21447,24464,9679,3795,16783,2965,27009,16843,20067,31263,9063,32960,22727,8809,23531,20515,20997,6690,5878,28104,16608,31509,1930,18611,19748,31293,26276,12408,9967,26272
1	1486	19649	6907,2408,6908,17197,8088,8671,19217,14372,20980,8091,12315,15088,23682,26402,204,4507,11304,24223,24138,5599,8236,4398,9983,21447,24464,9679,3795,16783,2965,27009,16843,20067,31263,9063,32960,22727,8809,23531,20515,20997,6690,5878,28104,16608,31509,1930,18611,19748,31293,26276,12408,9967,26272,16027
1	1486	411	6907,2408,6908,17197,8088,8671,19217,14372,20980,8091,12315,15088,23682,26402,204,4507,11304,24223,24138,5599,8236,4398,9983,21447,24464,9679,3795,16783,2965,27009,16843,20067,31263,9063,32960,22727,8809,23531,20515,20997,6690,5878,28104,16608,31509,1930,18611,19748,31293,26276,12408,9967,26272,16027,19649
1	1486	3564	6907,2408,6908,17197,8088,8671,19217,14372,20980,8091,12315,15088,23682,26402,204,4507,11304,24223,24138,5599,8236,4398,9983,21447,24464,9679,3795,16783,2965,27009,16843,20067,31263,9063,32960,22727,8809,23531,20515,20997,6690,5878,28104,16608,31509,1930,18611,19748,31293,26276,12408,9967,26272,16027,19649,411
1	1486	13254	6907,2408,6908,17197,8088,8671,19217,14372,20980,8091,12315,15088,23682,26402,204,4507,11304,24223,24138,5599,8236,4398,9983,21447,24464,9679,3795,16783,2965,27009,16843,20067,31263,9063,32960,22727,8809,23531,20515,20997,6690,5878,28104,16608,31509,1930,18611,19748,31293,26276,12408,9967,26272,16027,19649,411,3564
1	1486	32140	6907,2408,6908,17197,8088,8671,19217,14372,20980,8091,12315,15088,23682,26402,204,4507,11304,24223,24138,5599,8236,4398,9983,21447,24464,9679,3795,16783,2965,27009,16843,20067,31263,9063,32960,22727,8809,23531,20515,20997,6690,5878,28104,16608,31509,1930,18611,19748,31293,26276,12408,9967,26272,16027,19649,411,3564,13254
1	1486	24441	6907,2408,6908,17197,8088,8671,19217,14372,20980,8091,12315,15088,23682,26402,204,4507,11304,24223,24138,5599,8236,4398,9983,21447,24464,9679,3795,16783,2965,27009,16843,20067,31263,9063,32960,22727,8809,23531,20515,20997,6690,5878,28104,16608,31509,1930,18611,19748,31293,26276,12408,9967,26272,16027,19649,411,3564,13254,32140
1	1486	20420	6907,2408,6908,17197,8088,8671,19217,14372,20980,8091,12315,15088,23682,26402,204,4507,11304,24223,24138,5599,8236,4398,9983,21447,24464,9679,3795,16783,2965,27009,16843,20067,31263,9063,32960,22727,8809,23531,20515,20997,6690,5878,28104,16608,31509,1930,18611,19748,31293,26276,12408,9967,26272,16027,19649,411,3564,13254,32140,24441
1	1486	11661	6907,2408,6908,17197,8088,8671,19217,14372,20980,8091,12315,15088,23682,26402,204,4507,11304,24223,24138,5599,8236,4398,9983,21447,24464,9679,3795,16783,2965,27009,16843,20067,31263,9063,32960,22727,8809,23531,20515,20997,6690,5878,28104,16608,31509,1930,18611,19748,31293,26276,12408,9967,26272,16027,19649,411,3564,13254,32140,24441,20420
1	1486	25955	6907,2408,6908,17197,8088,8671,19217,14372,20980,8091,12315,15088,23682,26402,204,4507,11304,24223,24138,5599,8236,4398,9983,21447,24464,9679,3795,16783,2965,27009,16843,20067,31263,9063,32960,22727,8809,23531,20515,20997,6690,5878,28104,16608,31509,1930,18611,19748,31293,26276,12408,9967,26272,16027,19649,411,3564,13254,32140,24441,20420,11661
1	1486	18581	6907,2408,6908,17197,8088,8671,19217,14372,20980,8091,12315,15088,23682,26402,204,4507,11304,24223,24138,5599,8236,4398,9983,21447,24464,9679,3795,16783,2965,27009,16843,20067,31263,9063,32960,22727,8809,23531,20515,20997,6690,5878,28104,16608,31509,1930,18611,19748,31293,26276,12408,9967,26272,16027,19649,411,3564,13254,32140,24441,20420,11661,25955
1	1486	28198	6907,2408,6908,17197,8088,8671,19217,14372,20980,8091,12315,15088,23682,26402,204,4507,11304,24223,24138,5599,8236,4398,9983,21447,24464,9679,3795,16783,2965,27009,16843,20067,31263,9063,32960,22727,8809,23531,20515,20997,6690,5878,28104,16608,31509,1930,18611,19748,31293,26276,12408,9967,26272,16027,19649,411,3564,13254,32140,24441,20420,11661,25955,18581
1	1486	19977	6907,2408,6908,17197,8088,8671,19217,14372,20980,8091,12315,15088,23682,26402,204,4507,11304,24223,24138,5599,8236,4398,9983,21447,24464,9679,3795,16783,2965,27009,16843,20067,31263,9063,32960,22727,8809,23531,20515,20997,6690,5878,28104,16608,31509,1930,18611,19748,31293,26276,12408,9967,26272,16027,19649,411,3564,13254,32140,24441,20420,11661,25955,18581,28198
1	1486	9852	6907,2408,6908,17197,8088,8671,19217,14372,20980,8091,12315,15088,23682,26402,204,4507,11304,24223,24138,5599,8236,4398,9983,21447,24464,9679,3795,16783,2965,27009,16843,20067,31263,9063,32960,22727,8809,23531,20515,20997,6690,5878,28104,16608,31509,1930,18611,19748,31293,26276,12408,9967,26272,16027,19649,411,3564,13254,32140,24441,20420,11661,25955,18581,28198,19977
1	1486	24353	6907,2408,6908,17197,8088,8671,19217,14372,20980,8091,12315,15088,23682,26402,204,4507,11304,24223,24138,5599,8236,4398,9983,21447,24464,9679,3795,16783,2965,27009,16843,20067,31263,9063,32960,22727,8809,23531,20515,20997,6690,5878,28104,16608,31509,1930,18611,19748,31293,26276,12408,9967,26272,16027,19649,411,3564,13254,32140,24441,20420,11661,25955,18581,28198,19977,9852
1	1486	21818	6907,2408,6908,17197,8088,8671,19217,14372,20980,8091,12315,15088,23682,26402,204,4507,11304,24223,24138,5599,8236,4398,9983,21447,24464,9679,3795,16783,2965,27009,16843,20067,31263,9063,32960,22727,8809,23531,20515,20997,6690,5878,28104,16608,31509,1930,18611,19748,31293,26276,12408,9967,26272,16027,19649,411,3564,13254,32140,24441,20420,11661,25955,18581,28198,19977,9852,24353
1	1486	23881	6907,2408,6908,17197,8088,8671,19217,14372,20980,8091,12315,15088,23682,26402,204,4507,11304,24223,24138,5599,8236,4398,9983,21447,24464,9679,3795,16783,2965,27009,16843,20067,31263,9063,32960,22727,8809,23531,20515,20997,6690,5878,28104,16608,31509,1930,18611,19748,31293,26276,12408,9967,26272,16027,19649,411,3564,13254,32140,24441,20420,11661,25955,18581,28198,19977,9852,24353,21818
0	1486	25664	6907,2408,6908,17197,8088,8671,19217,14372,20980,8091,12315,15088,23682,26402,204,4507,11304,24223,24138,5599,8236,4398,9983,21447,24464,9679,3795,16783,2965,27009,16843,20067,31263,9063,32960,22727,8809,23531,20515,20997,6690,5878,28104,16608,31509,1930,18611,19748,31293,26276,12408,9967,26272,16027,19649,411,3564,13254,32140,24441,20420,11661,25955,18581,28198,19977,9852,24353,21818,23881
1	1486	29240	6907,2408,6908,17197,8088,8671,19217,14372,20980,8091,12315,15088,23682,26402,204,4507,11304,24223,24138,5599,8236,4398,9983,21447,24464,9679,3795,16783,2965,27009,16843,20067,31263,9063,32960,22727,8809,23531,20515,20997,6690,5878,28104,16608,31509,1930,18611,19748,31293,26276,12408,9967,26272,16027,19649,411,3564,13254,32140,24441,20420,11661,25955,18581,28198,19977,9852,24353,21818,23881
