1	567	3908	0
1	567	3162	3908
1	567	5739	3908,3162
1	567	6800	3908,3162,5739
1	567	3119	3908,3162,5739,6800
1	567	22055	3908,3162,5739,6800,3119
1	567	4702	3908,3162,5739,6800,3119,22055
0	567	3691	3908,3162,5739,6800,3119,22055,4702
0	567	9650	3908,3162,5739,6800,3119,22055,4702
1	567	18171	3908,3162,5739,6800,3119,22055,4702
1	567	3785	3908,3162,5739,6800,3119,22055,4702,18171
1	567	3787	3908,3162,5739,6800,3119,22055,4702,18171,3785
1	567	203	3908,3162,5739,6800,3119,22055,4702,18171,3785,3787
0	567	20416	3908,3162,5739,6800,3119,22055,4702,18171,3785,3787,203
1	567	32272	3908,3162,5739,6800,3119,22055,4702,18171,3785,3787,203
1	567	3264	3908,3162,5739,6800,3119,22055,4702,18171,3785,3787,203,32272
1	567	5222	3908,3162,5739,6800,3119,22055,4702,18171,3785,3787,203,32272,3264
1	567	6568	3908,3162,5739,6800,3119,22055,4702,18171,3785,3787,203,32272,3264,5222
1	567	17524	3908,3162,5739,6800,3119,22055,4702,18171,3785,3787,203,32272,3264,5222,6568
1	567	32294	3908,3162,5739,6800,3119,22055,4702,18171,3785,3787,203,32272,3264,5222,6568,17524
1	567	1165	3908,3162,5739,6800,3119,22055,4702,18171,3785,3787,203,32272,3264,5222,6568,17524,32294
1	567	33059	3908,3162,5739,6800,3119,22055,4702,18171,3785,3787,203,32272,3264,5222,6568,17524,32294,1165
1	567	21232	3908,3162,5739,6800,3119,22055,4702,18171,3785,3787,203,32272,3264,5222,6568,17524,32294,1165,33059
0	567	4209	3908,3162,5739,6800,3119,22055,4702,18171,3785,3787,203,32272,3264,5222,6568,17524,32294,1165,33059,21232
1	567	7988	3908,3162,5739,6800,3119,22055,4702,18171,3785,3787,203,32272,3264,5222,6568,17524,32294,1165,33059,21232
1	567	473	3908,3162,5739,6800,3119,22055,4702,18171,3785,3787,203,32272,3264,5222,6568,17524,32294,1165,33059,21232,7988
0	567	7704	3908,3162,5739,6800,3119,22055,4702,18171,3785,3787,203,32272,3264,5222,6568,17524,32294,1165,33059,21232,7988,473
1	567	4195	3908,3162,5739,6800,3119,22055,4702,18171,3785,3787,203,32272,3264,5222,6568,17524,32294,1165,33059,21232,7988,473
1	567	2394	3908,3162,5739,6800,3119,22055,4702,18171,3785,3787,203,32272,3264,5222,6568,17524,32294,1165,33059,21232,7988,473,4195
1	567	3532	3908,3162,5739,6800,3119,22055,4702,18171,3785,3787,203,32272,3264,5222,6568,17524,32294,1165,33059,21232,7988,473,4195,2394
1	567	10821	3908,3162,5739,6800,3119,22055,4702,18171,3785,3787,203,32272,3264,5222,6568,17524,32294,1165,33059,21232,7988,473,4195,2394,3532
0	567	1798	3908,3162,5739,6800,3119,22055,4702,18171,3785,3787,203,32272,3264,5222,6568,17524,32294,1165,33059,21232,7988,473,4195,2394,3532,10821
1	567	7680	3908,3162,5739,6800,3119,22055,4702,18171,3785,3787,203,32272,3264,5222,6568,17524,32294,1165,33059,21232,7988,473,4195,2394,3532,10821
1	567	8430	3908,3162,5739,6800,3119,22055,4702,18171,3785,3787,203,32272,3264,5222,6568,17524,32294,1165,33059,21232,7988,473,4195,2394,3532,10821,7680
0	567	5223	3908,3162,5739,6800,3119,22055,4702,18171,3785,3787,203,32272,3264,5222,6568,17524,32294,1165,33059,21232,7988,473,4195,2394,3532,10821,7680,8430
0	567	10305	3908,3162,5739,6800,3119,22055,4702,18171,3785,3787,203,32272,3264,5222,6568,17524,32294,1165,33059,21232,7988,473,4195,2394,3532,10821,7680,8430
1	567	8490	3908,3162,5739,6800,3119,22055,4702,18171,3785,3787,203,32272,3264,5222,6568,17524,32294,1165,33059,21232,7988,473,4195,2394,3532,10821,7680,8430
1	567	13337	3908,3162,5739,6800,3119,22055,4702,18171,3785,3787,203,32272,3264,5222,6568,17524,32294,1165,33059,21232,7988,473,4195,2394,3532,10821,7680,8430,8490
0	567	9092	3908,3162,5739,6800,3119,22055,4702,18171,3785,3787,203,32272,3264,5222,6568,17524,32294,1165,33059,21232,7988,473,4195,2394,3532,10821,7680,8430,8490,13337
1	567	10074	3908,3162,5739,6800,3119,22055,4702,18171,3785,3787,203,32272,3264,5222,6568,17524,32294,1165,33059,21232,7988,473,4195,2394,3532,10821,7680,8430,8490,13337
1	567	6331	3908,3162,5739,6800,3119,22055,4702,18171,3785,3787,203,32272,3264,5222,6568,17524,32294,1165,33059,21232,7988,473,4195,2394,3532,10821,7680,8430,8490,13337,10074
1	567	9409	3908,3162,5739,6800,3119,22055,4702,18171,3785,3787,203,32272,3264,5222,6568,17524,32294,1165,33059,21232,7988,473,4195,2394,3532,10821,7680,8430,8490,13337,10074,6331
1	567	8945	3908,3162,5739,6800,3119,22055,4702,18171,3785,3787,203,32272,3264,5222,6568,17524,32294,1165,33059,21232,7988,473,4195,2394,3532,10821,7680,8430,8490,13337,10074,6331,9409
1	567	20134	3908,3162,5739,6800,3119,22055,4702,18171,3785,3787,203,32272,3264,5222,6568,17524,32294,1165,33059,21232,7988,473,4195,2394,3532,10821,7680,8430,8490,13337,10074,6331,9409,8945
1	567	5055	3908,3162,5739,6800,3119,22055,4702,18171,3785,3787,203,32272,3264,5222,6568,17524,32294,1165,33059,21232,7988,473,4195,2394,3532,10821,7680,8430,8490,13337,10074,6331,9409,8945,20134
1	567	17989	3908,3162,5739,6800,3119,22055,4702,18171,3785,3787,203,32272,3264,5222,6568,17524,32294,1165,33059,21232,7988,473,4195,2394,3532,10821,7680,8430,8490,13337,10074,6331,9409,8945,20134,5055
1	567	2000	3908,3162,5739,6800,3119,22055,4702,18171,3785,3787,203,32272,3264,5222,6568,17524,32294,1165,33059,21232,7988,473,4195,2394,3532,10821,7680,8430,8490,13337,10074,6331,9409,8945,20134,5055,17989
0	567	19608	3908,3162,5739,6800,3119,22055,4702,18171,3785,3787,203,32272,3264,5222,6568,17524,32294,1165,33059,21232,7988,473,4195,2394,3532,10821,7680,8430,8490,13337,10074,6331,9409,8945,20134,5055,17989,2000
1	567	1719	3908,3162,5739,6800,3119,22055,4702,18171,3785,3787,203,32272,3264,5222,6568,17524,32294,1165,33059,21232,7988,473,4195,2394,3532,10821,7680,8430,8490,13337,10074,6331,9409,8945,20134,5055,17989,2000
1	567	8543	3908,3162,5739,6800,3119,22055,4702,18171,3785,3787,203,32272,3264,5222,6568,17524,32294,1165,33059,21232,7988,473,4195,2394,3532,10821,7680,8430,8490,13337,10074,6331,9409,8945,20134,5055,17989,2000,1719
1	567	339	3908,3162,5739,6800,3119,22055,4702,18171,3785,3787,203,32272,3264,5222,6568,17524,32294,1165,33059,21232,7988,473,4195,2394,3532,10821,7680,8430,8490,13337,10074,6331,9409,8945,20134,5055,17989,2000,1719,8543
1	567	11121	3908,3162,5739,6800,3119,22055,4702,18171,3785,3787,203,32272,3264,5222,6568,17524,32294,1165,33059,21232,7988,473,4195,2394,3532,10821,7680,8430,8490,13337,10074,6331,9409,8945,20134,5055,17989,2000,1719,8543,339
1	567	22467	3908,3162,5739,6800,3119,22055,4702,18171,3785,3787,203,32272,3264,5222,6568,17524,32294,1165,33059,21232,7988,473,4195,2394,3532,10821,7680,8430,8490,13337,10074,6331,9409,8945,20134,5055,17989,2000,1719,8543,339,11121
1	567	7556	3908,3162,5739,6800,3119,22055,4702,18171,3785,3787,203,32272,3264,5222,6568,17524,32294,1165,33059,21232,7988,473,4195,2394,3532,10821,7680,8430,8490,13337,10074,6331,9409,8945,20134,5055,17989,2000,1719,8543,339,11121,22467
1	567	11869	3908,3162,5739,6800,3119,22055,4702,18171,3785,3787,203,32272,3264,5222,6568,17524,32294,1165,33059,21232,7988,473,4195,2394,3532,10821,7680,8430,8490,13337,10074,6331,9409,8945,20134,5055,17989,2000,1719,8543,339,11121,22467,7556
1	567	6891	3908,3162,5739,6800,3119,22055,4702,18171,3785,3787,203,32272,3264,5222,6568,17524,32294,1165,33059,21232,7988,473,4195,2394,3532,10821,7680,8430,8490,13337,10074,6331,9409,8945,20134,5055,17989,2000,1719,8543,339,11121,22467,7556,11869
1	567	23143	3908,3162,5739,6800,3119,22055,4702,18171,3785,3787,203,32272,3264,5222,6568,17524,32294,1165,33059,21232,7988,473,4195,2394,3532,10821,7680,8430,8490,13337,10074,6331,9409,8945,20134,5055,17989,2000,1719,8543,339,11121,22467,7556,11869,6891
