1	1792	3493	0
1	1792	5128	3493
1	1792	9865	3493,5128
1	1792	6395	3493,5128,9865
1	1792	32406	3493,5128,9865,6395
1	1792	19953	3493,5128,9865,6395,32406
0	1792	20536	3493,5128,9865,6395,32406,19953
1	1792	12798	3493,5128,9865,6395,32406,19953
1	1792	13549	3493,5128,9865,6395,32406,19953,12798
1	1792	15901	3493,5128,9865,6395,32406,19953,12798,13549
1	1792	16902	3493,5128,9865,6395,32406,19953,12798,13549,15901
0	1792	19078	3493,5128,9865,6395,32406,19953,12798,13549,15901,16902
0	1792	32383	3493,5128,9865,6395,32406,19953,12798,13549,15901,16902
1	1792	1082	3493,5128,9865,6395,32406,19953,12798,13549,15901,16902
1	1792	1083	3493,5128,9865,6395,32406,19953,12798,13549,15901,16902,1082
1	1792	2297	3493,5128,9865,6395,32406,19953,12798,13549,15901,16902,1082,1083
0	1792	3458	3493,5128,9865,6395,32406,19953,12798,13549,15901,16902,1082,1083,2297
1	1792	4064	3493,5128,9865,6395,32406,19953,12798,13549,15901,16902,1082,1083,2297
1	1792	4182	3493,5128,9865,6395,32406,19953,12798,13549,15901,16902,1082,1083,2297,4064
1	1792	4316	3493,5128,9865,6395,32406,19953,12798,13549,15901,16902,1082,1083,2297,4064,4182
1	1792	5372	3493,5128,9865,6395,32406,19953,12798,13549,15901,16902,1082,1083,2297,4064,4182,4316
1	1792	6976	3493,5128,9865,6395,32406,19953,12798,13549,15901,16902,1082,1083,2297,4064,4182,4316,5372
0	1792	8666	3493,5128,9865,6395,32406,19953,12798,13549,15901,16902,1082,1083,2297,4064,4182,4316,5372,6976
1	1792	8716	3493,5128,9865,6395,32406,19953,12798,13549,15901,16902,1082,1083,2297,4064,4182,4316,5372,6976
1	1792	10963	3493,5128,9865,6395,32406,19953,12798,13549,15901,16902,1082,1083,2297,4064,4182,4316,5372,6976,8716
1	1792	12186	3493,5128,9865,6395,32406,19953,12798,13549,15901,16902,1082,1083,2297,4064,4182,4316,5372,6976,8716,10963
1	1792	12939	3493,5128,9865,6395,32406,19953,12798,13549,15901,16902,1082,1083,2297,4064,4182,4316,5372,6976,8716,10963,12186
0	1792	13504	3493,5128,9865,6395,32406,19953,12798,13549,15901,16902,1082,1083,2297,4064,4182,4316,5372,6976,8716,10963,12186,12939
1	1792	14594	3493,5128,9865,6395,32406,19953,12798,13549,15901,16902,1082,1083,2297,4064,4182,4316,5372,6976,8716,10963,12186,12939
0	1792	15597	3493,5128,9865,6395,32406,19953,12798,13549,15901,16902,1082,1083,2297,4064,4182,4316,5372,6976,8716,10963,12186,12939,14594
0	1792	14301	3493,5128,9865,6395,32406,19953,12798,13549,15901,16902,1082,1083,2297,4064,4182,4316,5372,6976,8716,10963,12186,12939,14594
1	1792	17232	3493,5128,9865,6395,32406,19953,12798,13549,15901,16902,1082,1083,2297,4064,4182,4316,5372,6976,8716,10963,12186,12939,14594
1	1792	1134	3493,5128,9865,6395,32406,19953,12798,13549,15901,16902,1082,1083,2297,4064,4182,4316,5372,6976,8716,10963,12186,12939,14594,17232
1	1792	1474	3493,5128,9865,6395,32406,19953,12798,13549,15901,16902,1082,1083,2297,4064,4182,4316,5372,6976,8716,10963,12186,12939,14594,17232,1134
0	1792	23988	3493,5128,9865,6395,32406,19953,12798,13549,15901,16902,1082,1083,2297,4064,4182,4316,5372,6976,8716,10963,12186,12939,14594,17232,1134,1474
1	1792	17103	3493,5128,9865,6395,32406,19953,12798,13549,15901,16902,1082,1083,2297,4064,4182,4316,5372,6976,8716,10963,12186,12939,14594,17232,1134,1474
1	1792	17419	3493,5128,9865,6395,32406,19953,12798,13549,15901,16902,1082,1083,2297,4064,4182,4316,5372,6976,8716,10963,12186,12939,14594,17232,1134,1474,17103
0	1792	13935	3493,5128,9865,6395,32406,19953,12798,13549,15901,16902,1082,1083,2297,4064,4182,4316,5372,6976,8716,10963,12186,12939,14594,17232,1134,1474,17103,17419
0	1792	15291	3493,5128,9865,6395,32406,19953,12798,13549,15901,16902,1082,1083,2297,4064,4182,4316,5372,6976,8716,10963,12186,12939,14594,17232,1134,1474,17103,17419
0	1792	843	3493,5128,9865,6395,32406,19953,12798,13549,15901,16902,1082,1083,2297,4064,4182,4316,5372,6976,8716,10963,12186,12939,14594,17232,1134,1474,17103,17419
1	1792	13405	3493,5128,9865,6395,32406,19953,12798,13549,15901,16902,1082,1083,2297,4064,4182,4316,5372,6976,8716,10963,12186,12939,14594,17232,1134,1474,17103,17419
1	1792	18796	3493,5128,9865,6395,32406,19953,12798,13549,15901,16902,1082,1083,2297,4064,4182,4316,5372,6976,8716,10963,12186,12939,14594,17232,1134,1474,17103,17419,13405
1	1792	8652	3493,5128,9865,6395,32406,19953,12798,13549,15901,16902,1082,1083,2297,4064,4182,4316,5372,6976,8716,10963,12186,12939,14594,17232,1134,1474,17103,17419,13405,18796
1	1792	12799	3493,5128,9865,6395,32406,19953,12798,13549,15901,16902,1082,1083,2297,4064,4182,4316,5372,6976,8716,10963,12186,12939,14594,17232,1134,1474,17103,17419,13405,18796,8652
1	1792	16438	3493,5128,9865,6395,32406,19953,12798,13549,15901,16902,1082,1083,2297,4064,4182,4316,5372,6976,8716,10963,12186,12939,14594,17232,1134,1474,17103,17419,13405,18796,8652,12799
1	1792	20377	3493,5128,9865,6395,32406,19953,12798,13549,15901,16902,1082,1083,2297,4064,4182,4316,5372,6976,8716,10963,12186,12939,14594,17232,1134,1474,17103,17419,13405,18796,8652,12799,16438
1	1792	20953	3493,5128,9865,6395,32406,19953,12798,13549,15901,16902,1082,1083,2297,4064,4182,4316,5372,6976,8716,10963,12186,12939,14594,17232,1134,1474,17103,17419,13405,18796,8652,12799,16438,20377
0	1792	20170	3493,5128,9865,6395,32406,19953,12798,13549,15901,16902,1082,1083,2297,4064,4182,4316,5372,6976,8716,10963,12186,12939,14594,17232,1134,1474,17103,17419,13405,18796,8652,12799,16438,20377,20953
0	1792	20649	3493,5128,9865,6395,32406,19953,12798,13549,15901,16902,1082,1083,2297,4064,4182,4316,5372,6976,8716,10963,12186,12939,14594,17232,1134,1474,17103,17419,13405,18796,8652,12799,16438,20377,20953
1	1792	24407	3493,5128,9865,6395,32406,19953,12798,13549,15901,16902,1082,1083,2297,4064,4182,4316,5372,6976,8716,10963,12186,12939,14594,17232,1134,1474,17103,17419,13405,18796,8652,12799,16438,20377,20953
1	1792	15226	3493,5128,9865,6395,32406,19953,12798,13549,15901,16902,1082,1083,2297,4064,4182,4316,5372,6976,8716,10963,12186,12939,14594,17232,1134,1474,17103,17419,13405,18796,8652,12799,16438,20377,20953,24407
1	1792	18891	3493,5128,9865,6395,32406,19953,12798,13549,15901,16902,1082,1083,2297,4064,4182,4316,5372,6976,8716,10963,12186,12939,14594,17232,1134,1474,17103,17419,13405,18796,8652,12799,16438,20377,20953,24407,15226
0	1792	28271	3493,5128,9865,6395,32406,19953,12798,13549,15901,16902,1082,1083,2297,4064,4182,4316,5372,6976,8716,10963,12186,12939,14594,17232,1134,1474,17103,17419,13405,18796,8652,12799,16438,20377,20953,24407,15226,18891
