1	1360	31911	0
0	1360	4642	31911
0	1360	4943	31911
1	1360	25606	31911
0	1360	5478	31911,25606
1	1360	31582	31911,25606
1	1360	13420	31911,25606,31582
1	1360	25661	31911,25606,31582,13420
1	1360	11316	31911,25606,31582,13420,25661
1	1360	2053	31911,25606,31582,13420,25661,11316
1	1360	11799	31911,25606,31582,13420,25661,11316,2053
1	1360	4314	31911,25606,31582,13420,25661,11316,2053,11799
0	1360	16353	31911,25606,31582,13420,25661,11316,2053,11799,4314
1	1360	3094	31911,25606,31582,13420,25661,11316,2053,11799,4314
1	1360	11869	31911,25606,31582,13420,25661,11316,2053,11799,4314,3094
0	1360	20259	31911,25606,31582,13420,25661,11316,2053,11799,4314,3094,11869
1	1360	10705	31911,25606,31582,13420,25661,11316,2053,11799,4314,3094,11869
1	1360	27337	31911,25606,31582,13420,25661,11316,2053,11799,4314,3094,11869,10705
1	1360	20468	31911,25606,31582,13420,25661,11316,2053,11799,4314,3094,11869,10705,27337
