1	112	25541	0
1	112	107	25541
1	112	19210	25541,107
1	112	4319	25541,107,19210
1	112	9777	25541,107,19210,4319
1	112	3233	25541,107,19210,4319,9777
1	112	3697	25541,107,19210,4319,9777,3233
1	112	8949	25541,107,19210,4319,9777,3233,3697
1	112	14404	25541,107,19210,4319,9777,3233,3697,8949
1	112	14405	25541,107,19210,4319,9777,3233,3697,8949,14404
0	112	1228	25541,107,19210,4319,9777,3233,3697,8949,14404,14405
1	112	6910	25541,107,19210,4319,9777,3233,3697,8949,14404,14405
1	112	6985	25541,107,19210,4319,9777,3233,3697,8949,14404,14405,6910
1	112	11250	25541,107,19210,4319,9777,3233,3697,8949,14404,14405,6910,6985
1	112	8847	25541,107,19210,4319,9777,3233,3697,8949,14404,14405,6910,6985,11250
1	112	14150	25541,107,19210,4319,9777,3233,3697,8949,14404,14405,6910,6985,11250,8847
1	112	16261	25541,107,19210,4319,9777,3233,3697,8949,14404,14405,6910,6985,11250,8847,14150
0	112	16685	25541,107,19210,4319,9777,3233,3697,8949,14404,14405,6910,6985,11250,8847,14150,16261
0	112	2537	25541,107,19210,4319,9777,3233,3697,8949,14404,14405,6910,6985,11250,8847,14150,16261
1	112	11059	25541,107,19210,4319,9777,3233,3697,8949,14404,14405,6910,6985,11250,8847,14150,16261
1	112	30944	25541,107,19210,4319,9777,3233,3697,8949,14404,14405,6910,6985,11250,8847,14150,16261,11059
1	112	10930	25541,107,19210,4319,9777,3233,3697,8949,14404,14405,6910,6985,11250,8847,14150,16261,11059,30944
1	112	15846	25541,107,19210,4319,9777,3233,3697,8949,14404,14405,6910,6985,11250,8847,14150,16261,11059,30944,10930
1	112	11311	25541,107,19210,4319,9777,3233,3697,8949,14404,14405,6910,6985,11250,8847,14150,16261,11059,30944,10930,15846
1	112	20142	25541,107,19210,4319,9777,3233,3697,8949,14404,14405,6910,6985,11250,8847,14150,16261,11059,30944,10930,15846,11311
1	112	14728	25541,107,19210,4319,9777,3233,3697,8949,14404,14405,6910,6985,11250,8847,14150,16261,11059,30944,10930,15846,11311,20142
1	112	16298	25541,107,19210,4319,9777,3233,3697,8949,14404,14405,6910,6985,11250,8847,14150,16261,11059,30944,10930,15846,11311,20142,14728
0	112	19843	25541,107,19210,4319,9777,3233,3697,8949,14404,14405,6910,6985,11250,8847,14150,16261,11059,30944,10930,15846,11311,20142,14728,16298
1	112	16562	25541,107,19210,4319,9777,3233,3697,8949,14404,14405,6910,6985,11250,8847,14150,16261,11059,30944,10930,15846,11311,20142,14728,16298
1	112	31238	25541,107,19210,4319,9777,3233,3697,8949,14404,14405,6910,6985,11250,8847,14150,16261,11059,30944,10930,15846,11311,20142,14728,16298,16562
0	112	20011	25541,107,19210,4319,9777,3233,3697,8949,14404,14405,6910,6985,11250,8847,14150,16261,11059,30944,10930,15846,11311,20142,14728,16298,16562,31238
1	112	1981	25541,107,19210,4319,9777,3233,3697,8949,14404,14405,6910,6985,11250,8847,14150,16261,11059,30944,10930,15846,11311,20142,14728,16298,16562,31238
1	112	6799	25541,107,19210,4319,9777,3233,3697,8949,14404,14405,6910,6985,11250,8847,14150,16261,11059,30944,10930,15846,11311,20142,14728,16298,16562,31238,1981
1	112	27104	25541,107,19210,4319,9777,3233,3697,8949,14404,14405,6910,6985,11250,8847,14150,16261,11059,30944,10930,15846,11311,20142,14728,16298,16562,31238,1981,6799
1	112	22145	25541,107,19210,4319,9777,3233,3697,8949,14404,14405,6910,6985,11250,8847,14150,16261,11059,30944,10930,15846,11311,20142,14728,16298,16562,31238,1981,6799,27104
0	112	26057	25541,107,19210,4319,9777,3233,3697,8949,14404,14405,6910,6985,11250,8847,14150,16261,11059,30944,10930,15846,11311,20142,14728,16298,16562,31238,1981,6799,27104,22145
0	112	23822	25541,107,19210,4319,9777,3233,3697,8949,14404,14405,6910,6985,11250,8847,14150,16261,11059,30944,10930,15846,11311,20142,14728,16298,16562,31238,1981,6799,27104,22145
1	112	25297	25541,107,19210,4319,9777,3233,3697,8949,14404,14405,6910,6985,11250,8847,14150,16261,11059,30944,10930,15846,11311,20142,14728,16298,16562,31238,1981,6799,27104,22145
1	112	23308	25541,107,19210,4319,9777,3233,3697,8949,14404,14405,6910,6985,11250,8847,14150,16261,11059,30944,10930,15846,11311,20142,14728,16298,16562,31238,1981,6799,27104,22145,25297
0	112	19138	25541,107,19210,4319,9777,3233,3697,8949,14404,14405,6910,6985,11250,8847,14150,16261,11059,30944,10930,15846,11311,20142,14728,16298,16562,31238,1981,6799,27104,22145,25297,23308
1	112	21807	25541,107,19210,4319,9777,3233,3697,8949,14404,14405,6910,6985,11250,8847,14150,16261,11059,30944,10930,15846,11311,20142,14728,16298,16562,31238,1981,6799,27104,22145,25297,23308
0	112	26093	25541,107,19210,4319,9777,3233,3697,8949,14404,14405,6910,6985,11250,8847,14150,16261,11059,30944,10930,15846,11311,20142,14728,16298,16562,31238,1981,6799,27104,22145,25297,23308,21807
1	112	22023	25541,107,19210,4319,9777,3233,3697,8949,14404,14405,6910,6985,11250,8847,14150,16261,11059,30944,10930,15846,11311,20142,14728,16298,16562,31238,1981,6799,27104,22145,25297,23308,21807
1	112	14399	25541,107,19210,4319,9777,3233,3697,8949,14404,14405,6910,6985,11250,8847,14150,16261,11059,30944,10930,15846,11311,20142,14728,16298,16562,31238,1981,6799,27104,22145,25297,23308,21807,22023
1	112	23887	25541,107,19210,4319,9777,3233,3697,8949,14404,14405,6910,6985,11250,8847,14150,16261,11059,30944,10930,15846,11311,20142,14728,16298,16562,31238,1981,6799,27104,22145,25297,23308,21807,22023,14399
