0	1177	32469	0
0	1177	32010	0
1	1177	31775	0
0	1177	9263	31775
1	1177	38	31775
0	1177	30097	31775,38
1	1177	7085	31775,38
1	1177	6333	31775,38,7085
1	1177	6889	31775,38,7085,6333
0	1177	7617	31775,38,7085,6333,6889
1	1177	6895	31775,38,7085,6333,6889
1	1177	8227	31775,38,7085,6333,6889,6895
0	1177	9318	31775,38,7085,6333,6889,6895,8227
1	1177	9823	31775,38,7085,6333,6889,6895,8227
0	1177	6818	31775,38,7085,6333,6889,6895,8227,9823
1	1177	9824	31775,38,7085,6333,6889,6895,8227,9823
1	1177	9462	31775,38,7085,6333,6889,6895,8227,9823,9824
1	1177	10983	31775,38,7085,6333,6889,6895,8227,9823,9824,9462
1	1177	15219	31775,38,7085,6333,6889,6895,8227,9823,9824,9462,10983
1	1177	16033	31775,38,7085,6333,6889,6895,8227,9823,9824,9462,10983,15219
1	1177	16023	31775,38,7085,6333,6889,6895,8227,9823,9824,9462,10983,15219,16033
0	1177	10742	31775,38,7085,6333,6889,6895,8227,9823,9824,9462,10983,15219,16033,16023
1	1177	6801	31775,38,7085,6333,6889,6895,8227,9823,9824,9462,10983,15219,16033,16023
1	1177	19133	31775,38,7085,6333,6889,6895,8227,9823,9824,9462,10983,15219,16033,16023,6801
1	1177	14589	31775,38,7085,6333,6889,6895,8227,9823,9824,9462,10983,15219,16033,16023,6801,19133
1	1177	17738	31775,38,7085,6333,6889,6895,8227,9823,9824,9462,10983,15219,16033,16023,6801,19133,14589
1	1177	19583	31775,38,7085,6333,6889,6895,8227,9823,9824,9462,10983,15219,16033,16023,6801,19133,14589,17738
0	1177	18887	31775,38,7085,6333,6889,6895,8227,9823,9824,9462,10983,15219,16033,16023,6801,19133,14589,17738,19583
1	1177	17806	31775,38,7085,6333,6889,6895,8227,9823,9824,9462,10983,15219,16033,16023,6801,19133,14589,17738,19583
0	1177	23453	31775,38,7085,6333,6889,6895,8227,9823,9824,9462,10983,15219,16033,16023,6801,19133,14589,17738,19583,17806
1	1177	23490	31775,38,7085,6333,6889,6895,8227,9823,9824,9462,10983,15219,16033,16023,6801,19133,14589,17738,19583,17806
1	1177	16449	31775,38,7085,6333,6889,6895,8227,9823,9824,9462,10983,15219,16033,16023,6801,19133,14589,17738,19583,17806,23490
1	1177	24162	31775,38,7085,6333,6889,6895,8227,9823,9824,9462,10983,15219,16033,16023,6801,19133,14589,17738,19583,17806,23490,16449
0	1177	25434	31775,38,7085,6333,6889,6895,8227,9823,9824,9462,10983,15219,16033,16023,6801,19133,14589,17738,19583,17806,23490,16449,24162
0	1177	23865	31775,38,7085,6333,6889,6895,8227,9823,9824,9462,10983,15219,16033,16023,6801,19133,14589,17738,19583,17806,23490,16449,24162
0	1177	24193	31775,38,7085,6333,6889,6895,8227,9823,9824,9462,10983,15219,16033,16023,6801,19133,14589,17738,19583,17806,23490,16449,24162
1	1177	25417	31775,38,7085,6333,6889,6895,8227,9823,9824,9462,10983,15219,16033,16023,6801,19133,14589,17738,19583,17806,23490,16449,24162
1	1177	26764	31775,38,7085,6333,6889,6895,8227,9823,9824,9462,10983,15219,16033,16023,6801,19133,14589,17738,19583,17806,23490,16449,24162,25417
1	1177	837	31775,38,7085,6333,6889,6895,8227,9823,9824,9462,10983,15219,16033,16023,6801,19133,14589,17738,19583,17806,23490,16449,24162,25417,26764
0	1177	17778	31775,38,7085,6333,6889,6895,8227,9823,9824,9462,10983,15219,16033,16023,6801,19133,14589,17738,19583,17806,23490,16449,24162,25417,26764,837
1	1177	24048	31775,38,7085,6333,6889,6895,8227,9823,9824,9462,10983,15219,16033,16023,6801,19133,14589,17738,19583,17806,23490,16449,24162,25417,26764,837
0	1177	14032	31775,38,7085,6333,6889,6895,8227,9823,9824,9462,10983,15219,16033,16023,6801,19133,14589,17738,19583,17806,23490,16449,24162,25417,26764,837,24048
1	1177	27638	31775,38,7085,6333,6889,6895,8227,9823,9824,9462,10983,15219,16033,16023,6801,19133,14589,17738,19583,17806,23490,16449,24162,25417,26764,837,24048
1	1177	29250	31775,38,7085,6333,6889,6895,8227,9823,9824,9462,10983,15219,16033,16023,6801,19133,14589,17738,19583,17806,23490,16449,24162,25417,26764,837,24048,27638
