1	966	2454	0
0	966	3169	2454
0	966	5364	2454
1	966	5634	2454
0	966	6834	2454,5634
1	966	11938	2454,5634
0	966	6269	2454,5634,11938
0	966	13741	2454,5634,11938
1	966	6084	2454,5634,11938
1	966	11387	2454,5634,11938,6084
1	966	17545	2454,5634,11938,6084,11387
0	966	5370	2454,5634,11938,6084,11387,17545
1	966	8868	2454,5634,11938,6084,11387,17545
1	966	10154	2454,5634,11938,6084,11387,17545,8868
1	966	14708	2454,5634,11938,6084,11387,17545,8868,10154
1	966	17162	2454,5634,11938,6084,11387,17545,8868,10154,14708
1	966	19371	2454,5634,11938,6084,11387,17545,8868,10154,14708,17162
0	966	20093	2454,5634,11938,6084,11387,17545,8868,10154,14708,17162,19371
1	966	6970	2454,5634,11938,6084,11387,17545,8868,10154,14708,17162,19371
0	966	16930	2454,5634,11938,6084,11387,17545,8868,10154,14708,17162,19371,6970
1	966	13435	2454,5634,11938,6084,11387,17545,8868,10154,14708,17162,19371,6970
1	966	21847	2454,5634,11938,6084,11387,17545,8868,10154,14708,17162,19371,6970,13435
1	966	26438	2454,5634,11938,6084,11387,17545,8868,10154,14708,17162,19371,6970,13435,21847
0	966	11473	2454,5634,11938,6084,11387,17545,8868,10154,14708,17162,19371,6970,13435,21847,26438
1	966	16276	2454,5634,11938,6084,11387,17545,8868,10154,14708,17162,19371,6970,13435,21847,26438
1	966	16427	2454,5634,11938,6084,11387,17545,8868,10154,14708,17162,19371,6970,13435,21847,26438,16276
1	966	21333	2454,5634,11938,6084,11387,17545,8868,10154,14708,17162,19371,6970,13435,21847,26438,16276,16427
1	966	21560	2454,5634,11938,6084,11387,17545,8868,10154,14708,17162,19371,6970,13435,21847,26438,16276,16427,21333
1	966	14138	2454,5634,11938,6084,11387,17545,8868,10154,14708,17162,19371,6970,13435,21847,26438,16276,16427,21333,21560
0	966	25973	2454,5634,11938,6084,11387,17545,8868,10154,14708,17162,19371,6970,13435,21847,26438,16276,16427,21333,21560,14138
1	966	12693	2454,5634,11938,6084,11387,17545,8868,10154,14708,17162,19371,6970,13435,21847,26438,16276,16427,21333,21560,14138
1	966	12863	2454,5634,11938,6084,11387,17545,8868,10154,14708,17162,19371,6970,13435,21847,26438,16276,16427,21333,21560,14138,12693
1	966	14508	2454,5634,11938,6084,11387,17545,8868,10154,14708,17162,19371,6970,13435,21847,26438,16276,16427,21333,21560,14138,12693,12863
1	966	20686	2454,5634,11938,6084,11387,17545,8868,10154,14708,17162,19371,6970,13435,21847,26438,16276,16427,21333,21560,14138,12693,12863,14508
1	966	20368	2454,5634,11938,6084,11387,17545,8868,10154,14708,17162,19371,6970,13435,21847,26438,16276,16427,21333,21560,14138,12693,12863,14508,20686
1	966	2388	2454,5634,11938,6084,11387,17545,8868,10154,14708,17162,19371,6970,13435,21847,26438,16276,16427,21333,21560,14138,12693,12863,14508,20686,20368
1	966	6947	2454,5634,11938,6084,11387,17545,8868,10154,14708,17162,19371,6970,13435,21847,26438,16276,16427,21333,21560,14138,12693,12863,14508,20686,20368,2388
1	966	14193	2454,5634,11938,6084,11387,17545,8868,10154,14708,17162,19371,6970,13435,21847,26438,16276,16427,21333,21560,14138,12693,12863,14508,20686,20368,2388,6947
