0	1648	27016	0
1	1648	5112	0
1	1648	6994	5112
0	1648	4633	5112,6994
0	1648	8655	5112,6994
0	1648	9462	5112,6994
1	1648	7414	5112,6994
1	1648	4567	5112,6994,7414
1	1648	7987	5112,6994,7414,4567
1	1648	10781	5112,6994,7414,4567,7987
1	1648	6764	5112,6994,7414,4567,7987,10781
1	1648	10988	5112,6994,7414,4567,7987,10781,6764
1	1648	12390	5112,6994,7414,4567,7987,10781,6764,10988
1	1648	16022	5112,6994,7414,4567,7987,10781,6764,10988,12390
1	1648	16458	5112,6994,7414,4567,7987,10781,6764,10988,12390,16022
1	1648	17327	5112,6994,7414,4567,7987,10781,6764,10988,12390,16022,16458
0	1648	13320	5112,6994,7414,4567,7987,10781,6764,10988,12390,16022,16458,17327
1	1648	17466	5112,6994,7414,4567,7987,10781,6764,10988,12390,16022,16458,17327
1	1648	17171	5112,6994,7414,4567,7987,10781,6764,10988,12390,16022,16458,17327,17466
1	1648	735	5112,6994,7414,4567,7987,10781,6764,10988,12390,16022,16458,17327,17466,17171
1	1648	20158	5112,6994,7414,4567,7987,10781,6764,10988,12390,16022,16458,17327,17466,17171,735
1	1648	17120	5112,6994,7414,4567,7987,10781,6764,10988,12390,16022,16458,17327,17466,17171,735,20158
1	1648	12198	5112,6994,7414,4567,7987,10781,6764,10988,12390,16022,16458,17327,17466,17171,735,20158,17120
1	1648	19016	5112,6994,7414,4567,7987,10781,6764,10988,12390,16022,16458,17327,17466,17171,735,20158,17120,12198
1	1648	19112	5112,6994,7414,4567,7987,10781,6764,10988,12390,16022,16458,17327,17466,17171,735,20158,17120,12198,19016
1	1648	19886	5112,6994,7414,4567,7987,10781,6764,10988,12390,16022,16458,17327,17466,17171,735,20158,17120,12198,19016,19112
1	1648	22263	5112,6994,7414,4567,7987,10781,6764,10988,12390,16022,16458,17327,17466,17171,735,20158,17120,12198,19016,19112,19886
1	1648	16861	5112,6994,7414,4567,7987,10781,6764,10988,12390,16022,16458,17327,17466,17171,735,20158,17120,12198,19016,19112,19886,22263
1	1648	17937	5112,6994,7414,4567,7987,10781,6764,10988,12390,16022,16458,17327,17466,17171,735,20158,17120,12198,19016,19112,19886,22263,16861
1	1648	20195	5112,6994,7414,4567,7987,10781,6764,10988,12390,16022,16458,17327,17466,17171,735,20158,17120,12198,19016,19112,19886,22263,16861,17937
0	1648	774	5112,6994,7414,4567,7987,10781,6764,10988,12390,16022,16458,17327,17466,17171,735,20158,17120,12198,19016,19112,19886,22263,16861,17937,20195
1	1648	25346	5112,6994,7414,4567,7987,10781,6764,10988,12390,16022,16458,17327,17466,17171,735,20158,17120,12198,19016,19112,19886,22263,16861,17937,20195
1	1648	11869	5112,6994,7414,4567,7987,10781,6764,10988,12390,16022,16458,17327,17466,17171,735,20158,17120,12198,19016,19112,19886,22263,16861,17937,20195,25346
1	1648	24318	5112,6994,7414,4567,7987,10781,6764,10988,12390,16022,16458,17327,17466,17171,735,20158,17120,12198,19016,19112,19886,22263,16861,17937,20195,25346,11869
1	1648	18017	5112,6994,7414,4567,7987,10781,6764,10988,12390,16022,16458,17327,17466,17171,735,20158,17120,12198,19016,19112,19886,22263,16861,17937,20195,25346,11869,24318
1	1648	24037	5112,6994,7414,4567,7987,10781,6764,10988,12390,16022,16458,17327,17466,17171,735,20158,17120,12198,19016,19112,19886,22263,16861,17937,20195,25346,11869,24318,18017
1	1648	25495	5112,6994,7414,4567,7987,10781,6764,10988,12390,16022,16458,17327,17466,17171,735,20158,17120,12198,19016,19112,19886,22263,16861,17937,20195,25346,11869,24318,18017,24037
1	1648	20342	5112,6994,7414,4567,7987,10781,6764,10988,12390,16022,16458,17327,17466,17171,735,20158,17120,12198,19016,19112,19886,22263,16861,17937,20195,25346,11869,24318,18017,24037,25495
1	1648	23068	5112,6994,7414,4567,7987,10781,6764,10988,12390,16022,16458,17327,17466,17171,735,20158,17120,12198,19016,19112,19886,22263,16861,17937,20195,25346,11869,24318,18017,24037,25495,20342
0	1648	17747	5112,6994,7414,4567,7987,10781,6764,10988,12390,16022,16458,17327,17466,17171,735,20158,17120,12198,19016,19112,19886,22263,16861,17937,20195,25346,11869,24318,18017,24037,25495,20342,23068
0	1648	24786	5112,6994,7414,4567,7987,10781,6764,10988,12390,16022,16458,17327,17466,17171,735,20158,17120,12198,19016,19112,19886,22263,16861,17937,20195,25346,11869,24318,18017,24037,25495,20342,23068
1	1648	18520	5112,6994,7414,4567,7987,10781,6764,10988,12390,16022,16458,17327,17466,17171,735,20158,17120,12198,19016,19112,19886,22263,16861,17937,20195,25346,11869,24318,18017,24037,25495,20342,23068
1	1648	26410	5112,6994,7414,4567,7987,10781,6764,10988,12390,16022,16458,17327,17466,17171,735,20158,17120,12198,19016,19112,19886,22263,16861,17937,20195,25346,11869,24318,18017,24037,25495,20342,23068,18520
1	1648	1865	5112,6994,7414,4567,7987,10781,6764,10988,12390,16022,16458,17327,17466,17171,735,20158,17120,12198,19016,19112,19886,22263,16861,17937,20195,25346,11869,24318,18017,24037,25495,20342,23068,18520,26410
1	1648	23389	5112,6994,7414,4567,7987,10781,6764,10988,12390,16022,16458,17327,17466,17171,735,20158,17120,12198,19016,19112,19886,22263,16861,17937,20195,25346,11869,24318,18017,24037,25495,20342,23068,18520,26410,1865
1	1648	28090	5112,6994,7414,4567,7987,10781,6764,10988,12390,16022,16458,17327,17466,17171,735,20158,17120,12198,19016,19112,19886,22263,16861,17937,20195,25346,11869,24318,18017,24037,25495,20342,23068,18520,26410,1865,23389
1	1648	23462	5112,6994,7414,4567,7987,10781,6764,10988,12390,16022,16458,17327,17466,17171,735,20158,17120,12198,19016,19112,19886,22263,16861,17937,20195,25346,11869,24318,18017,24037,25495,20342,23068,18520,26410,1865,23389,28090
1	1648	27698	5112,6994,7414,4567,7987,10781,6764,10988,12390,16022,16458,17327,17466,17171,735,20158,17120,12198,19016,19112,19886,22263,16861,17937,20195,25346,11869,24318,18017,24037,25495,20342,23068,18520,26410,1865,23389,28090,23462
0	1648	26401	5112,6994,7414,4567,7987,10781,6764,10988,12390,16022,16458,17327,17466,17171,735,20158,17120,12198,19016,19112,19886,22263,16861,17937,20195,25346,11869,24318,18017,24037,25495,20342,23068,18520,26410,1865,23389,28090,23462,27698
1	1648	28647	5112,6994,7414,4567,7987,10781,6764,10988,12390,16022,16458,17327,17466,17171,735,20158,17120,12198,19016,19112,19886,22263,16861,17937,20195,25346,11869,24318,18017,24037,25495,20342,23068,18520,26410,1865,23389,28090,23462,27698
1	1648	25826	5112,6994,7414,4567,7987,10781,6764,10988,12390,16022,16458,17327,17466,17171,735,20158,17120,12198,19016,19112,19886,22263,16861,17937,20195,25346,11869,24318,18017,24037,25495,20342,23068,18520,26410,1865,23389,28090,23462,27698,28647
1	1648	29426	5112,6994,7414,4567,7987,10781,6764,10988,12390,16022,16458,17327,17466,17171,735,20158,17120,12198,19016,19112,19886,22263,16861,17937,20195,25346,11869,24318,18017,24037,25495,20342,23068,18520,26410,1865,23389,28090,23462,27698,28647,25826
1	1648	28140	5112,6994,7414,4567,7987,10781,6764,10988,12390,16022,16458,17327,17466,17171,735,20158,17120,12198,19016,19112,19886,22263,16861,17937,20195,25346,11869,24318,18017,24037,25495,20342,23068,18520,26410,1865,23389,28090,23462,27698,28647,25826,29426
1	1648	18322	5112,6994,7414,4567,7987,10781,6764,10988,12390,16022,16458,17327,17466,17171,735,20158,17120,12198,19016,19112,19886,22263,16861,17937,20195,25346,11869,24318,18017,24037,25495,20342,23068,18520,26410,1865,23389,28090,23462,27698,28647,25826,29426,28140
0	1648	27388	5112,6994,7414,4567,7987,10781,6764,10988,12390,16022,16458,17327,17466,17171,735,20158,17120,12198,19016,19112,19886,22263,16861,17937,20195,25346,11869,24318,18017,24037,25495,20342,23068,18520,26410,1865,23389,28090,23462,27698,28647,25826,29426,28140,18322
1	1648	27742	5112,6994,7414,4567,7987,10781,6764,10988,12390,16022,16458,17327,17466,17171,735,20158,17120,12198,19016,19112,19886,22263,16861,17937,20195,25346,11869,24318,18017,24037,25495,20342,23068,18520,26410,1865,23389,28090,23462,27698,28647,25826,29426,28140,18322
1	1648	29554	5112,6994,7414,4567,7987,10781,6764,10988,12390,16022,16458,17327,17466,17171,735,20158,17120,12198,19016,19112,19886,22263,16861,17937,20195,25346,11869,24318,18017,24037,25495,20342,23068,18520,26410,1865,23389,28090,23462,27698,28647,25826,29426,28140,18322,27742
1	1648	28752	5112,6994,7414,4567,7987,10781,6764,10988,12390,16022,16458,17327,17466,17171,735,20158,17120,12198,19016,19112,19886,22263,16861,17937,20195,25346,11869,24318,18017,24037,25495,20342,23068,18520,26410,1865,23389,28090,23462,27698,28647,25826,29426,28140,18322,27742,29554
1	1648	29311	5112,6994,7414,4567,7987,10781,6764,10988,12390,16022,16458,17327,17466,17171,735,20158,17120,12198,19016,19112,19886,22263,16861,17937,20195,25346,11869,24318,18017,24037,25495,20342,23068,18520,26410,1865,23389,28090,23462,27698,28647,25826,29426,28140,18322,27742,29554,28752
1	1648	29803	5112,6994,7414,4567,7987,10781,6764,10988,12390,16022,16458,17327,17466,17171,735,20158,17120,12198,19016,19112,19886,22263,16861,17937,20195,25346,11869,24318,18017,24037,25495,20342,23068,18520,26410,1865,23389,28090,23462,27698,28647,25826,29426,28140,18322,27742,29554,28752,29311
1	1648	8506	5112,6994,7414,4567,7987,10781,6764,10988,12390,16022,16458,17327,17466,17171,735,20158,17120,12198,19016,19112,19886,22263,16861,17937,20195,25346,11869,24318,18017,24037,25495,20342,23068,18520,26410,1865,23389,28090,23462,27698,28647,25826,29426,28140,18322,27742,29554,28752,29311,29803
