1	655	6345	0
1	655	9118	6345
0	655	12202	6345,9118
0	655	9896	6345,9118
0	655	13253	6345,9118
0	655	15361	6345,9118
1	655	9897	6345,9118
1	655	16818	6345,9118,9897
1	655	5145	6345,9118,9897,16818
1	655	16429	6345,9118,9897,16818,5145
1	655	18595	6345,9118,9897,16818,5145,16429
1	655	19365	6345,9118,9897,16818,5145,16429,18595
1	655	17182	6345,9118,9897,16818,5145,16429,18595,19365
1	655	20349	6345,9118,9897,16818,5145,16429,18595,19365,17182
1	655	19627	6345,9118,9897,16818,5145,16429,18595,19365,17182,20349
0	655	10710	6345,9118,9897,16818,5145,16429,18595,19365,17182,20349,19627
1	655	22925	6345,9118,9897,16818,5145,16429,18595,19365,17182,20349,19627
0	655	20560	6345,9118,9897,16818,5145,16429,18595,19365,17182,20349,19627,22925
1	655	15740	6345,9118,9897,16818,5145,16429,18595,19365,17182,20349,19627,22925
1	655	22386	6345,9118,9897,16818,5145,16429,18595,19365,17182,20349,19627,22925,15740
1	655	20801	6345,9118,9897,16818,5145,16429,18595,19365,17182,20349,19627,22925,15740,22386
1	655	21662	6345,9118,9897,16818,5145,16429,18595,19365,17182,20349,19627,22925,15740,22386,20801
1	655	24980	6345,9118,9897,16818,5145,16429,18595,19365,17182,20349,19627,22925,15740,22386,20801,21662
1	655	21660	6345,9118,9897,16818,5145,16429,18595,19365,17182,20349,19627,22925,15740,22386,20801,21662,24980
1	655	24373	6345,9118,9897,16818,5145,16429,18595,19365,17182,20349,19627,22925,15740,22386,20801,21662,24980,21660
0	655	25913	6345,9118,9897,16818,5145,16429,18595,19365,17182,20349,19627,22925,15740,22386,20801,21662,24980,21660,24373
1	655	10277	6345,9118,9897,16818,5145,16429,18595,19365,17182,20349,19627,22925,15740,22386,20801,21662,24980,21660,24373
1	655	25115	6345,9118,9897,16818,5145,16429,18595,19365,17182,20349,19627,22925,15740,22386,20801,21662,24980,21660,24373,10277
1	655	26304	6345,9118,9897,16818,5145,16429,18595,19365,17182,20349,19627,22925,15740,22386,20801,21662,24980,21660,24373,10277,25115
0	655	26223	6345,9118,9897,16818,5145,16429,18595,19365,17182,20349,19627,22925,15740,22386,20801,21662,24980,21660,24373,10277,25115,26304
0	655	18111	6345,9118,9897,16818,5145,16429,18595,19365,17182,20349,19627,22925,15740,22386,20801,21662,24980,21660,24373,10277,25115,26304
0	655	10289	6345,9118,9897,16818,5145,16429,18595,19365,17182,20349,19627,22925,15740,22386,20801,21662,24980,21660,24373,10277,25115,26304
0	655	21373	6345,9118,9897,16818,5145,16429,18595,19365,17182,20349,19627,22925,15740,22386,20801,21662,24980,21660,24373,10277,25115,26304
0	655	23434	6345,9118,9897,16818,5145,16429,18595,19365,17182,20349,19627,22925,15740,22386,20801,21662,24980,21660,24373,10277,25115,26304
0	655	24510	6345,9118,9897,16818,5145,16429,18595,19365,17182,20349,19627,22925,15740,22386,20801,21662,24980,21660,24373,10277,25115,26304
1	655	26298	6345,9118,9897,16818,5145,16429,18595,19365,17182,20349,19627,22925,15740,22386,20801,21662,24980,21660,24373,10277,25115,26304
0	655	26315	6345,9118,9897,16818,5145,16429,18595,19365,17182,20349,19627,22925,15740,22386,20801,21662,24980,21660,24373,10277,25115,26304,26298
1	655	27119	6345,9118,9897,16818,5145,16429,18595,19365,17182,20349,19627,22925,15740,22386,20801,21662,24980,21660,24373,10277,25115,26304,26298
0	655	27198	6345,9118,9897,16818,5145,16429,18595,19365,17182,20349,19627,22925,15740,22386,20801,21662,24980,21660,24373,10277,25115,26304,26298,27119
0	655	27595	6345,9118,9897,16818,5145,16429,18595,19365,17182,20349,19627,22925,15740,22386,20801,21662,24980,21660,24373,10277,25115,26304,26298,27119
1	655	14728	6345,9118,9897,16818,5145,16429,18595,19365,17182,20349,19627,22925,15740,22386,20801,21662,24980,21660,24373,10277,25115,26304,26298,27119
1	655	27735	6345,9118,9897,16818,5145,16429,18595,19365,17182,20349,19627,22925,15740,22386,20801,21662,24980,21660,24373,10277,25115,26304,26298,27119,14728
1	655	27163	6345,9118,9897,16818,5145,16429,18595,19365,17182,20349,19627,22925,15740,22386,20801,21662,24980,21660,24373,10277,25115,26304,26298,27119,14728,27735
1	655	26437	6345,9118,9897,16818,5145,16429,18595,19365,17182,20349,19627,22925,15740,22386,20801,21662,24980,21660,24373,10277,25115,26304,26298,27119,14728,27735,27163
1	655	24078	6345,9118,9897,16818,5145,16429,18595,19365,17182,20349,19627,22925,15740,22386,20801,21662,24980,21660,24373,10277,25115,26304,26298,27119,14728,27735,27163,26437
1	655	27030	6345,9118,9897,16818,5145,16429,18595,19365,17182,20349,19627,22925,15740,22386,20801,21662,24980,21660,24373,10277,25115,26304,26298,27119,14728,27735,27163,26437,24078
1	655	28040	6345,9118,9897,16818,5145,16429,18595,19365,17182,20349,19627,22925,15740,22386,20801,21662,24980,21660,24373,10277,25115,26304,26298,27119,14728,27735,27163,26437,24078,27030
1	655	27866	6345,9118,9897,16818,5145,16429,18595,19365,17182,20349,19627,22925,15740,22386,20801,21662,24980,21660,24373,10277,25115,26304,26298,27119,14728,27735,27163,26437,24078,27030,28040
1	655	1563	6345,9118,9897,16818,5145,16429,18595,19365,17182,20349,19627,22925,15740,22386,20801,21662,24980,21660,24373,10277,25115,26304,26298,27119,14728,27735,27163,26437,24078,27030,28040,27866
1	655	28564	6345,9118,9897,16818,5145,16429,18595,19365,17182,20349,19627,22925,15740,22386,20801,21662,24980,21660,24373,10277,25115,26304,26298,27119,14728,27735,27163,26437,24078,27030,28040,27866,1563
0	655	29436	6345,9118,9897,16818,5145,16429,18595,19365,17182,20349,19627,22925,15740,22386,20801,21662,24980,21660,24373,10277,25115,26304,26298,27119,14728,27735,27163,26437,24078,27030,28040,27866,1563,28564
0	655	1430	6345,9118,9897,16818,5145,16429,18595,19365,17182,20349,19627,22925,15740,22386,20801,21662,24980,21660,24373,10277,25115,26304,26298,27119,14728,27735,27163,26437,24078,27030,28040,27866,1563,28564
1	655	27867	6345,9118,9897,16818,5145,16429,18595,19365,17182,20349,19627,22925,15740,22386,20801,21662,24980,21660,24373,10277,25115,26304,26298,27119,14728,27735,27163,26437,24078,27030,28040,27866,1563,28564
1	655	29265	6345,9118,9897,16818,5145,16429,18595,19365,17182,20349,19627,22925,15740,22386,20801,21662,24980,21660,24373,10277,25115,26304,26298,27119,14728,27735,27163,26437,24078,27030,28040,27866,1563,28564,27867
