1	1406	16483	0
1	1406	6958	16483
1	1406	9691	16483,6958
0	1406	12040	16483,6958,9691
1	1406	12142	16483,6958,9691
0	1406	13492	16483,6958,9691,12142
1	1406	16550	16483,6958,9691,12142
0	1406	15280	16483,6958,9691,12142,16550
1	1406	10366	16483,6958,9691,12142,16550
0	1406	15650	16483,6958,9691,12142,16550,10366
0	1406	18675	16483,6958,9691,12142,16550,10366
0	1406	11010	16483,6958,9691,12142,16550,10366
0	1406	11911	16483,6958,9691,12142,16550,10366
1	1406	15822	16483,6958,9691,12142,16550,10366
1	1406	18195	16483,6958,9691,12142,16550,10366,15822
1	1406	17133	16483,6958,9691,12142,16550,10366,15822,18195
1	1406	14400	16483,6958,9691,12142,16550,10366,15822,18195,17133
0	1406	18570	16483,6958,9691,12142,16550,10366,15822,18195,17133,14400
1	1406	11989	16483,6958,9691,12142,16550,10366,15822,18195,17133,14400
0	1406	19203	16483,6958,9691,12142,16550,10366,15822,18195,17133,14400,11989
0	1406	18933	16483,6958,9691,12142,16550,10366,15822,18195,17133,14400,11989
1	1406	22396	16483,6958,9691,12142,16550,10366,15822,18195,17133,14400,11989
0	1406	17132	16483,6958,9691,12142,16550,10366,15822,18195,17133,14400,11989,22396
1	1406	23491	16483,6958,9691,12142,16550,10366,15822,18195,17133,14400,11989,22396
1	1406	24661	16483,6958,9691,12142,16550,10366,15822,18195,17133,14400,11989,22396,23491
1	1406	15096	16483,6958,9691,12142,16550,10366,15822,18195,17133,14400,11989,22396,23491,24661
0	1406	23444	16483,6958,9691,12142,16550,10366,15822,18195,17133,14400,11989,22396,23491,24661,15096
1	1406	25100	16483,6958,9691,12142,16550,10366,15822,18195,17133,14400,11989,22396,23491,24661,15096
0	1406	23155	16483,6958,9691,12142,16550,10366,15822,18195,17133,14400,11989,22396,23491,24661,15096,25100
0	1406	23675	16483,6958,9691,12142,16550,10366,15822,18195,17133,14400,11989,22396,23491,24661,15096,25100
0	1406	19418	16483,6958,9691,12142,16550,10366,15822,18195,17133,14400,11989,22396,23491,24661,15096,25100
1	1406	23453	16483,6958,9691,12142,16550,10366,15822,18195,17133,14400,11989,22396,23491,24661,15096,25100
1	1406	26974	16483,6958,9691,12142,16550,10366,15822,18195,17133,14400,11989,22396,23491,24661,15096,25100,23453
0	1406	23677	16483,6958,9691,12142,16550,10366,15822,18195,17133,14400,11989,22396,23491,24661,15096,25100,23453,26974
1	1406	23451	16483,6958,9691,12142,16550,10366,15822,18195,17133,14400,11989,22396,23491,24661,15096,25100,23453,26974
0	1406	23389	16483,6958,9691,12142,16550,10366,15822,18195,17133,14400,11989,22396,23491,24661,15096,25100,23453,26974,23451
0	1406	19238	16483,6958,9691,12142,16550,10366,15822,18195,17133,14400,11989,22396,23491,24661,15096,25100,23453,26974,23451
0	1406	21959	16483,6958,9691,12142,16550,10366,15822,18195,17133,14400,11989,22396,23491,24661,15096,25100,23453,26974,23451
1	1406	22784	16483,6958,9691,12142,16550,10366,15822,18195,17133,14400,11989,22396,23491,24661,15096,25100,23453,26974,23451
1	1406	18736	16483,6958,9691,12142,16550,10366,15822,18195,17133,14400,11989,22396,23491,24661,15096,25100,23453,26974,23451,22784
0	1406	25250	16483,6958,9691,12142,16550,10366,15822,18195,17133,14400,11989,22396,23491,24661,15096,25100,23453,26974,23451,22784,18736
0	1406	28170	16483,6958,9691,12142,16550,10366,15822,18195,17133,14400,11989,22396,23491,24661,15096,25100,23453,26974,23451,22784,18736
1	1406	29140	16483,6958,9691,12142,16550,10366,15822,18195,17133,14400,11989,22396,23491,24661,15096,25100,23453,26974,23451,22784,18736
1	1406	28258	16483,6958,9691,12142,16550,10366,15822,18195,17133,14400,11989,22396,23491,24661,15096,25100,23453,26974,23451,22784,18736,29140
