0	1490	20416	0
0	1490	26863	0
0	1490	5276	0
0	1490	6133	0
0	1490	2987	0
0	1490	5370	0
1	1490	31731	0
0	1490	3807	31731
1	1490	11000	31731
0	1490	9060	31731,11000
0	1490	11354	31731,11000
0	1490	13504	31731,11000
0	1490	10963	31731,11000
0	1490	11983	31731,11000
1	1490	10532	31731,11000
1	1490	6172	31731,11000,10532
1	1490	13436	31731,11000,10532,6172
0	1490	5279	31731,11000,10532,6172,13436
0	1490	9434	31731,11000,10532,6172,13436
1	1490	17607	31731,11000,10532,6172,13436
0	1490	18940	31731,11000,10532,6172,13436,17607
0	1490	9710	31731,11000,10532,6172,13436,17607
1	1490	4740	31731,11000,10532,6172,13436,17607
1	1490	9086	31731,11000,10532,6172,13436,17607,4740
1	1490	15843	31731,11000,10532,6172,13436,17607,4740,9086
0	1490	20154	31731,11000,10532,6172,13436,17607,4740,9086,15843
1	1490	17022	31731,11000,10532,6172,13436,17607,4740,9086,15843
1	1490	12911	31731,11000,10532,6172,13436,17607,4740,9086,15843,17022
1	1490	11242	31731,11000,10532,6172,13436,17607,4740,9086,15843,17022,12911
1	1490	19352	31731,11000,10532,6172,13436,17607,4740,9086,15843,17022,12911,11242
0	1490	20498	31731,11000,10532,6172,13436,17607,4740,9086,15843,17022,12911,11242,19352
0	1490	23709	31731,11000,10532,6172,13436,17607,4740,9086,15843,17022,12911,11242,19352
0	1490	11279	31731,11000,10532,6172,13436,17607,4740,9086,15843,17022,12911,11242,19352
0	1490	17419	31731,11000,10532,6172,13436,17607,4740,9086,15843,17022,12911,11242,19352
0	1490	19690	31731,11000,10532,6172,13436,17607,4740,9086,15843,17022,12911,11242,19352
0	1490	20042	31731,11000,10532,6172,13436,17607,4740,9086,15843,17022,12911,11242,19352
0	1490	17253	31731,11000,10532,6172,13436,17607,4740,9086,15843,17022,12911,11242,19352
0	1490	27476	31731,11000,10532,6172,13436,17607,4740,9086,15843,17022,12911,11242,19352
0	1490	18760	31731,11000,10532,6172,13436,17607,4740,9086,15843,17022,12911,11242,19352
