0	620	9170	0
0	620	23275	0
0	620	31695	0
0	620	1609	0
0	620	5793	0
0	620	3357	0
1	620	25701	0
0	620	13965	25701
1	620	10107	25701
0	620	10358	25701,10107
1	620	7188	25701,10107
1	620	18585	25701,10107,7188
1	620	6091	25701,10107,7188,18585
0	620	18119	25701,10107,7188,18585,6091
0	620	21585	25701,10107,7188,18585,6091
0	620	18032	25701,10107,7188,18585,6091
0	620	20111	25701,10107,7188,18585,6091
0	620	20297	25701,10107,7188,18585,6091
0	620	23783	25701,10107,7188,18585,6091
0	620	30010	25701,10107,7188,18585,6091
0	620	45	25701,10107,7188,18585,6091
0	620	22528	25701,10107,7188,18585,6091
0	620	21232	25701,10107,7188,18585,6091
1	620	9188	25701,10107,7188,18585,6091
0	620	14078	25701,10107,7188,18585,6091,9188
0	620	12963	25701,10107,7188,18585,6091,9188
0	620	17885	25701,10107,7188,18585,6091,9188
0	620	18702	25701,10107,7188,18585,6091,9188
1	620	13290	25701,10107,7188,18585,6091,9188
0	620	17865	25701,10107,7188,18585,6091,9188,13290
0	620	2924	25701,10107,7188,18585,6091,9188,13290
0	620	1146	25701,10107,7188,18585,6091,9188,13290
1	620	9852	25701,10107,7188,18585,6091,9188,13290
0	620	12863	25701,10107,7188,18585,6091,9188,13290,9852
0	620	14508	25701,10107,7188,18585,6091,9188,13290,9852
0	620	16433	25701,10107,7188,18585,6091,9188,13290,9852
0	620	18728	25701,10107,7188,18585,6091,9188,13290,9852
0	620	15838	25701,10107,7188,18585,6091,9188,13290,9852
0	620	15014	25701,10107,7188,18585,6091,9188,13290,9852
0	620	17779	25701,10107,7188,18585,6091,9188,13290,9852
0	620	32826	25701,10107,7188,18585,6091,9188,13290,9852
0	620	17348	25701,10107,7188,18585,6091,9188,13290,9852
0	620	13214	25701,10107,7188,18585,6091,9188,13290,9852
0	620	27506	25701,10107,7188,18585,6091,9188,13290,9852
0	620	7069	25701,10107,7188,18585,6091,9188,13290,9852
0	620	31715	25701,10107,7188,18585,6091,9188,13290,9852
0	620	14365	25701,10107,7188,18585,6091,9188,13290,9852
0	620	27007	25701,10107,7188,18585,6091,9188,13290,9852
1	620	6342	25701,10107,7188,18585,6091,9188,13290,9852
0	620	9975	25701,10107,7188,18585,6091,9188,13290,9852,6342
0	620	22415	25701,10107,7188,18585,6091,9188,13290,9852,6342
0	620	2770	25701,10107,7188,18585,6091,9188,13290,9852,6342
0	620	23756	25701,10107,7188,18585,6091,9188,13290,9852,6342
0	620	15256	25701,10107,7188,18585,6091,9188,13290,9852,6342
1	620	14903	25701,10107,7188,18585,6091,9188,13290,9852,6342
0	620	1035	25701,10107,7188,18585,6091,9188,13290,9852,6342,14903
0	620	3602	25701,10107,7188,18585,6091,9188,13290,9852,6342,14903
0	620	1519	25701,10107,7188,18585,6091,9188,13290,9852,6342,14903
0	620	14155	25701,10107,7188,18585,6091,9188,13290,9852,6342,14903
0	620	14548	25701,10107,7188,18585,6091,9188,13290,9852,6342,14903
0	620	17134	25701,10107,7188,18585,6091,9188,13290,9852,6342,14903
0	620	22956	25701,10107,7188,18585,6091,9188,13290,9852,6342,14903
1	620	28355	25701,10107,7188,18585,6091,9188,13290,9852,6342,14903
1	620	33093	25701,10107,7188,18585,6091,9188,13290,9852,6342,14903,28355
1	620	12649	25701,10107,7188,18585,6091,9188,13290,9852,6342,14903,28355,33093
0	620	19690	25701,10107,7188,18585,6091,9188,13290,9852,6342,14903,28355,33093,12649
1	620	9174	25701,10107,7188,18585,6091,9188,13290,9852,6342,14903,28355,33093,12649
0	620	12389	25701,10107,7188,18585,6091,9188,13290,9852,6342,14903,28355,33093,12649,9174
0	620	19549	25701,10107,7188,18585,6091,9188,13290,9852,6342,14903,28355,33093,12649,9174
0	620	23968	25701,10107,7188,18585,6091,9188,13290,9852,6342,14903,28355,33093,12649,9174
0	620	22417	25701,10107,7188,18585,6091,9188,13290,9852,6342,14903,28355,33093,12649,9174
1	620	26491	25701,10107,7188,18585,6091,9188,13290,9852,6342,14903,28355,33093,12649,9174
