1	1780	19498	0
1	1780	23670	19498
1	1780	7964	19498,23670
0	1780	9545	19498,23670,7964
1	1780	21445	19498,23670,7964
1	1780	13227	19498,23670,7964,21445
1	1780	13043	19498,23670,7964,21445,13227
1	1780	8740	19498,23670,7964,21445,13227,13043
0	1780	16272	19498,23670,7964,21445,13227,13043,8740
1	1780	20985	19498,23670,7964,21445,13227,13043,8740
1	1780	22022	19498,23670,7964,21445,13227,13043,8740,20985
1	1780	23908	19498,23670,7964,21445,13227,13043,8740,20985,22022
1	1780	17494	19498,23670,7964,21445,13227,13043,8740,20985,22022,23908
1	1780	9114	19498,23670,7964,21445,13227,13043,8740,20985,22022,23908,17494
1	1780	9962	19498,23670,7964,21445,13227,13043,8740,20985,22022,23908,17494,9114
