1	1454	23262	0
1	1454	9502	23262
1	1454	31753	23262,9502
0	1454	32051	23262,9502,31753
0	1454	32231	23262,9502,31753
0	1454	31522	23262,9502,31753
1	1454	24734	23262,9502,31753
1	1454	106	23262,9502,31753,24734
0	1454	11850	23262,9502,31753,24734,106
0	1454	32774	23262,9502,31753,24734,106
0	1454	27961	23262,9502,31753,24734,106
0	1454	1774	23262,9502,31753,24734,106
0	1454	5211	23262,9502,31753,24734,106
0	1454	3603	23262,9502,31753,24734,106
1	1454	30770	23262,9502,31753,24734,106
0	1454	5945	23262,9502,31753,24734,106,30770
1	1454	31320	23262,9502,31753,24734,106,30770
0	1454	8444	23262,9502,31753,24734,106,30770,31320
0	1454	11697	23262,9502,31753,24734,106,30770,31320
1	1454	8296	23262,9502,31753,24734,106,30770,31320
0	1454	12941	23262,9502,31753,24734,106,30770,31320,8296
0	1454	10191	23262,9502,31753,24734,106,30770,31320,8296
1	1454	14677	23262,9502,31753,24734,106,30770,31320,8296
0	1454	1745	23262,9502,31753,24734,106,30770,31320,8296,14677
0	1454	20058	23262,9502,31753,24734,106,30770,31320,8296,14677
0	1454	20075	23262,9502,31753,24734,106,30770,31320,8296,14677
0	1454	14255	23262,9502,31753,24734,106,30770,31320,8296,14677
0	1454	2813	23262,9502,31753,24734,106,30770,31320,8296,14677
0	1454	8219	23262,9502,31753,24734,106,30770,31320,8296,14677
0	1454	15211	23262,9502,31753,24734,106,30770,31320,8296,14677
1	1454	7716	23262,9502,31753,24734,106,30770,31320,8296,14677
1	1454	7110	23262,9502,31753,24734,106,30770,31320,8296,14677,7716
0	1454	16547	23262,9502,31753,24734,106,30770,31320,8296,14677,7716,7110
0	1454	9165	23262,9502,31753,24734,106,30770,31320,8296,14677,7716,7110
0	1454	18955	23262,9502,31753,24734,106,30770,31320,8296,14677,7716,7110
0	1454	18683	23262,9502,31753,24734,106,30770,31320,8296,14677,7716,7110
0	1454	15602	23262,9502,31753,24734,106,30770,31320,8296,14677,7716,7110
1	1454	15230	23262,9502,31753,24734,106,30770,31320,8296,14677,7716,7110
1	1454	13783	23262,9502,31753,24734,106,30770,31320,8296,14677,7716,7110,15230
0	1454	13908	23262,9502,31753,24734,106,30770,31320,8296,14677,7716,7110,15230,13783
0	1454	16837	23262,9502,31753,24734,106,30770,31320,8296,14677,7716,7110,15230,13783
0	1454	17400	23262,9502,31753,24734,106,30770,31320,8296,14677,7716,7110,15230,13783
0	1454	1228	23262,9502,31753,24734,106,30770,31320,8296,14677,7716,7110,15230,13783
1	1454	1808	23262,9502,31753,24734,106,30770,31320,8296,14677,7716,7110,15230,13783
0	1454	7788	23262,9502,31753,24734,106,30770,31320,8296,14677,7716,7110,15230,13783,1808
1	1454	13485	23262,9502,31753,24734,106,30770,31320,8296,14677,7716,7110,15230,13783,1808
0	1454	14251	23262,9502,31753,24734,106,30770,31320,8296,14677,7716,7110,15230,13783,1808,13485
0	1454	17747	23262,9502,31753,24734,106,30770,31320,8296,14677,7716,7110,15230,13783,1808,13485
0	1454	17132	23262,9502,31753,24734,106,30770,31320,8296,14677,7716,7110,15230,13783,1808,13485
0	1454	22494	23262,9502,31753,24734,106,30770,31320,8296,14677,7716,7110,15230,13783,1808,13485
0	1454	23636	23262,9502,31753,24734,106,30770,31320,8296,14677,7716,7110,15230,13783,1808,13485
0	1454	10739	23262,9502,31753,24734,106,30770,31320,8296,14677,7716,7110,15230,13783,1808,13485
0	1454	22074	23262,9502,31753,24734,106,30770,31320,8296,14677,7716,7110,15230,13783,1808,13485
0	1454	23483	23262,9502,31753,24734,106,30770,31320,8296,14677,7716,7110,15230,13783,1808,13485
0	1454	22111	23262,9502,31753,24734,106,30770,31320,8296,14677,7716,7110,15230,13783,1808,13485
0	1454	24728	23262,9502,31753,24734,106,30770,31320,8296,14677,7716,7110,15230,13783,1808,13485
0	1454	20038	23262,9502,31753,24734,106,30770,31320,8296,14677,7716,7110,15230,13783,1808,13485
1	1454	23579	23262,9502,31753,24734,106,30770,31320,8296,14677,7716,7110,15230,13783,1808,13485
0	1454	19418	23262,9502,31753,24734,106,30770,31320,8296,14677,7716,7110,15230,13783,1808,13485,23579
0	1454	25020	23262,9502,31753,24734,106,30770,31320,8296,14677,7716,7110,15230,13783,1808,13485,23579
1	1454	2005	23262,9502,31753,24734,106,30770,31320,8296,14677,7716,7110,15230,13783,1808,13485,23579
0	1454	25474	23262,9502,31753,24734,106,30770,31320,8296,14677,7716,7110,15230,13783,1808,13485,23579,2005
0	1454	25418	23262,9502,31753,24734,106,30770,31320,8296,14677,7716,7110,15230,13783,1808,13485,23579,2005
0	1454	24384	23262,9502,31753,24734,106,30770,31320,8296,14677,7716,7110,15230,13783,1808,13485,23579,2005
0	1454	24459	23262,9502,31753,24734,106,30770,31320,8296,14677,7716,7110,15230,13783,1808,13485,23579,2005
0	1454	15220	23262,9502,31753,24734,106,30770,31320,8296,14677,7716,7110,15230,13783,1808,13485,23579,2005
1	1454	8715	23262,9502,31753,24734,106,30770,31320,8296,14677,7716,7110,15230,13783,1808,13485,23579,2005
0	1454	21393	23262,9502,31753,24734,106,30770,31320,8296,14677,7716,7110,15230,13783,1808,13485,23579,2005,8715
1	1454	23491	23262,9502,31753,24734,106,30770,31320,8296,14677,7716,7110,15230,13783,1808,13485,23579,2005,8715
0	1454	24362	23262,9502,31753,24734,106,30770,31320,8296,14677,7716,7110,15230,13783,1808,13485,23579,2005,8715,23491
0	1454	19931	23262,9502,31753,24734,106,30770,31320,8296,14677,7716,7110,15230,13783,1808,13485,23579,2005,8715,23491
0	1454	23768	23262,9502,31753,24734,106,30770,31320,8296,14677,7716,7110,15230,13783,1808,13485,23579,2005,8715,23491
0	1454	19637	23262,9502,31753,24734,106,30770,31320,8296,14677,7716,7110,15230,13783,1808,13485,23579,2005,8715,23491
0	1454	27368	23262,9502,31753,24734,106,30770,31320,8296,14677,7716,7110,15230,13783,1808,13485,23579,2005,8715,23491
0	1454	27194	23262,9502,31753,24734,106,30770,31320,8296,14677,7716,7110,15230,13783,1808,13485,23579,2005,8715,23491
1	1454	23460	23262,9502,31753,24734,106,30770,31320,8296,14677,7716,7110,15230,13783,1808,13485,23579,2005,8715,23491
0	1454	10439	23262,9502,31753,24734,106,30770,31320,8296,14677,7716,7110,15230,13783,1808,13485,23579,2005,8715,23491,23460
0	1454	28530	23262,9502,31753,24734,106,30770,31320,8296,14677,7716,7110,15230,13783,1808,13485,23579,2005,8715,23491,23460
0	1454	26578	23262,9502,31753,24734,106,30770,31320,8296,14677,7716,7110,15230,13783,1808,13485,23579,2005,8715,23491,23460
0	1454	27750	23262,9502,31753,24734,106,30770,31320,8296,14677,7716,7110,15230,13783,1808,13485,23579,2005,8715,23491,23460
0	1454	27792	23262,9502,31753,24734,106,30770,31320,8296,14677,7716,7110,15230,13783,1808,13485,23579,2005,8715,23491,23460
0	1454	27282	23262,9502,31753,24734,106,30770,31320,8296,14677,7716,7110,15230,13783,1808,13485,23579,2005,8715,23491,23460
0	1454	2812	23262,9502,31753,24734,106,30770,31320,8296,14677,7716,7110,15230,13783,1808,13485,23579,2005,8715,23491,23460
1	1454	29020	23262,9502,31753,24734,106,30770,31320,8296,14677,7716,7110,15230,13783,1808,13485,23579,2005,8715,23491,23460
