0	1484	4516	0
1	1484	9616	0
0	1484	5083	9616
0	1484	7735	9616
1	1484	12899	9616
0	1484	9527	9616,12899
0	1484	11616	9616,12899
0	1484	847	9616,12899
0	1484	10902	9616,12899
1	1484	19529	9616,12899
1	1484	20721	9616,12899,19529
1	1484	32017	9616,12899,19529,20721
1	1484	32956	9616,12899,19529,20721,32017
0	1484	33110	9616,12899,19529,20721,32017,32956
0	1484	2809	9616,12899,19529,20721,32017,32956
1	1484	6176	9616,12899,19529,20721,32017,32956
1	1484	8211	9616,12899,19529,20721,32017,32956,6176
0	1484	9463	9616,12899,19529,20721,32017,32956,6176,8211
1	1484	10362	9616,12899,19529,20721,32017,32956,6176,8211
1	1484	11992	9616,12899,19529,20721,32017,32956,6176,8211,10362
1	1484	15903	9616,12899,19529,20721,32017,32956,6176,8211,10362,11992
0	1484	12630	9616,12899,19529,20721,32017,32956,6176,8211,10362,11992,15903
0	1484	10441	9616,12899,19529,20721,32017,32956,6176,8211,10362,11992,15903
0	1484	9407	9616,12899,19529,20721,32017,32956,6176,8211,10362,11992,15903
0	1484	11022	9616,12899,19529,20721,32017,32956,6176,8211,10362,11992,15903
0	1484	13185	9616,12899,19529,20721,32017,32956,6176,8211,10362,11992,15903
1	1484	33087	9616,12899,19529,20721,32017,32956,6176,8211,10362,11992,15903
0	1484	19203	9616,12899,19529,20721,32017,32956,6176,8211,10362,11992,15903,33087
0	1484	2975	9616,12899,19529,20721,32017,32956,6176,8211,10362,11992,15903,33087
0	1484	7187	9616,12899,19529,20721,32017,32956,6176,8211,10362,11992,15903,33087
1	1484	12925	9616,12899,19529,20721,32017,32956,6176,8211,10362,11992,15903,33087
0	1484	19244	9616,12899,19529,20721,32017,32956,6176,8211,10362,11992,15903,33087,12925
1	1484	19632	9616,12899,19529,20721,32017,32956,6176,8211,10362,11992,15903,33087,12925
0	1484	20337	9616,12899,19529,20721,32017,32956,6176,8211,10362,11992,15903,33087,12925,19632
1	1484	21018	9616,12899,19529,20721,32017,32956,6176,8211,10362,11992,15903,33087,12925,19632
0	1484	15883	9616,12899,19529,20721,32017,32956,6176,8211,10362,11992,15903,33087,12925,19632,21018
0	1484	17559	9616,12899,19529,20721,32017,32956,6176,8211,10362,11992,15903,33087,12925,19632,21018
1	1484	11571	9616,12899,19529,20721,32017,32956,6176,8211,10362,11992,15903,33087,12925,19632,21018
1	1484	15769	9616,12899,19529,20721,32017,32956,6176,8211,10362,11992,15903,33087,12925,19632,21018,11571
0	1484	18612	9616,12899,19529,20721,32017,32956,6176,8211,10362,11992,15903,33087,12925,19632,21018,11571,15769
1	1484	18718	9616,12899,19529,20721,32017,32956,6176,8211,10362,11992,15903,33087,12925,19632,21018,11571,15769
1	1484	22290	9616,12899,19529,20721,32017,32956,6176,8211,10362,11992,15903,33087,12925,19632,21018,11571,15769,18718
0	1484	1562	9616,12899,19529,20721,32017,32956,6176,8211,10362,11992,15903,33087,12925,19632,21018,11571,15769,18718,22290
0	1484	23926	9616,12899,19529,20721,32017,32956,6176,8211,10362,11992,15903,33087,12925,19632,21018,11571,15769,18718,22290
1	1484	12432	9616,12899,19529,20721,32017,32956,6176,8211,10362,11992,15903,33087,12925,19632,21018,11571,15769,18718,22290
1	1484	20386	9616,12899,19529,20721,32017,32956,6176,8211,10362,11992,15903,33087,12925,19632,21018,11571,15769,18718,22290,12432
