0	312	19537	0
0	312	18145	0
0	312	20885	0
0	312	17227	0
1	312	16734	0
0	312	13252	16734
1	312	30991	16734
0	312	2809	16734,30991
0	312	16484	16734,30991
0	312	14486	16734,30991
0	312	20332	16734,30991
1	312	22289	16734,30991
1	312	12538	16734,30991,22289
1	312	21703	16734,30991,22289,12538
0	312	11928	16734,30991,22289,12538,21703
1	312	22809	16734,30991,22289,12538,21703
1	312	33063	16734,30991,22289,12538,21703,22809
1	312	7866	16734,30991,22289,12538,21703,22809,33063
1	312	9970	16734,30991,22289,12538,21703,22809,33063,7866
1	312	3859	16734,30991,22289,12538,21703,22809,33063,7866,9970
1	312	16885	16734,30991,22289,12538,21703,22809,33063,7866,9970,3859
0	312	24089	16734,30991,22289,12538,21703,22809,33063,7866,9970,3859,16885
0	312	11475	16734,30991,22289,12538,21703,22809,33063,7866,9970,3859,16885
0	312	23247	16734,30991,22289,12538,21703,22809,33063,7866,9970,3859,16885
0	312	26267	16734,30991,22289,12538,21703,22809,33063,7866,9970,3859,16885
1	312	3414	16734,30991,22289,12538,21703,22809,33063,7866,9970,3859,16885
1	312	9852	16734,30991,22289,12538,21703,22809,33063,7866,9970,3859,16885,3414
1	312	4319	16734,30991,22289,12538,21703,22809,33063,7866,9970,3859,16885,3414,9852
1	312	7374	16734,30991,22289,12538,21703,22809,33063,7866,9970,3859,16885,3414,9852,4319
1	312	8768	16734,30991,22289,12538,21703,22809,33063,7866,9970,3859,16885,3414,9852,4319,7374
0	312	11992	16734,30991,22289,12538,21703,22809,33063,7866,9970,3859,16885,3414,9852,4319,7374,8768
0	312	18151	16734,30991,22289,12538,21703,22809,33063,7866,9970,3859,16885,3414,9852,4319,7374,8768
1	312	21445	16734,30991,22289,12538,21703,22809,33063,7866,9970,3859,16885,3414,9852,4319,7374,8768
0	312	27214	16734,30991,22289,12538,21703,22809,33063,7866,9970,3859,16885,3414,9852,4319,7374,8768,21445
1	312	21770	16734,30991,22289,12538,21703,22809,33063,7866,9970,3859,16885,3414,9852,4319,7374,8768,21445
1	312	7376	16734,30991,22289,12538,21703,22809,33063,7866,9970,3859,16885,3414,9852,4319,7374,8768,21445,21770
1	312	21023	16734,30991,22289,12538,21703,22809,33063,7866,9970,3859,16885,3414,9852,4319,7374,8768,21445,21770,7376
1	312	16261	16734,30991,22289,12538,21703,22809,33063,7866,9970,3859,16885,3414,9852,4319,7374,8768,21445,21770,7376,21023
0	312	7176	16734,30991,22289,12538,21703,22809,33063,7866,9970,3859,16885,3414,9852,4319,7374,8768,21445,21770,7376,21023,16261
1	312	2888	16734,30991,22289,12538,21703,22809,33063,7866,9970,3859,16885,3414,9852,4319,7374,8768,21445,21770,7376,21023,16261
1	312	15164	16734,30991,22289,12538,21703,22809,33063,7866,9970,3859,16885,3414,9852,4319,7374,8768,21445,21770,7376,21023,16261,2888
1	312	18289	16734,30991,22289,12538,21703,22809,33063,7866,9970,3859,16885,3414,9852,4319,7374,8768,21445,21770,7376,21023,16261,2888,15164
1	312	15626	16734,30991,22289,12538,21703,22809,33063,7866,9970,3859,16885,3414,9852,4319,7374,8768,21445,21770,7376,21023,16261,2888,15164,18289
0	312	21261	16734,30991,22289,12538,21703,22809,33063,7866,9970,3859,16885,3414,9852,4319,7374,8768,21445,21770,7376,21023,16261,2888,15164,18289,15626
0	312	4072	16734,30991,22289,12538,21703,22809,33063,7866,9970,3859,16885,3414,9852,4319,7374,8768,21445,21770,7376,21023,16261,2888,15164,18289,15626
1	312	10088	16734,30991,22289,12538,21703,22809,33063,7866,9970,3859,16885,3414,9852,4319,7374,8768,21445,21770,7376,21023,16261,2888,15164,18289,15626
0	312	23484	16734,30991,22289,12538,21703,22809,33063,7866,9970,3859,16885,3414,9852,4319,7374,8768,21445,21770,7376,21023,16261,2888,15164,18289,15626,10088
1	312	14138	16734,30991,22289,12538,21703,22809,33063,7866,9970,3859,16885,3414,9852,4319,7374,8768,21445,21770,7376,21023,16261,2888,15164,18289,15626,10088
1	312	26390	16734,30991,22289,12538,21703,22809,33063,7866,9970,3859,16885,3414,9852,4319,7374,8768,21445,21770,7376,21023,16261,2888,15164,18289,15626,10088,14138
0	312	8488	16734,30991,22289,12538,21703,22809,33063,7866,9970,3859,16885,3414,9852,4319,7374,8768,21445,21770,7376,21023,16261,2888,15164,18289,15626,10088,14138,26390
0	312	10639	16734,30991,22289,12538,21703,22809,33063,7866,9970,3859,16885,3414,9852,4319,7374,8768,21445,21770,7376,21023,16261,2888,15164,18289,15626,10088,14138,26390
