1	678	1129	0
1	678	32922	1129
1	678	8498	1129,32922
1	678	16093	1129,32922,8498
1	678	13181	1129,32922,8498,16093
0	678	1217	1129,32922,8498,16093,13181
1	678	1370	1129,32922,8498,16093,13181
1	678	5642	1129,32922,8498,16093,13181,1370
1	678	5975	1129,32922,8498,16093,13181,1370,5642
0	678	5732	1129,32922,8498,16093,13181,1370,5642,5975
1	678	5719	1129,32922,8498,16093,13181,1370,5642,5975
1	678	7242	1129,32922,8498,16093,13181,1370,5642,5975,5719
0	678	7491	1129,32922,8498,16093,13181,1370,5642,5975,5719,7242
0	678	6501	1129,32922,8498,16093,13181,1370,5642,5975,5719,7242
1	678	32297	1129,32922,8498,16093,13181,1370,5642,5975,5719,7242
0	678	404	1129,32922,8498,16093,13181,1370,5642,5975,5719,7242,32297
1	678	4864	1129,32922,8498,16093,13181,1370,5642,5975,5719,7242,32297
1	678	6327	1129,32922,8498,16093,13181,1370,5642,5975,5719,7242,32297,4864
1	678	7965	1129,32922,8498,16093,13181,1370,5642,5975,5719,7242,32297,4864,6327
1	678	2308	1129,32922,8498,16093,13181,1370,5642,5975,5719,7242,32297,4864,6327,7965
1	678	8342	1129,32922,8498,16093,13181,1370,5642,5975,5719,7242,32297,4864,6327,7965,2308
1	678	8340	1129,32922,8498,16093,13181,1370,5642,5975,5719,7242,32297,4864,6327,7965,2308,8342
0	678	6338	1129,32922,8498,16093,13181,1370,5642,5975,5719,7242,32297,4864,6327,7965,2308,8342,8340
0	678	7817	1129,32922,8498,16093,13181,1370,5642,5975,5719,7242,32297,4864,6327,7965,2308,8342,8340
1	678	6434	1129,32922,8498,16093,13181,1370,5642,5975,5719,7242,32297,4864,6327,7965,2308,8342,8340
1	678	5483	1129,32922,8498,16093,13181,1370,5642,5975,5719,7242,32297,4864,6327,7965,2308,8342,8340,6434
1	678	8655	1129,32922,8498,16093,13181,1370,5642,5975,5719,7242,32297,4864,6327,7965,2308,8342,8340,6434,5483
0	678	8189	1129,32922,8498,16093,13181,1370,5642,5975,5719,7242,32297,4864,6327,7965,2308,8342,8340,6434,5483,8655
0	678	1961	1129,32922,8498,16093,13181,1370,5642,5975,5719,7242,32297,4864,6327,7965,2308,8342,8340,6434,5483,8655
1	678	4858	1129,32922,8498,16093,13181,1370,5642,5975,5719,7242,32297,4864,6327,7965,2308,8342,8340,6434,5483,8655
1	678	764	1129,32922,8498,16093,13181,1370,5642,5975,5719,7242,32297,4864,6327,7965,2308,8342,8340,6434,5483,8655,4858
1	678	1808	1129,32922,8498,16093,13181,1370,5642,5975,5719,7242,32297,4864,6327,7965,2308,8342,8340,6434,5483,8655,4858,764
1	678	5983	1129,32922,8498,16093,13181,1370,5642,5975,5719,7242,32297,4864,6327,7965,2308,8342,8340,6434,5483,8655,4858,764,1808
0	678	9462	1129,32922,8498,16093,13181,1370,5642,5975,5719,7242,32297,4864,6327,7965,2308,8342,8340,6434,5483,8655,4858,764,1808,5983
1	678	32036	1129,32922,8498,16093,13181,1370,5642,5975,5719,7242,32297,4864,6327,7965,2308,8342,8340,6434,5483,8655,4858,764,1808,5983
1	678	8729	1129,32922,8498,16093,13181,1370,5642,5975,5719,7242,32297,4864,6327,7965,2308,8342,8340,6434,5483,8655,4858,764,1808,5983,32036
1	678	13219	1129,32922,8498,16093,13181,1370,5642,5975,5719,7242,32297,4864,6327,7965,2308,8342,8340,6434,5483,8655,4858,764,1808,5983,32036,8729
1	678	14181	1129,32922,8498,16093,13181,1370,5642,5975,5719,7242,32297,4864,6327,7965,2308,8342,8340,6434,5483,8655,4858,764,1808,5983,32036,8729,13219
1	678	32885	1129,32922,8498,16093,13181,1370,5642,5975,5719,7242,32297,4864,6327,7965,2308,8342,8340,6434,5483,8655,4858,764,1808,5983,32036,8729,13219,14181
0	678	13621	1129,32922,8498,16093,13181,1370,5642,5975,5719,7242,32297,4864,6327,7965,2308,8342,8340,6434,5483,8655,4858,764,1808,5983,32036,8729,13219,14181,32885
1	678	10144	1129,32922,8498,16093,13181,1370,5642,5975,5719,7242,32297,4864,6327,7965,2308,8342,8340,6434,5483,8655,4858,764,1808,5983,32036,8729,13219,14181,32885
1	678	31669	1129,32922,8498,16093,13181,1370,5642,5975,5719,7242,32297,4864,6327,7965,2308,8342,8340,6434,5483,8655,4858,764,1808,5983,32036,8729,13219,14181,32885,10144
1	678	24737	1129,32922,8498,16093,13181,1370,5642,5975,5719,7242,32297,4864,6327,7965,2308,8342,8340,6434,5483,8655,4858,764,1808,5983,32036,8729,13219,14181,32885,10144,31669
1	678	1540	1129,32922,8498,16093,13181,1370,5642,5975,5719,7242,32297,4864,6327,7965,2308,8342,8340,6434,5483,8655,4858,764,1808,5983,32036,8729,13219,14181,32885,10144,31669,24737
1	678	15812	1129,32922,8498,16093,13181,1370,5642,5975,5719,7242,32297,4864,6327,7965,2308,8342,8340,6434,5483,8655,4858,764,1808,5983,32036,8729,13219,14181,32885,10144,31669,24737,1540
1	678	13453	1129,32922,8498,16093,13181,1370,5642,5975,5719,7242,32297,4864,6327,7965,2308,8342,8340,6434,5483,8655,4858,764,1808,5983,32036,8729,13219,14181,32885,10144,31669,24737,1540,15812
1	678	9050	1129,32922,8498,16093,13181,1370,5642,5975,5719,7242,32297,4864,6327,7965,2308,8342,8340,6434,5483,8655,4858,764,1808,5983,32036,8729,13219,14181,32885,10144,31669,24737,1540,15812,13453
1	678	12033	1129,32922,8498,16093,13181,1370,5642,5975,5719,7242,32297,4864,6327,7965,2308,8342,8340,6434,5483,8655,4858,764,1808,5983,32036,8729,13219,14181,32885,10144,31669,24737,1540,15812,13453,9050
1	678	17062	1129,32922,8498,16093,13181,1370,5642,5975,5719,7242,32297,4864,6327,7965,2308,8342,8340,6434,5483,8655,4858,764,1808,5983,32036,8729,13219,14181,32885,10144,31669,24737,1540,15812,13453,9050,12033
1	678	14760	1129,32922,8498,16093,13181,1370,5642,5975,5719,7242,32297,4864,6327,7965,2308,8342,8340,6434,5483,8655,4858,764,1808,5983,32036,8729,13219,14181,32885,10144,31669,24737,1540,15812,13453,9050,12033,17062
1	678	15820	1129,32922,8498,16093,13181,1370,5642,5975,5719,7242,32297,4864,6327,7965,2308,8342,8340,6434,5483,8655,4858,764,1808,5983,32036,8729,13219,14181,32885,10144,31669,24737,1540,15812,13453,9050,12033,17062,14760
1	678	31847	1129,32922,8498,16093,13181,1370,5642,5975,5719,7242,32297,4864,6327,7965,2308,8342,8340,6434,5483,8655,4858,764,1808,5983,32036,8729,13219,14181,32885,10144,31669,24737,1540,15812,13453,9050,12033,17062,14760,15820
1	678	15901	1129,32922,8498,16093,13181,1370,5642,5975,5719,7242,32297,4864,6327,7965,2308,8342,8340,6434,5483,8655,4858,764,1808,5983,32036,8729,13219,14181,32885,10144,31669,24737,1540,15812,13453,9050,12033,17062,14760,15820,31847
1	678	15908	1129,32922,8498,16093,13181,1370,5642,5975,5719,7242,32297,4864,6327,7965,2308,8342,8340,6434,5483,8655,4858,764,1808,5983,32036,8729,13219,14181,32885,10144,31669,24737,1540,15812,13453,9050,12033,17062,14760,15820,31847,15901
1	678	17657	1129,32922,8498,16093,13181,1370,5642,5975,5719,7242,32297,4864,6327,7965,2308,8342,8340,6434,5483,8655,4858,764,1808,5983,32036,8729,13219,14181,32885,10144,31669,24737,1540,15812,13453,9050,12033,17062,14760,15820,31847,15901,15908
1	678	12252	1129,32922,8498,16093,13181,1370,5642,5975,5719,7242,32297,4864,6327,7965,2308,8342,8340,6434,5483,8655,4858,764,1808,5983,32036,8729,13219,14181,32885,10144,31669,24737,1540,15812,13453,9050,12033,17062,14760,15820,31847,15901,15908,17657
1	678	18943	1129,32922,8498,16093,13181,1370,5642,5975,5719,7242,32297,4864,6327,7965,2308,8342,8340,6434,5483,8655,4858,764,1808,5983,32036,8729,13219,14181,32885,10144,31669,24737,1540,15812,13453,9050,12033,17062,14760,15820,31847,15901,15908,17657,12252
1	678	4095	1129,32922,8498,16093,13181,1370,5642,5975,5719,7242,32297,4864,6327,7965,2308,8342,8340,6434,5483,8655,4858,764,1808,5983,32036,8729,13219,14181,32885,10144,31669,24737,1540,15812,13453,9050,12033,17062,14760,15820,31847,15901,15908,17657,12252,18943
0	678	17487	1129,32922,8498,16093,13181,1370,5642,5975,5719,7242,32297,4864,6327,7965,2308,8342,8340,6434,5483,8655,4858,764,1808,5983,32036,8729,13219,14181,32885,10144,31669,24737,1540,15812,13453,9050,12033,17062,14760,15820,31847,15901,15908,17657,12252,18943,4095
1	678	19001	1129,32922,8498,16093,13181,1370,5642,5975,5719,7242,32297,4864,6327,7965,2308,8342,8340,6434,5483,8655,4858,764,1808,5983,32036,8729,13219,14181,32885,10144,31669,24737,1540,15812,13453,9050,12033,17062,14760,15820,31847,15901,15908,17657,12252,18943,4095
0	678	14881	1129,32922,8498,16093,13181,1370,5642,5975,5719,7242,32297,4864,6327,7965,2308,8342,8340,6434,5483,8655,4858,764,1808,5983,32036,8729,13219,14181,32885,10144,31669,24737,1540,15812,13453,9050,12033,17062,14760,15820,31847,15901,15908,17657,12252,18943,4095,19001
0	678	13660	1129,32922,8498,16093,13181,1370,5642,5975,5719,7242,32297,4864,6327,7965,2308,8342,8340,6434,5483,8655,4858,764,1808,5983,32036,8729,13219,14181,32885,10144,31669,24737,1540,15812,13453,9050,12033,17062,14760,15820,31847,15901,15908,17657,12252,18943,4095,19001
1	678	20334	1129,32922,8498,16093,13181,1370,5642,5975,5719,7242,32297,4864,6327,7965,2308,8342,8340,6434,5483,8655,4858,764,1808,5983,32036,8729,13219,14181,32885,10144,31669,24737,1540,15812,13453,9050,12033,17062,14760,15820,31847,15901,15908,17657,12252,18943,4095,19001
1	678	16632	1129,32922,8498,16093,13181,1370,5642,5975,5719,7242,32297,4864,6327,7965,2308,8342,8340,6434,5483,8655,4858,764,1808,5983,32036,8729,13219,14181,32885,10144,31669,24737,1540,15812,13453,9050,12033,17062,14760,15820,31847,15901,15908,17657,12252,18943,4095,19001,20334
1	678	18930	1129,32922,8498,16093,13181,1370,5642,5975,5719,7242,32297,4864,6327,7965,2308,8342,8340,6434,5483,8655,4858,764,1808,5983,32036,8729,13219,14181,32885,10144,31669,24737,1540,15812,13453,9050,12033,17062,14760,15820,31847,15901,15908,17657,12252,18943,4095,19001,20334,16632
0	678	20105	1129,32922,8498,16093,13181,1370,5642,5975,5719,7242,32297,4864,6327,7965,2308,8342,8340,6434,5483,8655,4858,764,1808,5983,32036,8729,13219,14181,32885,10144,31669,24737,1540,15812,13453,9050,12033,17062,14760,15820,31847,15901,15908,17657,12252,18943,4095,19001,20334,16632,18930
1	678	19365	1129,32922,8498,16093,13181,1370,5642,5975,5719,7242,32297,4864,6327,7965,2308,8342,8340,6434,5483,8655,4858,764,1808,5983,32036,8729,13219,14181,32885,10144,31669,24737,1540,15812,13453,9050,12033,17062,14760,15820,31847,15901,15908,17657,12252,18943,4095,19001,20334,16632,18930
0	678	19862	1129,32922,8498,16093,13181,1370,5642,5975,5719,7242,32297,4864,6327,7965,2308,8342,8340,6434,5483,8655,4858,764,1808,5983,32036,8729,13219,14181,32885,10144,31669,24737,1540,15812,13453,9050,12033,17062,14760,15820,31847,15901,15908,17657,12252,18943,4095,19001,20334,16632,18930,19365
1	678	21515	1129,32922,8498,16093,13181,1370,5642,5975,5719,7242,32297,4864,6327,7965,2308,8342,8340,6434,5483,8655,4858,764,1808,5983,32036,8729,13219,14181,32885,10144,31669,24737,1540,15812,13453,9050,12033,17062,14760,15820,31847,15901,15908,17657,12252,18943,4095,19001,20334,16632,18930,19365
0	678	18357	1129,32922,8498,16093,13181,1370,5642,5975,5719,7242,32297,4864,6327,7965,2308,8342,8340,6434,5483,8655,4858,764,1808,5983,32036,8729,13219,14181,32885,10144,31669,24737,1540,15812,13453,9050,12033,17062,14760,15820,31847,15901,15908,17657,12252,18943,4095,19001,20334,16632,18930,19365,21515
1	678	23491	1129,32922,8498,16093,13181,1370,5642,5975,5719,7242,32297,4864,6327,7965,2308,8342,8340,6434,5483,8655,4858,764,1808,5983,32036,8729,13219,14181,32885,10144,31669,24737,1540,15812,13453,9050,12033,17062,14760,15820,31847,15901,15908,17657,12252,18943,4095,19001,20334,16632,18930,19365,21515
1	678	16161	1129,32922,8498,16093,13181,1370,5642,5975,5719,7242,32297,4864,6327,7965,2308,8342,8340,6434,5483,8655,4858,764,1808,5983,32036,8729,13219,14181,32885,10144,31669,24737,1540,15812,13453,9050,12033,17062,14760,15820,31847,15901,15908,17657,12252,18943,4095,19001,20334,16632,18930,19365,21515,23491
0	678	23678	1129,32922,8498,16093,13181,1370,5642,5975,5719,7242,32297,4864,6327,7965,2308,8342,8340,6434,5483,8655,4858,764,1808,5983,32036,8729,13219,14181,32885,10144,31669,24737,1540,15812,13453,9050,12033,17062,14760,15820,31847,15901,15908,17657,12252,18943,4095,19001,20334,16632,18930,19365,21515,23491,16161
1	678	25258	1129,32922,8498,16093,13181,1370,5642,5975,5719,7242,32297,4864,6327,7965,2308,8342,8340,6434,5483,8655,4858,764,1808,5983,32036,8729,13219,14181,32885,10144,31669,24737,1540,15812,13453,9050,12033,17062,14760,15820,31847,15901,15908,17657,12252,18943,4095,19001,20334,16632,18930,19365,21515,23491,16161
1	678	26120	1129,32922,8498,16093,13181,1370,5642,5975,5719,7242,32297,4864,6327,7965,2308,8342,8340,6434,5483,8655,4858,764,1808,5983,32036,8729,13219,14181,32885,10144,31669,24737,1540,15812,13453,9050,12033,17062,14760,15820,31847,15901,15908,17657,12252,18943,4095,19001,20334,16632,18930,19365,21515,23491,16161,25258
0	678	26515	1129,32922,8498,16093,13181,1370,5642,5975,5719,7242,32297,4864,6327,7965,2308,8342,8340,6434,5483,8655,4858,764,1808,5983,32036,8729,13219,14181,32885,10144,31669,24737,1540,15812,13453,9050,12033,17062,14760,15820,31847,15901,15908,17657,12252,18943,4095,19001,20334,16632,18930,19365,21515,23491,16161,25258,26120
1	678	26421	1129,32922,8498,16093,13181,1370,5642,5975,5719,7242,32297,4864,6327,7965,2308,8342,8340,6434,5483,8655,4858,764,1808,5983,32036,8729,13219,14181,32885,10144,31669,24737,1540,15812,13453,9050,12033,17062,14760,15820,31847,15901,15908,17657,12252,18943,4095,19001,20334,16632,18930,19365,21515,23491,16161,25258,26120
1	678	27216	1129,32922,8498,16093,13181,1370,5642,5975,5719,7242,32297,4864,6327,7965,2308,8342,8340,6434,5483,8655,4858,764,1808,5983,32036,8729,13219,14181,32885,10144,31669,24737,1540,15812,13453,9050,12033,17062,14760,15820,31847,15901,15908,17657,12252,18943,4095,19001,20334,16632,18930,19365,21515,23491,16161,25258,26120,26421
1	678	26759	1129,32922,8498,16093,13181,1370,5642,5975,5719,7242,32297,4864,6327,7965,2308,8342,8340,6434,5483,8655,4858,764,1808,5983,32036,8729,13219,14181,32885,10144,31669,24737,1540,15812,13453,9050,12033,17062,14760,15820,31847,15901,15908,17657,12252,18943,4095,19001,20334,16632,18930,19365,21515,23491,16161,25258,26120,26421,27216
1	678	23768	1129,32922,8498,16093,13181,1370,5642,5975,5719,7242,32297,4864,6327,7965,2308,8342,8340,6434,5483,8655,4858,764,1808,5983,32036,8729,13219,14181,32885,10144,31669,24737,1540,15812,13453,9050,12033,17062,14760,15820,31847,15901,15908,17657,12252,18943,4095,19001,20334,16632,18930,19365,21515,23491,16161,25258,26120,26421,27216,26759
1	678	23760	1129,32922,8498,16093,13181,1370,5642,5975,5719,7242,32297,4864,6327,7965,2308,8342,8340,6434,5483,8655,4858,764,1808,5983,32036,8729,13219,14181,32885,10144,31669,24737,1540,15812,13453,9050,12033,17062,14760,15820,31847,15901,15908,17657,12252,18943,4095,19001,20334,16632,18930,19365,21515,23491,16161,25258,26120,26421,27216,26759,23768
1	678	25016	1129,32922,8498,16093,13181,1370,5642,5975,5719,7242,32297,4864,6327,7965,2308,8342,8340,6434,5483,8655,4858,764,1808,5983,32036,8729,13219,14181,32885,10144,31669,24737,1540,15812,13453,9050,12033,17062,14760,15820,31847,15901,15908,17657,12252,18943,4095,19001,20334,16632,18930,19365,21515,23491,16161,25258,26120,26421,27216,26759,23768,23760
1	678	25367	1129,32922,8498,16093,13181,1370,5642,5975,5719,7242,32297,4864,6327,7965,2308,8342,8340,6434,5483,8655,4858,764,1808,5983,32036,8729,13219,14181,32885,10144,31669,24737,1540,15812,13453,9050,12033,17062,14760,15820,31847,15901,15908,17657,12252,18943,4095,19001,20334,16632,18930,19365,21515,23491,16161,25258,26120,26421,27216,26759,23768,23760,25016
0	678	5286	1129,32922,8498,16093,13181,1370,5642,5975,5719,7242,32297,4864,6327,7965,2308,8342,8340,6434,5483,8655,4858,764,1808,5983,32036,8729,13219,14181,32885,10144,31669,24737,1540,15812,13453,9050,12033,17062,14760,15820,31847,15901,15908,17657,12252,18943,4095,19001,20334,16632,18930,19365,21515,23491,16161,25258,26120,26421,27216,26759,23768,23760,25016,25367
1	678	3307	1129,32922,8498,16093,13181,1370,5642,5975,5719,7242,32297,4864,6327,7965,2308,8342,8340,6434,5483,8655,4858,764,1808,5983,32036,8729,13219,14181,32885,10144,31669,24737,1540,15812,13453,9050,12033,17062,14760,15820,31847,15901,15908,17657,12252,18943,4095,19001,20334,16632,18930,19365,21515,23491,16161,25258,26120,26421,27216,26759,23768,23760,25016,25367
0	678	27370	1129,32922,8498,16093,13181,1370,5642,5975,5719,7242,32297,4864,6327,7965,2308,8342,8340,6434,5483,8655,4858,764,1808,5983,32036,8729,13219,14181,32885,10144,31669,24737,1540,15812,13453,9050,12033,17062,14760,15820,31847,15901,15908,17657,12252,18943,4095,19001,20334,16632,18930,19365,21515,23491,16161,25258,26120,26421,27216,26759,23768,23760,25016,25367,3307
1	678	27955	1129,32922,8498,16093,13181,1370,5642,5975,5719,7242,32297,4864,6327,7965,2308,8342,8340,6434,5483,8655,4858,764,1808,5983,32036,8729,13219,14181,32885,10144,31669,24737,1540,15812,13453,9050,12033,17062,14760,15820,31847,15901,15908,17657,12252,18943,4095,19001,20334,16632,18930,19365,21515,23491,16161,25258,26120,26421,27216,26759,23768,23760,25016,25367,3307
1	678	21948	1129,32922,8498,16093,13181,1370,5642,5975,5719,7242,32297,4864,6327,7965,2308,8342,8340,6434,5483,8655,4858,764,1808,5983,32036,8729,13219,14181,32885,10144,31669,24737,1540,15812,13453,9050,12033,17062,14760,15820,31847,15901,15908,17657,12252,18943,4095,19001,20334,16632,18930,19365,21515,23491,16161,25258,26120,26421,27216,26759,23768,23760,25016,25367,3307,27955
1	678	17570	1129,32922,8498,16093,13181,1370,5642,5975,5719,7242,32297,4864,6327,7965,2308,8342,8340,6434,5483,8655,4858,764,1808,5983,32036,8729,13219,14181,32885,10144,31669,24737,1540,15812,13453,9050,12033,17062,14760,15820,31847,15901,15908,17657,12252,18943,4095,19001,20334,16632,18930,19365,21515,23491,16161,25258,26120,26421,27216,26759,23768,23760,25016,25367,3307,27955,21948
1	678	23317	1129,32922,8498,16093,13181,1370,5642,5975,5719,7242,32297,4864,6327,7965,2308,8342,8340,6434,5483,8655,4858,764,1808,5983,32036,8729,13219,14181,32885,10144,31669,24737,1540,15812,13453,9050,12033,17062,14760,15820,31847,15901,15908,17657,12252,18943,4095,19001,20334,16632,18930,19365,21515,23491,16161,25258,26120,26421,27216,26759,23768,23760,25016,25367,3307,27955,21948,17570
1	678	28555	1129,32922,8498,16093,13181,1370,5642,5975,5719,7242,32297,4864,6327,7965,2308,8342,8340,6434,5483,8655,4858,764,1808,5983,32036,8729,13219,14181,32885,10144,31669,24737,1540,15812,13453,9050,12033,17062,14760,15820,31847,15901,15908,17657,12252,18943,4095,19001,20334,16632,18930,19365,21515,23491,16161,25258,26120,26421,27216,26759,23768,23760,25016,25367,3307,27955,21948,17570,23317
1	678	28429	1129,32922,8498,16093,13181,1370,5642,5975,5719,7242,32297,4864,6327,7965,2308,8342,8340,6434,5483,8655,4858,764,1808,5983,32036,8729,13219,14181,32885,10144,31669,24737,1540,15812,13453,9050,12033,17062,14760,15820,31847,15901,15908,17657,12252,18943,4095,19001,20334,16632,18930,19365,21515,23491,16161,25258,26120,26421,27216,26759,23768,23760,25016,25367,3307,27955,21948,17570,23317,28555
