1	1027	3647	0
0	1027	2315	3647
0	1027	13659	3647
1	1027	17607	3647
0	1027	11169	3647,17607
0	1027	17390	3647,17607
0	1027	6987	3647,17607
1	1027	25336	3647,17607
0	1027	12243	3647,17607,25336
1	1027	13049	3647,17607,25336
0	1027	19548	3647,17607,25336,13049
0	1027	5302	3647,17607,25336,13049
0	1027	12285	3647,17607,25336,13049
0	1027	11902	3647,17607,25336,13049
1	1027	2929	3647,17607,25336,13049
1	1027	19528	3647,17607,25336,13049,2929
1	1027	23491	3647,17607,25336,13049,2929,19528
1	1027	27230	3647,17607,25336,13049,2929,19528,23491
0	1027	18459	3647,17607,25336,13049,2929,19528,23491,27230
1	1027	18712	3647,17607,25336,13049,2929,19528,23491,27230
1	1027	27801	3647,17607,25336,13049,2929,19528,23491,27230,18712
1	1027	9970	3647,17607,25336,13049,2929,19528,23491,27230,18712,27801
1	1027	7448	3647,17607,25336,13049,2929,19528,23491,27230,18712,27801,9970
1	1027	19723	3647,17607,25336,13049,2929,19528,23491,27230,18712,27801,9970,7448
0	1027	19758	3647,17607,25336,13049,2929,19528,23491,27230,18712,27801,9970,7448,19723
0	1027	22118	3647,17607,25336,13049,2929,19528,23491,27230,18712,27801,9970,7448,19723
1	1027	24282	3647,17607,25336,13049,2929,19528,23491,27230,18712,27801,9970,7448,19723
0	1027	3120	3647,17607,25336,13049,2929,19528,23491,27230,18712,27801,9970,7448,19723,24282
1	1027	14045	3647,17607,25336,13049,2929,19528,23491,27230,18712,27801,9970,7448,19723,24282
1	1027	7450	3647,17607,25336,13049,2929,19528,23491,27230,18712,27801,9970,7448,19723,24282,14045
1	1027	20446	3647,17607,25336,13049,2929,19528,23491,27230,18712,27801,9970,7448,19723,24282,14045,7450
0	1027	18846	3647,17607,25336,13049,2929,19528,23491,27230,18712,27801,9970,7448,19723,24282,14045,7450,20446
0	1027	19424	3647,17607,25336,13049,2929,19528,23491,27230,18712,27801,9970,7448,19723,24282,14045,7450,20446
1	1027	26599	3647,17607,25336,13049,2929,19528,23491,27230,18712,27801,9970,7448,19723,24282,14045,7450,20446
1	1027	28219	3647,17607,25336,13049,2929,19528,23491,27230,18712,27801,9970,7448,19723,24282,14045,7450,20446,26599
1	1027	25067	3647,17607,25336,13049,2929,19528,23491,27230,18712,27801,9970,7448,19723,24282,14045,7450,20446,26599,28219
1	1027	24710	3647,17607,25336,13049,2929,19528,23491,27230,18712,27801,9970,7448,19723,24282,14045,7450,20446,26599,28219,25067
1	1027	6415	3647,17607,25336,13049,2929,19528,23491,27230,18712,27801,9970,7448,19723,24282,14045,7450,20446,26599,28219,25067,24710
1	1027	6573	3647,17607,25336,13049,2929,19528,23491,27230,18712,27801,9970,7448,19723,24282,14045,7450,20446,26599,28219,25067,24710,6415
