0	988	5366	0
0	988	10748	0
0	988	8657	0
1	988	6600	0
0	988	11782	6600
0	988	5966	6600
1	988	19007	6600
0	988	6564	6600,19007
1	988	22842	6600,19007
0	988	4537	6600,19007,22842
1	988	15456	6600,19007,22842
1	988	17755	6600,19007,22842,15456
1	988	22563	6600,19007,22842,15456,17755
1	988	25566	6600,19007,22842,15456,17755,22563
1	988	2051	6600,19007,22842,15456,17755,22563,25566
1	988	2053	6600,19007,22842,15456,17755,22563,25566,2051
1	988	8455	6600,19007,22842,15456,17755,22563,25566,2051,2053
0	988	25948	6600,19007,22842,15456,17755,22563,25566,2051,2053,8455
0	988	8451	6600,19007,22842,15456,17755,22563,25566,2051,2053,8455
1	988	15152	6600,19007,22842,15456,17755,22563,25566,2051,2053,8455
0	988	19321	6600,19007,22842,15456,17755,22563,25566,2051,2053,8455,15152
0	988	19636	6600,19007,22842,15456,17755,22563,25566,2051,2053,8455,15152
1	988	28873	6600,19007,22842,15456,17755,22563,25566,2051,2053,8455,15152
0	988	8453	6600,19007,22842,15456,17755,22563,25566,2051,2053,8455,15152,28873
1	988	19742	6600,19007,22842,15456,17755,22563,25566,2051,2053,8455,15152,28873
1	988	11869	6600,19007,22842,15456,17755,22563,25566,2051,2053,8455,15152,28873,19742
1	988	14796	6600,19007,22842,15456,17755,22563,25566,2051,2053,8455,15152,28873,19742,11869
1	988	18821	6600,19007,22842,15456,17755,22563,25566,2051,2053,8455,15152,28873,19742,11869,14796
1	988	21082	6600,19007,22842,15456,17755,22563,25566,2051,2053,8455,15152,28873,19742,11869,14796,18821
1	988	15296	6600,19007,22842,15456,17755,22563,25566,2051,2053,8455,15152,28873,19742,11869,14796,18821,21082
1	988	24725	6600,19007,22842,15456,17755,22563,25566,2051,2053,8455,15152,28873,19742,11869,14796,18821,21082,15296
1	988	26411	6600,19007,22842,15456,17755,22563,25566,2051,2053,8455,15152,28873,19742,11869,14796,18821,21082,15296,24725
1	988	6054	6600,19007,22842,15456,17755,22563,25566,2051,2053,8455,15152,28873,19742,11869,14796,18821,21082,15296,24725,26411
1	988	4531	6600,19007,22842,15456,17755,22563,25566,2051,2053,8455,15152,28873,19742,11869,14796,18821,21082,15296,24725,26411,6054
1	988	12193	6600,19007,22842,15456,17755,22563,25566,2051,2053,8455,15152,28873,19742,11869,14796,18821,21082,15296,24725,26411,6054,4531
0	988	22957	6600,19007,22842,15456,17755,22563,25566,2051,2053,8455,15152,28873,19742,11869,14796,18821,21082,15296,24725,26411,6054,4531,12193
1	988	24520	6600,19007,22842,15456,17755,22563,25566,2051,2053,8455,15152,28873,19742,11869,14796,18821,21082,15296,24725,26411,6054,4531,12193
0	988	12491	6600,19007,22842,15456,17755,22563,25566,2051,2053,8455,15152,28873,19742,11869,14796,18821,21082,15296,24725,26411,6054,4531,12193,24520
1	988	12511	6600,19007,22842,15456,17755,22563,25566,2051,2053,8455,15152,28873,19742,11869,14796,18821,21082,15296,24725,26411,6054,4531,12193,24520
1	988	14151	6600,19007,22842,15456,17755,22563,25566,2051,2053,8455,15152,28873,19742,11869,14796,18821,21082,15296,24725,26411,6054,4531,12193,24520,12511
0	988	21627	6600,19007,22842,15456,17755,22563,25566,2051,2053,8455,15152,28873,19742,11869,14796,18821,21082,15296,24725,26411,6054,4531,12193,24520,12511,14151
0	988	1523	6600,19007,22842,15456,17755,22563,25566,2051,2053,8455,15152,28873,19742,11869,14796,18821,21082,15296,24725,26411,6054,4531,12193,24520,12511,14151
1	988	1590	6600,19007,22842,15456,17755,22563,25566,2051,2053,8455,15152,28873,19742,11869,14796,18821,21082,15296,24725,26411,6054,4531,12193,24520,12511,14151
0	988	14352	6600,19007,22842,15456,17755,22563,25566,2051,2053,8455,15152,28873,19742,11869,14796,18821,21082,15296,24725,26411,6054,4531,12193,24520,12511,14151,1590
1	988	26053	6600,19007,22842,15456,17755,22563,25566,2051,2053,8455,15152,28873,19742,11869,14796,18821,21082,15296,24725,26411,6054,4531,12193,24520,12511,14151,1590
1	988	26093	6600,19007,22842,15456,17755,22563,25566,2051,2053,8455,15152,28873,19742,11869,14796,18821,21082,15296,24725,26411,6054,4531,12193,24520,12511,14151,1590,26053
1	988	14654	6600,19007,22842,15456,17755,22563,25566,2051,2053,8455,15152,28873,19742,11869,14796,18821,21082,15296,24725,26411,6054,4531,12193,24520,12511,14151,1590,26053,26093
