1	335	4773	0
1	335	6300	4773
1	335	7379	4773,6300
1	335	8891	4773,6300,7379
0	335	8879	4773,6300,7379,8891
1	335	7634	4773,6300,7379,8891
1	335	9726	4773,6300,7379,8891,7634
1	335	11926	4773,6300,7379,8891,7634,9726
0	335	11953	4773,6300,7379,8891,7634,9726,11926
0	335	9580	4773,6300,7379,8891,7634,9726,11926
0	335	9946	4773,6300,7379,8891,7634,9726,11926
1	335	14063	4773,6300,7379,8891,7634,9726,11926
1	335	13743	4773,6300,7379,8891,7634,9726,11926,14063
0	335	14827	4773,6300,7379,8891,7634,9726,11926,14063,13743
0	335	16626	4773,6300,7379,8891,7634,9726,11926,14063,13743
1	335	13141	4773,6300,7379,8891,7634,9726,11926,14063,13743
0	335	16453	4773,6300,7379,8891,7634,9726,11926,14063,13743,13141
0	335	17462	4773,6300,7379,8891,7634,9726,11926,14063,13743,13141
1	335	19070	4773,6300,7379,8891,7634,9726,11926,14063,13743,13141
1	335	7919	4773,6300,7379,8891,7634,9726,11926,14063,13743,13141,19070
1	335	9909	4773,6300,7379,8891,7634,9726,11926,14063,13743,13141,19070,7919
0	335	20529	4773,6300,7379,8891,7634,9726,11926,14063,13743,13141,19070,7919,9909
1	335	19329	4773,6300,7379,8891,7634,9726,11926,14063,13743,13141,19070,7919,9909
1	335	19571	4773,6300,7379,8891,7634,9726,11926,14063,13743,13141,19070,7919,9909,19329
1	335	16463	4773,6300,7379,8891,7634,9726,11926,14063,13743,13141,19070,7919,9909,19329,19571
0	335	23491	4773,6300,7379,8891,7634,9726,11926,14063,13743,13141,19070,7919,9909,19329,19571,16463
1	335	24547	4773,6300,7379,8891,7634,9726,11926,14063,13743,13141,19070,7919,9909,19329,19571,16463
1	335	20954	4773,6300,7379,8891,7634,9726,11926,14063,13743,13141,19070,7919,9909,19329,19571,16463,24547
1	335	19925	4773,6300,7379,8891,7634,9726,11926,14063,13743,13141,19070,7919,9909,19329,19571,16463,24547,20954
1	335	23190	4773,6300,7379,8891,7634,9726,11926,14063,13743,13141,19070,7919,9909,19329,19571,16463,24547,20954,19925
1	335	26121	4773,6300,7379,8891,7634,9726,11926,14063,13743,13141,19070,7919,9909,19329,19571,16463,24547,20954,19925,23190
0	335	27726	4773,6300,7379,8891,7634,9726,11926,14063,13743,13141,19070,7919,9909,19329,19571,16463,24547,20954,19925,23190,26121
1	335	25866	4773,6300,7379,8891,7634,9726,11926,14063,13743,13141,19070,7919,9909,19329,19571,16463,24547,20954,19925,23190,26121
0	335	27544	4773,6300,7379,8891,7634,9726,11926,14063,13743,13141,19070,7919,9909,19329,19571,16463,24547,20954,19925,23190,26121,25866
1	335	11261	4773,6300,7379,8891,7634,9726,11926,14063,13743,13141,19070,7919,9909,19329,19571,16463,24547,20954,19925,23190,26121,25866
1	335	28504	4773,6300,7379,8891,7634,9726,11926,14063,13743,13141,19070,7919,9909,19329,19571,16463,24547,20954,19925,23190,26121,25866,11261
