1	1494	22353	0
0	1494	3180	22353
1	1494	3775	22353
1	1494	1742	22353,3775
1	1494	3697	22353,3775,1742
0	1494	4773	22353,3775,1742,3697
1	1494	3986	22353,3775,1742,3697
1	1494	3043	22353,3775,1742,3697,3986
0	1494	8135	22353,3775,1742,3697,3986,3043
1	1494	6762	22353,3775,1742,3697,3986,3043
0	1494	21575	22353,3775,1742,3697,3986,3043,6762
0	1494	11179	22353,3775,1742,3697,3986,3043,6762
0	1494	3233	22353,3775,1742,3697,3986,3043,6762
1	1494	11200	22353,3775,1742,3697,3986,3043,6762
1	1494	11869	22353,3775,1742,3697,3986,3043,6762,11200
1	1494	13589	22353,3775,1742,3697,3986,3043,6762,11200,11869
0	1494	636	22353,3775,1742,3697,3986,3043,6762,11200,11869,13589
0	1494	8995	22353,3775,1742,3697,3986,3043,6762,11200,11869,13589
0	1494	7831	22353,3775,1742,3697,3986,3043,6762,11200,11869,13589
0	1494	7060	22353,3775,1742,3697,3986,3043,6762,11200,11869,13589
1	1494	14160	22353,3775,1742,3697,3986,3043,6762,11200,11869,13589
1	1494	8206	22353,3775,1742,3697,3986,3043,6762,11200,11869,13589,14160
0	1494	19264	22353,3775,1742,3697,3986,3043,6762,11200,11869,13589,14160,8206
1	1494	9440	22353,3775,1742,3697,3986,3043,6762,11200,11869,13589,14160,8206
0	1494	10981	22353,3775,1742,3697,3986,3043,6762,11200,11869,13589,14160,8206,9440
0	1494	18868	22353,3775,1742,3697,3986,3043,6762,11200,11869,13589,14160,8206,9440
0	1494	18936	22353,3775,1742,3697,3986,3043,6762,11200,11869,13589,14160,8206,9440
0	1494	22576	22353,3775,1742,3697,3986,3043,6762,11200,11869,13589,14160,8206,9440
0	1494	22016	22353,3775,1742,3697,3986,3043,6762,11200,11869,13589,14160,8206,9440
0	1494	16547	22353,3775,1742,3697,3986,3043,6762,11200,11869,13589,14160,8206,9440
1	1494	24333	22353,3775,1742,3697,3986,3043,6762,11200,11869,13589,14160,8206,9440
1	1494	19776	22353,3775,1742,3697,3986,3043,6762,11200,11869,13589,14160,8206,9440,24333
0	1494	8440	22353,3775,1742,3697,3986,3043,6762,11200,11869,13589,14160,8206,9440,24333,19776
0	1494	15650	22353,3775,1742,3697,3986,3043,6762,11200,11869,13589,14160,8206,9440,24333,19776
0	1494	23389	22353,3775,1742,3697,3986,3043,6762,11200,11869,13589,14160,8206,9440,24333,19776
0	1494	26196	22353,3775,1742,3697,3986,3043,6762,11200,11869,13589,14160,8206,9440,24333,19776
1	1494	23360	22353,3775,1742,3697,3986,3043,6762,11200,11869,13589,14160,8206,9440,24333,19776
1	1494	27444	22353,3775,1742,3697,3986,3043,6762,11200,11869,13589,14160,8206,9440,24333,19776,23360
0	1494	23768	22353,3775,1742,3697,3986,3043,6762,11200,11869,13589,14160,8206,9440,24333,19776,23360,27444
0	1494	27113	22353,3775,1742,3697,3986,3043,6762,11200,11869,13589,14160,8206,9440,24333,19776,23360,27444
0	1494	26872	22353,3775,1742,3697,3986,3043,6762,11200,11869,13589,14160,8206,9440,24333,19776,23360,27444
0	1494	28547	22353,3775,1742,3697,3986,3043,6762,11200,11869,13589,14160,8206,9440,24333,19776,23360,27444
0	1494	28649	22353,3775,1742,3697,3986,3043,6762,11200,11869,13589,14160,8206,9440,24333,19776,23360,27444
1	1494	16807	22353,3775,1742,3697,3986,3043,6762,11200,11869,13589,14160,8206,9440,24333,19776,23360,27444
1	1494	24225	22353,3775,1742,3697,3986,3043,6762,11200,11869,13589,14160,8206,9440,24333,19776,23360,27444,16807
