0	251	32101	0
0	251	31408	0
1	251	31388	0
0	251	32783	31388
0	251	512	31388
0	251	856	31388
1	251	32211	31388
0	251	7242	31388,32211
0	251	6974	31388,32211
1	251	6400	31388,32211
0	251	3038	31388,32211,6400
1	251	4741	31388,32211,6400
0	251	513	31388,32211,6400,4741
0	251	30782	31388,32211,6400,4741
1	251	2076	31388,32211,6400,4741
0	251	8227	31388,32211,6400,4741,2076
0	251	848	31388,32211,6400,4741,2076
0	251	7101	31388,32211,6400,4741,2076
0	251	7291	31388,32211,6400,4741,2076
0	251	7529	31388,32211,6400,4741,2076
0	251	3684	31388,32211,6400,4741,2076
0	251	31905	31388,32211,6400,4741,2076
1	251	7780	31388,32211,6400,4741,2076
0	251	8167	31388,32211,6400,4741,2076,7780
1	251	11555	31388,32211,6400,4741,2076,7780
1	251	31818	31388,32211,6400,4741,2076,7780,11555
0	251	4996	31388,32211,6400,4741,2076,7780,11555,31818
1	251	2897	31388,32211,6400,4741,2076,7780,11555,31818
1	251	821	31388,32211,6400,4741,2076,7780,11555,31818,2897
1	251	4752	31388,32211,6400,4741,2076,7780,11555,31818,2897,821
0	251	5876	31388,32211,6400,4741,2076,7780,11555,31818,2897,821,4752
1	251	9344	31388,32211,6400,4741,2076,7780,11555,31818,2897,821,4752
1	251	15901	31388,32211,6400,4741,2076,7780,11555,31818,2897,821,4752,9344
0	251	14497	31388,32211,6400,4741,2076,7780,11555,31818,2897,821,4752,9344,15901
1	251	17168	31388,32211,6400,4741,2076,7780,11555,31818,2897,821,4752,9344,15901
0	251	4310	31388,32211,6400,4741,2076,7780,11555,31818,2897,821,4752,9344,15901,17168
1	251	18936	31388,32211,6400,4741,2076,7780,11555,31818,2897,821,4752,9344,15901,17168
0	251	28773	31388,32211,6400,4741,2076,7780,11555,31818,2897,821,4752,9344,15901,17168,18936
1	251	13254	31388,32211,6400,4741,2076,7780,11555,31818,2897,821,4752,9344,15901,17168,18936
0	251	8556	31388,32211,6400,4741,2076,7780,11555,31818,2897,821,4752,9344,15901,17168,18936,13254
1	251	18048	31388,32211,6400,4741,2076,7780,11555,31818,2897,821,4752,9344,15901,17168,18936,13254
0	251	18392	31388,32211,6400,4741,2076,7780,11555,31818,2897,821,4752,9344,15901,17168,18936,13254,18048
1	251	19636	31388,32211,6400,4741,2076,7780,11555,31818,2897,821,4752,9344,15901,17168,18936,13254,18048
1	251	22590	31388,32211,6400,4741,2076,7780,11555,31818,2897,821,4752,9344,15901,17168,18936,13254,18048,19636
0	251	5323	31388,32211,6400,4741,2076,7780,11555,31818,2897,821,4752,9344,15901,17168,18936,13254,18048,19636,22590
1	251	24661	31388,32211,6400,4741,2076,7780,11555,31818,2897,821,4752,9344,15901,17168,18936,13254,18048,19636,22590
1	251	23146	31388,32211,6400,4741,2076,7780,11555,31818,2897,821,4752,9344,15901,17168,18936,13254,18048,19636,22590,24661
1	251	25866	31388,32211,6400,4741,2076,7780,11555,31818,2897,821,4752,9344,15901,17168,18936,13254,18048,19636,22590,24661,23146
1	251	9647	31388,32211,6400,4741,2076,7780,11555,31818,2897,821,4752,9344,15901,17168,18936,13254,18048,19636,22590,24661,23146,25866
1	251	28555	31388,32211,6400,4741,2076,7780,11555,31818,2897,821,4752,9344,15901,17168,18936,13254,18048,19636,22590,24661,23146,25866,9647
