0	1345	18506	0
1	1345	996	0
1	1345	3253	996
0	1345	9123	996,3253
0	1345	3129	996,3253
1	1345	33002	996,3253
1	1345	6484	996,3253,33002
0	1345	5177	996,3253,33002,6484
1	1345	5402	996,3253,33002,6484
1	1345	7347	996,3253,33002,6484,5402
0	1345	9085	996,3253,33002,6484,5402,7347
0	1345	14219	996,3253,33002,6484,5402,7347
0	1345	14122	996,3253,33002,6484,5402,7347
0	1345	15810	996,3253,33002,6484,5402,7347
0	1345	15022	996,3253,33002,6484,5402,7347
0	1345	16284	996,3253,33002,6484,5402,7347
1	1345	18980	996,3253,33002,6484,5402,7347
1	1345	20279	996,3253,33002,6484,5402,7347,18980
0	1345	16141	996,3253,33002,6484,5402,7347,18980,20279
1	1345	19259	996,3253,33002,6484,5402,7347,18980,20279
0	1345	4213	996,3253,33002,6484,5402,7347,18980,20279,19259
1	1345	22837	996,3253,33002,6484,5402,7347,18980,20279,19259
1	1345	19387	996,3253,33002,6484,5402,7347,18980,20279,19259,22837
1	1345	17816	996,3253,33002,6484,5402,7347,18980,20279,19259,22837,19387
1	1345	17022	996,3253,33002,6484,5402,7347,18980,20279,19259,22837,19387,17816
1	1345	14365	996,3253,33002,6484,5402,7347,18980,20279,19259,22837,19387,17816,17022
0	1345	23474	996,3253,33002,6484,5402,7347,18980,20279,19259,22837,19387,17816,17022,14365
1	1345	16246	996,3253,33002,6484,5402,7347,18980,20279,19259,22837,19387,17816,17022,14365
1	1345	11869	996,3253,33002,6484,5402,7347,18980,20279,19259,22837,19387,17816,17022,14365,16246
0	1345	20151	996,3253,33002,6484,5402,7347,18980,20279,19259,22837,19387,17816,17022,14365,16246,11869
0	1345	20907	996,3253,33002,6484,5402,7347,18980,20279,19259,22837,19387,17816,17022,14365,16246,11869
0	1345	22440	996,3253,33002,6484,5402,7347,18980,20279,19259,22837,19387,17816,17022,14365,16246,11869
0	1345	24487	996,3253,33002,6484,5402,7347,18980,20279,19259,22837,19387,17816,17022,14365,16246,11869
0	1345	24490	996,3253,33002,6484,5402,7347,18980,20279,19259,22837,19387,17816,17022,14365,16246,11869
0	1345	18813	996,3253,33002,6484,5402,7347,18980,20279,19259,22837,19387,17816,17022,14365,16246,11869
0	1345	18983	996,3253,33002,6484,5402,7347,18980,20279,19259,22837,19387,17816,17022,14365,16246,11869
1	1345	21811	996,3253,33002,6484,5402,7347,18980,20279,19259,22837,19387,17816,17022,14365,16246,11869
1	1345	18982	996,3253,33002,6484,5402,7347,18980,20279,19259,22837,19387,17816,17022,14365,16246,11869,21811
1	1345	25659	996,3253,33002,6484,5402,7347,18980,20279,19259,22837,19387,17816,17022,14365,16246,11869,21811,18982
1	1345	21764	996,3253,33002,6484,5402,7347,18980,20279,19259,22837,19387,17816,17022,14365,16246,11869,21811,18982,25659
1	1345	9342	996,3253,33002,6484,5402,7347,18980,20279,19259,22837,19387,17816,17022,14365,16246,11869,21811,18982,25659,21764
1	1345	13730	996,3253,33002,6484,5402,7347,18980,20279,19259,22837,19387,17816,17022,14365,16246,11869,21811,18982,25659,21764,9342
1	1345	16463	996,3253,33002,6484,5402,7347,18980,20279,19259,22837,19387,17816,17022,14365,16246,11869,21811,18982,25659,21764,9342,13730
1	1345	20594	996,3253,33002,6484,5402,7347,18980,20279,19259,22837,19387,17816,17022,14365,16246,11869,21811,18982,25659,21764,9342,13730,16463
1	1345	23448	996,3253,33002,6484,5402,7347,18980,20279,19259,22837,19387,17816,17022,14365,16246,11869,21811,18982,25659,21764,9342,13730,16463,20594
1	1345	23882	996,3253,33002,6484,5402,7347,18980,20279,19259,22837,19387,17816,17022,14365,16246,11869,21811,18982,25659,21764,9342,13730,16463,20594,23448
1	1345	20805	996,3253,33002,6484,5402,7347,18980,20279,19259,22837,19387,17816,17022,14365,16246,11869,21811,18982,25659,21764,9342,13730,16463,20594,23448,23882
0	1345	19802	996,3253,33002,6484,5402,7347,18980,20279,19259,22837,19387,17816,17022,14365,16246,11869,21811,18982,25659,21764,9342,13730,16463,20594,23448,23882,20805
1	1345	23266	996,3253,33002,6484,5402,7347,18980,20279,19259,22837,19387,17816,17022,14365,16246,11869,21811,18982,25659,21764,9342,13730,16463,20594,23448,23882,20805
1	1345	27401	996,3253,33002,6484,5402,7347,18980,20279,19259,22837,19387,17816,17022,14365,16246,11869,21811,18982,25659,21764,9342,13730,16463,20594,23448,23882,20805,23266
1	1345	27189	996,3253,33002,6484,5402,7347,18980,20279,19259,22837,19387,17816,17022,14365,16246,11869,21811,18982,25659,21764,9342,13730,16463,20594,23448,23882,20805,23266,27401
1	1345	27527	996,3253,33002,6484,5402,7347,18980,20279,19259,22837,19387,17816,17022,14365,16246,11869,21811,18982,25659,21764,9342,13730,16463,20594,23448,23882,20805,23266,27401,27189
1	1345	21265	996,3253,33002,6484,5402,7347,18980,20279,19259,22837,19387,17816,17022,14365,16246,11869,21811,18982,25659,21764,9342,13730,16463,20594,23448,23882,20805,23266,27401,27189,27527
1	1345	28530	996,3253,33002,6484,5402,7347,18980,20279,19259,22837,19387,17816,17022,14365,16246,11869,21811,18982,25659,21764,9342,13730,16463,20594,23448,23882,20805,23266,27401,27189,27527,21265
0	1345	28175	996,3253,33002,6484,5402,7347,18980,20279,19259,22837,19387,17816,17022,14365,16246,11869,21811,18982,25659,21764,9342,13730,16463,20594,23448,23882,20805,23266,27401,27189,27527,21265,28530
1	1345	26854	996,3253,33002,6484,5402,7347,18980,20279,19259,22837,19387,17816,17022,14365,16246,11869,21811,18982,25659,21764,9342,13730,16463,20594,23448,23882,20805,23266,27401,27189,27527,21265,28530
1	1345	28504	996,3253,33002,6484,5402,7347,18980,20279,19259,22837,19387,17816,17022,14365,16246,11869,21811,18982,25659,21764,9342,13730,16463,20594,23448,23882,20805,23266,27401,27189,27527,21265,28530,26854
0	1345	29384	996,3253,33002,6484,5402,7347,18980,20279,19259,22837,19387,17816,17022,14365,16246,11869,21811,18982,25659,21764,9342,13730,16463,20594,23448,23882,20805,23266,27401,27189,27527,21265,28530,26854,28504
0	1345	29584	996,3253,33002,6484,5402,7347,18980,20279,19259,22837,19387,17816,17022,14365,16246,11869,21811,18982,25659,21764,9342,13730,16463,20594,23448,23882,20805,23266,27401,27189,27527,21265,28530,26854,28504
0	1345	28185	996,3253,33002,6484,5402,7347,18980,20279,19259,22837,19387,17816,17022,14365,16246,11869,21811,18982,25659,21764,9342,13730,16463,20594,23448,23882,20805,23266,27401,27189,27527,21265,28530,26854,28504
