0	1459	31764	0
1	1459	14446	0
0	1459	1875	14446
0	1459	11904	14446
0	1459	18366	14446
0	1459	6548	14446
1	1459	32847	14446
1	1459	4663	14446,32847
0	1459	28509	14446,32847,4663
0	1459	2994	14446,32847,4663
0	1459	4397	14446,32847,4663
1	1459	3880	14446,32847,4663
0	1459	28773	14446,32847,4663,3880
1	1459	13254	14446,32847,4663,3880
0	1459	9805	14446,32847,4663,3880,13254
0	1459	3151	14446,32847,4663,3880,13254
0	1459	4350	14446,32847,4663,3880,13254
0	1459	31487	14446,32847,4663,3880,13254
1	1459	2025	14446,32847,4663,3880,13254
0	1459	6922	14446,32847,4663,3880,13254,2025
0	1459	3591	14446,32847,4663,3880,13254,2025
1	1459	32760	14446,32847,4663,3880,13254,2025
1	1459	8490	14446,32847,4663,3880,13254,2025,32760
0	1459	2663	14446,32847,4663,3880,13254,2025,32760,8490
0	1459	6571	14446,32847,4663,3880,13254,2025,32760,8490
0	1459	7381	14446,32847,4663,3880,13254,2025,32760,8490
1	1459	6894	14446,32847,4663,3880,13254,2025,32760,8490
1	1459	9267	14446,32847,4663,3880,13254,2025,32760,8490,6894
1	1459	32761	14446,32847,4663,3880,13254,2025,32760,8490,6894,9267
1	1459	32237	14446,32847,4663,3880,13254,2025,32760,8490,6894,9267,32761
1	1459	6330	14446,32847,4663,3880,13254,2025,32760,8490,6894,9267,32761,32237
1	1459	3330	14446,32847,4663,3880,13254,2025,32760,8490,6894,9267,32761,32237,6330
1	1459	3406	14446,32847,4663,3880,13254,2025,32760,8490,6894,9267,32761,32237,6330,3330
1	1459	9198	14446,32847,4663,3880,13254,2025,32760,8490,6894,9267,32761,32237,6330,3330,3406
1	1459	22756	14446,32847,4663,3880,13254,2025,32760,8490,6894,9267,32761,32237,6330,3330,3406,9198
0	1459	15564	14446,32847,4663,3880,13254,2025,32760,8490,6894,9267,32761,32237,6330,3330,3406,9198,22756
0	1459	17162	14446,32847,4663,3880,13254,2025,32760,8490,6894,9267,32761,32237,6330,3330,3406,9198,22756
0	1459	14038	14446,32847,4663,3880,13254,2025,32760,8490,6894,9267,32761,32237,6330,3330,3406,9198,22756
0	1459	21926	14446,32847,4663,3880,13254,2025,32760,8490,6894,9267,32761,32237,6330,3330,3406,9198,22756
0	1459	16201	14446,32847,4663,3880,13254,2025,32760,8490,6894,9267,32761,32237,6330,3330,3406,9198,22756
1	1459	4520	14446,32847,4663,3880,13254,2025,32760,8490,6894,9267,32761,32237,6330,3330,3406,9198,22756
1	1459	11789	14446,32847,4663,3880,13254,2025,32760,8490,6894,9267,32761,32237,6330,3330,3406,9198,22756,4520
1	1459	23012	14446,32847,4663,3880,13254,2025,32760,8490,6894,9267,32761,32237,6330,3330,3406,9198,22756,4520,11789
1	1459	5450	14446,32847,4663,3880,13254,2025,32760,8490,6894,9267,32761,32237,6330,3330,3406,9198,22756,4520,11789,23012
1	1459	4823	14446,32847,4663,3880,13254,2025,32760,8490,6894,9267,32761,32237,6330,3330,3406,9198,22756,4520,11789,23012,5450
1	1459	26551	14446,32847,4663,3880,13254,2025,32760,8490,6894,9267,32761,32237,6330,3330,3406,9198,22756,4520,11789,23012,5450,4823
0	1459	28420	14446,32847,4663,3880,13254,2025,32760,8490,6894,9267,32761,32237,6330,3330,3406,9198,22756,4520,11789,23012,5450,4823,26551
1	1459	32875	14446,32847,4663,3880,13254,2025,32760,8490,6894,9267,32761,32237,6330,3330,3406,9198,22756,4520,11789,23012,5450,4823,26551
1	1459	4780	14446,32847,4663,3880,13254,2025,32760,8490,6894,9267,32761,32237,6330,3330,3406,9198,22756,4520,11789,23012,5450,4823,26551,32875
1	1459	6895	14446,32847,4663,3880,13254,2025,32760,8490,6894,9267,32761,32237,6330,3330,3406,9198,22756,4520,11789,23012,5450,4823,26551,32875,4780
1	1459	9228	14446,32847,4663,3880,13254,2025,32760,8490,6894,9267,32761,32237,6330,3330,3406,9198,22756,4520,11789,23012,5450,4823,26551,32875,4780,6895
1	1459	14649	14446,32847,4663,3880,13254,2025,32760,8490,6894,9267,32761,32237,6330,3330,3406,9198,22756,4520,11789,23012,5450,4823,26551,32875,4780,6895,9228
1	1459	15175	14446,32847,4663,3880,13254,2025,32760,8490,6894,9267,32761,32237,6330,3330,3406,9198,22756,4520,11789,23012,5450,4823,26551,32875,4780,6895,9228,14649
0	1459	17132	14446,32847,4663,3880,13254,2025,32760,8490,6894,9267,32761,32237,6330,3330,3406,9198,22756,4520,11789,23012,5450,4823,26551,32875,4780,6895,9228,14649,15175
1	1459	17944	14446,32847,4663,3880,13254,2025,32760,8490,6894,9267,32761,32237,6330,3330,3406,9198,22756,4520,11789,23012,5450,4823,26551,32875,4780,6895,9228,14649,15175
1	1459	18714	14446,32847,4663,3880,13254,2025,32760,8490,6894,9267,32761,32237,6330,3330,3406,9198,22756,4520,11789,23012,5450,4823,26551,32875,4780,6895,9228,14649,15175,17944
1	1459	20434	14446,32847,4663,3880,13254,2025,32760,8490,6894,9267,32761,32237,6330,3330,3406,9198,22756,4520,11789,23012,5450,4823,26551,32875,4780,6895,9228,14649,15175,17944,18714
0	1459	20839	14446,32847,4663,3880,13254,2025,32760,8490,6894,9267,32761,32237,6330,3330,3406,9198,22756,4520,11789,23012,5450,4823,26551,32875,4780,6895,9228,14649,15175,17944,18714,20434
0	1459	21388	14446,32847,4663,3880,13254,2025,32760,8490,6894,9267,32761,32237,6330,3330,3406,9198,22756,4520,11789,23012,5450,4823,26551,32875,4780,6895,9228,14649,15175,17944,18714,20434
0	1459	21407	14446,32847,4663,3880,13254,2025,32760,8490,6894,9267,32761,32237,6330,3330,3406,9198,22756,4520,11789,23012,5450,4823,26551,32875,4780,6895,9228,14649,15175,17944,18714,20434
0	1459	21778	14446,32847,4663,3880,13254,2025,32760,8490,6894,9267,32761,32237,6330,3330,3406,9198,22756,4520,11789,23012,5450,4823,26551,32875,4780,6895,9228,14649,15175,17944,18714,20434
0	1459	21862	14446,32847,4663,3880,13254,2025,32760,8490,6894,9267,32761,32237,6330,3330,3406,9198,22756,4520,11789,23012,5450,4823,26551,32875,4780,6895,9228,14649,15175,17944,18714,20434
1	1459	22214	14446,32847,4663,3880,13254,2025,32760,8490,6894,9267,32761,32237,6330,3330,3406,9198,22756,4520,11789,23012,5450,4823,26551,32875,4780,6895,9228,14649,15175,17944,18714,20434
0	1459	23098	14446,32847,4663,3880,13254,2025,32760,8490,6894,9267,32761,32237,6330,3330,3406,9198,22756,4520,11789,23012,5450,4823,26551,32875,4780,6895,9228,14649,15175,17944,18714,20434,22214
1	1459	23104	14446,32847,4663,3880,13254,2025,32760,8490,6894,9267,32761,32237,6330,3330,3406,9198,22756,4520,11789,23012,5450,4823,26551,32875,4780,6895,9228,14649,15175,17944,18714,20434,22214
0	1459	23417	14446,32847,4663,3880,13254,2025,32760,8490,6894,9267,32761,32237,6330,3330,3406,9198,22756,4520,11789,23012,5450,4823,26551,32875,4780,6895,9228,14649,15175,17944,18714,20434,22214,23104
1	1459	24086	14446,32847,4663,3880,13254,2025,32760,8490,6894,9267,32761,32237,6330,3330,3406,9198,22756,4520,11789,23012,5450,4823,26551,32875,4780,6895,9228,14649,15175,17944,18714,20434,22214,23104
1	1459	26188	14446,32847,4663,3880,13254,2025,32760,8490,6894,9267,32761,32237,6330,3330,3406,9198,22756,4520,11789,23012,5450,4823,26551,32875,4780,6895,9228,14649,15175,17944,18714,20434,22214,23104,24086
1	1459	26204	14446,32847,4663,3880,13254,2025,32760,8490,6894,9267,32761,32237,6330,3330,3406,9198,22756,4520,11789,23012,5450,4823,26551,32875,4780,6895,9228,14649,15175,17944,18714,20434,22214,23104,24086,26188
1	1459	26187	14446,32847,4663,3880,13254,2025,32760,8490,6894,9267,32761,32237,6330,3330,3406,9198,22756,4520,11789,23012,5450,4823,26551,32875,4780,6895,9228,14649,15175,17944,18714,20434,22214,23104,24086,26188,26204
1	1459	9995	14446,32847,4663,3880,13254,2025,32760,8490,6894,9267,32761,32237,6330,3330,3406,9198,22756,4520,11789,23012,5450,4823,26551,32875,4780,6895,9228,14649,15175,17944,18714,20434,22214,23104,24086,26188,26204,26187
1	1459	18771	14446,32847,4663,3880,13254,2025,32760,8490,6894,9267,32761,32237,6330,3330,3406,9198,22756,4520,11789,23012,5450,4823,26551,32875,4780,6895,9228,14649,15175,17944,18714,20434,22214,23104,24086,26188,26204,26187,9995
1	1459	13860	14446,32847,4663,3880,13254,2025,32760,8490,6894,9267,32761,32237,6330,3330,3406,9198,22756,4520,11789,23012,5450,4823,26551,32875,4780,6895,9228,14649,15175,17944,18714,20434,22214,23104,24086,26188,26204,26187,9995,18771
0	1459	24702	14446,32847,4663,3880,13254,2025,32760,8490,6894,9267,32761,32237,6330,3330,3406,9198,22756,4520,11789,23012,5450,4823,26551,32875,4780,6895,9228,14649,15175,17944,18714,20434,22214,23104,24086,26188,26204,26187,9995,18771,13860
0	1459	12128	14446,32847,4663,3880,13254,2025,32760,8490,6894,9267,32761,32237,6330,3330,3406,9198,22756,4520,11789,23012,5450,4823,26551,32875,4780,6895,9228,14649,15175,17944,18714,20434,22214,23104,24086,26188,26204,26187,9995,18771,13860
1	1459	5449	14446,32847,4663,3880,13254,2025,32760,8490,6894,9267,32761,32237,6330,3330,3406,9198,22756,4520,11789,23012,5450,4823,26551,32875,4780,6895,9228,14649,15175,17944,18714,20434,22214,23104,24086,26188,26204,26187,9995,18771,13860
1	1459	13555	14446,32847,4663,3880,13254,2025,32760,8490,6894,9267,32761,32237,6330,3330,3406,9198,22756,4520,11789,23012,5450,4823,26551,32875,4780,6895,9228,14649,15175,17944,18714,20434,22214,23104,24086,26188,26204,26187,9995,18771,13860,5449
0	1459	8289	14446,32847,4663,3880,13254,2025,32760,8490,6894,9267,32761,32237,6330,3330,3406,9198,22756,4520,11789,23012,5450,4823,26551,32875,4780,6895,9228,14649,15175,17944,18714,20434,22214,23104,24086,26188,26204,26187,9995,18771,13860,5449,13555
1	1459	27308	14446,32847,4663,3880,13254,2025,32760,8490,6894,9267,32761,32237,6330,3330,3406,9198,22756,4520,11789,23012,5450,4823,26551,32875,4780,6895,9228,14649,15175,17944,18714,20434,22214,23104,24086,26188,26204,26187,9995,18771,13860,5449,13555
1	1459	21339	14446,32847,4663,3880,13254,2025,32760,8490,6894,9267,32761,32237,6330,3330,3406,9198,22756,4520,11789,23012,5450,4823,26551,32875,4780,6895,9228,14649,15175,17944,18714,20434,22214,23104,24086,26188,26204,26187,9995,18771,13860,5449,13555,27308
