0	72	31468	0
0	72	32142	0
0	72	1606	0
0	72	31492	0
0	72	23458	0
0	72	2653	0
0	72	1907	0
1	72	6554	0
0	72	32553	6554
0	72	6864	6554
0	72	5693	6554
1	72	3023	6554
1	72	31379	6554,3023
1	72	31383	6554,3023,31379
0	72	31386	6554,3023,31379,31383
1	72	20416	6554,3023,31379,31383
0	72	32124	6554,3023,31379,31383,20416
0	72	1013	6554,3023,31379,31383,20416
0	72	6179	6554,3023,31379,31383,20416
1	72	27608	6554,3023,31379,31383,20416
1	72	8372	6554,3023,31379,31383,20416,27608
0	72	1582	6554,3023,31379,31383,20416,27608,8372
0	72	12768	6554,3023,31379,31383,20416,27608,8372
0	72	32779	6554,3023,31379,31383,20416,27608,8372
1	72	24595	6554,3023,31379,31383,20416,27608,8372
0	72	25111	6554,3023,31379,31383,20416,27608,8372,24595
1	72	2672	6554,3023,31379,31383,20416,27608,8372,24595
0	72	10074	6554,3023,31379,31383,20416,27608,8372,24595,2672
1	72	1435	6554,3023,31379,31383,20416,27608,8372,24595,2672
1	72	8295	6554,3023,31379,31383,20416,27608,8372,24595,2672,1435
1	72	15215	6554,3023,31379,31383,20416,27608,8372,24595,2672,1435,8295
0	72	4329	6554,3023,31379,31383,20416,27608,8372,24595,2672,1435,8295,15215
0	72	2546	6554,3023,31379,31383,20416,27608,8372,24595,2672,1435,8295,15215
0	72	10639	6554,3023,31379,31383,20416,27608,8372,24595,2672,1435,8295,15215
0	72	14973	6554,3023,31379,31383,20416,27608,8372,24595,2672,1435,8295,15215
0	72	14077	6554,3023,31379,31383,20416,27608,8372,24595,2672,1435,8295,15215
0	72	4787	6554,3023,31379,31383,20416,27608,8372,24595,2672,1435,8295,15215
0	72	12161	6554,3023,31379,31383,20416,27608,8372,24595,2672,1435,8295,15215
0	72	19463	6554,3023,31379,31383,20416,27608,8372,24595,2672,1435,8295,15215
0	72	15059	6554,3023,31379,31383,20416,27608,8372,24595,2672,1435,8295,15215
0	72	12809	6554,3023,31379,31383,20416,27608,8372,24595,2672,1435,8295,15215
0	72	23451	6554,3023,31379,31383,20416,27608,8372,24595,2672,1435,8295,15215
0	72	23453	6554,3023,31379,31383,20416,27608,8372,24595,2672,1435,8295,15215
0	72	17469	6554,3023,31379,31383,20416,27608,8372,24595,2672,1435,8295,15215
1	72	21574	6554,3023,31379,31383,20416,27608,8372,24595,2672,1435,8295,15215
0	72	16088	6554,3023,31379,31383,20416,27608,8372,24595,2672,1435,8295,15215,21574
1	72	31057	6554,3023,31379,31383,20416,27608,8372,24595,2672,1435,8295,15215,21574
0	72	24549	6554,3023,31379,31383,20416,27608,8372,24595,2672,1435,8295,15215,21574,31057
0	72	20954	6554,3023,31379,31383,20416,27608,8372,24595,2672,1435,8295,15215,21574,31057
1	72	23452	6554,3023,31379,31383,20416,27608,8372,24595,2672,1435,8295,15215,21574,31057
1	72	24073	6554,3023,31379,31383,20416,27608,8372,24595,2672,1435,8295,15215,21574,31057,23452
1	72	24784	6554,3023,31379,31383,20416,27608,8372,24595,2672,1435,8295,15215,21574,31057,23452,24073
1	72	25069	6554,3023,31379,31383,20416,27608,8372,24595,2672,1435,8295,15215,21574,31057,23452,24073,24784
1	72	25302	6554,3023,31379,31383,20416,27608,8372,24595,2672,1435,8295,15215,21574,31057,23452,24073,24784,25069
1	72	22317	6554,3023,31379,31383,20416,27608,8372,24595,2672,1435,8295,15215,21574,31057,23452,24073,24784,25069,25302
1	72	25179	6554,3023,31379,31383,20416,27608,8372,24595,2672,1435,8295,15215,21574,31057,23452,24073,24784,25069,25302,22317
1	72	22784	6554,3023,31379,31383,20416,27608,8372,24595,2672,1435,8295,15215,21574,31057,23452,24073,24784,25069,25302,22317,25179
0	72	26181	6554,3023,31379,31383,20416,27608,8372,24595,2672,1435,8295,15215,21574,31057,23452,24073,24784,25069,25302,22317,25179,22784
0	72	26090	6554,3023,31379,31383,20416,27608,8372,24595,2672,1435,8295,15215,21574,31057,23452,24073,24784,25069,25302,22317,25179,22784
0	72	23768	6554,3023,31379,31383,20416,27608,8372,24595,2672,1435,8295,15215,21574,31057,23452,24073,24784,25069,25302,22317,25179,22784
1	72	2323	6554,3023,31379,31383,20416,27608,8372,24595,2672,1435,8295,15215,21574,31057,23452,24073,24784,25069,25302,22317,25179,22784
1	72	8742	6554,3023,31379,31383,20416,27608,8372,24595,2672,1435,8295,15215,21574,31057,23452,24073,24784,25069,25302,22317,25179,22784,2323
0	72	9647	6554,3023,31379,31383,20416,27608,8372,24595,2672,1435,8295,15215,21574,31057,23452,24073,24784,25069,25302,22317,25179,22784,2323,8742
0	72	10601	6554,3023,31379,31383,20416,27608,8372,24595,2672,1435,8295,15215,21574,31057,23452,24073,24784,25069,25302,22317,25179,22784,2323,8742
0	72	26676	6554,3023,31379,31383,20416,27608,8372,24595,2672,1435,8295,15215,21574,31057,23452,24073,24784,25069,25302,22317,25179,22784,2323,8742
0	72	28071	6554,3023,31379,31383,20416,27608,8372,24595,2672,1435,8295,15215,21574,31057,23452,24073,24784,25069,25302,22317,25179,22784,2323,8742
0	72	28633	6554,3023,31379,31383,20416,27608,8372,24595,2672,1435,8295,15215,21574,31057,23452,24073,24784,25069,25302,22317,25179,22784,2323,8742
0	72	28541	6554,3023,31379,31383,20416,27608,8372,24595,2672,1435,8295,15215,21574,31057,23452,24073,24784,25069,25302,22317,25179,22784,2323,8742
1	72	9422	6554,3023,31379,31383,20416,27608,8372,24595,2672,1435,8295,15215,21574,31057,23452,24073,24784,25069,25302,22317,25179,22784,2323,8742
