1	1699	6682	0
0	1699	31407	6682
1	1699	1871	6682
0	1699	15905	6682,1871
1	1699	3200	6682,1871
1	1699	3541	6682,1871,3200
0	1699	26863	6682,1871,3200,3541
0	1699	2957	6682,1871,3200,3541
1	1699	3096	6682,1871,3200,3541
0	1699	31731	6682,1871,3200,3541,3096
0	1699	33037	6682,1871,3200,3541,3096
1	1699	3964	6682,1871,3200,3541,3096
0	1699	3957	6682,1871,3200,3541,3096,3964
0	1699	4526	6682,1871,3200,3541,3096,3964
0	1699	3235	6682,1871,3200,3541,3096,3964
0	1699	3221	6682,1871,3200,3541,3096,3964
1	1699	3778	6682,1871,3200,3541,3096,3964
0	1699	4815	6682,1871,3200,3541,3096,3964,3778
0	1699	5058	6682,1871,3200,3541,3096,3964,3778
0	1699	4812	6682,1871,3200,3541,3096,3964,3778
0	1699	4391	6682,1871,3200,3541,3096,3964,3778
1	1699	2946	6682,1871,3200,3541,3096,3964,3778
1	1699	2947	6682,1871,3200,3541,3096,3964,3778,2946
1	1699	4816	6682,1871,3200,3541,3096,3964,3778,2946,2947
1	1699	2512	6682,1871,3200,3541,3096,3964,3778,2946,2947,4816
1	1699	2608	6682,1871,3200,3541,3096,3964,3778,2946,2947,4816,2512
0	1699	5708	6682,1871,3200,3541,3096,3964,3778,2946,2947,4816,2512,2608
0	1699	4874	6682,1871,3200,3541,3096,3964,3778,2946,2947,4816,2512,2608
1	1699	32985	6682,1871,3200,3541,3096,3964,3778,2946,2947,4816,2512,2608
0	1699	6898	6682,1871,3200,3541,3096,3964,3778,2946,2947,4816,2512,2608,32985
0	1699	5281	6682,1871,3200,3541,3096,3964,3778,2946,2947,4816,2512,2608,32985
1	1699	31024	6682,1871,3200,3541,3096,3964,3778,2946,2947,4816,2512,2608,32985
1	1699	6568	6682,1871,3200,3541,3096,3964,3778,2946,2947,4816,2512,2608,32985,31024
0	1699	7197	6682,1871,3200,3541,3096,3964,3778,2946,2947,4816,2512,2608,32985,31024,6568
0	1699	896	6682,1871,3200,3541,3096,3964,3778,2946,2947,4816,2512,2608,32985,31024,6568
0	1699	4448	6682,1871,3200,3541,3096,3964,3778,2946,2947,4816,2512,2608,32985,31024,6568
1	1699	7000	6682,1871,3200,3541,3096,3964,3778,2946,2947,4816,2512,2608,32985,31024,6568
1	1699	28837	6682,1871,3200,3541,3096,3964,3778,2946,2947,4816,2512,2608,32985,31024,6568,7000
1	1699	885	6682,1871,3200,3541,3096,3964,3778,2946,2947,4816,2512,2608,32985,31024,6568,7000,28837
1	1699	17007	6682,1871,3200,3541,3096,3964,3778,2946,2947,4816,2512,2608,32985,31024,6568,7000,28837,885
0	1699	473	6682,1871,3200,3541,3096,3964,3778,2946,2947,4816,2512,2608,32985,31024,6568,7000,28837,885,17007
1	1699	10418	6682,1871,3200,3541,3096,3964,3778,2946,2947,4816,2512,2608,32985,31024,6568,7000,28837,885,17007
1	1699	3173	6682,1871,3200,3541,3096,3964,3778,2946,2947,4816,2512,2608,32985,31024,6568,7000,28837,885,17007,10418
1	1699	10376	6682,1871,3200,3541,3096,3964,3778,2946,2947,4816,2512,2608,32985,31024,6568,7000,28837,885,17007,10418,3173
0	1699	11792	6682,1871,3200,3541,3096,3964,3778,2946,2947,4816,2512,2608,32985,31024,6568,7000,28837,885,17007,10418,3173,10376
1	1699	11648	6682,1871,3200,3541,3096,3964,3778,2946,2947,4816,2512,2608,32985,31024,6568,7000,28837,885,17007,10418,3173,10376
0	1699	13184	6682,1871,3200,3541,3096,3964,3778,2946,2947,4816,2512,2608,32985,31024,6568,7000,28837,885,17007,10418,3173,10376,11648
0	1699	6340	6682,1871,3200,3541,3096,3964,3778,2946,2947,4816,2512,2608,32985,31024,6568,7000,28837,885,17007,10418,3173,10376,11648
0	1699	2110	6682,1871,3200,3541,3096,3964,3778,2946,2947,4816,2512,2608,32985,31024,6568,7000,28837,885,17007,10418,3173,10376,11648
1	1699	31426	6682,1871,3200,3541,3096,3964,3778,2946,2947,4816,2512,2608,32985,31024,6568,7000,28837,885,17007,10418,3173,10376,11648
1	1699	10034	6682,1871,3200,3541,3096,3964,3778,2946,2947,4816,2512,2608,32985,31024,6568,7000,28837,885,17007,10418,3173,10376,11648,31426
1	1699	8620	6682,1871,3200,3541,3096,3964,3778,2946,2947,4816,2512,2608,32985,31024,6568,7000,28837,885,17007,10418,3173,10376,11648,31426,10034
0	1699	2112	6682,1871,3200,3541,3096,3964,3778,2946,2947,4816,2512,2608,32985,31024,6568,7000,28837,885,17007,10418,3173,10376,11648,31426,10034,8620
1	1699	10152	6682,1871,3200,3541,3096,3964,3778,2946,2947,4816,2512,2608,32985,31024,6568,7000,28837,885,17007,10418,3173,10376,11648,31426,10034,8620
1	1699	11505	6682,1871,3200,3541,3096,3964,3778,2946,2947,4816,2512,2608,32985,31024,6568,7000,28837,885,17007,10418,3173,10376,11648,31426,10034,8620,10152
0	1699	16754	6682,1871,3200,3541,3096,3964,3778,2946,2947,4816,2512,2608,32985,31024,6568,7000,28837,885,17007,10418,3173,10376,11648,31426,10034,8620,10152,11505
1	1699	13294	6682,1871,3200,3541,3096,3964,3778,2946,2947,4816,2512,2608,32985,31024,6568,7000,28837,885,17007,10418,3173,10376,11648,31426,10034,8620,10152,11505
1	1699	23611	6682,1871,3200,3541,3096,3964,3778,2946,2947,4816,2512,2608,32985,31024,6568,7000,28837,885,17007,10418,3173,10376,11648,31426,10034,8620,10152,11505,13294
1	1699	30792	6682,1871,3200,3541,3096,3964,3778,2946,2947,4816,2512,2608,32985,31024,6568,7000,28837,885,17007,10418,3173,10376,11648,31426,10034,8620,10152,11505,13294,23611
1	1699	9064	6682,1871,3200,3541,3096,3964,3778,2946,2947,4816,2512,2608,32985,31024,6568,7000,28837,885,17007,10418,3173,10376,11648,31426,10034,8620,10152,11505,13294,23611,30792
1	1699	9082	6682,1871,3200,3541,3096,3964,3778,2946,2947,4816,2512,2608,32985,31024,6568,7000,28837,885,17007,10418,3173,10376,11648,31426,10034,8620,10152,11505,13294,23611,30792,9064
0	1699	10154	6682,1871,3200,3541,3096,3964,3778,2946,2947,4816,2512,2608,32985,31024,6568,7000,28837,885,17007,10418,3173,10376,11648,31426,10034,8620,10152,11505,13294,23611,30792,9064,9082
1	1699	27190	6682,1871,3200,3541,3096,3964,3778,2946,2947,4816,2512,2608,32985,31024,6568,7000,28837,885,17007,10418,3173,10376,11648,31426,10034,8620,10152,11505,13294,23611,30792,9064,9082
0	1699	15832	6682,1871,3200,3541,3096,3964,3778,2946,2947,4816,2512,2608,32985,31024,6568,7000,28837,885,17007,10418,3173,10376,11648,31426,10034,8620,10152,11505,13294,23611,30792,9064,9082,27190
1	1699	14004	6682,1871,3200,3541,3096,3964,3778,2946,2947,4816,2512,2608,32985,31024,6568,7000,28837,885,17007,10418,3173,10376,11648,31426,10034,8620,10152,11505,13294,23611,30792,9064,9082,27190
0	1699	8534	6682,1871,3200,3541,3096,3964,3778,2946,2947,4816,2512,2608,32985,31024,6568,7000,28837,885,17007,10418,3173,10376,11648,31426,10034,8620,10152,11505,13294,23611,30792,9064,9082,27190,14004
1	1699	6690	6682,1871,3200,3541,3096,3964,3778,2946,2947,4816,2512,2608,32985,31024,6568,7000,28837,885,17007,10418,3173,10376,11648,31426,10034,8620,10152,11505,13294,23611,30792,9064,9082,27190,14004
1	1699	3664	6682,1871,3200,3541,3096,3964,3778,2946,2947,4816,2512,2608,32985,31024,6568,7000,28837,885,17007,10418,3173,10376,11648,31426,10034,8620,10152,11505,13294,23611,30792,9064,9082,27190,14004,6690
0	1699	10242	6682,1871,3200,3541,3096,3964,3778,2946,2947,4816,2512,2608,32985,31024,6568,7000,28837,885,17007,10418,3173,10376,11648,31426,10034,8620,10152,11505,13294,23611,30792,9064,9082,27190,14004,6690,3664
0	1699	9980	6682,1871,3200,3541,3096,3964,3778,2946,2947,4816,2512,2608,32985,31024,6568,7000,28837,885,17007,10418,3173,10376,11648,31426,10034,8620,10152,11505,13294,23611,30792,9064,9082,27190,14004,6690,3664
1	1699	9918	6682,1871,3200,3541,3096,3964,3778,2946,2947,4816,2512,2608,32985,31024,6568,7000,28837,885,17007,10418,3173,10376,11648,31426,10034,8620,10152,11505,13294,23611,30792,9064,9082,27190,14004,6690,3664
1	1699	13638	6682,1871,3200,3541,3096,3964,3778,2946,2947,4816,2512,2608,32985,31024,6568,7000,28837,885,17007,10418,3173,10376,11648,31426,10034,8620,10152,11505,13294,23611,30792,9064,9082,27190,14004,6690,3664,9918
0	1699	23531	6682,1871,3200,3541,3096,3964,3778,2946,2947,4816,2512,2608,32985,31024,6568,7000,28837,885,17007,10418,3173,10376,11648,31426,10034,8620,10152,11505,13294,23611,30792,9064,9082,27190,14004,6690,3664,9918,13638
1	1699	9902	6682,1871,3200,3541,3096,3964,3778,2946,2947,4816,2512,2608,32985,31024,6568,7000,28837,885,17007,10418,3173,10376,11648,31426,10034,8620,10152,11505,13294,23611,30792,9064,9082,27190,14004,6690,3664,9918,13638
0	1699	13580	6682,1871,3200,3541,3096,3964,3778,2946,2947,4816,2512,2608,32985,31024,6568,7000,28837,885,17007,10418,3173,10376,11648,31426,10034,8620,10152,11505,13294,23611,30792,9064,9082,27190,14004,6690,3664,9918,13638,9902
1	1699	13254	6682,1871,3200,3541,3096,3964,3778,2946,2947,4816,2512,2608,32985,31024,6568,7000,28837,885,17007,10418,3173,10376,11648,31426,10034,8620,10152,11505,13294,23611,30792,9064,9082,27190,14004,6690,3664,9918,13638,9902
0	1699	2891	6682,1871,3200,3541,3096,3964,3778,2946,2947,4816,2512,2608,32985,31024,6568,7000,28837,885,17007,10418,3173,10376,11648,31426,10034,8620,10152,11505,13294,23611,30792,9064,9082,27190,14004,6690,3664,9918,13638,9902,13254
0	1699	18439	6682,1871,3200,3541,3096,3964,3778,2946,2947,4816,2512,2608,32985,31024,6568,7000,28837,885,17007,10418,3173,10376,11648,31426,10034,8620,10152,11505,13294,23611,30792,9064,9082,27190,14004,6690,3664,9918,13638,9902,13254
1	1699	16332	6682,1871,3200,3541,3096,3964,3778,2946,2947,4816,2512,2608,32985,31024,6568,7000,28837,885,17007,10418,3173,10376,11648,31426,10034,8620,10152,11505,13294,23611,30792,9064,9082,27190,14004,6690,3664,9918,13638,9902,13254
0	1699	8425	6682,1871,3200,3541,3096,3964,3778,2946,2947,4816,2512,2608,32985,31024,6568,7000,28837,885,17007,10418,3173,10376,11648,31426,10034,8620,10152,11505,13294,23611,30792,9064,9082,27190,14004,6690,3664,9918,13638,9902,13254,16332
0	1699	12162	6682,1871,3200,3541,3096,3964,3778,2946,2947,4816,2512,2608,32985,31024,6568,7000,28837,885,17007,10418,3173,10376,11648,31426,10034,8620,10152,11505,13294,23611,30792,9064,9082,27190,14004,6690,3664,9918,13638,9902,13254,16332
1	1699	9224	6682,1871,3200,3541,3096,3964,3778,2946,2947,4816,2512,2608,32985,31024,6568,7000,28837,885,17007,10418,3173,10376,11648,31426,10034,8620,10152,11505,13294,23611,30792,9064,9082,27190,14004,6690,3664,9918,13638,9902,13254,16332
1	1699	10281	6682,1871,3200,3541,3096,3964,3778,2946,2947,4816,2512,2608,32985,31024,6568,7000,28837,885,17007,10418,3173,10376,11648,31426,10034,8620,10152,11505,13294,23611,30792,9064,9082,27190,14004,6690,3664,9918,13638,9902,13254,16332,9224
0	1699	17657	6682,1871,3200,3541,3096,3964,3778,2946,2947,4816,2512,2608,32985,31024,6568,7000,28837,885,17007,10418,3173,10376,11648,31426,10034,8620,10152,11505,13294,23611,30792,9064,9082,27190,14004,6690,3664,9918,13638,9902,13254,16332,9224,10281
0	1699	12515	6682,1871,3200,3541,3096,3964,3778,2946,2947,4816,2512,2608,32985,31024,6568,7000,28837,885,17007,10418,3173,10376,11648,31426,10034,8620,10152,11505,13294,23611,30792,9064,9082,27190,14004,6690,3664,9918,13638,9902,13254,16332,9224,10281
0	1699	774	6682,1871,3200,3541,3096,3964,3778,2946,2947,4816,2512,2608,32985,31024,6568,7000,28837,885,17007,10418,3173,10376,11648,31426,10034,8620,10152,11505,13294,23611,30792,9064,9082,27190,14004,6690,3664,9918,13638,9902,13254,16332,9224,10281
0	1699	23180	6682,1871,3200,3541,3096,3964,3778,2946,2947,4816,2512,2608,32985,31024,6568,7000,28837,885,17007,10418,3173,10376,11648,31426,10034,8620,10152,11505,13294,23611,30792,9064,9082,27190,14004,6690,3664,9918,13638,9902,13254,16332,9224,10281
0	1699	958	6682,1871,3200,3541,3096,3964,3778,2946,2947,4816,2512,2608,32985,31024,6568,7000,28837,885,17007,10418,3173,10376,11648,31426,10034,8620,10152,11505,13294,23611,30792,9064,9082,27190,14004,6690,3664,9918,13638,9902,13254,16332,9224,10281
0	1699	14895	6682,1871,3200,3541,3096,3964,3778,2946,2947,4816,2512,2608,32985,31024,6568,7000,28837,885,17007,10418,3173,10376,11648,31426,10034,8620,10152,11505,13294,23611,30792,9064,9082,27190,14004,6690,3664,9918,13638,9902,13254,16332,9224,10281
1	1699	5878	6682,1871,3200,3541,3096,3964,3778,2946,2947,4816,2512,2608,32985,31024,6568,7000,28837,885,17007,10418,3173,10376,11648,31426,10034,8620,10152,11505,13294,23611,30792,9064,9082,27190,14004,6690,3664,9918,13638,9902,13254,16332,9224,10281
0	1699	7988	6682,1871,3200,3541,3096,3964,3778,2946,2947,4816,2512,2608,32985,31024,6568,7000,28837,885,17007,10418,3173,10376,11648,31426,10034,8620,10152,11505,13294,23611,30792,9064,9082,27190,14004,6690,3664,9918,13638,9902,13254,16332,9224,10281,5878
1	1699	9716	6682,1871,3200,3541,3096,3964,3778,2946,2947,4816,2512,2608,32985,31024,6568,7000,28837,885,17007,10418,3173,10376,11648,31426,10034,8620,10152,11505,13294,23611,30792,9064,9082,27190,14004,6690,3664,9918,13638,9902,13254,16332,9224,10281,5878
0	1699	12063	6682,1871,3200,3541,3096,3964,3778,2946,2947,4816,2512,2608,32985,31024,6568,7000,28837,885,17007,10418,3173,10376,11648,31426,10034,8620,10152,11505,13294,23611,30792,9064,9082,27190,14004,6690,3664,9918,13638,9902,13254,16332,9224,10281,5878,9716
1	1699	16161	6682,1871,3200,3541,3096,3964,3778,2946,2947,4816,2512,2608,32985,31024,6568,7000,28837,885,17007,10418,3173,10376,11648,31426,10034,8620,10152,11505,13294,23611,30792,9064,9082,27190,14004,6690,3664,9918,13638,9902,13254,16332,9224,10281,5878,9716
1	1699	18111	6682,1871,3200,3541,3096,3964,3778,2946,2947,4816,2512,2608,32985,31024,6568,7000,28837,885,17007,10418,3173,10376,11648,31426,10034,8620,10152,11505,13294,23611,30792,9064,9082,27190,14004,6690,3664,9918,13638,9902,13254,16332,9224,10281,5878,9716,16161
0	1699	26167	6682,1871,3200,3541,3096,3964,3778,2946,2947,4816,2512,2608,32985,31024,6568,7000,28837,885,17007,10418,3173,10376,11648,31426,10034,8620,10152,11505,13294,23611,30792,9064,9082,27190,14004,6690,3664,9918,13638,9902,13254,16332,9224,10281,5878,9716,16161,18111
1	1699	9777	6682,1871,3200,3541,3096,3964,3778,2946,2947,4816,2512,2608,32985,31024,6568,7000,28837,885,17007,10418,3173,10376,11648,31426,10034,8620,10152,11505,13294,23611,30792,9064,9082,27190,14004,6690,3664,9918,13638,9902,13254,16332,9224,10281,5878,9716,16161,18111
0	1699	22528	6682,1871,3200,3541,3096,3964,3778,2946,2947,4816,2512,2608,32985,31024,6568,7000,28837,885,17007,10418,3173,10376,11648,31426,10034,8620,10152,11505,13294,23611,30792,9064,9082,27190,14004,6690,3664,9918,13638,9902,13254,16332,9224,10281,5878,9716,16161,18111,9777
1	1699	22465	6682,1871,3200,3541,3096,3964,3778,2946,2947,4816,2512,2608,32985,31024,6568,7000,28837,885,17007,10418,3173,10376,11648,31426,10034,8620,10152,11505,13294,23611,30792,9064,9082,27190,14004,6690,3664,9918,13638,9902,13254,16332,9224,10281,5878,9716,16161,18111,9777
1	1699	19456	6682,1871,3200,3541,3096,3964,3778,2946,2947,4816,2512,2608,32985,31024,6568,7000,28837,885,17007,10418,3173,10376,11648,31426,10034,8620,10152,11505,13294,23611,30792,9064,9082,27190,14004,6690,3664,9918,13638,9902,13254,16332,9224,10281,5878,9716,16161,18111,9777,22465
0	1699	14240	6682,1871,3200,3541,3096,3964,3778,2946,2947,4816,2512,2608,32985,31024,6568,7000,28837,885,17007,10418,3173,10376,11648,31426,10034,8620,10152,11505,13294,23611,30792,9064,9082,27190,14004,6690,3664,9918,13638,9902,13254,16332,9224,10281,5878,9716,16161,18111,9777,22465,19456
0	1699	15768	6682,1871,3200,3541,3096,3964,3778,2946,2947,4816,2512,2608,32985,31024,6568,7000,28837,885,17007,10418,3173,10376,11648,31426,10034,8620,10152,11505,13294,23611,30792,9064,9082,27190,14004,6690,3664,9918,13638,9902,13254,16332,9224,10281,5878,9716,16161,18111,9777,22465,19456
1	1699	19655	6682,1871,3200,3541,3096,3964,3778,2946,2947,4816,2512,2608,32985,31024,6568,7000,28837,885,17007,10418,3173,10376,11648,31426,10034,8620,10152,11505,13294,23611,30792,9064,9082,27190,14004,6690,3664,9918,13638,9902,13254,16332,9224,10281,5878,9716,16161,18111,9777,22465,19456
0	1699	26908	6682,1871,3200,3541,3096,3964,3778,2946,2947,4816,2512,2608,32985,31024,6568,7000,28837,885,17007,10418,3173,10376,11648,31426,10034,8620,10152,11505,13294,23611,30792,9064,9082,27190,14004,6690,3664,9918,13638,9902,13254,16332,9224,10281,5878,9716,16161,18111,9777,22465,19456,19655
0	1699	18736	6682,1871,3200,3541,3096,3964,3778,2946,2947,4816,2512,2608,32985,31024,6568,7000,28837,885,17007,10418,3173,10376,11648,31426,10034,8620,10152,11505,13294,23611,30792,9064,9082,27190,14004,6690,3664,9918,13638,9902,13254,16332,9224,10281,5878,9716,16161,18111,9777,22465,19456,19655
1	1699	16807	6682,1871,3200,3541,3096,3964,3778,2946,2947,4816,2512,2608,32985,31024,6568,7000,28837,885,17007,10418,3173,10376,11648,31426,10034,8620,10152,11505,13294,23611,30792,9064,9082,27190,14004,6690,3664,9918,13638,9902,13254,16332,9224,10281,5878,9716,16161,18111,9777,22465,19456,19655
1	1699	18897	6682,1871,3200,3541,3096,3964,3778,2946,2947,4816,2512,2608,32985,31024,6568,7000,28837,885,17007,10418,3173,10376,11648,31426,10034,8620,10152,11505,13294,23611,30792,9064,9082,27190,14004,6690,3664,9918,13638,9902,13254,16332,9224,10281,5878,9716,16161,18111,9777,22465,19456,19655,16807
1	1699	21440	6682,1871,3200,3541,3096,3964,3778,2946,2947,4816,2512,2608,32985,31024,6568,7000,28837,885,17007,10418,3173,10376,11648,31426,10034,8620,10152,11505,13294,23611,30792,9064,9082,27190,14004,6690,3664,9918,13638,9902,13254,16332,9224,10281,5878,9716,16161,18111,9777,22465,19456,19655,16807,18897
0	1699	26685	6682,1871,3200,3541,3096,3964,3778,2946,2947,4816,2512,2608,32985,31024,6568,7000,28837,885,17007,10418,3173,10376,11648,31426,10034,8620,10152,11505,13294,23611,30792,9064,9082,27190,14004,6690,3664,9918,13638,9902,13254,16332,9224,10281,5878,9716,16161,18111,9777,22465,19456,19655,16807,18897,21440
0	1699	27774	6682,1871,3200,3541,3096,3964,3778,2946,2947,4816,2512,2608,32985,31024,6568,7000,28837,885,17007,10418,3173,10376,11648,31426,10034,8620,10152,11505,13294,23611,30792,9064,9082,27190,14004,6690,3664,9918,13638,9902,13254,16332,9224,10281,5878,9716,16161,18111,9777,22465,19456,19655,16807,18897,21440
1	1699	26938	6682,1871,3200,3541,3096,3964,3778,2946,2947,4816,2512,2608,32985,31024,6568,7000,28837,885,17007,10418,3173,10376,11648,31426,10034,8620,10152,11505,13294,23611,30792,9064,9082,27190,14004,6690,3664,9918,13638,9902,13254,16332,9224,10281,5878,9716,16161,18111,9777,22465,19456,19655,16807,18897,21440
0	1699	27439	6682,1871,3200,3541,3096,3964,3778,2946,2947,4816,2512,2608,32985,31024,6568,7000,28837,885,17007,10418,3173,10376,11648,31426,10034,8620,10152,11505,13294,23611,30792,9064,9082,27190,14004,6690,3664,9918,13638,9902,13254,16332,9224,10281,5878,9716,16161,18111,9777,22465,19456,19655,16807,18897,21440,26938
0	1699	26151	6682,1871,3200,3541,3096,3964,3778,2946,2947,4816,2512,2608,32985,31024,6568,7000,28837,885,17007,10418,3173,10376,11648,31426,10034,8620,10152,11505,13294,23611,30792,9064,9082,27190,14004,6690,3664,9918,13638,9902,13254,16332,9224,10281,5878,9716,16161,18111,9777,22465,19456,19655,16807,18897,21440,26938
0	1699	28093	6682,1871,3200,3541,3096,3964,3778,2946,2947,4816,2512,2608,32985,31024,6568,7000,28837,885,17007,10418,3173,10376,11648,31426,10034,8620,10152,11505,13294,23611,30792,9064,9082,27190,14004,6690,3664,9918,13638,9902,13254,16332,9224,10281,5878,9716,16161,18111,9777,22465,19456,19655,16807,18897,21440,26938
0	1699	14884	6682,1871,3200,3541,3096,3964,3778,2946,2947,4816,2512,2608,32985,31024,6568,7000,28837,885,17007,10418,3173,10376,11648,31426,10034,8620,10152,11505,13294,23611,30792,9064,9082,27190,14004,6690,3664,9918,13638,9902,13254,16332,9224,10281,5878,9716,16161,18111,9777,22465,19456,19655,16807,18897,21440,26938
