1	1551	13337	0
0	1551	22317	13337
0	1551	22474	13337
1	1551	30871	13337
0	1551	2047	13337,30871
0	1551	2048	13337,30871
1	1551	2774	13337,30871
0	1551	18370	13337,30871,2774
1	1551	22759	13337,30871,2774
0	1551	27696	13337,30871,2774,22759
1	1551	20652	13337,30871,2774,22759
1	1551	1293	13337,30871,2774,22759,20652
1	1551	1299	13337,30871,2774,22759,20652,1293
1	1551	4065	13337,30871,2774,22759,20652,1293,1299
1	1551	4702	13337,30871,2774,22759,20652,1293,1299,4065
1	1551	7049	13337,30871,2774,22759,20652,1293,1299,4065,4702
0	1551	7884	13337,30871,2774,22759,20652,1293,1299,4065,4702,7049
1	1551	8337	13337,30871,2774,22759,20652,1293,1299,4065,4702,7049
1	1551	16858	13337,30871,2774,22759,20652,1293,1299,4065,4702,7049,8337
1	1551	22207	13337,30871,2774,22759,20652,1293,1299,4065,4702,7049,8337,16858
1	1551	26707	13337,30871,2774,22759,20652,1293,1299,4065,4702,7049,8337,16858,22207
1	1551	23143	13337,30871,2774,22759,20652,1293,1299,4065,4702,7049,8337,16858,22207,26707
0	1551	27444	13337,30871,2774,22759,20652,1293,1299,4065,4702,7049,8337,16858,22207,26707,23143
1	1551	29740	13337,30871,2774,22759,20652,1293,1299,4065,4702,7049,8337,16858,22207,26707,23143
1	1551	1505	13337,30871,2774,22759,20652,1293,1299,4065,4702,7049,8337,16858,22207,26707,23143,29740
0	1551	3068	13337,30871,2774,22759,20652,1293,1299,4065,4702,7049,8337,16858,22207,26707,23143,29740,1505
1	1551	5372	13337,30871,2774,22759,20652,1293,1299,4065,4702,7049,8337,16858,22207,26707,23143,29740,1505
1	1551	6987	13337,30871,2774,22759,20652,1293,1299,4065,4702,7049,8337,16858,22207,26707,23143,29740,1505,5372
1	1551	7547	13337,30871,2774,22759,20652,1293,1299,4065,4702,7049,8337,16858,22207,26707,23143,29740,1505,5372,6987
0	1551	13546	13337,30871,2774,22759,20652,1293,1299,4065,4702,7049,8337,16858,22207,26707,23143,29740,1505,5372,6987,7547
1	1551	19576	13337,30871,2774,22759,20652,1293,1299,4065,4702,7049,8337,16858,22207,26707,23143,29740,1505,5372,6987,7547
1	1551	22092	13337,30871,2774,22759,20652,1293,1299,4065,4702,7049,8337,16858,22207,26707,23143,29740,1505,5372,6987,7547,19576
1	1551	25205	13337,30871,2774,22759,20652,1293,1299,4065,4702,7049,8337,16858,22207,26707,23143,29740,1505,5372,6987,7547,19576,22092
0	1551	26859	13337,30871,2774,22759,20652,1293,1299,4065,4702,7049,8337,16858,22207,26707,23143,29740,1505,5372,6987,7547,19576,22092,25205
1	1551	6988	13337,30871,2774,22759,20652,1293,1299,4065,4702,7049,8337,16858,22207,26707,23143,29740,1505,5372,6987,7547,19576,22092,25205
1	1551	10625	13337,30871,2774,22759,20652,1293,1299,4065,4702,7049,8337,16858,22207,26707,23143,29740,1505,5372,6987,7547,19576,22092,25205,6988
1	1551	13055	13337,30871,2774,22759,20652,1293,1299,4065,4702,7049,8337,16858,22207,26707,23143,29740,1505,5372,6987,7547,19576,22092,25205,6988,10625
1	1551	13476	13337,30871,2774,22759,20652,1293,1299,4065,4702,7049,8337,16858,22207,26707,23143,29740,1505,5372,6987,7547,19576,22092,25205,6988,10625,13055
1	1551	17997	13337,30871,2774,22759,20652,1293,1299,4065,4702,7049,8337,16858,22207,26707,23143,29740,1505,5372,6987,7547,19576,22092,25205,6988,10625,13055,13476
1	1551	21356	13337,30871,2774,22759,20652,1293,1299,4065,4702,7049,8337,16858,22207,26707,23143,29740,1505,5372,6987,7547,19576,22092,25205,6988,10625,13055,13476,17997
1	1551	26916	13337,30871,2774,22759,20652,1293,1299,4065,4702,7049,8337,16858,22207,26707,23143,29740,1505,5372,6987,7547,19576,22092,25205,6988,10625,13055,13476,17997,21356
1	1551	27756	13337,30871,2774,22759,20652,1293,1299,4065,4702,7049,8337,16858,22207,26707,23143,29740,1505,5372,6987,7547,19576,22092,25205,6988,10625,13055,13476,17997,21356,26916
1	1551	14410	13337,30871,2774,22759,20652,1293,1299,4065,4702,7049,8337,16858,22207,26707,23143,29740,1505,5372,6987,7547,19576,22092,25205,6988,10625,13055,13476,17997,21356,26916,27756
