1	1791	7031	0
1	1791	7199	7031
0	1791	2112	7031,7199
0	1791	8511	7031,7199
1	1791	31562	7031,7199
0	1791	7787	7031,7199,31562
0	1791	8401	7031,7199,31562
0	1791	9721	7031,7199,31562
0	1791	9722	7031,7199,31562
0	1791	10738	7031,7199,31562
0	1791	17209	7031,7199,31562
0	1791	16001	7031,7199,31562
1	1791	12515	7031,7199,31562
1	1791	17062	7031,7199,31562,12515
1	1791	15215	7031,7199,31562,12515,17062
0	1791	19669	7031,7199,31562,12515,17062,15215
0	1791	20208	7031,7199,31562,12515,17062,15215
0	1791	23452	7031,7199,31562,12515,17062,15215
0	1791	24181	7031,7199,31562,12515,17062,15215
1	1791	23453	7031,7199,31562,12515,17062,15215
0	1791	24387	7031,7199,31562,12515,17062,15215,23453
0	1791	22276	7031,7199,31562,12515,17062,15215,23453
0	1791	25556	7031,7199,31562,12515,17062,15215,23453
1	1791	25185	7031,7199,31562,12515,17062,15215,23453
0	1791	18711	7031,7199,31562,12515,17062,15215,23453,25185
1	1791	25705	7031,7199,31562,12515,17062,15215,23453,25185
0	1791	26733	7031,7199,31562,12515,17062,15215,23453,25185,25705
1	1791	21690	7031,7199,31562,12515,17062,15215,23453,25185,25705
0	1791	9647	7031,7199,31562,12515,17062,15215,23453,25185,25705,21690
1	1791	23768	7031,7199,31562,12515,17062,15215,23453,25185,25705,21690
0	1791	26178	7031,7199,31562,12515,17062,15215,23453,25185,25705,21690,23768
0	1791	22137	7031,7199,31562,12515,17062,15215,23453,25185,25705,21690,23768
0	1791	23316	7031,7199,31562,12515,17062,15215,23453,25185,25705,21690,23768
1	1791	28902	7031,7199,31562,12515,17062,15215,23453,25185,25705,21690,23768
1	1791	3880	7031,7199,31562,12515,17062,15215,23453,25185,25705,21690,23768,28902
