0	1217	31038	0
0	1217	33030	0
0	1217	22479	0
1	1217	4852	0
1	1217	4139	4852
1	1217	10088	4852,4139
0	1217	11213	4852,4139,10088
1	1217	212	4852,4139,10088
1	1217	12340	4852,4139,10088,212
0	1217	9946	4852,4139,10088,212,12340
1	1217	31702	4852,4139,10088,212,12340
0	1217	13416	4852,4139,10088,212,12340,31702
0	1217	11424	4852,4139,10088,212,12340,31702
0	1217	24448	4852,4139,10088,212,12340,31702
0	1217	10516	4852,4139,10088,212,12340,31702
0	1217	8234	4852,4139,10088,212,12340,31702
0	1217	13666	4852,4139,10088,212,12340,31702
1	1217	20762	4852,4139,10088,212,12340,31702
0	1217	14094	4852,4139,10088,212,12340,31702,20762
0	1217	10734	4852,4139,10088,212,12340,31702,20762
1	1217	11573	4852,4139,10088,212,12340,31702,20762
0	1217	3222	4852,4139,10088,212,12340,31702,20762,11573
0	1217	9046	4852,4139,10088,212,12340,31702,20762,11573
1	1217	18972	4852,4139,10088,212,12340,31702,20762,11573
1	1217	14486	4852,4139,10088,212,12340,31702,20762,11573,18972
1	1217	18825	4852,4139,10088,212,12340,31702,20762,11573,18972,14486
0	1217	20862	4852,4139,10088,212,12340,31702,20762,11573,18972,14486,18825
0	1217	20236	4852,4139,10088,212,12340,31702,20762,11573,18972,14486,18825
1	1217	18473	4852,4139,10088,212,12340,31702,20762,11573,18972,14486,18825
0	1217	11843	4852,4139,10088,212,12340,31702,20762,11573,18972,14486,18825,18473
0	1217	18822	4852,4139,10088,212,12340,31702,20762,11573,18972,14486,18825,18473
0	1217	14132	4852,4139,10088,212,12340,31702,20762,11573,18972,14486,18825,18473
0	1217	32492	4852,4139,10088,212,12340,31702,20762,11573,18972,14486,18825,18473
1	1217	19358	4852,4139,10088,212,12340,31702,20762,11573,18972,14486,18825,18473
0	1217	18209	4852,4139,10088,212,12340,31702,20762,11573,18972,14486,18825,18473,19358
1	1217	12316	4852,4139,10088,212,12340,31702,20762,11573,18972,14486,18825,18473,19358
0	1217	32163	4852,4139,10088,212,12340,31702,20762,11573,18972,14486,18825,18473,19358,12316
0	1217	19048	4852,4139,10088,212,12340,31702,20762,11573,18972,14486,18825,18473,19358,12316
0	1217	5323	4852,4139,10088,212,12340,31702,20762,11573,18972,14486,18825,18473,19358,12316
1	1217	20674	4852,4139,10088,212,12340,31702,20762,11573,18972,14486,18825,18473,19358,12316
0	1217	21135	4852,4139,10088,212,12340,31702,20762,11573,18972,14486,18825,18473,19358,12316,20674
1	1217	22377	4852,4139,10088,212,12340,31702,20762,11573,18972,14486,18825,18473,19358,12316,20674
0	1217	9443	4852,4139,10088,212,12340,31702,20762,11573,18972,14486,18825,18473,19358,12316,20674,22377
1	1217	13728	4852,4139,10088,212,12340,31702,20762,11573,18972,14486,18825,18473,19358,12316,20674,22377
1	1217	31669	4852,4139,10088,212,12340,31702,20762,11573,18972,14486,18825,18473,19358,12316,20674,22377,13728
1	1217	17173	4852,4139,10088,212,12340,31702,20762,11573,18972,14486,18825,18473,19358,12316,20674,22377,13728,31669
0	1217	24349	4852,4139,10088,212,12340,31702,20762,11573,18972,14486,18825,18473,19358,12316,20674,22377,13728,31669,17173
1	1217	24771	4852,4139,10088,212,12340,31702,20762,11573,18972,14486,18825,18473,19358,12316,20674,22377,13728,31669,17173
1	1217	22177	4852,4139,10088,212,12340,31702,20762,11573,18972,14486,18825,18473,19358,12316,20674,22377,13728,31669,17173,24771
0	1217	16078	4852,4139,10088,212,12340,31702,20762,11573,18972,14486,18825,18473,19358,12316,20674,22377,13728,31669,17173,24771,22177
0	1217	23242	4852,4139,10088,212,12340,31702,20762,11573,18972,14486,18825,18473,19358,12316,20674,22377,13728,31669,17173,24771,22177
1	1217	25151	4852,4139,10088,212,12340,31702,20762,11573,18972,14486,18825,18473,19358,12316,20674,22377,13728,31669,17173,24771,22177
1	1217	15221	4852,4139,10088,212,12340,31702,20762,11573,18972,14486,18825,18473,19358,12316,20674,22377,13728,31669,17173,24771,22177,25151
1	1217	22078	4852,4139,10088,212,12340,31702,20762,11573,18972,14486,18825,18473,19358,12316,20674,22377,13728,31669,17173,24771,22177,25151,15221
0	1217	23001	4852,4139,10088,212,12340,31702,20762,11573,18972,14486,18825,18473,19358,12316,20674,22377,13728,31669,17173,24771,22177,25151,15221,22078
1	1217	27232	4852,4139,10088,212,12340,31702,20762,11573,18972,14486,18825,18473,19358,12316,20674,22377,13728,31669,17173,24771,22177,25151,15221,22078
1	1217	27091	4852,4139,10088,212,12340,31702,20762,11573,18972,14486,18825,18473,19358,12316,20674,22377,13728,31669,17173,24771,22177,25151,15221,22078,27232
1	1217	1660	4852,4139,10088,212,12340,31702,20762,11573,18972,14486,18825,18473,19358,12316,20674,22377,13728,31669,17173,24771,22177,25151,15221,22078,27232,27091
1	1217	24884	4852,4139,10088,212,12340,31702,20762,11573,18972,14486,18825,18473,19358,12316,20674,22377,13728,31669,17173,24771,22177,25151,15221,22078,27232,27091,1660
1	1217	21444	4852,4139,10088,212,12340,31702,20762,11573,18972,14486,18825,18473,19358,12316,20674,22377,13728,31669,17173,24771,22177,25151,15221,22078,27232,27091,1660,24884
1	1217	8671	4852,4139,10088,212,12340,31702,20762,11573,18972,14486,18825,18473,19358,12316,20674,22377,13728,31669,17173,24771,22177,25151,15221,22078,27232,27091,1660,24884,21444
0	1217	26409	4852,4139,10088,212,12340,31702,20762,11573,18972,14486,18825,18473,19358,12316,20674,22377,13728,31669,17173,24771,22177,25151,15221,22078,27232,27091,1660,24884,21444,8671
0	1217	28443	4852,4139,10088,212,12340,31702,20762,11573,18972,14486,18825,18473,19358,12316,20674,22377,13728,31669,17173,24771,22177,25151,15221,22078,27232,27091,1660,24884,21444,8671
0	1217	28140	4852,4139,10088,212,12340,31702,20762,11573,18972,14486,18825,18473,19358,12316,20674,22377,13728,31669,17173,24771,22177,25151,15221,22078,27232,27091,1660,24884,21444,8671
1	1217	22713	4852,4139,10088,212,12340,31702,20762,11573,18972,14486,18825,18473,19358,12316,20674,22377,13728,31669,17173,24771,22177,25151,15221,22078,27232,27091,1660,24884,21444,8671
1	1217	28748	4852,4139,10088,212,12340,31702,20762,11573,18972,14486,18825,18473,19358,12316,20674,22377,13728,31669,17173,24771,22177,25151,15221,22078,27232,27091,1660,24884,21444,8671,22713
0	1217	18613	4852,4139,10088,212,12340,31702,20762,11573,18972,14486,18825,18473,19358,12316,20674,22377,13728,31669,17173,24771,22177,25151,15221,22078,27232,27091,1660,24884,21444,8671,22713,28748
1	1217	27890	4852,4139,10088,212,12340,31702,20762,11573,18972,14486,18825,18473,19358,12316,20674,22377,13728,31669,17173,24771,22177,25151,15221,22078,27232,27091,1660,24884,21444,8671,22713,28748
1	1217	5710	4852,4139,10088,212,12340,31702,20762,11573,18972,14486,18825,18473,19358,12316,20674,22377,13728,31669,17173,24771,22177,25151,15221,22078,27232,27091,1660,24884,21444,8671,22713,28748,27890
1	1217	25439	4852,4139,10088,212,12340,31702,20762,11573,18972,14486,18825,18473,19358,12316,20674,22377,13728,31669,17173,24771,22177,25151,15221,22078,27232,27091,1660,24884,21444,8671,22713,28748,27890,5710
