0	880	3831	0
0	880	6210	0
1	880	4043	0
0	880	10660	4043
1	880	8901	4043
0	880	8224	4043,8901
1	880	12652	4043,8901
0	880	12226	4043,8901,12652
1	880	15203	4043,8901,12652
1	880	14672	4043,8901,12652,15203
1	880	15674	4043,8901,12652,15203,14672
0	880	16022	4043,8901,12652,15203,14672,15674
0	880	15946	4043,8901,12652,15203,14672,15674
0	880	24737	4043,8901,12652,15203,14672,15674
0	880	14385	4043,8901,12652,15203,14672,15674
1	880	18680	4043,8901,12652,15203,14672,15674
0	880	12880	4043,8901,12652,15203,14672,15674,18680
0	880	17534	4043,8901,12652,15203,14672,15674,18680
1	880	18181	4043,8901,12652,15203,14672,15674,18680
1	880	17462	4043,8901,12652,15203,14672,15674,18680,18181
0	880	19329	4043,8901,12652,15203,14672,15674,18680,18181,17462
0	880	17841	4043,8901,12652,15203,14672,15674,18680,18181,17462
0	880	19307	4043,8901,12652,15203,14672,15674,18680,18181,17462
1	880	11703	4043,8901,12652,15203,14672,15674,18680,18181,17462
1	880	19376	4043,8901,12652,15203,14672,15674,18680,18181,17462,11703
1	880	19458	4043,8901,12652,15203,14672,15674,18680,18181,17462,11703,19376
0	880	21242	4043,8901,12652,15203,14672,15674,18680,18181,17462,11703,19376,19458
1	880	22657	4043,8901,12652,15203,14672,15674,18680,18181,17462,11703,19376,19458
1	880	17132	4043,8901,12652,15203,14672,15674,18680,18181,17462,11703,19376,19458,22657
1	880	22355	4043,8901,12652,15203,14672,15674,18680,18181,17462,11703,19376,19458,22657,17132
1	880	21525	4043,8901,12652,15203,14672,15674,18680,18181,17462,11703,19376,19458,22657,17132,22355
1	880	23229	4043,8901,12652,15203,14672,15674,18680,18181,17462,11703,19376,19458,22657,17132,22355,21525
1	880	22919	4043,8901,12652,15203,14672,15674,18680,18181,17462,11703,19376,19458,22657,17132,22355,21525,23229
0	880	21291	4043,8901,12652,15203,14672,15674,18680,18181,17462,11703,19376,19458,22657,17132,22355,21525,23229,22919
0	880	15095	4043,8901,12652,15203,14672,15674,18680,18181,17462,11703,19376,19458,22657,17132,22355,21525,23229,22919
0	880	22974	4043,8901,12652,15203,14672,15674,18680,18181,17462,11703,19376,19458,22657,17132,22355,21525,23229,22919
1	880	19229	4043,8901,12652,15203,14672,15674,18680,18181,17462,11703,19376,19458,22657,17132,22355,21525,23229,22919
1	880	17455	4043,8901,12652,15203,14672,15674,18680,18181,17462,11703,19376,19458,22657,17132,22355,21525,23229,22919,19229
1	880	24774	4043,8901,12652,15203,14672,15674,18680,18181,17462,11703,19376,19458,22657,17132,22355,21525,23229,22919,19229,17455
0	880	22307	4043,8901,12652,15203,14672,15674,18680,18181,17462,11703,19376,19458,22657,17132,22355,21525,23229,22919,19229,17455,24774
0	880	21627	4043,8901,12652,15203,14672,15674,18680,18181,17462,11703,19376,19458,22657,17132,22355,21525,23229,22919,19229,17455,24774
0	880	25434	4043,8901,12652,15203,14672,15674,18680,18181,17462,11703,19376,19458,22657,17132,22355,21525,23229,22919,19229,17455,24774
0	880	25418	4043,8901,12652,15203,14672,15674,18680,18181,17462,11703,19376,19458,22657,17132,22355,21525,23229,22919,19229,17455,24774
0	880	22746	4043,8901,12652,15203,14672,15674,18680,18181,17462,11703,19376,19458,22657,17132,22355,21525,23229,22919,19229,17455,24774
0	880	25069	4043,8901,12652,15203,14672,15674,18680,18181,17462,11703,19376,19458,22657,17132,22355,21525,23229,22919,19229,17455,24774
0	880	26393	4043,8901,12652,15203,14672,15674,18680,18181,17462,11703,19376,19458,22657,17132,22355,21525,23229,22919,19229,17455,24774
0	880	26358	4043,8901,12652,15203,14672,15674,18680,18181,17462,11703,19376,19458,22657,17132,22355,21525,23229,22919,19229,17455,24774
0	880	27586	4043,8901,12652,15203,14672,15674,18680,18181,17462,11703,19376,19458,22657,17132,22355,21525,23229,22919,19229,17455,24774
0	880	27097	4043,8901,12652,15203,14672,15674,18680,18181,17462,11703,19376,19458,22657,17132,22355,21525,23229,22919,19229,17455,24774
1	880	4170	4043,8901,12652,15203,14672,15674,18680,18181,17462,11703,19376,19458,22657,17132,22355,21525,23229,22919,19229,17455,24774
0	880	24048	4043,8901,12652,15203,14672,15674,18680,18181,17462,11703,19376,19458,22657,17132,22355,21525,23229,22919,19229,17455,24774,4170
1	880	27378	4043,8901,12652,15203,14672,15674,18680,18181,17462,11703,19376,19458,22657,17132,22355,21525,23229,22919,19229,17455,24774,4170
0	880	27769	4043,8901,12652,15203,14672,15674,18680,18181,17462,11703,19376,19458,22657,17132,22355,21525,23229,22919,19229,17455,24774,4170,27378
1	880	26178	4043,8901,12652,15203,14672,15674,18680,18181,17462,11703,19376,19458,22657,17132,22355,21525,23229,22919,19229,17455,24774,4170,27378
1	880	27613	4043,8901,12652,15203,14672,15674,18680,18181,17462,11703,19376,19458,22657,17132,22355,21525,23229,22919,19229,17455,24774,4170,27378,26178
0	880	28161	4043,8901,12652,15203,14672,15674,18680,18181,17462,11703,19376,19458,22657,17132,22355,21525,23229,22919,19229,17455,24774,4170,27378,26178,27613
1	880	27215	4043,8901,12652,15203,14672,15674,18680,18181,17462,11703,19376,19458,22657,17132,22355,21525,23229,22919,19229,17455,24774,4170,27378,26178,27613
1	880	28600	4043,8901,12652,15203,14672,15674,18680,18181,17462,11703,19376,19458,22657,17132,22355,21525,23229,22919,19229,17455,24774,4170,27378,26178,27613,27215
0	880	28957	4043,8901,12652,15203,14672,15674,18680,18181,17462,11703,19376,19458,22657,17132,22355,21525,23229,22919,19229,17455,24774,4170,27378,26178,27613,27215,28600
1	880	29394	4043,8901,12652,15203,14672,15674,18680,18181,17462,11703,19376,19458,22657,17132,22355,21525,23229,22919,19229,17455,24774,4170,27378,26178,27613,27215,28600
