0	847	31614	0
0	847	32125	0
0	847	32102	0
0	847	32318	0
0	847	5460	0
0	847	3984	0
0	847	1703	0
1	847	2560	0
0	847	7996	2560
0	847	1845	2560
0	847	6097	2560
1	847	10054	2560
0	847	5719	2560,10054
0	847	3274	2560,10054
1	847	258	2560,10054
0	847	6111	2560,10054,258
0	847	6388	2560,10054,258
0	847	6591	2560,10054,258
0	847	11175	2560,10054,258
0	847	14424	2560,10054,258
0	847	12450	2560,10054,258
0	847	14135	2560,10054,258
1	847	3353	2560,10054,258
0	847	10878	2560,10054,258,3353
0	847	14442	2560,10054,258,3353
0	847	15994	2560,10054,258,3353
0	847	16225	2560,10054,258,3353
0	847	11212	2560,10054,258,3353
0	847	15829	2560,10054,258,3353
0	847	15432	2560,10054,258,3353
0	847	4491	2560,10054,258,3353
1	847	11854	2560,10054,258,3353
0	847	15507	2560,10054,258,3353,11854
0	847	12935	2560,10054,258,3353,11854
0	847	14063	2560,10054,258,3353,11854
0	847	15853	2560,10054,258,3353,11854
0	847	3273	2560,10054,258,3353,11854
0	847	7786	2560,10054,258,3353,11854
0	847	10299	2560,10054,258,3353,11854
0	847	17622	2560,10054,258,3353,11854
0	847	17720	2560,10054,258,3353,11854
0	847	18947	2560,10054,258,3353,11854
0	847	4456	2560,10054,258,3353,11854
1	847	16453	2560,10054,258,3353,11854
0	847	14221	2560,10054,258,3353,11854,16453
0	847	13624	2560,10054,258,3353,11854,16453
0	847	2805	2560,10054,258,3353,11854,16453
0	847	15864	2560,10054,258,3353,11854,16453
0	847	16156	2560,10054,258,3353,11854,16453
