1	873	5483	0
0	873	1875	5483
1	873	1769	5483
0	873	3979	5483,1769
1	873	30922	5483,1769
0	873	3576	5483,1769,30922
0	873	5475	5483,1769,30922
0	873	7112	5483,1769,30922
0	873	4894	5483,1769,30922
0	873	23660	5483,1769,30922
0	873	11125	5483,1769,30922
1	873	21313	5483,1769,30922
0	873	5870	5483,1769,30922,21313
0	873	15970	5483,1769,30922,21313
0	873	28026	5483,1769,30922,21313
0	873	12608	5483,1769,30922,21313
0	873	10861	5483,1769,30922,21313
0	873	13228	5483,1769,30922,21313
0	873	1553	5483,1769,30922,21313
0	873	17503	5483,1769,30922,21313
0	873	13091	5483,1769,30922,21313
0	873	13751	5483,1769,30922,21313
0	873	24598	5483,1769,30922,21313
1	873	2715	5483,1769,30922,21313
1	873	32222	5483,1769,30922,21313,2715
0	873	22440	5483,1769,30922,21313,2715,32222
0	873	3731	5483,1769,30922,21313,2715,32222
1	873	22010	5483,1769,30922,21313,2715,32222
0	873	26906	5483,1769,30922,21313,2715,32222,22010
0	873	17778	5483,1769,30922,21313,2715,32222,22010
1	873	28188	5483,1769,30922,21313,2715,32222,22010
1	873	22093	5483,1769,30922,21313,2715,32222,22010,28188
0	873	27333	5483,1769,30922,21313,2715,32222,22010,28188,22093
0	873	28077	5483,1769,30922,21313,2715,32222,22010,28188,22093
1	873	18152	5483,1769,30922,21313,2715,32222,22010,28188,22093
