1	676	11751	0
1	676	17933	11751
1	676	21989	11751,17933
0	676	351	11751,17933,21989
1	676	22923	11751,17933,21989
1	676	21202	11751,17933,21989,22923
1	676	21618	11751,17933,21989,22923,21202
1	676	12593	11751,17933,21989,22923,21202,21618
1	676	1505	11751,17933,21989,22923,21202,21618,12593
1	676	22205	11751,17933,21989,22923,21202,21618,12593,1505
0	676	21293	11751,17933,21989,22923,21202,21618,12593,1505,22205
0	676	21559	11751,17933,21989,22923,21202,21618,12593,1505,22205
0	676	25734	11751,17933,21989,22923,21202,21618,12593,1505,22205
1	676	11483	11751,17933,21989,22923,21202,21618,12593,1505,22205
1	676	17904	11751,17933,21989,22923,21202,21618,12593,1505,22205,11483
0	676	3338	11751,17933,21989,22923,21202,21618,12593,1505,22205,11483,17904
0	676	28568	11751,17933,21989,22923,21202,21618,12593,1505,22205,11483,17904
1	676	28419	11751,17933,21989,22923,21202,21618,12593,1505,22205,11483,17904
1	676	33039	11751,17933,21989,22923,21202,21618,12593,1505,22205,11483,17904,28419
0	676	18630	11751,17933,21989,22923,21202,21618,12593,1505,22205,11483,17904,28419,33039
0	676	25619	11751,17933,21989,22923,21202,21618,12593,1505,22205,11483,17904,28419,33039
