0	1267	30321	0
0	1267	3005	0
0	1267	551	0
0	1267	59	0
0	1267	28155	0
0	1267	14590	0
0	1267	15774	0
0	1267	13665	0
0	1267	13765	0
1	1267	3414	0
0	1267	9863	3414
0	1267	10371	3414
1	1267	14543	3414
0	1267	6035	3414,14543
1	1267	16728	3414,14543
1	1267	13703	3414,14543,16728
0	1267	13708	3414,14543,16728,13703
0	1267	19668	3414,14543,16728,13703
1	1267	5888	3414,14543,16728,13703
0	1267	12972	3414,14543,16728,13703,5888
0	1267	18664	3414,14543,16728,13703,5888
0	1267	13122	3414,14543,16728,13703,5888
0	1267	15481	3414,14543,16728,13703,5888
1	1267	12561	3414,14543,16728,13703,5888
0	1267	17033	3414,14543,16728,13703,5888,12561
1	1267	16511	3414,14543,16728,13703,5888,12561
1	1267	9305	3414,14543,16728,13703,5888,12561,16511
0	1267	20270	3414,14543,16728,13703,5888,12561,16511,9305
1	1267	7956	3414,14543,16728,13703,5888,12561,16511,9305
0	1267	3825	3414,14543,16728,13703,5888,12561,16511,9305,7956
0	1267	32171	3414,14543,16728,13703,5888,12561,16511,9305,7956
1	1267	32197	3414,14543,16728,13703,5888,12561,16511,9305,7956
0	1267	12655	3414,14543,16728,13703,5888,12561,16511,9305,7956,32197
0	1267	27638	3414,14543,16728,13703,5888,12561,16511,9305,7956,32197
0	1267	10727	3414,14543,16728,13703,5888,12561,16511,9305,7956,32197
0	1267	27625	3414,14543,16728,13703,5888,12561,16511,9305,7956,32197
