1	1070	31244	0
1	1070	6962	31244
1	1070	21645	31244,6962
1	1070	20405	31244,6962,21645
0	1070	9144	31244,6962,21645,20405
1	1070	4880	31244,6962,21645,20405
0	1070	9901	31244,6962,21645,20405,4880
1	1070	13065	31244,6962,21645,20405,4880
1	1070	740	31244,6962,21645,20405,4880,13065
1	1070	2302	31244,6962,21645,20405,4880,13065,740
0	1070	10400	31244,6962,21645,20405,4880,13065,740,2302
1	1070	1660	31244,6962,21645,20405,4880,13065,740,2302
1	1070	14151	31244,6962,21645,20405,4880,13065,740,2302,1660
0	1070	14078	31244,6962,21645,20405,4880,13065,740,2302,1660,14151
1	1070	586	31244,6962,21645,20405,4880,13065,740,2302,1660,14151
1	1070	13068	31244,6962,21645,20405,4880,13065,740,2302,1660,14151,586
0	1070	12008	31244,6962,21645,20405,4880,13065,740,2302,1660,14151,586,13068
1	1070	17131	31244,6962,21645,20405,4880,13065,740,2302,1660,14151,586,13068
1	1070	473	31244,6962,21645,20405,4880,13065,740,2302,1660,14151,586,13068,17131
1	1070	11341	31244,6962,21645,20405,4880,13065,740,2302,1660,14151,586,13068,17131,473
1	1070	11343	31244,6962,21645,20405,4880,13065,740,2302,1660,14151,586,13068,17131,473,11341
1	1070	17606	31244,6962,21645,20405,4880,13065,740,2302,1660,14151,586,13068,17131,473,11341,11343
1	1070	17170	31244,6962,21645,20405,4880,13065,740,2302,1660,14151,586,13068,17131,473,11341,11343,17606
1	1070	14656	31244,6962,21645,20405,4880,13065,740,2302,1660,14151,586,13068,17131,473,11341,11343,17606,17170
0	1070	11717	31244,6962,21645,20405,4880,13065,740,2302,1660,14151,586,13068,17131,473,11341,11343,17606,17170,14656
0	1070	9898	31244,6962,21645,20405,4880,13065,740,2302,1660,14151,586,13068,17131,473,11341,11343,17606,17170,14656
0	1070	11620	31244,6962,21645,20405,4880,13065,740,2302,1660,14151,586,13068,17131,473,11341,11343,17606,17170,14656
0	1070	18703	31244,6962,21645,20405,4880,13065,740,2302,1660,14151,586,13068,17131,473,11341,11343,17606,17170,14656
0	1070	17943	31244,6962,21645,20405,4880,13065,740,2302,1660,14151,586,13068,17131,473,11341,11343,17606,17170,14656
1	1070	17056	31244,6962,21645,20405,4880,13065,740,2302,1660,14151,586,13068,17131,473,11341,11343,17606,17170,14656
0	1070	8347	31244,6962,21645,20405,4880,13065,740,2302,1660,14151,586,13068,17131,473,11341,11343,17606,17170,14656,17056
0	1070	20343	31244,6962,21645,20405,4880,13065,740,2302,1660,14151,586,13068,17131,473,11341,11343,17606,17170,14656,17056
0	1070	21514	31244,6962,21645,20405,4880,13065,740,2302,1660,14151,586,13068,17131,473,11341,11343,17606,17170,14656,17056
0	1070	19858	31244,6962,21645,20405,4880,13065,740,2302,1660,14151,586,13068,17131,473,11341,11343,17606,17170,14656,17056
1	1070	142	31244,6962,21645,20405,4880,13065,740,2302,1660,14151,586,13068,17131,473,11341,11343,17606,17170,14656,17056
0	1070	16624	31244,6962,21645,20405,4880,13065,740,2302,1660,14151,586,13068,17131,473,11341,11343,17606,17170,14656,17056,142
0	1070	22563	31244,6962,21645,20405,4880,13065,740,2302,1660,14151,586,13068,17131,473,11341,11343,17606,17170,14656,17056,142
0	1070	22878	31244,6962,21645,20405,4880,13065,740,2302,1660,14151,586,13068,17131,473,11341,11343,17606,17170,14656,17056,142
1	1070	15574	31244,6962,21645,20405,4880,13065,740,2302,1660,14151,586,13068,17131,473,11341,11343,17606,17170,14656,17056,142
0	1070	20206	31244,6962,21645,20405,4880,13065,740,2302,1660,14151,586,13068,17131,473,11341,11343,17606,17170,14656,17056,142,15574
1	1070	23452	31244,6962,21645,20405,4880,13065,740,2302,1660,14151,586,13068,17131,473,11341,11343,17606,17170,14656,17056,142,15574
1	1070	16083	31244,6962,21645,20405,4880,13065,740,2302,1660,14151,586,13068,17131,473,11341,11343,17606,17170,14656,17056,142,15574,23452
0	1070	5358	31244,6962,21645,20405,4880,13065,740,2302,1660,14151,586,13068,17131,473,11341,11343,17606,17170,14656,17056,142,15574,23452,16083
0	1070	15902	31244,6962,21645,20405,4880,13065,740,2302,1660,14151,586,13068,17131,473,11341,11343,17606,17170,14656,17056,142,15574,23452,16083
1	1070	2737	31244,6962,21645,20405,4880,13065,740,2302,1660,14151,586,13068,17131,473,11341,11343,17606,17170,14656,17056,142,15574,23452,16083
1	1070	24630	31244,6962,21645,20405,4880,13065,740,2302,1660,14151,586,13068,17131,473,11341,11343,17606,17170,14656,17056,142,15574,23452,16083,2737
1	1070	22111	31244,6962,21645,20405,4880,13065,740,2302,1660,14151,586,13068,17131,473,11341,11343,17606,17170,14656,17056,142,15574,23452,16083,2737,24630
0	1070	24645	31244,6962,21645,20405,4880,13065,740,2302,1660,14151,586,13068,17131,473,11341,11343,17606,17170,14656,17056,142,15574,23452,16083,2737,24630,22111
1	1070	22588	31244,6962,21645,20405,4880,13065,740,2302,1660,14151,586,13068,17131,473,11341,11343,17606,17170,14656,17056,142,15574,23452,16083,2737,24630,22111
1	1070	15919	31244,6962,21645,20405,4880,13065,740,2302,1660,14151,586,13068,17131,473,11341,11343,17606,17170,14656,17056,142,15574,23452,16083,2737,24630,22111,22588
1	1070	6410	31244,6962,21645,20405,4880,13065,740,2302,1660,14151,586,13068,17131,473,11341,11343,17606,17170,14656,17056,142,15574,23452,16083,2737,24630,22111,22588,15919
1	1070	14779	31244,6962,21645,20405,4880,13065,740,2302,1660,14151,586,13068,17131,473,11341,11343,17606,17170,14656,17056,142,15574,23452,16083,2737,24630,22111,22588,15919,6410
0	1070	25069	31244,6962,21645,20405,4880,13065,740,2302,1660,14151,586,13068,17131,473,11341,11343,17606,17170,14656,17056,142,15574,23452,16083,2737,24630,22111,22588,15919,6410,14779
0	1070	25302	31244,6962,21645,20405,4880,13065,740,2302,1660,14151,586,13068,17131,473,11341,11343,17606,17170,14656,17056,142,15574,23452,16083,2737,24630,22111,22588,15919,6410,14779
0	1070	9801	31244,6962,21645,20405,4880,13065,740,2302,1660,14151,586,13068,17131,473,11341,11343,17606,17170,14656,17056,142,15574,23452,16083,2737,24630,22111,22588,15919,6410,14779
1	1070	27194	31244,6962,21645,20405,4880,13065,740,2302,1660,14151,586,13068,17131,473,11341,11343,17606,17170,14656,17056,142,15574,23452,16083,2737,24630,22111,22588,15919,6410,14779
0	1070	25825	31244,6962,21645,20405,4880,13065,740,2302,1660,14151,586,13068,17131,473,11341,11343,17606,17170,14656,17056,142,15574,23452,16083,2737,24630,22111,22588,15919,6410,14779,27194
1	1070	27229	31244,6962,21645,20405,4880,13065,740,2302,1660,14151,586,13068,17131,473,11341,11343,17606,17170,14656,17056,142,15574,23452,16083,2737,24630,22111,22588,15919,6410,14779,27194
1	1070	31478	31244,6962,21645,20405,4880,13065,740,2302,1660,14151,586,13068,17131,473,11341,11343,17606,17170,14656,17056,142,15574,23452,16083,2737,24630,22111,22588,15919,6410,14779,27194,27229
0	1070	28173	31244,6962,21645,20405,4880,13065,740,2302,1660,14151,586,13068,17131,473,11341,11343,17606,17170,14656,17056,142,15574,23452,16083,2737,24630,22111,22588,15919,6410,14779,27194,27229,31478
1	1070	23143	31244,6962,21645,20405,4880,13065,740,2302,1660,14151,586,13068,17131,473,11341,11343,17606,17170,14656,17056,142,15574,23452,16083,2737,24630,22111,22588,15919,6410,14779,27194,27229,31478
1	1070	27638	31244,6962,21645,20405,4880,13065,740,2302,1660,14151,586,13068,17131,473,11341,11343,17606,17170,14656,17056,142,15574,23452,16083,2737,24630,22111,22588,15919,6410,14779,27194,27229,31478,23143
1	1070	24744	31244,6962,21645,20405,4880,13065,740,2302,1660,14151,586,13068,17131,473,11341,11343,17606,17170,14656,17056,142,15574,23452,16083,2737,24630,22111,22588,15919,6410,14779,27194,27229,31478,23143,27638
1	1070	27126	31244,6962,21645,20405,4880,13065,740,2302,1660,14151,586,13068,17131,473,11341,11343,17606,17170,14656,17056,142,15574,23452,16083,2737,24630,22111,22588,15919,6410,14779,27194,27229,31478,23143,27638,24744
1	1070	29308	31244,6962,21645,20405,4880,13065,740,2302,1660,14151,586,13068,17131,473,11341,11343,17606,17170,14656,17056,142,15574,23452,16083,2737,24630,22111,22588,15919,6410,14779,27194,27229,31478,23143,27638,24744,27126
