1	254	16204	0
1	254	31387	16204
1	254	20895	16204,31387
1	254	31742	16204,31387,20895
1	254	21149	16204,31387,20895,31742
1	254	850	16204,31387,20895,31742,21149
1	254	20405	16204,31387,20895,31742,21149,850
1	254	1569	16204,31387,20895,31742,21149,850,20405
1	254	544	16204,31387,20895,31742,21149,850,20405,1569
1	254	2004	16204,31387,20895,31742,21149,850,20405,1569,544
1	254	2031	16204,31387,20895,31742,21149,850,20405,1569,544,2004
1	254	3675	16204,31387,20895,31742,21149,850,20405,1569,544,2004,2031
1	254	3489	16204,31387,20895,31742,21149,850,20405,1569,544,2004,2031,3675
1	254	3690	16204,31387,20895,31742,21149,850,20405,1569,544,2004,2031,3675,3489
1	254	31408	16204,31387,20895,31742,21149,850,20405,1569,544,2004,2031,3675,3489,3690
1	254	2508	16204,31387,20895,31742,21149,850,20405,1569,544,2004,2031,3675,3489,3690,31408
1	254	3633	16204,31387,20895,31742,21149,850,20405,1569,544,2004,2031,3675,3489,3690,31408,2508
1	254	4319	16204,31387,20895,31742,21149,850,20405,1569,544,2004,2031,3675,3489,3690,31408,2508,3633
1	254	30863	16204,31387,20895,31742,21149,850,20405,1569,544,2004,2031,3675,3489,3690,31408,2508,3633,4319
1	254	5342	16204,31387,20895,31742,21149,850,20405,1569,544,2004,2031,3675,3489,3690,31408,2508,3633,4319,30863
1	254	32417	16204,31387,20895,31742,21149,850,20405,1569,544,2004,2031,3675,3489,3690,31408,2508,3633,4319,30863,5342
1	254	2286	16204,31387,20895,31742,21149,850,20405,1569,544,2004,2031,3675,3489,3690,31408,2508,3633,4319,30863,5342,32417
1	254	1645	16204,31387,20895,31742,21149,850,20405,1569,544,2004,2031,3675,3489,3690,31408,2508,3633,4319,30863,5342,32417,2286
1	254	4062	16204,31387,20895,31742,21149,850,20405,1569,544,2004,2031,3675,3489,3690,31408,2508,3633,4319,30863,5342,32417,2286,1645
1	254	31012	16204,31387,20895,31742,21149,850,20405,1569,544,2004,2031,3675,3489,3690,31408,2508,3633,4319,30863,5342,32417,2286,1645,4062
1	254	2773	16204,31387,20895,31742,21149,850,20405,1569,544,2004,2031,3675,3489,3690,31408,2508,3633,4319,30863,5342,32417,2286,1645,4062,31012
0	254	5752	16204,31387,20895,31742,21149,850,20405,1569,544,2004,2031,3675,3489,3690,31408,2508,3633,4319,30863,5342,32417,2286,1645,4062,31012,2773
1	254	31039	16204,31387,20895,31742,21149,850,20405,1569,544,2004,2031,3675,3489,3690,31408,2508,3633,4319,30863,5342,32417,2286,1645,4062,31012,2773
0	254	30765	16204,31387,20895,31742,21149,850,20405,1569,544,2004,2031,3675,3489,3690,31408,2508,3633,4319,30863,5342,32417,2286,1645,4062,31012,2773,31039
0	254	32934	16204,31387,20895,31742,21149,850,20405,1569,544,2004,2031,3675,3489,3690,31408,2508,3633,4319,30863,5342,32417,2286,1645,4062,31012,2773,31039
0	254	1997	16204,31387,20895,31742,21149,850,20405,1569,544,2004,2031,3675,3489,3690,31408,2508,3633,4319,30863,5342,32417,2286,1645,4062,31012,2773,31039
1	254	1962	16204,31387,20895,31742,21149,850,20405,1569,544,2004,2031,3675,3489,3690,31408,2508,3633,4319,30863,5342,32417,2286,1645,4062,31012,2773,31039
1	254	3054	16204,31387,20895,31742,21149,850,20405,1569,544,2004,2031,3675,3489,3690,31408,2508,3633,4319,30863,5342,32417,2286,1645,4062,31012,2773,31039,1962
1	254	7486	16204,31387,20895,31742,21149,850,20405,1569,544,2004,2031,3675,3489,3690,31408,2508,3633,4319,30863,5342,32417,2286,1645,4062,31012,2773,31039,1962,3054
1	254	8308	16204,31387,20895,31742,21149,850,20405,1569,544,2004,2031,3675,3489,3690,31408,2508,3633,4319,30863,5342,32417,2286,1645,4062,31012,2773,31039,1962,3054,7486
1	254	32131	16204,31387,20895,31742,21149,850,20405,1569,544,2004,2031,3675,3489,3690,31408,2508,3633,4319,30863,5342,32417,2286,1645,4062,31012,2773,31039,1962,3054,7486,8308
0	254	9603	16204,31387,20895,31742,21149,850,20405,1569,544,2004,2031,3675,3489,3690,31408,2508,3633,4319,30863,5342,32417,2286,1645,4062,31012,2773,31039,1962,3054,7486,8308,32131
1	254	1583	16204,31387,20895,31742,21149,850,20405,1569,544,2004,2031,3675,3489,3690,31408,2508,3633,4319,30863,5342,32417,2286,1645,4062,31012,2773,31039,1962,3054,7486,8308,32131
0	254	9986	16204,31387,20895,31742,21149,850,20405,1569,544,2004,2031,3675,3489,3690,31408,2508,3633,4319,30863,5342,32417,2286,1645,4062,31012,2773,31039,1962,3054,7486,8308,32131,1583
1	254	8986	16204,31387,20895,31742,21149,850,20405,1569,544,2004,2031,3675,3489,3690,31408,2508,3633,4319,30863,5342,32417,2286,1645,4062,31012,2773,31039,1962,3054,7486,8308,32131,1583
1	254	6275	16204,31387,20895,31742,21149,850,20405,1569,544,2004,2031,3675,3489,3690,31408,2508,3633,4319,30863,5342,32417,2286,1645,4062,31012,2773,31039,1962,3054,7486,8308,32131,1583,8986
1	254	6892	16204,31387,20895,31742,21149,850,20405,1569,544,2004,2031,3675,3489,3690,31408,2508,3633,4319,30863,5342,32417,2286,1645,4062,31012,2773,31039,1962,3054,7486,8308,32131,1583,8986,6275
1	254	1440	16204,31387,20895,31742,21149,850,20405,1569,544,2004,2031,3675,3489,3690,31408,2508,3633,4319,30863,5342,32417,2286,1645,4062,31012,2773,31039,1962,3054,7486,8308,32131,1583,8986,6275,6892
1	254	32573	16204,31387,20895,31742,21149,850,20405,1569,544,2004,2031,3675,3489,3690,31408,2508,3633,4319,30863,5342,32417,2286,1645,4062,31012,2773,31039,1962,3054,7486,8308,32131,1583,8986,6275,6892,1440
1	254	10072	16204,31387,20895,31742,21149,850,20405,1569,544,2004,2031,3675,3489,3690,31408,2508,3633,4319,30863,5342,32417,2286,1645,4062,31012,2773,31039,1962,3054,7486,8308,32131,1583,8986,6275,6892,1440,32573
1	254	4216	16204,31387,20895,31742,21149,850,20405,1569,544,2004,2031,3675,3489,3690,31408,2508,3633,4319,30863,5342,32417,2286,1645,4062,31012,2773,31039,1962,3054,7486,8308,32131,1583,8986,6275,6892,1440,32573,10072
1	254	5477	16204,31387,20895,31742,21149,850,20405,1569,544,2004,2031,3675,3489,3690,31408,2508,3633,4319,30863,5342,32417,2286,1645,4062,31012,2773,31039,1962,3054,7486,8308,32131,1583,8986,6275,6892,1440,32573,10072,4216
1	254	1582	16204,31387,20895,31742,21149,850,20405,1569,544,2004,2031,3675,3489,3690,31408,2508,3633,4319,30863,5342,32417,2286,1645,4062,31012,2773,31039,1962,3054,7486,8308,32131,1583,8986,6275,6892,1440,32573,10072,4216,5477
1	254	3731	16204,31387,20895,31742,21149,850,20405,1569,544,2004,2031,3675,3489,3690,31408,2508,3633,4319,30863,5342,32417,2286,1645,4062,31012,2773,31039,1962,3054,7486,8308,32131,1583,8986,6275,6892,1440,32573,10072,4216,5477,1582
1	254	26376	16204,31387,20895,31742,21149,850,20405,1569,544,2004,2031,3675,3489,3690,31408,2508,3633,4319,30863,5342,32417,2286,1645,4062,31012,2773,31039,1962,3054,7486,8308,32131,1583,8986,6275,6892,1440,32573,10072,4216,5477,1582,3731
1	254	32294	16204,31387,20895,31742,21149,850,20405,1569,544,2004,2031,3675,3489,3690,31408,2508,3633,4319,30863,5342,32417,2286,1645,4062,31012,2773,31039,1962,3054,7486,8308,32131,1583,8986,6275,6892,1440,32573,10072,4216,5477,1582,3731,26376
1	254	8650	16204,31387,20895,31742,21149,850,20405,1569,544,2004,2031,3675,3489,3690,31408,2508,3633,4319,30863,5342,32417,2286,1645,4062,31012,2773,31039,1962,3054,7486,8308,32131,1583,8986,6275,6892,1440,32573,10072,4216,5477,1582,3731,26376,32294
1	254	6093	16204,31387,20895,31742,21149,850,20405,1569,544,2004,2031,3675,3489,3690,31408,2508,3633,4319,30863,5342,32417,2286,1645,4062,31012,2773,31039,1962,3054,7486,8308,32131,1583,8986,6275,6892,1440,32573,10072,4216,5477,1582,3731,26376,32294,8650
1	254	893	16204,31387,20895,31742,21149,850,20405,1569,544,2004,2031,3675,3489,3690,31408,2508,3633,4319,30863,5342,32417,2286,1645,4062,31012,2773,31039,1962,3054,7486,8308,32131,1583,8986,6275,6892,1440,32573,10072,4216,5477,1582,3731,26376,32294,8650,6093
1	254	5781	16204,31387,20895,31742,21149,850,20405,1569,544,2004,2031,3675,3489,3690,31408,2508,3633,4319,30863,5342,32417,2286,1645,4062,31012,2773,31039,1962,3054,7486,8308,32131,1583,8986,6275,6892,1440,32573,10072,4216,5477,1582,3731,26376,32294,8650,6093,893
0	254	7564	16204,31387,20895,31742,21149,850,20405,1569,544,2004,2031,3675,3489,3690,31408,2508,3633,4319,30863,5342,32417,2286,1645,4062,31012,2773,31039,1962,3054,7486,8308,32131,1583,8986,6275,6892,1440,32573,10072,4216,5477,1582,3731,26376,32294,8650,6093,893,5781
1	254	7561	16204,31387,20895,31742,21149,850,20405,1569,544,2004,2031,3675,3489,3690,31408,2508,3633,4319,30863,5342,32417,2286,1645,4062,31012,2773,31039,1962,3054,7486,8308,32131,1583,8986,6275,6892,1440,32573,10072,4216,5477,1582,3731,26376,32294,8650,6093,893,5781
1	254	13866	16204,31387,20895,31742,21149,850,20405,1569,544,2004,2031,3675,3489,3690,31408,2508,3633,4319,30863,5342,32417,2286,1645,4062,31012,2773,31039,1962,3054,7486,8308,32131,1583,8986,6275,6892,1440,32573,10072,4216,5477,1582,3731,26376,32294,8650,6093,893,5781,7561
0	254	16061	16204,31387,20895,31742,21149,850,20405,1569,544,2004,2031,3675,3489,3690,31408,2508,3633,4319,30863,5342,32417,2286,1645,4062,31012,2773,31039,1962,3054,7486,8308,32131,1583,8986,6275,6892,1440,32573,10072,4216,5477,1582,3731,26376,32294,8650,6093,893,5781,7561,13866
1	254	13016	16204,31387,20895,31742,21149,850,20405,1569,544,2004,2031,3675,3489,3690,31408,2508,3633,4319,30863,5342,32417,2286,1645,4062,31012,2773,31039,1962,3054,7486,8308,32131,1583,8986,6275,6892,1440,32573,10072,4216,5477,1582,3731,26376,32294,8650,6093,893,5781,7561,13866
1	254	14078	16204,31387,20895,31742,21149,850,20405,1569,544,2004,2031,3675,3489,3690,31408,2508,3633,4319,30863,5342,32417,2286,1645,4062,31012,2773,31039,1962,3054,7486,8308,32131,1583,8986,6275,6892,1440,32573,10072,4216,5477,1582,3731,26376,32294,8650,6093,893,5781,7561,13866,13016
0	254	17634	16204,31387,20895,31742,21149,850,20405,1569,544,2004,2031,3675,3489,3690,31408,2508,3633,4319,30863,5342,32417,2286,1645,4062,31012,2773,31039,1962,3054,7486,8308,32131,1583,8986,6275,6892,1440,32573,10072,4216,5477,1582,3731,26376,32294,8650,6093,893,5781,7561,13866,13016,14078
0	254	17784	16204,31387,20895,31742,21149,850,20405,1569,544,2004,2031,3675,3489,3690,31408,2508,3633,4319,30863,5342,32417,2286,1645,4062,31012,2773,31039,1962,3054,7486,8308,32131,1583,8986,6275,6892,1440,32573,10072,4216,5477,1582,3731,26376,32294,8650,6093,893,5781,7561,13866,13016,14078
0	254	18930	16204,31387,20895,31742,21149,850,20405,1569,544,2004,2031,3675,3489,3690,31408,2508,3633,4319,30863,5342,32417,2286,1645,4062,31012,2773,31039,1962,3054,7486,8308,32131,1583,8986,6275,6892,1440,32573,10072,4216,5477,1582,3731,26376,32294,8650,6093,893,5781,7561,13866,13016,14078
1	254	17012	16204,31387,20895,31742,21149,850,20405,1569,544,2004,2031,3675,3489,3690,31408,2508,3633,4319,30863,5342,32417,2286,1645,4062,31012,2773,31039,1962,3054,7486,8308,32131,1583,8986,6275,6892,1440,32573,10072,4216,5477,1582,3731,26376,32294,8650,6093,893,5781,7561,13866,13016,14078
1	254	8442	16204,31387,20895,31742,21149,850,20405,1569,544,2004,2031,3675,3489,3690,31408,2508,3633,4319,30863,5342,32417,2286,1645,4062,31012,2773,31039,1962,3054,7486,8308,32131,1583,8986,6275,6892,1440,32573,10072,4216,5477,1582,3731,26376,32294,8650,6093,893,5781,7561,13866,13016,14078,17012
1	254	5264	16204,31387,20895,31742,21149,850,20405,1569,544,2004,2031,3675,3489,3690,31408,2508,3633,4319,30863,5342,32417,2286,1645,4062,31012,2773,31039,1962,3054,7486,8308,32131,1583,8986,6275,6892,1440,32573,10072,4216,5477,1582,3731,26376,32294,8650,6093,893,5781,7561,13866,13016,14078,17012,8442
1	254	22352	16204,31387,20895,31742,21149,850,20405,1569,544,2004,2031,3675,3489,3690,31408,2508,3633,4319,30863,5342,32417,2286,1645,4062,31012,2773,31039,1962,3054,7486,8308,32131,1583,8986,6275,6892,1440,32573,10072,4216,5477,1582,3731,26376,32294,8650,6093,893,5781,7561,13866,13016,14078,17012,8442,5264
1	254	18146	16204,31387,20895,31742,21149,850,20405,1569,544,2004,2031,3675,3489,3690,31408,2508,3633,4319,30863,5342,32417,2286,1645,4062,31012,2773,31039,1962,3054,7486,8308,32131,1583,8986,6275,6892,1440,32573,10072,4216,5477,1582,3731,26376,32294,8650,6093,893,5781,7561,13866,13016,14078,17012,8442,5264,22352
1	254	13464	16204,31387,20895,31742,21149,850,20405,1569,544,2004,2031,3675,3489,3690,31408,2508,3633,4319,30863,5342,32417,2286,1645,4062,31012,2773,31039,1962,3054,7486,8308,32131,1583,8986,6275,6892,1440,32573,10072,4216,5477,1582,3731,26376,32294,8650,6093,893,5781,7561,13866,13016,14078,17012,8442,5264,22352,18146
0	254	11958	16204,31387,20895,31742,21149,850,20405,1569,544,2004,2031,3675,3489,3690,31408,2508,3633,4319,30863,5342,32417,2286,1645,4062,31012,2773,31039,1962,3054,7486,8308,32131,1583,8986,6275,6892,1440,32573,10072,4216,5477,1582,3731,26376,32294,8650,6093,893,5781,7561,13866,13016,14078,17012,8442,5264,22352,18146,13464
0	254	14501	16204,31387,20895,31742,21149,850,20405,1569,544,2004,2031,3675,3489,3690,31408,2508,3633,4319,30863,5342,32417,2286,1645,4062,31012,2773,31039,1962,3054,7486,8308,32131,1583,8986,6275,6892,1440,32573,10072,4216,5477,1582,3731,26376,32294,8650,6093,893,5781,7561,13866,13016,14078,17012,8442,5264,22352,18146,13464
1	254	20718	16204,31387,20895,31742,21149,850,20405,1569,544,2004,2031,3675,3489,3690,31408,2508,3633,4319,30863,5342,32417,2286,1645,4062,31012,2773,31039,1962,3054,7486,8308,32131,1583,8986,6275,6892,1440,32573,10072,4216,5477,1582,3731,26376,32294,8650,6093,893,5781,7561,13866,13016,14078,17012,8442,5264,22352,18146,13464
1	254	14077	16204,31387,20895,31742,21149,850,20405,1569,544,2004,2031,3675,3489,3690,31408,2508,3633,4319,30863,5342,32417,2286,1645,4062,31012,2773,31039,1962,3054,7486,8308,32131,1583,8986,6275,6892,1440,32573,10072,4216,5477,1582,3731,26376,32294,8650,6093,893,5781,7561,13866,13016,14078,17012,8442,5264,22352,18146,13464,20718
1	254	16360	16204,31387,20895,31742,21149,850,20405,1569,544,2004,2031,3675,3489,3690,31408,2508,3633,4319,30863,5342,32417,2286,1645,4062,31012,2773,31039,1962,3054,7486,8308,32131,1583,8986,6275,6892,1440,32573,10072,4216,5477,1582,3731,26376,32294,8650,6093,893,5781,7561,13866,13016,14078,17012,8442,5264,22352,18146,13464,20718,14077
1	254	15626	16204,31387,20895,31742,21149,850,20405,1569,544,2004,2031,3675,3489,3690,31408,2508,3633,4319,30863,5342,32417,2286,1645,4062,31012,2773,31039,1962,3054,7486,8308,32131,1583,8986,6275,6892,1440,32573,10072,4216,5477,1582,3731,26376,32294,8650,6093,893,5781,7561,13866,13016,14078,17012,8442,5264,22352,18146,13464,20718,14077,16360
1	254	19644	16204,31387,20895,31742,21149,850,20405,1569,544,2004,2031,3675,3489,3690,31408,2508,3633,4319,30863,5342,32417,2286,1645,4062,31012,2773,31039,1962,3054,7486,8308,32131,1583,8986,6275,6892,1440,32573,10072,4216,5477,1582,3731,26376,32294,8650,6093,893,5781,7561,13866,13016,14078,17012,8442,5264,22352,18146,13464,20718,14077,16360,15626
1	254	24753	16204,31387,20895,31742,21149,850,20405,1569,544,2004,2031,3675,3489,3690,31408,2508,3633,4319,30863,5342,32417,2286,1645,4062,31012,2773,31039,1962,3054,7486,8308,32131,1583,8986,6275,6892,1440,32573,10072,4216,5477,1582,3731,26376,32294,8650,6093,893,5781,7561,13866,13016,14078,17012,8442,5264,22352,18146,13464,20718,14077,16360,15626,19644
1	254	23365	16204,31387,20895,31742,21149,850,20405,1569,544,2004,2031,3675,3489,3690,31408,2508,3633,4319,30863,5342,32417,2286,1645,4062,31012,2773,31039,1962,3054,7486,8308,32131,1583,8986,6275,6892,1440,32573,10072,4216,5477,1582,3731,26376,32294,8650,6093,893,5781,7561,13866,13016,14078,17012,8442,5264,22352,18146,13464,20718,14077,16360,15626,19644,24753
1	254	25681	16204,31387,20895,31742,21149,850,20405,1569,544,2004,2031,3675,3489,3690,31408,2508,3633,4319,30863,5342,32417,2286,1645,4062,31012,2773,31039,1962,3054,7486,8308,32131,1583,8986,6275,6892,1440,32573,10072,4216,5477,1582,3731,26376,32294,8650,6093,893,5781,7561,13866,13016,14078,17012,8442,5264,22352,18146,13464,20718,14077,16360,15626,19644,24753,23365
0	254	23161	16204,31387,20895,31742,21149,850,20405,1569,544,2004,2031,3675,3489,3690,31408,2508,3633,4319,30863,5342,32417,2286,1645,4062,31012,2773,31039,1962,3054,7486,8308,32131,1583,8986,6275,6892,1440,32573,10072,4216,5477,1582,3731,26376,32294,8650,6093,893,5781,7561,13866,13016,14078,17012,8442,5264,22352,18146,13464,20718,14077,16360,15626,19644,24753,23365,25681
0	254	24929	16204,31387,20895,31742,21149,850,20405,1569,544,2004,2031,3675,3489,3690,31408,2508,3633,4319,30863,5342,32417,2286,1645,4062,31012,2773,31039,1962,3054,7486,8308,32131,1583,8986,6275,6892,1440,32573,10072,4216,5477,1582,3731,26376,32294,8650,6093,893,5781,7561,13866,13016,14078,17012,8442,5264,22352,18146,13464,20718,14077,16360,15626,19644,24753,23365,25681
1	254	10710	16204,31387,20895,31742,21149,850,20405,1569,544,2004,2031,3675,3489,3690,31408,2508,3633,4319,30863,5342,32417,2286,1645,4062,31012,2773,31039,1962,3054,7486,8308,32131,1583,8986,6275,6892,1440,32573,10072,4216,5477,1582,3731,26376,32294,8650,6093,893,5781,7561,13866,13016,14078,17012,8442,5264,22352,18146,13464,20718,14077,16360,15626,19644,24753,23365,25681
1	254	26471	16204,31387,20895,31742,21149,850,20405,1569,544,2004,2031,3675,3489,3690,31408,2508,3633,4319,30863,5342,32417,2286,1645,4062,31012,2773,31039,1962,3054,7486,8308,32131,1583,8986,6275,6892,1440,32573,10072,4216,5477,1582,3731,26376,32294,8650,6093,893,5781,7561,13866,13016,14078,17012,8442,5264,22352,18146,13464,20718,14077,16360,15626,19644,24753,23365,25681,10710
1	254	25563	16204,31387,20895,31742,21149,850,20405,1569,544,2004,2031,3675,3489,3690,31408,2508,3633,4319,30863,5342,32417,2286,1645,4062,31012,2773,31039,1962,3054,7486,8308,32131,1583,8986,6275,6892,1440,32573,10072,4216,5477,1582,3731,26376,32294,8650,6093,893,5781,7561,13866,13016,14078,17012,8442,5264,22352,18146,13464,20718,14077,16360,15626,19644,24753,23365,25681,10710,26471
0	254	23146	16204,31387,20895,31742,21149,850,20405,1569,544,2004,2031,3675,3489,3690,31408,2508,3633,4319,30863,5342,32417,2286,1645,4062,31012,2773,31039,1962,3054,7486,8308,32131,1583,8986,6275,6892,1440,32573,10072,4216,5477,1582,3731,26376,32294,8650,6093,893,5781,7561,13866,13016,14078,17012,8442,5264,22352,18146,13464,20718,14077,16360,15626,19644,24753,23365,25681,10710,26471,25563
0	254	16989	16204,31387,20895,31742,21149,850,20405,1569,544,2004,2031,3675,3489,3690,31408,2508,3633,4319,30863,5342,32417,2286,1645,4062,31012,2773,31039,1962,3054,7486,8308,32131,1583,8986,6275,6892,1440,32573,10072,4216,5477,1582,3731,26376,32294,8650,6093,893,5781,7561,13866,13016,14078,17012,8442,5264,22352,18146,13464,20718,14077,16360,15626,19644,24753,23365,25681,10710,26471,25563
1	254	27229	16204,31387,20895,31742,21149,850,20405,1569,544,2004,2031,3675,3489,3690,31408,2508,3633,4319,30863,5342,32417,2286,1645,4062,31012,2773,31039,1962,3054,7486,8308,32131,1583,8986,6275,6892,1440,32573,10072,4216,5477,1582,3731,26376,32294,8650,6093,893,5781,7561,13866,13016,14078,17012,8442,5264,22352,18146,13464,20718,14077,16360,15626,19644,24753,23365,25681,10710,26471,25563
1	254	27746	16204,31387,20895,31742,21149,850,20405,1569,544,2004,2031,3675,3489,3690,31408,2508,3633,4319,30863,5342,32417,2286,1645,4062,31012,2773,31039,1962,3054,7486,8308,32131,1583,8986,6275,6892,1440,32573,10072,4216,5477,1582,3731,26376,32294,8650,6093,893,5781,7561,13866,13016,14078,17012,8442,5264,22352,18146,13464,20718,14077,16360,15626,19644,24753,23365,25681,10710,26471,25563,27229
1	254	4780	16204,31387,20895,31742,21149,850,20405,1569,544,2004,2031,3675,3489,3690,31408,2508,3633,4319,30863,5342,32417,2286,1645,4062,31012,2773,31039,1962,3054,7486,8308,32131,1583,8986,6275,6892,1440,32573,10072,4216,5477,1582,3731,26376,32294,8650,6093,893,5781,7561,13866,13016,14078,17012,8442,5264,22352,18146,13464,20718,14077,16360,15626,19644,24753,23365,25681,10710,26471,25563,27229,27746
1	254	27173	16204,31387,20895,31742,21149,850,20405,1569,544,2004,2031,3675,3489,3690,31408,2508,3633,4319,30863,5342,32417,2286,1645,4062,31012,2773,31039,1962,3054,7486,8308,32131,1583,8986,6275,6892,1440,32573,10072,4216,5477,1582,3731,26376,32294,8650,6093,893,5781,7561,13866,13016,14078,17012,8442,5264,22352,18146,13464,20718,14077,16360,15626,19644,24753,23365,25681,10710,26471,25563,27229,27746,4780
0	254	28063	16204,31387,20895,31742,21149,850,20405,1569,544,2004,2031,3675,3489,3690,31408,2508,3633,4319,30863,5342,32417,2286,1645,4062,31012,2773,31039,1962,3054,7486,8308,32131,1583,8986,6275,6892,1440,32573,10072,4216,5477,1582,3731,26376,32294,8650,6093,893,5781,7561,13866,13016,14078,17012,8442,5264,22352,18146,13464,20718,14077,16360,15626,19644,24753,23365,25681,10710,26471,25563,27229,27746,4780,27173
1	254	28133	16204,31387,20895,31742,21149,850,20405,1569,544,2004,2031,3675,3489,3690,31408,2508,3633,4319,30863,5342,32417,2286,1645,4062,31012,2773,31039,1962,3054,7486,8308,32131,1583,8986,6275,6892,1440,32573,10072,4216,5477,1582,3731,26376,32294,8650,6093,893,5781,7561,13866,13016,14078,17012,8442,5264,22352,18146,13464,20718,14077,16360,15626,19644,24753,23365,25681,10710,26471,25563,27229,27746,4780,27173
1	254	28930	16204,31387,20895,31742,21149,850,20405,1569,544,2004,2031,3675,3489,3690,31408,2508,3633,4319,30863,5342,32417,2286,1645,4062,31012,2773,31039,1962,3054,7486,8308,32131,1583,8986,6275,6892,1440,32573,10072,4216,5477,1582,3731,26376,32294,8650,6093,893,5781,7561,13866,13016,14078,17012,8442,5264,22352,18146,13464,20718,14077,16360,15626,19644,24753,23365,25681,10710,26471,25563,27229,27746,4780,27173,28133
1	254	28985	16204,31387,20895,31742,21149,850,20405,1569,544,2004,2031,3675,3489,3690,31408,2508,3633,4319,30863,5342,32417,2286,1645,4062,31012,2773,31039,1962,3054,7486,8308,32131,1583,8986,6275,6892,1440,32573,10072,4216,5477,1582,3731,26376,32294,8650,6093,893,5781,7561,13866,13016,14078,17012,8442,5264,22352,18146,13464,20718,14077,16360,15626,19644,24753,23365,25681,10710,26471,25563,27229,27746,4780,27173,28133,28930
1	254	28986	16204,31387,20895,31742,21149,850,20405,1569,544,2004,2031,3675,3489,3690,31408,2508,3633,4319,30863,5342,32417,2286,1645,4062,31012,2773,31039,1962,3054,7486,8308,32131,1583,8986,6275,6892,1440,32573,10072,4216,5477,1582,3731,26376,32294,8650,6093,893,5781,7561,13866,13016,14078,17012,8442,5264,22352,18146,13464,20718,14077,16360,15626,19644,24753,23365,25681,10710,26471,25563,27229,27746,4780,27173,28133,28930,28985
0	254	27265	16204,31387,20895,31742,21149,850,20405,1569,544,2004,2031,3675,3489,3690,31408,2508,3633,4319,30863,5342,32417,2286,1645,4062,31012,2773,31039,1962,3054,7486,8308,32131,1583,8986,6275,6892,1440,32573,10072,4216,5477,1582,3731,26376,32294,8650,6093,893,5781,7561,13866,13016,14078,17012,8442,5264,22352,18146,13464,20718,14077,16360,15626,19644,24753,23365,25681,10710,26471,25563,27229,27746,4780,27173,28133,28930,28985,28986
0	254	29450	16204,31387,20895,31742,21149,850,20405,1569,544,2004,2031,3675,3489,3690,31408,2508,3633,4319,30863,5342,32417,2286,1645,4062,31012,2773,31039,1962,3054,7486,8308,32131,1583,8986,6275,6892,1440,32573,10072,4216,5477,1582,3731,26376,32294,8650,6093,893,5781,7561,13866,13016,14078,17012,8442,5264,22352,18146,13464,20718,14077,16360,15626,19644,24753,23365,25681,10710,26471,25563,27229,27746,4780,27173,28133,28930,28985,28986
1	254	28152	16204,31387,20895,31742,21149,850,20405,1569,544,2004,2031,3675,3489,3690,31408,2508,3633,4319,30863,5342,32417,2286,1645,4062,31012,2773,31039,1962,3054,7486,8308,32131,1583,8986,6275,6892,1440,32573,10072,4216,5477,1582,3731,26376,32294,8650,6093,893,5781,7561,13866,13016,14078,17012,8442,5264,22352,18146,13464,20718,14077,16360,15626,19644,24753,23365,25681,10710,26471,25563,27229,27746,4780,27173,28133,28930,28985,28986
1	254	27632	16204,31387,20895,31742,21149,850,20405,1569,544,2004,2031,3675,3489,3690,31408,2508,3633,4319,30863,5342,32417,2286,1645,4062,31012,2773,31039,1962,3054,7486,8308,32131,1583,8986,6275,6892,1440,32573,10072,4216,5477,1582,3731,26376,32294,8650,6093,893,5781,7561,13866,13016,14078,17012,8442,5264,22352,18146,13464,20718,14077,16360,15626,19644,24753,23365,25681,10710,26471,25563,27229,27746,4780,27173,28133,28930,28985,28986,28152
1	254	27568	16204,31387,20895,31742,21149,850,20405,1569,544,2004,2031,3675,3489,3690,31408,2508,3633,4319,30863,5342,32417,2286,1645,4062,31012,2773,31039,1962,3054,7486,8308,32131,1583,8986,6275,6892,1440,32573,10072,4216,5477,1582,3731,26376,32294,8650,6093,893,5781,7561,13866,13016,14078,17012,8442,5264,22352,18146,13464,20718,14077,16360,15626,19644,24753,23365,25681,10710,26471,25563,27229,27746,4780,27173,28133,28930,28985,28986,28152,27632
0	254	29124	16204,31387,20895,31742,21149,850,20405,1569,544,2004,2031,3675,3489,3690,31408,2508,3633,4319,30863,5342,32417,2286,1645,4062,31012,2773,31039,1962,3054,7486,8308,32131,1583,8986,6275,6892,1440,32573,10072,4216,5477,1582,3731,26376,32294,8650,6093,893,5781,7561,13866,13016,14078,17012,8442,5264,22352,18146,13464,20718,14077,16360,15626,19644,24753,23365,25681,10710,26471,25563,27229,27746,4780,27173,28133,28930,28985,28986,28152,27632,27568
1	254	26932	16204,31387,20895,31742,21149,850,20405,1569,544,2004,2031,3675,3489,3690,31408,2508,3633,4319,30863,5342,32417,2286,1645,4062,31012,2773,31039,1962,3054,7486,8308,32131,1583,8986,6275,6892,1440,32573,10072,4216,5477,1582,3731,26376,32294,8650,6093,893,5781,7561,13866,13016,14078,17012,8442,5264,22352,18146,13464,20718,14077,16360,15626,19644,24753,23365,25681,10710,26471,25563,27229,27746,4780,27173,28133,28930,28985,28986,28152,27632,27568
0	254	23719	16204,31387,20895,31742,21149,850,20405,1569,544,2004,2031,3675,3489,3690,31408,2508,3633,4319,30863,5342,32417,2286,1645,4062,31012,2773,31039,1962,3054,7486,8308,32131,1583,8986,6275,6892,1440,32573,10072,4216,5477,1582,3731,26376,32294,8650,6093,893,5781,7561,13866,13016,14078,17012,8442,5264,22352,18146,13464,20718,14077,16360,15626,19644,24753,23365,25681,10710,26471,25563,27229,27746,4780,27173,28133,28930,28985,28986,28152,27632,27568,26932
1	254	29622	16204,31387,20895,31742,21149,850,20405,1569,544,2004,2031,3675,3489,3690,31408,2508,3633,4319,30863,5342,32417,2286,1645,4062,31012,2773,31039,1962,3054,7486,8308,32131,1583,8986,6275,6892,1440,32573,10072,4216,5477,1582,3731,26376,32294,8650,6093,893,5781,7561,13866,13016,14078,17012,8442,5264,22352,18146,13464,20718,14077,16360,15626,19644,24753,23365,25681,10710,26471,25563,27229,27746,4780,27173,28133,28930,28985,28986,28152,27632,27568,26932
1	254	29628	16204,31387,20895,31742,21149,850,20405,1569,544,2004,2031,3675,3489,3690,31408,2508,3633,4319,30863,5342,32417,2286,1645,4062,31012,2773,31039,1962,3054,7486,8308,32131,1583,8986,6275,6892,1440,32573,10072,4216,5477,1582,3731,26376,32294,8650,6093,893,5781,7561,13866,13016,14078,17012,8442,5264,22352,18146,13464,20718,14077,16360,15626,19644,24753,23365,25681,10710,26471,25563,27229,27746,4780,27173,28133,28930,28985,28986,28152,27632,27568,26932,29622
1	254	27860	16204,31387,20895,31742,21149,850,20405,1569,544,2004,2031,3675,3489,3690,31408,2508,3633,4319,30863,5342,32417,2286,1645,4062,31012,2773,31039,1962,3054,7486,8308,32131,1583,8986,6275,6892,1440,32573,10072,4216,5477,1582,3731,26376,32294,8650,6093,893,5781,7561,13866,13016,14078,17012,8442,5264,22352,18146,13464,20718,14077,16360,15626,19644,24753,23365,25681,10710,26471,25563,27229,27746,4780,27173,28133,28930,28985,28986,28152,27632,27568,26932,29622,29628
0	254	19425	16204,31387,20895,31742,21149,850,20405,1569,544,2004,2031,3675,3489,3690,31408,2508,3633,4319,30863,5342,32417,2286,1645,4062,31012,2773,31039,1962,3054,7486,8308,32131,1583,8986,6275,6892,1440,32573,10072,4216,5477,1582,3731,26376,32294,8650,6093,893,5781,7561,13866,13016,14078,17012,8442,5264,22352,18146,13464,20718,14077,16360,15626,19644,24753,23365,25681,10710,26471,25563,27229,27746,4780,27173,28133,28930,28985,28986,28152,27632,27568,26932,29622,29628,27860
