1	854	3079	0
0	854	975	3079
0	854	3466	3079
0	854	4619	3079
1	854	6146	3079
1	854	8060	3079,6146
1	854	21148	3079,6146,8060
1	854	9581	3079,6146,8060,21148
0	854	8843	3079,6146,8060,21148,9581
1	854	3540	3079,6146,8060,21148,9581
1	854	25904	3079,6146,8060,21148,9581,3540
1	854	8517	3079,6146,8060,21148,9581,3540,25904
1	854	11213	3079,6146,8060,21148,9581,3540,25904,8517
0	854	15366	3079,6146,8060,21148,9581,3540,25904,8517,11213
0	854	1867	3079,6146,8060,21148,9581,3540,25904,8517,11213
0	854	11916	3079,6146,8060,21148,9581,3540,25904,8517,11213
0	854	6889	3079,6146,8060,21148,9581,3540,25904,8517,11213
1	854	7876	3079,6146,8060,21148,9581,3540,25904,8517,11213
0	854	3486	3079,6146,8060,21148,9581,3540,25904,8517,11213,7876
0	854	12446	3079,6146,8060,21148,9581,3540,25904,8517,11213,7876
1	854	1742	3079,6146,8060,21148,9581,3540,25904,8517,11213,7876
1	854	4319	3079,6146,8060,21148,9581,3540,25904,8517,11213,7876,1742
1	854	12033	3079,6146,8060,21148,9581,3540,25904,8517,11213,7876,1742,4319
0	854	16806	3079,6146,8060,21148,9581,3540,25904,8517,11213,7876,1742,4319,12033
1	854	9968	3079,6146,8060,21148,9581,3540,25904,8517,11213,7876,1742,4319,12033
0	854	16019	3079,6146,8060,21148,9581,3540,25904,8517,11213,7876,1742,4319,12033,9968
0	854	17799	3079,6146,8060,21148,9581,3540,25904,8517,11213,7876,1742,4319,12033,9968
1	854	19615	3079,6146,8060,21148,9581,3540,25904,8517,11213,7876,1742,4319,12033,9968
1	854	21070	3079,6146,8060,21148,9581,3540,25904,8517,11213,7876,1742,4319,12033,9968,19615
1	854	23155	3079,6146,8060,21148,9581,3540,25904,8517,11213,7876,1742,4319,12033,9968,19615,21070
0	854	18289	3079,6146,8060,21148,9581,3540,25904,8517,11213,7876,1742,4319,12033,9968,19615,21070,23155
1	854	25568	3079,6146,8060,21148,9581,3540,25904,8517,11213,7876,1742,4319,12033,9968,19615,21070,23155
1	854	18822	3079,6146,8060,21148,9581,3540,25904,8517,11213,7876,1742,4319,12033,9968,19615,21070,23155,25568
1	854	18127	3079,6146,8060,21148,9581,3540,25904,8517,11213,7876,1742,4319,12033,9968,19615,21070,23155,25568,18822
1	854	26026	3079,6146,8060,21148,9581,3540,25904,8517,11213,7876,1742,4319,12033,9968,19615,21070,23155,25568,18822,18127
