0	613	22529	0
1	613	32653	0
1	613	32839	32653
0	613	27016	32653,32839
1	613	3005	32653,32839
1	613	2010	32653,32839,3005
1	613	3391	32653,32839,3005,2010
0	613	3374	32653,32839,3005,2010,3391
1	613	4235	32653,32839,3005,2010,3391
0	613	31240	32653,32839,3005,2010,3391,4235
0	613	96	32653,32839,3005,2010,3391,4235
0	613	3775	32653,32839,3005,2010,3391,4235
1	613	13474	32653,32839,3005,2010,3391,4235
1	613	1988	32653,32839,3005,2010,3391,4235,13474
1	613	891	32653,32839,3005,2010,3391,4235,13474,1988
0	613	13181	32653,32839,3005,2010,3391,4235,13474,1988,891
1	613	4924	32653,32839,3005,2010,3391,4235,13474,1988,891
1	613	4926	32653,32839,3005,2010,3391,4235,13474,1988,891,4924
1	613	5404	32653,32839,3005,2010,3391,4235,13474,1988,891,4924,4926
1	613	8226	32653,32839,3005,2010,3391,4235,13474,1988,891,4924,4926,5404
0	613	5177	32653,32839,3005,2010,3391,4235,13474,1988,891,4924,4926,5404,8226
1	613	16378	32653,32839,3005,2010,3391,4235,13474,1988,891,4924,4926,5404,8226
1	613	4039	32653,32839,3005,2010,3391,4235,13474,1988,891,4924,4926,5404,8226,16378
0	613	4328	32653,32839,3005,2010,3391,4235,13474,1988,891,4924,4926,5404,8226,16378,4039
1	613	3544	32653,32839,3005,2010,3391,4235,13474,1988,891,4924,4926,5404,8226,16378,4039
1	613	212	32653,32839,3005,2010,3391,4235,13474,1988,891,4924,4926,5404,8226,16378,4039,3544
0	613	5555	32653,32839,3005,2010,3391,4235,13474,1988,891,4924,4926,5404,8226,16378,4039,3544,212
1	613	1907	32653,32839,3005,2010,3391,4235,13474,1988,891,4924,4926,5404,8226,16378,4039,3544,212
0	613	3076	32653,32839,3005,2010,3391,4235,13474,1988,891,4924,4926,5404,8226,16378,4039,3544,212,1907
0	613	3733	32653,32839,3005,2010,3391,4235,13474,1988,891,4924,4926,5404,8226,16378,4039,3544,212,1907
1	613	4874	32653,32839,3005,2010,3391,4235,13474,1988,891,4924,4926,5404,8226,16378,4039,3544,212,1907
1	613	4925	32653,32839,3005,2010,3391,4235,13474,1988,891,4924,4926,5404,8226,16378,4039,3544,212,1907,4874
0	613	1528	32653,32839,3005,2010,3391,4235,13474,1988,891,4924,4926,5404,8226,16378,4039,3544,212,1907,4874,4925
0	613	33030	32653,32839,3005,2010,3391,4235,13474,1988,891,4924,4926,5404,8226,16378,4039,3544,212,1907,4874,4925
1	613	31581	32653,32839,3005,2010,3391,4235,13474,1988,891,4924,4926,5404,8226,16378,4039,3544,212,1907,4874,4925
0	613	8016	32653,32839,3005,2010,3391,4235,13474,1988,891,4924,4926,5404,8226,16378,4039,3544,212,1907,4874,4925,31581
0	613	6340	32653,32839,3005,2010,3391,4235,13474,1988,891,4924,4926,5404,8226,16378,4039,3544,212,1907,4874,4925,31581
1	613	3151	32653,32839,3005,2010,3391,4235,13474,1988,891,4924,4926,5404,8226,16378,4039,3544,212,1907,4874,4925,31581
0	613	7693	32653,32839,3005,2010,3391,4235,13474,1988,891,4924,4926,5404,8226,16378,4039,3544,212,1907,4874,4925,31581,3151
1	613	5477	32653,32839,3005,2010,3391,4235,13474,1988,891,4924,4926,5404,8226,16378,4039,3544,212,1907,4874,4925,31581,3151
0	613	1879	32653,32839,3005,2010,3391,4235,13474,1988,891,4924,4926,5404,8226,16378,4039,3544,212,1907,4874,4925,31581,3151,5477
1	613	7284	32653,32839,3005,2010,3391,4235,13474,1988,891,4924,4926,5404,8226,16378,4039,3544,212,1907,4874,4925,31581,3151,5477
1	613	4527	32653,32839,3005,2010,3391,4235,13474,1988,891,4924,4926,5404,8226,16378,4039,3544,212,1907,4874,4925,31581,3151,5477,7284
1	613	6333	32653,32839,3005,2010,3391,4235,13474,1988,891,4924,4926,5404,8226,16378,4039,3544,212,1907,4874,4925,31581,3151,5477,7284,4527
1	613	1755	32653,32839,3005,2010,3391,4235,13474,1988,891,4924,4926,5404,8226,16378,4039,3544,212,1907,4874,4925,31581,3151,5477,7284,4527,6333
0	613	7978	32653,32839,3005,2010,3391,4235,13474,1988,891,4924,4926,5404,8226,16378,4039,3544,212,1907,4874,4925,31581,3151,5477,7284,4527,6333,1755
0	613	8527	32653,32839,3005,2010,3391,4235,13474,1988,891,4924,4926,5404,8226,16378,4039,3544,212,1907,4874,4925,31581,3151,5477,7284,4527,6333,1755
1	613	8528	32653,32839,3005,2010,3391,4235,13474,1988,891,4924,4926,5404,8226,16378,4039,3544,212,1907,4874,4925,31581,3151,5477,7284,4527,6333,1755
1	613	8929	32653,32839,3005,2010,3391,4235,13474,1988,891,4924,4926,5404,8226,16378,4039,3544,212,1907,4874,4925,31581,3151,5477,7284,4527,6333,1755,8528
0	613	9132	32653,32839,3005,2010,3391,4235,13474,1988,891,4924,4926,5404,8226,16378,4039,3544,212,1907,4874,4925,31581,3151,5477,7284,4527,6333,1755,8528,8929
0	613	9143	32653,32839,3005,2010,3391,4235,13474,1988,891,4924,4926,5404,8226,16378,4039,3544,212,1907,4874,4925,31581,3151,5477,7284,4527,6333,1755,8528,8929
1	613	6696	32653,32839,3005,2010,3391,4235,13474,1988,891,4924,4926,5404,8226,16378,4039,3544,212,1907,4874,4925,31581,3151,5477,7284,4527,6333,1755,8528,8929
0	613	31975	32653,32839,3005,2010,3391,4235,13474,1988,891,4924,4926,5404,8226,16378,4039,3544,212,1907,4874,4925,31581,3151,5477,7284,4527,6333,1755,8528,8929,6696
1	613	6180	32653,32839,3005,2010,3391,4235,13474,1988,891,4924,4926,5404,8226,16378,4039,3544,212,1907,4874,4925,31581,3151,5477,7284,4527,6333,1755,8528,8929,6696
0	613	1209	32653,32839,3005,2010,3391,4235,13474,1988,891,4924,4926,5404,8226,16378,4039,3544,212,1907,4874,4925,31581,3151,5477,7284,4527,6333,1755,8528,8929,6696,6180
0	613	6484	32653,32839,3005,2010,3391,4235,13474,1988,891,4924,4926,5404,8226,16378,4039,3544,212,1907,4874,4925,31581,3151,5477,7284,4527,6333,1755,8528,8929,6696,6180
1	613	9428	32653,32839,3005,2010,3391,4235,13474,1988,891,4924,4926,5404,8226,16378,4039,3544,212,1907,4874,4925,31581,3151,5477,7284,4527,6333,1755,8528,8929,6696,6180
1	613	6048	32653,32839,3005,2010,3391,4235,13474,1988,891,4924,4926,5404,8226,16378,4039,3544,212,1907,4874,4925,31581,3151,5477,7284,4527,6333,1755,8528,8929,6696,6180,9428
0	613	16652	32653,32839,3005,2010,3391,4235,13474,1988,891,4924,4926,5404,8226,16378,4039,3544,212,1907,4874,4925,31581,3151,5477,7284,4527,6333,1755,8528,8929,6696,6180,9428,6048
0	613	7225	32653,32839,3005,2010,3391,4235,13474,1988,891,4924,4926,5404,8226,16378,4039,3544,212,1907,4874,4925,31581,3151,5477,7284,4527,6333,1755,8528,8929,6696,6180,9428,6048
1	613	8960	32653,32839,3005,2010,3391,4235,13474,1988,891,4924,4926,5404,8226,16378,4039,3544,212,1907,4874,4925,31581,3151,5477,7284,4527,6333,1755,8528,8929,6696,6180,9428,6048
1	613	10083	32653,32839,3005,2010,3391,4235,13474,1988,891,4924,4926,5404,8226,16378,4039,3544,212,1907,4874,4925,31581,3151,5477,7284,4527,6333,1755,8528,8929,6696,6180,9428,6048,8960
0	613	6324	32653,32839,3005,2010,3391,4235,13474,1988,891,4924,4926,5404,8226,16378,4039,3544,212,1907,4874,4925,31581,3151,5477,7284,4527,6333,1755,8528,8929,6696,6180,9428,6048,8960,10083
0	613	11440	32653,32839,3005,2010,3391,4235,13474,1988,891,4924,4926,5404,8226,16378,4039,3544,212,1907,4874,4925,31581,3151,5477,7284,4527,6333,1755,8528,8929,6696,6180,9428,6048,8960,10083
1	613	11977	32653,32839,3005,2010,3391,4235,13474,1988,891,4924,4926,5404,8226,16378,4039,3544,212,1907,4874,4925,31581,3151,5477,7284,4527,6333,1755,8528,8929,6696,6180,9428,6048,8960,10083
0	613	9905	32653,32839,3005,2010,3391,4235,13474,1988,891,4924,4926,5404,8226,16378,4039,3544,212,1907,4874,4925,31581,3151,5477,7284,4527,6333,1755,8528,8929,6696,6180,9428,6048,8960,10083,11977
1	613	9903	32653,32839,3005,2010,3391,4235,13474,1988,891,4924,4926,5404,8226,16378,4039,3544,212,1907,4874,4925,31581,3151,5477,7284,4527,6333,1755,8528,8929,6696,6180,9428,6048,8960,10083,11977
0	613	12459	32653,32839,3005,2010,3391,4235,13474,1988,891,4924,4926,5404,8226,16378,4039,3544,212,1907,4874,4925,31581,3151,5477,7284,4527,6333,1755,8528,8929,6696,6180,9428,6048,8960,10083,11977,9903
1	613	7047	32653,32839,3005,2010,3391,4235,13474,1988,891,4924,4926,5404,8226,16378,4039,3544,212,1907,4874,4925,31581,3151,5477,7284,4527,6333,1755,8528,8929,6696,6180,9428,6048,8960,10083,11977,9903
1	613	9681	32653,32839,3005,2010,3391,4235,13474,1988,891,4924,4926,5404,8226,16378,4039,3544,212,1907,4874,4925,31581,3151,5477,7284,4527,6333,1755,8528,8929,6696,6180,9428,6048,8960,10083,11977,9903,7047
1	613	13223	32653,32839,3005,2010,3391,4235,13474,1988,891,4924,4926,5404,8226,16378,4039,3544,212,1907,4874,4925,31581,3151,5477,7284,4527,6333,1755,8528,8929,6696,6180,9428,6048,8960,10083,11977,9903,7047,9681
1	613	142	32653,32839,3005,2010,3391,4235,13474,1988,891,4924,4926,5404,8226,16378,4039,3544,212,1907,4874,4925,31581,3151,5477,7284,4527,6333,1755,8528,8929,6696,6180,9428,6048,8960,10083,11977,9903,7047,9681,13223
0	613	11070	32653,32839,3005,2010,3391,4235,13474,1988,891,4924,4926,5404,8226,16378,4039,3544,212,1907,4874,4925,31581,3151,5477,7284,4527,6333,1755,8528,8929,6696,6180,9428,6048,8960,10083,11977,9903,7047,9681,13223,142
1	613	10713	32653,32839,3005,2010,3391,4235,13474,1988,891,4924,4926,5404,8226,16378,4039,3544,212,1907,4874,4925,31581,3151,5477,7284,4527,6333,1755,8528,8929,6696,6180,9428,6048,8960,10083,11977,9903,7047,9681,13223,142
1	613	10714	32653,32839,3005,2010,3391,4235,13474,1988,891,4924,4926,5404,8226,16378,4039,3544,212,1907,4874,4925,31581,3151,5477,7284,4527,6333,1755,8528,8929,6696,6180,9428,6048,8960,10083,11977,9903,7047,9681,13223,142,10713
1	613	14642	32653,32839,3005,2010,3391,4235,13474,1988,891,4924,4926,5404,8226,16378,4039,3544,212,1907,4874,4925,31581,3151,5477,7284,4527,6333,1755,8528,8929,6696,6180,9428,6048,8960,10083,11977,9903,7047,9681,13223,142,10713,10714
0	613	13621	32653,32839,3005,2010,3391,4235,13474,1988,891,4924,4926,5404,8226,16378,4039,3544,212,1907,4874,4925,31581,3151,5477,7284,4527,6333,1755,8528,8929,6696,6180,9428,6048,8960,10083,11977,9903,7047,9681,13223,142,10713,10714,14642
0	613	14949	32653,32839,3005,2010,3391,4235,13474,1988,891,4924,4926,5404,8226,16378,4039,3544,212,1907,4874,4925,31581,3151,5477,7284,4527,6333,1755,8528,8929,6696,6180,9428,6048,8960,10083,11977,9903,7047,9681,13223,142,10713,10714,14642
0	613	15811	32653,32839,3005,2010,3391,4235,13474,1988,891,4924,4926,5404,8226,16378,4039,3544,212,1907,4874,4925,31581,3151,5477,7284,4527,6333,1755,8528,8929,6696,6180,9428,6048,8960,10083,11977,9903,7047,9681,13223,142,10713,10714,14642
0	613	14345	32653,32839,3005,2010,3391,4235,13474,1988,891,4924,4926,5404,8226,16378,4039,3544,212,1907,4874,4925,31581,3151,5477,7284,4527,6333,1755,8528,8929,6696,6180,9428,6048,8960,10083,11977,9903,7047,9681,13223,142,10713,10714,14642
0	613	12452	32653,32839,3005,2010,3391,4235,13474,1988,891,4924,4926,5404,8226,16378,4039,3544,212,1907,4874,4925,31581,3151,5477,7284,4527,6333,1755,8528,8929,6696,6180,9428,6048,8960,10083,11977,9903,7047,9681,13223,142,10713,10714,14642
0	613	17386	32653,32839,3005,2010,3391,4235,13474,1988,891,4924,4926,5404,8226,16378,4039,3544,212,1907,4874,4925,31581,3151,5477,7284,4527,6333,1755,8528,8929,6696,6180,9428,6048,8960,10083,11977,9903,7047,9681,13223,142,10713,10714,14642
0	613	17951	32653,32839,3005,2010,3391,4235,13474,1988,891,4924,4926,5404,8226,16378,4039,3544,212,1907,4874,4925,31581,3151,5477,7284,4527,6333,1755,8528,8929,6696,6180,9428,6048,8960,10083,11977,9903,7047,9681,13223,142,10713,10714,14642
0	613	16583	32653,32839,3005,2010,3391,4235,13474,1988,891,4924,4926,5404,8226,16378,4039,3544,212,1907,4874,4925,31581,3151,5477,7284,4527,6333,1755,8528,8929,6696,6180,9428,6048,8960,10083,11977,9903,7047,9681,13223,142,10713,10714,14642
1	613	17841	32653,32839,3005,2010,3391,4235,13474,1988,891,4924,4926,5404,8226,16378,4039,3544,212,1907,4874,4925,31581,3151,5477,7284,4527,6333,1755,8528,8929,6696,6180,9428,6048,8960,10083,11977,9903,7047,9681,13223,142,10713,10714,14642
0	613	9703	32653,32839,3005,2010,3391,4235,13474,1988,891,4924,4926,5404,8226,16378,4039,3544,212,1907,4874,4925,31581,3151,5477,7284,4527,6333,1755,8528,8929,6696,6180,9428,6048,8960,10083,11977,9903,7047,9681,13223,142,10713,10714,14642,17841
0	613	18402	32653,32839,3005,2010,3391,4235,13474,1988,891,4924,4926,5404,8226,16378,4039,3544,212,1907,4874,4925,31581,3151,5477,7284,4527,6333,1755,8528,8929,6696,6180,9428,6048,8960,10083,11977,9903,7047,9681,13223,142,10713,10714,14642,17841
1	613	20057	32653,32839,3005,2010,3391,4235,13474,1988,891,4924,4926,5404,8226,16378,4039,3544,212,1907,4874,4925,31581,3151,5477,7284,4527,6333,1755,8528,8929,6696,6180,9428,6048,8960,10083,11977,9903,7047,9681,13223,142,10713,10714,14642,17841
0	613	20530	32653,32839,3005,2010,3391,4235,13474,1988,891,4924,4926,5404,8226,16378,4039,3544,212,1907,4874,4925,31581,3151,5477,7284,4527,6333,1755,8528,8929,6696,6180,9428,6048,8960,10083,11977,9903,7047,9681,13223,142,10713,10714,14642,17841,20057
0	613	8535	32653,32839,3005,2010,3391,4235,13474,1988,891,4924,4926,5404,8226,16378,4039,3544,212,1907,4874,4925,31581,3151,5477,7284,4527,6333,1755,8528,8929,6696,6180,9428,6048,8960,10083,11977,9903,7047,9681,13223,142,10713,10714,14642,17841,20057
1	613	17260	32653,32839,3005,2010,3391,4235,13474,1988,891,4924,4926,5404,8226,16378,4039,3544,212,1907,4874,4925,31581,3151,5477,7284,4527,6333,1755,8528,8929,6696,6180,9428,6048,8960,10083,11977,9903,7047,9681,13223,142,10713,10714,14642,17841,20057
0	613	17540	32653,32839,3005,2010,3391,4235,13474,1988,891,4924,4926,5404,8226,16378,4039,3544,212,1907,4874,4925,31581,3151,5477,7284,4527,6333,1755,8528,8929,6696,6180,9428,6048,8960,10083,11977,9903,7047,9681,13223,142,10713,10714,14642,17841,20057,17260
0	613	20341	32653,32839,3005,2010,3391,4235,13474,1988,891,4924,4926,5404,8226,16378,4039,3544,212,1907,4874,4925,31581,3151,5477,7284,4527,6333,1755,8528,8929,6696,6180,9428,6048,8960,10083,11977,9903,7047,9681,13223,142,10713,10714,14642,17841,20057,17260
0	613	20937	32653,32839,3005,2010,3391,4235,13474,1988,891,4924,4926,5404,8226,16378,4039,3544,212,1907,4874,4925,31581,3151,5477,7284,4527,6333,1755,8528,8929,6696,6180,9428,6048,8960,10083,11977,9903,7047,9681,13223,142,10713,10714,14642,17841,20057,17260
0	613	21954	32653,32839,3005,2010,3391,4235,13474,1988,891,4924,4926,5404,8226,16378,4039,3544,212,1907,4874,4925,31581,3151,5477,7284,4527,6333,1755,8528,8929,6696,6180,9428,6048,8960,10083,11977,9903,7047,9681,13223,142,10713,10714,14642,17841,20057,17260
0	613	22348	32653,32839,3005,2010,3391,4235,13474,1988,891,4924,4926,5404,8226,16378,4039,3544,212,1907,4874,4925,31581,3151,5477,7284,4527,6333,1755,8528,8929,6696,6180,9428,6048,8960,10083,11977,9903,7047,9681,13223,142,10713,10714,14642,17841,20057,17260
1	613	15219	32653,32839,3005,2010,3391,4235,13474,1988,891,4924,4926,5404,8226,16378,4039,3544,212,1907,4874,4925,31581,3151,5477,7284,4527,6333,1755,8528,8929,6696,6180,9428,6048,8960,10083,11977,9903,7047,9681,13223,142,10713,10714,14642,17841,20057,17260
1	613	22229	32653,32839,3005,2010,3391,4235,13474,1988,891,4924,4926,5404,8226,16378,4039,3544,212,1907,4874,4925,31581,3151,5477,7284,4527,6333,1755,8528,8929,6696,6180,9428,6048,8960,10083,11977,9903,7047,9681,13223,142,10713,10714,14642,17841,20057,17260,15219
1	613	10718	32653,32839,3005,2010,3391,4235,13474,1988,891,4924,4926,5404,8226,16378,4039,3544,212,1907,4874,4925,31581,3151,5477,7284,4527,6333,1755,8528,8929,6696,6180,9428,6048,8960,10083,11977,9903,7047,9681,13223,142,10713,10714,14642,17841,20057,17260,15219,22229
1	613	16442	32653,32839,3005,2010,3391,4235,13474,1988,891,4924,4926,5404,8226,16378,4039,3544,212,1907,4874,4925,31581,3151,5477,7284,4527,6333,1755,8528,8929,6696,6180,9428,6048,8960,10083,11977,9903,7047,9681,13223,142,10713,10714,14642,17841,20057,17260,15219,22229,10718
0	613	22948	32653,32839,3005,2010,3391,4235,13474,1988,891,4924,4926,5404,8226,16378,4039,3544,212,1907,4874,4925,31581,3151,5477,7284,4527,6333,1755,8528,8929,6696,6180,9428,6048,8960,10083,11977,9903,7047,9681,13223,142,10713,10714,14642,17841,20057,17260,15219,22229,10718,16442
1	613	26126	32653,32839,3005,2010,3391,4235,13474,1988,891,4924,4926,5404,8226,16378,4039,3544,212,1907,4874,4925,31581,3151,5477,7284,4527,6333,1755,8528,8929,6696,6180,9428,6048,8960,10083,11977,9903,7047,9681,13223,142,10713,10714,14642,17841,20057,17260,15219,22229,10718,16442
0	613	31067	32653,32839,3005,2010,3391,4235,13474,1988,891,4924,4926,5404,8226,16378,4039,3544,212,1907,4874,4925,31581,3151,5477,7284,4527,6333,1755,8528,8929,6696,6180,9428,6048,8960,10083,11977,9903,7047,9681,13223,142,10713,10714,14642,17841,20057,17260,15219,22229,10718,16442,26126
0	613	6987	32653,32839,3005,2010,3391,4235,13474,1988,891,4924,4926,5404,8226,16378,4039,3544,212,1907,4874,4925,31581,3151,5477,7284,4527,6333,1755,8528,8929,6696,6180,9428,6048,8960,10083,11977,9903,7047,9681,13223,142,10713,10714,14642,17841,20057,17260,15219,22229,10718,16442,26126
1	613	13092	32653,32839,3005,2010,3391,4235,13474,1988,891,4924,4926,5404,8226,16378,4039,3544,212,1907,4874,4925,31581,3151,5477,7284,4527,6333,1755,8528,8929,6696,6180,9428,6048,8960,10083,11977,9903,7047,9681,13223,142,10713,10714,14642,17841,20057,17260,15219,22229,10718,16442,26126
1	613	20627	32653,32839,3005,2010,3391,4235,13474,1988,891,4924,4926,5404,8226,16378,4039,3544,212,1907,4874,4925,31581,3151,5477,7284,4527,6333,1755,8528,8929,6696,6180,9428,6048,8960,10083,11977,9903,7047,9681,13223,142,10713,10714,14642,17841,20057,17260,15219,22229,10718,16442,26126,13092
0	613	23160	32653,32839,3005,2010,3391,4235,13474,1988,891,4924,4926,5404,8226,16378,4039,3544,212,1907,4874,4925,31581,3151,5477,7284,4527,6333,1755,8528,8929,6696,6180,9428,6048,8960,10083,11977,9903,7047,9681,13223,142,10713,10714,14642,17841,20057,17260,15219,22229,10718,16442,26126,13092,20627
0	613	31059	32653,32839,3005,2010,3391,4235,13474,1988,891,4924,4926,5404,8226,16378,4039,3544,212,1907,4874,4925,31581,3151,5477,7284,4527,6333,1755,8528,8929,6696,6180,9428,6048,8960,10083,11977,9903,7047,9681,13223,142,10713,10714,14642,17841,20057,17260,15219,22229,10718,16442,26126,13092,20627
1	613	14078	32653,32839,3005,2010,3391,4235,13474,1988,891,4924,4926,5404,8226,16378,4039,3544,212,1907,4874,4925,31581,3151,5477,7284,4527,6333,1755,8528,8929,6696,6180,9428,6048,8960,10083,11977,9903,7047,9681,13223,142,10713,10714,14642,17841,20057,17260,15219,22229,10718,16442,26126,13092,20627
1	613	23278	32653,32839,3005,2010,3391,4235,13474,1988,891,4924,4926,5404,8226,16378,4039,3544,212,1907,4874,4925,31581,3151,5477,7284,4527,6333,1755,8528,8929,6696,6180,9428,6048,8960,10083,11977,9903,7047,9681,13223,142,10713,10714,14642,17841,20057,17260,15219,22229,10718,16442,26126,13092,20627,14078
1	613	16168	32653,32839,3005,2010,3391,4235,13474,1988,891,4924,4926,5404,8226,16378,4039,3544,212,1907,4874,4925,31581,3151,5477,7284,4527,6333,1755,8528,8929,6696,6180,9428,6048,8960,10083,11977,9903,7047,9681,13223,142,10713,10714,14642,17841,20057,17260,15219,22229,10718,16442,26126,13092,20627,14078,23278
1	613	17011	32653,32839,3005,2010,3391,4235,13474,1988,891,4924,4926,5404,8226,16378,4039,3544,212,1907,4874,4925,31581,3151,5477,7284,4527,6333,1755,8528,8929,6696,6180,9428,6048,8960,10083,11977,9903,7047,9681,13223,142,10713,10714,14642,17841,20057,17260,15219,22229,10718,16442,26126,13092,20627,14078,23278,16168
0	613	18847	32653,32839,3005,2010,3391,4235,13474,1988,891,4924,4926,5404,8226,16378,4039,3544,212,1907,4874,4925,31581,3151,5477,7284,4527,6333,1755,8528,8929,6696,6180,9428,6048,8960,10083,11977,9903,7047,9681,13223,142,10713,10714,14642,17841,20057,17260,15219,22229,10718,16442,26126,13092,20627,14078,23278,16168,17011
0	613	23159	32653,32839,3005,2010,3391,4235,13474,1988,891,4924,4926,5404,8226,16378,4039,3544,212,1907,4874,4925,31581,3151,5477,7284,4527,6333,1755,8528,8929,6696,6180,9428,6048,8960,10083,11977,9903,7047,9681,13223,142,10713,10714,14642,17841,20057,17260,15219,22229,10718,16442,26126,13092,20627,14078,23278,16168,17011
0	613	25379	32653,32839,3005,2010,3391,4235,13474,1988,891,4924,4926,5404,8226,16378,4039,3544,212,1907,4874,4925,31581,3151,5477,7284,4527,6333,1755,8528,8929,6696,6180,9428,6048,8960,10083,11977,9903,7047,9681,13223,142,10713,10714,14642,17841,20057,17260,15219,22229,10718,16442,26126,13092,20627,14078,23278,16168,17011
1	613	22111	32653,32839,3005,2010,3391,4235,13474,1988,891,4924,4926,5404,8226,16378,4039,3544,212,1907,4874,4925,31581,3151,5477,7284,4527,6333,1755,8528,8929,6696,6180,9428,6048,8960,10083,11977,9903,7047,9681,13223,142,10713,10714,14642,17841,20057,17260,15219,22229,10718,16442,26126,13092,20627,14078,23278,16168,17011
0	613	22258	32653,32839,3005,2010,3391,4235,13474,1988,891,4924,4926,5404,8226,16378,4039,3544,212,1907,4874,4925,31581,3151,5477,7284,4527,6333,1755,8528,8929,6696,6180,9428,6048,8960,10083,11977,9903,7047,9681,13223,142,10713,10714,14642,17841,20057,17260,15219,22229,10718,16442,26126,13092,20627,14078,23278,16168,17011,22111
0	613	22063	32653,32839,3005,2010,3391,4235,13474,1988,891,4924,4926,5404,8226,16378,4039,3544,212,1907,4874,4925,31581,3151,5477,7284,4527,6333,1755,8528,8929,6696,6180,9428,6048,8960,10083,11977,9903,7047,9681,13223,142,10713,10714,14642,17841,20057,17260,15219,22229,10718,16442,26126,13092,20627,14078,23278,16168,17011,22111
0	613	24034	32653,32839,3005,2010,3391,4235,13474,1988,891,4924,4926,5404,8226,16378,4039,3544,212,1907,4874,4925,31581,3151,5477,7284,4527,6333,1755,8528,8929,6696,6180,9428,6048,8960,10083,11977,9903,7047,9681,13223,142,10713,10714,14642,17841,20057,17260,15219,22229,10718,16442,26126,13092,20627,14078,23278,16168,17011,22111
0	613	22817	32653,32839,3005,2010,3391,4235,13474,1988,891,4924,4926,5404,8226,16378,4039,3544,212,1907,4874,4925,31581,3151,5477,7284,4527,6333,1755,8528,8929,6696,6180,9428,6048,8960,10083,11977,9903,7047,9681,13223,142,10713,10714,14642,17841,20057,17260,15219,22229,10718,16442,26126,13092,20627,14078,23278,16168,17011,22111
0	613	24727	32653,32839,3005,2010,3391,4235,13474,1988,891,4924,4926,5404,8226,16378,4039,3544,212,1907,4874,4925,31581,3151,5477,7284,4527,6333,1755,8528,8929,6696,6180,9428,6048,8960,10083,11977,9903,7047,9681,13223,142,10713,10714,14642,17841,20057,17260,15219,22229,10718,16442,26126,13092,20627,14078,23278,16168,17011,22111
0	613	25997	32653,32839,3005,2010,3391,4235,13474,1988,891,4924,4926,5404,8226,16378,4039,3544,212,1907,4874,4925,31581,3151,5477,7284,4527,6333,1755,8528,8929,6696,6180,9428,6048,8960,10083,11977,9903,7047,9681,13223,142,10713,10714,14642,17841,20057,17260,15219,22229,10718,16442,26126,13092,20627,14078,23278,16168,17011,22111
0	613	24730	32653,32839,3005,2010,3391,4235,13474,1988,891,4924,4926,5404,8226,16378,4039,3544,212,1907,4874,4925,31581,3151,5477,7284,4527,6333,1755,8528,8929,6696,6180,9428,6048,8960,10083,11977,9903,7047,9681,13223,142,10713,10714,14642,17841,20057,17260,15219,22229,10718,16442,26126,13092,20627,14078,23278,16168,17011,22111
1	613	22217	32653,32839,3005,2010,3391,4235,13474,1988,891,4924,4926,5404,8226,16378,4039,3544,212,1907,4874,4925,31581,3151,5477,7284,4527,6333,1755,8528,8929,6696,6180,9428,6048,8960,10083,11977,9903,7047,9681,13223,142,10713,10714,14642,17841,20057,17260,15219,22229,10718,16442,26126,13092,20627,14078,23278,16168,17011,22111
1	613	10601	32653,32839,3005,2010,3391,4235,13474,1988,891,4924,4926,5404,8226,16378,4039,3544,212,1907,4874,4925,31581,3151,5477,7284,4527,6333,1755,8528,8929,6696,6180,9428,6048,8960,10083,11977,9903,7047,9681,13223,142,10713,10714,14642,17841,20057,17260,15219,22229,10718,16442,26126,13092,20627,14078,23278,16168,17011,22111,22217
1	613	15218	32653,32839,3005,2010,3391,4235,13474,1988,891,4924,4926,5404,8226,16378,4039,3544,212,1907,4874,4925,31581,3151,5477,7284,4527,6333,1755,8528,8929,6696,6180,9428,6048,8960,10083,11977,9903,7047,9681,13223,142,10713,10714,14642,17841,20057,17260,15219,22229,10718,16442,26126,13092,20627,14078,23278,16168,17011,22111,22217,10601
0	613	25119	32653,32839,3005,2010,3391,4235,13474,1988,891,4924,4926,5404,8226,16378,4039,3544,212,1907,4874,4925,31581,3151,5477,7284,4527,6333,1755,8528,8929,6696,6180,9428,6048,8960,10083,11977,9903,7047,9681,13223,142,10713,10714,14642,17841,20057,17260,15219,22229,10718,16442,26126,13092,20627,14078,23278,16168,17011,22111,22217,10601,15218
1	613	27292	32653,32839,3005,2010,3391,4235,13474,1988,891,4924,4926,5404,8226,16378,4039,3544,212,1907,4874,4925,31581,3151,5477,7284,4527,6333,1755,8528,8929,6696,6180,9428,6048,8960,10083,11977,9903,7047,9681,13223,142,10713,10714,14642,17841,20057,17260,15219,22229,10718,16442,26126,13092,20627,14078,23278,16168,17011,22111,22217,10601,15218
0	613	27294	32653,32839,3005,2010,3391,4235,13474,1988,891,4924,4926,5404,8226,16378,4039,3544,212,1907,4874,4925,31581,3151,5477,7284,4527,6333,1755,8528,8929,6696,6180,9428,6048,8960,10083,11977,9903,7047,9681,13223,142,10713,10714,14642,17841,20057,17260,15219,22229,10718,16442,26126,13092,20627,14078,23278,16168,17011,22111,22217,10601,15218,27292
1	613	27999	32653,32839,3005,2010,3391,4235,13474,1988,891,4924,4926,5404,8226,16378,4039,3544,212,1907,4874,4925,31581,3151,5477,7284,4527,6333,1755,8528,8929,6696,6180,9428,6048,8960,10083,11977,9903,7047,9681,13223,142,10713,10714,14642,17841,20057,17260,15219,22229,10718,16442,26126,13092,20627,14078,23278,16168,17011,22111,22217,10601,15218,27292
1	613	26837	32653,32839,3005,2010,3391,4235,13474,1988,891,4924,4926,5404,8226,16378,4039,3544,212,1907,4874,4925,31581,3151,5477,7284,4527,6333,1755,8528,8929,6696,6180,9428,6048,8960,10083,11977,9903,7047,9681,13223,142,10713,10714,14642,17841,20057,17260,15219,22229,10718,16442,26126,13092,20627,14078,23278,16168,17011,22111,22217,10601,15218,27292,27999
1	613	27750	32653,32839,3005,2010,3391,4235,13474,1988,891,4924,4926,5404,8226,16378,4039,3544,212,1907,4874,4925,31581,3151,5477,7284,4527,6333,1755,8528,8929,6696,6180,9428,6048,8960,10083,11977,9903,7047,9681,13223,142,10713,10714,14642,17841,20057,17260,15219,22229,10718,16442,26126,13092,20627,14078,23278,16168,17011,22111,22217,10601,15218,27292,27999,26837
0	613	28543	32653,32839,3005,2010,3391,4235,13474,1988,891,4924,4926,5404,8226,16378,4039,3544,212,1907,4874,4925,31581,3151,5477,7284,4527,6333,1755,8528,8929,6696,6180,9428,6048,8960,10083,11977,9903,7047,9681,13223,142,10713,10714,14642,17841,20057,17260,15219,22229,10718,16442,26126,13092,20627,14078,23278,16168,17011,22111,22217,10601,15218,27292,27999,26837,27750
