0	430	31912	0
1	430	16828	0
1	430	16811	16828
1	430	22649	16828,16811
1	430	24302	16828,16811,22649
1	430	734	16828,16811,22649,24302
1	430	31702	16828,16811,22649,24302,734
0	430	32730	16828,16811,22649,24302,734,31702
1	430	2357	16828,16811,22649,24302,734,31702
1	430	957	16828,16811,22649,24302,734,31702,2357
0	430	2002	16828,16811,22649,24302,734,31702,2357,957
1	430	27102	16828,16811,22649,24302,734,31702,2357,957
1	430	4757	16828,16811,22649,24302,734,31702,2357,957,27102
0	430	32153	16828,16811,22649,24302,734,31702,2357,957,27102,4757
0	430	956	16828,16811,22649,24302,734,31702,2357,957,27102,4757
1	430	5769	16828,16811,22649,24302,734,31702,2357,957,27102,4757
1	430	6785	16828,16811,22649,24302,734,31702,2357,957,27102,4757,5769
1	430	5264	16828,16811,22649,24302,734,31702,2357,957,27102,4757,5769,6785
0	430	27104	16828,16811,22649,24302,734,31702,2357,957,27102,4757,5769,6785,5264
1	430	16019	16828,16811,22649,24302,734,31702,2357,957,27102,4757,5769,6785,5264
1	430	10088	16828,16811,22649,24302,734,31702,2357,957,27102,4757,5769,6785,5264,16019
1	430	9928	16828,16811,22649,24302,734,31702,2357,957,27102,4757,5769,6785,5264,16019,10088
0	430	7906	16828,16811,22649,24302,734,31702,2357,957,27102,4757,5769,6785,5264,16019,10088,9928
1	430	13984	16828,16811,22649,24302,734,31702,2357,957,27102,4757,5769,6785,5264,16019,10088,9928
1	430	6851	16828,16811,22649,24302,734,31702,2357,957,27102,4757,5769,6785,5264,16019,10088,9928,13984
1	430	19358	16828,16811,22649,24302,734,31702,2357,957,27102,4757,5769,6785,5264,16019,10088,9928,13984,6851
0	430	9411	16828,16811,22649,24302,734,31702,2357,957,27102,4757,5769,6785,5264,16019,10088,9928,13984,6851,19358
0	430	21464	16828,16811,22649,24302,734,31702,2357,957,27102,4757,5769,6785,5264,16019,10088,9928,13984,6851,19358
1	430	11112	16828,16811,22649,24302,734,31702,2357,957,27102,4757,5769,6785,5264,16019,10088,9928,13984,6851,19358
1	430	19643	16828,16811,22649,24302,734,31702,2357,957,27102,4757,5769,6785,5264,16019,10088,9928,13984,6851,19358,11112
1	430	13098	16828,16811,22649,24302,734,31702,2357,957,27102,4757,5769,6785,5264,16019,10088,9928,13984,6851,19358,11112,19643
1	430	1262	16828,16811,22649,24302,734,31702,2357,957,27102,4757,5769,6785,5264,16019,10088,9928,13984,6851,19358,11112,19643,13098
1	430	9147	16828,16811,22649,24302,734,31702,2357,957,27102,4757,5769,6785,5264,16019,10088,9928,13984,6851,19358,11112,19643,13098,1262
0	430	14548	16828,16811,22649,24302,734,31702,2357,957,27102,4757,5769,6785,5264,16019,10088,9928,13984,6851,19358,11112,19643,13098,1262,9147
0	430	23674	16828,16811,22649,24302,734,31702,2357,957,27102,4757,5769,6785,5264,16019,10088,9928,13984,6851,19358,11112,19643,13098,1262,9147
1	430	25123	16828,16811,22649,24302,734,31702,2357,957,27102,4757,5769,6785,5264,16019,10088,9928,13984,6851,19358,11112,19643,13098,1262,9147
0	430	26148	16828,16811,22649,24302,734,31702,2357,957,27102,4757,5769,6785,5264,16019,10088,9928,13984,6851,19358,11112,19643,13098,1262,9147,25123
0	430	28971	16828,16811,22649,24302,734,31702,2357,957,27102,4757,5769,6785,5264,16019,10088,9928,13984,6851,19358,11112,19643,13098,1262,9147,25123
1	430	20807	16828,16811,22649,24302,734,31702,2357,957,27102,4757,5769,6785,5264,16019,10088,9928,13984,6851,19358,11112,19643,13098,1262,9147,25123
1	430	22747	16828,16811,22649,24302,734,31702,2357,957,27102,4757,5769,6785,5264,16019,10088,9928,13984,6851,19358,11112,19643,13098,1262,9147,25123,20807
1	430	27140	16828,16811,22649,24302,734,31702,2357,957,27102,4757,5769,6785,5264,16019,10088,9928,13984,6851,19358,11112,19643,13098,1262,9147,25123,20807,22747
