1	1593	32173	0
0	1593	6556	32173
0	1593	1988	32173
0	1593	31688	32173
0	1593	31689	32173
0	1593	2211	32173
0	1593	1989	32173
0	1593	3131	32173
0	1593	4951	32173
0	1593	5975	32173
0	1593	6444	32173
0	1593	4035	32173
0	1593	6279	32173
0	1593	7414	32173
1	1593	5665	32173
0	1593	6340	32173,5665
0	1593	8176	32173,5665
0	1593	5540	32173,5665
0	1593	7284	32173,5665
0	1593	8206	32173,5665
1	1593	8631	32173,5665
0	1593	8386	32173,5665,8631
0	1593	8890	32173,5665,8631
0	1593	6889	32173,5665,8631
0	1593	8310	32173,5665,8631
1	1593	8567	32173,5665,8631
1	1593	8570	32173,5665,8631,8567
1	1593	8571	32173,5665,8631,8567,8570
1	1593	8572	32173,5665,8631,8567,8570,8571
0	1593	8655	32173,5665,8631,8567,8570,8571,8572
1	1593	9013	32173,5665,8631,8567,8570,8571,8572
0	1593	8938	32173,5665,8631,8567,8570,8571,8572,9013
0	1593	7093	32173,5665,8631,8567,8570,8571,8572,9013
0	1593	5664	32173,5665,8631,8567,8570,8571,8572,9013
0	1593	7940	32173,5665,8631,8567,8570,8571,8572,9013
0	1593	4857	32173,5665,8631,8567,8570,8571,8572,9013
0	1593	8343	32173,5665,8631,8567,8570,8571,8572,9013
0	1593	3603	32173,5665,8631,8567,8570,8571,8572,9013
0	1593	8960	32173,5665,8631,8567,8570,8571,8572,9013
0	1593	9071	32173,5665,8631,8567,8570,8571,8572,9013
0	1593	9067	32173,5665,8631,8567,8570,8571,8572,9013
0	1593	7336	32173,5665,8631,8567,8570,8571,8572,9013
0	1593	253	32173,5665,8631,8567,8570,8571,8572,9013
0	1593	5217	32173,5665,8631,8567,8570,8571,8572,9013
0	1593	8396	32173,5665,8631,8567,8570,8571,8572,9013
0	1593	10660	32173,5665,8631,8567,8570,8571,8572,9013
0	1593	9462	32173,5665,8631,8567,8570,8571,8572,9013
0	1593	7634	32173,5665,8631,8567,8570,8571,8572,9013
1	1593	11048	32173,5665,8631,8567,8570,8571,8572,9013
0	1593	11923	32173,5665,8631,8567,8570,8571,8572,9013,11048
0	1593	11841	32173,5665,8631,8567,8570,8571,8572,9013,11048
0	1593	9616	32173,5665,8631,8567,8570,8571,8572,9013,11048
1	1593	9637	32173,5665,8631,8567,8570,8571,8572,9013,11048
0	1593	9904	32173,5665,8631,8567,8570,8571,8572,9013,11048,9637
0	1593	11083	32173,5665,8631,8567,8570,8571,8572,9013,11048,9637
0	1593	23471	32173,5665,8631,8567,8570,8571,8572,9013,11048,9637
0	1593	8044	32173,5665,8631,8567,8570,8571,8572,9013,11048,9637
0	1593	13401	32173,5665,8631,8567,8570,8571,8572,9013,11048,9637
0	1593	8575	32173,5665,8631,8567,8570,8571,8572,9013,11048,9637
1	1593	15019	32173,5665,8631,8567,8570,8571,8572,9013,11048,9637
0	1593	14658	32173,5665,8631,8567,8570,8571,8572,9013,11048,9637,15019
0	1593	15100	32173,5665,8631,8567,8570,8571,8572,9013,11048,9637,15019
0	1593	12936	32173,5665,8631,8567,8570,8571,8572,9013,11048,9637,15019
0	1593	4863	32173,5665,8631,8567,8570,8571,8572,9013,11048,9637,15019
0	1593	6767	32173,5665,8631,8567,8570,8571,8572,9013,11048,9637,15019
0	1593	13172	32173,5665,8631,8567,8570,8571,8572,9013,11048,9637,15019
0	1593	15280	32173,5665,8631,8567,8570,8571,8572,9013,11048,9637,15019
0	1593	15101	32173,5665,8631,8567,8570,8571,8572,9013,11048,9637,15019
0	1593	10740	32173,5665,8631,8567,8570,8571,8572,9013,11048,9637,15019
1	1593	1511	32173,5665,8631,8567,8570,8571,8572,9013,11048,9637,15019
0	1593	17994	32173,5665,8631,8567,8570,8571,8572,9013,11048,9637,15019,1511
0	1593	22063	32173,5665,8631,8567,8570,8571,8572,9013,11048,9637,15019,1511
0	1593	13353	32173,5665,8631,8567,8570,8571,8572,9013,11048,9637,15019,1511
0	1593	26163	32173,5665,8631,8567,8570,8571,8572,9013,11048,9637,15019,1511
0	1593	25198	32173,5665,8631,8567,8570,8571,8572,9013,11048,9637,15019,1511
0	1593	23976	32173,5665,8631,8567,8570,8571,8572,9013,11048,9637,15019,1511
0	1593	23478	32173,5665,8631,8567,8570,8571,8572,9013,11048,9637,15019,1511
0	1593	26764	32173,5665,8631,8567,8570,8571,8572,9013,11048,9637,15019,1511
0	1593	27399	32173,5665,8631,8567,8570,8571,8572,9013,11048,9637,15019,1511
1	1593	19933	32173,5665,8631,8567,8570,8571,8572,9013,11048,9637,15019,1511
1	1593	21133	32173,5665,8631,8567,8570,8571,8572,9013,11048,9637,15019,1511,19933
0	1593	9298	32173,5665,8631,8567,8570,8571,8572,9013,11048,9637,15019,1511,19933,21133
1	1593	10832	32173,5665,8631,8567,8570,8571,8572,9013,11048,9637,15019,1511,19933,21133
1	1593	27537	32173,5665,8631,8567,8570,8571,8572,9013,11048,9637,15019,1511,19933,21133,10832
1	1593	27909	32173,5665,8631,8567,8570,8571,8572,9013,11048,9637,15019,1511,19933,21133,10832,27537
1	1593	27152	32173,5665,8631,8567,8570,8571,8572,9013,11048,9637,15019,1511,19933,21133,10832,27537,27909
