1	1429	1140	0
1	1429	3071	1140
1	1429	6383	1140,3071
1	1429	5638	1140,3071,6383
1	1429	2839	1140,3071,6383,5638
0	1429	6780	1140,3071,6383,5638,2839
0	1429	8176	1140,3071,6383,5638,2839
0	1429	10331	1140,3071,6383,5638,2839
1	1429	1279	1140,3071,6383,5638,2839
1	1429	8491	1140,3071,6383,5638,2839,1279
0	1429	11460	1140,3071,6383,5638,2839,1279,8491
1	1429	5279	1140,3071,6383,5638,2839,1279,8491
1	1429	1496	1140,3071,6383,5638,2839,1279,8491,5279
0	1429	13852	1140,3071,6383,5638,2839,1279,8491,5279,1496
1	1429	2826	1140,3071,6383,5638,2839,1279,8491,5279,1496
1	1429	5291	1140,3071,6383,5638,2839,1279,8491,5279,1496,2826
0	1429	11274	1140,3071,6383,5638,2839,1279,8491,5279,1496,2826,5291
0	1429	11480	1140,3071,6383,5638,2839,1279,8491,5279,1496,2826,5291
1	1429	13931	1140,3071,6383,5638,2839,1279,8491,5279,1496,2826,5291
0	1429	14648	1140,3071,6383,5638,2839,1279,8491,5279,1496,2826,5291,13931
0	1429	11275	1140,3071,6383,5638,2839,1279,8491,5279,1496,2826,5291,13931
0	1429	10863	1140,3071,6383,5638,2839,1279,8491,5279,1496,2826,5291,13931
0	1429	15426	1140,3071,6383,5638,2839,1279,8491,5279,1496,2826,5291,13931
0	1429	14699	1140,3071,6383,5638,2839,1279,8491,5279,1496,2826,5291,13931
0	1429	17247	1140,3071,6383,5638,2839,1279,8491,5279,1496,2826,5291,13931
1	1429	12161	1140,3071,6383,5638,2839,1279,8491,5279,1496,2826,5291,13931
1	1429	17944	1140,3071,6383,5638,2839,1279,8491,5279,1496,2826,5291,13931,12161
0	1429	13678	1140,3071,6383,5638,2839,1279,8491,5279,1496,2826,5291,13931,12161,17944
1	1429	15602	1140,3071,6383,5638,2839,1279,8491,5279,1496,2826,5291,13931,12161,17944
1	1429	18525	1140,3071,6383,5638,2839,1279,8491,5279,1496,2826,5291,13931,12161,17944,15602
1	1429	20282	1140,3071,6383,5638,2839,1279,8491,5279,1496,2826,5291,13931,12161,17944,15602,18525
1	1429	15461	1140,3071,6383,5638,2839,1279,8491,5279,1496,2826,5291,13931,12161,17944,15602,18525,20282
0	1429	5044	1140,3071,6383,5638,2839,1279,8491,5279,1496,2826,5291,13931,12161,17944,15602,18525,20282,15461
1	1429	14599	1140,3071,6383,5638,2839,1279,8491,5279,1496,2826,5291,13931,12161,17944,15602,18525,20282,15461
1	1429	22718	1140,3071,6383,5638,2839,1279,8491,5279,1496,2826,5291,13931,12161,17944,15602,18525,20282,15461,14599
1	1429	24042	1140,3071,6383,5638,2839,1279,8491,5279,1496,2826,5291,13931,12161,17944,15602,18525,20282,15461,14599,22718
1	1429	26384	1140,3071,6383,5638,2839,1279,8491,5279,1496,2826,5291,13931,12161,17944,15602,18525,20282,15461,14599,22718,24042
1	1429	22844	1140,3071,6383,5638,2839,1279,8491,5279,1496,2826,5291,13931,12161,17944,15602,18525,20282,15461,14599,22718,24042,26384
1	1429	22983	1140,3071,6383,5638,2839,1279,8491,5279,1496,2826,5291,13931,12161,17944,15602,18525,20282,15461,14599,22718,24042,26384,22844
1	1429	6218	1140,3071,6383,5638,2839,1279,8491,5279,1496,2826,5291,13931,12161,17944,15602,18525,20282,15461,14599,22718,24042,26384,22844,22983
1	1429	21861	1140,3071,6383,5638,2839,1279,8491,5279,1496,2826,5291,13931,12161,17944,15602,18525,20282,15461,14599,22718,24042,26384,22844,22983,6218
1	1429	15808	1140,3071,6383,5638,2839,1279,8491,5279,1496,2826,5291,13931,12161,17944,15602,18525,20282,15461,14599,22718,24042,26384,22844,22983,6218,21861
1	1429	19152	1140,3071,6383,5638,2839,1279,8491,5279,1496,2826,5291,13931,12161,17944,15602,18525,20282,15461,14599,22718,24042,26384,22844,22983,6218,21861,15808
1	1429	28120	1140,3071,6383,5638,2839,1279,8491,5279,1496,2826,5291,13931,12161,17944,15602,18525,20282,15461,14599,22718,24042,26384,22844,22983,6218,21861,15808,19152
1	1429	27987	1140,3071,6383,5638,2839,1279,8491,5279,1496,2826,5291,13931,12161,17944,15602,18525,20282,15461,14599,22718,24042,26384,22844,22983,6218,21861,15808,19152,28120
1	1429	31123	1140,3071,6383,5638,2839,1279,8491,5279,1496,2826,5291,13931,12161,17944,15602,18525,20282,15461,14599,22718,24042,26384,22844,22983,6218,21861,15808,19152,28120,27987
1	1429	4420	1140,3071,6383,5638,2839,1279,8491,5279,1496,2826,5291,13931,12161,17944,15602,18525,20282,15461,14599,22718,24042,26384,22844,22983,6218,21861,15808,19152,28120,27987,31123
1	1429	13371	1140,3071,6383,5638,2839,1279,8491,5279,1496,2826,5291,13931,12161,17944,15602,18525,20282,15461,14599,22718,24042,26384,22844,22983,6218,21861,15808,19152,28120,27987,31123,4420
1	1429	15051	1140,3071,6383,5638,2839,1279,8491,5279,1496,2826,5291,13931,12161,17944,15602,18525,20282,15461,14599,22718,24042,26384,22844,22983,6218,21861,15808,19152,28120,27987,31123,4420,13371
1	1429	16054	1140,3071,6383,5638,2839,1279,8491,5279,1496,2826,5291,13931,12161,17944,15602,18525,20282,15461,14599,22718,24042,26384,22844,22983,6218,21861,15808,19152,28120,27987,31123,4420,13371,15051
1	1429	18523	1140,3071,6383,5638,2839,1279,8491,5279,1496,2826,5291,13931,12161,17944,15602,18525,20282,15461,14599,22718,24042,26384,22844,22983,6218,21861,15808,19152,28120,27987,31123,4420,13371,15051,16054
1	1429	22248	1140,3071,6383,5638,2839,1279,8491,5279,1496,2826,5291,13931,12161,17944,15602,18525,20282,15461,14599,22718,24042,26384,22844,22983,6218,21861,15808,19152,28120,27987,31123,4420,13371,15051,16054,18523
0	1429	22862	1140,3071,6383,5638,2839,1279,8491,5279,1496,2826,5291,13931,12161,17944,15602,18525,20282,15461,14599,22718,24042,26384,22844,22983,6218,21861,15808,19152,28120,27987,31123,4420,13371,15051,16054,18523,22248
1	1429	23691	1140,3071,6383,5638,2839,1279,8491,5279,1496,2826,5291,13931,12161,17944,15602,18525,20282,15461,14599,22718,24042,26384,22844,22983,6218,21861,15808,19152,28120,27987,31123,4420,13371,15051,16054,18523,22248
1	1429	25645	1140,3071,6383,5638,2839,1279,8491,5279,1496,2826,5291,13931,12161,17944,15602,18525,20282,15461,14599,22718,24042,26384,22844,22983,6218,21861,15808,19152,28120,27987,31123,4420,13371,15051,16054,18523,22248,23691
1	1429	25788	1140,3071,6383,5638,2839,1279,8491,5279,1496,2826,5291,13931,12161,17944,15602,18525,20282,15461,14599,22718,24042,26384,22844,22983,6218,21861,15808,19152,28120,27987,31123,4420,13371,15051,16054,18523,22248,23691,25645
1	1429	28250	1140,3071,6383,5638,2839,1279,8491,5279,1496,2826,5291,13931,12161,17944,15602,18525,20282,15461,14599,22718,24042,26384,22844,22983,6218,21861,15808,19152,28120,27987,31123,4420,13371,15051,16054,18523,22248,23691,25645,25788
1	1429	28750	1140,3071,6383,5638,2839,1279,8491,5279,1496,2826,5291,13931,12161,17944,15602,18525,20282,15461,14599,22718,24042,26384,22844,22983,6218,21861,15808,19152,28120,27987,31123,4420,13371,15051,16054,18523,22248,23691,25645,25788,28250
1	1429	29845	1140,3071,6383,5638,2839,1279,8491,5279,1496,2826,5291,13931,12161,17944,15602,18525,20282,15461,14599,22718,24042,26384,22844,22983,6218,21861,15808,19152,28120,27987,31123,4420,13371,15051,16054,18523,22248,23691,25645,25788,28250,28750
