0	226	2163	0
0	226	2931	0
1	226	3360	0
1	226	3050	3360
1	226	10541	3360,3050
1	226	7634	3360,3050,10541
0	226	4854	3360,3050,10541,7634
1	226	12161	3360,3050,10541,7634
0	226	11178	3360,3050,10541,7634,12161
0	226	15030	3360,3050,10541,7634,12161
0	226	15650	3360,3050,10541,7634,12161
1	226	16449	3360,3050,10541,7634,12161
1	226	6976	3360,3050,10541,7634,12161,16449
0	226	15500	3360,3050,10541,7634,12161,16449,6976
0	226	15221	3360,3050,10541,7634,12161,16449,6976
0	226	16105	3360,3050,10541,7634,12161,16449,6976
1	226	10113	3360,3050,10541,7634,12161,16449,6976
0	226	19172	3360,3050,10541,7634,12161,16449,6976,10113
0	226	20114	3360,3050,10541,7634,12161,16449,6976,10113
1	226	11870	3360,3050,10541,7634,12161,16449,6976,10113
1	226	22539	3360,3050,10541,7634,12161,16449,6976,10113,11870
1	226	21949	3360,3050,10541,7634,12161,16449,6976,10113,11870,22539
1	226	23452	3360,3050,10541,7634,12161,16449,6976,10113,11870,22539,21949
1	226	22101	3360,3050,10541,7634,12161,16449,6976,10113,11870,22539,21949,23452
0	226	22264	3360,3050,10541,7634,12161,16449,6976,10113,11870,22539,21949,23452,22101
1	226	12432	3360,3050,10541,7634,12161,16449,6976,10113,11870,22539,21949,23452,22101
1	226	16062	3360,3050,10541,7634,12161,16449,6976,10113,11870,22539,21949,23452,22101,12432
0	226	24727	3360,3050,10541,7634,12161,16449,6976,10113,11870,22539,21949,23452,22101,12432,16062
1	226	23453	3360,3050,10541,7634,12161,16449,6976,10113,11870,22539,21949,23452,22101,12432,16062
0	226	23598	3360,3050,10541,7634,12161,16449,6976,10113,11870,22539,21949,23452,22101,12432,16062,23453
1	226	24384	3360,3050,10541,7634,12161,16449,6976,10113,11870,22539,21949,23452,22101,12432,16062,23453
1	226	26908	3360,3050,10541,7634,12161,16449,6976,10113,11870,22539,21949,23452,22101,12432,16062,23453,24384
0	226	3374	3360,3050,10541,7634,12161,16449,6976,10113,11870,22539,21949,23452,22101,12432,16062,23453,24384,26908
0	226	21601	3360,3050,10541,7634,12161,16449,6976,10113,11870,22539,21949,23452,22101,12432,16062,23453,24384,26908
0	226	26393	3360,3050,10541,7634,12161,16449,6976,10113,11870,22539,21949,23452,22101,12432,16062,23453,24384,26908
0	226	8957	3360,3050,10541,7634,12161,16449,6976,10113,11870,22539,21949,23452,22101,12432,16062,23453,24384,26908
0	226	25116	3360,3050,10541,7634,12161,16449,6976,10113,11870,22539,21949,23452,22101,12432,16062,23453,24384,26908
0	226	24630	3360,3050,10541,7634,12161,16449,6976,10113,11870,22539,21949,23452,22101,12432,16062,23453,24384,26908
0	226	26178	3360,3050,10541,7634,12161,16449,6976,10113,11870,22539,21949,23452,22101,12432,16062,23453,24384,26908
1	226	27416	3360,3050,10541,7634,12161,16449,6976,10113,11870,22539,21949,23452,22101,12432,16062,23453,24384,26908
1	226	28004	3360,3050,10541,7634,12161,16449,6976,10113,11870,22539,21949,23452,22101,12432,16062,23453,24384,26908,27416
1	226	28015	3360,3050,10541,7634,12161,16449,6976,10113,11870,22539,21949,23452,22101,12432,16062,23453,24384,26908,27416,28004
