0	1240	12627	0
1	1240	5866	0
1	1240	5867	5866
1	1240	22460	5866,5867
1	1240	22826	5866,5867,22460
1	1240	23591	5866,5867,22460,22826
1	1240	23625	5866,5867,22460,22826,23591
0	1240	14238	5866,5867,22460,22826,23591,23625
0	1240	14944	5866,5867,22460,22826,23591,23625
1	1240	18437	5866,5867,22460,22826,23591,23625
1	1240	19456	5866,5867,22460,22826,23591,23625,18437
0	1240	19055	5866,5867,22460,22826,23591,23625,18437,19456
0	1240	19110	5866,5867,22460,22826,23591,23625,18437,19456
1	1240	19698	5866,5867,22460,22826,23591,23625,18437,19456
0	1240	21558	5866,5867,22460,22826,23591,23625,18437,19456,19698
1	1240	22331	5866,5867,22460,22826,23591,23625,18437,19456,19698
1	1240	23680	5866,5867,22460,22826,23591,23625,18437,19456,19698,22331
1	1240	24129	5866,5867,22460,22826,23591,23625,18437,19456,19698,22331,23680
0	1240	169	5866,5867,22460,22826,23591,23625,18437,19456,19698,22331,23680,24129
1	1240	5388	5866,5867,22460,22826,23591,23625,18437,19456,19698,22331,23680,24129
0	1240	20916	5866,5867,22460,22826,23591,23625,18437,19456,19698,22331,23680,24129,5388
0	1240	17811	5866,5867,22460,22826,23591,23625,18437,19456,19698,22331,23680,24129,5388
1	1240	2082	5866,5867,22460,22826,23591,23625,18437,19456,19698,22331,23680,24129,5388
1	1240	1524	5866,5867,22460,22826,23591,23625,18437,19456,19698,22331,23680,24129,5388,2082
1	1240	8664	5866,5867,22460,22826,23591,23625,18437,19456,19698,22331,23680,24129,5388,2082,1524
1	1240	7558	5866,5867,22460,22826,23591,23625,18437,19456,19698,22331,23680,24129,5388,2082,1524,8664
1	1240	17174	5866,5867,22460,22826,23591,23625,18437,19456,19698,22331,23680,24129,5388,2082,1524,8664,7558
0	1240	18843	5866,5867,22460,22826,23591,23625,18437,19456,19698,22331,23680,24129,5388,2082,1524,8664,7558,17174
1	1240	23881	5866,5867,22460,22826,23591,23625,18437,19456,19698,22331,23680,24129,5388,2082,1524,8664,7558,17174
1	1240	11471	5866,5867,22460,22826,23591,23625,18437,19456,19698,22331,23680,24129,5388,2082,1524,8664,7558,17174,23881
1	1240	10779	5866,5867,22460,22826,23591,23625,18437,19456,19698,22331,23680,24129,5388,2082,1524,8664,7558,17174,23881,11471
0	1240	18481	5866,5867,22460,22826,23591,23625,18437,19456,19698,22331,23680,24129,5388,2082,1524,8664,7558,17174,23881,11471,10779
0	1240	1320	5866,5867,22460,22826,23591,23625,18437,19456,19698,22331,23680,24129,5388,2082,1524,8664,7558,17174,23881,11471,10779
1	1240	5878	5866,5867,22460,22826,23591,23625,18437,19456,19698,22331,23680,24129,5388,2082,1524,8664,7558,17174,23881,11471,10779
0	1240	6571	5866,5867,22460,22826,23591,23625,18437,19456,19698,22331,23680,24129,5388,2082,1524,8664,7558,17174,23881,11471,10779,5878
0	1240	15275	5866,5867,22460,22826,23591,23625,18437,19456,19698,22331,23680,24129,5388,2082,1524,8664,7558,17174,23881,11471,10779,5878
1	1240	11402	5866,5867,22460,22826,23591,23625,18437,19456,19698,22331,23680,24129,5388,2082,1524,8664,7558,17174,23881,11471,10779,5878
1	1240	12055	5866,5867,22460,22826,23591,23625,18437,19456,19698,22331,23680,24129,5388,2082,1524,8664,7558,17174,23881,11471,10779,5878,11402
0	1240	21370	5866,5867,22460,22826,23591,23625,18437,19456,19698,22331,23680,24129,5388,2082,1524,8664,7558,17174,23881,11471,10779,5878,11402,12055
1	1240	25080	5866,5867,22460,22826,23591,23625,18437,19456,19698,22331,23680,24129,5388,2082,1524,8664,7558,17174,23881,11471,10779,5878,11402,12055
1	1240	16787	5866,5867,22460,22826,23591,23625,18437,19456,19698,22331,23680,24129,5388,2082,1524,8664,7558,17174,23881,11471,10779,5878,11402,12055,25080
0	1240	27787	5866,5867,22460,22826,23591,23625,18437,19456,19698,22331,23680,24129,5388,2082,1524,8664,7558,17174,23881,11471,10779,5878,11402,12055,25080,16787
1	1240	29236	5866,5867,22460,22826,23591,23625,18437,19456,19698,22331,23680,24129,5388,2082,1524,8664,7558,17174,23881,11471,10779,5878,11402,12055,25080,16787
1	1240	25096	5866,5867,22460,22826,23591,23625,18437,19456,19698,22331,23680,24129,5388,2082,1524,8664,7558,17174,23881,11471,10779,5878,11402,12055,25080,16787,29236
