0	975	5820	0
1	975	8037	0
1	975	10933	8037
0	975	8885	8037,10933
0	975	14122	8037,10933
0	975	17607	8037,10933
0	975	18332	8037,10933
1	975	16753	8037,10933
0	975	18929	8037,10933,16753
1	975	18259	8037,10933,16753
0	975	16223	8037,10933,16753,18259
0	975	21553	8037,10933,16753,18259
0	975	19858	8037,10933,16753,18259
1	975	25155	8037,10933,16753,18259
0	975	24749	8037,10933,16753,18259,25155
1	975	19631	8037,10933,16753,18259,25155
1	975	10601	8037,10933,16753,18259,25155,19631
0	975	4877	8037,10933,16753,18259,25155,19631,10601
0	975	9647	8037,10933,16753,18259,25155,19631,10601
1	975	20625	8037,10933,16753,18259,25155,19631,10601
0	975	25169	8037,10933,16753,18259,25155,19631,10601,20625
1	975	27266	8037,10933,16753,18259,25155,19631,10601,20625
0	975	18821	8037,10933,16753,18259,25155,19631,10601,20625,27266
1	975	27289	8037,10933,16753,18259,25155,19631,10601,20625,27266
1	975	27290	8037,10933,16753,18259,25155,19631,10601,20625,27266,27289
0	975	23780	8037,10933,16753,18259,25155,19631,10601,20625,27266,27289,27290
1	975	17334	8037,10933,16753,18259,25155,19631,10601,20625,27266,27289,27290
1	975	21807	8037,10933,16753,18259,25155,19631,10601,20625,27266,27289,27290,17334
0	975	26973	8037,10933,16753,18259,25155,19631,10601,20625,27266,27289,27290,17334,21807
0	975	19665	8037,10933,16753,18259,25155,19631,10601,20625,27266,27289,27290,17334,21807
1	975	26775	8037,10933,16753,18259,25155,19631,10601,20625,27266,27289,27290,17334,21807
0	975	27287	8037,10933,16753,18259,25155,19631,10601,20625,27266,27289,27290,17334,21807,26775
1	975	17383	8037,10933,16753,18259,25155,19631,10601,20625,27266,27289,27290,17334,21807,26775
1	975	25355	8037,10933,16753,18259,25155,19631,10601,20625,27266,27289,27290,17334,21807,26775,17383
1	975	1964	8037,10933,16753,18259,25155,19631,10601,20625,27266,27289,27290,17334,21807,26775,17383,25355
0	975	8488	8037,10933,16753,18259,25155,19631,10601,20625,27266,27289,27290,17334,21807,26775,17383,25355,1964
1	975	18963	8037,10933,16753,18259,25155,19631,10601,20625,27266,27289,27290,17334,21807,26775,17383,25355,1964
0	975	26776	8037,10933,16753,18259,25155,19631,10601,20625,27266,27289,27290,17334,21807,26775,17383,25355,1964,18963
0	975	26777	8037,10933,16753,18259,25155,19631,10601,20625,27266,27289,27290,17334,21807,26775,17383,25355,1964,18963
0	975	25545	8037,10933,16753,18259,25155,19631,10601,20625,27266,27289,27290,17334,21807,26775,17383,25355,1964,18963
1	975	28535	8037,10933,16753,18259,25155,19631,10601,20625,27266,27289,27290,17334,21807,26775,17383,25355,1964,18963
1	975	21808	8037,10933,16753,18259,25155,19631,10601,20625,27266,27289,27290,17334,21807,26775,17383,25355,1964,18963,28535
1	975	25300	8037,10933,16753,18259,25155,19631,10601,20625,27266,27289,27290,17334,21807,26775,17383,25355,1964,18963,28535,21808
1	975	26178	8037,10933,16753,18259,25155,19631,10601,20625,27266,27289,27290,17334,21807,26775,17383,25355,1964,18963,28535,21808,25300
1	975	27774	8037,10933,16753,18259,25155,19631,10601,20625,27266,27289,27290,17334,21807,26775,17383,25355,1964,18963,28535,21808,25300,26178
1	975	22992	8037,10933,16753,18259,25155,19631,10601,20625,27266,27289,27290,17334,21807,26775,17383,25355,1964,18963,28535,21808,25300,26178,27774
0	975	22137	8037,10933,16753,18259,25155,19631,10601,20625,27266,27289,27290,17334,21807,26775,17383,25355,1964,18963,28535,21808,25300,26178,27774,22992
1	975	25915	8037,10933,16753,18259,25155,19631,10601,20625,27266,27289,27290,17334,21807,26775,17383,25355,1964,18963,28535,21808,25300,26178,27774,22992
0	975	28882	8037,10933,16753,18259,25155,19631,10601,20625,27266,27289,27290,17334,21807,26775,17383,25355,1964,18963,28535,21808,25300,26178,27774,22992,25915
0	975	28877	8037,10933,16753,18259,25155,19631,10601,20625,27266,27289,27290,17334,21807,26775,17383,25355,1964,18963,28535,21808,25300,26178,27774,22992,25915
1	975	29184	8037,10933,16753,18259,25155,19631,10601,20625,27266,27289,27290,17334,21807,26775,17383,25355,1964,18963,28535,21808,25300,26178,27774,22992,25915
1	975	28878	8037,10933,16753,18259,25155,19631,10601,20625,27266,27289,27290,17334,21807,26775,17383,25355,1964,18963,28535,21808,25300,26178,27774,22992,25915,29184
1	975	28728	8037,10933,16753,18259,25155,19631,10601,20625,27266,27289,27290,17334,21807,26775,17383,25355,1964,18963,28535,21808,25300,26178,27774,22992,25915,29184,28878
1	975	29125	8037,10933,16753,18259,25155,19631,10601,20625,27266,27289,27290,17334,21807,26775,17383,25355,1964,18963,28535,21808,25300,26178,27774,22992,25915,29184,28878,28728
