1	1524	24213	0
1	1524	1025	24213
1	1524	24229	24213,1025
1	1524	29091	24213,1025,24229
0	1524	2983	24213,1025,24229,29091
1	1524	4005	24213,1025,24229,29091
1	1524	24881	24213,1025,24229,29091,4005
1	1524	33105	24213,1025,24229,29091,4005,24881
1	1524	2606	24213,1025,24229,29091,4005,24881,33105
1	1524	1767	24213,1025,24229,29091,4005,24881,33105,2606
1	1524	14833	24213,1025,24229,29091,4005,24881,33105,2606,1767
1	1524	13202	24213,1025,24229,29091,4005,24881,33105,2606,1767,14833
1	1524	15930	24213,1025,24229,29091,4005,24881,33105,2606,1767,14833,13202
1	1524	3820	24213,1025,24229,29091,4005,24881,33105,2606,1767,14833,13202,15930
1	1524	6520	24213,1025,24229,29091,4005,24881,33105,2606,1767,14833,13202,15930,3820
0	1524	11067	24213,1025,24229,29091,4005,24881,33105,2606,1767,14833,13202,15930,3820,6520
1	1524	11990	24213,1025,24229,29091,4005,24881,33105,2606,1767,14833,13202,15930,3820,6520
1	1524	4230	24213,1025,24229,29091,4005,24881,33105,2606,1767,14833,13202,15930,3820,6520,11990
0	1524	9329	24213,1025,24229,29091,4005,24881,33105,2606,1767,14833,13202,15930,3820,6520,11990,4230
0	1524	20607	24213,1025,24229,29091,4005,24881,33105,2606,1767,14833,13202,15930,3820,6520,11990,4230
0	1524	9091	24213,1025,24229,29091,4005,24881,33105,2606,1767,14833,13202,15930,3820,6520,11990,4230
1	1524	9682	24213,1025,24229,29091,4005,24881,33105,2606,1767,14833,13202,15930,3820,6520,11990,4230
1	1524	14767	24213,1025,24229,29091,4005,24881,33105,2606,1767,14833,13202,15930,3820,6520,11990,4230,9682
1	1524	870	24213,1025,24229,29091,4005,24881,33105,2606,1767,14833,13202,15930,3820,6520,11990,4230,9682,14767
1	1524	9970	24213,1025,24229,29091,4005,24881,33105,2606,1767,14833,13202,15930,3820,6520,11990,4230,9682,14767,870
1	1524	13443	24213,1025,24229,29091,4005,24881,33105,2606,1767,14833,13202,15930,3820,6520,11990,4230,9682,14767,870,9970
0	1524	12446	24213,1025,24229,29091,4005,24881,33105,2606,1767,14833,13202,15930,3820,6520,11990,4230,9682,14767,870,9970,13443
0	1524	18102	24213,1025,24229,29091,4005,24881,33105,2606,1767,14833,13202,15930,3820,6520,11990,4230,9682,14767,870,9970,13443
1	1524	14815	24213,1025,24229,29091,4005,24881,33105,2606,1767,14833,13202,15930,3820,6520,11990,4230,9682,14767,870,9970,13443
0	1524	24737	24213,1025,24229,29091,4005,24881,33105,2606,1767,14833,13202,15930,3820,6520,11990,4230,9682,14767,870,9970,13443,14815
0	1524	30170	24213,1025,24229,29091,4005,24881,33105,2606,1767,14833,13202,15930,3820,6520,11990,4230,9682,14767,870,9970,13443,14815
1	1524	25506	24213,1025,24229,29091,4005,24881,33105,2606,1767,14833,13202,15930,3820,6520,11990,4230,9682,14767,870,9970,13443,14815
1	1524	19041	24213,1025,24229,29091,4005,24881,33105,2606,1767,14833,13202,15930,3820,6520,11990,4230,9682,14767,870,9970,13443,14815,25506
0	1524	23086	24213,1025,24229,29091,4005,24881,33105,2606,1767,14833,13202,15930,3820,6520,11990,4230,9682,14767,870,9970,13443,14815,25506,19041
1	1524	23725	24213,1025,24229,29091,4005,24881,33105,2606,1767,14833,13202,15930,3820,6520,11990,4230,9682,14767,870,9970,13443,14815,25506,19041
1	1524	16909	24213,1025,24229,29091,4005,24881,33105,2606,1767,14833,13202,15930,3820,6520,11990,4230,9682,14767,870,9970,13443,14815,25506,19041,23725
1	1524	22170	24213,1025,24229,29091,4005,24881,33105,2606,1767,14833,13202,15930,3820,6520,11990,4230,9682,14767,870,9970,13443,14815,25506,19041,23725,16909
1	1524	16636	24213,1025,24229,29091,4005,24881,33105,2606,1767,14833,13202,15930,3820,6520,11990,4230,9682,14767,870,9970,13443,14815,25506,19041,23725,16909,22170
1	1524	18048	24213,1025,24229,29091,4005,24881,33105,2606,1767,14833,13202,15930,3820,6520,11990,4230,9682,14767,870,9970,13443,14815,25506,19041,23725,16909,22170,16636
1	1524	20615	24213,1025,24229,29091,4005,24881,33105,2606,1767,14833,13202,15930,3820,6520,11990,4230,9682,14767,870,9970,13443,14815,25506,19041,23725,16909,22170,16636,18048
