0	270	7020	0
0	270	1418	0
0	270	29769	0
1	270	29288	0
0	270	3041	29288
0	270	6091	29288
0	270	16101	29288
0	270	16806	29288
0	270	17012	29288
1	270	6385	29288
1	270	12435	29288,6385
1	270	15615	29288,6385,12435
1	270	18806	29288,6385,12435,15615
0	270	20342	29288,6385,12435,15615,18806
1	270	6564	29288,6385,12435,15615,18806
1	270	13492	29288,6385,12435,15615,18806,6564
1	270	9882	29288,6385,12435,15615,18806,6564,13492
0	270	586	29288,6385,12435,15615,18806,6564,13492,9882
0	270	179	29288,6385,12435,15615,18806,6564,13492,9882
1	270	11356	29288,6385,12435,15615,18806,6564,13492,9882
1	270	13223	29288,6385,12435,15615,18806,6564,13492,9882,11356
1	270	20341	29288,6385,12435,15615,18806,6564,13492,9882,11356,13223
1	270	1981	29288,6385,12435,15615,18806,6564,13492,9882,11356,13223,20341
1	270	11035	29288,6385,12435,15615,18806,6564,13492,9882,11356,13223,20341,1981
1	270	28300	29288,6385,12435,15615,18806,6564,13492,9882,11356,13223,20341,1981,11035
0	270	188	29288,6385,12435,15615,18806,6564,13492,9882,11356,13223,20341,1981,11035,28300
1	270	4567	29288,6385,12435,15615,18806,6564,13492,9882,11356,13223,20341,1981,11035,28300
1	270	8619	29288,6385,12435,15615,18806,6564,13492,9882,11356,13223,20341,1981,11035,28300,4567
1	270	10457	29288,6385,12435,15615,18806,6564,13492,9882,11356,13223,20341,1981,11035,28300,4567,8619
1	270	12315	29288,6385,12435,15615,18806,6564,13492,9882,11356,13223,20341,1981,11035,28300,4567,8619,10457
0	270	14040	29288,6385,12435,15615,18806,6564,13492,9882,11356,13223,20341,1981,11035,28300,4567,8619,10457,12315
1	270	2051	29288,6385,12435,15615,18806,6564,13492,9882,11356,13223,20341,1981,11035,28300,4567,8619,10457,12315
1	270	80	29288,6385,12435,15615,18806,6564,13492,9882,11356,13223,20341,1981,11035,28300,4567,8619,10457,12315,2051
1	270	30868	29288,6385,12435,15615,18806,6564,13492,9882,11356,13223,20341,1981,11035,28300,4567,8619,10457,12315,2051,80
1	270	2642	29288,6385,12435,15615,18806,6564,13492,9882,11356,13223,20341,1981,11035,28300,4567,8619,10457,12315,2051,80,30868
1	270	21634	29288,6385,12435,15615,18806,6564,13492,9882,11356,13223,20341,1981,11035,28300,4567,8619,10457,12315,2051,80,30868,2642
1	270	24456	29288,6385,12435,15615,18806,6564,13492,9882,11356,13223,20341,1981,11035,28300,4567,8619,10457,12315,2051,80,30868,2642,21634
0	270	16141	29288,6385,12435,15615,18806,6564,13492,9882,11356,13223,20341,1981,11035,28300,4567,8619,10457,12315,2051,80,30868,2642,21634,24456
0	270	5923	29288,6385,12435,15615,18806,6564,13492,9882,11356,13223,20341,1981,11035,28300,4567,8619,10457,12315,2051,80,30868,2642,21634,24456
1	270	9968	29288,6385,12435,15615,18806,6564,13492,9882,11356,13223,20341,1981,11035,28300,4567,8619,10457,12315,2051,80,30868,2642,21634,24456
1	270	26438	29288,6385,12435,15615,18806,6564,13492,9882,11356,13223,20341,1981,11035,28300,4567,8619,10457,12315,2051,80,30868,2642,21634,24456,9968
