0	1028	6719	0
0	1028	31389	0
0	1028	852	0
0	1028	9443	0
1	1028	6420	0
1	1028	2521	6420
1	1028	6717	6420,2521
1	1028	2897	6420,2521,6717
1	1028	6978	6420,2521,6717,2897
0	1028	2813	6420,2521,6717,2897,6978
1	1028	5196	6420,2521,6717,2897,6978
1	1028	6115	6420,2521,6717,2897,6978,5196
1	1028	8671	6420,2521,6717,2897,6978,5196,6115
1	1028	21767	6420,2521,6717,2897,6978,5196,6115,8671
1	1028	23132	6420,2521,6717,2897,6978,5196,6115,8671,21767
1	1028	11928	6420,2521,6717,2897,6978,5196,6115,8671,21767,23132
1	1028	32186	6420,2521,6717,2897,6978,5196,6115,8671,21767,23132,11928
1	1028	328	6420,2521,6717,2897,6978,5196,6115,8671,21767,23132,11928,32186
1	1028	987	6420,2521,6717,2897,6978,5196,6115,8671,21767,23132,11928,32186,328
1	1028	4336	6420,2521,6717,2897,6978,5196,6115,8671,21767,23132,11928,32186,328,987
1	1028	15027	6420,2521,6717,2897,6978,5196,6115,8671,21767,23132,11928,32186,328,987,4336
1	1028	25496	6420,2521,6717,2897,6978,5196,6115,8671,21767,23132,11928,32186,328,987,4336,15027
1	1028	11820	6420,2521,6717,2897,6978,5196,6115,8671,21767,23132,11928,32186,328,987,4336,15027,25496
1	1028	19285	6420,2521,6717,2897,6978,5196,6115,8671,21767,23132,11928,32186,328,987,4336,15027,25496,11820
1	1028	23162	6420,2521,6717,2897,6978,5196,6115,8671,21767,23132,11928,32186,328,987,4336,15027,25496,11820,19285
1	1028	16441	6420,2521,6717,2897,6978,5196,6115,8671,21767,23132,11928,32186,328,987,4336,15027,25496,11820,19285,23162
1	1028	1728	6420,2521,6717,2897,6978,5196,6115,8671,21767,23132,11928,32186,328,987,4336,15027,25496,11820,19285,23162,16441
1	1028	12398	6420,2521,6717,2897,6978,5196,6115,8671,21767,23132,11928,32186,328,987,4336,15027,25496,11820,19285,23162,16441,1728
1	1028	14077	6420,2521,6717,2897,6978,5196,6115,8671,21767,23132,11928,32186,328,987,4336,15027,25496,11820,19285,23162,16441,1728,12398
1	1028	17327	6420,2521,6717,2897,6978,5196,6115,8671,21767,23132,11928,32186,328,987,4336,15027,25496,11820,19285,23162,16441,1728,12398,14077
1	1028	17328	6420,2521,6717,2897,6978,5196,6115,8671,21767,23132,11928,32186,328,987,4336,15027,25496,11820,19285,23162,16441,1728,12398,14077,17327
1	1028	21504	6420,2521,6717,2897,6978,5196,6115,8671,21767,23132,11928,32186,328,987,4336,15027,25496,11820,19285,23162,16441,1728,12398,14077,17327,17328
1	1028	5804	6420,2521,6717,2897,6978,5196,6115,8671,21767,23132,11928,32186,328,987,4336,15027,25496,11820,19285,23162,16441,1728,12398,14077,17327,17328,21504
1	1028	10647	6420,2521,6717,2897,6978,5196,6115,8671,21767,23132,11928,32186,328,987,4336,15027,25496,11820,19285,23162,16441,1728,12398,14077,17327,17328,21504,5804
1	1028	15134	6420,2521,6717,2897,6978,5196,6115,8671,21767,23132,11928,32186,328,987,4336,15027,25496,11820,19285,23162,16441,1728,12398,14077,17327,17328,21504,5804,10647
1	1028	6733	6420,2521,6717,2897,6978,5196,6115,8671,21767,23132,11928,32186,328,987,4336,15027,25496,11820,19285,23162,16441,1728,12398,14077,17327,17328,21504,5804,10647,15134
