1	54	18341	0
1	54	16461	18341
1	54	21100	18341,16461
1	54	28163	18341,16461,21100
1	54	31254	18341,16461,21100,28163
1	54	21964	18341,16461,21100,28163,31254
1	54	32933	18341,16461,21100,28163,31254,21964
1	54	33127	18341,16461,21100,28163,31254,21964,32933
1	54	15802	18341,16461,21100,28163,31254,21964,32933,33127
1	54	24806	18341,16461,21100,28163,31254,21964,32933,33127,15802
1	54	30976	18341,16461,21100,28163,31254,21964,32933,33127,15802,24806
1	54	17129	18341,16461,21100,28163,31254,21964,32933,33127,15802,24806,30976
1	54	31234	18341,16461,21100,28163,31254,21964,32933,33127,15802,24806,30976,17129
1	54	25370	18341,16461,21100,28163,31254,21964,32933,33127,15802,24806,30976,17129,31234
1	54	446	18341,16461,21100,28163,31254,21964,32933,33127,15802,24806,30976,17129,31234,25370
1	54	29799	18341,16461,21100,28163,31254,21964,32933,33127,15802,24806,30976,17129,31234,25370,446
0	54	2066	18341,16461,21100,28163,31254,21964,32933,33127,15802,24806,30976,17129,31234,25370,446,29799
1	54	2507	18341,16461,21100,28163,31254,21964,32933,33127,15802,24806,30976,17129,31234,25370,446,29799
1	54	32634	18341,16461,21100,28163,31254,21964,32933,33127,15802,24806,30976,17129,31234,25370,446,29799,2507
1	54	31477	18341,16461,21100,28163,31254,21964,32933,33127,15802,24806,30976,17129,31234,25370,446,29799,2507,32634
1	54	4305	18341,16461,21100,28163,31254,21964,32933,33127,15802,24806,30976,17129,31234,25370,446,29799,2507,32634,31477
1	54	3903	18341,16461,21100,28163,31254,21964,32933,33127,15802,24806,30976,17129,31234,25370,446,29799,2507,32634,31477,4305
1	54	3658	18341,16461,21100,28163,31254,21964,32933,33127,15802,24806,30976,17129,31234,25370,446,29799,2507,32634,31477,4305,3903
0	54	4265	18341,16461,21100,28163,31254,21964,32933,33127,15802,24806,30976,17129,31234,25370,446,29799,2507,32634,31477,4305,3903,3658
0	54	5642	18341,16461,21100,28163,31254,21964,32933,33127,15802,24806,30976,17129,31234,25370,446,29799,2507,32634,31477,4305,3903,3658
0	54	5732	18341,16461,21100,28163,31254,21964,32933,33127,15802,24806,30976,17129,31234,25370,446,29799,2507,32634,31477,4305,3903,3658
0	54	5975	18341,16461,21100,28163,31254,21964,32933,33127,15802,24806,30976,17129,31234,25370,446,29799,2507,32634,31477,4305,3903,3658
1	54	6778	18341,16461,21100,28163,31254,21964,32933,33127,15802,24806,30976,17129,31234,25370,446,29799,2507,32634,31477,4305,3903,3658
0	54	6279	18341,16461,21100,28163,31254,21964,32933,33127,15802,24806,30976,17129,31234,25370,446,29799,2507,32634,31477,4305,3903,3658,6778
0	54	7491	18341,16461,21100,28163,31254,21964,32933,33127,15802,24806,30976,17129,31234,25370,446,29799,2507,32634,31477,4305,3903,3658,6778
1	54	7965	18341,16461,21100,28163,31254,21964,32933,33127,15802,24806,30976,17129,31234,25370,446,29799,2507,32634,31477,4305,3903,3658,6778
1	54	8890	18341,16461,21100,28163,31254,21964,32933,33127,15802,24806,30976,17129,31234,25370,446,29799,2507,32634,31477,4305,3903,3658,6778,7965
0	54	8511	18341,16461,21100,28163,31254,21964,32933,33127,15802,24806,30976,17129,31234,25370,446,29799,2507,32634,31477,4305,3903,3658,6778,7965,8890
1	54	7170	18341,16461,21100,28163,31254,21964,32933,33127,15802,24806,30976,17129,31234,25370,446,29799,2507,32634,31477,4305,3903,3658,6778,7965,8890
0	54	6959	18341,16461,21100,28163,31254,21964,32933,33127,15802,24806,30976,17129,31234,25370,446,29799,2507,32634,31477,4305,3903,3658,6778,7965,8890,7170
0	54	9318	18341,16461,21100,28163,31254,21964,32933,33127,15802,24806,30976,17129,31234,25370,446,29799,2507,32634,31477,4305,3903,3658,6778,7965,8890,7170
0	54	9907	18341,16461,21100,28163,31254,21964,32933,33127,15802,24806,30976,17129,31234,25370,446,29799,2507,32634,31477,4305,3903,3658,6778,7965,8890,7170
1	54	11349	18341,16461,21100,28163,31254,21964,32933,33127,15802,24806,30976,17129,31234,25370,446,29799,2507,32634,31477,4305,3903,3658,6778,7965,8890,7170
0	54	12672	18341,16461,21100,28163,31254,21964,32933,33127,15802,24806,30976,17129,31234,25370,446,29799,2507,32634,31477,4305,3903,3658,6778,7965,8890,7170,11349
1	54	13401	18341,16461,21100,28163,31254,21964,32933,33127,15802,24806,30976,17129,31234,25370,446,29799,2507,32634,31477,4305,3903,3658,6778,7965,8890,7170,11349
0	54	14392	18341,16461,21100,28163,31254,21964,32933,33127,15802,24806,30976,17129,31234,25370,446,29799,2507,32634,31477,4305,3903,3658,6778,7965,8890,7170,11349,13401
1	54	12451	18341,16461,21100,28163,31254,21964,32933,33127,15802,24806,30976,17129,31234,25370,446,29799,2507,32634,31477,4305,3903,3658,6778,7965,8890,7170,11349,13401
1	54	15123	18341,16461,21100,28163,31254,21964,32933,33127,15802,24806,30976,17129,31234,25370,446,29799,2507,32634,31477,4305,3903,3658,6778,7965,8890,7170,11349,13401,12451
1	54	16213	18341,16461,21100,28163,31254,21964,32933,33127,15802,24806,30976,17129,31234,25370,446,29799,2507,32634,31477,4305,3903,3658,6778,7965,8890,7170,11349,13401,12451,15123
0	54	3749	18341,16461,21100,28163,31254,21964,32933,33127,15802,24806,30976,17129,31234,25370,446,29799,2507,32634,31477,4305,3903,3658,6778,7965,8890,7170,11349,13401,12451,15123,16213
0	54	9462	18341,16461,21100,28163,31254,21964,32933,33127,15802,24806,30976,17129,31234,25370,446,29799,2507,32634,31477,4305,3903,3658,6778,7965,8890,7170,11349,13401,12451,15123,16213
0	54	21074	18341,16461,21100,28163,31254,21964,32933,33127,15802,24806,30976,17129,31234,25370,446,29799,2507,32634,31477,4305,3903,3658,6778,7965,8890,7170,11349,13401,12451,15123,16213
1	54	23491	18341,16461,21100,28163,31254,21964,32933,33127,15802,24806,30976,17129,31234,25370,446,29799,2507,32634,31477,4305,3903,3658,6778,7965,8890,7170,11349,13401,12451,15123,16213
0	54	23156	18341,16461,21100,28163,31254,21964,32933,33127,15802,24806,30976,17129,31234,25370,446,29799,2507,32634,31477,4305,3903,3658,6778,7965,8890,7170,11349,13401,12451,15123,16213,23491
1	54	25556	18341,16461,21100,28163,31254,21964,32933,33127,15802,24806,30976,17129,31234,25370,446,29799,2507,32634,31477,4305,3903,3658,6778,7965,8890,7170,11349,13401,12451,15123,16213,23491
0	54	14180	18341,16461,21100,28163,31254,21964,32933,33127,15802,24806,30976,17129,31234,25370,446,29799,2507,32634,31477,4305,3903,3658,6778,7965,8890,7170,11349,13401,12451,15123,16213,23491,25556
0	54	18931	18341,16461,21100,28163,31254,21964,32933,33127,15802,24806,30976,17129,31234,25370,446,29799,2507,32634,31477,4305,3903,3658,6778,7965,8890,7170,11349,13401,12451,15123,16213,23491,25556
1	54	23154	18341,16461,21100,28163,31254,21964,32933,33127,15802,24806,30976,17129,31234,25370,446,29799,2507,32634,31477,4305,3903,3658,6778,7965,8890,7170,11349,13401,12451,15123,16213,23491,25556
1	54	8502	18341,16461,21100,28163,31254,21964,32933,33127,15802,24806,30976,17129,31234,25370,446,29799,2507,32634,31477,4305,3903,3658,6778,7965,8890,7170,11349,13401,12451,15123,16213,23491,25556,23154
0	54	25246	18341,16461,21100,28163,31254,21964,32933,33127,15802,24806,30976,17129,31234,25370,446,29799,2507,32634,31477,4305,3903,3658,6778,7965,8890,7170,11349,13401,12451,15123,16213,23491,25556,23154,8502
0	54	27388	18341,16461,21100,28163,31254,21964,32933,33127,15802,24806,30976,17129,31234,25370,446,29799,2507,32634,31477,4305,3903,3658,6778,7965,8890,7170,11349,13401,12451,15123,16213,23491,25556,23154,8502
1	54	22860	18341,16461,21100,28163,31254,21964,32933,33127,15802,24806,30976,17129,31234,25370,446,29799,2507,32634,31477,4305,3903,3658,6778,7965,8890,7170,11349,13401,12451,15123,16213,23491,25556,23154,8502
