0	1678	28696	0
0	1678	1940	0
1	1678	1645	0
1	1678	3005	1645
0	1678	2010	1645,3005
0	1678	2200	1645,3005
0	1678	3315	1645,3005
0	1678	3050	1645,3005
1	1678	4924	1645,3005
1	1678	5018	1645,3005,4924
0	1678	3022	1645,3005,4924,5018
0	1678	507	1645,3005,4924,5018
0	1678	6172	1645,3005,4924,5018
0	1678	5901	1645,3005,4924,5018
0	1678	6279	1645,3005,4924,5018
1	1678	6895	1645,3005,4924,5018
1	1678	8527	1645,3005,4924,5018,6895
0	1678	6231	1645,3005,4924,5018,6895,8527
0	1678	8655	1645,3005,4924,5018,6895,8527
0	1678	8843	1645,3005,4924,5018,6895,8527
0	1678	8621	1645,3005,4924,5018,6895,8527
0	1678	2206	1645,3005,4924,5018,6895,8527
0	1678	10553	1645,3005,4924,5018,6895,8527
1	1678	13221	1645,3005,4924,5018,6895,8527
1	1678	6434	1645,3005,4924,5018,6895,8527,13221
1	1678	14760	1645,3005,4924,5018,6895,8527,13221,6434
1	1678	18821	1645,3005,4924,5018,6895,8527,13221,6434,14760
0	1678	19072	1645,3005,4924,5018,6895,8527,13221,6434,14760,18821
0	1678	15946	1645,3005,4924,5018,6895,8527,13221,6434,14760,18821
0	1678	20105	1645,3005,4924,5018,6895,8527,13221,6434,14760,18821
1	1678	19264	1645,3005,4924,5018,6895,8527,13221,6434,14760,18821
1	1678	19804	1645,3005,4924,5018,6895,8527,13221,6434,14760,18821,19264
1	1678	15349	1645,3005,4924,5018,6895,8527,13221,6434,14760,18821,19264,19804
1	1678	23491	1645,3005,4924,5018,6895,8527,13221,6434,14760,18821,19264,19804,15349
1	1678	19558	1645,3005,4924,5018,6895,8527,13221,6434,14760,18821,19264,19804,15349,23491
1	1678	25463	1645,3005,4924,5018,6895,8527,13221,6434,14760,18821,19264,19804,15349,23491,19558
0	1678	26759	1645,3005,4924,5018,6895,8527,13221,6434,14760,18821,19264,19804,15349,23491,19558,25463
0	1678	23122	1645,3005,4924,5018,6895,8527,13221,6434,14760,18821,19264,19804,15349,23491,19558,25463
1	1678	17132	1645,3005,4924,5018,6895,8527,13221,6434,14760,18821,19264,19804,15349,23491,19558,25463
0	1678	23322	1645,3005,4924,5018,6895,8527,13221,6434,14760,18821,19264,19804,15349,23491,19558,25463,17132
1	1678	27077	1645,3005,4924,5018,6895,8527,13221,6434,14760,18821,19264,19804,15349,23491,19558,25463,17132
0	1678	27326	1645,3005,4924,5018,6895,8527,13221,6434,14760,18821,19264,19804,15349,23491,19558,25463,17132,27077
1	1678	27947	1645,3005,4924,5018,6895,8527,13221,6434,14760,18821,19264,19804,15349,23491,19558,25463,17132,27077
0	1678	28649	1645,3005,4924,5018,6895,8527,13221,6434,14760,18821,19264,19804,15349,23491,19558,25463,17132,27077,27947
