1	146	7648	0
1	146	8256	7648
0	146	9185	7648,8256
0	146	9311	7648,8256
1	146	10144	7648,8256
1	146	12214	7648,8256,10144
1	146	12752	7648,8256,10144,12214
0	146	12985	7648,8256,10144,12214,12752
1	146	13701	7648,8256,10144,12214,12752
1	146	19942	7648,8256,10144,12214,12752,13701
1	146	25431	7648,8256,10144,12214,12752,13701,19942
1	146	3370	7648,8256,10144,12214,12752,13701,19942,25431
1	146	7211	7648,8256,10144,12214,12752,13701,19942,25431,3370
1	146	17286	7648,8256,10144,12214,12752,13701,19942,25431,3370,7211
1	146	19060	7648,8256,10144,12214,12752,13701,19942,25431,3370,7211,17286
1	146	21339	7648,8256,10144,12214,12752,13701,19942,25431,3370,7211,17286,19060
1	146	22660	7648,8256,10144,12214,12752,13701,19942,25431,3370,7211,17286,19060,21339
1	146	23204	7648,8256,10144,12214,12752,13701,19942,25431,3370,7211,17286,19060,21339,22660
1	146	23861	7648,8256,10144,12214,12752,13701,19942,25431,3370,7211,17286,19060,21339,22660,23204
1	146	13528	7648,8256,10144,12214,12752,13701,19942,25431,3370,7211,17286,19060,21339,22660,23204,23861
1	146	21212	7648,8256,10144,12214,12752,13701,19942,25431,3370,7211,17286,19060,21339,22660,23204,23861,13528
1	146	26577	7648,8256,10144,12214,12752,13701,19942,25431,3370,7211,17286,19060,21339,22660,23204,23861,13528,21212
1	146	26677	7648,8256,10144,12214,12752,13701,19942,25431,3370,7211,17286,19060,21339,22660,23204,23861,13528,21212,26577
1	146	2178	7648,8256,10144,12214,12752,13701,19942,25431,3370,7211,17286,19060,21339,22660,23204,23861,13528,21212,26577,26677
1	146	3329	7648,8256,10144,12214,12752,13701,19942,25431,3370,7211,17286,19060,21339,22660,23204,23861,13528,21212,26577,26677,2178
1	146	3399	7648,8256,10144,12214,12752,13701,19942,25431,3370,7211,17286,19060,21339,22660,23204,23861,13528,21212,26577,26677,2178,3329
1	146	7130	7648,8256,10144,12214,12752,13701,19942,25431,3370,7211,17286,19060,21339,22660,23204,23861,13528,21212,26577,26677,2178,3329,3399
1	146	21951	7648,8256,10144,12214,12752,13701,19942,25431,3370,7211,17286,19060,21339,22660,23204,23861,13528,21212,26577,26677,2178,3329,3399,7130
1	146	22613	7648,8256,10144,12214,12752,13701,19942,25431,3370,7211,17286,19060,21339,22660,23204,23861,13528,21212,26577,26677,2178,3329,3399,7130,21951
1	146	30980	7648,8256,10144,12214,12752,13701,19942,25431,3370,7211,17286,19060,21339,22660,23204,23861,13528,21212,26577,26677,2178,3329,3399,7130,21951,22613
1	146	31153	7648,8256,10144,12214,12752,13701,19942,25431,3370,7211,17286,19060,21339,22660,23204,23861,13528,21212,26577,26677,2178,3329,3399,7130,21951,22613,30980
0	146	32389	7648,8256,10144,12214,12752,13701,19942,25431,3370,7211,17286,19060,21339,22660,23204,23861,13528,21212,26577,26677,2178,3329,3399,7130,21951,22613,30980,31153
1	146	33062	7648,8256,10144,12214,12752,13701,19942,25431,3370,7211,17286,19060,21339,22660,23204,23861,13528,21212,26577,26677,2178,3329,3399,7130,21951,22613,30980,31153
1	146	3365	7648,8256,10144,12214,12752,13701,19942,25431,3370,7211,17286,19060,21339,22660,23204,23861,13528,21212,26577,26677,2178,3329,3399,7130,21951,22613,30980,31153,33062
1	146	3533	7648,8256,10144,12214,12752,13701,19942,25431,3370,7211,17286,19060,21339,22660,23204,23861,13528,21212,26577,26677,2178,3329,3399,7130,21951,22613,30980,31153,33062,3365
1	146	3644	7648,8256,10144,12214,12752,13701,19942,25431,3370,7211,17286,19060,21339,22660,23204,23861,13528,21212,26577,26677,2178,3329,3399,7130,21951,22613,30980,31153,33062,3365,3533
1	146	4230	7648,8256,10144,12214,12752,13701,19942,25431,3370,7211,17286,19060,21339,22660,23204,23861,13528,21212,26577,26677,2178,3329,3399,7130,21951,22613,30980,31153,33062,3365,3533,3644
0	146	5695	7648,8256,10144,12214,12752,13701,19942,25431,3370,7211,17286,19060,21339,22660,23204,23861,13528,21212,26577,26677,2178,3329,3399,7130,21951,22613,30980,31153,33062,3365,3533,3644,4230
1	146	5722	7648,8256,10144,12214,12752,13701,19942,25431,3370,7211,17286,19060,21339,22660,23204,23861,13528,21212,26577,26677,2178,3329,3399,7130,21951,22613,30980,31153,33062,3365,3533,3644,4230
1	146	6331	7648,8256,10144,12214,12752,13701,19942,25431,3370,7211,17286,19060,21339,22660,23204,23861,13528,21212,26577,26677,2178,3329,3399,7130,21951,22613,30980,31153,33062,3365,3533,3644,4230,5722
1	146	6477	7648,8256,10144,12214,12752,13701,19942,25431,3370,7211,17286,19060,21339,22660,23204,23861,13528,21212,26577,26677,2178,3329,3399,7130,21951,22613,30980,31153,33062,3365,3533,3644,4230,5722,6331
1	146	6939	7648,8256,10144,12214,12752,13701,19942,25431,3370,7211,17286,19060,21339,22660,23204,23861,13528,21212,26577,26677,2178,3329,3399,7130,21951,22613,30980,31153,33062,3365,3533,3644,4230,5722,6331,6477
0	146	7326	7648,8256,10144,12214,12752,13701,19942,25431,3370,7211,17286,19060,21339,22660,23204,23861,13528,21212,26577,26677,2178,3329,3399,7130,21951,22613,30980,31153,33062,3365,3533,3644,4230,5722,6331,6477,6939
1	146	9900	7648,8256,10144,12214,12752,13701,19942,25431,3370,7211,17286,19060,21339,22660,23204,23861,13528,21212,26577,26677,2178,3329,3399,7130,21951,22613,30980,31153,33062,3365,3533,3644,4230,5722,6331,6477,6939
1	146	10003	7648,8256,10144,12214,12752,13701,19942,25431,3370,7211,17286,19060,21339,22660,23204,23861,13528,21212,26577,26677,2178,3329,3399,7130,21951,22613,30980,31153,33062,3365,3533,3644,4230,5722,6331,6477,6939,9900
1	146	10028	7648,8256,10144,12214,12752,13701,19942,25431,3370,7211,17286,19060,21339,22660,23204,23861,13528,21212,26577,26677,2178,3329,3399,7130,21951,22613,30980,31153,33062,3365,3533,3644,4230,5722,6331,6477,6939,9900,10003
0	146	10218	7648,8256,10144,12214,12752,13701,19942,25431,3370,7211,17286,19060,21339,22660,23204,23861,13528,21212,26577,26677,2178,3329,3399,7130,21951,22613,30980,31153,33062,3365,3533,3644,4230,5722,6331,6477,6939,9900,10003,10028
1	146	10601	7648,8256,10144,12214,12752,13701,19942,25431,3370,7211,17286,19060,21339,22660,23204,23861,13528,21212,26577,26677,2178,3329,3399,7130,21951,22613,30980,31153,33062,3365,3533,3644,4230,5722,6331,6477,6939,9900,10003,10028
1	146	10628	7648,8256,10144,12214,12752,13701,19942,25431,3370,7211,17286,19060,21339,22660,23204,23861,13528,21212,26577,26677,2178,3329,3399,7130,21951,22613,30980,31153,33062,3365,3533,3644,4230,5722,6331,6477,6939,9900,10003,10028,10601
0	146	11860	7648,8256,10144,12214,12752,13701,19942,25431,3370,7211,17286,19060,21339,22660,23204,23861,13528,21212,26577,26677,2178,3329,3399,7130,21951,22613,30980,31153,33062,3365,3533,3644,4230,5722,6331,6477,6939,9900,10003,10028,10601,10628
1	146	11869	7648,8256,10144,12214,12752,13701,19942,25431,3370,7211,17286,19060,21339,22660,23204,23861,13528,21212,26577,26677,2178,3329,3399,7130,21951,22613,30980,31153,33062,3365,3533,3644,4230,5722,6331,6477,6939,9900,10003,10028,10601,10628
1	146	13119	7648,8256,10144,12214,12752,13701,19942,25431,3370,7211,17286,19060,21339,22660,23204,23861,13528,21212,26577,26677,2178,3329,3399,7130,21951,22613,30980,31153,33062,3365,3533,3644,4230,5722,6331,6477,6939,9900,10003,10028,10601,10628,11869
0	146	13435	7648,8256,10144,12214,12752,13701,19942,25431,3370,7211,17286,19060,21339,22660,23204,23861,13528,21212,26577,26677,2178,3329,3399,7130,21951,22613,30980,31153,33062,3365,3533,3644,4230,5722,6331,6477,6939,9900,10003,10028,10601,10628,11869,13119
1	146	13472	7648,8256,10144,12214,12752,13701,19942,25431,3370,7211,17286,19060,21339,22660,23204,23861,13528,21212,26577,26677,2178,3329,3399,7130,21951,22613,30980,31153,33062,3365,3533,3644,4230,5722,6331,6477,6939,9900,10003,10028,10601,10628,11869,13119
1	146	13482	7648,8256,10144,12214,12752,13701,19942,25431,3370,7211,17286,19060,21339,22660,23204,23861,13528,21212,26577,26677,2178,3329,3399,7130,21951,22613,30980,31153,33062,3365,3533,3644,4230,5722,6331,6477,6939,9900,10003,10028,10601,10628,11869,13119,13472
1	146	13623	7648,8256,10144,12214,12752,13701,19942,25431,3370,7211,17286,19060,21339,22660,23204,23861,13528,21212,26577,26677,2178,3329,3399,7130,21951,22613,30980,31153,33062,3365,3533,3644,4230,5722,6331,6477,6939,9900,10003,10028,10601,10628,11869,13119,13472,13482
1	146	13708	7648,8256,10144,12214,12752,13701,19942,25431,3370,7211,17286,19060,21339,22660,23204,23861,13528,21212,26577,26677,2178,3329,3399,7130,21951,22613,30980,31153,33062,3365,3533,3644,4230,5722,6331,6477,6939,9900,10003,10028,10601,10628,11869,13119,13472,13482,13623
1	146	14557	7648,8256,10144,12214,12752,13701,19942,25431,3370,7211,17286,19060,21339,22660,23204,23861,13528,21212,26577,26677,2178,3329,3399,7130,21951,22613,30980,31153,33062,3365,3533,3644,4230,5722,6331,6477,6939,9900,10003,10028,10601,10628,11869,13119,13472,13482,13623,13708
0	146	14722	7648,8256,10144,12214,12752,13701,19942,25431,3370,7211,17286,19060,21339,22660,23204,23861,13528,21212,26577,26677,2178,3329,3399,7130,21951,22613,30980,31153,33062,3365,3533,3644,4230,5722,6331,6477,6939,9900,10003,10028,10601,10628,11869,13119,13472,13482,13623,13708,14557
1	146	14787	7648,8256,10144,12214,12752,13701,19942,25431,3370,7211,17286,19060,21339,22660,23204,23861,13528,21212,26577,26677,2178,3329,3399,7130,21951,22613,30980,31153,33062,3365,3533,3644,4230,5722,6331,6477,6939,9900,10003,10028,10601,10628,11869,13119,13472,13482,13623,13708,14557
0	146	15660	7648,8256,10144,12214,12752,13701,19942,25431,3370,7211,17286,19060,21339,22660,23204,23861,13528,21212,26577,26677,2178,3329,3399,7130,21951,22613,30980,31153,33062,3365,3533,3644,4230,5722,6331,6477,6939,9900,10003,10028,10601,10628,11869,13119,13472,13482,13623,13708,14557,14787
1	146	15967	7648,8256,10144,12214,12752,13701,19942,25431,3370,7211,17286,19060,21339,22660,23204,23861,13528,21212,26577,26677,2178,3329,3399,7130,21951,22613,30980,31153,33062,3365,3533,3644,4230,5722,6331,6477,6939,9900,10003,10028,10601,10628,11869,13119,13472,13482,13623,13708,14557,14787
1	146	16638	7648,8256,10144,12214,12752,13701,19942,25431,3370,7211,17286,19060,21339,22660,23204,23861,13528,21212,26577,26677,2178,3329,3399,7130,21951,22613,30980,31153,33062,3365,3533,3644,4230,5722,6331,6477,6939,9900,10003,10028,10601,10628,11869,13119,13472,13482,13623,13708,14557,14787,15967
1	146	16936	7648,8256,10144,12214,12752,13701,19942,25431,3370,7211,17286,19060,21339,22660,23204,23861,13528,21212,26577,26677,2178,3329,3399,7130,21951,22613,30980,31153,33062,3365,3533,3644,4230,5722,6331,6477,6939,9900,10003,10028,10601,10628,11869,13119,13472,13482,13623,13708,14557,14787,15967,16638
1	146	17217	7648,8256,10144,12214,12752,13701,19942,25431,3370,7211,17286,19060,21339,22660,23204,23861,13528,21212,26577,26677,2178,3329,3399,7130,21951,22613,30980,31153,33062,3365,3533,3644,4230,5722,6331,6477,6939,9900,10003,10028,10601,10628,11869,13119,13472,13482,13623,13708,14557,14787,15967,16638,16936
1	146	17226	7648,8256,10144,12214,12752,13701,19942,25431,3370,7211,17286,19060,21339,22660,23204,23861,13528,21212,26577,26677,2178,3329,3399,7130,21951,22613,30980,31153,33062,3365,3533,3644,4230,5722,6331,6477,6939,9900,10003,10028,10601,10628,11869,13119,13472,13482,13623,13708,14557,14787,15967,16638,16936,17217
1	146	17338	7648,8256,10144,12214,12752,13701,19942,25431,3370,7211,17286,19060,21339,22660,23204,23861,13528,21212,26577,26677,2178,3329,3399,7130,21951,22613,30980,31153,33062,3365,3533,3644,4230,5722,6331,6477,6939,9900,10003,10028,10601,10628,11869,13119,13472,13482,13623,13708,14557,14787,15967,16638,16936,17217,17226
1	146	17958	7648,8256,10144,12214,12752,13701,19942,25431,3370,7211,17286,19060,21339,22660,23204,23861,13528,21212,26577,26677,2178,3329,3399,7130,21951,22613,30980,31153,33062,3365,3533,3644,4230,5722,6331,6477,6939,9900,10003,10028,10601,10628,11869,13119,13472,13482,13623,13708,14557,14787,15967,16638,16936,17217,17226,17338
1	146	18127	7648,8256,10144,12214,12752,13701,19942,25431,3370,7211,17286,19060,21339,22660,23204,23861,13528,21212,26577,26677,2178,3329,3399,7130,21951,22613,30980,31153,33062,3365,3533,3644,4230,5722,6331,6477,6939,9900,10003,10028,10601,10628,11869,13119,13472,13482,13623,13708,14557,14787,15967,16638,16936,17217,17226,17338,17958
1	146	18249	7648,8256,10144,12214,12752,13701,19942,25431,3370,7211,17286,19060,21339,22660,23204,23861,13528,21212,26577,26677,2178,3329,3399,7130,21951,22613,30980,31153,33062,3365,3533,3644,4230,5722,6331,6477,6939,9900,10003,10028,10601,10628,11869,13119,13472,13482,13623,13708,14557,14787,15967,16638,16936,17217,17226,17338,17958,18127
1	146	18339	7648,8256,10144,12214,12752,13701,19942,25431,3370,7211,17286,19060,21339,22660,23204,23861,13528,21212,26577,26677,2178,3329,3399,7130,21951,22613,30980,31153,33062,3365,3533,3644,4230,5722,6331,6477,6939,9900,10003,10028,10601,10628,11869,13119,13472,13482,13623,13708,14557,14787,15967,16638,16936,17217,17226,17338,17958,18127,18249
1	146	19076	7648,8256,10144,12214,12752,13701,19942,25431,3370,7211,17286,19060,21339,22660,23204,23861,13528,21212,26577,26677,2178,3329,3399,7130,21951,22613,30980,31153,33062,3365,3533,3644,4230,5722,6331,6477,6939,9900,10003,10028,10601,10628,11869,13119,13472,13482,13623,13708,14557,14787,15967,16638,16936,17217,17226,17338,17958,18127,18249,18339
1	146	22389	7648,8256,10144,12214,12752,13701,19942,25431,3370,7211,17286,19060,21339,22660,23204,23861,13528,21212,26577,26677,2178,3329,3399,7130,21951,22613,30980,31153,33062,3365,3533,3644,4230,5722,6331,6477,6939,9900,10003,10028,10601,10628,11869,13119,13472,13482,13623,13708,14557,14787,15967,16638,16936,17217,17226,17338,17958,18127,18249,18339,19076
1	146	23612	7648,8256,10144,12214,12752,13701,19942,25431,3370,7211,17286,19060,21339,22660,23204,23861,13528,21212,26577,26677,2178,3329,3399,7130,21951,22613,30980,31153,33062,3365,3533,3644,4230,5722,6331,6477,6939,9900,10003,10028,10601,10628,11869,13119,13472,13482,13623,13708,14557,14787,15967,16638,16936,17217,17226,17338,17958,18127,18249,18339,19076,22389
1	146	1981	7648,8256,10144,12214,12752,13701,19942,25431,3370,7211,17286,19060,21339,22660,23204,23861,13528,21212,26577,26677,2178,3329,3399,7130,21951,22613,30980,31153,33062,3365,3533,3644,4230,5722,6331,6477,6939,9900,10003,10028,10601,10628,11869,13119,13472,13482,13623,13708,14557,14787,15967,16638,16936,17217,17226,17338,17958,18127,18249,18339,19076,22389,23612
1	146	19516	7648,8256,10144,12214,12752,13701,19942,25431,3370,7211,17286,19060,21339,22660,23204,23861,13528,21212,26577,26677,2178,3329,3399,7130,21951,22613,30980,31153,33062,3365,3533,3644,4230,5722,6331,6477,6939,9900,10003,10028,10601,10628,11869,13119,13472,13482,13623,13708,14557,14787,15967,16638,16936,17217,17226,17338,17958,18127,18249,18339,19076,22389,23612,1981
0	146	7521	7648,8256,10144,12214,12752,13701,19942,25431,3370,7211,17286,19060,21339,22660,23204,23861,13528,21212,26577,26677,2178,3329,3399,7130,21951,22613,30980,31153,33062,3365,3533,3644,4230,5722,6331,6477,6939,9900,10003,10028,10601,10628,11869,13119,13472,13482,13623,13708,14557,14787,15967,16638,16936,17217,17226,17338,17958,18127,18249,18339,19076,22389,23612,1981,19516
0	146	8345	7648,8256,10144,12214,12752,13701,19942,25431,3370,7211,17286,19060,21339,22660,23204,23861,13528,21212,26577,26677,2178,3329,3399,7130,21951,22613,30980,31153,33062,3365,3533,3644,4230,5722,6331,6477,6939,9900,10003,10028,10601,10628,11869,13119,13472,13482,13623,13708,14557,14787,15967,16638,16936,17217,17226,17338,17958,18127,18249,18339,19076,22389,23612,1981,19516
1	146	12491	7648,8256,10144,12214,12752,13701,19942,25431,3370,7211,17286,19060,21339,22660,23204,23861,13528,21212,26577,26677,2178,3329,3399,7130,21951,22613,30980,31153,33062,3365,3533,3644,4230,5722,6331,6477,6939,9900,10003,10028,10601,10628,11869,13119,13472,13482,13623,13708,14557,14787,15967,16638,16936,17217,17226,17338,17958,18127,18249,18339,19076,22389,23612,1981,19516
1	146	14815	7648,8256,10144,12214,12752,13701,19942,25431,3370,7211,17286,19060,21339,22660,23204,23861,13528,21212,26577,26677,2178,3329,3399,7130,21951,22613,30980,31153,33062,3365,3533,3644,4230,5722,6331,6477,6939,9900,10003,10028,10601,10628,11869,13119,13472,13482,13623,13708,14557,14787,15967,16638,16936,17217,17226,17338,17958,18127,18249,18339,19076,22389,23612,1981,19516,12491
1	146	19850	7648,8256,10144,12214,12752,13701,19942,25431,3370,7211,17286,19060,21339,22660,23204,23861,13528,21212,26577,26677,2178,3329,3399,7130,21951,22613,30980,31153,33062,3365,3533,3644,4230,5722,6331,6477,6939,9900,10003,10028,10601,10628,11869,13119,13472,13482,13623,13708,14557,14787,15967,16638,16936,17217,17226,17338,17958,18127,18249,18339,19076,22389,23612,1981,19516,12491,14815
1	146	22437	7648,8256,10144,12214,12752,13701,19942,25431,3370,7211,17286,19060,21339,22660,23204,23861,13528,21212,26577,26677,2178,3329,3399,7130,21951,22613,30980,31153,33062,3365,3533,3644,4230,5722,6331,6477,6939,9900,10003,10028,10601,10628,11869,13119,13472,13482,13623,13708,14557,14787,15967,16638,16936,17217,17226,17338,17958,18127,18249,18339,19076,22389,23612,1981,19516,12491,14815,19850
1	146	23010	7648,8256,10144,12214,12752,13701,19942,25431,3370,7211,17286,19060,21339,22660,23204,23861,13528,21212,26577,26677,2178,3329,3399,7130,21951,22613,30980,31153,33062,3365,3533,3644,4230,5722,6331,6477,6939,9900,10003,10028,10601,10628,11869,13119,13472,13482,13623,13708,14557,14787,15967,16638,16936,17217,17226,17338,17958,18127,18249,18339,19076,22389,23612,1981,19516,12491,14815,19850,22437
1	146	23143	7648,8256,10144,12214,12752,13701,19942,25431,3370,7211,17286,19060,21339,22660,23204,23861,13528,21212,26577,26677,2178,3329,3399,7130,21951,22613,30980,31153,33062,3365,3533,3644,4230,5722,6331,6477,6939,9900,10003,10028,10601,10628,11869,13119,13472,13482,13623,13708,14557,14787,15967,16638,16936,17217,17226,17338,17958,18127,18249,18339,19076,22389,23612,1981,19516,12491,14815,19850,22437,23010
1	146	24353	7648,8256,10144,12214,12752,13701,19942,25431,3370,7211,17286,19060,21339,22660,23204,23861,13528,21212,26577,26677,2178,3329,3399,7130,21951,22613,30980,31153,33062,3365,3533,3644,4230,5722,6331,6477,6939,9900,10003,10028,10601,10628,11869,13119,13472,13482,13623,13708,14557,14787,15967,16638,16936,17217,17226,17338,17958,18127,18249,18339,19076,22389,23612,1981,19516,12491,14815,19850,22437,23010,23143
1	146	24782	7648,8256,10144,12214,12752,13701,19942,25431,3370,7211,17286,19060,21339,22660,23204,23861,13528,21212,26577,26677,2178,3329,3399,7130,21951,22613,30980,31153,33062,3365,3533,3644,4230,5722,6331,6477,6939,9900,10003,10028,10601,10628,11869,13119,13472,13482,13623,13708,14557,14787,15967,16638,16936,17217,17226,17338,17958,18127,18249,18339,19076,22389,23612,1981,19516,12491,14815,19850,22437,23010,23143,24353
1	146	26707	7648,8256,10144,12214,12752,13701,19942,25431,3370,7211,17286,19060,21339,22660,23204,23861,13528,21212,26577,26677,2178,3329,3399,7130,21951,22613,30980,31153,33062,3365,3533,3644,4230,5722,6331,6477,6939,9900,10003,10028,10601,10628,11869,13119,13472,13482,13623,13708,14557,14787,15967,16638,16936,17217,17226,17338,17958,18127,18249,18339,19076,22389,23612,1981,19516,12491,14815,19850,22437,23010,23143,24353,24782
1	146	27247	7648,8256,10144,12214,12752,13701,19942,25431,3370,7211,17286,19060,21339,22660,23204,23861,13528,21212,26577,26677,2178,3329,3399,7130,21951,22613,30980,31153,33062,3365,3533,3644,4230,5722,6331,6477,6939,9900,10003,10028,10601,10628,11869,13119,13472,13482,13623,13708,14557,14787,15967,16638,16936,17217,17226,17338,17958,18127,18249,18339,19076,22389,23612,1981,19516,12491,14815,19850,22437,23010,23143,24353,24782,26707
1	146	27457	7648,8256,10144,12214,12752,13701,19942,25431,3370,7211,17286,19060,21339,22660,23204,23861,13528,21212,26577,26677,2178,3329,3399,7130,21951,22613,30980,31153,33062,3365,3533,3644,4230,5722,6331,6477,6939,9900,10003,10028,10601,10628,11869,13119,13472,13482,13623,13708,14557,14787,15967,16638,16936,17217,17226,17338,17958,18127,18249,18339,19076,22389,23612,1981,19516,12491,14815,19850,22437,23010,23143,24353,24782,26707,27247
1	146	23479	7648,8256,10144,12214,12752,13701,19942,25431,3370,7211,17286,19060,21339,22660,23204,23861,13528,21212,26577,26677,2178,3329,3399,7130,21951,22613,30980,31153,33062,3365,3533,3644,4230,5722,6331,6477,6939,9900,10003,10028,10601,10628,11869,13119,13472,13482,13623,13708,14557,14787,15967,16638,16936,17217,17226,17338,17958,18127,18249,18339,19076,22389,23612,1981,19516,12491,14815,19850,22437,23010,23143,24353,24782,26707,27247,27457
1	146	837	7648,8256,10144,12214,12752,13701,19942,25431,3370,7211,17286,19060,21339,22660,23204,23861,13528,21212,26577,26677,2178,3329,3399,7130,21951,22613,30980,31153,33062,3365,3533,3644,4230,5722,6331,6477,6939,9900,10003,10028,10601,10628,11869,13119,13472,13482,13623,13708,14557,14787,15967,16638,16936,17217,17226,17338,17958,18127,18249,18339,19076,22389,23612,1981,19516,12491,14815,19850,22437,23010,23143,24353,24782,26707,27247,27457,23479
1	146	1851	7648,8256,10144,12214,12752,13701,19942,25431,3370,7211,17286,19060,21339,22660,23204,23861,13528,21212,26577,26677,2178,3329,3399,7130,21951,22613,30980,31153,33062,3365,3533,3644,4230,5722,6331,6477,6939,9900,10003,10028,10601,10628,11869,13119,13472,13482,13623,13708,14557,14787,15967,16638,16936,17217,17226,17338,17958,18127,18249,18339,19076,22389,23612,1981,19516,12491,14815,19850,22437,23010,23143,24353,24782,26707,27247,27457,23479,837
1	146	1941	7648,8256,10144,12214,12752,13701,19942,25431,3370,7211,17286,19060,21339,22660,23204,23861,13528,21212,26577,26677,2178,3329,3399,7130,21951,22613,30980,31153,33062,3365,3533,3644,4230,5722,6331,6477,6939,9900,10003,10028,10601,10628,11869,13119,13472,13482,13623,13708,14557,14787,15967,16638,16936,17217,17226,17338,17958,18127,18249,18339,19076,22389,23612,1981,19516,12491,14815,19850,22437,23010,23143,24353,24782,26707,27247,27457,23479,837,1851
0	146	4183	7648,8256,10144,12214,12752,13701,19942,25431,3370,7211,17286,19060,21339,22660,23204,23861,13528,21212,26577,26677,2178,3329,3399,7130,21951,22613,30980,31153,33062,3365,3533,3644,4230,5722,6331,6477,6939,9900,10003,10028,10601,10628,11869,13119,13472,13482,13623,13708,14557,14787,15967,16638,16936,17217,17226,17338,17958,18127,18249,18339,19076,22389,23612,1981,19516,12491,14815,19850,22437,23010,23143,24353,24782,26707,27247,27457,23479,837,1851,1941
1	146	9352	7648,8256,10144,12214,12752,13701,19942,25431,3370,7211,17286,19060,21339,22660,23204,23861,13528,21212,26577,26677,2178,3329,3399,7130,21951,22613,30980,31153,33062,3365,3533,3644,4230,5722,6331,6477,6939,9900,10003,10028,10601,10628,11869,13119,13472,13482,13623,13708,14557,14787,15967,16638,16936,17217,17226,17338,17958,18127,18249,18339,19076,22389,23612,1981,19516,12491,14815,19850,22437,23010,23143,24353,24782,26707,27247,27457,23479,837,1851,1941
1	146	16141	7648,8256,10144,12214,12752,13701,19942,25431,3370,7211,17286,19060,21339,22660,23204,23861,13528,21212,26577,26677,2178,3329,3399,7130,21951,22613,30980,31153,33062,3365,3533,3644,4230,5722,6331,6477,6939,9900,10003,10028,10601,10628,11869,13119,13472,13482,13623,13708,14557,14787,15967,16638,16936,17217,17226,17338,17958,18127,18249,18339,19076,22389,23612,1981,19516,12491,14815,19850,22437,23010,23143,24353,24782,26707,27247,27457,23479,837,1851,1941,9352
0	146	16584	7648,8256,10144,12214,12752,13701,19942,25431,3370,7211,17286,19060,21339,22660,23204,23861,13528,21212,26577,26677,2178,3329,3399,7130,21951,22613,30980,31153,33062,3365,3533,3644,4230,5722,6331,6477,6939,9900,10003,10028,10601,10628,11869,13119,13472,13482,13623,13708,14557,14787,15967,16638,16936,17217,17226,17338,17958,18127,18249,18339,19076,22389,23612,1981,19516,12491,14815,19850,22437,23010,23143,24353,24782,26707,27247,27457,23479,837,1851,1941,9352,16141
0	146	16934	7648,8256,10144,12214,12752,13701,19942,25431,3370,7211,17286,19060,21339,22660,23204,23861,13528,21212,26577,26677,2178,3329,3399,7130,21951,22613,30980,31153,33062,3365,3533,3644,4230,5722,6331,6477,6939,9900,10003,10028,10601,10628,11869,13119,13472,13482,13623,13708,14557,14787,15967,16638,16936,17217,17226,17338,17958,18127,18249,18339,19076,22389,23612,1981,19516,12491,14815,19850,22437,23010,23143,24353,24782,26707,27247,27457,23479,837,1851,1941,9352,16141
0	146	17437	7648,8256,10144,12214,12752,13701,19942,25431,3370,7211,17286,19060,21339,22660,23204,23861,13528,21212,26577,26677,2178,3329,3399,7130,21951,22613,30980,31153,33062,3365,3533,3644,4230,5722,6331,6477,6939,9900,10003,10028,10601,10628,11869,13119,13472,13482,13623,13708,14557,14787,15967,16638,16936,17217,17226,17338,17958,18127,18249,18339,19076,22389,23612,1981,19516,12491,14815,19850,22437,23010,23143,24353,24782,26707,27247,27457,23479,837,1851,1941,9352,16141
0	146	18002	7648,8256,10144,12214,12752,13701,19942,25431,3370,7211,17286,19060,21339,22660,23204,23861,13528,21212,26577,26677,2178,3329,3399,7130,21951,22613,30980,31153,33062,3365,3533,3644,4230,5722,6331,6477,6939,9900,10003,10028,10601,10628,11869,13119,13472,13482,13623,13708,14557,14787,15967,16638,16936,17217,17226,17338,17958,18127,18249,18339,19076,22389,23612,1981,19516,12491,14815,19850,22437,23010,23143,24353,24782,26707,27247,27457,23479,837,1851,1941,9352,16141
1	146	22589	7648,8256,10144,12214,12752,13701,19942,25431,3370,7211,17286,19060,21339,22660,23204,23861,13528,21212,26577,26677,2178,3329,3399,7130,21951,22613,30980,31153,33062,3365,3533,3644,4230,5722,6331,6477,6939,9900,10003,10028,10601,10628,11869,13119,13472,13482,13623,13708,14557,14787,15967,16638,16936,17217,17226,17338,17958,18127,18249,18339,19076,22389,23612,1981,19516,12491,14815,19850,22437,23010,23143,24353,24782,26707,27247,27457,23479,837,1851,1941,9352,16141
0	146	22796	7648,8256,10144,12214,12752,13701,19942,25431,3370,7211,17286,19060,21339,22660,23204,23861,13528,21212,26577,26677,2178,3329,3399,7130,21951,22613,30980,31153,33062,3365,3533,3644,4230,5722,6331,6477,6939,9900,10003,10028,10601,10628,11869,13119,13472,13482,13623,13708,14557,14787,15967,16638,16936,17217,17226,17338,17958,18127,18249,18339,19076,22389,23612,1981,19516,12491,14815,19850,22437,23010,23143,24353,24782,26707,27247,27457,23479,837,1851,1941,9352,16141,22589
1	146	24126	7648,8256,10144,12214,12752,13701,19942,25431,3370,7211,17286,19060,21339,22660,23204,23861,13528,21212,26577,26677,2178,3329,3399,7130,21951,22613,30980,31153,33062,3365,3533,3644,4230,5722,6331,6477,6939,9900,10003,10028,10601,10628,11869,13119,13472,13482,13623,13708,14557,14787,15967,16638,16936,17217,17226,17338,17958,18127,18249,18339,19076,22389,23612,1981,19516,12491,14815,19850,22437,23010,23143,24353,24782,26707,27247,27457,23479,837,1851,1941,9352,16141,22589
1	146	25725	7648,8256,10144,12214,12752,13701,19942,25431,3370,7211,17286,19060,21339,22660,23204,23861,13528,21212,26577,26677,2178,3329,3399,7130,21951,22613,30980,31153,33062,3365,3533,3644,4230,5722,6331,6477,6939,9900,10003,10028,10601,10628,11869,13119,13472,13482,13623,13708,14557,14787,15967,16638,16936,17217,17226,17338,17958,18127,18249,18339,19076,22389,23612,1981,19516,12491,14815,19850,22437,23010,23143,24353,24782,26707,27247,27457,23479,837,1851,1941,9352,16141,22589,24126
1	146	25748	7648,8256,10144,12214,12752,13701,19942,25431,3370,7211,17286,19060,21339,22660,23204,23861,13528,21212,26577,26677,2178,3329,3399,7130,21951,22613,30980,31153,33062,3365,3533,3644,4230,5722,6331,6477,6939,9900,10003,10028,10601,10628,11869,13119,13472,13482,13623,13708,14557,14787,15967,16638,16936,17217,17226,17338,17958,18127,18249,18339,19076,22389,23612,1981,19516,12491,14815,19850,22437,23010,23143,24353,24782,26707,27247,27457,23479,837,1851,1941,9352,16141,22589,24126,25725
1	146	27108	7648,8256,10144,12214,12752,13701,19942,25431,3370,7211,17286,19060,21339,22660,23204,23861,13528,21212,26577,26677,2178,3329,3399,7130,21951,22613,30980,31153,33062,3365,3533,3644,4230,5722,6331,6477,6939,9900,10003,10028,10601,10628,11869,13119,13472,13482,13623,13708,14557,14787,15967,16638,16936,17217,17226,17338,17958,18127,18249,18339,19076,22389,23612,1981,19516,12491,14815,19850,22437,23010,23143,24353,24782,26707,27247,27457,23479,837,1851,1941,9352,16141,22589,24126,25725,25748
1	146	16727	7648,8256,10144,12214,12752,13701,19942,25431,3370,7211,17286,19060,21339,22660,23204,23861,13528,21212,26577,26677,2178,3329,3399,7130,21951,22613,30980,31153,33062,3365,3533,3644,4230,5722,6331,6477,6939,9900,10003,10028,10601,10628,11869,13119,13472,13482,13623,13708,14557,14787,15967,16638,16936,17217,17226,17338,17958,18127,18249,18339,19076,22389,23612,1981,19516,12491,14815,19850,22437,23010,23143,24353,24782,26707,27247,27457,23479,837,1851,1941,9352,16141,22589,24126,25725,25748,27108
1	146	22435	7648,8256,10144,12214,12752,13701,19942,25431,3370,7211,17286,19060,21339,22660,23204,23861,13528,21212,26577,26677,2178,3329,3399,7130,21951,22613,30980,31153,33062,3365,3533,3644,4230,5722,6331,6477,6939,9900,10003,10028,10601,10628,11869,13119,13472,13482,13623,13708,14557,14787,15967,16638,16936,17217,17226,17338,17958,18127,18249,18339,19076,22389,23612,1981,19516,12491,14815,19850,22437,23010,23143,24353,24782,26707,27247,27457,23479,837,1851,1941,9352,16141,22589,24126,25725,25748,27108,16727
1	146	7188	7648,8256,10144,12214,12752,13701,19942,25431,3370,7211,17286,19060,21339,22660,23204,23861,13528,21212,26577,26677,2178,3329,3399,7130,21951,22613,30980,31153,33062,3365,3533,3644,4230,5722,6331,6477,6939,9900,10003,10028,10601,10628,11869,13119,13472,13482,13623,13708,14557,14787,15967,16638,16936,17217,17226,17338,17958,18127,18249,18339,19076,22389,23612,1981,19516,12491,14815,19850,22437,23010,23143,24353,24782,26707,27247,27457,23479,837,1851,1941,9352,16141,22589,24126,25725,25748,27108,16727,22435
1	146	21617	7648,8256,10144,12214,12752,13701,19942,25431,3370,7211,17286,19060,21339,22660,23204,23861,13528,21212,26577,26677,2178,3329,3399,7130,21951,22613,30980,31153,33062,3365,3533,3644,4230,5722,6331,6477,6939,9900,10003,10028,10601,10628,11869,13119,13472,13482,13623,13708,14557,14787,15967,16638,16936,17217,17226,17338,17958,18127,18249,18339,19076,22389,23612,1981,19516,12491,14815,19850,22437,23010,23143,24353,24782,26707,27247,27457,23479,837,1851,1941,9352,16141,22589,24126,25725,25748,27108,16727,22435,7188
1	146	11867	7648,8256,10144,12214,12752,13701,19942,25431,3370,7211,17286,19060,21339,22660,23204,23861,13528,21212,26577,26677,2178,3329,3399,7130,21951,22613,30980,31153,33062,3365,3533,3644,4230,5722,6331,6477,6939,9900,10003,10028,10601,10628,11869,13119,13472,13482,13623,13708,14557,14787,15967,16638,16936,17217,17226,17338,17958,18127,18249,18339,19076,22389,23612,1981,19516,12491,14815,19850,22437,23010,23143,24353,24782,26707,27247,27457,23479,837,1851,1941,9352,16141,22589,24126,25725,25748,27108,16727,22435,7188,21617
1	146	17912	7648,8256,10144,12214,12752,13701,19942,25431,3370,7211,17286,19060,21339,22660,23204,23861,13528,21212,26577,26677,2178,3329,3399,7130,21951,22613,30980,31153,33062,3365,3533,3644,4230,5722,6331,6477,6939,9900,10003,10028,10601,10628,11869,13119,13472,13482,13623,13708,14557,14787,15967,16638,16936,17217,17226,17338,17958,18127,18249,18339,19076,22389,23612,1981,19516,12491,14815,19850,22437,23010,23143,24353,24782,26707,27247,27457,23479,837,1851,1941,9352,16141,22589,24126,25725,25748,27108,16727,22435,7188,21617,11867
1	146	18806	7648,8256,10144,12214,12752,13701,19942,25431,3370,7211,17286,19060,21339,22660,23204,23861,13528,21212,26577,26677,2178,3329,3399,7130,21951,22613,30980,31153,33062,3365,3533,3644,4230,5722,6331,6477,6939,9900,10003,10028,10601,10628,11869,13119,13472,13482,13623,13708,14557,14787,15967,16638,16936,17217,17226,17338,17958,18127,18249,18339,19076,22389,23612,1981,19516,12491,14815,19850,22437,23010,23143,24353,24782,26707,27247,27457,23479,837,1851,1941,9352,16141,22589,24126,25725,25748,27108,16727,22435,7188,21617,11867,17912
1	146	25892	7648,8256,10144,12214,12752,13701,19942,25431,3370,7211,17286,19060,21339,22660,23204,23861,13528,21212,26577,26677,2178,3329,3399,7130,21951,22613,30980,31153,33062,3365,3533,3644,4230,5722,6331,6477,6939,9900,10003,10028,10601,10628,11869,13119,13472,13482,13623,13708,14557,14787,15967,16638,16936,17217,17226,17338,17958,18127,18249,18339,19076,22389,23612,1981,19516,12491,14815,19850,22437,23010,23143,24353,24782,26707,27247,27457,23479,837,1851,1941,9352,16141,22589,24126,25725,25748,27108,16727,22435,7188,21617,11867,17912,18806
1	146	28399	7648,8256,10144,12214,12752,13701,19942,25431,3370,7211,17286,19060,21339,22660,23204,23861,13528,21212,26577,26677,2178,3329,3399,7130,21951,22613,30980,31153,33062,3365,3533,3644,4230,5722,6331,6477,6939,9900,10003,10028,10601,10628,11869,13119,13472,13482,13623,13708,14557,14787,15967,16638,16936,17217,17226,17338,17958,18127,18249,18339,19076,22389,23612,1981,19516,12491,14815,19850,22437,23010,23143,24353,24782,26707,27247,27457,23479,837,1851,1941,9352,16141,22589,24126,25725,25748,27108,16727,22435,7188,21617,11867,17912,18806,25892
0	146	20316	7648,8256,10144,12214,12752,13701,19942,25431,3370,7211,17286,19060,21339,22660,23204,23861,13528,21212,26577,26677,2178,3329,3399,7130,21951,22613,30980,31153,33062,3365,3533,3644,4230,5722,6331,6477,6939,9900,10003,10028,10601,10628,11869,13119,13472,13482,13623,13708,14557,14787,15967,16638,16936,17217,17226,17338,17958,18127,18249,18339,19076,22389,23612,1981,19516,12491,14815,19850,22437,23010,23143,24353,24782,26707,27247,27457,23479,837,1851,1941,9352,16141,22589,24126,25725,25748,27108,16727,22435,7188,21617,11867,17912,18806,25892,28399
1	146	9299	7648,8256,10144,12214,12752,13701,19942,25431,3370,7211,17286,19060,21339,22660,23204,23861,13528,21212,26577,26677,2178,3329,3399,7130,21951,22613,30980,31153,33062,3365,3533,3644,4230,5722,6331,6477,6939,9900,10003,10028,10601,10628,11869,13119,13472,13482,13623,13708,14557,14787,15967,16638,16936,17217,17226,17338,17958,18127,18249,18339,19076,22389,23612,1981,19516,12491,14815,19850,22437,23010,23143,24353,24782,26707,27247,27457,23479,837,1851,1941,9352,16141,22589,24126,25725,25748,27108,16727,22435,7188,21617,11867,17912,18806,25892,28399
1	146	26635	7648,8256,10144,12214,12752,13701,19942,25431,3370,7211,17286,19060,21339,22660,23204,23861,13528,21212,26577,26677,2178,3329,3399,7130,21951,22613,30980,31153,33062,3365,3533,3644,4230,5722,6331,6477,6939,9900,10003,10028,10601,10628,11869,13119,13472,13482,13623,13708,14557,14787,15967,16638,16936,17217,17226,17338,17958,18127,18249,18339,19076,22389,23612,1981,19516,12491,14815,19850,22437,23010,23143,24353,24782,26707,27247,27457,23479,837,1851,1941,9352,16141,22589,24126,25725,25748,27108,16727,22435,7188,21617,11867,17912,18806,25892,28399,9299
1	146	26724	7648,8256,10144,12214,12752,13701,19942,25431,3370,7211,17286,19060,21339,22660,23204,23861,13528,21212,26577,26677,2178,3329,3399,7130,21951,22613,30980,31153,33062,3365,3533,3644,4230,5722,6331,6477,6939,9900,10003,10028,10601,10628,11869,13119,13472,13482,13623,13708,14557,14787,15967,16638,16936,17217,17226,17338,17958,18127,18249,18339,19076,22389,23612,1981,19516,12491,14815,19850,22437,23010,23143,24353,24782,26707,27247,27457,23479,837,1851,1941,9352,16141,22589,24126,25725,25748,27108,16727,22435,7188,21617,11867,17912,18806,25892,28399,9299,26635
0	146	14497	7648,8256,10144,12214,12752,13701,19942,25431,3370,7211,17286,19060,21339,22660,23204,23861,13528,21212,26577,26677,2178,3329,3399,7130,21951,22613,30980,31153,33062,3365,3533,3644,4230,5722,6331,6477,6939,9900,10003,10028,10601,10628,11869,13119,13472,13482,13623,13708,14557,14787,15967,16638,16936,17217,17226,17338,17958,18127,18249,18339,19076,22389,23612,1981,19516,12491,14815,19850,22437,23010,23143,24353,24782,26707,27247,27457,23479,837,1851,1941,9352,16141,22589,24126,25725,25748,27108,16727,22435,7188,21617,11867,17912,18806,25892,28399,9299,26635,26724
1	146	24374	7648,8256,10144,12214,12752,13701,19942,25431,3370,7211,17286,19060,21339,22660,23204,23861,13528,21212,26577,26677,2178,3329,3399,7130,21951,22613,30980,31153,33062,3365,3533,3644,4230,5722,6331,6477,6939,9900,10003,10028,10601,10628,11869,13119,13472,13482,13623,13708,14557,14787,15967,16638,16936,17217,17226,17338,17958,18127,18249,18339,19076,22389,23612,1981,19516,12491,14815,19850,22437,23010,23143,24353,24782,26707,27247,27457,23479,837,1851,1941,9352,16141,22589,24126,25725,25748,27108,16727,22435,7188,21617,11867,17912,18806,25892,28399,9299,26635,26724
1	146	28359	7648,8256,10144,12214,12752,13701,19942,25431,3370,7211,17286,19060,21339,22660,23204,23861,13528,21212,26577,26677,2178,3329,3399,7130,21951,22613,30980,31153,33062,3365,3533,3644,4230,5722,6331,6477,6939,9900,10003,10028,10601,10628,11869,13119,13472,13482,13623,13708,14557,14787,15967,16638,16936,17217,17226,17338,17958,18127,18249,18339,19076,22389,23612,1981,19516,12491,14815,19850,22437,23010,23143,24353,24782,26707,27247,27457,23479,837,1851,1941,9352,16141,22589,24126,25725,25748,27108,16727,22435,7188,21617,11867,17912,18806,25892,28399,9299,26635,26724,24374
1	146	11237	7648,8256,10144,12214,12752,13701,19942,25431,3370,7211,17286,19060,21339,22660,23204,23861,13528,21212,26577,26677,2178,3329,3399,7130,21951,22613,30980,31153,33062,3365,3533,3644,4230,5722,6331,6477,6939,9900,10003,10028,10601,10628,11869,13119,13472,13482,13623,13708,14557,14787,15967,16638,16936,17217,17226,17338,17958,18127,18249,18339,19076,22389,23612,1981,19516,12491,14815,19850,22437,23010,23143,24353,24782,26707,27247,27457,23479,837,1851,1941,9352,16141,22589,24126,25725,25748,27108,16727,22435,7188,21617,11867,17912,18806,25892,28399,9299,26635,26724,24374,28359
1	146	26797	7648,8256,10144,12214,12752,13701,19942,25431,3370,7211,17286,19060,21339,22660,23204,23861,13528,21212,26577,26677,2178,3329,3399,7130,21951,22613,30980,31153,33062,3365,3533,3644,4230,5722,6331,6477,6939,9900,10003,10028,10601,10628,11869,13119,13472,13482,13623,13708,14557,14787,15967,16638,16936,17217,17226,17338,17958,18127,18249,18339,19076,22389,23612,1981,19516,12491,14815,19850,22437,23010,23143,24353,24782,26707,27247,27457,23479,837,1851,1941,9352,16141,22589,24126,25725,25748,27108,16727,22435,7188,21617,11867,17912,18806,25892,28399,9299,26635,26724,24374,28359,11237
1	146	29105	7648,8256,10144,12214,12752,13701,19942,25431,3370,7211,17286,19060,21339,22660,23204,23861,13528,21212,26577,26677,2178,3329,3399,7130,21951,22613,30980,31153,33062,3365,3533,3644,4230,5722,6331,6477,6939,9900,10003,10028,10601,10628,11869,13119,13472,13482,13623,13708,14557,14787,15967,16638,16936,17217,17226,17338,17958,18127,18249,18339,19076,22389,23612,1981,19516,12491,14815,19850,22437,23010,23143,24353,24782,26707,27247,27457,23479,837,1851,1941,9352,16141,22589,24126,25725,25748,27108,16727,22435,7188,21617,11867,17912,18806,25892,28399,9299,26635,26724,24374,28359,11237,26797
1	146	28003	7648,8256,10144,12214,12752,13701,19942,25431,3370,7211,17286,19060,21339,22660,23204,23861,13528,21212,26577,26677,2178,3329,3399,7130,21951,22613,30980,31153,33062,3365,3533,3644,4230,5722,6331,6477,6939,9900,10003,10028,10601,10628,11869,13119,13472,13482,13623,13708,14557,14787,15967,16638,16936,17217,17226,17338,17958,18127,18249,18339,19076,22389,23612,1981,19516,12491,14815,19850,22437,23010,23143,24353,24782,26707,27247,27457,23479,837,1851,1941,9352,16141,22589,24126,25725,25748,27108,16727,22435,7188,21617,11867,17912,18806,25892,28399,9299,26635,26724,24374,28359,11237,26797,29105
