1	436	23736	0
0	436	7344	23736
1	436	9031	23736
0	436	4244	23736,9031
0	436	32208	23736,9031
0	436	32147	23736,9031
1	436	30928	23736,9031
0	436	3229	23736,9031,30928
1	436	2310	23736,9031,30928
1	436	1260	23736,9031,30928,2310
0	436	3069	23736,9031,30928,2310,1260
0	436	869	23736,9031,30928,2310,1260
0	436	10246	23736,9031,30928,2310,1260
0	436	5357	23736,9031,30928,2310,1260
1	436	3427	23736,9031,30928,2310,1260
0	436	3616	23736,9031,30928,2310,1260,3427
0	436	6098	23736,9031,30928,2310,1260,3427
1	436	2167	23736,9031,30928,2310,1260,3427
1	436	6127	23736,9031,30928,2310,1260,3427,2167
1	436	9716	23736,9031,30928,2310,1260,3427,2167,6127
0	436	8581	23736,9031,30928,2310,1260,3427,2167,6127,9716
1	436	8750	23736,9031,30928,2310,1260,3427,2167,6127,9716
0	436	14733	23736,9031,30928,2310,1260,3427,2167,6127,9716,8750
0	436	8939	23736,9031,30928,2310,1260,3427,2167,6127,9716,8750
0	436	6652	23736,9031,30928,2310,1260,3427,2167,6127,9716,8750
1	436	18488	23736,9031,30928,2310,1260,3427,2167,6127,9716,8750
1	436	6461	23736,9031,30928,2310,1260,3427,2167,6127,9716,8750,18488
0	436	14064	23736,9031,30928,2310,1260,3427,2167,6127,9716,8750,18488,6461
0	436	3649	23736,9031,30928,2310,1260,3427,2167,6127,9716,8750,18488,6461
0	436	14004	23736,9031,30928,2310,1260,3427,2167,6127,9716,8750,18488,6461
1	436	11941	23736,9031,30928,2310,1260,3427,2167,6127,9716,8750,18488,6461
0	436	349	23736,9031,30928,2310,1260,3427,2167,6127,9716,8750,18488,6461,11941
1	436	9525	23736,9031,30928,2310,1260,3427,2167,6127,9716,8750,18488,6461,11941
0	436	20327	23736,9031,30928,2310,1260,3427,2167,6127,9716,8750,18488,6461,11941,9525
0	436	19260	23736,9031,30928,2310,1260,3427,2167,6127,9716,8750,18488,6461,11941,9525
0	436	7520	23736,9031,30928,2310,1260,3427,2167,6127,9716,8750,18488,6461,11941,9525
1	436	16807	23736,9031,30928,2310,1260,3427,2167,6127,9716,8750,18488,6461,11941,9525
1	436	16612	23736,9031,30928,2310,1260,3427,2167,6127,9716,8750,18488,6461,11941,9525,16807
1	436	11550	23736,9031,30928,2310,1260,3427,2167,6127,9716,8750,18488,6461,11941,9525,16807,16612
0	436	3151	23736,9031,30928,2310,1260,3427,2167,6127,9716,8750,18488,6461,11941,9525,16807,16612,11550
0	436	17043	23736,9031,30928,2310,1260,3427,2167,6127,9716,8750,18488,6461,11941,9525,16807,16612,11550
1	436	16403	23736,9031,30928,2310,1260,3427,2167,6127,9716,8750,18488,6461,11941,9525,16807,16612,11550
1	436	9710	23736,9031,30928,2310,1260,3427,2167,6127,9716,8750,18488,6461,11941,9525,16807,16612,11550,16403
0	436	17554	23736,9031,30928,2310,1260,3427,2167,6127,9716,8750,18488,6461,11941,9525,16807,16612,11550,16403,9710
1	436	22440	23736,9031,30928,2310,1260,3427,2167,6127,9716,8750,18488,6461,11941,9525,16807,16612,11550,16403,9710
0	436	14636	23736,9031,30928,2310,1260,3427,2167,6127,9716,8750,18488,6461,11941,9525,16807,16612,11550,16403,9710,22440
1	436	17712	23736,9031,30928,2310,1260,3427,2167,6127,9716,8750,18488,6461,11941,9525,16807,16612,11550,16403,9710,22440
0	436	12254	23736,9031,30928,2310,1260,3427,2167,6127,9716,8750,18488,6461,11941,9525,16807,16612,11550,16403,9710,22440,17712
1	436	14750	23736,9031,30928,2310,1260,3427,2167,6127,9716,8750,18488,6461,11941,9525,16807,16612,11550,16403,9710,22440,17712
0	436	17386	23736,9031,30928,2310,1260,3427,2167,6127,9716,8750,18488,6461,11941,9525,16807,16612,11550,16403,9710,22440,17712,14750
1	436	21693	23736,9031,30928,2310,1260,3427,2167,6127,9716,8750,18488,6461,11941,9525,16807,16612,11550,16403,9710,22440,17712,14750
0	436	6836	23736,9031,30928,2310,1260,3427,2167,6127,9716,8750,18488,6461,11941,9525,16807,16612,11550,16403,9710,22440,17712,14750,21693
1	436	7490	23736,9031,30928,2310,1260,3427,2167,6127,9716,8750,18488,6461,11941,9525,16807,16612,11550,16403,9710,22440,17712,14750,21693
1	436	21504	23736,9031,30928,2310,1260,3427,2167,6127,9716,8750,18488,6461,11941,9525,16807,16612,11550,16403,9710,22440,17712,14750,21693,7490
1	436	4293	23736,9031,30928,2310,1260,3427,2167,6127,9716,8750,18488,6461,11941,9525,16807,16612,11550,16403,9710,22440,17712,14750,21693,7490,21504
1	436	19929	23736,9031,30928,2310,1260,3427,2167,6127,9716,8750,18488,6461,11941,9525,16807,16612,11550,16403,9710,22440,17712,14750,21693,7490,21504,4293
1	436	15361	23736,9031,30928,2310,1260,3427,2167,6127,9716,8750,18488,6461,11941,9525,16807,16612,11550,16403,9710,22440,17712,14750,21693,7490,21504,4293,19929
1	436	22235	23736,9031,30928,2310,1260,3427,2167,6127,9716,8750,18488,6461,11941,9525,16807,16612,11550,16403,9710,22440,17712,14750,21693,7490,21504,4293,19929,15361
0	436	19331	23736,9031,30928,2310,1260,3427,2167,6127,9716,8750,18488,6461,11941,9525,16807,16612,11550,16403,9710,22440,17712,14750,21693,7490,21504,4293,19929,15361,22235
1	436	9156	23736,9031,30928,2310,1260,3427,2167,6127,9716,8750,18488,6461,11941,9525,16807,16612,11550,16403,9710,22440,17712,14750,21693,7490,21504,4293,19929,15361,22235
0	436	8178	23736,9031,30928,2310,1260,3427,2167,6127,9716,8750,18488,6461,11941,9525,16807,16612,11550,16403,9710,22440,17712,14750,21693,7490,21504,4293,19929,15361,22235,9156
1	436	19115	23736,9031,30928,2310,1260,3427,2167,6127,9716,8750,18488,6461,11941,9525,16807,16612,11550,16403,9710,22440,17712,14750,21693,7490,21504,4293,19929,15361,22235,9156
1	436	26539	23736,9031,30928,2310,1260,3427,2167,6127,9716,8750,18488,6461,11941,9525,16807,16612,11550,16403,9710,22440,17712,14750,21693,7490,21504,4293,19929,15361,22235,9156,19115
0	436	20240	23736,9031,30928,2310,1260,3427,2167,6127,9716,8750,18488,6461,11941,9525,16807,16612,11550,16403,9710,22440,17712,14750,21693,7490,21504,4293,19929,15361,22235,9156,19115,26539
0	436	13670	23736,9031,30928,2310,1260,3427,2167,6127,9716,8750,18488,6461,11941,9525,16807,16612,11550,16403,9710,22440,17712,14750,21693,7490,21504,4293,19929,15361,22235,9156,19115,26539
1	436	15469	23736,9031,30928,2310,1260,3427,2167,6127,9716,8750,18488,6461,11941,9525,16807,16612,11550,16403,9710,22440,17712,14750,21693,7490,21504,4293,19929,15361,22235,9156,19115,26539
1	436	15468	23736,9031,30928,2310,1260,3427,2167,6127,9716,8750,18488,6461,11941,9525,16807,16612,11550,16403,9710,22440,17712,14750,21693,7490,21504,4293,19929,15361,22235,9156,19115,26539,15469
1	436	11833	23736,9031,30928,2310,1260,3427,2167,6127,9716,8750,18488,6461,11941,9525,16807,16612,11550,16403,9710,22440,17712,14750,21693,7490,21504,4293,19929,15361,22235,9156,19115,26539,15469,15468
1	436	6734	23736,9031,30928,2310,1260,3427,2167,6127,9716,8750,18488,6461,11941,9525,16807,16612,11550,16403,9710,22440,17712,14750,21693,7490,21504,4293,19929,15361,22235,9156,19115,26539,15469,15468,11833
0	436	27739	23736,9031,30928,2310,1260,3427,2167,6127,9716,8750,18488,6461,11941,9525,16807,16612,11550,16403,9710,22440,17712,14750,21693,7490,21504,4293,19929,15361,22235,9156,19115,26539,15469,15468,11833,6734
1	436	9755	23736,9031,30928,2310,1260,3427,2167,6127,9716,8750,18488,6461,11941,9525,16807,16612,11550,16403,9710,22440,17712,14750,21693,7490,21504,4293,19929,15361,22235,9156,19115,26539,15469,15468,11833,6734
0	436	12152	23736,9031,30928,2310,1260,3427,2167,6127,9716,8750,18488,6461,11941,9525,16807,16612,11550,16403,9710,22440,17712,14750,21693,7490,21504,4293,19929,15361,22235,9156,19115,26539,15469,15468,11833,6734,9755
0	436	8697	23736,9031,30928,2310,1260,3427,2167,6127,9716,8750,18488,6461,11941,9525,16807,16612,11550,16403,9710,22440,17712,14750,21693,7490,21504,4293,19929,15361,22235,9156,19115,26539,15469,15468,11833,6734,9755
0	436	5891	23736,9031,30928,2310,1260,3427,2167,6127,9716,8750,18488,6461,11941,9525,16807,16612,11550,16403,9710,22440,17712,14750,21693,7490,21504,4293,19929,15361,22235,9156,19115,26539,15469,15468,11833,6734,9755
1	436	19321	23736,9031,30928,2310,1260,3427,2167,6127,9716,8750,18488,6461,11941,9525,16807,16612,11550,16403,9710,22440,17712,14750,21693,7490,21504,4293,19929,15361,22235,9156,19115,26539,15469,15468,11833,6734,9755
0	436	19527	23736,9031,30928,2310,1260,3427,2167,6127,9716,8750,18488,6461,11941,9525,16807,16612,11550,16403,9710,22440,17712,14750,21693,7490,21504,4293,19929,15361,22235,9156,19115,26539,15469,15468,11833,6734,9755,19321
1	436	24637	23736,9031,30928,2310,1260,3427,2167,6127,9716,8750,18488,6461,11941,9525,16807,16612,11550,16403,9710,22440,17712,14750,21693,7490,21504,4293,19929,15361,22235,9156,19115,26539,15469,15468,11833,6734,9755,19321
1	436	28442	23736,9031,30928,2310,1260,3427,2167,6127,9716,8750,18488,6461,11941,9525,16807,16612,11550,16403,9710,22440,17712,14750,21693,7490,21504,4293,19929,15361,22235,9156,19115,26539,15469,15468,11833,6734,9755,19321,24637
0	436	21520	23736,9031,30928,2310,1260,3427,2167,6127,9716,8750,18488,6461,11941,9525,16807,16612,11550,16403,9710,22440,17712,14750,21693,7490,21504,4293,19929,15361,22235,9156,19115,26539,15469,15468,11833,6734,9755,19321,24637,28442
0	436	10124	23736,9031,30928,2310,1260,3427,2167,6127,9716,8750,18488,6461,11941,9525,16807,16612,11550,16403,9710,22440,17712,14750,21693,7490,21504,4293,19929,15361,22235,9156,19115,26539,15469,15468,11833,6734,9755,19321,24637,28442
1	436	1830	23736,9031,30928,2310,1260,3427,2167,6127,9716,8750,18488,6461,11941,9525,16807,16612,11550,16403,9710,22440,17712,14750,21693,7490,21504,4293,19929,15361,22235,9156,19115,26539,15469,15468,11833,6734,9755,19321,24637,28442
1	436	13401	23736,9031,30928,2310,1260,3427,2167,6127,9716,8750,18488,6461,11941,9525,16807,16612,11550,16403,9710,22440,17712,14750,21693,7490,21504,4293,19929,15361,22235,9156,19115,26539,15469,15468,11833,6734,9755,19321,24637,28442,1830
1	436	21833	23736,9031,30928,2310,1260,3427,2167,6127,9716,8750,18488,6461,11941,9525,16807,16612,11550,16403,9710,22440,17712,14750,21693,7490,21504,4293,19929,15361,22235,9156,19115,26539,15469,15468,11833,6734,9755,19321,24637,28442,1830,13401
0	436	3852	23736,9031,30928,2310,1260,3427,2167,6127,9716,8750,18488,6461,11941,9525,16807,16612,11550,16403,9710,22440,17712,14750,21693,7490,21504,4293,19929,15361,22235,9156,19115,26539,15469,15468,11833,6734,9755,19321,24637,28442,1830,13401,21833
0	436	11261	23736,9031,30928,2310,1260,3427,2167,6127,9716,8750,18488,6461,11941,9525,16807,16612,11550,16403,9710,22440,17712,14750,21693,7490,21504,4293,19929,15361,22235,9156,19115,26539,15469,15468,11833,6734,9755,19321,24637,28442,1830,13401,21833
0	436	26010	23736,9031,30928,2310,1260,3427,2167,6127,9716,8750,18488,6461,11941,9525,16807,16612,11550,16403,9710,22440,17712,14750,21693,7490,21504,4293,19929,15361,22235,9156,19115,26539,15469,15468,11833,6734,9755,19321,24637,28442,1830,13401,21833
0	436	25185	23736,9031,30928,2310,1260,3427,2167,6127,9716,8750,18488,6461,11941,9525,16807,16612,11550,16403,9710,22440,17712,14750,21693,7490,21504,4293,19929,15361,22235,9156,19115,26539,15469,15468,11833,6734,9755,19321,24637,28442,1830,13401,21833
1	436	25590	23736,9031,30928,2310,1260,3427,2167,6127,9716,8750,18488,6461,11941,9525,16807,16612,11550,16403,9710,22440,17712,14750,21693,7490,21504,4293,19929,15361,22235,9156,19115,26539,15469,15468,11833,6734,9755,19321,24637,28442,1830,13401,21833
1	436	25968	23736,9031,30928,2310,1260,3427,2167,6127,9716,8750,18488,6461,11941,9525,16807,16612,11550,16403,9710,22440,17712,14750,21693,7490,21504,4293,19929,15361,22235,9156,19115,26539,15469,15468,11833,6734,9755,19321,24637,28442,1830,13401,21833,25590
0	436	9491	23736,9031,30928,2310,1260,3427,2167,6127,9716,8750,18488,6461,11941,9525,16807,16612,11550,16403,9710,22440,17712,14750,21693,7490,21504,4293,19929,15361,22235,9156,19115,26539,15469,15468,11833,6734,9755,19321,24637,28442,1830,13401,21833,25590,25968
0	436	27738	23736,9031,30928,2310,1260,3427,2167,6127,9716,8750,18488,6461,11941,9525,16807,16612,11550,16403,9710,22440,17712,14750,21693,7490,21504,4293,19929,15361,22235,9156,19115,26539,15469,15468,11833,6734,9755,19321,24637,28442,1830,13401,21833,25590,25968
0	436	25988	23736,9031,30928,2310,1260,3427,2167,6127,9716,8750,18488,6461,11941,9525,16807,16612,11550,16403,9710,22440,17712,14750,21693,7490,21504,4293,19929,15361,22235,9156,19115,26539,15469,15468,11833,6734,9755,19321,24637,28442,1830,13401,21833,25590,25968
1	436	1368	23736,9031,30928,2310,1260,3427,2167,6127,9716,8750,18488,6461,11941,9525,16807,16612,11550,16403,9710,22440,17712,14750,21693,7490,21504,4293,19929,15361,22235,9156,19115,26539,15469,15468,11833,6734,9755,19321,24637,28442,1830,13401,21833,25590,25968
