1	593	28366	0
1	593	873	28366
0	593	2748	28366,873
1	593	4410	28366,873
1	593	5831	28366,873,4410
1	593	7048	28366,873,4410,5831
1	593	2795	28366,873,4410,5831,7048
1	593	472	28366,873,4410,5831,7048,2795
1	593	15275	28366,873,4410,5831,7048,2795,472
1	593	3162	28366,873,4410,5831,7048,2795,472,15275
0	593	32045	28366,873,4410,5831,7048,2795,472,15275,3162
1	593	1929	28366,873,4410,5831,7048,2795,472,15275,3162
1	593	19776	28366,873,4410,5831,7048,2795,472,15275,3162,1929
1	593	5560	28366,873,4410,5831,7048,2795,472,15275,3162,1929,19776
1	593	7147	28366,873,4410,5831,7048,2795,472,15275,3162,1929,19776,5560
0	593	14482	28366,873,4410,5831,7048,2795,472,15275,3162,1929,19776,5560,7147
1	593	2048	28366,873,4410,5831,7048,2795,472,15275,3162,1929,19776,5560,7147
1	593	4626	28366,873,4410,5831,7048,2795,472,15275,3162,1929,19776,5560,7147,2048
1	593	6957	28366,873,4410,5831,7048,2795,472,15275,3162,1929,19776,5560,7147,2048,4626
1	593	7162	28366,873,4410,5831,7048,2795,472,15275,3162,1929,19776,5560,7147,2048,4626,6957
1	593	32628	28366,873,4410,5831,7048,2795,472,15275,3162,1929,19776,5560,7147,2048,4626,6957,7162
1	593	10183	28366,873,4410,5831,7048,2795,472,15275,3162,1929,19776,5560,7147,2048,4626,6957,7162,32628
0	593	5294	28366,873,4410,5831,7048,2795,472,15275,3162,1929,19776,5560,7147,2048,4626,6957,7162,32628,10183
1	593	6874	28366,873,4410,5831,7048,2795,472,15275,3162,1929,19776,5560,7147,2048,4626,6957,7162,32628,10183
1	593	2257	28366,873,4410,5831,7048,2795,472,15275,3162,1929,19776,5560,7147,2048,4626,6957,7162,32628,10183,6874
1	593	13691	28366,873,4410,5831,7048,2795,472,15275,3162,1929,19776,5560,7147,2048,4626,6957,7162,32628,10183,6874,2257
0	593	12700	28366,873,4410,5831,7048,2795,472,15275,3162,1929,19776,5560,7147,2048,4626,6957,7162,32628,10183,6874,2257,13691
0	593	14624	28366,873,4410,5831,7048,2795,472,15275,3162,1929,19776,5560,7147,2048,4626,6957,7162,32628,10183,6874,2257,13691
1	593	22317	28366,873,4410,5831,7048,2795,472,15275,3162,1929,19776,5560,7147,2048,4626,6957,7162,32628,10183,6874,2257,13691
1	593	6264	28366,873,4410,5831,7048,2795,472,15275,3162,1929,19776,5560,7147,2048,4626,6957,7162,32628,10183,6874,2257,13691,22317
1	593	6836	28366,873,4410,5831,7048,2795,472,15275,3162,1929,19776,5560,7147,2048,4626,6957,7162,32628,10183,6874,2257,13691,22317,6264
1	593	13690	28366,873,4410,5831,7048,2795,472,15275,3162,1929,19776,5560,7147,2048,4626,6957,7162,32628,10183,6874,2257,13691,22317,6264,6836
1	593	10144	28366,873,4410,5831,7048,2795,472,15275,3162,1929,19776,5560,7147,2048,4626,6957,7162,32628,10183,6874,2257,13691,22317,6264,6836,13690
1	593	9296	28366,873,4410,5831,7048,2795,472,15275,3162,1929,19776,5560,7147,2048,4626,6957,7162,32628,10183,6874,2257,13691,22317,6264,6836,13690,10144
1	593	1259	28366,873,4410,5831,7048,2795,472,15275,3162,1929,19776,5560,7147,2048,4626,6957,7162,32628,10183,6874,2257,13691,22317,6264,6836,13690,10144,9296
0	593	20709	28366,873,4410,5831,7048,2795,472,15275,3162,1929,19776,5560,7147,2048,4626,6957,7162,32628,10183,6874,2257,13691,22317,6264,6836,13690,10144,9296,1259
1	593	26473	28366,873,4410,5831,7048,2795,472,15275,3162,1929,19776,5560,7147,2048,4626,6957,7162,32628,10183,6874,2257,13691,22317,6264,6836,13690,10144,9296,1259
1	593	15086	28366,873,4410,5831,7048,2795,472,15275,3162,1929,19776,5560,7147,2048,4626,6957,7162,32628,10183,6874,2257,13691,22317,6264,6836,13690,10144,9296,1259,26473
1	593	18876	28366,873,4410,5831,7048,2795,472,15275,3162,1929,19776,5560,7147,2048,4626,6957,7162,32628,10183,6874,2257,13691,22317,6264,6836,13690,10144,9296,1259,26473,15086
1	593	9970	28366,873,4410,5831,7048,2795,472,15275,3162,1929,19776,5560,7147,2048,4626,6957,7162,32628,10183,6874,2257,13691,22317,6264,6836,13690,10144,9296,1259,26473,15086,18876
0	593	13984	28366,873,4410,5831,7048,2795,472,15275,3162,1929,19776,5560,7147,2048,4626,6957,7162,32628,10183,6874,2257,13691,22317,6264,6836,13690,10144,9296,1259,26473,15086,18876,9970
1	593	14562	28366,873,4410,5831,7048,2795,472,15275,3162,1929,19776,5560,7147,2048,4626,6957,7162,32628,10183,6874,2257,13691,22317,6264,6836,13690,10144,9296,1259,26473,15086,18876,9970
1	593	22115	28366,873,4410,5831,7048,2795,472,15275,3162,1929,19776,5560,7147,2048,4626,6957,7162,32628,10183,6874,2257,13691,22317,6264,6836,13690,10144,9296,1259,26473,15086,18876,9970,14562
1	593	25369	28366,873,4410,5831,7048,2795,472,15275,3162,1929,19776,5560,7147,2048,4626,6957,7162,32628,10183,6874,2257,13691,22317,6264,6836,13690,10144,9296,1259,26473,15086,18876,9970,14562,22115
1	593	8945	28366,873,4410,5831,7048,2795,472,15275,3162,1929,19776,5560,7147,2048,4626,6957,7162,32628,10183,6874,2257,13691,22317,6264,6836,13690,10144,9296,1259,26473,15086,18876,9970,14562,22115,25369
1	593	21712	28366,873,4410,5831,7048,2795,472,15275,3162,1929,19776,5560,7147,2048,4626,6957,7162,32628,10183,6874,2257,13691,22317,6264,6836,13690,10144,9296,1259,26473,15086,18876,9970,14562,22115,25369,8945
1	593	9853	28366,873,4410,5831,7048,2795,472,15275,3162,1929,19776,5560,7147,2048,4626,6957,7162,32628,10183,6874,2257,13691,22317,6264,6836,13690,10144,9296,1259,26473,15086,18876,9970,14562,22115,25369,8945,21712
1	593	20823	28366,873,4410,5831,7048,2795,472,15275,3162,1929,19776,5560,7147,2048,4626,6957,7162,32628,10183,6874,2257,13691,22317,6264,6836,13690,10144,9296,1259,26473,15086,18876,9970,14562,22115,25369,8945,21712,9853
1	593	26036	28366,873,4410,5831,7048,2795,472,15275,3162,1929,19776,5560,7147,2048,4626,6957,7162,32628,10183,6874,2257,13691,22317,6264,6836,13690,10144,9296,1259,26473,15086,18876,9970,14562,22115,25369,8945,21712,9853,20823
1	593	24251	28366,873,4410,5831,7048,2795,472,15275,3162,1929,19776,5560,7147,2048,4626,6957,7162,32628,10183,6874,2257,13691,22317,6264,6836,13690,10144,9296,1259,26473,15086,18876,9970,14562,22115,25369,8945,21712,9853,20823,26036
1	593	9030	28366,873,4410,5831,7048,2795,472,15275,3162,1929,19776,5560,7147,2048,4626,6957,7162,32628,10183,6874,2257,13691,22317,6264,6836,13690,10144,9296,1259,26473,15086,18876,9970,14562,22115,25369,8945,21712,9853,20823,26036,24251
1	593	23490	28366,873,4410,5831,7048,2795,472,15275,3162,1929,19776,5560,7147,2048,4626,6957,7162,32628,10183,6874,2257,13691,22317,6264,6836,13690,10144,9296,1259,26473,15086,18876,9970,14562,22115,25369,8945,21712,9853,20823,26036,24251,9030
1	593	27972	28366,873,4410,5831,7048,2795,472,15275,3162,1929,19776,5560,7147,2048,4626,6957,7162,32628,10183,6874,2257,13691,22317,6264,6836,13690,10144,9296,1259,26473,15086,18876,9970,14562,22115,25369,8945,21712,9853,20823,26036,24251,9030,23490
1	593	18843	28366,873,4410,5831,7048,2795,472,15275,3162,1929,19776,5560,7147,2048,4626,6957,7162,32628,10183,6874,2257,13691,22317,6264,6836,13690,10144,9296,1259,26473,15086,18876,9970,14562,22115,25369,8945,21712,9853,20823,26036,24251,9030,23490,27972
1	593	18936	28366,873,4410,5831,7048,2795,472,15275,3162,1929,19776,5560,7147,2048,4626,6957,7162,32628,10183,6874,2257,13691,22317,6264,6836,13690,10144,9296,1259,26473,15086,18876,9970,14562,22115,25369,8945,21712,9853,20823,26036,24251,9030,23490,27972,18843
1	593	21504	28366,873,4410,5831,7048,2795,472,15275,3162,1929,19776,5560,7147,2048,4626,6957,7162,32628,10183,6874,2257,13691,22317,6264,6836,13690,10144,9296,1259,26473,15086,18876,9970,14562,22115,25369,8945,21712,9853,20823,26036,24251,9030,23490,27972,18843,18936
1	593	1821	28366,873,4410,5831,7048,2795,472,15275,3162,1929,19776,5560,7147,2048,4626,6957,7162,32628,10183,6874,2257,13691,22317,6264,6836,13690,10144,9296,1259,26473,15086,18876,9970,14562,22115,25369,8945,21712,9853,20823,26036,24251,9030,23490,27972,18843,18936,21504
1	593	10691	28366,873,4410,5831,7048,2795,472,15275,3162,1929,19776,5560,7147,2048,4626,6957,7162,32628,10183,6874,2257,13691,22317,6264,6836,13690,10144,9296,1259,26473,15086,18876,9970,14562,22115,25369,8945,21712,9853,20823,26036,24251,9030,23490,27972,18843,18936,21504,1821
