1	1012	11976	0
1	1012	13709	11976
1	1012	31451	11976,13709
0	1012	26972	11976,13709,31451
1	1012	28935	11976,13709,31451
0	1012	17580	11976,13709,31451,28935
0	1012	26925	11976,13709,31451,28935
0	1012	31883	11976,13709,31451,28935
0	1012	239	11976,13709,31451,28935
0	1012	27706	11976,13709,31451,28935
1	1012	33120	11976,13709,31451,28935
1	1012	2012	11976,13709,31451,28935,33120
0	1012	32760	11976,13709,31451,28935,33120,2012
0	1012	32432	11976,13709,31451,28935,33120,2012
0	1012	983	11976,13709,31451,28935,33120,2012
1	1012	3629	11976,13709,31451,28935,33120,2012
1	1012	942	11976,13709,31451,28935,33120,2012,3629
1	1012	5435	11976,13709,31451,28935,33120,2012,3629,942
1	1012	6400	11976,13709,31451,28935,33120,2012,3629,942,5435
1	1012	3794	11976,13709,31451,28935,33120,2012,3629,942,5435,6400
1	1012	7764	11976,13709,31451,28935,33120,2012,3629,942,5435,6400,3794
1	1012	5208	11976,13709,31451,28935,33120,2012,3629,942,5435,6400,3794,7764
0	1012	6994	11976,13709,31451,28935,33120,2012,3629,942,5435,6400,3794,7764,5208
1	1012	7480	11976,13709,31451,28935,33120,2012,3629,942,5435,6400,3794,7764,5208
1	1012	6529	11976,13709,31451,28935,33120,2012,3629,942,5435,6400,3794,7764,5208,7480
0	1012	6722	11976,13709,31451,28935,33120,2012,3629,942,5435,6400,3794,7764,5208,7480,6529
0	1012	9710	11976,13709,31451,28935,33120,2012,3629,942,5435,6400,3794,7764,5208,7480,6529
1	1012	9487	11976,13709,31451,28935,33120,2012,3629,942,5435,6400,3794,7764,5208,7480,6529
0	1012	6986	11976,13709,31451,28935,33120,2012,3629,942,5435,6400,3794,7764,5208,7480,6529,9487
1	1012	28888	11976,13709,31451,28935,33120,2012,3629,942,5435,6400,3794,7764,5208,7480,6529,9487
1	1012	9462	11976,13709,31451,28935,33120,2012,3629,942,5435,6400,3794,7764,5208,7480,6529,9487,28888
0	1012	7780	11976,13709,31451,28935,33120,2012,3629,942,5435,6400,3794,7764,5208,7480,6529,9487,28888,9462
0	1012	9194	11976,13709,31451,28935,33120,2012,3629,942,5435,6400,3794,7764,5208,7480,6529,9487,28888,9462
0	1012	10983	11976,13709,31451,28935,33120,2012,3629,942,5435,6400,3794,7764,5208,7480,6529,9487,28888,9462
1	1012	12009	11976,13709,31451,28935,33120,2012,3629,942,5435,6400,3794,7764,5208,7480,6529,9487,28888,9462
0	1012	9616	11976,13709,31451,28935,33120,2012,3629,942,5435,6400,3794,7764,5208,7480,6529,9487,28888,9462,12009
0	1012	6858	11976,13709,31451,28935,33120,2012,3629,942,5435,6400,3794,7764,5208,7480,6529,9487,28888,9462,12009
0	1012	8087	11976,13709,31451,28935,33120,2012,3629,942,5435,6400,3794,7764,5208,7480,6529,9487,28888,9462,12009
1	1012	12827	11976,13709,31451,28935,33120,2012,3629,942,5435,6400,3794,7764,5208,7480,6529,9487,28888,9462,12009
1	1012	14216	11976,13709,31451,28935,33120,2012,3629,942,5435,6400,3794,7764,5208,7480,6529,9487,28888,9462,12009,12827
0	1012	14346	11976,13709,31451,28935,33120,2012,3629,942,5435,6400,3794,7764,5208,7480,6529,9487,28888,9462,12009,12827,14216
0	1012	6908	11976,13709,31451,28935,33120,2012,3629,942,5435,6400,3794,7764,5208,7480,6529,9487,28888,9462,12009,12827,14216
1	1012	9411	11976,13709,31451,28935,33120,2012,3629,942,5435,6400,3794,7764,5208,7480,6529,9487,28888,9462,12009,12827,14216
1	1012	12451	11976,13709,31451,28935,33120,2012,3629,942,5435,6400,3794,7764,5208,7480,6529,9487,28888,9462,12009,12827,14216,9411
0	1012	14642	11976,13709,31451,28935,33120,2012,3629,942,5435,6400,3794,7764,5208,7480,6529,9487,28888,9462,12009,12827,14216,9411,12451
1	1012	13190	11976,13709,31451,28935,33120,2012,3629,942,5435,6400,3794,7764,5208,7480,6529,9487,28888,9462,12009,12827,14216,9411,12451
0	1012	16628	11976,13709,31451,28935,33120,2012,3629,942,5435,6400,3794,7764,5208,7480,6529,9487,28888,9462,12009,12827,14216,9411,12451,13190
1	1012	14257	11976,13709,31451,28935,33120,2012,3629,942,5435,6400,3794,7764,5208,7480,6529,9487,28888,9462,12009,12827,14216,9411,12451,13190
0	1012	4910	11976,13709,31451,28935,33120,2012,3629,942,5435,6400,3794,7764,5208,7480,6529,9487,28888,9462,12009,12827,14216,9411,12451,13190,14257
0	1012	12515	11976,13709,31451,28935,33120,2012,3629,942,5435,6400,3794,7764,5208,7480,6529,9487,28888,9462,12009,12827,14216,9411,12451,13190,14257
0	1012	16001	11976,13709,31451,28935,33120,2012,3629,942,5435,6400,3794,7764,5208,7480,6529,9487,28888,9462,12009,12827,14216,9411,12451,13190,14257
0	1012	16613	11976,13709,31451,28935,33120,2012,3629,942,5435,6400,3794,7764,5208,7480,6529,9487,28888,9462,12009,12827,14216,9411,12451,13190,14257
1	1012	17615	11976,13709,31451,28935,33120,2012,3629,942,5435,6400,3794,7764,5208,7480,6529,9487,28888,9462,12009,12827,14216,9411,12451,13190,14257
1	1012	9852	11976,13709,31451,28935,33120,2012,3629,942,5435,6400,3794,7764,5208,7480,6529,9487,28888,9462,12009,12827,14216,9411,12451,13190,14257,17615
0	1012	16876	11976,13709,31451,28935,33120,2012,3629,942,5435,6400,3794,7764,5208,7480,6529,9487,28888,9462,12009,12827,14216,9411,12451,13190,14257,17615,9852
0	1012	13376	11976,13709,31451,28935,33120,2012,3629,942,5435,6400,3794,7764,5208,7480,6529,9487,28888,9462,12009,12827,14216,9411,12451,13190,14257,17615,9852
0	1012	18938	11976,13709,31451,28935,33120,2012,3629,942,5435,6400,3794,7764,5208,7480,6529,9487,28888,9462,12009,12827,14216,9411,12451,13190,14257,17615,9852
0	1012	19745	11976,13709,31451,28935,33120,2012,3629,942,5435,6400,3794,7764,5208,7480,6529,9487,28888,9462,12009,12827,14216,9411,12451,13190,14257,17615,9852
0	1012	15533	11976,13709,31451,28935,33120,2012,3629,942,5435,6400,3794,7764,5208,7480,6529,9487,28888,9462,12009,12827,14216,9411,12451,13190,14257,17615,9852
0	1012	16672	11976,13709,31451,28935,33120,2012,3629,942,5435,6400,3794,7764,5208,7480,6529,9487,28888,9462,12009,12827,14216,9411,12451,13190,14257,17615,9852
1	1012	19911	11976,13709,31451,28935,33120,2012,3629,942,5435,6400,3794,7764,5208,7480,6529,9487,28888,9462,12009,12827,14216,9411,12451,13190,14257,17615,9852
0	1012	21957	11976,13709,31451,28935,33120,2012,3629,942,5435,6400,3794,7764,5208,7480,6529,9487,28888,9462,12009,12827,14216,9411,12451,13190,14257,17615,9852,19911
0	1012	16754	11976,13709,31451,28935,33120,2012,3629,942,5435,6400,3794,7764,5208,7480,6529,9487,28888,9462,12009,12827,14216,9411,12451,13190,14257,17615,9852,19911
0	1012	18970	11976,13709,31451,28935,33120,2012,3629,942,5435,6400,3794,7764,5208,7480,6529,9487,28888,9462,12009,12827,14216,9411,12451,13190,14257,17615,9852,19911
0	1012	19889	11976,13709,31451,28935,33120,2012,3629,942,5435,6400,3794,7764,5208,7480,6529,9487,28888,9462,12009,12827,14216,9411,12451,13190,14257,17615,9852,19911
1	1012	22968	11976,13709,31451,28935,33120,2012,3629,942,5435,6400,3794,7764,5208,7480,6529,9487,28888,9462,12009,12827,14216,9411,12451,13190,14257,17615,9852,19911
0	1012	21586	11976,13709,31451,28935,33120,2012,3629,942,5435,6400,3794,7764,5208,7480,6529,9487,28888,9462,12009,12827,14216,9411,12451,13190,14257,17615,9852,19911,22968
1	1012	21937	11976,13709,31451,28935,33120,2012,3629,942,5435,6400,3794,7764,5208,7480,6529,9487,28888,9462,12009,12827,14216,9411,12451,13190,14257,17615,9852,19911,22968
0	1012	22315	11976,13709,31451,28935,33120,2012,3629,942,5435,6400,3794,7764,5208,7480,6529,9487,28888,9462,12009,12827,14216,9411,12451,13190,14257,17615,9852,19911,22968,21937
0	1012	13356	11976,13709,31451,28935,33120,2012,3629,942,5435,6400,3794,7764,5208,7480,6529,9487,28888,9462,12009,12827,14216,9411,12451,13190,14257,17615,9852,19911,22968,21937
0	1012	24181	11976,13709,31451,28935,33120,2012,3629,942,5435,6400,3794,7764,5208,7480,6529,9487,28888,9462,12009,12827,14216,9411,12451,13190,14257,17615,9852,19911,22968,21937
1	1012	24601	11976,13709,31451,28935,33120,2012,3629,942,5435,6400,3794,7764,5208,7480,6529,9487,28888,9462,12009,12827,14216,9411,12451,13190,14257,17615,9852,19911,22968,21937
1	1012	19055	11976,13709,31451,28935,33120,2012,3629,942,5435,6400,3794,7764,5208,7480,6529,9487,28888,9462,12009,12827,14216,9411,12451,13190,14257,17615,9852,19911,22968,21937,24601
0	1012	25524	11976,13709,31451,28935,33120,2012,3629,942,5435,6400,3794,7764,5208,7480,6529,9487,28888,9462,12009,12827,14216,9411,12451,13190,14257,17615,9852,19911,22968,21937,24601,19055
0	1012	23389	11976,13709,31451,28935,33120,2012,3629,942,5435,6400,3794,7764,5208,7480,6529,9487,28888,9462,12009,12827,14216,9411,12451,13190,14257,17615,9852,19911,22968,21937,24601,19055
0	1012	25658	11976,13709,31451,28935,33120,2012,3629,942,5435,6400,3794,7764,5208,7480,6529,9487,28888,9462,12009,12827,14216,9411,12451,13190,14257,17615,9852,19911,22968,21937,24601,19055
0	1012	25659	11976,13709,31451,28935,33120,2012,3629,942,5435,6400,3794,7764,5208,7480,6529,9487,28888,9462,12009,12827,14216,9411,12451,13190,14257,17615,9852,19911,22968,21937,24601,19055
0	1012	25704	11976,13709,31451,28935,33120,2012,3629,942,5435,6400,3794,7764,5208,7480,6529,9487,28888,9462,12009,12827,14216,9411,12451,13190,14257,17615,9852,19911,22968,21937,24601,19055
1	1012	26824	11976,13709,31451,28935,33120,2012,3629,942,5435,6400,3794,7764,5208,7480,6529,9487,28888,9462,12009,12827,14216,9411,12451,13190,14257,17615,9852,19911,22968,21937,24601,19055
0	1012	27088	11976,13709,31451,28935,33120,2012,3629,942,5435,6400,3794,7764,5208,7480,6529,9487,28888,9462,12009,12827,14216,9411,12451,13190,14257,17615,9852,19911,22968,21937,24601,19055,26824
0	1012	27418	11976,13709,31451,28935,33120,2012,3629,942,5435,6400,3794,7764,5208,7480,6529,9487,28888,9462,12009,12827,14216,9411,12451,13190,14257,17615,9852,19911,22968,21937,24601,19055,26824
1	1012	25218	11976,13709,31451,28935,33120,2012,3629,942,5435,6400,3794,7764,5208,7480,6529,9487,28888,9462,12009,12827,14216,9411,12451,13190,14257,17615,9852,19911,22968,21937,24601,19055,26824
1	1012	27619	11976,13709,31451,28935,33120,2012,3629,942,5435,6400,3794,7764,5208,7480,6529,9487,28888,9462,12009,12827,14216,9411,12451,13190,14257,17615,9852,19911,22968,21937,24601,19055,26824,25218
0	1012	27371	11976,13709,31451,28935,33120,2012,3629,942,5435,6400,3794,7764,5208,7480,6529,9487,28888,9462,12009,12827,14216,9411,12451,13190,14257,17615,9852,19911,22968,21937,24601,19055,26824,25218,27619
1	1012	15175	11976,13709,31451,28935,33120,2012,3629,942,5435,6400,3794,7764,5208,7480,6529,9487,28888,9462,12009,12827,14216,9411,12451,13190,14257,17615,9852,19911,22968,21937,24601,19055,26824,25218,27619
0	1012	25213	11976,13709,31451,28935,33120,2012,3629,942,5435,6400,3794,7764,5208,7480,6529,9487,28888,9462,12009,12827,14216,9411,12451,13190,14257,17615,9852,19911,22968,21937,24601,19055,26824,25218,27619,15175
0	1012	25216	11976,13709,31451,28935,33120,2012,3629,942,5435,6400,3794,7764,5208,7480,6529,9487,28888,9462,12009,12827,14216,9411,12451,13190,14257,17615,9852,19911,22968,21937,24601,19055,26824,25218,27619,15175
0	1012	27369	11976,13709,31451,28935,33120,2012,3629,942,5435,6400,3794,7764,5208,7480,6529,9487,28888,9462,12009,12827,14216,9411,12451,13190,14257,17615,9852,19911,22968,21937,24601,19055,26824,25218,27619,15175
1	1012	1929	11976,13709,31451,28935,33120,2012,3629,942,5435,6400,3794,7764,5208,7480,6529,9487,28888,9462,12009,12827,14216,9411,12451,13190,14257,17615,9852,19911,22968,21937,24601,19055,26824,25218,27619,15175
1	1012	13494	11976,13709,31451,28935,33120,2012,3629,942,5435,6400,3794,7764,5208,7480,6529,9487,28888,9462,12009,12827,14216,9411,12451,13190,14257,17615,9852,19911,22968,21937,24601,19055,26824,25218,27619,15175,1929
1	1012	28145	11976,13709,31451,28935,33120,2012,3629,942,5435,6400,3794,7764,5208,7480,6529,9487,28888,9462,12009,12827,14216,9411,12451,13190,14257,17615,9852,19911,22968,21937,24601,19055,26824,25218,27619,15175,1929,13494
1	1012	28198	11976,13709,31451,28935,33120,2012,3629,942,5435,6400,3794,7764,5208,7480,6529,9487,28888,9462,12009,12827,14216,9411,12451,13190,14257,17615,9852,19911,22968,21937,24601,19055,26824,25218,27619,15175,1929,13494,28145
0	1012	27380	11976,13709,31451,28935,33120,2012,3629,942,5435,6400,3794,7764,5208,7480,6529,9487,28888,9462,12009,12827,14216,9411,12451,13190,14257,17615,9852,19911,22968,21937,24601,19055,26824,25218,27619,15175,1929,13494,28145,28198
1	1012	28530	11976,13709,31451,28935,33120,2012,3629,942,5435,6400,3794,7764,5208,7480,6529,9487,28888,9462,12009,12827,14216,9411,12451,13190,14257,17615,9852,19911,22968,21937,24601,19055,26824,25218,27619,15175,1929,13494,28145,28198
1	1012	25717	11976,13709,31451,28935,33120,2012,3629,942,5435,6400,3794,7764,5208,7480,6529,9487,28888,9462,12009,12827,14216,9411,12451,13190,14257,17615,9852,19911,22968,21937,24601,19055,26824,25218,27619,15175,1929,13494,28145,28198,28530
1	1012	27803	11976,13709,31451,28935,33120,2012,3629,942,5435,6400,3794,7764,5208,7480,6529,9487,28888,9462,12009,12827,14216,9411,12451,13190,14257,17615,9852,19911,22968,21937,24601,19055,26824,25218,27619,15175,1929,13494,28145,28198,28530,25717
0	1012	28258	11976,13709,31451,28935,33120,2012,3629,942,5435,6400,3794,7764,5208,7480,6529,9487,28888,9462,12009,12827,14216,9411,12451,13190,14257,17615,9852,19911,22968,21937,24601,19055,26824,25218,27619,15175,1929,13494,28145,28198,28530,25717,27803
0	1012	10004	11976,13709,31451,28935,33120,2012,3629,942,5435,6400,3794,7764,5208,7480,6529,9487,28888,9462,12009,12827,14216,9411,12451,13190,14257,17615,9852,19911,22968,21937,24601,19055,26824,25218,27619,15175,1929,13494,28145,28198,28530,25717,27803
1	1012	28878	11976,13709,31451,28935,33120,2012,3629,942,5435,6400,3794,7764,5208,7480,6529,9487,28888,9462,12009,12827,14216,9411,12451,13190,14257,17615,9852,19911,22968,21937,24601,19055,26824,25218,27619,15175,1929,13494,28145,28198,28530,25717,27803
1	1012	29692	11976,13709,31451,28935,33120,2012,3629,942,5435,6400,3794,7764,5208,7480,6529,9487,28888,9462,12009,12827,14216,9411,12451,13190,14257,17615,9852,19911,22968,21937,24601,19055,26824,25218,27619,15175,1929,13494,28145,28198,28530,25717,27803,28878
0	1012	29658	11976,13709,31451,28935,33120,2012,3629,942,5435,6400,3794,7764,5208,7480,6529,9487,28888,9462,12009,12827,14216,9411,12451,13190,14257,17615,9852,19911,22968,21937,24601,19055,26824,25218,27619,15175,1929,13494,28145,28198,28530,25717,27803,28878,29692
1	1012	21462	11976,13709,31451,28935,33120,2012,3629,942,5435,6400,3794,7764,5208,7480,6529,9487,28888,9462,12009,12827,14216,9411,12451,13190,14257,17615,9852,19911,22968,21937,24601,19055,26824,25218,27619,15175,1929,13494,28145,28198,28530,25717,27803,28878,29692
