1	388	5754	0
1	388	31612	5754
1	388	24907	5754,31612
0	388	26702	5754,31612,24907
0	388	30787	5754,31612,24907
1	388	18441	5754,31612,24907
1	388	23064	5754,31612,24907,18441
1	388	30970	5754,31612,24907,18441,23064
1	388	23531	5754,31612,24907,18441,23064,30970
0	388	32769	5754,31612,24907,18441,23064,30970,23531
1	388	1746	5754,31612,24907,18441,23064,30970,23531
0	388	24560	5754,31612,24907,18441,23064,30970,23531,1746
0	388	25844	5754,31612,24907,18441,23064,30970,23531,1746
0	388	476	5754,31612,24907,18441,23064,30970,23531,1746
1	388	2129	5754,31612,24907,18441,23064,30970,23531,1746
0	388	7338	5754,31612,24907,18441,23064,30970,23531,1746,2129
1	388	4043	5754,31612,24907,18441,23064,30970,23531,1746,2129
0	388	2814	5754,31612,24907,18441,23064,30970,23531,1746,2129,4043
0	388	2806	5754,31612,24907,18441,23064,30970,23531,1746,2129,4043
1	388	3010	5754,31612,24907,18441,23064,30970,23531,1746,2129,4043
1	388	1186	5754,31612,24907,18441,23064,30970,23531,1746,2129,4043,3010
0	388	201	5754,31612,24907,18441,23064,30970,23531,1746,2129,4043,3010,1186
0	388	4636	5754,31612,24907,18441,23064,30970,23531,1746,2129,4043,3010,1186
1	388	1987	5754,31612,24907,18441,23064,30970,23531,1746,2129,4043,3010,1186
1	388	14892	5754,31612,24907,18441,23064,30970,23531,1746,2129,4043,3010,1186,1987
1	388	1343	5754,31612,24907,18441,23064,30970,23531,1746,2129,4043,3010,1186,1987,14892
0	388	315	5754,31612,24907,18441,23064,30970,23531,1746,2129,4043,3010,1186,1987,14892,1343
1	388	5328	5754,31612,24907,18441,23064,30970,23531,1746,2129,4043,3010,1186,1987,14892,1343
0	388	1115	5754,31612,24907,18441,23064,30970,23531,1746,2129,4043,3010,1186,1987,14892,1343,5328
0	388	4837	5754,31612,24907,18441,23064,30970,23531,1746,2129,4043,3010,1186,1987,14892,1343,5328
1	388	13780	5754,31612,24907,18441,23064,30970,23531,1746,2129,4043,3010,1186,1987,14892,1343,5328
0	388	4576	5754,31612,24907,18441,23064,30970,23531,1746,2129,4043,3010,1186,1987,14892,1343,5328,13780
1	388	6872	5754,31612,24907,18441,23064,30970,23531,1746,2129,4043,3010,1186,1987,14892,1343,5328,13780
1	388	10783	5754,31612,24907,18441,23064,30970,23531,1746,2129,4043,3010,1186,1987,14892,1343,5328,13780,6872
0	388	12886	5754,31612,24907,18441,23064,30970,23531,1746,2129,4043,3010,1186,1987,14892,1343,5328,13780,6872,10783
1	388	17133	5754,31612,24907,18441,23064,30970,23531,1746,2129,4043,3010,1186,1987,14892,1343,5328,13780,6872,10783
0	388	21607	5754,31612,24907,18441,23064,30970,23531,1746,2129,4043,3010,1186,1987,14892,1343,5328,13780,6872,10783,17133
0	388	15291	5754,31612,24907,18441,23064,30970,23531,1746,2129,4043,3010,1186,1987,14892,1343,5328,13780,6872,10783,17133
0	388	1951	5754,31612,24907,18441,23064,30970,23531,1746,2129,4043,3010,1186,1987,14892,1343,5328,13780,6872,10783,17133
1	388	5479	5754,31612,24907,18441,23064,30970,23531,1746,2129,4043,3010,1186,1987,14892,1343,5328,13780,6872,10783,17133
0	388	25214	5754,31612,24907,18441,23064,30970,23531,1746,2129,4043,3010,1186,1987,14892,1343,5328,13780,6872,10783,17133,5479
0	388	1644	5754,31612,24907,18441,23064,30970,23531,1746,2129,4043,3010,1186,1987,14892,1343,5328,13780,6872,10783,17133,5479
1	388	26446	5754,31612,24907,18441,23064,30970,23531,1746,2129,4043,3010,1186,1987,14892,1343,5328,13780,6872,10783,17133,5479
1	388	190	5754,31612,24907,18441,23064,30970,23531,1746,2129,4043,3010,1186,1987,14892,1343,5328,13780,6872,10783,17133,5479,26446
0	388	23794	5754,31612,24907,18441,23064,30970,23531,1746,2129,4043,3010,1186,1987,14892,1343,5328,13780,6872,10783,17133,5479,26446,190
