0	584	3164	0
1	584	378	0
0	584	16378	378
1	584	4864	378
0	584	32802	378,4864
0	584	1209	378,4864
1	584	5277	378,4864
1	584	7988	378,4864,5277
0	584	2247	378,4864,5277,7988
0	584	11125	378,4864,5277,7988
1	584	3013	378,4864,5277,7988
0	584	9716	378,4864,5277,7988,3013
0	584	5547	378,4864,5277,7988,3013
1	584	5267	378,4864,5277,7988,3013
1	584	9756	378,4864,5277,7988,3013,5267
0	584	11091	378,4864,5277,7988,3013,5267,9756
0	584	8926	378,4864,5277,7988,3013,5267,9756
0	584	12043	378,4864,5277,7988,3013,5267,9756
0	584	4737	378,4864,5277,7988,3013,5267,9756
0	584	11966	378,4864,5277,7988,3013,5267,9756
1	584	9435	378,4864,5277,7988,3013,5267,9756
1	584	3820	378,4864,5277,7988,3013,5267,9756,9435
0	584	12607	378,4864,5277,7988,3013,5267,9756,9435,3820
0	584	11126	378,4864,5277,7988,3013,5267,9756,9435,3820
1	584	13515	378,4864,5277,7988,3013,5267,9756,9435,3820
1	584	10088	378,4864,5277,7988,3013,5267,9756,9435,3820,13515
1	584	1623	378,4864,5277,7988,3013,5267,9756,9435,3820,13515,10088
0	584	16790	378,4864,5277,7988,3013,5267,9756,9435,3820,13515,10088,1623
0	584	17554	378,4864,5277,7988,3013,5267,9756,9435,3820,13515,10088,1623
1	584	3370	378,4864,5277,7988,3013,5267,9756,9435,3820,13515,10088,1623
0	584	8791	378,4864,5277,7988,3013,5267,9756,9435,3820,13515,10088,1623,3370
0	584	14402	378,4864,5277,7988,3013,5267,9756,9435,3820,13515,10088,1623,3370
0	584	20043	378,4864,5277,7988,3013,5267,9756,9435,3820,13515,10088,1623,3370
1	584	18852	378,4864,5277,7988,3013,5267,9756,9435,3820,13515,10088,1623,3370
0	584	16710	378,4864,5277,7988,3013,5267,9756,9435,3820,13515,10088,1623,3370,18852
0	584	21805	378,4864,5277,7988,3013,5267,9756,9435,3820,13515,10088,1623,3370,18852
1	584	13218	378,4864,5277,7988,3013,5267,9756,9435,3820,13515,10088,1623,3370,18852
0	584	17775	378,4864,5277,7988,3013,5267,9756,9435,3820,13515,10088,1623,3370,18852,13218
0	584	25036	378,4864,5277,7988,3013,5267,9756,9435,3820,13515,10088,1623,3370,18852,13218
