0	982	1290	0
0	982	1517	0
0	982	4592	0
1	982	4781	0
0	982	6000	4781
1	982	6146	4781
1	982	7304	4781,6146
0	982	8019	4781,6146,7304
1	982	23287	4781,6146,7304
1	982	32268	4781,6146,7304,23287
1	982	5979	4781,6146,7304,23287,32268
1	982	8348	4781,6146,7304,23287,32268,5979
1	982	8678	4781,6146,7304,23287,32268,5979,8348
1	982	10718	4781,6146,7304,23287,32268,5979,8348,8678
0	982	10871	4781,6146,7304,23287,32268,5979,8348,8678,10718
1	982	11852	4781,6146,7304,23287,32268,5979,8348,8678,10718
1	982	12016	4781,6146,7304,23287,32268,5979,8348,8678,10718,11852
0	982	18276	4781,6146,7304,23287,32268,5979,8348,8678,10718,11852,12016
1	982	32033	4781,6146,7304,23287,32268,5979,8348,8678,10718,11852,12016
1	982	6054	4781,6146,7304,23287,32268,5979,8348,8678,10718,11852,12016,32033
1	982	4366	4781,6146,7304,23287,32268,5979,8348,8678,10718,11852,12016,32033,6054
0	982	21252	4781,6146,7304,23287,32268,5979,8348,8678,10718,11852,12016,32033,6054,4366
1	982	19644	4781,6146,7304,23287,32268,5979,8348,8678,10718,11852,12016,32033,6054,4366
0	982	9764	4781,6146,7304,23287,32268,5979,8348,8678,10718,11852,12016,32033,6054,4366,19644
0	982	26317	4781,6146,7304,23287,32268,5979,8348,8678,10718,11852,12016,32033,6054,4366,19644
0	982	17545	4781,6146,7304,23287,32268,5979,8348,8678,10718,11852,12016,32033,6054,4366,19644
1	982	21504	4781,6146,7304,23287,32268,5979,8348,8678,10718,11852,12016,32033,6054,4366,19644
0	982	20094	4781,6146,7304,23287,32268,5979,8348,8678,10718,11852,12016,32033,6054,4366,19644,21504
1	982	22802	4781,6146,7304,23287,32268,5979,8348,8678,10718,11852,12016,32033,6054,4366,19644,21504
1	982	15450	4781,6146,7304,23287,32268,5979,8348,8678,10718,11852,12016,32033,6054,4366,19644,21504,22802
0	982	21818	4781,6146,7304,23287,32268,5979,8348,8678,10718,11852,12016,32033,6054,4366,19644,21504,22802,15450
1	982	6573	4781,6146,7304,23287,32268,5979,8348,8678,10718,11852,12016,32033,6054,4366,19644,21504,22802,15450
1	982	16885	4781,6146,7304,23287,32268,5979,8348,8678,10718,11852,12016,32033,6054,4366,19644,21504,22802,15450,6573
1	982	21343	4781,6146,7304,23287,32268,5979,8348,8678,10718,11852,12016,32033,6054,4366,19644,21504,22802,15450,6573,16885
1	982	10123	4781,6146,7304,23287,32268,5979,8348,8678,10718,11852,12016,32033,6054,4366,19644,21504,22802,15450,6573,16885,21343
1	982	12725	4781,6146,7304,23287,32268,5979,8348,8678,10718,11852,12016,32033,6054,4366,19644,21504,22802,15450,6573,16885,21343,10123
1	982	16792	4781,6146,7304,23287,32268,5979,8348,8678,10718,11852,12016,32033,6054,4366,19644,21504,22802,15450,6573,16885,21343,10123,12725
1	982	22783	4781,6146,7304,23287,32268,5979,8348,8678,10718,11852,12016,32033,6054,4366,19644,21504,22802,15450,6573,16885,21343,10123,12725,16792
1	982	9882	4781,6146,7304,23287,32268,5979,8348,8678,10718,11852,12016,32033,6054,4366,19644,21504,22802,15450,6573,16885,21343,10123,12725,16792,22783
0	982	18142	4781,6146,7304,23287,32268,5979,8348,8678,10718,11852,12016,32033,6054,4366,19644,21504,22802,15450,6573,16885,21343,10123,12725,16792,22783,9882
0	982	33108	4781,6146,7304,23287,32268,5979,8348,8678,10718,11852,12016,32033,6054,4366,19644,21504,22802,15450,6573,16885,21343,10123,12725,16792,22783,9882
0	982	11431	4781,6146,7304,23287,32268,5979,8348,8678,10718,11852,12016,32033,6054,4366,19644,21504,22802,15450,6573,16885,21343,10123,12725,16792,22783,9882
0	982	13472	4781,6146,7304,23287,32268,5979,8348,8678,10718,11852,12016,32033,6054,4366,19644,21504,22802,15450,6573,16885,21343,10123,12725,16792,22783,9882
0	982	15470	4781,6146,7304,23287,32268,5979,8348,8678,10718,11852,12016,32033,6054,4366,19644,21504,22802,15450,6573,16885,21343,10123,12725,16792,22783,9882
0	982	18940	4781,6146,7304,23287,32268,5979,8348,8678,10718,11852,12016,32033,6054,4366,19644,21504,22802,15450,6573,16885,21343,10123,12725,16792,22783,9882
1	982	9710	4781,6146,7304,23287,32268,5979,8348,8678,10718,11852,12016,32033,6054,4366,19644,21504,22802,15450,6573,16885,21343,10123,12725,16792,22783,9882
1	982	889	4781,6146,7304,23287,32268,5979,8348,8678,10718,11852,12016,32033,6054,4366,19644,21504,22802,15450,6573,16885,21343,10123,12725,16792,22783,9882,9710
1	982	6897	4781,6146,7304,23287,32268,5979,8348,8678,10718,11852,12016,32033,6054,4366,19644,21504,22802,15450,6573,16885,21343,10123,12725,16792,22783,9882,9710,889
1	982	11969	4781,6146,7304,23287,32268,5979,8348,8678,10718,11852,12016,32033,6054,4366,19644,21504,22802,15450,6573,16885,21343,10123,12725,16792,22783,9882,9710,889,6897
0	982	19668	4781,6146,7304,23287,32268,5979,8348,8678,10718,11852,12016,32033,6054,4366,19644,21504,22802,15450,6573,16885,21343,10123,12725,16792,22783,9882,9710,889,6897,11969
1	982	20111	4781,6146,7304,23287,32268,5979,8348,8678,10718,11852,12016,32033,6054,4366,19644,21504,22802,15450,6573,16885,21343,10123,12725,16792,22783,9882,9710,889,6897,11969
1	982	22593	4781,6146,7304,23287,32268,5979,8348,8678,10718,11852,12016,32033,6054,4366,19644,21504,22802,15450,6573,16885,21343,10123,12725,16792,22783,9882,9710,889,6897,11969,20111
1	982	6733	4781,6146,7304,23287,32268,5979,8348,8678,10718,11852,12016,32033,6054,4366,19644,21504,22802,15450,6573,16885,21343,10123,12725,16792,22783,9882,9710,889,6897,11969,20111,22593
1	982	26299	4781,6146,7304,23287,32268,5979,8348,8678,10718,11852,12016,32033,6054,4366,19644,21504,22802,15450,6573,16885,21343,10123,12725,16792,22783,9882,9710,889,6897,11969,20111,22593,6733
1	982	5801	4781,6146,7304,23287,32268,5979,8348,8678,10718,11852,12016,32033,6054,4366,19644,21504,22802,15450,6573,16885,21343,10123,12725,16792,22783,9882,9710,889,6897,11969,20111,22593,6733,26299
0	982	25224	4781,6146,7304,23287,32268,5979,8348,8678,10718,11852,12016,32033,6054,4366,19644,21504,22802,15450,6573,16885,21343,10123,12725,16792,22783,9882,9710,889,6897,11969,20111,22593,6733,26299,5801
1	982	1505	4781,6146,7304,23287,32268,5979,8348,8678,10718,11852,12016,32033,6054,4366,19644,21504,22802,15450,6573,16885,21343,10123,12725,16792,22783,9882,9710,889,6897,11969,20111,22593,6733,26299,5801
1	982	25065	4781,6146,7304,23287,32268,5979,8348,8678,10718,11852,12016,32033,6054,4366,19644,21504,22802,15450,6573,16885,21343,10123,12725,16792,22783,9882,9710,889,6897,11969,20111,22593,6733,26299,5801,1505
1	982	26147	4781,6146,7304,23287,32268,5979,8348,8678,10718,11852,12016,32033,6054,4366,19644,21504,22802,15450,6573,16885,21343,10123,12725,16792,22783,9882,9710,889,6897,11969,20111,22593,6733,26299,5801,1505,25065
1	982	25056	4781,6146,7304,23287,32268,5979,8348,8678,10718,11852,12016,32033,6054,4366,19644,21504,22802,15450,6573,16885,21343,10123,12725,16792,22783,9882,9710,889,6897,11969,20111,22593,6733,26299,5801,1505,25065,26147
