1	790	12542	0
1	790	23958	12542
1	790	31179	12542,23958
0	790	31721	12542,23958,31179
1	790	2090	12542,23958,31179
1	790	30989	12542,23958,31179,2090
1	790	1681	12542,23958,31179,2090,30989
1	790	26930	12542,23958,31179,2090,30989,1681
1	790	30882	12542,23958,31179,2090,30989,1681,26930
1	790	5431	12542,23958,31179,2090,30989,1681,26930,30882
0	790	4412	12542,23958,31179,2090,30989,1681,26930,30882,5431
1	790	2519	12542,23958,31179,2090,30989,1681,26930,30882,5431
1	790	4049	12542,23958,31179,2090,30989,1681,26930,30882,5431,2519
0	790	6041	12542,23958,31179,2090,30989,1681,26930,30882,5431,2519,4049
1	790	5592	12542,23958,31179,2090,30989,1681,26930,30882,5431,2519,4049
0	790	5215	12542,23958,31179,2090,30989,1681,26930,30882,5431,2519,4049,5592
0	790	7177	12542,23958,31179,2090,30989,1681,26930,30882,5431,2519,4049,5592
0	790	7176	12542,23958,31179,2090,30989,1681,26930,30882,5431,2519,4049,5592
0	790	7139	12542,23958,31179,2090,30989,1681,26930,30882,5431,2519,4049,5592
0	790	6923	12542,23958,31179,2090,30989,1681,26930,30882,5431,2519,4049,5592
1	790	6922	12542,23958,31179,2090,30989,1681,26930,30882,5431,2519,4049,5592
0	790	7290	12542,23958,31179,2090,30989,1681,26930,30882,5431,2519,4049,5592,6922
0	790	7009	12542,23958,31179,2090,30989,1681,26930,30882,5431,2519,4049,5592,6922
0	790	8665	12542,23958,31179,2090,30989,1681,26930,30882,5431,2519,4049,5592,6922
0	790	7140	12542,23958,31179,2090,30989,1681,26930,30882,5431,2519,4049,5592,6922
0	790	9164	12542,23958,31179,2090,30989,1681,26930,30882,5431,2519,4049,5592,6922
0	790	10937	12542,23958,31179,2090,30989,1681,26930,30882,5431,2519,4049,5592,6922
0	790	8203	12542,23958,31179,2090,30989,1681,26930,30882,5431,2519,4049,5592,6922
0	790	10808	12542,23958,31179,2090,30989,1681,26930,30882,5431,2519,4049,5592,6922
0	790	10961	12542,23958,31179,2090,30989,1681,26930,30882,5431,2519,4049,5592,6922
0	790	11124	12542,23958,31179,2090,30989,1681,26930,30882,5431,2519,4049,5592,6922
0	790	11132	12542,23958,31179,2090,30989,1681,26930,30882,5431,2519,4049,5592,6922
0	790	10565	12542,23958,31179,2090,30989,1681,26930,30882,5431,2519,4049,5592,6922
0	790	11224	12542,23958,31179,2090,30989,1681,26930,30882,5431,2519,4049,5592,6922
0	790	11185	12542,23958,31179,2090,30989,1681,26930,30882,5431,2519,4049,5592,6922
0	790	13826	12542,23958,31179,2090,30989,1681,26930,30882,5431,2519,4049,5592,6922
0	790	15593	12542,23958,31179,2090,30989,1681,26930,30882,5431,2519,4049,5592,6922
0	790	16244	12542,23958,31179,2090,30989,1681,26930,30882,5431,2519,4049,5592,6922
1	790	20021	12542,23958,31179,2090,30989,1681,26930,30882,5431,2519,4049,5592,6922
1	790	22718	12542,23958,31179,2090,30989,1681,26930,30882,5431,2519,4049,5592,6922,20021
1	790	22548	12542,23958,31179,2090,30989,1681,26930,30882,5431,2519,4049,5592,6922,20021,22718
1	790	3094	12542,23958,31179,2090,30989,1681,26930,30882,5431,2519,4049,5592,6922,20021,22718,22548
0	790	26542	12542,23958,31179,2090,30989,1681,26930,30882,5431,2519,4049,5592,6922,20021,22718,22548,3094
1	790	2517	12542,23958,31179,2090,30989,1681,26930,30882,5431,2519,4049,5592,6922,20021,22718,22548,3094
1	790	837	12542,23958,31179,2090,30989,1681,26930,30882,5431,2519,4049,5592,6922,20021,22718,22548,3094,2517
1	790	24323	12542,23958,31179,2090,30989,1681,26930,30882,5431,2519,4049,5592,6922,20021,22718,22548,3094,2517,837
1	790	14490	12542,23958,31179,2090,30989,1681,26930,30882,5431,2519,4049,5592,6922,20021,22718,22548,3094,2517,837,24323
