0	6	23475	0
0	6	28673	0
1	6	30617	0
1	6	2194	30617
1	6	8815	30617,2194
0	6	2790	30617,2194,8815
0	6	3478	30617,2194,8815
1	6	3813	30617,2194,8815
1	6	3814	30617,2194,8815,3813
0	6	3468	30617,2194,8815,3813,3814
1	6	3273	30617,2194,8815,3813,3814
0	6	28690	30617,2194,8815,3813,3814,3273
0	6	27983	30617,2194,8815,3813,3814,3273
0	6	10309	30617,2194,8815,3813,3814,3273
0	6	6503	30617,2194,8815,3813,3814,3273
0	6	11378	30617,2194,8815,3813,3814,3273
1	6	2264	30617,2194,8815,3813,3814,3273
0	6	12570	30617,2194,8815,3813,3814,3273,2264
0	6	12217	30617,2194,8815,3813,3814,3273,2264
1	6	1553	30617,2194,8815,3813,3814,3273,2264
0	6	1095	30617,2194,8815,3813,3814,3273,2264,1553
1	6	10123	30617,2194,8815,3813,3814,3273,2264,1553
1	6	10836	30617,2194,8815,3813,3814,3273,2264,1553,10123
1	6	7128	30617,2194,8815,3813,3814,3273,2264,1553,10123,10836
1	6	9002	30617,2194,8815,3813,3814,3273,2264,1553,10123,10836,7128
1	6	8360	30617,2194,8815,3813,3814,3273,2264,1553,10123,10836,7128,9002
1	6	5930	30617,2194,8815,3813,3814,3273,2264,1553,10123,10836,7128,9002,8360
1	6	10602	30617,2194,8815,3813,3814,3273,2264,1553,10123,10836,7128,9002,8360,5930
1	6	12908	30617,2194,8815,3813,3814,3273,2264,1553,10123,10836,7128,9002,8360,5930,10602
1	6	13292	30617,2194,8815,3813,3814,3273,2264,1553,10123,10836,7128,9002,8360,5930,10602,12908
1	6	10877	30617,2194,8815,3813,3814,3273,2264,1553,10123,10836,7128,9002,8360,5930,10602,12908,13292
0	6	16318	30617,2194,8815,3813,3814,3273,2264,1553,10123,10836,7128,9002,8360,5930,10602,12908,13292,10877
1	6	16474	30617,2194,8815,3813,3814,3273,2264,1553,10123,10836,7128,9002,8360,5930,10602,12908,13292,10877
1	6	9411	30617,2194,8815,3813,3814,3273,2264,1553,10123,10836,7128,9002,8360,5930,10602,12908,13292,10877,16474
0	6	32029	30617,2194,8815,3813,3814,3273,2264,1553,10123,10836,7128,9002,8360,5930,10602,12908,13292,10877,16474,9411
1	6	10018	30617,2194,8815,3813,3814,3273,2264,1553,10123,10836,7128,9002,8360,5930,10602,12908,13292,10877,16474,9411
1	6	13920	30617,2194,8815,3813,3814,3273,2264,1553,10123,10836,7128,9002,8360,5930,10602,12908,13292,10877,16474,9411,10018
0	6	7305	30617,2194,8815,3813,3814,3273,2264,1553,10123,10836,7128,9002,8360,5930,10602,12908,13292,10877,16474,9411,10018,13920
1	6	21725	30617,2194,8815,3813,3814,3273,2264,1553,10123,10836,7128,9002,8360,5930,10602,12908,13292,10877,16474,9411,10018,13920
0	6	19777	30617,2194,8815,3813,3814,3273,2264,1553,10123,10836,7128,9002,8360,5930,10602,12908,13292,10877,16474,9411,10018,13920,21725
1	6	11671	30617,2194,8815,3813,3814,3273,2264,1553,10123,10836,7128,9002,8360,5930,10602,12908,13292,10877,16474,9411,10018,13920,21725
1	6	19548	30617,2194,8815,3813,3814,3273,2264,1553,10123,10836,7128,9002,8360,5930,10602,12908,13292,10877,16474,9411,10018,13920,21725,11671
1	6	18981	30617,2194,8815,3813,3814,3273,2264,1553,10123,10836,7128,9002,8360,5930,10602,12908,13292,10877,16474,9411,10018,13920,21725,11671,19548
0	6	5442	30617,2194,8815,3813,3814,3273,2264,1553,10123,10836,7128,9002,8360,5930,10602,12908,13292,10877,16474,9411,10018,13920,21725,11671,19548,18981
0	6	11855	30617,2194,8815,3813,3814,3273,2264,1553,10123,10836,7128,9002,8360,5930,10602,12908,13292,10877,16474,9411,10018,13920,21725,11671,19548,18981
1	6	13768	30617,2194,8815,3813,3814,3273,2264,1553,10123,10836,7128,9002,8360,5930,10602,12908,13292,10877,16474,9411,10018,13920,21725,11671,19548,18981
0	6	12755	30617,2194,8815,3813,3814,3273,2264,1553,10123,10836,7128,9002,8360,5930,10602,12908,13292,10877,16474,9411,10018,13920,21725,11671,19548,18981,13768
0	6	18971	30617,2194,8815,3813,3814,3273,2264,1553,10123,10836,7128,9002,8360,5930,10602,12908,13292,10877,16474,9411,10018,13920,21725,11671,19548,18981,13768
1	6	13254	30617,2194,8815,3813,3814,3273,2264,1553,10123,10836,7128,9002,8360,5930,10602,12908,13292,10877,16474,9411,10018,13920,21725,11671,19548,18981,13768
1	6	19776	30617,2194,8815,3813,3814,3273,2264,1553,10123,10836,7128,9002,8360,5930,10602,12908,13292,10877,16474,9411,10018,13920,21725,11671,19548,18981,13768,13254
1	6	31249	30617,2194,8815,3813,3814,3273,2264,1553,10123,10836,7128,9002,8360,5930,10602,12908,13292,10877,16474,9411,10018,13920,21725,11671,19548,18981,13768,13254,19776
0	6	22728	30617,2194,8815,3813,3814,3273,2264,1553,10123,10836,7128,9002,8360,5930,10602,12908,13292,10877,16474,9411,10018,13920,21725,11671,19548,18981,13768,13254,19776,31249
1	6	2891	30617,2194,8815,3813,3814,3273,2264,1553,10123,10836,7128,9002,8360,5930,10602,12908,13292,10877,16474,9411,10018,13920,21725,11671,19548,18981,13768,13254,19776,31249
1	6	13232	30617,2194,8815,3813,3814,3273,2264,1553,10123,10836,7128,9002,8360,5930,10602,12908,13292,10877,16474,9411,10018,13920,21725,11671,19548,18981,13768,13254,19776,31249,2891
0	6	14129	30617,2194,8815,3813,3814,3273,2264,1553,10123,10836,7128,9002,8360,5930,10602,12908,13292,10877,16474,9411,10018,13920,21725,11671,19548,18981,13768,13254,19776,31249,2891,13232
0	6	7462	30617,2194,8815,3813,3814,3273,2264,1553,10123,10836,7128,9002,8360,5930,10602,12908,13292,10877,16474,9411,10018,13920,21725,11671,19548,18981,13768,13254,19776,31249,2891,13232
1	6	24628	30617,2194,8815,3813,3814,3273,2264,1553,10123,10836,7128,9002,8360,5930,10602,12908,13292,10877,16474,9411,10018,13920,21725,11671,19548,18981,13768,13254,19776,31249,2891,13232
1	6	15101	30617,2194,8815,3813,3814,3273,2264,1553,10123,10836,7128,9002,8360,5930,10602,12908,13292,10877,16474,9411,10018,13920,21725,11671,19548,18981,13768,13254,19776,31249,2891,13232,24628
0	6	25459	30617,2194,8815,3813,3814,3273,2264,1553,10123,10836,7128,9002,8360,5930,10602,12908,13292,10877,16474,9411,10018,13920,21725,11671,19548,18981,13768,13254,19776,31249,2891,13232,24628,15101
1	6	8701	30617,2194,8815,3813,3814,3273,2264,1553,10123,10836,7128,9002,8360,5930,10602,12908,13292,10877,16474,9411,10018,13920,21725,11671,19548,18981,13768,13254,19776,31249,2891,13232,24628,15101
0	6	14943	30617,2194,8815,3813,3814,3273,2264,1553,10123,10836,7128,9002,8360,5930,10602,12908,13292,10877,16474,9411,10018,13920,21725,11671,19548,18981,13768,13254,19776,31249,2891,13232,24628,15101,8701
1	6	27856	30617,2194,8815,3813,3814,3273,2264,1553,10123,10836,7128,9002,8360,5930,10602,12908,13292,10877,16474,9411,10018,13920,21725,11671,19548,18981,13768,13254,19776,31249,2891,13232,24628,15101,8701
1	6	1717	30617,2194,8815,3813,3814,3273,2264,1553,10123,10836,7128,9002,8360,5930,10602,12908,13292,10877,16474,9411,10018,13920,21725,11671,19548,18981,13768,13254,19776,31249,2891,13232,24628,15101,8701,27856
0	6	1924	30617,2194,8815,3813,3814,3273,2264,1553,10123,10836,7128,9002,8360,5930,10602,12908,13292,10877,16474,9411,10018,13920,21725,11671,19548,18981,13768,13254,19776,31249,2891,13232,24628,15101,8701,27856,1717
