1	1386	6811	0
1	1386	7516	6811
0	1386	13982	6811,7516
1	1386	21237	6811,7516
0	1386	31196	6811,7516,21237
1	1386	32015	6811,7516,21237
0	1386	22071	6811,7516,21237,32015
0	1386	28460	6811,7516,21237,32015
1	1386	33030	6811,7516,21237,32015
0	1386	24275	6811,7516,21237,32015,33030
0	1386	22335	6811,7516,21237,32015,33030
0	1386	31787	6811,7516,21237,32015,33030
0	1386	32752	6811,7516,21237,32015,33030
0	1386	4265	6811,7516,21237,32015,33030
0	1386	4108	6811,7516,21237,32015,33030
1	1386	5523	6811,7516,21237,32015,33030
0	1386	171	6811,7516,21237,32015,33030,5523
1	1386	32532	6811,7516,21237,32015,33030,5523
1	1386	5705	6811,7516,21237,32015,33030,5523,32532
0	1386	7392	6811,7516,21237,32015,33030,5523,32532,5705
0	1386	15478	6811,7516,21237,32015,33030,5523,32532,5705
0	1386	7053	6811,7516,21237,32015,33030,5523,32532,5705
0	1386	11839	6811,7516,21237,32015,33030,5523,32532,5705
1	1386	12932	6811,7516,21237,32015,33030,5523,32532,5705
1	1386	14122	6811,7516,21237,32015,33030,5523,32532,5705,12932
0	1386	10824	6811,7516,21237,32015,33030,5523,32532,5705,12932,14122
1	1386	11591	6811,7516,21237,32015,33030,5523,32532,5705,12932,14122
0	1386	15448	6811,7516,21237,32015,33030,5523,32532,5705,12932,14122,11591
0	1386	18488	6811,7516,21237,32015,33030,5523,32532,5705,12932,14122,11591
0	1386	25057	6811,7516,21237,32015,33030,5523,32532,5705,12932,14122,11591
0	1386	25565	6811,7516,21237,32015,33030,5523,32532,5705,12932,14122,11591
0	1386	15615	6811,7516,21237,32015,33030,5523,32532,5705,12932,14122,11591
0	1386	22283	6811,7516,21237,32015,33030,5523,32532,5705,12932,14122,11591
1	1386	837	6811,7516,21237,32015,33030,5523,32532,5705,12932,14122,11591
0	1386	25659	6811,7516,21237,32015,33030,5523,32532,5705,12932,14122,11591,837
0	1386	22081	6811,7516,21237,32015,33030,5523,32532,5705,12932,14122,11591,837
1	1386	7758	6811,7516,21237,32015,33030,5523,32532,5705,12932,14122,11591,837,27585,27586
