1	435	12100	0
0	435	4958	12100
0	435	10919	12100
0	435	33052	12100
0	435	559	12100
1	435	7305	12100
1	435	5806	12100,7305
0	435	3942	12100,7305,5806
0	435	1645	12100,7305,5806
1	435	21555	12100,7305,5806
1	435	11987	12100,7305,5806,21555
0	435	32477	12100,7305,5806,21555,11987
1	435	16652	12100,7305,5806,21555,11987
1	435	7237	12100,7305,5806,21555,11987,16652
1	435	8101	12100,7305,5806,21555,11987,16652,7237
1	435	16270	12100,7305,5806,21555,11987,16652,7237,8101
1	435	11081	12100,7305,5806,21555,11987,16652,7237,8101,16270
1	435	1440	12100,7305,5806,21555,11987,16652,7237,8101,16270,11081
0	435	12398	12100,7305,5806,21555,11987,16652,7237,8101,16270,11081,1440
1	435	31988	12100,7305,5806,21555,11987,16652,7237,8101,16270,11081,1440
0	435	6581	12100,7305,5806,21555,11987,16652,7237,8101,16270,11081,1440,31988
1	435	12357	12100,7305,5806,21555,11987,16652,7237,8101,16270,11081,1440,31988
0	435	31867	12100,7305,5806,21555,11987,16652,7237,8101,16270,11081,1440,31988,12357
1	435	6894	12100,7305,5806,21555,11987,16652,7237,8101,16270,11081,1440,31988,12357
0	435	10964	12100,7305,5806,21555,11987,16652,7237,8101,16270,11081,1440,31988,12357,6894
0	435	19861	12100,7305,5806,21555,11987,16652,7237,8101,16270,11081,1440,31988,12357,6894
