0	1374	17922	0
1	1374	230	0
0	1374	4770	230
1	1374	5988	230
1	1374	7697	230,5988
0	1374	19885	230,5988,7697
0	1374	3140	230,5988,7697
1	1374	31195	230,5988,7697
1	1374	5931	230,5988,7697,31195
1	1374	11362	230,5988,7697,31195,5931
1	1374	4893	230,5988,7697,31195,5931,11362
1	1374	20887	230,5988,7697,31195,5931,11362,4893
0	1374	16174	230,5988,7697,31195,5931,11362,4893,20887
1	1374	18470	230,5988,7697,31195,5931,11362,4893,20887
0	1374	14998	230,5988,7697,31195,5931,11362,4893,20887,18470
1	1374	18664	230,5988,7697,31195,5931,11362,4893,20887,18470
0	1374	14548	230,5988,7697,31195,5931,11362,4893,20887,18470,18664
0	1374	12964	230,5988,7697,31195,5931,11362,4893,20887,18470,18664
0	1374	14916	230,5988,7697,31195,5931,11362,4893,20887,18470,18664
1	1374	13348	230,5988,7697,31195,5931,11362,4893,20887,18470,18664
0	1374	18843	230,5988,7697,31195,5931,11362,4893,20887,18470,18664,13348
0	1374	7652	230,5988,7697,31195,5931,11362,4893,20887,18470,18664,13348
1	1374	19240	230,5988,7697,31195,5931,11362,4893,20887,18470,18664,13348
1	1374	22762	230,5988,7697,31195,5931,11362,4893,20887,18470,18664,13348,19240
1	1374	142	230,5988,7697,31195,5931,11362,4893,20887,18470,18664,13348,19240,22762
1	1374	18566	230,5988,7697,31195,5931,11362,4893,20887,18470,18664,13348,19240,22762,142
0	1374	22807	230,5988,7697,31195,5931,11362,4893,20887,18470,18664,13348,19240,22762,142,18566
1	1374	28617	230,5988,7697,31195,5931,11362,4893,20887,18470,18664,13348,19240,22762,142,18566
1	1374	16329	230,5988,7697,31195,5931,11362,4893,20887,18470,18664,13348,19240,22762,142,18566,28617
0	1374	24399	230,5988,7697,31195,5931,11362,4893,20887,18470,18664,13348,19240,22762,142,18566,28617,16329
0	1374	19886	230,5988,7697,31195,5931,11362,4893,20887,18470,18664,13348,19240,22762,142,18566,28617,16329
0	1374	15773	230,5988,7697,31195,5931,11362,4893,20887,18470,18664,13348,19240,22762,142,18566,28617,16329
0	1374	2012	230,5988,7697,31195,5931,11362,4893,20887,18470,18664,13348,19240,22762,142,18566,28617,16329
0	1374	12254	230,5988,7697,31195,5931,11362,4893,20887,18470,18664,13348,19240,22762,142,18566,28617,16329
1	1374	26036	230,5988,7697,31195,5931,11362,4893,20887,18470,18664,13348,19240,22762,142,18566,28617,16329
0	1374	6145	230,5988,7697,31195,5931,11362,4893,20887,18470,18664,13348,19240,22762,142,18566,28617,16329,26036
1	1374	14117	230,5988,7697,31195,5931,11362,4893,20887,18470,18664,13348,19240,22762,142,18566,28617,16329,26036
1	1374	15771	230,5988,7697,31195,5931,11362,4893,20887,18470,18664,13348,19240,22762,142,18566,28617,16329,26036,14117
1	1374	21043	230,5988,7697,31195,5931,11362,4893,20887,18470,18664,13348,19240,22762,142,18566,28617,16329,26036,14117,15771
0	1374	3264	230,5988,7697,31195,5931,11362,4893,20887,18470,18664,13348,19240,22762,142,18566,28617,16329,26036,14117,15771,21043
1	1374	31669	230,5988,7697,31195,5931,11362,4893,20887,18470,18664,13348,19240,22762,142,18566,28617,16329,26036,14117,15771,21043
0	1374	13822	230,5988,7697,31195,5931,11362,4893,20887,18470,18664,13348,19240,22762,142,18566,28617,16329,26036,14117,15771,21043,31669
0	1374	10601	230,5988,7697,31195,5931,11362,4893,20887,18470,18664,13348,19240,22762,142,18566,28617,16329,26036,14117,15771,21043,31669
1	1374	19170	230,5988,7697,31195,5931,11362,4893,20887,18470,18664,13348,19240,22762,142,18566,28617,16329,26036,14117,15771,21043,31669
1	1374	25981	230,5988,7697,31195,5931,11362,4893,20887,18470,18664,13348,19240,22762,142,18566,28617,16329,26036,14117,15771,21043,31669,19170
1	1374	740	230,5988,7697,31195,5931,11362,4893,20887,18470,18664,13348,19240,22762,142,18566,28617,16329,26036,14117,15771,21043,31669,19170,25981
1	1374	23800	230,5988,7697,31195,5931,11362,4893,20887,18470,18664,13348,19240,22762,142,18566,28617,16329,26036,14117,15771,21043,31669,19170,25981,740
1	1374	26567	230,5988,7697,31195,5931,11362,4893,20887,18470,18664,13348,19240,22762,142,18566,28617,16329,26036,14117,15771,21043,31669,19170,25981,740,23800
1	1374	20107	230,5988,7697,31195,5931,11362,4893,20887,18470,18664,13348,19240,22762,142,18566,28617,16329,26036,14117,15771,21043,31669,19170,25981,740,23800,26567
1	1374	6003	230,5988,7697,31195,5931,11362,4893,20887,18470,18664,13348,19240,22762,142,18566,28617,16329,26036,14117,15771,21043,31669,19170,25981,740,23800,26567,20107
0	1374	25428	230,5988,7697,31195,5931,11362,4893,20887,18470,18664,13348,19240,22762,142,18566,28617,16329,26036,14117,15771,21043,31669,19170,25981,740,23800,26567,20107,6003
0	1374	26654	230,5988,7697,31195,5931,11362,4893,20887,18470,18664,13348,19240,22762,142,18566,28617,16329,26036,14117,15771,21043,31669,19170,25981,740,23800,26567,20107,6003
0	1374	14365	230,5988,7697,31195,5931,11362,4893,20887,18470,18664,13348,19240,22762,142,18566,28617,16329,26036,14117,15771,21043,31669,19170,25981,740,23800,26567,20107,6003
1	1374	7929	230,5988,7697,31195,5931,11362,4893,20887,18470,18664,13348,19240,22762,142,18566,28617,16329,26036,14117,15771,21043,31669,19170,25981,740,23800,26567,20107,6003
0	1374	21918	230,5988,7697,31195,5931,11362,4893,20887,18470,18664,13348,19240,22762,142,18566,28617,16329,26036,14117,15771,21043,31669,19170,25981,740,23800,26567,20107,6003,7929
0	1374	33030	230,5988,7697,31195,5931,11362,4893,20887,18470,18664,13348,19240,22762,142,18566,28617,16329,26036,14117,15771,21043,31669,19170,25981,740,23800,26567,20107,6003,7929
