1	1253	31075	0
1	1253	585	31075
1	1253	32719	31075,585
1	1253	1165	31075,585,32719
0	1253	4265	31075,585,32719,1165
1	1253	1805	31075,585,32719,1165
1	1253	3040	31075,585,32719,1165,1805
1	1253	4626	31075,585,32719,1165,1805,3040
0	1253	7378	31075,585,32719,1165,1805,3040,4626
1	1253	473	31075,585,32719,1165,1805,3040,4626
1	1253	11272	31075,585,32719,1165,1805,3040,4626,473
1	1253	11867	31075,585,32719,1165,1805,3040,4626,473,11272
1	1253	14151	31075,585,32719,1165,1805,3040,4626,473,11272,11867
0	1253	14404	31075,585,32719,1165,1805,3040,4626,473,11272,11867,14151
0	1253	15280	31075,585,32719,1165,1805,3040,4626,473,11272,11867,14151
0	1253	17980	31075,585,32719,1165,1805,3040,4626,473,11272,11867,14151
0	1253	18821	31075,585,32719,1165,1805,3040,4626,473,11272,11867,14151
1	1253	18773	31075,585,32719,1165,1805,3040,4626,473,11272,11867,14151
0	1253	114	31075,585,32719,1165,1805,3040,4626,473,11272,11867,14151,18773
1	1253	15860	31075,585,32719,1165,1805,3040,4626,473,11272,11867,14151,18773
0	1253	19232	31075,585,32719,1165,1805,3040,4626,473,11272,11867,14151,18773,15860
0	1253	22590	31075,585,32719,1165,1805,3040,4626,473,11272,11867,14151,18773,15860
0	1253	23491	31075,585,32719,1165,1805,3040,4626,473,11272,11867,14151,18773,15860
1	1253	11869	31075,585,32719,1165,1805,3040,4626,473,11272,11867,14151,18773,15860
1	1253	11388	31075,585,32719,1165,1805,3040,4626,473,11272,11867,14151,18773,15860,11869
1	1253	15447	31075,585,32719,1165,1805,3040,4626,473,11272,11867,14151,18773,15860,11869,11388
1	1253	17647	31075,585,32719,1165,1805,3040,4626,473,11272,11867,14151,18773,15860,11869,11388,15447
1	1253	9474	31075,585,32719,1165,1805,3040,4626,473,11272,11867,14151,18773,15860,11869,11388,15447,17647
0	1253	23822	31075,585,32719,1165,1805,3040,4626,473,11272,11867,14151,18773,15860,11869,11388,15447,17647,9474
0	1253	25419	31075,585,32719,1165,1805,3040,4626,473,11272,11867,14151,18773,15860,11869,11388,15447,17647,9474
0	1253	23768	31075,585,32719,1165,1805,3040,4626,473,11272,11867,14151,18773,15860,11869,11388,15447,17647,9474
0	1253	26881	31075,585,32719,1165,1805,3040,4626,473,11272,11867,14151,18773,15860,11869,11388,15447,17647,9474
0	1253	22243	31075,585,32719,1165,1805,3040,4626,473,11272,11867,14151,18773,15860,11869,11388,15447,17647,9474
1	1253	20430	31075,585,32719,1165,1805,3040,4626,473,11272,11867,14151,18773,15860,11869,11388,15447,17647,9474
1	1253	25521	31075,585,32719,1165,1805,3040,4626,473,11272,11867,14151,18773,15860,11869,11388,15447,17647,9474,20430
0	1253	28318	31075,585,32719,1165,1805,3040,4626,473,11272,11867,14151,18773,15860,11869,11388,15447,17647,9474,20430,25521
1	1253	837	31075,585,32719,1165,1805,3040,4626,473,11272,11867,14151,18773,15860,11869,11388,15447,17647,9474,20430,25521
0	1253	23317	31075,585,32719,1165,1805,3040,4626,473,11272,11867,14151,18773,15860,11869,11388,15447,17647,9474,20430,25521,837
1	1253	11544	31075,585,32719,1165,1805,3040,4626,473,11272,11867,14151,18773,15860,11869,11388,15447,17647,9474,20430,25521,837
0	1253	27750	31075,585,32719,1165,1805,3040,4626,473,11272,11867,14151,18773,15860,11869,11388,15447,17647,9474,20430,25521,837,11544
