0	1212	337	0
1	1212	3076	0
1	1212	5003	3076
0	1212	9428	3076,5003
1	1212	7071	3076,5003
1	1212	315	3076,5003,7071
0	1212	3613	3076,5003,7071,315
1	1212	12494	3076,5003,7071,315
0	1212	11925	3076,5003,7071,315,12494
1	1212	5241	3076,5003,7071,315,12494
0	1212	8879	3076,5003,7071,315,12494,5241
1	1212	33077	3076,5003,7071,315,12494,5241
0	1212	14123	3076,5003,7071,315,12494,5241,33077
1	1212	9968	3076,5003,7071,315,12494,5241,33077
1	1212	11126	3076,5003,7071,315,12494,5241,33077,9968
1	1212	14181	3076,5003,7071,315,12494,5241,33077,9968,11126
0	1212	12401	3076,5003,7071,315,12494,5241,33077,9968,11126,14181
0	1212	11792	3076,5003,7071,315,12494,5241,33077,9968,11126,14181
0	1212	9648	3076,5003,7071,315,12494,5241,33077,9968,11126,14181
0	1212	15620	3076,5003,7071,315,12494,5241,33077,9968,11126,14181
0	1212	10722	3076,5003,7071,315,12494,5241,33077,9968,11126,14181
0	1212	4926	3076,5003,7071,315,12494,5241,33077,9968,11126,14181
0	1212	7597	3076,5003,7071,315,12494,5241,33077,9968,11126,14181
1	1212	9907	3076,5003,7071,315,12494,5241,33077,9968,11126,14181
1	1212	14932	3076,5003,7071,315,12494,5241,33077,9968,11126,14181,9907
0	1212	17191	3076,5003,7071,315,12494,5241,33077,9968,11126,14181,9907,14932
0	1212	17541	3076,5003,7071,315,12494,5241,33077,9968,11126,14181,9907,14932
1	1212	19766	3076,5003,7071,315,12494,5241,33077,9968,11126,14181,9907,14932
0	1212	16753	3076,5003,7071,315,12494,5241,33077,9968,11126,14181,9907,14932,19766
0	1212	15159	3076,5003,7071,315,12494,5241,33077,9968,11126,14181,9907,14932,19766
1	1212	18132	3076,5003,7071,315,12494,5241,33077,9968,11126,14181,9907,14932,19766
1	1212	13588	3076,5003,7071,315,12494,5241,33077,9968,11126,14181,9907,14932,19766,18132
1	1212	8901	3076,5003,7071,315,12494,5241,33077,9968,11126,14181,9907,14932,19766,18132,13588
0	1212	19306	3076,5003,7071,315,12494,5241,33077,9968,11126,14181,9907,14932,19766,18132,13588,8901
0	1212	19640	3076,5003,7071,315,12494,5241,33077,9968,11126,14181,9907,14932,19766,18132,13588,8901
1	1212	19079	3076,5003,7071,315,12494,5241,33077,9968,11126,14181,9907,14932,19766,18132,13588,8901
0	1212	5983	3076,5003,7071,315,12494,5241,33077,9968,11126,14181,9907,14932,19766,18132,13588,8901,19079
0	1212	2652	3076,5003,7071,315,12494,5241,33077,9968,11126,14181,9907,14932,19766,18132,13588,8901,19079
0	1212	22356	3076,5003,7071,315,12494,5241,33077,9968,11126,14181,9907,14932,19766,18132,13588,8901,19079
1	1212	20627	3076,5003,7071,315,12494,5241,33077,9968,11126,14181,9907,14932,19766,18132,13588,8901,19079
1	1212	22953	3076,5003,7071,315,12494,5241,33077,9968,11126,14181,9907,14932,19766,18132,13588,8901,19079,20627
0	1212	20785	3076,5003,7071,315,12494,5241,33077,9968,11126,14181,9907,14932,19766,18132,13588,8901,19079,20627,22953
0	1212	19415	3076,5003,7071,315,12494,5241,33077,9968,11126,14181,9907,14932,19766,18132,13588,8901,19079,20627,22953
0	1212	22132	3076,5003,7071,315,12494,5241,33077,9968,11126,14181,9907,14932,19766,18132,13588,8901,19079,20627,22953
0	1212	22111	3076,5003,7071,315,12494,5241,33077,9968,11126,14181,9907,14932,19766,18132,13588,8901,19079,20627,22953
0	1212	19164	3076,5003,7071,315,12494,5241,33077,9968,11126,14181,9907,14932,19766,18132,13588,8901,19079,20627,22953
0	1212	15097	3076,5003,7071,315,12494,5241,33077,9968,11126,14181,9907,14932,19766,18132,13588,8901,19079,20627,22953
1	1212	13108	3076,5003,7071,315,12494,5241,33077,9968,11126,14181,9907,14932,19766,18132,13588,8901,19079,20627,22953
1	1212	20598	3076,5003,7071,315,12494,5241,33077,9968,11126,14181,9907,14932,19766,18132,13588,8901,19079,20627,22953,13108
1	1212	23794	3076,5003,7071,315,12494,5241,33077,9968,11126,14181,9907,14932,19766,18132,13588,8901,19079,20627,22953,13108,20598
1	1212	14586	3076,5003,7071,315,12494,5241,33077,9968,11126,14181,9907,14932,19766,18132,13588,8901,19079,20627,22953,13108,20598,23794
0	1212	7480	3076,5003,7071,315,12494,5241,33077,9968,11126,14181,9907,14932,19766,18132,13588,8901,19079,20627,22953,13108,20598,23794,14586
1	1212	14258	3076,5003,7071,315,12494,5241,33077,9968,11126,14181,9907,14932,19766,18132,13588,8901,19079,20627,22953,13108,20598,23794,14586
0	1212	20088	3076,5003,7071,315,12494,5241,33077,9968,11126,14181,9907,14932,19766,18132,13588,8901,19079,20627,22953,13108,20598,23794,14586,14258
1	1212	24598	3076,5003,7071,315,12494,5241,33077,9968,11126,14181,9907,14932,19766,18132,13588,8901,19079,20627,22953,13108,20598,23794,14586,14258
1	1212	25185	3076,5003,7071,315,12494,5241,33077,9968,11126,14181,9907,14932,19766,18132,13588,8901,19079,20627,22953,13108,20598,23794,14586,14258,24598
1	1212	15221	3076,5003,7071,315,12494,5241,33077,9968,11126,14181,9907,14932,19766,18132,13588,8901,19079,20627,22953,13108,20598,23794,14586,14258,24598,25185
0	1212	2761	3076,5003,7071,315,12494,5241,33077,9968,11126,14181,9907,14932,19766,18132,13588,8901,19079,20627,22953,13108,20598,23794,14586,14258,24598,25185,15221
0	1212	10179	3076,5003,7071,315,12494,5241,33077,9968,11126,14181,9907,14932,19766,18132,13588,8901,19079,20627,22953,13108,20598,23794,14586,14258,24598,25185,15221
0	1212	23760	3076,5003,7071,315,12494,5241,33077,9968,11126,14181,9907,14932,19766,18132,13588,8901,19079,20627,22953,13108,20598,23794,14586,14258,24598,25185,15221
0	1212	14045	3076,5003,7071,315,12494,5241,33077,9968,11126,14181,9907,14932,19766,18132,13588,8901,19079,20627,22953,13108,20598,23794,14586,14258,24598,25185,15221
0	1212	22217	3076,5003,7071,315,12494,5241,33077,9968,11126,14181,9907,14932,19766,18132,13588,8901,19079,20627,22953,13108,20598,23794,14586,14258,24598,25185,15221
0	1212	28888	3076,5003,7071,315,12494,5241,33077,9968,11126,14181,9907,14932,19766,18132,13588,8901,19079,20627,22953,13108,20598,23794,14586,14258,24598,25185,15221
1	1212	17194	3076,5003,7071,315,12494,5241,33077,9968,11126,14181,9907,14932,19766,18132,13588,8901,19079,20627,22953,13108,20598,23794,14586,14258,24598,25185,15221
0	1212	22516	3076,5003,7071,315,12494,5241,33077,9968,11126,14181,9907,14932,19766,18132,13588,8901,19079,20627,22953,13108,20598,23794,14586,14258,24598,25185,15221,17194
1	1212	18959	3076,5003,7071,315,12494,5241,33077,9968,11126,14181,9907,14932,19766,18132,13588,8901,19079,20627,22953,13108,20598,23794,14586,14258,24598,25185,15221,17194
0	1212	25565	3076,5003,7071,315,12494,5241,33077,9968,11126,14181,9907,14932,19766,18132,13588,8901,19079,20627,22953,13108,20598,23794,14586,14258,24598,25185,15221,17194,18959
1	1212	25817	3076,5003,7071,315,12494,5241,33077,9968,11126,14181,9907,14932,19766,18132,13588,8901,19079,20627,22953,13108,20598,23794,14586,14258,24598,25185,15221,17194,18959
1	1212	28089	3076,5003,7071,315,12494,5241,33077,9968,11126,14181,9907,14932,19766,18132,13588,8901,19079,20627,22953,13108,20598,23794,14586,14258,24598,25185,15221,17194,18959,25817
1	1212	25250	3076,5003,7071,315,12494,5241,33077,9968,11126,14181,9907,14932,19766,18132,13588,8901,19079,20627,22953,13108,20598,23794,14586,14258,24598,25185,15221,17194,18959,25817,28089
1	1212	28555	3076,5003,7071,315,12494,5241,33077,9968,11126,14181,9907,14932,19766,18132,13588,8901,19079,20627,22953,13108,20598,23794,14586,14258,24598,25185,15221,17194,18959,25817,28089,25250
0	1212	28015	3076,5003,7071,315,12494,5241,33077,9968,11126,14181,9907,14932,19766,18132,13588,8901,19079,20627,22953,13108,20598,23794,14586,14258,24598,25185,15221,17194,18959,25817,28089,25250,28555
