1	1152	8793	0
0	1152	13754	8793
1	1152	17515	8793
1	1152	21579	8793,17515
1	1152	30841	8793,17515,21579
0	1152	29758	8793,17515,21579,30841
0	1152	29764	8793,17515,21579,30841
0	1152	31099	8793,17515,21579,30841
0	1152	31100	8793,17515,21579,30841
1	1152	23958	8793,17515,21579,30841
1	1152	29415	8793,17515,21579,30841,23958
1	1152	31725	8793,17515,21579,30841,23958,29415
1	1152	31996	8793,17515,21579,30841,23958,29415,31725
0	1152	32182	8793,17515,21579,30841,23958,29415,31725,31996
1	1152	30932	8793,17515,21579,30841,23958,29415,31725,31996
1	1152	32214	8793,17515,21579,30841,23958,29415,31725,31996,30932
1	1152	32712	8793,17515,21579,30841,23958,29415,31725,31996,30932,32214
1	1152	4244	8793,17515,21579,30841,23958,29415,31725,31996,30932,32214,32712
1	1152	222	8793,17515,21579,30841,23958,29415,31725,31996,30932,32214,32712,4244
1	1152	32662	8793,17515,21579,30841,23958,29415,31725,31996,30932,32214,32712,4244,222
1	1152	2457	8793,17515,21579,30841,23958,29415,31725,31996,30932,32214,32712,4244,222,32662
1	1152	291	8793,17515,21579,30841,23958,29415,31725,31996,30932,32214,32712,4244,222,32662,2457
0	1152	1716	8793,17515,21579,30841,23958,29415,31725,31996,30932,32214,32712,4244,222,32662,2457,291
1	1152	3181	8793,17515,21579,30841,23958,29415,31725,31996,30932,32214,32712,4244,222,32662,2457,291
1	1152	2438	8793,17515,21579,30841,23958,29415,31725,31996,30932,32214,32712,4244,222,32662,2457,291,3181
1	1152	4737	8793,17515,21579,30841,23958,29415,31725,31996,30932,32214,32712,4244,222,32662,2457,291,3181,2438
1	1152	5398	8793,17515,21579,30841,23958,29415,31725,31996,30932,32214,32712,4244,222,32662,2457,291,3181,2438,4737
1	1152	1448	8793,17515,21579,30841,23958,29415,31725,31996,30932,32214,32712,4244,222,32662,2457,291,3181,2438,4737,5398
1	1152	1349	8793,17515,21579,30841,23958,29415,31725,31996,30932,32214,32712,4244,222,32662,2457,291,3181,2438,4737,5398,1448
1	1152	6303	8793,17515,21579,30841,23958,29415,31725,31996,30932,32214,32712,4244,222,32662,2457,291,3181,2438,4737,5398,1448,1349
1	1152	8931	8793,17515,21579,30841,23958,29415,31725,31996,30932,32214,32712,4244,222,32662,2457,291,3181,2438,4737,5398,1448,1349,6303
1	1152	5279	8793,17515,21579,30841,23958,29415,31725,31996,30932,32214,32712,4244,222,32662,2457,291,3181,2438,4737,5398,1448,1349,6303,8931
1	1152	15321	8793,17515,21579,30841,23958,29415,31725,31996,30932,32214,32712,4244,222,32662,2457,291,3181,2438,4737,5398,1448,1349,6303,8931,5279
1	1152	14949	8793,17515,21579,30841,23958,29415,31725,31996,30932,32214,32712,4244,222,32662,2457,291,3181,2438,4737,5398,1448,1349,6303,8931,5279,15321
1	1152	11866	8793,17515,21579,30841,23958,29415,31725,31996,30932,32214,32712,4244,222,32662,2457,291,3181,2438,4737,5398,1448,1349,6303,8931,5279,15321,14949
1	1152	15796	8793,17515,21579,30841,23958,29415,31725,31996,30932,32214,32712,4244,222,32662,2457,291,3181,2438,4737,5398,1448,1349,6303,8931,5279,15321,14949,11866
1	1152	17011	8793,17515,21579,30841,23958,29415,31725,31996,30932,32214,32712,4244,222,32662,2457,291,3181,2438,4737,5398,1448,1349,6303,8931,5279,15321,14949,11866,15796
1	1152	20384	8793,17515,21579,30841,23958,29415,31725,31996,30932,32214,32712,4244,222,32662,2457,291,3181,2438,4737,5398,1448,1349,6303,8931,5279,15321,14949,11866,15796,17011
0	1152	17674	8793,17515,21579,30841,23958,29415,31725,31996,30932,32214,32712,4244,222,32662,2457,291,3181,2438,4737,5398,1448,1349,6303,8931,5279,15321,14949,11866,15796,17011,20384
1	1152	14117	8793,17515,21579,30841,23958,29415,31725,31996,30932,32214,32712,4244,222,32662,2457,291,3181,2438,4737,5398,1448,1349,6303,8931,5279,15321,14949,11866,15796,17011,20384
0	1152	24458	8793,17515,21579,30841,23958,29415,31725,31996,30932,32214,32712,4244,222,32662,2457,291,3181,2438,4737,5398,1448,1349,6303,8931,5279,15321,14949,11866,15796,17011,20384,14117
1	1152	25704	8793,17515,21579,30841,23958,29415,31725,31996,30932,32214,32712,4244,222,32662,2457,291,3181,2438,4737,5398,1448,1349,6303,8931,5279,15321,14949,11866,15796,17011,20384,14117
0	1152	10439	8793,17515,21579,30841,23958,29415,31725,31996,30932,32214,32712,4244,222,32662,2457,291,3181,2438,4737,5398,1448,1349,6303,8931,5279,15321,14949,11866,15796,17011,20384,14117,25704
0	1152	27162	8793,17515,21579,30841,23958,29415,31725,31996,30932,32214,32712,4244,222,32662,2457,291,3181,2438,4737,5398,1448,1349,6303,8931,5279,15321,14949,11866,15796,17011,20384,14117,25704
