0	1809	32801	0
0	1809	1797	0
1	1809	4419	0
1	1809	214	4419
0	1809	31836	4419,214
1	1809	23138	4419,214
0	1809	24490	4419,214,23138
0	1809	17419	4419,214,23138
0	1809	20267	4419,214,23138
1	1809	23620	4419,214,23138
1	1809	25463	4419,214,23138,23620
0	1809	23097	4419,214,23138,23620,25463
0	1809	24479	4419,214,23138,23620,25463
0	1809	24514	4419,214,23138,23620,25463
0	1809	23794	4419,214,23138,23620,25463
1	1809	23531	4419,214,23138,23620,25463
0	1809	32140	4419,214,23138,23620,25463,23531
0	1809	21930	4419,214,23138,23620,25463,23531
0	1809	23795	4419,214,23138,23620,25463,23531
1	1809	27632	4419,214,23138,23620,25463,23531
0	1809	29308	4419,214,23138,23620,25463,23531,27632
1	1809	29207	4419,214,23138,23620,25463,23531,27632
1	1809	9061	4419,214,23138,23620,25463,23531,27632,29207
1	1809	29666	4419,214,23138,23620,25463,23531,27632,29207,9061
0	1809	28212	4419,214,23138,23620,25463,23531,27632,29207,9061,29666
1	1809	20183	4419,214,23138,23620,25463,23531,27632,29207,9061,29666
0	1809	9918	4419,214,23138,23620,25463,23531,27632,29207,9061,29666,20183
0	1809	5878	4419,214,23138,23620,25463,23531,27632,29207,9061,29666,20183
1	1809	10559	4419,214,23138,23620,25463,23531,27632,29207,9061,29666,20183
1	1809	22334	4419,214,23138,23620,25463,23531,27632,29207,9061,29666,20183,10559
0	1809	23666	4419,214,23138,23620,25463,23531,27632,29207,9061,29666,20183,10559,22334
0	1809	25440	4419,214,23138,23620,25463,23531,27632,29207,9061,29666,20183,10559,22334
1	1809	28881	4419,214,23138,23620,25463,23531,27632,29207,9061,29666,20183,10559,22334
