1	1603	31742	0
1	1603	25935	31742
0	1603	7140	31742,25935
1	1603	5190	31742,25935
1	1603	2323	31742,25935,5190
1	1603	10315	31742,25935,5190,2323
1	1603	14945	31742,25935,5190,2323,10315
0	1603	18821	31742,25935,5190,2323,10315,14945
1	1603	1561	31742,25935,5190,2323,10315,14945
1	1603	7857	31742,25935,5190,2323,10315,14945,1561
1	1603	13133	31742,25935,5190,2323,10315,14945,1561,7857
0	1603	18311	31742,25935,5190,2323,10315,14945,1561,7857,13133
1	1603	24194	31742,25935,5190,2323,10315,14945,1561,7857,13133
1	1603	1936	31742,25935,5190,2323,10315,14945,1561,7857,13133,24194
1	1603	7510	31742,25935,5190,2323,10315,14945,1561,7857,13133,24194,1936
1	1603	15396	31742,25935,5190,2323,10315,14945,1561,7857,13133,24194,1936,7510
