1	1062	11477	0
0	1062	24122	11477
0	1062	9521	11477
1	1062	18158	11477
1	1062	29155	11477,18158
0	1062	30928	11477,18158,29155
1	1062	31782	11477,18158,29155
1	1062	31876	11477,18158,29155,31782
0	1062	32366	11477,18158,29155,31782,31876
0	1062	11907	11477,18158,29155,31782,31876
0	1062	31363	11477,18158,29155,31782,31876
1	1062	31627	11477,18158,29155,31782,31876
0	1062	6832	11477,18158,29155,31782,31876,31627
0	1062	33025	11477,18158,29155,31782,31876,31627
0	1062	2281	11477,18158,29155,31782,31876,31627
1	1062	865	11477,18158,29155,31782,31876,31627
0	1062	2931	11477,18158,29155,31782,31876,31627,865
0	1062	4101	11477,18158,29155,31782,31876,31627,865
0	1062	3957	11477,18158,29155,31782,31876,31627,865
1	1062	32314	11477,18158,29155,31782,31876,31627,865
1	1062	352	11477,18158,29155,31782,31876,31627,865,32314
1	1062	5348	11477,18158,29155,31782,31876,31627,865,32314,352
1	1062	31359	11477,18158,29155,31782,31876,31627,865,32314,352,5348
1	1062	919	11477,18158,29155,31782,31876,31627,865,32314,352,5348,31359
1	1062	1440	11477,18158,29155,31782,31876,31627,865,32314,352,5348,31359,919
0	1062	6533	11477,18158,29155,31782,31876,31627,865,32314,352,5348,31359,919,1440
0	1062	6216	11477,18158,29155,31782,31876,31627,865,32314,352,5348,31359,919,1440
0	1062	6976	11477,18158,29155,31782,31876,31627,865,32314,352,5348,31359,919,1440
1	1062	7024	11477,18158,29155,31782,31876,31627,865,32314,352,5348,31359,919,1440
0	1062	8386	11477,18158,29155,31782,31876,31627,865,32314,352,5348,31359,919,1440,7024
1	1062	6349	11477,18158,29155,31782,31876,31627,865,32314,352,5348,31359,919,1440,7024
0	1062	8490	11477,18158,29155,31782,31876,31627,865,32314,352,5348,31359,919,1440,7024,6349
1	1062	9026	11477,18158,29155,31782,31876,31627,865,32314,352,5348,31359,919,1440,7024,6349
1	1062	8979	11477,18158,29155,31782,31876,31627,865,32314,352,5348,31359,919,1440,7024,6349,9026
0	1062	8430	11477,18158,29155,31782,31876,31627,865,32314,352,5348,31359,919,1440,7024,6349,9026,8979
1	1062	31846	11477,18158,29155,31782,31876,31627,865,32314,352,5348,31359,919,1440,7024,6349,9026,8979
0	1062	8191	11477,18158,29155,31782,31876,31627,865,32314,352,5348,31359,919,1440,7024,6349,9026,8979,31846
0	1062	9143	11477,18158,29155,31782,31876,31627,865,32314,352,5348,31359,919,1440,7024,6349,9026,8979,31846
0	1062	6484	11477,18158,29155,31782,31876,31627,865,32314,352,5348,31359,919,1440,7024,6349,9026,8979,31846
0	1062	9583	11477,18158,29155,31782,31876,31627,865,32314,352,5348,31359,919,1440,7024,6349,9026,8979,31846
0	1062	7780	11477,18158,29155,31782,31876,31627,865,32314,352,5348,31359,919,1440,7024,6349,9026,8979,31846
0	1062	10781	11477,18158,29155,31782,31876,31627,865,32314,352,5348,31359,919,1440,7024,6349,9026,8979,31846
0	1062	11242	11477,18158,29155,31782,31876,31627,865,32314,352,5348,31359,919,1440,7024,6349,9026,8979,31846
0	1062	11237	11477,18158,29155,31782,31876,31627,865,32314,352,5348,31359,919,1440,7024,6349,9026,8979,31846
0	1062	12144	11477,18158,29155,31782,31876,31627,865,32314,352,5348,31359,919,1440,7024,6349,9026,8979,31846
0	1062	9616	11477,18158,29155,31782,31876,31627,865,32314,352,5348,31359,919,1440,7024,6349,9026,8979,31846
0	1062	13763	11477,18158,29155,31782,31876,31627,865,32314,352,5348,31359,919,1440,7024,6349,9026,8979,31846
0	1062	12111	11477,18158,29155,31782,31876,31627,865,32314,352,5348,31359,919,1440,7024,6349,9026,8979,31846
0	1062	9585	11477,18158,29155,31782,31876,31627,865,32314,352,5348,31359,919,1440,7024,6349,9026,8979,31846
0	1062	14308	11477,18158,29155,31782,31876,31627,865,32314,352,5348,31359,919,1440,7024,6349,9026,8979,31846
1	1062	3700	11477,18158,29155,31782,31876,31627,865,32314,352,5348,31359,919,1440,7024,6349,9026,8979,31846
1	1062	15212	11477,18158,29155,31782,31876,31627,865,32314,352,5348,31359,919,1440,7024,6349,9026,8979,31846,3700
0	1062	15499	11477,18158,29155,31782,31876,31627,865,32314,352,5348,31359,919,1440,7024,6349,9026,8979,31846,3700,15212
0	1062	16550	11477,18158,29155,31782,31876,31627,865,32314,352,5348,31359,919,1440,7024,6349,9026,8979,31846,3700,15212
0	1062	17483	11477,18158,29155,31782,31876,31627,865,32314,352,5348,31359,919,1440,7024,6349,9026,8979,31846,3700,15212
0	1062	18332	11477,18158,29155,31782,31876,31627,865,32314,352,5348,31359,919,1440,7024,6349,9026,8979,31846,3700,15212
0	1062	18533	11477,18158,29155,31782,31876,31627,865,32314,352,5348,31359,919,1440,7024,6349,9026,8979,31846,3700,15212
1	1062	18807	11477,18158,29155,31782,31876,31627,865,32314,352,5348,31359,919,1440,7024,6349,9026,8979,31846,3700,15212
0	1062	19620	11477,18158,29155,31782,31876,31627,865,32314,352,5348,31359,919,1440,7024,6349,9026,8979,31846,3700,15212,18807
0	1062	20399	11477,18158,29155,31782,31876,31627,865,32314,352,5348,31359,919,1440,7024,6349,9026,8979,31846,3700,15212,18807
0	1062	21166	11477,18158,29155,31782,31876,31627,865,32314,352,5348,31359,919,1440,7024,6349,9026,8979,31846,3700,15212,18807
0	1062	23447	11477,18158,29155,31782,31876,31627,865,32314,352,5348,31359,919,1440,7024,6349,9026,8979,31846,3700,15212,18807
0	1062	22588	11477,18158,29155,31782,31876,31627,865,32314,352,5348,31359,919,1440,7024,6349,9026,8979,31846,3700,15212,18807
0	1062	15615	11477,18158,29155,31782,31876,31627,865,32314,352,5348,31359,919,1440,7024,6349,9026,8979,31846,3700,15212,18807
0	1062	23760	11477,18158,29155,31782,31876,31627,865,32314,352,5348,31359,919,1440,7024,6349,9026,8979,31846,3700,15212,18807
0	1062	25847	11477,18158,29155,31782,31876,31627,865,32314,352,5348,31359,919,1440,7024,6349,9026,8979,31846,3700,15212,18807
0	1062	25845	11477,18158,29155,31782,31876,31627,865,32314,352,5348,31359,919,1440,7024,6349,9026,8979,31846,3700,15212,18807
0	1062	27393	11477,18158,29155,31782,31876,31627,865,32314,352,5348,31359,919,1440,7024,6349,9026,8979,31846,3700,15212,18807
0	1062	27396	11477,18158,29155,31782,31876,31627,865,32314,352,5348,31359,919,1440,7024,6349,9026,8979,31846,3700,15212,18807
0	1062	28547	11477,18158,29155,31782,31876,31627,865,32314,352,5348,31359,919,1440,7024,6349,9026,8979,31846,3700,15212,18807
0	1062	19969	11477,18158,29155,31782,31876,31627,865,32314,352,5348,31359,919,1440,7024,6349,9026,8979,31846,3700,15212,18807
0	1062	28335	11477,18158,29155,31782,31876,31627,865,32314,352,5348,31359,919,1440,7024,6349,9026,8979,31846,3700,15212,18807
0	1062	28038	11477,18158,29155,31782,31876,31627,865,32314,352,5348,31359,919,1440,7024,6349,9026,8979,31846,3700,15212,18807
