0	504	362	0
0	504	32126	0
0	504	211	0
0	504	9461	0
1	504	23602	0
1	504	30941	23602
1	504	84	23602,30941
1	504	31123	23602,30941,84
1	504	1031	23602,30941,84,31123
1	504	32630	23602,30941,84,31123,1031
1	504	2163	23602,30941,84,31123,1031,32630
1	504	868	23602,30941,84,31123,1031,32630,2163
1	504	32161	23602,30941,84,31123,1031,32630,2163,868
0	504	1453	23602,30941,84,31123,1031,32630,2163,868,32161
0	504	1648	23602,30941,84,31123,1031,32630,2163,868,32161
0	504	4214	23602,30941,84,31123,1031,32630,2163,868,32161
1	504	4265	23602,30941,84,31123,1031,32630,2163,868,32161
1	504	4127	23602,30941,84,31123,1031,32630,2163,868,32161,4265
0	504	5578	23602,30941,84,31123,1031,32630,2163,868,32161,4265,4127
0	504	25648	23602,30941,84,31123,1031,32630,2163,868,32161,4265,4127
1	504	32457	23602,30941,84,31123,1031,32630,2163,868,32161,4265,4127
1	504	32574	23602,30941,84,31123,1031,32630,2163,868,32161,4265,4127,32457
1	504	3783	23602,30941,84,31123,1031,32630,2163,868,32161,4265,4127,32457,32574
1	504	6106	23602,30941,84,31123,1031,32630,2163,868,32161,4265,4127,32457,32574,3783
1	504	6976	23602,30941,84,31123,1031,32630,2163,868,32161,4265,4127,32457,32574,3783,6106
0	504	32716	23602,30941,84,31123,1031,32630,2163,868,32161,4265,4127,32457,32574,3783,6106,6976
0	504	1344	23602,30941,84,31123,1031,32630,2163,868,32161,4265,4127,32457,32574,3783,6106,6976
0	504	3314	23602,30941,84,31123,1031,32630,2163,868,32161,4265,4127,32457,32574,3783,6106,6976
1	504	6552	23602,30941,84,31123,1031,32630,2163,868,32161,4265,4127,32457,32574,3783,6106,6976
0	504	5540	23602,30941,84,31123,1031,32630,2163,868,32161,4265,4127,32457,32574,3783,6106,6976,6552
0	504	7711	23602,30941,84,31123,1031,32630,2163,868,32161,4265,4127,32457,32574,3783,6106,6976,6552
1	504	8724	23602,30941,84,31123,1031,32630,2163,868,32161,4265,4127,32457,32574,3783,6106,6976,6552
0	504	10299	23602,30941,84,31123,1031,32630,2163,868,32161,4265,4127,32457,32574,3783,6106,6976,6552,8724
0	504	11679	23602,30941,84,31123,1031,32630,2163,868,32161,4265,4127,32457,32574,3783,6106,6976,6552,8724
0	504	11281	23602,30941,84,31123,1031,32630,2163,868,32161,4265,4127,32457,32574,3783,6106,6976,6552,8724
0	504	7859	23602,30941,84,31123,1031,32630,2163,868,32161,4265,4127,32457,32574,3783,6106,6976,6552,8724
0	504	11867	23602,30941,84,31123,1031,32630,2163,868,32161,4265,4127,32457,32574,3783,6106,6976,6552,8724
0	504	15211	23602,30941,84,31123,1031,32630,2163,868,32161,4265,4127,32457,32574,3783,6106,6976,6552,8724
1	504	11286	23602,30941,84,31123,1031,32630,2163,868,32161,4265,4127,32457,32574,3783,6106,6976,6552,8724
0	504	10718	23602,30941,84,31123,1031,32630,2163,868,32161,4265,4127,32457,32574,3783,6106,6976,6552,8724,11286
1	504	12390	23602,30941,84,31123,1031,32630,2163,868,32161,4265,4127,32457,32574,3783,6106,6976,6552,8724,11286
0	504	15784	23602,30941,84,31123,1031,32630,2163,868,32161,4265,4127,32457,32574,3783,6106,6976,6552,8724,11286,12390
0	504	13668	23602,30941,84,31123,1031,32630,2163,868,32161,4265,4127,32457,32574,3783,6106,6976,6552,8724,11286,12390
0	504	14177	23602,30941,84,31123,1031,32630,2163,868,32161,4265,4127,32457,32574,3783,6106,6976,6552,8724,11286,12390
0	504	16449	23602,30941,84,31123,1031,32630,2163,868,32161,4265,4127,32457,32574,3783,6106,6976,6552,8724,11286,12390
0	504	15926	23602,30941,84,31123,1031,32630,2163,868,32161,4265,4127,32457,32574,3783,6106,6976,6552,8724,11286,12390
0	504	16331	23602,30941,84,31123,1031,32630,2163,868,32161,4265,4127,32457,32574,3783,6106,6976,6552,8724,11286,12390
0	504	19070	23602,30941,84,31123,1031,32630,2163,868,32161,4265,4127,32457,32574,3783,6106,6976,6552,8724,11286,12390
0	504	16798	23602,30941,84,31123,1031,32630,2163,868,32161,4265,4127,32457,32574,3783,6106,6976,6552,8724,11286,12390
1	504	17249	23602,30941,84,31123,1031,32630,2163,868,32161,4265,4127,32457,32574,3783,6106,6976,6552,8724,11286,12390
0	504	18805	23602,30941,84,31123,1031,32630,2163,868,32161,4265,4127,32457,32574,3783,6106,6976,6552,8724,11286,12390,17249
0	504	19016	23602,30941,84,31123,1031,32630,2163,868,32161,4265,4127,32457,32574,3783,6106,6976,6552,8724,11286,12390,17249
1	504	11671	23602,30941,84,31123,1031,32630,2163,868,32161,4265,4127,32457,32574,3783,6106,6976,6552,8724,11286,12390,17249
0	504	6139	23602,30941,84,31123,1031,32630,2163,868,32161,4265,4127,32457,32574,3783,6106,6976,6552,8724,11286,12390,17249,11671
0	504	16075	23602,30941,84,31123,1031,32630,2163,868,32161,4265,4127,32457,32574,3783,6106,6976,6552,8724,11286,12390,17249,11671
0	504	15500	23602,30941,84,31123,1031,32630,2163,868,32161,4265,4127,32457,32574,3783,6106,6976,6552,8724,11286,12390,17249,11671
0	504	21273	23602,30941,84,31123,1031,32630,2163,868,32161,4265,4127,32457,32574,3783,6106,6976,6552,8724,11286,12390,17249,11671
1	504	22105	23602,30941,84,31123,1031,32630,2163,868,32161,4265,4127,32457,32574,3783,6106,6976,6552,8724,11286,12390,17249,11671
0	504	22596	23602,30941,84,31123,1031,32630,2163,868,32161,4265,4127,32457,32574,3783,6106,6976,6552,8724,11286,12390,17249,11671,22105
1	504	23447	23602,30941,84,31123,1031,32630,2163,868,32161,4265,4127,32457,32574,3783,6106,6976,6552,8724,11286,12390,17249,11671,22105
0	504	23230	23602,30941,84,31123,1031,32630,2163,868,32161,4265,4127,32457,32574,3783,6106,6976,6552,8724,11286,12390,17249,11671,22105,23447
0	504	23160	23602,30941,84,31123,1031,32630,2163,868,32161,4265,4127,32457,32574,3783,6106,6976,6552,8724,11286,12390,17249,11671,22105,23447
0	504	17934	23602,30941,84,31123,1031,32630,2163,868,32161,4265,4127,32457,32574,3783,6106,6976,6552,8724,11286,12390,17249,11671,22105,23447
0	504	22948	23602,30941,84,31123,1031,32630,2163,868,32161,4265,4127,32457,32574,3783,6106,6976,6552,8724,11286,12390,17249,11671,22105,23447
1	504	24333	23602,30941,84,31123,1031,32630,2163,868,32161,4265,4127,32457,32574,3783,6106,6976,6552,8724,11286,12390,17249,11671,22105,23447
1	504	10601	23602,30941,84,31123,1031,32630,2163,868,32161,4265,4127,32457,32574,3783,6106,6976,6552,8724,11286,12390,17249,11671,22105,23447,24333
0	504	23453	23602,30941,84,31123,1031,32630,2163,868,32161,4265,4127,32457,32574,3783,6106,6976,6552,8724,11286,12390,17249,11671,22105,23447,24333,10601
0	504	23768	23602,30941,84,31123,1031,32630,2163,868,32161,4265,4127,32457,32574,3783,6106,6976,6552,8724,11286,12390,17249,11671,22105,23447,24333,10601
0	504	20971	23602,30941,84,31123,1031,32630,2163,868,32161,4265,4127,32457,32574,3783,6106,6976,6552,8724,11286,12390,17249,11671,22105,23447,24333,10601
0	504	27723	23602,30941,84,31123,1031,32630,2163,868,32161,4265,4127,32457,32574,3783,6106,6976,6552,8724,11286,12390,17249,11671,22105,23447,24333,10601
0	504	14032	23602,30941,84,31123,1031,32630,2163,868,32161,4265,4127,32457,32574,3783,6106,6976,6552,8724,11286,12390,17249,11671,22105,23447,24333,10601
0	504	27416	23602,30941,84,31123,1031,32630,2163,868,32161,4265,4127,32457,32574,3783,6106,6976,6552,8724,11286,12390,17249,11671,22105,23447,24333,10601
0	504	837	23602,30941,84,31123,1031,32630,2163,868,32161,4265,4127,32457,32574,3783,6106,6976,6552,8724,11286,12390,17249,11671,22105,23447,24333,10601
0	504	24479	23602,30941,84,31123,1031,32630,2163,868,32161,4265,4127,32457,32574,3783,6106,6976,6552,8724,11286,12390,17249,11671,22105,23447,24333,10601
0	504	28146	23602,30941,84,31123,1031,32630,2163,868,32161,4265,4127,32457,32574,3783,6106,6976,6552,8724,11286,12390,17249,11671,22105,23447,24333,10601
0	504	28038	23602,30941,84,31123,1031,32630,2163,868,32161,4265,4127,32457,32574,3783,6106,6976,6552,8724,11286,12390,17249,11671,22105,23447,24333,10601
0	504	28886	23602,30941,84,31123,1031,32630,2163,868,32161,4265,4127,32457,32574,3783,6106,6976,6552,8724,11286,12390,17249,11671,22105,23447,24333,10601
