1	772	2333	0
0	772	7338	2333
0	772	13940	2333
1	772	15352	2333
0	772	16652	2333,15352
1	772	27929	2333,15352
0	772	28779	2333,15352,27929
1	772	12076	2333,15352,27929
1	772	31188	2333,15352,27929,12076
0	772	30774	2333,15352,27929,12076,31188
1	772	24524	2333,15352,27929,12076,31188
0	772	31473	2333,15352,27929,12076,31188,24524
0	772	31159	2333,15352,27929,12076,31188,24524
1	772	31260	2333,15352,27929,12076,31188,24524
1	772	31261	2333,15352,27929,12076,31188,24524,31260
0	772	29910	2333,15352,27929,12076,31188,24524,31260,31261
0	772	3151	2333,15352,27929,12076,31188,24524,31260,31261
1	772	28696	2333,15352,27929,12076,31188,24524,31260,31261
1	772	31462	2333,15352,27929,12076,31188,24524,31260,31261,28696
0	772	31981	2333,15352,27929,12076,31188,24524,31260,31261,28696,31462
1	772	32010	2333,15352,27929,12076,31188,24524,31260,31261,28696,31462
1	772	31491	2333,15352,27929,12076,31188,24524,31260,31261,28696,31462,32010
0	772	31798	2333,15352,27929,12076,31188,24524,31260,31261,28696,31462,32010,31491
1	772	32016	2333,15352,27929,12076,31188,24524,31260,31261,28696,31462,32010,31491
1	772	122	2333,15352,27929,12076,31188,24524,31260,31261,28696,31462,32010,31491,32016
1	772	399	2333,15352,27929,12076,31188,24524,31260,31261,28696,31462,32010,31491,32016,122
1	772	723	2333,15352,27929,12076,31188,24524,31260,31261,28696,31462,32010,31491,32016,122,399
1	772	30297	2333,15352,27929,12076,31188,24524,31260,31261,28696,31462,32010,31491,32016,122,399,723
0	772	32528	2333,15352,27929,12076,31188,24524,31260,31261,28696,31462,32010,31491,32016,122,399,723,30297
1	772	32660	2333,15352,27929,12076,31188,24524,31260,31261,28696,31462,32010,31491,32016,122,399,723,30297
1	772	2566	2333,15352,27929,12076,31188,24524,31260,31261,28696,31462,32010,31491,32016,122,399,723,30297,32660
0	772	3061	2333,15352,27929,12076,31188,24524,31260,31261,28696,31462,32010,31491,32016,122,399,723,30297,32660,2566
0	772	3071	2333,15352,27929,12076,31188,24524,31260,31261,28696,31462,32010,31491,32016,122,399,723,30297,32660,2566
1	772	4410	2333,15352,27929,12076,31188,24524,31260,31261,28696,31462,32010,31491,32016,122,399,723,30297,32660,2566
1	772	2603	2333,15352,27929,12076,31188,24524,31260,31261,28696,31462,32010,31491,32016,122,399,723,30297,32660,2566,4410
0	772	4046	2333,15352,27929,12076,31188,24524,31260,31261,28696,31462,32010,31491,32016,122,399,723,30297,32660,2566,4410,2603
1	772	4523	2333,15352,27929,12076,31188,24524,31260,31261,28696,31462,32010,31491,32016,122,399,723,30297,32660,2566,4410,2603
0	772	5955	2333,15352,27929,12076,31188,24524,31260,31261,28696,31462,32010,31491,32016,122,399,723,30297,32660,2566,4410,2603,4523
1	772	25456	2333,15352,27929,12076,31188,24524,31260,31261,28696,31462,32010,31491,32016,122,399,723,30297,32660,2566,4410,2603,4523
1	772	4885	2333,15352,27929,12076,31188,24524,31260,31261,28696,31462,32010,31491,32016,122,399,723,30297,32660,2566,4410,2603,4523,25456
1	772	3774	2333,15352,27929,12076,31188,24524,31260,31261,28696,31462,32010,31491,32016,122,399,723,30297,32660,2566,4410,2603,4523,25456,4885
0	772	31677	2333,15352,27929,12076,31188,24524,31260,31261,28696,31462,32010,31491,32016,122,399,723,30297,32660,2566,4410,2603,4523,25456,4885,3774
1	772	3178	2333,15352,27929,12076,31188,24524,31260,31261,28696,31462,32010,31491,32016,122,399,723,30297,32660,2566,4410,2603,4523,25456,4885,3774
1	772	6637	2333,15352,27929,12076,31188,24524,31260,31261,28696,31462,32010,31491,32016,122,399,723,30297,32660,2566,4410,2603,4523,25456,4885,3774,3178
0	772	7559	2333,15352,27929,12076,31188,24524,31260,31261,28696,31462,32010,31491,32016,122,399,723,30297,32660,2566,4410,2603,4523,25456,4885,3774,3178,6637
1	772	7660	2333,15352,27929,12076,31188,24524,31260,31261,28696,31462,32010,31491,32016,122,399,723,30297,32660,2566,4410,2603,4523,25456,4885,3774,3178,6637
0	772	9265	2333,15352,27929,12076,31188,24524,31260,31261,28696,31462,32010,31491,32016,122,399,723,30297,32660,2566,4410,2603,4523,25456,4885,3774,3178,6637,7660
1	772	10402	2333,15352,27929,12076,31188,24524,31260,31261,28696,31462,32010,31491,32016,122,399,723,30297,32660,2566,4410,2603,4523,25456,4885,3774,3178,6637,7660
1	772	10872	2333,15352,27929,12076,31188,24524,31260,31261,28696,31462,32010,31491,32016,122,399,723,30297,32660,2566,4410,2603,4523,25456,4885,3774,3178,6637,7660,10402
1	772	10998	2333,15352,27929,12076,31188,24524,31260,31261,28696,31462,32010,31491,32016,122,399,723,30297,32660,2566,4410,2603,4523,25456,4885,3774,3178,6637,7660,10402,10872
0	772	10129	2333,15352,27929,12076,31188,24524,31260,31261,28696,31462,32010,31491,32016,122,399,723,30297,32660,2566,4410,2603,4523,25456,4885,3774,3178,6637,7660,10402,10872,10998
1	772	11178	2333,15352,27929,12076,31188,24524,31260,31261,28696,31462,32010,31491,32016,122,399,723,30297,32660,2566,4410,2603,4523,25456,4885,3774,3178,6637,7660,10402,10872,10998
0	772	14204	2333,15352,27929,12076,31188,24524,31260,31261,28696,31462,32010,31491,32016,122,399,723,30297,32660,2566,4410,2603,4523,25456,4885,3774,3178,6637,7660,10402,10872,10998,11178
1	772	31548	2333,15352,27929,12076,31188,24524,31260,31261,28696,31462,32010,31491,32016,122,399,723,30297,32660,2566,4410,2603,4523,25456,4885,3774,3178,6637,7660,10402,10872,10998,11178
0	772	32027	2333,15352,27929,12076,31188,24524,31260,31261,28696,31462,32010,31491,32016,122,399,723,30297,32660,2566,4410,2603,4523,25456,4885,3774,3178,6637,7660,10402,10872,10998,11178,31548
1	772	212	2333,15352,27929,12076,31188,24524,31260,31261,28696,31462,32010,31491,32016,122,399,723,30297,32660,2566,4410,2603,4523,25456,4885,3774,3178,6637,7660,10402,10872,10998,11178,31548
1	772	2191	2333,15352,27929,12076,31188,24524,31260,31261,28696,31462,32010,31491,32016,122,399,723,30297,32660,2566,4410,2603,4523,25456,4885,3774,3178,6637,7660,10402,10872,10998,11178,31548,212
0	772	11291	2333,15352,27929,12076,31188,24524,31260,31261,28696,31462,32010,31491,32016,122,399,723,30297,32660,2566,4410,2603,4523,25456,4885,3774,3178,6637,7660,10402,10872,10998,11178,31548,212,2191
0	772	11548	2333,15352,27929,12076,31188,24524,31260,31261,28696,31462,32010,31491,32016,122,399,723,30297,32660,2566,4410,2603,4523,25456,4885,3774,3178,6637,7660,10402,10872,10998,11178,31548,212,2191
1	772	14221	2333,15352,27929,12076,31188,24524,31260,31261,28696,31462,32010,31491,32016,122,399,723,30297,32660,2566,4410,2603,4523,25456,4885,3774,3178,6637,7660,10402,10872,10998,11178,31548,212,2191
0	772	15397	2333,15352,27929,12076,31188,24524,31260,31261,28696,31462,32010,31491,32016,122,399,723,30297,32660,2566,4410,2603,4523,25456,4885,3774,3178,6637,7660,10402,10872,10998,11178,31548,212,2191,14221
0	772	15120	2333,15352,27929,12076,31188,24524,31260,31261,28696,31462,32010,31491,32016,122,399,723,30297,32660,2566,4410,2603,4523,25456,4885,3774,3178,6637,7660,10402,10872,10998,11178,31548,212,2191,14221
0	772	17804	2333,15352,27929,12076,31188,24524,31260,31261,28696,31462,32010,31491,32016,122,399,723,30297,32660,2566,4410,2603,4523,25456,4885,3774,3178,6637,7660,10402,10872,10998,11178,31548,212,2191,14221
1	772	21805	2333,15352,27929,12076,31188,24524,31260,31261,28696,31462,32010,31491,32016,122,399,723,30297,32660,2566,4410,2603,4523,25456,4885,3774,3178,6637,7660,10402,10872,10998,11178,31548,212,2191,14221
1	772	20851	2333,15352,27929,12076,31188,24524,31260,31261,28696,31462,32010,31491,32016,122,399,723,30297,32660,2566,4410,2603,4523,25456,4885,3774,3178,6637,7660,10402,10872,10998,11178,31548,212,2191,14221,21805
0	772	22789	2333,15352,27929,12076,31188,24524,31260,31261,28696,31462,32010,31491,32016,122,399,723,30297,32660,2566,4410,2603,4523,25456,4885,3774,3178,6637,7660,10402,10872,10998,11178,31548,212,2191,14221,21805,20851
1	772	5776	2333,15352,27929,12076,31188,24524,31260,31261,28696,31462,32010,31491,32016,122,399,723,30297,32660,2566,4410,2603,4523,25456,4885,3774,3178,6637,7660,10402,10872,10998,11178,31548,212,2191,14221,21805,20851
1	772	24987	2333,15352,27929,12076,31188,24524,31260,31261,28696,31462,32010,31491,32016,122,399,723,30297,32660,2566,4410,2603,4523,25456,4885,3774,3178,6637,7660,10402,10872,10998,11178,31548,212,2191,14221,21805,20851,5776
0	772	24016	2333,15352,27929,12076,31188,24524,31260,31261,28696,31462,32010,31491,32016,122,399,723,30297,32660,2566,4410,2603,4523,25456,4885,3774,3178,6637,7660,10402,10872,10998,11178,31548,212,2191,14221,21805,20851,5776,24987
0	772	24962	2333,15352,27929,12076,31188,24524,31260,31261,28696,31462,32010,31491,32016,122,399,723,30297,32660,2566,4410,2603,4523,25456,4885,3774,3178,6637,7660,10402,10872,10998,11178,31548,212,2191,14221,21805,20851,5776,24987
1	772	25545	2333,15352,27929,12076,31188,24524,31260,31261,28696,31462,32010,31491,32016,122,399,723,30297,32660,2566,4410,2603,4523,25456,4885,3774,3178,6637,7660,10402,10872,10998,11178,31548,212,2191,14221,21805,20851,5776,24987
0	772	21767	2333,15352,27929,12076,31188,24524,31260,31261,28696,31462,32010,31491,32016,122,399,723,30297,32660,2566,4410,2603,4523,25456,4885,3774,3178,6637,7660,10402,10872,10998,11178,31548,212,2191,14221,21805,20851,5776,24987,25545
0	772	28022	2333,15352,27929,12076,31188,24524,31260,31261,28696,31462,32010,31491,32016,122,399,723,30297,32660,2566,4410,2603,4523,25456,4885,3774,3178,6637,7660,10402,10872,10998,11178,31548,212,2191,14221,21805,20851,5776,24987,25545
0	772	28023	2333,15352,27929,12076,31188,24524,31260,31261,28696,31462,32010,31491,32016,122,399,723,30297,32660,2566,4410,2603,4523,25456,4885,3774,3178,6637,7660,10402,10872,10998,11178,31548,212,2191,14221,21805,20851,5776,24987,25545
1	772	28777	2333,15352,27929,12076,31188,24524,31260,31261,28696,31462,32010,31491,32016,122,399,723,30297,32660,2566,4410,2603,4523,25456,4885,3774,3178,6637,7660,10402,10872,10998,11178,31548,212,2191,14221,21805,20851,5776,24987,25545
1	772	29605	2333,15352,27929,12076,31188,24524,31260,31261,28696,31462,32010,31491,32016,122,399,723,30297,32660,2566,4410,2603,4523,25456,4885,3774,3178,6637,7660,10402,10872,10998,11178,31548,212,2191,14221,21805,20851,5776,24987,25545,28777
0	772	11042	2333,15352,27929,12076,31188,24524,31260,31261,28696,31462,32010,31491,32016,122,399,723,30297,32660,2566,4410,2603,4523,25456,4885,3774,3178,6637,7660,10402,10872,10998,11178,31548,212,2191,14221,21805,20851,5776,24987,25545,28777,29605
1	772	28231	2333,15352,27929,12076,31188,24524,31260,31261,28696,31462,32010,31491,32016,122,399,723,30297,32660,2566,4410,2603,4523,25456,4885,3774,3178,6637,7660,10402,10872,10998,11178,31548,212,2191,14221,21805,20851,5776,24987,25545,28777,29605
