1	1626	464	0
1	1626	9536	464
1	1626	31292	464,9536
1	1626	31837	464,9536,31292
0	1626	5036	464,9536,31292,31837
1	1626	9653	464,9536,31292,31837
0	1626	16752	464,9536,31292,31837,9653
1	1626	19571	464,9536,31292,31837,9653
1	1626	5808	464,9536,31292,31837,9653,19571
0	1626	7520	464,9536,31292,31837,9653,19571,5808
1	1626	18940	464,9536,31292,31837,9653,19571,5808
1	1626	22620	464,9536,31292,31837,9653,19571,5808,18940
1	1626	20944	464,9536,31292,31837,9653,19571,5808,18940,22620
0	1626	22399	464,9536,31292,31837,9653,19571,5808,18940,22620,20944
1	1626	25052	464,9536,31292,31837,9653,19571,5808,18940,22620,20944
0	1626	19261	464,9536,31292,31837,9653,19571,5808,18940,22620,20944,25052
1	1626	25111	464,9536,31292,31837,9653,19571,5808,18940,22620,20944,25052
1	1626	1136	464,9536,31292,31837,9653,19571,5808,18940,22620,20944,25052,25111
0	1626	6431	464,9536,31292,31837,9653,19571,5808,18940,22620,20944,25052,25111,1136
1	1626	11616	464,9536,31292,31837,9653,19571,5808,18940,22620,20944,25052,25111,1136
0	1626	21635	464,9536,31292,31837,9653,19571,5808,18940,22620,20944,25052,25111,1136,11616
0	1626	21637	464,9536,31292,31837,9653,19571,5808,18940,22620,20944,25052,25111,1136,11616
1	1626	22058	464,9536,31292,31837,9653,19571,5808,18940,22620,20944,25052,25111,1136,11616
0	1626	22962	464,9536,31292,31837,9653,19571,5808,18940,22620,20944,25052,25111,1136,11616,22058
0	1626	25809	464,9536,31292,31837,9653,19571,5808,18940,22620,20944,25052,25111,1136,11616,22058
0	1626	24333	464,9536,31292,31837,9653,19571,5808,18940,22620,20944,25052,25111,1136,11616,22058
0	1626	4319	464,9536,31292,31837,9653,19571,5808,18940,22620,20944,25052,25111,1136,11616,22058
0	1626	24462	464,9536,31292,31837,9653,19571,5808,18940,22620,20944,25052,25111,1136,11616,22058
0	1626	27044	464,9536,31292,31837,9653,19571,5808,18940,22620,20944,25052,25111,1136,11616,22058
1	1626	26230	464,9536,31292,31837,9653,19571,5808,18940,22620,20944,25052,25111,1136,11616,22058
0	1626	7094	464,9536,31292,31837,9653,19571,5808,18940,22620,20944,25052,25111,1136,11616,22058,26230
1	1626	28037	464,9536,31292,31837,9653,19571,5808,18940,22620,20944,25052,25111,1136,11616,22058,26230
1	1626	29149	464,9536,31292,31837,9653,19571,5808,18940,22620,20944,25052,25111,1136,11616,22058,26230,28037
0	1626	29245	464,9536,31292,31837,9653,19571,5808,18940,22620,20944,25052,25111,1136,11616,22058,26230,28037,29149
1	1626	25242	464,9536,31292,31837,9653,19571,5808,18940,22620,20944,25052,25111,1136,11616,22058,26230,28037,29149
