0	399	5517	0
1	399	20512	0
0	399	12800	20512
1	399	27817	20512
1	399	8350	20512,27817
1	399	10066	20512,27817,8350
1	399	16720	20512,27817,8350,10066
0	399	31636	20512,27817,8350,10066,16720
0	399	10207	20512,27817,8350,10066,16720
1	399	16726	20512,27817,8350,10066,16720
1	399	17610	20512,27817,8350,10066,16720,16726
1	399	18937	20512,27817,8350,10066,16720,16726,17610
1	399	22248	20512,27817,8350,10066,16720,16726,17610,18937
1	399	24381	20512,27817,8350,10066,16720,16726,17610,18937,22248
1	399	27104	20512,27817,8350,10066,16720,16726,17610,18937,22248,24381
