1	1652	32233	0
1	1652	27202	32233
1	1652	31317	32233,27202
1	1652	5565	32233,27202,31317
0	1652	4773	32233,27202,31317,5565
1	1652	3499	32233,27202,31317,5565
0	1652	6089	32233,27202,31317,5565,3499
0	1652	7715	32233,27202,31317,5565,3499
0	1652	6231	32233,27202,31317,5565,3499
0	1652	7195	32233,27202,31317,5565,3499
1	1652	6889	32233,27202,31317,5565,3499
0	1652	8511	32233,27202,31317,5565,3499,6889
0	1652	8659	32233,27202,31317,5565,3499,6889
1	1652	8724	32233,27202,31317,5565,3499,6889
0	1652	9462	32233,27202,31317,5565,3499,6889,8724
0	1652	28509	32233,27202,31317,5565,3499,6889,8724
1	1652	7634	32233,27202,31317,5565,3499,6889,8724
1	1652	16221	32233,27202,31317,5565,3499,6889,8724,7634
1	1652	14145	32233,27202,31317,5565,3499,6889,8724,7634,16221
1	1652	18680	32233,27202,31317,5565,3499,6889,8724,7634,16221,14145
1	1652	18903	32233,27202,31317,5565,3499,6889,8724,7634,16221,14145,18680
0	1652	10981	32233,27202,31317,5565,3499,6889,8724,7634,16221,14145,18680,18903
1	1652	14126	32233,27202,31317,5565,3499,6889,8724,7634,16221,14145,18680,18903
1	1652	15218	32233,27202,31317,5565,3499,6889,8724,7634,16221,14145,18680,18903,14126
1	1652	5596	32233,27202,31317,5565,3499,6889,8724,7634,16221,14145,18680,18903,14126,15218
0	1652	11547	32233,27202,31317,5565,3499,6889,8724,7634,16221,14145,18680,18903,14126,15218,5596
0	1652	20120	32233,27202,31317,5565,3499,6889,8724,7634,16221,14145,18680,18903,14126,15218,5596
0	1652	22358	32233,27202,31317,5565,3499,6889,8724,7634,16221,14145,18680,18903,14126,15218,5596
0	1652	22360	32233,27202,31317,5565,3499,6889,8724,7634,16221,14145,18680,18903,14126,15218,5596
0	1652	17674	32233,27202,31317,5565,3499,6889,8724,7634,16221,14145,18680,18903,14126,15218,5596
1	1652	21608	32233,27202,31317,5565,3499,6889,8724,7634,16221,14145,18680,18903,14126,15218,5596
0	1652	19471	32233,27202,31317,5565,3499,6889,8724,7634,16221,14145,18680,18903,14126,15218,5596,21608
1	1652	9021	32233,27202,31317,5565,3499,6889,8724,7634,16221,14145,18680,18903,14126,15218,5596,21608
1	1652	15447	32233,27202,31317,5565,3499,6889,8724,7634,16221,14145,18680,18903,14126,15218,5596,21608,9021
1	1652	21927	32233,27202,31317,5565,3499,6889,8724,7634,16221,14145,18680,18903,14126,15218,5596,21608,9021,15447
1	1652	23230	32233,27202,31317,5565,3499,6889,8724,7634,16221,14145,18680,18903,14126,15218,5596,21608,9021,15447,21927
0	1652	23669	32233,27202,31317,5565,3499,6889,8724,7634,16221,14145,18680,18903,14126,15218,5596,21608,9021,15447,21927,23230
0	1652	23760	32233,27202,31317,5565,3499,6889,8724,7634,16221,14145,18680,18903,14126,15218,5596,21608,9021,15447,21927,23230
1	1652	24463	32233,27202,31317,5565,3499,6889,8724,7634,16221,14145,18680,18903,14126,15218,5596,21608,9021,15447,21927,23230
1	1652	23768	32233,27202,31317,5565,3499,6889,8724,7634,16221,14145,18680,18903,14126,15218,5596,21608,9021,15447,21927,23230,24463
1	1652	25408	32233,27202,31317,5565,3499,6889,8724,7634,16221,14145,18680,18903,14126,15218,5596,21608,9021,15447,21927,23230,24463,23768
1	1652	26181	32233,27202,31317,5565,3499,6889,8724,7634,16221,14145,18680,18903,14126,15218,5596,21608,9021,15447,21927,23230,24463,23768,25408
0	1652	7051	32233,27202,31317,5565,3499,6889,8724,7634,16221,14145,18680,18903,14126,15218,5596,21608,9021,15447,21927,23230,24463,23768,25408,26181
1	1652	16814	32233,27202,31317,5565,3499,6889,8724,7634,16221,14145,18680,18903,14126,15218,5596,21608,9021,15447,21927,23230,24463,23768,25408,26181
1	1652	21483	32233,27202,31317,5565,3499,6889,8724,7634,16221,14145,18680,18903,14126,15218,5596,21608,9021,15447,21927,23230,24463,23768,25408,26181,16814
1	1652	22006	32233,27202,31317,5565,3499,6889,8724,7634,16221,14145,18680,18903,14126,15218,5596,21608,9021,15447,21927,23230,24463,23768,25408,26181,16814,21483
1	1652	22111	32233,27202,31317,5565,3499,6889,8724,7634,16221,14145,18680,18903,14126,15218,5596,21608,9021,15447,21927,23230,24463,23768,25408,26181,16814,21483,22006
0	1652	22217	32233,27202,31317,5565,3499,6889,8724,7634,16221,14145,18680,18903,14126,15218,5596,21608,9021,15447,21927,23230,24463,23768,25408,26181,16814,21483,22006,22111
0	1652	22817	32233,27202,31317,5565,3499,6889,8724,7634,16221,14145,18680,18903,14126,15218,5596,21608,9021,15447,21927,23230,24463,23768,25408,26181,16814,21483,22006,22111
1	1652	23453	32233,27202,31317,5565,3499,6889,8724,7634,16221,14145,18680,18903,14126,15218,5596,21608,9021,15447,21927,23230,24463,23768,25408,26181,16814,21483,22006,22111
0	1652	24386	32233,27202,31317,5565,3499,6889,8724,7634,16221,14145,18680,18903,14126,15218,5596,21608,9021,15447,21927,23230,24463,23768,25408,26181,16814,21483,22006,22111,23453
0	1652	25866	32233,27202,31317,5565,3499,6889,8724,7634,16221,14145,18680,18903,14126,15218,5596,21608,9021,15447,21927,23230,24463,23768,25408,26181,16814,21483,22006,22111,23453
1	1652	27117	32233,27202,31317,5565,3499,6889,8724,7634,16221,14145,18680,18903,14126,15218,5596,21608,9021,15447,21927,23230,24463,23768,25408,26181,16814,21483,22006,22111,23453
1	1652	27946	32233,27202,31317,5565,3499,6889,8724,7634,16221,14145,18680,18903,14126,15218,5596,21608,9021,15447,21927,23230,24463,23768,25408,26181,16814,21483,22006,22111,23453,27117
1	1652	25853	32233,27202,31317,5565,3499,6889,8724,7634,16221,14145,18680,18903,14126,15218,5596,21608,9021,15447,21927,23230,24463,23768,25408,26181,16814,21483,22006,22111,23453,27117,27946
1	1652	24097	32233,27202,31317,5565,3499,6889,8724,7634,16221,14145,18680,18903,14126,15218,5596,21608,9021,15447,21927,23230,24463,23768,25408,26181,16814,21483,22006,22111,23453,27117,27946,25853
1	1652	27879	32233,27202,31317,5565,3499,6889,8724,7634,16221,14145,18680,18903,14126,15218,5596,21608,9021,15447,21927,23230,24463,23768,25408,26181,16814,21483,22006,22111,23453,27117,27946,25853,24097
1	1652	28542	32233,27202,31317,5565,3499,6889,8724,7634,16221,14145,18680,18903,14126,15218,5596,21608,9021,15447,21927,23230,24463,23768,25408,26181,16814,21483,22006,22111,23453,27117,27946,25853,24097,27879
1	1652	28024	32233,27202,31317,5565,3499,6889,8724,7634,16221,14145,18680,18903,14126,15218,5596,21608,9021,15447,21927,23230,24463,23768,25408,26181,16814,21483,22006,22111,23453,27117,27946,25853,24097,27879,28542
0	1652	29236	32233,27202,31317,5565,3499,6889,8724,7634,16221,14145,18680,18903,14126,15218,5596,21608,9021,15447,21927,23230,24463,23768,25408,26181,16814,21483,22006,22111,23453,27117,27946,25853,24097,27879,28542,28024
1	1652	29395	32233,27202,31317,5565,3499,6889,8724,7634,16221,14145,18680,18903,14126,15218,5596,21608,9021,15447,21927,23230,24463,23768,25408,26181,16814,21483,22006,22111,23453,27117,27946,25853,24097,27879,28542,28024
