1	155	3656	0
1	155	18341	3656
0	155	31085	3656,18341
0	155	26586	3656,18341
0	155	2010	3656,18341
1	155	27347	3656,18341
0	155	3903	3656,18341,27347
0	155	4432	3656,18341,27347
0	155	4526	3656,18341,27347
0	155	4177	3656,18341,27347
0	155	5281	3656,18341,27347
0	155	2162	3656,18341,27347
0	155	4257	3656,18341,27347
0	155	6026	3656,18341,27347
0	155	6618	3656,18341,27347
0	155	32211	3656,18341,27347
1	155	6614	3656,18341,27347
0	155	3606	3656,18341,27347,6614
0	155	4129	3656,18341,27347,6614
0	155	6338	3656,18341,27347,6614
0	155	5116	3656,18341,27347,6614
1	155	31910	3656,18341,27347,6614
0	155	9439	3656,18341,27347,6614,31910
1	155	32574	3656,18341,27347,6614,31910
0	155	9903	3656,18341,27347,6614,31910,32574
0	155	9908	3656,18341,27347,6614,31910,32574
0	155	13205	3656,18341,27347,6614,31910,32574
0	155	4209	3656,18341,27347,6614,31910,32574
0	155	10921	3656,18341,27347,6614,31910,32574
1	155	14934	3656,18341,27347,6614,31910,32574
0	155	15325	3656,18341,27347,6614,31910,32574,14934
0	155	245	3656,18341,27347,6614,31910,32574,14934
0	155	1129	3656,18341,27347,6614,31910,32574,14934
0	155	15216	3656,18341,27347,6614,31910,32574,14934
0	155	9702	3656,18341,27347,6614,31910,32574,14934
1	155	15796	3656,18341,27347,6614,31910,32574,14934
0	155	15337	3656,18341,27347,6614,31910,32574,14934,15796
0	155	16862	3656,18341,27347,6614,31910,32574,14934,15796
0	155	15858	3656,18341,27347,6614,31910,32574,14934,15796
0	155	16262	3656,18341,27347,6614,31910,32574,14934,15796
0	155	18936	3656,18341,27347,6614,31910,32574,14934,15796
0	155	17011	3656,18341,27347,6614,31910,32574,14934,15796
0	155	19374	3656,18341,27347,6614,31910,32574,14934,15796
0	155	21855	3656,18341,27347,6614,31910,32574,14934,15796
0	155	18382	3656,18341,27347,6614,31910,32574,14934,15796
0	155	21241	3656,18341,27347,6614,31910,32574,14934,15796
0	155	24181	3656,18341,27347,6614,31910,32574,14934,15796
0	155	12486	3656,18341,27347,6614,31910,32574,14934,15796
0	155	32027	3656,18341,27347,6614,31910,32574,14934,15796
0	155	23491	3656,18341,27347,6614,31910,32574,14934,15796
0	155	25653	3656,18341,27347,6614,31910,32574,14934,15796
0	155	19612	3656,18341,27347,6614,31910,32574,14934,15796
0	155	25476	3656,18341,27347,6614,31910,32574,14934,15796
0	155	16049	3656,18341,27347,6614,31910,32574,14934,15796
0	155	20338	3656,18341,27347,6614,31910,32574,14934,15796
0	155	19989	3656,18341,27347,6614,31910,32574,14934,15796
0	155	23754	3656,18341,27347,6614,31910,32574,14934,15796
0	155	24748	3656,18341,27347,6614,31910,32574,14934,15796
0	155	21225	3656,18341,27347,6614,31910,32574,14934,15796
0	155	25825	3656,18341,27347,6614,31910,32574,14934,15796
0	155	26941	3656,18341,27347,6614,31910,32574,14934,15796
0	155	27810	3656,18341,27347,6614,31910,32574,14934,15796
0	155	14365	3656,18341,27347,6614,31910,32574,14934,15796
0	155	21219	3656,18341,27347,6614,31910,32574,14934,15796
0	155	18381	3656,18341,27347,6614,31910,32574,14934,15796
0	155	11261	3656,18341,27347,6614,31910,32574,14934,15796
0	155	20612	3656,18341,27347,6614,31910,32574,14934,15796
0	155	28594	3656,18341,27347,6614,31910,32574,14934,15796
