1	565	33073	0
1	565	1540	33073
1	565	1582	33073,1540
1	565	167	33073,1540,1582
1	565	80	33073,1540,1582,167
0	565	13760	33073,1540,1582,167,80
0	565	2828	33073,1540,1582,167,80
1	565	9977	33073,1540,1582,167,80
1	565	6285	33073,1540,1582,167,80,9977
1	565	6600	33073,1540,1582,167,80,9977,6285
1	565	31867	33073,1540,1582,167,80,9977,6285,6600
1	565	32721	33073,1540,1582,167,80,9977,6285,6600,31867
1	565	543	33073,1540,1582,167,80,9977,6285,6600,31867,32721
1	565	2016	33073,1540,1582,167,80,9977,6285,6600,31867,32721,543
1	565	9870	33073,1540,1582,167,80,9977,6285,6600,31867,32721,543,2016
1	565	12513	33073,1540,1582,167,80,9977,6285,6600,31867,32721,543,2016,9870
0	565	17303	33073,1540,1582,167,80,9977,6285,6600,31867,32721,543,2016,9870,12513
0	565	5726	33073,1540,1582,167,80,9977,6285,6600,31867,32721,543,2016,9870,12513
0	565	18648	33073,1540,1582,167,80,9977,6285,6600,31867,32721,543,2016,9870,12513
1	565	1828	33073,1540,1582,167,80,9977,6285,6600,31867,32721,543,2016,9870,12513
1	565	11763	33073,1540,1582,167,80,9977,6285,6600,31867,32721,543,2016,9870,12513,1828
1	565	9585	33073,1540,1582,167,80,9977,6285,6600,31867,32721,543,2016,9870,12513,1828,11763
1	565	18791	33073,1540,1582,167,80,9977,6285,6600,31867,32721,543,2016,9870,12513,1828,11763,9585
0	565	1440	33073,1540,1582,167,80,9977,6285,6600,31867,32721,543,2016,9870,12513,1828,11763,9585,18791
0	565	7716	33073,1540,1582,167,80,9977,6285,6600,31867,32721,543,2016,9870,12513,1828,11763,9585,18791
0	565	7718	33073,1540,1582,167,80,9977,6285,6600,31867,32721,543,2016,9870,12513,1828,11763,9585,18791
0	565	12638	33073,1540,1582,167,80,9977,6285,6600,31867,32721,543,2016,9870,12513,1828,11763,9585,18791
0	565	1107	33073,1540,1582,167,80,9977,6285,6600,31867,32721,543,2016,9870,12513,1828,11763,9585,18791
0	565	20434	33073,1540,1582,167,80,9977,6285,6600,31867,32721,543,2016,9870,12513,1828,11763,9585,18791
0	565	27639	33073,1540,1582,167,80,9977,6285,6600,31867,32721,543,2016,9870,12513,1828,11763,9585,18791
0	565	32946	33073,1540,1582,167,80,9977,6285,6600,31867,32721,543,2016,9870,12513,1828,11763,9585,18791
0	565	33047	33073,1540,1582,167,80,9977,6285,6600,31867,32721,543,2016,9870,12513,1828,11763,9585,18791
1	565	6935	33073,1540,1582,167,80,9977,6285,6600,31867,32721,543,2016,9870,12513,1828,11763,9585,18791
1	565	15309	33073,1540,1582,167,80,9977,6285,6600,31867,32721,543,2016,9870,12513,1828,11763,9585,18791,6935
1	565	24000	33073,1540,1582,167,80,9977,6285,6600,31867,32721,543,2016,9870,12513,1828,11763,9585,18791,6935,15309
1	565	24282	33073,1540,1582,167,80,9977,6285,6600,31867,32721,543,2016,9870,12513,1828,11763,9585,18791,6935,15309,24000
1	565	25815	33073,1540,1582,167,80,9977,6285,6600,31867,32721,543,2016,9870,12513,1828,11763,9585,18791,6935,15309,24000,24282
0	565	18833	33073,1540,1582,167,80,9977,6285,6600,31867,32721,543,2016,9870,12513,1828,11763,9585,18791,6935,15309,24000,24282,25815
0	565	19528	33073,1540,1582,167,80,9977,6285,6600,31867,32721,543,2016,9870,12513,1828,11763,9585,18791,6935,15309,24000,24282,25815
0	565	18720	33073,1540,1582,167,80,9977,6285,6600,31867,32721,543,2016,9870,12513,1828,11763,9585,18791,6935,15309,24000,24282,25815
