1	779	6396	0
1	779	11630	6396
1	779	6395	6396,11630
1	779	13055	6396,11630,6395
1	779	31411	6396,11630,6395,13055
1	779	6741	6396,11630,6395,13055,31411
1	779	9968	6396,11630,6395,13055,31411,6741
1	779	10980	6396,11630,6395,13055,31411,6741,9968
1	779	13111	6396,11630,6395,13055,31411,6741,9968,10980
1	779	2312	6396,11630,6395,13055,31411,6741,9968,10980,13111
1	779	9870	6396,11630,6395,13055,31411,6741,9968,10980,13111,2312
1	779	2489	6396,11630,6395,13055,31411,6741,9968,10980,13111,2312,9870
1	779	9663	6396,11630,6395,13055,31411,6741,9968,10980,13111,2312,9870,2489
0	779	22250	6396,11630,6395,13055,31411,6741,9968,10980,13111,2312,9870,2489,9663
1	779	13716	6396,11630,6395,13055,31411,6741,9968,10980,13111,2312,9870,2489,9663
0	779	9824	6396,11630,6395,13055,31411,6741,9968,10980,13111,2312,9870,2489,9663,13716
1	779	15187	6396,11630,6395,13055,31411,6741,9968,10980,13111,2312,9870,2489,9663,13716
1	779	21449	6396,11630,6395,13055,31411,6741,9968,10980,13111,2312,9870,2489,9663,13716,15187
1	779	3810	6396,11630,6395,13055,31411,6741,9968,10980,13111,2312,9870,2489,9663,13716,15187,21449
1	779	18165	6396,11630,6395,13055,31411,6741,9968,10980,13111,2312,9870,2489,9663,13716,15187,21449,3810
0	779	22267	6396,11630,6395,13055,31411,6741,9968,10980,13111,2312,9870,2489,9663,13716,15187,21449,3810,18165
1	779	6677	6396,11630,6395,13055,31411,6741,9968,10980,13111,2312,9870,2489,9663,13716,15187,21449,3810,18165
1	779	14303	6396,11630,6395,13055,31411,6741,9968,10980,13111,2312,9870,2489,9663,13716,15187,21449,3810,18165,6677
1	779	14757	6396,11630,6395,13055,31411,6741,9968,10980,13111,2312,9870,2489,9663,13716,15187,21449,3810,18165,6677,14303
1	779	21974	6396,11630,6395,13055,31411,6741,9968,10980,13111,2312,9870,2489,9663,13716,15187,21449,3810,18165,6677,14303,14757
1	779	18078	6396,11630,6395,13055,31411,6741,9968,10980,13111,2312,9870,2489,9663,13716,15187,21449,3810,18165,6677,14303,14757,21974
1	779	9852	6396,11630,6395,13055,31411,6741,9968,10980,13111,2312,9870,2489,9663,13716,15187,21449,3810,18165,6677,14303,14757,21974,18078
1	779	13392	6396,11630,6395,13055,31411,6741,9968,10980,13111,2312,9870,2489,9663,13716,15187,21449,3810,18165,6677,14303,14757,21974,18078,9852
0	779	26259	6396,11630,6395,13055,31411,6741,9968,10980,13111,2312,9870,2489,9663,13716,15187,21449,3810,18165,6677,14303,14757,21974,18078,9852,13392
1	779	33093	6396,11630,6395,13055,31411,6741,9968,10980,13111,2312,9870,2489,9663,13716,15187,21449,3810,18165,6677,14303,14757,21974,18078,9852,13392
1	779	4968	6396,11630,6395,13055,31411,6741,9968,10980,13111,2312,9870,2489,9663,13716,15187,21449,3810,18165,6677,14303,14757,21974,18078,9852,13392,33093
1	779	13730	6396,11630,6395,13055,31411,6741,9968,10980,13111,2312,9870,2489,9663,13716,15187,21449,3810,18165,6677,14303,14757,21974,18078,9852,13392,33093,4968
1	779	16726	6396,11630,6395,13055,31411,6741,9968,10980,13111,2312,9870,2489,9663,13716,15187,21449,3810,18165,6677,14303,14757,21974,18078,9852,13392,33093,4968,13730
1	779	18326	6396,11630,6395,13055,31411,6741,9968,10980,13111,2312,9870,2489,9663,13716,15187,21449,3810,18165,6677,14303,14757,21974,18078,9852,13392,33093,4968,13730,16726
1	779	21000	6396,11630,6395,13055,31411,6741,9968,10980,13111,2312,9870,2489,9663,13716,15187,21449,3810,18165,6677,14303,14757,21974,18078,9852,13392,33093,4968,13730,16726,18326
1	779	24108	6396,11630,6395,13055,31411,6741,9968,10980,13111,2312,9870,2489,9663,13716,15187,21449,3810,18165,6677,14303,14757,21974,18078,9852,13392,33093,4968,13730,16726,18326,21000
1	779	24160	6396,11630,6395,13055,31411,6741,9968,10980,13111,2312,9870,2489,9663,13716,15187,21449,3810,18165,6677,14303,14757,21974,18078,9852,13392,33093,4968,13730,16726,18326,21000,24108
1	779	25013	6396,11630,6395,13055,31411,6741,9968,10980,13111,2312,9870,2489,9663,13716,15187,21449,3810,18165,6677,14303,14757,21974,18078,9852,13392,33093,4968,13730,16726,18326,21000,24108,24160
1	779	26061	6396,11630,6395,13055,31411,6741,9968,10980,13111,2312,9870,2489,9663,13716,15187,21449,3810,18165,6677,14303,14757,21974,18078,9852,13392,33093,4968,13730,16726,18326,21000,24108,24160,25013
1	779	26971	6396,11630,6395,13055,31411,6741,9968,10980,13111,2312,9870,2489,9663,13716,15187,21449,3810,18165,6677,14303,14757,21974,18078,9852,13392,33093,4968,13730,16726,18326,21000,24108,24160,25013,26061
1	779	27401	6396,11630,6395,13055,31411,6741,9968,10980,13111,2312,9870,2489,9663,13716,15187,21449,3810,18165,6677,14303,14757,21974,18078,9852,13392,33093,4968,13730,16726,18326,21000,24108,24160,25013,26061,26971
