1	1679	31144	0
1	1679	28743	31144
1	1679	31653	31144,28743
0	1679	4773	31144,28743,31653
0	1679	7041	31144,28743,31653
0	1679	8891	31144,28743,31653
1	1679	13227	31144,28743,31653
1	1679	14046	31144,28743,31653,13227
0	1679	13381	31144,28743,31653,13227,14046
1	1679	13801	31144,28743,31653,13227,14046
0	1679	12111	31144,28743,31653,13227,14046,13801
0	1679	12689	31144,28743,31653,13227,14046,13801
0	1679	11221	31144,28743,31653,13227,14046,13801
1	1679	12451	31144,28743,31653,13227,14046,13801
1	1679	10088	31144,28743,31653,13227,14046,13801,12451
0	1679	13866	31144,28743,31653,13227,14046,13801,12451,10088
1	1679	11958	31144,28743,31653,13227,14046,13801,12451,10088
1	1679	15349	31144,28743,31653,13227,14046,13801,12451,10088,11958
1	1679	16449	31144,28743,31653,13227,14046,13801,12451,10088,11958,15349
1	1679	17105	31144,28743,31653,13227,14046,13801,12451,10088,11958,15349,16449
0	1679	15674	31144,28743,31653,13227,14046,13801,12451,10088,11958,15349,16449,17105
0	1679	17045	31144,28743,31653,13227,14046,13801,12451,10088,11958,15349,16449,17105
0	1679	14474	31144,28743,31653,13227,14046,13801,12451,10088,11958,15349,16449,17105
0	1679	18278	31144,28743,31653,13227,14046,13801,12451,10088,11958,15349,16449,17105
1	1679	18793	31144,28743,31653,13227,14046,13801,12451,10088,11958,15349,16449,17105
1	1679	19822	31144,28743,31653,13227,14046,13801,12451,10088,11958,15349,16449,17105,18793
0	1679	17035	31144,28743,31653,13227,14046,13801,12451,10088,11958,15349,16449,17105,18793,19822
1	1679	19041	31144,28743,31653,13227,14046,13801,12451,10088,11958,15349,16449,17105,18793,19822
0	1679	20825	31144,28743,31653,13227,14046,13801,12451,10088,11958,15349,16449,17105,18793,19822,19041
0	1679	19733	31144,28743,31653,13227,14046,13801,12451,10088,11958,15349,16449,17105,18793,19822,19041
0	1679	20210	31144,28743,31653,13227,14046,13801,12451,10088,11958,15349,16449,17105,18793,19822,19041
0	1679	19569	31144,28743,31653,13227,14046,13801,12451,10088,11958,15349,16449,17105,18793,19822,19041
1	1679	13830	31144,28743,31653,13227,14046,13801,12451,10088,11958,15349,16449,17105,18793,19822,19041
0	1679	19653	31144,28743,31653,13227,14046,13801,12451,10088,11958,15349,16449,17105,18793,19822,19041,13830
0	1679	22816	31144,28743,31653,13227,14046,13801,12451,10088,11958,15349,16449,17105,18793,19822,19041,13830
1	1679	22467	31144,28743,31653,13227,14046,13801,12451,10088,11958,15349,16449,17105,18793,19822,19041,13830
0	1679	16814	31144,28743,31653,13227,14046,13801,12451,10088,11958,15349,16449,17105,18793,19822,19041,13830,22467
0	1679	21006	31144,28743,31653,13227,14046,13801,12451,10088,11958,15349,16449,17105,18793,19822,19041,13830,22467
1	1679	23451	31144,28743,31653,13227,14046,13801,12451,10088,11958,15349,16449,17105,18793,19822,19041,13830,22467
1	1679	24097	31144,28743,31653,13227,14046,13801,12451,10088,11958,15349,16449,17105,18793,19822,19041,13830,22467,23451
1	1679	24547	31144,28743,31653,13227,14046,13801,12451,10088,11958,15349,16449,17105,18793,19822,19041,13830,22467,23451,24097
1	1679	22860	31144,28743,31653,13227,14046,13801,12451,10088,11958,15349,16449,17105,18793,19822,19041,13830,22467,23451,24097,24547
0	1679	23154	31144,28743,31653,13227,14046,13801,12451,10088,11958,15349,16449,17105,18793,19822,19041,13830,22467,23451,24097,24547,22860
1	1679	23453	31144,28743,31653,13227,14046,13801,12451,10088,11958,15349,16449,17105,18793,19822,19041,13830,22467,23451,24097,24547,22860
0	1679	15615	31144,28743,31653,13227,14046,13801,12451,10088,11958,15349,16449,17105,18793,19822,19041,13830,22467,23451,24097,24547,22860,23453
0	1679	23780	31144,28743,31653,13227,14046,13801,12451,10088,11958,15349,16449,17105,18793,19822,19041,13830,22467,23451,24097,24547,22860,23453
1	1679	24459	31144,28743,31653,13227,14046,13801,12451,10088,11958,15349,16449,17105,18793,19822,19041,13830,22467,23451,24097,24547,22860,23453
1	1679	25915	31144,28743,31653,13227,14046,13801,12451,10088,11958,15349,16449,17105,18793,19822,19041,13830,22467,23451,24097,24547,22860,23453,24459
0	1679	27435	31144,28743,31653,13227,14046,13801,12451,10088,11958,15349,16449,17105,18793,19822,19041,13830,22467,23451,24097,24547,22860,23453,24459,25915
0	1679	26824	31144,28743,31653,13227,14046,13801,12451,10088,11958,15349,16449,17105,18793,19822,19041,13830,22467,23451,24097,24547,22860,23453,24459,25915
1	1679	26764	31144,28743,31653,13227,14046,13801,12451,10088,11958,15349,16449,17105,18793,19822,19041,13830,22467,23451,24097,24547,22860,23453,24459,25915
1	1679	24048	31144,28743,31653,13227,14046,13801,12451,10088,11958,15349,16449,17105,18793,19822,19041,13830,22467,23451,24097,24547,22860,23453,24459,25915,26764
1	1679	27999	31144,28743,31653,13227,14046,13801,12451,10088,11958,15349,16449,17105,18793,19822,19041,13830,22467,23451,24097,24547,22860,23453,24459,25915,26764,24048
1	1679	28071	31144,28743,31653,13227,14046,13801,12451,10088,11958,15349,16449,17105,18793,19822,19041,13830,22467,23451,24097,24547,22860,23453,24459,25915,26764,24048,27999
1	1679	27390	31144,28743,31653,13227,14046,13801,12451,10088,11958,15349,16449,17105,18793,19822,19041,13830,22467,23451,24097,24547,22860,23453,24459,25915,26764,24048,27999,28071
1	1679	3749	31144,28743,31653,13227,14046,13801,12451,10088,11958,15349,16449,17105,18793,19822,19041,13830,22467,23451,24097,24547,22860,23453,24459,25915,26764,24048,27999,28071,27390
0	1679	26054	31144,28743,31653,13227,14046,13801,12451,10088,11958,15349,16449,17105,18793,19822,19041,13830,22467,23451,24097,24547,22860,23453,24459,25915,26764,24048,27999,28071,27390,3749
1	1679	28984	31144,28743,31653,13227,14046,13801,12451,10088,11958,15349,16449,17105,18793,19822,19041,13830,22467,23451,24097,24547,22860,23453,24459,25915,26764,24048,27999,28071,27390,3749
1	1679	28878	31144,28743,31653,13227,14046,13801,12451,10088,11958,15349,16449,17105,18793,19822,19041,13830,22467,23451,24097,24547,22860,23453,24459,25915,26764,24048,27999,28071,27390,3749,28984
1	1679	28905	31144,28743,31653,13227,14046,13801,12451,10088,11958,15349,16449,17105,18793,19822,19041,13830,22467,23451,24097,24547,22860,23453,24459,25915,26764,24048,27999,28071,27390,3749,28984,28878
0	1679	29274	31144,28743,31653,13227,14046,13801,12451,10088,11958,15349,16449,17105,18793,19822,19041,13830,22467,23451,24097,24547,22860,23453,24459,25915,26764,24048,27999,28071,27390,3749,28984,28878,28905
