1	658	4605	0
1	658	31464	4605
1	658	301	4605,31464
1	658	17876	4605,31464,301
1	658	32763	4605,31464,301,17876
1	658	31179	4605,31464,301,17876,32763
1	658	1167	4605,31464,301,17876,32763,31179
1	658	2982	4605,31464,301,17876,32763,31179,1167
0	658	2726	4605,31464,301,17876,32763,31179,1167,2982
1	658	32528	4605,31464,301,17876,32763,31179,1167,2982
0	658	26227	4605,31464,301,17876,32763,31179,1167,2982,32528
0	658	1841	4605,31464,301,17876,32763,31179,1167,2982,32528
1	658	835	4605,31464,301,17876,32763,31179,1167,2982,32528
1	658	1469	4605,31464,301,17876,32763,31179,1167,2982,32528,835
0	658	32350	4605,31464,301,17876,32763,31179,1167,2982,32528,835,1469
0	658	1637	4605,31464,301,17876,32763,31179,1167,2982,32528,835,1469
1	658	368	4605,31464,301,17876,32763,31179,1167,2982,32528,835,1469
1	658	2360	4605,31464,301,17876,32763,31179,1167,2982,32528,835,1469,368
0	658	2880	4605,31464,301,17876,32763,31179,1167,2982,32528,835,1469,368,2360
1	658	32506	4605,31464,301,17876,32763,31179,1167,2982,32528,835,1469,368,2360
0	658	5975	4605,31464,301,17876,32763,31179,1167,2982,32528,835,1469,368,2360,32506
1	658	5818	4605,31464,301,17876,32763,31179,1167,2982,32528,835,1469,368,2360,32506
0	658	31597	4605,31464,301,17876,32763,31179,1167,2982,32528,835,1469,368,2360,32506,5818
1	658	2809	4605,31464,301,17876,32763,31179,1167,2982,32528,835,1469,368,2360,32506,5818
0	658	31560	4605,31464,301,17876,32763,31179,1167,2982,32528,835,1469,368,2360,32506,5818,2809
0	658	340	4605,31464,301,17876,32763,31179,1167,2982,32528,835,1469,368,2360,32506,5818,2809
0	658	9224	4605,31464,301,17876,32763,31179,1167,2982,32528,835,1469,368,2360,32506,5818,2809
0	658	6390	4605,31464,301,17876,32763,31179,1167,2982,32528,835,1469,368,2360,32506,5818,2809
1	658	9354	4605,31464,301,17876,32763,31179,1167,2982,32528,835,1469,368,2360,32506,5818,2809
0	658	9380	4605,31464,301,17876,32763,31179,1167,2982,32528,835,1469,368,2360,32506,5818,2809,9354
0	658	6107	4605,31464,301,17876,32763,31179,1167,2982,32528,835,1469,368,2360,32506,5818,2809,9354
1	658	27102	4605,31464,301,17876,32763,31179,1167,2982,32528,835,1469,368,2360,32506,5818,2809,9354
1	658	9816	4605,31464,301,17876,32763,31179,1167,2982,32528,835,1469,368,2360,32506,5818,2809,9354,27102
0	658	4583	4605,31464,301,17876,32763,31179,1167,2982,32528,835,1469,368,2360,32506,5818,2809,9354,27102,9816
0	658	8937	4605,31464,301,17876,32763,31179,1167,2982,32528,835,1469,368,2360,32506,5818,2809,9354,27102,9816
1	658	8018	4605,31464,301,17876,32763,31179,1167,2982,32528,835,1469,368,2360,32506,5818,2809,9354,27102,9816
0	658	3039	4605,31464,301,17876,32763,31179,1167,2982,32528,835,1469,368,2360,32506,5818,2809,9354,27102,9816,8018
0	658	6434	4605,31464,301,17876,32763,31179,1167,2982,32528,835,1469,368,2360,32506,5818,2809,9354,27102,9816,8018
1	658	8290	4605,31464,301,17876,32763,31179,1167,2982,32528,835,1469,368,2360,32506,5818,2809,9354,27102,9816,8018
0	658	703	4605,31464,301,17876,32763,31179,1167,2982,32528,835,1469,368,2360,32506,5818,2809,9354,27102,9816,8018,8290
0	658	10813	4605,31464,301,17876,32763,31179,1167,2982,32528,835,1469,368,2360,32506,5818,2809,9354,27102,9816,8018,8290
0	658	7727	4605,31464,301,17876,32763,31179,1167,2982,32528,835,1469,368,2360,32506,5818,2809,9354,27102,9816,8018,8290
0	658	11389	4605,31464,301,17876,32763,31179,1167,2982,32528,835,1469,368,2360,32506,5818,2809,9354,27102,9816,8018,8290
1	658	15674	4605,31464,301,17876,32763,31179,1167,2982,32528,835,1469,368,2360,32506,5818,2809,9354,27102,9816,8018,8290
0	658	15646	4605,31464,301,17876,32763,31179,1167,2982,32528,835,1469,368,2360,32506,5818,2809,9354,27102,9816,8018,8290,15674
1	658	14947	4605,31464,301,17876,32763,31179,1167,2982,32528,835,1469,368,2360,32506,5818,2809,9354,27102,9816,8018,8290,15674
1	658	16261	4605,31464,301,17876,32763,31179,1167,2982,32528,835,1469,368,2360,32506,5818,2809,9354,27102,9816,8018,8290,15674,14947
1	658	19775	4605,31464,301,17876,32763,31179,1167,2982,32528,835,1469,368,2360,32506,5818,2809,9354,27102,9816,8018,8290,15674,14947,16261
1	658	14375	4605,31464,301,17876,32763,31179,1167,2982,32528,835,1469,368,2360,32506,5818,2809,9354,27102,9816,8018,8290,15674,14947,16261,19775
0	658	19236	4605,31464,301,17876,32763,31179,1167,2982,32528,835,1469,368,2360,32506,5818,2809,9354,27102,9816,8018,8290,15674,14947,16261,19775,14375
0	658	17760	4605,31464,301,17876,32763,31179,1167,2982,32528,835,1469,368,2360,32506,5818,2809,9354,27102,9816,8018,8290,15674,14947,16261,19775,14375
1	658	6192	4605,31464,301,17876,32763,31179,1167,2982,32528,835,1469,368,2360,32506,5818,2809,9354,27102,9816,8018,8290,15674,14947,16261,19775,14375
1	658	20793	4605,31464,301,17876,32763,31179,1167,2982,32528,835,1469,368,2360,32506,5818,2809,9354,27102,9816,8018,8290,15674,14947,16261,19775,14375,6192
0	658	21247	4605,31464,301,17876,32763,31179,1167,2982,32528,835,1469,368,2360,32506,5818,2809,9354,27102,9816,8018,8290,15674,14947,16261,19775,14375,6192,20793
0	658	20658	4605,31464,301,17876,32763,31179,1167,2982,32528,835,1469,368,2360,32506,5818,2809,9354,27102,9816,8018,8290,15674,14947,16261,19775,14375,6192,20793
1	658	9188	4605,31464,301,17876,32763,31179,1167,2982,32528,835,1469,368,2360,32506,5818,2809,9354,27102,9816,8018,8290,15674,14947,16261,19775,14375,6192,20793
1	658	4059	4605,31464,301,17876,32763,31179,1167,2982,32528,835,1469,368,2360,32506,5818,2809,9354,27102,9816,8018,8290,15674,14947,16261,19775,14375,6192,20793,9188
0	658	20980	4605,31464,301,17876,32763,31179,1167,2982,32528,835,1469,368,2360,32506,5818,2809,9354,27102,9816,8018,8290,15674,14947,16261,19775,14375,6192,20793,9188,4059
0	658	10665	4605,31464,301,17876,32763,31179,1167,2982,32528,835,1469,368,2360,32506,5818,2809,9354,27102,9816,8018,8290,15674,14947,16261,19775,14375,6192,20793,9188,4059
1	658	30938	4605,31464,301,17876,32763,31179,1167,2982,32528,835,1469,368,2360,32506,5818,2809,9354,27102,9816,8018,8290,15674,14947,16261,19775,14375,6192,20793,9188,4059
1	658	15634	4605,31464,301,17876,32763,31179,1167,2982,32528,835,1469,368,2360,32506,5818,2809,9354,27102,9816,8018,8290,15674,14947,16261,19775,14375,6192,20793,9188,4059,30938
1	658	24434	4605,31464,301,17876,32763,31179,1167,2982,32528,835,1469,368,2360,32506,5818,2809,9354,27102,9816,8018,8290,15674,14947,16261,19775,14375,6192,20793,9188,4059,30938,15634
0	658	23436	4605,31464,301,17876,32763,31179,1167,2982,32528,835,1469,368,2360,32506,5818,2809,9354,27102,9816,8018,8290,15674,14947,16261,19775,14375,6192,20793,9188,4059,30938,15634,24434
0	658	23353	4605,31464,301,17876,32763,31179,1167,2982,32528,835,1469,368,2360,32506,5818,2809,9354,27102,9816,8018,8290,15674,14947,16261,19775,14375,6192,20793,9188,4059,30938,15634,24434
1	658	27065	4605,31464,301,17876,32763,31179,1167,2982,32528,835,1469,368,2360,32506,5818,2809,9354,27102,9816,8018,8290,15674,14947,16261,19775,14375,6192,20793,9188,4059,30938,15634,24434
1	658	18403	4605,31464,301,17876,32763,31179,1167,2982,32528,835,1469,368,2360,32506,5818,2809,9354,27102,9816,8018,8290,15674,14947,16261,19775,14375,6192,20793,9188,4059,30938,15634,24434,27065
0	658	26872	4605,31464,301,17876,32763,31179,1167,2982,32528,835,1469,368,2360,32506,5818,2809,9354,27102,9816,8018,8290,15674,14947,16261,19775,14375,6192,20793,9188,4059,30938,15634,24434,27065,18403
0	658	26727	4605,31464,301,17876,32763,31179,1167,2982,32528,835,1469,368,2360,32506,5818,2809,9354,27102,9816,8018,8290,15674,14947,16261,19775,14375,6192,20793,9188,4059,30938,15634,24434,27065,18403
0	658	27690	4605,31464,301,17876,32763,31179,1167,2982,32528,835,1469,368,2360,32506,5818,2809,9354,27102,9816,8018,8290,15674,14947,16261,19775,14375,6192,20793,9188,4059,30938,15634,24434,27065,18403
1	658	27953	4605,31464,301,17876,32763,31179,1167,2982,32528,835,1469,368,2360,32506,5818,2809,9354,27102,9816,8018,8290,15674,14947,16261,19775,14375,6192,20793,9188,4059,30938,15634,24434,27065,18403
0	658	18100	4605,31464,301,17876,32763,31179,1167,2982,32528,835,1469,368,2360,32506,5818,2809,9354,27102,9816,8018,8290,15674,14947,16261,19775,14375,6192,20793,9188,4059,30938,15634,24434,27065,18403,27953
1	658	24514	4605,31464,301,17876,32763,31179,1167,2982,32528,835,1469,368,2360,32506,5818,2809,9354,27102,9816,8018,8290,15674,14947,16261,19775,14375,6192,20793,9188,4059,30938,15634,24434,27065,18403,27953
0	658	27377	4605,31464,301,17876,32763,31179,1167,2982,32528,835,1469,368,2360,32506,5818,2809,9354,27102,9816,8018,8290,15674,14947,16261,19775,14375,6192,20793,9188,4059,30938,15634,24434,27065,18403,27953,24514
0	658	28015	4605,31464,301,17876,32763,31179,1167,2982,32528,835,1469,368,2360,32506,5818,2809,9354,27102,9816,8018,8290,15674,14947,16261,19775,14375,6192,20793,9188,4059,30938,15634,24434,27065,18403,27953,24514
