0	468	12446	0
1	468	10865	0
0	468	14150	10865
1	468	16869	10865
1	468	23766	10865,16869
0	468	24580	10865,16869,23766
1	468	25346	10865,16869,23766
0	468	25349	10865,16869,23766,25346
1	468	32224	10865,16869,23766,25346
0	468	26312	10865,16869,23766,25346,32224
0	468	11304	10865,16869,23766,25346,32224
1	468	7673	10865,16869,23766,25346,32224
1	468	13773	10865,16869,23766,25346,32224,7673
1	468	2353	10865,16869,23766,25346,32224,7673,13773
1	468	26517	10865,16869,23766,25346,32224,7673,13773,2353
1	468	26301	10865,16869,23766,25346,32224,7673,13773,2353,26517
1	468	27848	10865,16869,23766,25346,32224,7673,13773,2353,26517,26301
1	468	24952	10865,16869,23766,25346,32224,7673,13773,2353,26517,26301,27848
1	468	25628	10865,16869,23766,25346,32224,7673,13773,2353,26517,26301,27848,24952
1	468	7693	10865,16869,23766,25346,32224,7673,13773,2353,26517,26301,27848,24952,25628
0	468	21807	10865,16869,23766,25346,32224,7673,13773,2353,26517,26301,27848,24952,25628,7693
1	468	3045	10865,16869,23766,25346,32224,7673,13773,2353,26517,26301,27848,24952,25628,7693
1	468	17907	10865,16869,23766,25346,32224,7673,13773,2353,26517,26301,27848,24952,25628,7693,3045
1	468	21339	10865,16869,23766,25346,32224,7673,13773,2353,26517,26301,27848,24952,25628,7693,3045,17907
1	468	12935	10865,16869,23766,25346,32224,7673,13773,2353,26517,26301,27848,24952,25628,7693,3045,17907,21339
1	468	14728	10865,16869,23766,25346,32224,7673,13773,2353,26517,26301,27848,24952,25628,7693,3045,17907,21339,12935
1	468	14257	10865,16869,23766,25346,32224,7673,13773,2353,26517,26301,27848,24952,25628,7693,3045,17907,21339,12935,14728
1	468	18668	10865,16869,23766,25346,32224,7673,13773,2353,26517,26301,27848,24952,25628,7693,3045,17907,21339,12935,14728,14257
1	468	11261	10865,16869,23766,25346,32224,7673,13773,2353,26517,26301,27848,24952,25628,7693,3045,17907,21339,12935,14728,14257,18668
0	468	26825	10865,16869,23766,25346,32224,7673,13773,2353,26517,26301,27848,24952,25628,7693,3045,17907,21339,12935,14728,14257,18668,11261
1	468	25440	10865,16869,23766,25346,32224,7673,13773,2353,26517,26301,27848,24952,25628,7693,3045,17907,21339,12935,14728,14257,18668,11261
0	468	21984	10865,16869,23766,25346,32224,7673,13773,2353,26517,26301,27848,24952,25628,7693,3045,17907,21339,12935,14728,14257,18668,11261,25440
0	468	28930	10865,16869,23766,25346,32224,7673,13773,2353,26517,26301,27848,24952,25628,7693,3045,17907,21339,12935,14728,14257,18668,11261,25440
0	468	29743	10865,16869,23766,25346,32224,7673,13773,2353,26517,26301,27848,24952,25628,7693,3045,17907,21339,12935,14728,14257,18668,11261,25440
0	468	28612	10865,16869,23766,25346,32224,7673,13773,2353,26517,26301,27848,24952,25628,7693,3045,17907,21339,12935,14728,14257,18668,11261,25440
1	468	21212	10865,16869,23766,25346,32224,7673,13773,2353,26517,26301,27848,24952,25628,7693,3045,17907,21339,12935,14728,14257,18668,11261,25440
