0	759	6088	0
1	759	31821	0
1	759	31899	31821
0	759	318	31821,31899
1	759	1493	31821,31899
0	759	32410	31821,31899,1493
0	759	32775	31821,31899,1493
0	759	1471	31821,31899,1493
0	759	995	31821,31899,1493
1	759	2009	31821,31899,1493
0	759	2659	31821,31899,1493,2009
1	759	2998	31821,31899,1493,2009
0	759	5187	31821,31899,1493,2009,2998
0	759	6220	31821,31899,1493,2009,2998
1	759	15650	31821,31899,1493,2009,2998
1	759	15461	31821,31899,1493,2009,2998,15650
1	759	16768	31821,31899,1493,2009,2998,15650,15461
1	759	2191	31821,31899,1493,2009,2998,15650,15461,16768
1	759	17932	31821,31899,1493,2009,2998,15650,15461,16768,2191
0	759	16371	31821,31899,1493,2009,2998,15650,15461,16768,2191,17932
0	759	2174	31821,31899,1493,2009,2998,15650,15461,16768,2191,17932
1	759	10542	31821,31899,1493,2009,2998,15650,15461,16768,2191,17932
1	759	3224	31821,31899,1493,2009,2998,15650,15461,16768,2191,17932,10542
1	759	13119	31821,31899,1493,2009,2998,15650,15461,16768,2191,17932,10542,3224
1	759	31669	31821,31899,1493,2009,2998,15650,15461,16768,2191,17932,10542,3224,13119
1	759	11867	31821,31899,1493,2009,2998,15650,15461,16768,2191,17932,10542,3224,13119,31669
1	759	13289	31821,31899,1493,2009,2998,15650,15461,16768,2191,17932,10542,3224,13119,31669,11867
1	759	12981	31821,31899,1493,2009,2998,15650,15461,16768,2191,17932,10542,3224,13119,31669,11867,13289
1	759	21482	31821,31899,1493,2009,2998,15650,15461,16768,2191,17932,10542,3224,13119,31669,11867,13289,12981
1	759	21605	31821,31899,1493,2009,2998,15650,15461,16768,2191,17932,10542,3224,13119,31669,11867,13289,12981,21482
0	759	13437	31821,31899,1493,2009,2998,15650,15461,16768,2191,17932,10542,3224,13119,31669,11867,13289,12981,21482,21605
1	759	22043	31821,31899,1493,2009,2998,15650,15461,16768,2191,17932,10542,3224,13119,31669,11867,13289,12981,21482,21605
1	759	7087	31821,31899,1493,2009,2998,15650,15461,16768,2191,17932,10542,3224,13119,31669,11867,13289,12981,21482,21605,22043
0	759	15803	31821,31899,1493,2009,2998,15650,15461,16768,2191,17932,10542,3224,13119,31669,11867,13289,12981,21482,21605,22043,7087
1	759	22422	31821,31899,1493,2009,2998,15650,15461,16768,2191,17932,10542,3224,13119,31669,11867,13289,12981,21482,21605,22043,7087
1	759	18647	31821,31899,1493,2009,2998,15650,15461,16768,2191,17932,10542,3224,13119,31669,11867,13289,12981,21482,21605,22043,7087,22422
1	759	13246	31821,31899,1493,2009,2998,15650,15461,16768,2191,17932,10542,3224,13119,31669,11867,13289,12981,21482,21605,22043,7087,22422,18647
1	759	24282	31821,31899,1493,2009,2998,15650,15461,16768,2191,17932,10542,3224,13119,31669,11867,13289,12981,21482,21605,22043,7087,22422,18647,13246
0	759	22087	31821,31899,1493,2009,2998,15650,15461,16768,2191,17932,10542,3224,13119,31669,11867,13289,12981,21482,21605,22043,7087,22422,18647,13246,24282
1	759	25930	31821,31899,1493,2009,2998,15650,15461,16768,2191,17932,10542,3224,13119,31669,11867,13289,12981,21482,21605,22043,7087,22422,18647,13246,24282
1	759	14243	31821,31899,1493,2009,2998,15650,15461,16768,2191,17932,10542,3224,13119,31669,11867,13289,12981,21482,21605,22043,7087,22422,18647,13246,24282,25930
0	759	25671	31821,31899,1493,2009,2998,15650,15461,16768,2191,17932,10542,3224,13119,31669,11867,13289,12981,21482,21605,22043,7087,22422,18647,13246,24282,25930,14243
0	759	25582	31821,31899,1493,2009,2998,15650,15461,16768,2191,17932,10542,3224,13119,31669,11867,13289,12981,21482,21605,22043,7087,22422,18647,13246,24282,25930,14243
0	759	27351	31821,31899,1493,2009,2998,15650,15461,16768,2191,17932,10542,3224,13119,31669,11867,13289,12981,21482,21605,22043,7087,22422,18647,13246,24282,25930,14243
1	759	26238	31821,31899,1493,2009,2998,15650,15461,16768,2191,17932,10542,3224,13119,31669,11867,13289,12981,21482,21605,22043,7087,22422,18647,13246,24282,25930,14243
1	759	20150	31821,31899,1493,2009,2998,15650,15461,16768,2191,17932,10542,3224,13119,31669,11867,13289,12981,21482,21605,22043,7087,22422,18647,13246,24282,25930,14243,26238
1	759	9135	31821,31899,1493,2009,2998,15650,15461,16768,2191,17932,10542,3224,13119,31669,11867,13289,12981,21482,21605,22043,7087,22422,18647,13246,24282,25930,14243,26238,20150
1	759	12115	31821,31899,1493,2009,2998,15650,15461,16768,2191,17932,10542,3224,13119,31669,11867,13289,12981,21482,21605,22043,7087,22422,18647,13246,24282,25930,14243,26238,20150,9135
1	759	28154	31821,31899,1493,2009,2998,15650,15461,16768,2191,17932,10542,3224,13119,31669,11867,13289,12981,21482,21605,22043,7087,22422,18647,13246,24282,25930,14243,26238,20150,9135,12115
1	759	7285	31821,31899,1493,2009,2998,15650,15461,16768,2191,17932,10542,3224,13119,31669,11867,13289,12981,21482,21605,22043,7087,22422,18647,13246,24282,25930,14243,26238,20150,9135,12115,28154
1	759	19300	31821,31899,1493,2009,2998,15650,15461,16768,2191,17932,10542,3224,13119,31669,11867,13289,12981,21482,21605,22043,7087,22422,18647,13246,24282,25930,14243,26238,20150,9135,12115,28154,7285
1	759	28325	31821,31899,1493,2009,2998,15650,15461,16768,2191,17932,10542,3224,13119,31669,11867,13289,12981,21482,21605,22043,7087,22422,18647,13246,24282,25930,14243,26238,20150,9135,12115,28154,7285,19300
1	759	20257	31821,31899,1493,2009,2998,15650,15461,16768,2191,17932,10542,3224,13119,31669,11867,13289,12981,21482,21605,22043,7087,22422,18647,13246,24282,25930,14243,26238,20150,9135,12115,28154,7285,19300,28325
0	759	28226	31821,31899,1493,2009,2998,15650,15461,16768,2191,17932,10542,3224,13119,31669,11867,13289,12981,21482,21605,22043,7087,22422,18647,13246,24282,25930,14243,26238,20150,9135,12115,28154,7285,19300,28325,20257
