0	1347	30771	0
1	1347	31123	0
1	1347	32120	31123
1	1347	5106	31123,32120
1	1347	3254	31123,32120,5106
0	1347	11739	31123,32120,5106,3254
0	1347	13205	31123,32120,5106,3254
1	1347	17105	31123,32120,5106,3254
0	1347	19039	31123,32120,5106,3254,17105
0	1347	19335	31123,32120,5106,3254,17105
0	1347	14269	31123,32120,5106,3254,17105
0	1347	6606	31123,32120,5106,3254,17105
1	1347	21855	31123,32120,5106,3254,17105
1	1347	18964	31123,32120,5106,3254,17105,21855
1	1347	23447	31123,32120,5106,3254,17105,21855,18964
1	1347	19030	31123,32120,5106,3254,17105,21855,18964,23447
0	1347	23158	31123,32120,5106,3254,17105,21855,18964,23447,19030
0	1347	19420	31123,32120,5106,3254,17105,21855,18964,23447,19030
1	1347	23704	31123,32120,5106,3254,17105,21855,18964,23447,19030
1	1347	24486	31123,32120,5106,3254,17105,21855,18964,23447,19030,23704
0	1347	24790	31123,32120,5106,3254,17105,21855,18964,23447,19030,23704,24486
0	1347	24558	31123,32120,5106,3254,17105,21855,18964,23447,19030,23704,24486
0	1347	20681	31123,32120,5106,3254,17105,21855,18964,23447,19030,23704,24486
0	1347	24389	31123,32120,5106,3254,17105,21855,18964,23447,19030,23704,24486
0	1347	25169	31123,32120,5106,3254,17105,21855,18964,23447,19030,23704,24486
0	1347	24646	31123,32120,5106,3254,17105,21855,18964,23447,19030,23704,24486
1	1347	225	31123,32120,5106,3254,17105,21855,18964,23447,19030,23704,24486
0	1347	25235	31123,32120,5106,3254,17105,21855,18964,23447,19030,23704,24486,225
0	1347	21690	31123,32120,5106,3254,17105,21855,18964,23447,19030,23704,24486,225
0	1347	25250	31123,32120,5106,3254,17105,21855,18964,23447,19030,23704,24486,225
0	1347	25817	31123,32120,5106,3254,17105,21855,18964,23447,19030,23704,24486,225
0	1347	27445	31123,32120,5106,3254,17105,21855,18964,23447,19030,23704,24486,225
0	1347	27592	31123,32120,5106,3254,17105,21855,18964,23447,19030,23704,24486,225
0	1347	26231	31123,32120,5106,3254,17105,21855,18964,23447,19030,23704,24486,225
0	1347	29104	31123,32120,5106,3254,17105,21855,18964,23447,19030,23704,24486,225
0	1347	29308	31123,32120,5106,3254,17105,21855,18964,23447,19030,23704,24486,225
