1	1790	12566	0
1	1790	13724	12566
0	1790	23594	12566,13724
1	1790	28441	12566,13724
1	1790	29208	12566,13724,28441
0	1790	4629	12566,13724,28441,29208
0	1790	4670	12566,13724,28441,29208
1	1790	6682	12566,13724,28441,29208
0	1790	9999	12566,13724,28441,29208,6682
1	1790	11644	12566,13724,28441,29208,6682
0	1790	11648	12566,13724,28441,29208,6682,11644
1	1790	14309	12566,13724,28441,29208,6682,11644
1	1790	23531	12566,13724,28441,29208,6682,11644,14309
0	1790	29740	12566,13724,28441,29208,6682,11644,14309,23531
1	1790	20536	12566,13724,28441,29208,6682,11644,14309,23531
0	1790	9727	12566,13724,28441,29208,6682,11644,14309,23531,20536
0	1790	9871	12566,13724,28441,29208,6682,11644,14309,23531,20536
1	1790	15901	12566,13724,28441,29208,6682,11644,14309,23531,20536
1	1790	23488	12566,13724,28441,29208,6682,11644,14309,23531,20536,15901
0	1790	24800	12566,13724,28441,29208,6682,11644,14309,23531,20536,15901,23488
1	1790	29222	12566,13724,28441,29208,6682,11644,14309,23531,20536,15901,23488
0	1790	20123	12566,13724,28441,29208,6682,11644,14309,23531,20536,15901,23488,29222
0	1790	9952	12566,13724,28441,29208,6682,11644,14309,23531,20536,15901,23488,29222
0	1790	12169	12566,13724,28441,29208,6682,11644,14309,23531,20536,15901,23488,29222
0	1790	13638	12566,13724,28441,29208,6682,11644,14309,23531,20536,15901,23488,29222
0	1790	18464	12566,13724,28441,29208,6682,11644,14309,23531,20536,15901,23488,29222
0	1790	27190	12566,13724,28441,29208,6682,11644,14309,23531,20536,15901,23488,29222
0	1790	28091	12566,13724,28441,29208,6682,11644,14309,23531,20536,15901,23488,29222
1	1790	30683	12566,13724,28441,29208,6682,11644,14309,23531,20536,15901,23488,29222
0	1790	32125	12566,13724,28441,29208,6682,11644,14309,23531,20536,15901,23488,29222,30683
0	1790	19953	12566,13724,28441,29208,6682,11644,14309,23531,20536,15901,23488,29222,30683
0	1790	32207	12566,13724,28441,29208,6682,11644,14309,23531,20536,15901,23488,29222,30683
0	1790	32435	12566,13724,28441,29208,6682,11644,14309,23531,20536,15901,23488,29222,30683
0	1790	32940	12566,13724,28441,29208,6682,11644,14309,23531,20536,15901,23488,29222,30683
0	1790	20482	12566,13724,28441,29208,6682,11644,14309,23531,20536,15901,23488,29222,30683
0	1790	32896	12566,13724,28441,29208,6682,11644,14309,23531,20536,15901,23488,29222,30683
1	1790	6690	12566,13724,28441,29208,6682,11644,14309,23531,20536,15901,23488,29222,30683
0	1790	9918	12566,13724,28441,29208,6682,11644,14309,23531,20536,15901,23488,29222,30683,6690
1	1790	10165	12566,13724,28441,29208,6682,11644,14309,23531,20536,15901,23488,29222,30683,6690
0	1790	16333	12566,13724,28441,29208,6682,11644,14309,23531,20536,15901,23488,29222,30683,6690,10165
1	1790	16640	12566,13724,28441,29208,6682,11644,14309,23531,20536,15901,23488,29222,30683,6690,10165
0	1790	24380	12566,13724,28441,29208,6682,11644,14309,23531,20536,15901,23488,29222,30683,6690,10165,16640
1	1790	31099	12566,13724,28441,29208,6682,11644,14309,23531,20536,15901,23488,29222,30683,6690,10165,16640
0	1790	31263	12566,13724,28441,29208,6682,11644,14309,23531,20536,15901,23488,29222,30683,6690,10165,16640,31099
0	1790	31443	12566,13724,28441,29208,6682,11644,14309,23531,20536,15901,23488,29222,30683,6690,10165,16640,31099
1	1790	32051	12566,13724,28441,29208,6682,11644,14309,23531,20536,15901,23488,29222,30683,6690,10165,16640,31099
1	1790	32965	12566,13724,28441,29208,6682,11644,14309,23531,20536,15901,23488,29222,30683,6690,10165,16640,31099,32051
1	1790	32057	12566,13724,28441,29208,6682,11644,14309,23531,20536,15901,23488,29222,30683,6690,10165,16640,31099,32051,32965
1	1790	32050	12566,13724,28441,29208,6682,11644,14309,23531,20536,15901,23488,29222,30683,6690,10165,16640,31099,32051,32965,32057
1	1790	32161	12566,13724,28441,29208,6682,11644,14309,23531,20536,15901,23488,29222,30683,6690,10165,16640,31099,32051,32965,32057,32050
0	1790	3005	12566,13724,28441,29208,6682,11644,14309,23531,20536,15901,23488,29222,30683,6690,10165,16640,31099,32051,32965,32057,32050,32161
0	1790	4101	12566,13724,28441,29208,6682,11644,14309,23531,20536,15901,23488,29222,30683,6690,10165,16640,31099,32051,32965,32057,32050,32161
0	1790	2892	12566,13724,28441,29208,6682,11644,14309,23531,20536,15901,23488,29222,30683,6690,10165,16640,31099,32051,32965,32057,32050,32161
0	1790	4576	12566,13724,28441,29208,6682,11644,14309,23531,20536,15901,23488,29222,30683,6690,10165,16640,31099,32051,32965,32057,32050,32161
1	1790	5018	12566,13724,28441,29208,6682,11644,14309,23531,20536,15901,23488,29222,30683,6690,10165,16640,31099,32051,32965,32057,32050,32161
0	1790	5116	12566,13724,28441,29208,6682,11644,14309,23531,20536,15901,23488,29222,30683,6690,10165,16640,31099,32051,32965,32057,32050,32161,5018
0	1790	9289	12566,13724,28441,29208,6682,11644,14309,23531,20536,15901,23488,29222,30683,6690,10165,16640,31099,32051,32965,32057,32050,32161,5018
0	1790	865	12566,13724,28441,29208,6682,11644,14309,23531,20536,15901,23488,29222,30683,6690,10165,16640,31099,32051,32965,32057,32050,32161,5018
0	1790	11133	12566,13724,28441,29208,6682,11644,14309,23531,20536,15901,23488,29222,30683,6690,10165,16640,31099,32051,32965,32057,32050,32161,5018
0	1790	13250	12566,13724,28441,29208,6682,11644,14309,23531,20536,15901,23488,29222,30683,6690,10165,16640,31099,32051,32965,32057,32050,32161,5018
0	1790	11867	12566,13724,28441,29208,6682,11644,14309,23531,20536,15901,23488,29222,30683,6690,10165,16640,31099,32051,32965,32057,32050,32161,5018
0	1790	325	12566,13724,28441,29208,6682,11644,14309,23531,20536,15901,23488,29222,30683,6690,10165,16640,31099,32051,32965,32057,32050,32161,5018
0	1790	15212	12566,13724,28441,29208,6682,11644,14309,23531,20536,15901,23488,29222,30683,6690,10165,16640,31099,32051,32965,32057,32050,32161,5018
0	1790	25052	12566,13724,28441,29208,6682,11644,14309,23531,20536,15901,23488,29222,30683,6690,10165,16640,31099,32051,32965,32057,32050,32161,5018
1	1790	25418	12566,13724,28441,29208,6682,11644,14309,23531,20536,15901,23488,29222,30683,6690,10165,16640,31099,32051,32965,32057,32050,32161,5018
