1	526	212	0
1	526	5123	212
1	526	15242	212,5123
1	526	27102	212,5123,15242
1	526	32102	212,5123,15242,27102
1	526	32917	212,5123,15242,27102,32102
1	526	437	212,5123,15242,27102,32102,32917
1	526	616	212,5123,15242,27102,32102,32917,437
1	526	2266	212,5123,15242,27102,32102,32917,437,616
1	526	2809	212,5123,15242,27102,32102,32917,437,616,2266
1	526	2980	212,5123,15242,27102,32102,32917,437,616,2266,2809
1	526	3829	212,5123,15242,27102,32102,32917,437,616,2266,2809,2980
1	526	1845	212,5123,15242,27102,32102,32917,437,616,2266,2809,2980,3829
1	526	3058	212,5123,15242,27102,32102,32917,437,616,2266,2809,2980,3829,1845
1	526	6337	212,5123,15242,27102,32102,32917,437,616,2266,2809,2980,3829,1845,3058
1	526	5440	212,5123,15242,27102,32102,32917,437,616,2266,2809,2980,3829,1845,3058,6337
1	526	961	212,5123,15242,27102,32102,32917,437,616,2266,2809,2980,3829,1845,3058,6337,5440
1	526	6981	212,5123,15242,27102,32102,32917,437,616,2266,2809,2980,3829,1845,3058,6337,5440,961
1	526	18397	212,5123,15242,27102,32102,32917,437,616,2266,2809,2980,3829,1845,3058,6337,5440,961,6981
1	526	31539	212,5123,15242,27102,32102,32917,437,616,2266,2809,2980,3829,1845,3058,6337,5440,961,6981,18397
0	526	2229	212,5123,15242,27102,32102,32917,437,616,2266,2809,2980,3829,1845,3058,6337,5440,961,6981,18397,31539
0	526	8197	212,5123,15242,27102,32102,32917,437,616,2266,2809,2980,3829,1845,3058,6337,5440,961,6981,18397,31539
1	526	32734	212,5123,15242,27102,32102,32917,437,616,2266,2809,2980,3829,1845,3058,6337,5440,961,6981,18397,31539
1	526	5862	212,5123,15242,27102,32102,32917,437,616,2266,2809,2980,3829,1845,3058,6337,5440,961,6981,18397,31539,32734
1	526	32319	212,5123,15242,27102,32102,32917,437,616,2266,2809,2980,3829,1845,3058,6337,5440,961,6981,18397,31539,32734,5862
1	526	15662	212,5123,15242,27102,32102,32917,437,616,2266,2809,2980,3829,1845,3058,6337,5440,961,6981,18397,31539,32734,5862,32319
1	526	25079	212,5123,15242,27102,32102,32917,437,616,2266,2809,2980,3829,1845,3058,6337,5440,961,6981,18397,31539,32734,5862,32319,15662
1	526	11397	212,5123,15242,27102,32102,32917,437,616,2266,2809,2980,3829,1845,3058,6337,5440,961,6981,18397,31539,32734,5862,32319,15662,25079
0	526	16257	212,5123,15242,27102,32102,32917,437,616,2266,2809,2980,3829,1845,3058,6337,5440,961,6981,18397,31539,32734,5862,32319,15662,25079,11397
1	526	3357	212,5123,15242,27102,32102,32917,437,616,2266,2809,2980,3829,1845,3058,6337,5440,961,6981,18397,31539,32734,5862,32319,15662,25079,11397
1	526	18216	212,5123,15242,27102,32102,32917,437,616,2266,2809,2980,3829,1845,3058,6337,5440,961,6981,18397,31539,32734,5862,32319,15662,25079,11397,3357
1	526	22317	212,5123,15242,27102,32102,32917,437,616,2266,2809,2980,3829,1845,3058,6337,5440,961,6981,18397,31539,32734,5862,32319,15662,25079,11397,3357,18216
1	526	58	212,5123,15242,27102,32102,32917,437,616,2266,2809,2980,3829,1845,3058,6337,5440,961,6981,18397,31539,32734,5862,32319,15662,25079,11397,3357,18216,22317
1	526	12107	212,5123,15242,27102,32102,32917,437,616,2266,2809,2980,3829,1845,3058,6337,5440,961,6981,18397,31539,32734,5862,32319,15662,25079,11397,3357,18216,22317,58
1	526	12687	212,5123,15242,27102,32102,32917,437,616,2266,2809,2980,3829,1845,3058,6337,5440,961,6981,18397,31539,32734,5862,32319,15662,25079,11397,3357,18216,22317,58,12107
1	526	17969	212,5123,15242,27102,32102,32917,437,616,2266,2809,2980,3829,1845,3058,6337,5440,961,6981,18397,31539,32734,5862,32319,15662,25079,11397,3357,18216,22317,58,12107,12687
0	526	21707	212,5123,15242,27102,32102,32917,437,616,2266,2809,2980,3829,1845,3058,6337,5440,961,6981,18397,31539,32734,5862,32319,15662,25079,11397,3357,18216,22317,58,12107,12687,17969
0	526	11813	212,5123,15242,27102,32102,32917,437,616,2266,2809,2980,3829,1845,3058,6337,5440,961,6981,18397,31539,32734,5862,32319,15662,25079,11397,3357,18216,22317,58,12107,12687,17969
1	526	1440	212,5123,15242,27102,32102,32917,437,616,2266,2809,2980,3829,1845,3058,6337,5440,961,6981,18397,31539,32734,5862,32319,15662,25079,11397,3357,18216,22317,58,12107,12687,17969
1	526	20887	212,5123,15242,27102,32102,32917,437,616,2266,2809,2980,3829,1845,3058,6337,5440,961,6981,18397,31539,32734,5862,32319,15662,25079,11397,3357,18216,22317,58,12107,12687,17969,1440
1	526	2098	212,5123,15242,27102,32102,32917,437,616,2266,2809,2980,3829,1845,3058,6337,5440,961,6981,18397,31539,32734,5862,32319,15662,25079,11397,3357,18216,22317,58,12107,12687,17969,1440,20887
1	526	4893	212,5123,15242,27102,32102,32917,437,616,2266,2809,2980,3829,1845,3058,6337,5440,961,6981,18397,31539,32734,5862,32319,15662,25079,11397,3357,18216,22317,58,12107,12687,17969,1440,20887,2098
1	526	3914	212,5123,15242,27102,32102,32917,437,616,2266,2809,2980,3829,1845,3058,6337,5440,961,6981,18397,31539,32734,5862,32319,15662,25079,11397,3357,18216,22317,58,12107,12687,17969,1440,20887,2098,4893
1	526	24029	212,5123,15242,27102,32102,32917,437,616,2266,2809,2980,3829,1845,3058,6337,5440,961,6981,18397,31539,32734,5862,32319,15662,25079,11397,3357,18216,22317,58,12107,12687,17969,1440,20887,2098,4893,3914
1	526	30906	212,5123,15242,27102,32102,32917,437,616,2266,2809,2980,3829,1845,3058,6337,5440,961,6981,18397,31539,32734,5862,32319,15662,25079,11397,3357,18216,22317,58,12107,12687,17969,1440,20887,2098,4893,3914,24029
1	526	8498	212,5123,15242,27102,32102,32917,437,616,2266,2809,2980,3829,1845,3058,6337,5440,961,6981,18397,31539,32734,5862,32319,15662,25079,11397,3357,18216,22317,58,12107,12687,17969,1440,20887,2098,4893,3914,24029,30906
1	526	20726	212,5123,15242,27102,32102,32917,437,616,2266,2809,2980,3829,1845,3058,6337,5440,961,6981,18397,31539,32734,5862,32319,15662,25079,11397,3357,18216,22317,58,12107,12687,17969,1440,20887,2098,4893,3914,24029,30906,8498
1	526	31766	212,5123,15242,27102,32102,32917,437,616,2266,2809,2980,3829,1845,3058,6337,5440,961,6981,18397,31539,32734,5862,32319,15662,25079,11397,3357,18216,22317,58,12107,12687,17969,1440,20887,2098,4893,3914,24029,30906,8498,20726
0	526	32027	212,5123,15242,27102,32102,32917,437,616,2266,2809,2980,3829,1845,3058,6337,5440,961,6981,18397,31539,32734,5862,32319,15662,25079,11397,3357,18216,22317,58,12107,12687,17969,1440,20887,2098,4893,3914,24029,30906,8498,20726,31766
1	526	777	212,5123,15242,27102,32102,32917,437,616,2266,2809,2980,3829,1845,3058,6337,5440,961,6981,18397,31539,32734,5862,32319,15662,25079,11397,3357,18216,22317,58,12107,12687,17969,1440,20887,2098,4893,3914,24029,30906,8498,20726,31766
1	526	9852	212,5123,15242,27102,32102,32917,437,616,2266,2809,2980,3829,1845,3058,6337,5440,961,6981,18397,31539,32734,5862,32319,15662,25079,11397,3357,18216,22317,58,12107,12687,17969,1440,20887,2098,4893,3914,24029,30906,8498,20726,31766,777
1	526	19585	212,5123,15242,27102,32102,32917,437,616,2266,2809,2980,3829,1845,3058,6337,5440,961,6981,18397,31539,32734,5862,32319,15662,25079,11397,3357,18216,22317,58,12107,12687,17969,1440,20887,2098,4893,3914,24029,30906,8498,20726,31766,777,9852
1	526	31715	212,5123,15242,27102,32102,32917,437,616,2266,2809,2980,3829,1845,3058,6337,5440,961,6981,18397,31539,32734,5862,32319,15662,25079,11397,3357,18216,22317,58,12107,12687,17969,1440,20887,2098,4893,3914,24029,30906,8498,20726,31766,777,9852,19585
1	526	3650	212,5123,15242,27102,32102,32917,437,616,2266,2809,2980,3829,1845,3058,6337,5440,961,6981,18397,31539,32734,5862,32319,15662,25079,11397,3357,18216,22317,58,12107,12687,17969,1440,20887,2098,4893,3914,24029,30906,8498,20726,31766,777,9852,19585,31715
0	526	27742	212,5123,15242,27102,32102,32917,437,616,2266,2809,2980,3829,1845,3058,6337,5440,961,6981,18397,31539,32734,5862,32319,15662,25079,11397,3357,18216,22317,58,12107,12687,17969,1440,20887,2098,4893,3914,24029,30906,8498,20726,31766,777,9852,19585,31715,3650
