1	602	681	0
1	602	32579	681
1	602	1849	681,32579
0	602	32163	681,32579,1849
1	602	8100	681,32579,1849
1	602	14295	681,32579,1849,8100
1	602	3370	681,32579,1849,8100,14295
0	602	24737	681,32579,1849,8100,14295,3370
1	602	12598	681,32579,1849,8100,14295,3370
1	602	16756	681,32579,1849,8100,14295,3370,12598
0	602	17534	681,32579,1849,8100,14295,3370,12598,16756
0	602	31545	681,32579,1849,8100,14295,3370,12598,16756
1	602	3201	681,32579,1849,8100,14295,3370,12598,16756
0	602	20129	681,32579,1849,8100,14295,3370,12598,16756,3201
0	602	17422	681,32579,1849,8100,14295,3370,12598,16756,3201
0	602	19729	681,32579,1849,8100,14295,3370,12598,16756,3201
1	602	14375	681,32579,1849,8100,14295,3370,12598,16756,3201
0	602	21063	681,32579,1849,8100,14295,3370,12598,16756,3201,14375
1	602	22046	681,32579,1849,8100,14295,3370,12598,16756,3201,14375
0	602	23447	681,32579,1849,8100,14295,3370,12598,16756,3201,14375,22046
0	602	23452	681,32579,1849,8100,14295,3370,12598,16756,3201,14375,22046
0	602	11883	681,32579,1849,8100,14295,3370,12598,16756,3201,14375,22046
1	602	25006	681,32579,1849,8100,14295,3370,12598,16756,3201,14375,22046
0	602	22399	681,32579,1849,8100,14295,3370,12598,16756,3201,14375,22046,25006
1	602	15211	681,32579,1849,8100,14295,3370,12598,16756,3201,14375,22046,25006
0	602	23768	681,32579,1849,8100,14295,3370,12598,16756,3201,14375,22046,25006,15211
1	602	16753	681,32579,1849,8100,14295,3370,12598,16756,3201,14375,22046,25006,15211
0	602	23143	681,32579,1849,8100,14295,3370,12598,16756,3201,14375,22046,25006,15211,16753
1	602	26659	681,32579,1849,8100,14295,3370,12598,16756,3201,14375,22046,25006,15211,16753
1	602	18876	681,32579,1849,8100,14295,3370,12598,16756,3201,14375,22046,25006,15211,16753,26659
1	602	26455	681,32579,1849,8100,14295,3370,12598,16756,3201,14375,22046,25006,15211,16753,26659,18876
0	602	13616	681,32579,1849,8100,14295,3370,12598,16756,3201,14375,22046,25006,15211,16753,26659,18876,26455
0	602	23453	681,32579,1849,8100,14295,3370,12598,16756,3201,14375,22046,25006,15211,16753,26659,18876,26455
0	602	25659	681,32579,1849,8100,14295,3370,12598,16756,3201,14375,22046,25006,15211,16753,26659,18876,26455
1	602	24878	681,32579,1849,8100,14295,3370,12598,16756,3201,14375,22046,25006,15211,16753,26659,18876,26455
0	602	27088	681,32579,1849,8100,14295,3370,12598,16756,3201,14375,22046,25006,15211,16753,26659,18876,26455,24878
1	602	26729	681,32579,1849,8100,14295,3370,12598,16756,3201,14375,22046,25006,15211,16753,26659,18876,26455,24878
0	602	25866	681,32579,1849,8100,14295,3370,12598,16756,3201,14375,22046,25006,15211,16753,26659,18876,26455,24878,26729
0	602	25825	681,32579,1849,8100,14295,3370,12598,16756,3201,14375,22046,25006,15211,16753,26659,18876,26455,24878,26729
1	602	26776	681,32579,1849,8100,14295,3370,12598,16756,3201,14375,22046,25006,15211,16753,26659,18876,26455,24878,26729
1	602	10533	681,32579,1849,8100,14295,3370,12598,16756,3201,14375,22046,25006,15211,16753,26659,18876,26455,24878,26729,26776
0	602	27502	681,32579,1849,8100,14295,3370,12598,16756,3201,14375,22046,25006,15211,16753,26659,18876,26455,24878,26729,26776,10533
1	602	21391	681,32579,1849,8100,14295,3370,12598,16756,3201,14375,22046,25006,15211,16753,26659,18876,26455,24878,26729,26776,10533
1	602	28554	681,32579,1849,8100,14295,3370,12598,16756,3201,14375,22046,25006,15211,16753,26659,18876,26455,24878,26729,26776,10533,21391
1	602	28555	681,32579,1849,8100,14295,3370,12598,16756,3201,14375,22046,25006,15211,16753,26659,18876,26455,24878,26729,26776,10533,21391,28554
0	602	10534	681,32579,1849,8100,14295,3370,12598,16756,3201,14375,22046,25006,15211,16753,26659,18876,26455,24878,26729,26776,10533,21391,28554,28555
0	602	29099	681,32579,1849,8100,14295,3370,12598,16756,3201,14375,22046,25006,15211,16753,26659,18876,26455,24878,26729,26776,10533,21391,28554,28555
0	602	28665	681,32579,1849,8100,14295,3370,12598,16756,3201,14375,22046,25006,15211,16753,26659,18876,26455,24878,26729,26776,10533,21391,28554,28555
0	602	28631	681,32579,1849,8100,14295,3370,12598,16756,3201,14375,22046,25006,15211,16753,26659,18876,26455,24878,26729,26776,10533,21391,28554,28555
