1	931	32	0
1	931	4537	32
0	931	14230	32,4537
0	931	14287	32,4537
1	931	17450	32,4537
0	931	9615	32,4537,17450
0	931	10088	32,4537,17450
1	931	6541	32,4537,17450
0	931	12762	32,4537,17450,6541
0	931	9824	32,4537,17450,6541
1	931	11031	32,4537,17450,6541
0	931	13552	32,4537,17450,6541,11031
1	931	21448	32,4537,17450,6541,11031
1	931	21926	32,4537,17450,6541,11031,21448
1	931	6483	32,4537,17450,6541,11031,21448,21926
1	931	1368	32,4537,17450,6541,11031,21448,21926,6483
1	931	2619	32,4537,17450,6541,11031,21448,21926,6483,1368
0	931	17219	32,4537,17450,6541,11031,21448,21926,6483,1368,2619
0	931	22701	32,4537,17450,6541,11031,21448,21926,6483,1368,2619
0	931	23883	32,4537,17450,6541,11031,21448,21926,6483,1368,2619
0	931	21469	32,4537,17450,6541,11031,21448,21926,6483,1368,2619
0	931	17497	32,4537,17450,6541,11031,21448,21926,6483,1368,2619
1	931	31529	32,4537,17450,6541,11031,21448,21926,6483,1368,2619
1	931	5114	32,4537,17450,6541,11031,21448,21926,6483,1368,2619,31529
1	931	16328	32,4537,17450,6541,11031,21448,21926,6483,1368,2619,31529,5114
0	931	25892	32,4537,17450,6541,11031,21448,21926,6483,1368,2619,31529,5114,16328
0	931	23737	32,4537,17450,6541,11031,21448,21926,6483,1368,2619,31529,5114,16328
1	931	4814	32,4537,17450,6541,11031,21448,21926,6483,1368,2619,31529,5114,16328
0	931	10527	32,4537,17450,6541,11031,21448,21926,6483,1368,2619,31529,5114,16328,4814
1	931	13279	32,4537,17450,6541,11031,21448,21926,6483,1368,2619,31529,5114,16328,4814
0	931	18644	32,4537,17450,6541,11031,21448,21926,6483,1368,2619,31529,5114,16328,4814,13279
0	931	5016	32,4537,17450,6541,11031,21448,21926,6483,1368,2619,31529,5114,16328,4814,13279
1	931	5243	32,4537,17450,6541,11031,21448,21926,6483,1368,2619,31529,5114,16328,4814,13279
0	931	9853	32,4537,17450,6541,11031,21448,21926,6483,1368,2619,31529,5114,16328,4814,13279,5243
0	931	12886	32,4537,17450,6541,11031,21448,21926,6483,1368,2619,31529,5114,16328,4814,13279,5243
0	931	16531	32,4537,17450,6541,11031,21448,21926,6483,1368,2619,31529,5114,16328,4814,13279,5243
0	931	18086	32,4537,17450,6541,11031,21448,21926,6483,1368,2619,31529,5114,16328,4814,13279,5243
1	931	19226	32,4537,17450,6541,11031,21448,21926,6483,1368,2619,31529,5114,16328,4814,13279,5243
0	931	21322	32,4537,17450,6541,11031,21448,21926,6483,1368,2619,31529,5114,16328,4814,13279,5243,19226
0	931	22205	32,4537,17450,6541,11031,21448,21926,6483,1368,2619,31529,5114,16328,4814,13279,5243,19226
0	931	22440	32,4537,17450,6541,11031,21448,21926,6483,1368,2619,31529,5114,16328,4814,13279,5243,19226
1	931	24086	32,4537,17450,6541,11031,21448,21926,6483,1368,2619,31529,5114,16328,4814,13279,5243,19226
0	931	26309	32,4537,17450,6541,11031,21448,21926,6483,1368,2619,31529,5114,16328,4814,13279,5243,19226,24086
0	931	27538	32,4537,17450,6541,11031,21448,21926,6483,1368,2619,31529,5114,16328,4814,13279,5243,19226,24086
0	931	28204	32,4537,17450,6541,11031,21448,21926,6483,1368,2619,31529,5114,16328,4814,13279,5243,19226,24086
