0	1394	18560	0
0	1394	16333	0
0	1394	1644	0
0	1394	1755	0
0	1394	16082	0
0	1394	4101	0
0	1394	4585	0
1	1394	5230	0
0	1394	4576	5230
0	1394	4626	5230
0	1394	4874	5230
0	1394	3131	5230
0	1394	7242	5230
0	1394	6502	5230
1	1394	6960	5230
1	1394	8310	5230,6960
0	1394	6762	5230,6960,8310
0	1394	9132	5230,6960,8310
0	1394	11698	5230,6960,8310
1	1394	11977	5230,6960,8310
0	1394	8866	5230,6960,8310,11977
1	1394	13589	5230,6960,8310,11977
0	1394	14365	5230,6960,8310,11977,13589
0	1394	14244	5230,6960,8310,11977,13589
0	1394	9946	5230,6960,8310,11977,13589
0	1394	14308	5230,6960,8310,11977,13589
0	1394	13172	5230,6960,8310,11977,13589
0	1394	12525	5230,6960,8310,11977,13589
0	1394	13697	5230,6960,8310,11977,13589
0	1394	15692	5230,6960,8310,11977,13589
1	1394	15953	5230,6960,8310,11977,13589
0	1394	16459	5230,6960,8310,11977,13589,15953
0	1394	14948	5230,6960,8310,11977,13589,15953
0	1394	16306	5230,6960,8310,11977,13589,15953
1	1394	16001	5230,6960,8310,11977,13589,15953
0	1394	17707	5230,6960,8310,11977,13589,15953,16001
1	1394	17784	5230,6960,8310,11977,13589,15953,16001
0	1394	18584	5230,6960,8310,11977,13589,15953,16001,17784
1	1394	18955	5230,6960,8310,11977,13589,15953,16001,17784
0	1394	19393	5230,6960,8310,11977,13589,15953,16001,17784,18955
1	1394	18048	5230,6960,8310,11977,13589,15953,16001,17784,18955
0	1394	19063	5230,6960,8310,11977,13589,15953,16001,17784,18955,18048
0	1394	17799	5230,6960,8310,11977,13589,15953,16001,17784,18955,18048
0	1394	19401	5230,6960,8310,11977,13589,15953,16001,17784,18955,18048
0	1394	19804	5230,6960,8310,11977,13589,15953,16001,17784,18955,18048
0	1394	20693	5230,6960,8310,11977,13589,15953,16001,17784,18955,18048
0	1394	21497	5230,6960,8310,11977,13589,15953,16001,17784,18955,18048
0	1394	24490	5230,6960,8310,11977,13589,15953,16001,17784,18955,18048
0	1394	24600	5230,6960,8310,11977,13589,15953,16001,17784,18955,18048
1	1394	21439	5230,6960,8310,11977,13589,15953,16001,17784,18955,18048
0	1394	24385	5230,6960,8310,11977,13589,15953,16001,17784,18955,18048,21439
0	1394	21162	5230,6960,8310,11977,13589,15953,16001,17784,18955,18048,21439
0	1394	23155	5230,6960,8310,11977,13589,15953,16001,17784,18955,18048,21439
0	1394	23417	5230,6960,8310,11977,13589,15953,16001,17784,18955,18048,21439
1	1394	25114	5230,6960,8310,11977,13589,15953,16001,17784,18955,18048,21439
0	1394	24359	5230,6960,8310,11977,13589,15953,16001,17784,18955,18048,21439,25114
1	1394	25705	5230,6960,8310,11977,13589,15953,16001,17784,18955,18048,21439,25114
0	1394	26759	5230,6960,8310,11977,13589,15953,16001,17784,18955,18048,21439,25114,25705
0	1394	23453	5230,6960,8310,11977,13589,15953,16001,17784,18955,18048,21439,25114,25705
1	1394	26196	5230,6960,8310,11977,13589,15953,16001,17784,18955,18048,21439,25114,25705
0	1394	19238	5230,6960,8310,11977,13589,15953,16001,17784,18955,18048,21439,25114,25705,26196
0	1394	22784	5230,6960,8310,11977,13589,15953,16001,17784,18955,18048,21439,25114,25705,26196
0	1394	17168	5230,6960,8310,11977,13589,15953,16001,17784,18955,18048,21439,25114,25705,26196
1	1394	27396	5230,6960,8310,11977,13589,15953,16001,17784,18955,18048,21439,25114,25705,26196
0	1394	25406	5230,6960,8310,11977,13589,15953,16001,17784,18955,18048,21439,25114,25705,26196,27396
1	1394	26764	5230,6960,8310,11977,13589,15953,16001,17784,18955,18048,21439,25114,25705,26196,27396
1	1394	15419	5230,6960,8310,11977,13589,15953,16001,17784,18955,18048,21439,25114,25705,26196,27396,26764
0	1394	24048	5230,6960,8310,11977,13589,15953,16001,17784,18955,18048,21439,25114,25705,26196,27396,26764,15419
0	1394	27295	5230,6960,8310,11977,13589,15953,16001,17784,18955,18048,21439,25114,25705,26196,27396,26764,15419
1	1394	27954	5230,6960,8310,11977,13589,15953,16001,17784,18955,18048,21439,25114,25705,26196,27396,26764,15419
1	1394	28469	5230,6960,8310,11977,13589,15953,16001,17784,18955,18048,21439,25114,25705,26196,27396,26764,15419,27954
0	1394	26781	5230,6960,8310,11977,13589,15953,16001,17784,18955,18048,21439,25114,25705,26196,27396,26764,15419,27954,28469
1	1394	28071	5230,6960,8310,11977,13589,15953,16001,17784,18955,18048,21439,25114,25705,26196,27396,26764,15419,27954,28469
0	1394	28633	5230,6960,8310,11977,13589,15953,16001,17784,18955,18048,21439,25114,25705,26196,27396,26764,15419,27954,28469,28071
0	1394	28552	5230,6960,8310,11977,13589,15953,16001,17784,18955,18048,21439,25114,25705,26196,27396,26764,15419,27954,28469,28071
0	1394	29108	5230,6960,8310,11977,13589,15953,16001,17784,18955,18048,21439,25114,25705,26196,27396,26764,15419,27954,28469,28071
