0	1242	10785	0
1	1242	2518	0
0	1242	1890	2518
1	1242	32808	2518
1	1242	2311	2518,32808
1	1242	2312	2518,32808,2311
1	1242	8729	2518,32808,2311,2312
1	1242	11946	2518,32808,2311,2312,8729
1	1242	11960	2518,32808,2311,2312,8729,11946
0	1242	16681	2518,32808,2311,2312,8729,11946,11960
1	1242	11037	2518,32808,2311,2312,8729,11946,11960
1	1242	18012	2518,32808,2311,2312,8729,11946,11960,11037
1	1242	18576	2518,32808,2311,2312,8729,11946,11960,11037,18012
1	1242	19027	2518,32808,2311,2312,8729,11946,11960,11037,18012,18576
1	1242	18142	2518,32808,2311,2312,8729,11946,11960,11037,18012,18576,19027
1	1242	19773	2518,32808,2311,2312,8729,11946,11960,11037,18012,18576,19027,18142
0	1242	20205	2518,32808,2311,2312,8729,11946,11960,11037,18012,18576,19027,18142,19773
1	1242	21145	2518,32808,2311,2312,8729,11946,11960,11037,18012,18576,19027,18142,19773
1	1242	17469	2518,32808,2311,2312,8729,11946,11960,11037,18012,18576,19027,18142,19773,21145
1	1242	24181	2518,32808,2311,2312,8729,11946,11960,11037,18012,18576,19027,18142,19773,21145,17469
1	1242	21596	2518,32808,2311,2312,8729,11946,11960,11037,18012,18576,19027,18142,19773,21145,17469,24181
0	1242	24215	2518,32808,2311,2312,8729,11946,11960,11037,18012,18576,19027,18142,19773,21145,17469,24181,21596
1	1242	25802	2518,32808,2311,2312,8729,11946,11960,11037,18012,18576,19027,18142,19773,21145,17469,24181,21596
1	1242	22283	2518,32808,2311,2312,8729,11946,11960,11037,18012,18576,19027,18142,19773,21145,17469,24181,21596,25802
1	1242	24784	2518,32808,2311,2312,8729,11946,11960,11037,18012,18576,19027,18142,19773,21145,17469,24181,21596,25802,22283
1	1242	25704	2518,32808,2311,2312,8729,11946,11960,11037,18012,18576,19027,18142,19773,21145,17469,24181,21596,25802,22283,24784
1	1242	27598	2518,32808,2311,2312,8729,11946,11960,11037,18012,18576,19027,18142,19773,21145,17469,24181,21596,25802,22283,24784,25704
0	1242	25744	2518,32808,2311,2312,8729,11946,11960,11037,18012,18576,19027,18142,19773,21145,17469,24181,21596,25802,22283,24784,25704,27598
1	1242	27218	2518,32808,2311,2312,8729,11946,11960,11037,18012,18576,19027,18142,19773,21145,17469,24181,21596,25802,22283,24784,25704,27598
1	1242	22713	2518,32808,2311,2312,8729,11946,11960,11037,18012,18576,19027,18142,19773,21145,17469,24181,21596,25802,22283,24784,25704,27598,27218
1	1242	24331	2518,32808,2311,2312,8729,11946,11960,11037,18012,18576,19027,18142,19773,21145,17469,24181,21596,25802,22283,24784,25704,27598,27218,22713
0	1242	29575	2518,32808,2311,2312,8729,11946,11960,11037,18012,18576,19027,18142,19773,21145,17469,24181,21596,25802,22283,24784,25704,27598,27218,22713,24331
