1	313	6543	0
0	313	7066	6543
1	313	8909	6543
1	313	6894	6543,8909
0	313	1030	6543,8909,6894
1	313	1553	6543,8909,6894
0	313	19336	6543,8909,6894,1553
1	313	3631	6543,8909,6894,1553
0	313	6635	6543,8909,6894,1553,3631
0	313	21639	6543,8909,6894,1553,3631
0	313	31085	6543,8909,6894,1553,3631
1	313	16753	6543,8909,6894,1553,3631
0	313	23255	6543,8909,6894,1553,3631,16753
0	313	32171	6543,8909,6894,1553,3631,16753
1	313	6237	6543,8909,6894,1553,3631,16753
1	313	30559	6543,8909,6894,1553,3631,16753,6237
0	313	21479	6543,8909,6894,1553,3631,16753,6237,30559
0	313	21996	6543,8909,6894,1553,3631,16753,6237,30559
1	313	30991	6543,8909,6894,1553,3631,16753,6237,30559
1	313	10770	6543,8909,6894,1553,3631,16753,6237,30559,30991
1	313	6227	6543,8909,6894,1553,3631,16753,6237,30559,30991,10770
1	313	15197	6543,8909,6894,1553,3631,16753,6237,30559,30991,10770,6227
1	313	7355	6543,8909,6894,1553,3631,16753,6237,30559,30991,10770,6227,15197
1	313	14078	6543,8909,6894,1553,3631,16753,6237,30559,30991,10770,6227,15197,7355
1	313	18568	6543,8909,6894,1553,3631,16753,6237,30559,30991,10770,6227,15197,7355,14078
1	313	22787	6543,8909,6894,1553,3631,16753,6237,30559,30991,10770,6227,15197,7355,14078,18568
