0	307	15574	0
1	307	17030	0
1	307	14091	17030
1	307	7766	17030,14091
1	307	12705	17030,14091,7766
1	307	22373	17030,14091,7766,12705
1	307	6028	17030,14091,7766,12705,22373
1	307	8610	17030,14091,7766,12705,22373,6028
1	307	11421	17030,14091,7766,12705,22373,6028,8610
0	307	15512	17030,14091,7766,12705,22373,6028,8610,11421
1	307	8129	17030,14091,7766,12705,22373,6028,8610,11421
1	307	11070	17030,14091,7766,12705,22373,6028,8610,11421,8129
1	307	9411	17030,14091,7766,12705,22373,6028,8610,11421,8129,11070
1	307	31071	17030,14091,7766,12705,22373,6028,8610,11421,8129,11070,9411
1	307	31196	17030,14091,7766,12705,22373,6028,8610,11421,8129,11070,9411,31071
1	307	11987	17030,14091,7766,12705,22373,6028,8610,11421,8129,11070,9411,31071,31196
1	307	12883	17030,14091,7766,12705,22373,6028,8610,11421,8129,11070,9411,31071,31196,11987
1	307	1607	17030,14091,7766,12705,22373,6028,8610,11421,8129,11070,9411,31071,31196,11987,12883
1	307	4319	17030,14091,7766,12705,22373,6028,8610,11421,8129,11070,9411,31071,31196,11987,12883,1607
1	307	9571	17030,14091,7766,12705,22373,6028,8610,11421,8129,11070,9411,31071,31196,11987,12883,1607,4319
1	307	31299	17030,14091,7766,12705,22373,6028,8610,11421,8129,11070,9411,31071,31196,11987,12883,1607,4319,9571
0	307	19130	17030,14091,7766,12705,22373,6028,8610,11421,8129,11070,9411,31071,31196,11987,12883,1607,4319,9571,31299
1	307	162	17030,14091,7766,12705,22373,6028,8610,11421,8129,11070,9411,31071,31196,11987,12883,1607,4319,9571,31299
1	307	6894	17030,14091,7766,12705,22373,6028,8610,11421,8129,11070,9411,31071,31196,11987,12883,1607,4319,9571,31299,162
0	307	7603	17030,14091,7766,12705,22373,6028,8610,11421,8129,11070,9411,31071,31196,11987,12883,1607,4319,9571,31299,162,6894
1	307	11636	17030,14091,7766,12705,22373,6028,8610,11421,8129,11070,9411,31071,31196,11987,12883,1607,4319,9571,31299,162,6894
0	307	15329	17030,14091,7766,12705,22373,6028,8610,11421,8129,11070,9411,31071,31196,11987,12883,1607,4319,9571,31299,162,6894,11636
0	307	16885	17030,14091,7766,12705,22373,6028,8610,11421,8129,11070,9411,31071,31196,11987,12883,1607,4319,9571,31299,162,6894,11636
1	307	11869	17030,14091,7766,12705,22373,6028,8610,11421,8129,11070,9411,31071,31196,11987,12883,1607,4319,9571,31299,162,6894,11636
1	307	14101	17030,14091,7766,12705,22373,6028,8610,11421,8129,11070,9411,31071,31196,11987,12883,1607,4319,9571,31299,162,6894,11636,11869
1	307	20089	17030,14091,7766,12705,22373,6028,8610,11421,8129,11070,9411,31071,31196,11987,12883,1607,4319,9571,31299,162,6894,11636,11869,14101
1	307	8568	17030,14091,7766,12705,22373,6028,8610,11421,8129,11070,9411,31071,31196,11987,12883,1607,4319,9571,31299,162,6894,11636,11869,14101,20089
1	307	935	17030,14091,7766,12705,22373,6028,8610,11421,8129,11070,9411,31071,31196,11987,12883,1607,4319,9571,31299,162,6894,11636,11869,14101,20089,8568
0	307	30779	17030,14091,7766,12705,22373,6028,8610,11421,8129,11070,9411,31071,31196,11987,12883,1607,4319,9571,31299,162,6894,11636,11869,14101,20089,8568,935
1	307	32307	17030,14091,7766,12705,22373,6028,8610,11421,8129,11070,9411,31071,31196,11987,12883,1607,4319,9571,31299,162,6894,11636,11869,14101,20089,8568,935
1	307	1524	17030,14091,7766,12705,22373,6028,8610,11421,8129,11070,9411,31071,31196,11987,12883,1607,4319,9571,31299,162,6894,11636,11869,14101,20089,8568,935,32307
1	307	2621	17030,14091,7766,12705,22373,6028,8610,11421,8129,11070,9411,31071,31196,11987,12883,1607,4319,9571,31299,162,6894,11636,11869,14101,20089,8568,935,32307,1524
1	307	4706	17030,14091,7766,12705,22373,6028,8610,11421,8129,11070,9411,31071,31196,11987,12883,1607,4319,9571,31299,162,6894,11636,11869,14101,20089,8568,935,32307,1524,2621
1	307	6730	17030,14091,7766,12705,22373,6028,8610,11421,8129,11070,9411,31071,31196,11987,12883,1607,4319,9571,31299,162,6894,11636,11869,14101,20089,8568,935,32307,1524,2621,4706
1	307	10851	17030,14091,7766,12705,22373,6028,8610,11421,8129,11070,9411,31071,31196,11987,12883,1607,4319,9571,31299,162,6894,11636,11869,14101,20089,8568,935,32307,1524,2621,4706,6730
1	307	11416	17030,14091,7766,12705,22373,6028,8610,11421,8129,11070,9411,31071,31196,11987,12883,1607,4319,9571,31299,162,6894,11636,11869,14101,20089,8568,935,32307,1524,2621,4706,6730,10851
0	307	1151	17030,14091,7766,12705,22373,6028,8610,11421,8129,11070,9411,31071,31196,11987,12883,1607,4319,9571,31299,162,6894,11636,11869,14101,20089,8568,935,32307,1524,2621,4706,6730,10851,11416
0	307	9484	17030,14091,7766,12705,22373,6028,8610,11421,8129,11070,9411,31071,31196,11987,12883,1607,4319,9571,31299,162,6894,11636,11869,14101,20089,8568,935,32307,1524,2621,4706,6730,10851,11416
1	307	6264	17030,14091,7766,12705,22373,6028,8610,11421,8129,11070,9411,31071,31196,11987,12883,1607,4319,9571,31299,162,6894,11636,11869,14101,20089,8568,935,32307,1524,2621,4706,6730,10851,11416
0	307	2606	17030,14091,7766,12705,22373,6028,8610,11421,8129,11070,9411,31071,31196,11987,12883,1607,4319,9571,31299,162,6894,11636,11869,14101,20089,8568,935,32307,1524,2621,4706,6730,10851,11416,6264
1	307	2323	17030,14091,7766,12705,22373,6028,8610,11421,8129,11070,9411,31071,31196,11987,12883,1607,4319,9571,31299,162,6894,11636,11869,14101,20089,8568,935,32307,1524,2621,4706,6730,10851,11416,6264
1	307	13217	17030,14091,7766,12705,22373,6028,8610,11421,8129,11070,9411,31071,31196,11987,12883,1607,4319,9571,31299,162,6894,11636,11869,14101,20089,8568,935,32307,1524,2621,4706,6730,10851,11416,6264,2323
0	307	9074	17030,14091,7766,12705,22373,6028,8610,11421,8129,11070,9411,31071,31196,11987,12883,1607,4319,9571,31299,162,6894,11636,11869,14101,20089,8568,935,32307,1524,2621,4706,6730,10851,11416,6264,2323,13217
0	307	12508	17030,14091,7766,12705,22373,6028,8610,11421,8129,11070,9411,31071,31196,11987,12883,1607,4319,9571,31299,162,6894,11636,11869,14101,20089,8568,935,32307,1524,2621,4706,6730,10851,11416,6264,2323,13217
1	307	1440	17030,14091,7766,12705,22373,6028,8610,11421,8129,11070,9411,31071,31196,11987,12883,1607,4319,9571,31299,162,6894,11636,11869,14101,20089,8568,935,32307,1524,2621,4706,6730,10851,11416,6264,2323,13217
0	307	1756	17030,14091,7766,12705,22373,6028,8610,11421,8129,11070,9411,31071,31196,11987,12883,1607,4319,9571,31299,162,6894,11636,11869,14101,20089,8568,935,32307,1524,2621,4706,6730,10851,11416,6264,2323,13217,1440
1	307	19142	17030,14091,7766,12705,22373,6028,8610,11421,8129,11070,9411,31071,31196,11987,12883,1607,4319,9571,31299,162,6894,11636,11869,14101,20089,8568,935,32307,1524,2621,4706,6730,10851,11416,6264,2323,13217,1440
1	307	22792	17030,14091,7766,12705,22373,6028,8610,11421,8129,11070,9411,31071,31196,11987,12883,1607,4319,9571,31299,162,6894,11636,11869,14101,20089,8568,935,32307,1524,2621,4706,6730,10851,11416,6264,2323,13217,1440,19142
1	307	22626	17030,14091,7766,12705,22373,6028,8610,11421,8129,11070,9411,31071,31196,11987,12883,1607,4319,9571,31299,162,6894,11636,11869,14101,20089,8568,935,32307,1524,2621,4706,6730,10851,11416,6264,2323,13217,1440,19142,22792
0	307	2809	17030,14091,7766,12705,22373,6028,8610,11421,8129,11070,9411,31071,31196,11987,12883,1607,4319,9571,31299,162,6894,11636,11869,14101,20089,8568,935,32307,1524,2621,4706,6730,10851,11416,6264,2323,13217,1440,19142,22792,22626
1	307	32827	17030,14091,7766,12705,22373,6028,8610,11421,8129,11070,9411,31071,31196,11987,12883,1607,4319,9571,31299,162,6894,11636,11869,14101,20089,8568,935,32307,1524,2621,4706,6730,10851,11416,6264,2323,13217,1440,19142,22792,22626
1	307	11866	17030,14091,7766,12705,22373,6028,8610,11421,8129,11070,9411,31071,31196,11987,12883,1607,4319,9571,31299,162,6894,11636,11869,14101,20089,8568,935,32307,1524,2621,4706,6730,10851,11416,6264,2323,13217,1440,19142,22792,22626,32827
0	307	10493	17030,14091,7766,12705,22373,6028,8610,11421,8129,11070,9411,31071,31196,11987,12883,1607,4319,9571,31299,162,6894,11636,11869,14101,20089,8568,935,32307,1524,2621,4706,6730,10851,11416,6264,2323,13217,1440,19142,22792,22626,32827,11866
0	307	12650	17030,14091,7766,12705,22373,6028,8610,11421,8129,11070,9411,31071,31196,11987,12883,1607,4319,9571,31299,162,6894,11636,11869,14101,20089,8568,935,32307,1524,2621,4706,6730,10851,11416,6264,2323,13217,1440,19142,22792,22626,32827,11866
0	307	6091	17030,14091,7766,12705,22373,6028,8610,11421,8129,11070,9411,31071,31196,11987,12883,1607,4319,9571,31299,162,6894,11636,11869,14101,20089,8568,935,32307,1524,2621,4706,6730,10851,11416,6264,2323,13217,1440,19142,22792,22626,32827,11866
1	307	19699	17030,14091,7766,12705,22373,6028,8610,11421,8129,11070,9411,31071,31196,11987,12883,1607,4319,9571,31299,162,6894,11636,11869,14101,20089,8568,935,32307,1524,2621,4706,6730,10851,11416,6264,2323,13217,1440,19142,22792,22626,32827,11866
1	307	31341	17030,14091,7766,12705,22373,6028,8610,11421,8129,11070,9411,31071,31196,11987,12883,1607,4319,9571,31299,162,6894,11636,11869,14101,20089,8568,935,32307,1524,2621,4706,6730,10851,11416,6264,2323,13217,1440,19142,22792,22626,32827,11866,19699
1	307	6892	17030,14091,7766,12705,22373,6028,8610,11421,8129,11070,9411,31071,31196,11987,12883,1607,4319,9571,31299,162,6894,11636,11869,14101,20089,8568,935,32307,1524,2621,4706,6730,10851,11416,6264,2323,13217,1440,19142,22792,22626,32827,11866,19699,31341
0	307	17038	17030,14091,7766,12705,22373,6028,8610,11421,8129,11070,9411,31071,31196,11987,12883,1607,4319,9571,31299,162,6894,11636,11869,14101,20089,8568,935,32307,1524,2621,4706,6730,10851,11416,6264,2323,13217,1440,19142,22792,22626,32827,11866,19699,31341,6892
0	307	24673	17030,14091,7766,12705,22373,6028,8610,11421,8129,11070,9411,31071,31196,11987,12883,1607,4319,9571,31299,162,6894,11636,11869,14101,20089,8568,935,32307,1524,2621,4706,6730,10851,11416,6264,2323,13217,1440,19142,22792,22626,32827,11866,19699,31341,6892
1	307	23381	17030,14091,7766,12705,22373,6028,8610,11421,8129,11070,9411,31071,31196,11987,12883,1607,4319,9571,31299,162,6894,11636,11869,14101,20089,8568,935,32307,1524,2621,4706,6730,10851,11416,6264,2323,13217,1440,19142,22792,22626,32827,11866,19699,31341,6892
1	307	11867	17030,14091,7766,12705,22373,6028,8610,11421,8129,11070,9411,31071,31196,11987,12883,1607,4319,9571,31299,162,6894,11636,11869,14101,20089,8568,935,32307,1524,2621,4706,6730,10851,11416,6264,2323,13217,1440,19142,22792,22626,32827,11866,19699,31341,6892,23381
0	307	19886	17030,14091,7766,12705,22373,6028,8610,11421,8129,11070,9411,31071,31196,11987,12883,1607,4319,9571,31299,162,6894,11636,11869,14101,20089,8568,935,32307,1524,2621,4706,6730,10851,11416,6264,2323,13217,1440,19142,22792,22626,32827,11866,19699,31341,6892,23381,11867
1	307	26763	17030,14091,7766,12705,22373,6028,8610,11421,8129,11070,9411,31071,31196,11987,12883,1607,4319,9571,31299,162,6894,11636,11869,14101,20089,8568,935,32307,1524,2621,4706,6730,10851,11416,6264,2323,13217,1440,19142,22792,22626,32827,11866,19699,31341,6892,23381,11867
1	307	27255	17030,14091,7766,12705,22373,6028,8610,11421,8129,11070,9411,31071,31196,11987,12883,1607,4319,9571,31299,162,6894,11636,11869,14101,20089,8568,935,32307,1524,2621,4706,6730,10851,11416,6264,2323,13217,1440,19142,22792,22626,32827,11866,19699,31341,6892,23381,11867,26763
1	307	27091	17030,14091,7766,12705,22373,6028,8610,11421,8129,11070,9411,31071,31196,11987,12883,1607,4319,9571,31299,162,6894,11636,11869,14101,20089,8568,935,32307,1524,2621,4706,6730,10851,11416,6264,2323,13217,1440,19142,22792,22626,32827,11866,19699,31341,6892,23381,11867,26763,27255
1	307	27700	17030,14091,7766,12705,22373,6028,8610,11421,8129,11070,9411,31071,31196,11987,12883,1607,4319,9571,31299,162,6894,11636,11869,14101,20089,8568,935,32307,1524,2621,4706,6730,10851,11416,6264,2323,13217,1440,19142,22792,22626,32827,11866,19699,31341,6892,23381,11867,26763,27255,27091
1	307	26966	17030,14091,7766,12705,22373,6028,8610,11421,8129,11070,9411,31071,31196,11987,12883,1607,4319,9571,31299,162,6894,11636,11869,14101,20089,8568,935,32307,1524,2621,4706,6730,10851,11416,6264,2323,13217,1440,19142,22792,22626,32827,11866,19699,31341,6892,23381,11867,26763,27255,27091,27700
1	307	26410	17030,14091,7766,12705,22373,6028,8610,11421,8129,11070,9411,31071,31196,11987,12883,1607,4319,9571,31299,162,6894,11636,11869,14101,20089,8568,935,32307,1524,2621,4706,6730,10851,11416,6264,2323,13217,1440,19142,22792,22626,32827,11866,19699,31341,6892,23381,11867,26763,27255,27091,27700,26966
1	307	5633	17030,14091,7766,12705,22373,6028,8610,11421,8129,11070,9411,31071,31196,11987,12883,1607,4319,9571,31299,162,6894,11636,11869,14101,20089,8568,935,32307,1524,2621,4706,6730,10851,11416,6264,2323,13217,1440,19142,22792,22626,32827,11866,19699,31341,6892,23381,11867,26763,27255,27091,27700,26966,26410
1	307	27664	17030,14091,7766,12705,22373,6028,8610,11421,8129,11070,9411,31071,31196,11987,12883,1607,4319,9571,31299,162,6894,11636,11869,14101,20089,8568,935,32307,1524,2621,4706,6730,10851,11416,6264,2323,13217,1440,19142,22792,22626,32827,11866,19699,31341,6892,23381,11867,26763,27255,27091,27700,26966,26410,5633
1	307	27763	17030,14091,7766,12705,22373,6028,8610,11421,8129,11070,9411,31071,31196,11987,12883,1607,4319,9571,31299,162,6894,11636,11869,14101,20089,8568,935,32307,1524,2621,4706,6730,10851,11416,6264,2323,13217,1440,19142,22792,22626,32827,11866,19699,31341,6892,23381,11867,26763,27255,27091,27700,26966,26410,5633,27664
1	307	28081	17030,14091,7766,12705,22373,6028,8610,11421,8129,11070,9411,31071,31196,11987,12883,1607,4319,9571,31299,162,6894,11636,11869,14101,20089,8568,935,32307,1524,2621,4706,6730,10851,11416,6264,2323,13217,1440,19142,22792,22626,32827,11866,19699,31341,6892,23381,11867,26763,27255,27091,27700,26966,26410,5633,27664,27763
1	307	28022	17030,14091,7766,12705,22373,6028,8610,11421,8129,11070,9411,31071,31196,11987,12883,1607,4319,9571,31299,162,6894,11636,11869,14101,20089,8568,935,32307,1524,2621,4706,6730,10851,11416,6264,2323,13217,1440,19142,22792,22626,32827,11866,19699,31341,6892,23381,11867,26763,27255,27091,27700,26966,26410,5633,27664,27763,28081
1	307	17208	17030,14091,7766,12705,22373,6028,8610,11421,8129,11070,9411,31071,31196,11987,12883,1607,4319,9571,31299,162,6894,11636,11869,14101,20089,8568,935,32307,1524,2621,4706,6730,10851,11416,6264,2323,13217,1440,19142,22792,22626,32827,11866,19699,31341,6892,23381,11867,26763,27255,27091,27700,26966,26410,5633,27664,27763,28081,28022
1	307	28535	17030,14091,7766,12705,22373,6028,8610,11421,8129,11070,9411,31071,31196,11987,12883,1607,4319,9571,31299,162,6894,11636,11869,14101,20089,8568,935,32307,1524,2621,4706,6730,10851,11416,6264,2323,13217,1440,19142,22792,22626,32827,11866,19699,31341,6892,23381,11867,26763,27255,27091,27700,26966,26410,5633,27664,27763,28081,28022,17208
1	307	3319	17030,14091,7766,12705,22373,6028,8610,11421,8129,11070,9411,31071,31196,11987,12883,1607,4319,9571,31299,162,6894,11636,11869,14101,20089,8568,935,32307,1524,2621,4706,6730,10851,11416,6264,2323,13217,1440,19142,22792,22626,32827,11866,19699,31341,6892,23381,11867,26763,27255,27091,27700,26966,26410,5633,27664,27763,28081,28022,17208,28535
1	307	13730	17030,14091,7766,12705,22373,6028,8610,11421,8129,11070,9411,31071,31196,11987,12883,1607,4319,9571,31299,162,6894,11636,11869,14101,20089,8568,935,32307,1524,2621,4706,6730,10851,11416,6264,2323,13217,1440,19142,22792,22626,32827,11866,19699,31341,6892,23381,11867,26763,27255,27091,27700,26966,26410,5633,27664,27763,28081,28022,17208,28535,3319
1	307	24076	17030,14091,7766,12705,22373,6028,8610,11421,8129,11070,9411,31071,31196,11987,12883,1607,4319,9571,31299,162,6894,11636,11869,14101,20089,8568,935,32307,1524,2621,4706,6730,10851,11416,6264,2323,13217,1440,19142,22792,22626,32827,11866,19699,31341,6892,23381,11867,26763,27255,27091,27700,26966,26410,5633,27664,27763,28081,28022,17208,28535,3319,13730
1	307	28514	17030,14091,7766,12705,22373,6028,8610,11421,8129,11070,9411,31071,31196,11987,12883,1607,4319,9571,31299,162,6894,11636,11869,14101,20089,8568,935,32307,1524,2621,4706,6730,10851,11416,6264,2323,13217,1440,19142,22792,22626,32827,11866,19699,31341,6892,23381,11867,26763,27255,27091,27700,26966,26410,5633,27664,27763,28081,28022,17208,28535,3319,13730,24076
1	307	27725	17030,14091,7766,12705,22373,6028,8610,11421,8129,11070,9411,31071,31196,11987,12883,1607,4319,9571,31299,162,6894,11636,11869,14101,20089,8568,935,32307,1524,2621,4706,6730,10851,11416,6264,2323,13217,1440,19142,22792,22626,32827,11866,19699,31341,6892,23381,11867,26763,27255,27091,27700,26966,26410,5633,27664,27763,28081,28022,17208,28535,3319,13730,24076,28514
1	307	27957	17030,14091,7766,12705,22373,6028,8610,11421,8129,11070,9411,31071,31196,11987,12883,1607,4319,9571,31299,162,6894,11636,11869,14101,20089,8568,935,32307,1524,2621,4706,6730,10851,11416,6264,2323,13217,1440,19142,22792,22626,32827,11866,19699,31341,6892,23381,11867,26763,27255,27091,27700,26966,26410,5633,27664,27763,28081,28022,17208,28535,3319,13730,24076,28514,27725
1	307	28907	17030,14091,7766,12705,22373,6028,8610,11421,8129,11070,9411,31071,31196,11987,12883,1607,4319,9571,31299,162,6894,11636,11869,14101,20089,8568,935,32307,1524,2621,4706,6730,10851,11416,6264,2323,13217,1440,19142,22792,22626,32827,11866,19699,31341,6892,23381,11867,26763,27255,27091,27700,26966,26410,5633,27664,27763,28081,28022,17208,28535,3319,13730,24076,28514,27725,27957
1	307	27872	17030,14091,7766,12705,22373,6028,8610,11421,8129,11070,9411,31071,31196,11987,12883,1607,4319,9571,31299,162,6894,11636,11869,14101,20089,8568,935,32307,1524,2621,4706,6730,10851,11416,6264,2323,13217,1440,19142,22792,22626,32827,11866,19699,31341,6892,23381,11867,26763,27255,27091,27700,26966,26410,5633,27664,27763,28081,28022,17208,28535,3319,13730,24076,28514,27725,27957,28907
1	307	28139	17030,14091,7766,12705,22373,6028,8610,11421,8129,11070,9411,31071,31196,11987,12883,1607,4319,9571,31299,162,6894,11636,11869,14101,20089,8568,935,32307,1524,2621,4706,6730,10851,11416,6264,2323,13217,1440,19142,22792,22626,32827,11866,19699,31341,6892,23381,11867,26763,27255,27091,27700,26966,26410,5633,27664,27763,28081,28022,17208,28535,3319,13730,24076,28514,27725,27957,28907,27872
1	307	27969	17030,14091,7766,12705,22373,6028,8610,11421,8129,11070,9411,31071,31196,11987,12883,1607,4319,9571,31299,162,6894,11636,11869,14101,20089,8568,935,32307,1524,2621,4706,6730,10851,11416,6264,2323,13217,1440,19142,22792,22626,32827,11866,19699,31341,6892,23381,11867,26763,27255,27091,27700,26966,26410,5633,27664,27763,28081,28022,17208,28535,3319,13730,24076,28514,27725,27957,28907,27872,28139
1	307	29075	17030,14091,7766,12705,22373,6028,8610,11421,8129,11070,9411,31071,31196,11987,12883,1607,4319,9571,31299,162,6894,11636,11869,14101,20089,8568,935,32307,1524,2621,4706,6730,10851,11416,6264,2323,13217,1440,19142,22792,22626,32827,11866,19699,31341,6892,23381,11867,26763,27255,27091,27700,26966,26410,5633,27664,27763,28081,28022,17208,28535,3319,13730,24076,28514,27725,27957,28907,27872,28139,27969
1	307	28305	17030,14091,7766,12705,22373,6028,8610,11421,8129,11070,9411,31071,31196,11987,12883,1607,4319,9571,31299,162,6894,11636,11869,14101,20089,8568,935,32307,1524,2621,4706,6730,10851,11416,6264,2323,13217,1440,19142,22792,22626,32827,11866,19699,31341,6892,23381,11867,26763,27255,27091,27700,26966,26410,5633,27664,27763,28081,28022,17208,28535,3319,13730,24076,28514,27725,27957,28907,27872,28139,27969,29075
1	307	27968	17030,14091,7766,12705,22373,6028,8610,11421,8129,11070,9411,31071,31196,11987,12883,1607,4319,9571,31299,162,6894,11636,11869,14101,20089,8568,935,32307,1524,2621,4706,6730,10851,11416,6264,2323,13217,1440,19142,22792,22626,32827,11866,19699,31341,6892,23381,11867,26763,27255,27091,27700,26966,26410,5633,27664,27763,28081,28022,17208,28535,3319,13730,24076,28514,27725,27957,28907,27872,28139,27969,29075,28305
1	307	28647	17030,14091,7766,12705,22373,6028,8610,11421,8129,11070,9411,31071,31196,11987,12883,1607,4319,9571,31299,162,6894,11636,11869,14101,20089,8568,935,32307,1524,2621,4706,6730,10851,11416,6264,2323,13217,1440,19142,22792,22626,32827,11866,19699,31341,6892,23381,11867,26763,27255,27091,27700,26966,26410,5633,27664,27763,28081,28022,17208,28535,3319,13730,24076,28514,27725,27957,28907,27872,28139,27969,29075,28305,27968
1	307	29036	17030,14091,7766,12705,22373,6028,8610,11421,8129,11070,9411,31071,31196,11987,12883,1607,4319,9571,31299,162,6894,11636,11869,14101,20089,8568,935,32307,1524,2621,4706,6730,10851,11416,6264,2323,13217,1440,19142,22792,22626,32827,11866,19699,31341,6892,23381,11867,26763,27255,27091,27700,26966,26410,5633,27664,27763,28081,28022,17208,28535,3319,13730,24076,28514,27725,27957,28907,27872,28139,27969,29075,28305,27968,28647
1	307	29037	17030,14091,7766,12705,22373,6028,8610,11421,8129,11070,9411,31071,31196,11987,12883,1607,4319,9571,31299,162,6894,11636,11869,14101,20089,8568,935,32307,1524,2621,4706,6730,10851,11416,6264,2323,13217,1440,19142,22792,22626,32827,11866,19699,31341,6892,23381,11867,26763,27255,27091,27700,26966,26410,5633,27664,27763,28081,28022,17208,28535,3319,13730,24076,28514,27725,27957,28907,27872,28139,27969,29075,28305,27968,28647,29036
1	307	28527	17030,14091,7766,12705,22373,6028,8610,11421,8129,11070,9411,31071,31196,11987,12883,1607,4319,9571,31299,162,6894,11636,11869,14101,20089,8568,935,32307,1524,2621,4706,6730,10851,11416,6264,2323,13217,1440,19142,22792,22626,32827,11866,19699,31341,6892,23381,11867,26763,27255,27091,27700,26966,26410,5633,27664,27763,28081,28022,17208,28535,3319,13730,24076,28514,27725,27957,28907,27872,28139,27969,29075,28305,27968,28647,29036,29037
1	307	28523	17030,14091,7766,12705,22373,6028,8610,11421,8129,11070,9411,31071,31196,11987,12883,1607,4319,9571,31299,162,6894,11636,11869,14101,20089,8568,935,32307,1524,2621,4706,6730,10851,11416,6264,2323,13217,1440,19142,22792,22626,32827,11866,19699,31341,6892,23381,11867,26763,27255,27091,27700,26966,26410,5633,27664,27763,28081,28022,17208,28535,3319,13730,24076,28514,27725,27957,28907,27872,28139,27969,29075,28305,27968,28647,29036,29037,28527
1	307	22713	17030,14091,7766,12705,22373,6028,8610,11421,8129,11070,9411,31071,31196,11987,12883,1607,4319,9571,31299,162,6894,11636,11869,14101,20089,8568,935,32307,1524,2621,4706,6730,10851,11416,6264,2323,13217,1440,19142,22792,22626,32827,11866,19699,31341,6892,23381,11867,26763,27255,27091,27700,26966,26410,5633,27664,27763,28081,28022,17208,28535,3319,13730,24076,28514,27725,27957,28907,27872,28139,27969,29075,28305,27968,28647,29036,29037,28527,28523
1	307	27748	17030,14091,7766,12705,22373,6028,8610,11421,8129,11070,9411,31071,31196,11987,12883,1607,4319,9571,31299,162,6894,11636,11869,14101,20089,8568,935,32307,1524,2621,4706,6730,10851,11416,6264,2323,13217,1440,19142,22792,22626,32827,11866,19699,31341,6892,23381,11867,26763,27255,27091,27700,26966,26410,5633,27664,27763,28081,28022,17208,28535,3319,13730,24076,28514,27725,27957,28907,27872,28139,27969,29075,28305,27968,28647,29036,29037,28527,28523,22713
1	307	29231	17030,14091,7766,12705,22373,6028,8610,11421,8129,11070,9411,31071,31196,11987,12883,1607,4319,9571,31299,162,6894,11636,11869,14101,20089,8568,935,32307,1524,2621,4706,6730,10851,11416,6264,2323,13217,1440,19142,22792,22626,32827,11866,19699,31341,6892,23381,11867,26763,27255,27091,27700,26966,26410,5633,27664,27763,28081,28022,17208,28535,3319,13730,24076,28514,27725,27957,28907,27872,28139,27969,29075,28305,27968,28647,29036,29037,28527,28523,22713,27748
1	307	29450	17030,14091,7766,12705,22373,6028,8610,11421,8129,11070,9411,31071,31196,11987,12883,1607,4319,9571,31299,162,6894,11636,11869,14101,20089,8568,935,32307,1524,2621,4706,6730,10851,11416,6264,2323,13217,1440,19142,22792,22626,32827,11866,19699,31341,6892,23381,11867,26763,27255,27091,27700,26966,26410,5633,27664,27763,28081,28022,17208,28535,3319,13730,24076,28514,27725,27957,28907,27872,28139,27969,29075,28305,27968,28647,29036,29037,28527,28523,22713,27748,29231
1	307	29124	17030,14091,7766,12705,22373,6028,8610,11421,8129,11070,9411,31071,31196,11987,12883,1607,4319,9571,31299,162,6894,11636,11869,14101,20089,8568,935,32307,1524,2621,4706,6730,10851,11416,6264,2323,13217,1440,19142,22792,22626,32827,11866,19699,31341,6892,23381,11867,26763,27255,27091,27700,26966,26410,5633,27664,27763,28081,28022,17208,28535,3319,13730,24076,28514,27725,27957,28907,27872,28139,27969,29075,28305,27968,28647,29036,29037,28527,28523,22713,27748,29231,29450
1	307	28915	17030,14091,7766,12705,22373,6028,8610,11421,8129,11070,9411,31071,31196,11987,12883,1607,4319,9571,31299,162,6894,11636,11869,14101,20089,8568,935,32307,1524,2621,4706,6730,10851,11416,6264,2323,13217,1440,19142,22792,22626,32827,11866,19699,31341,6892,23381,11867,26763,27255,27091,27700,26966,26410,5633,27664,27763,28081,28022,17208,28535,3319,13730,24076,28514,27725,27957,28907,27872,28139,27969,29075,28305,27968,28647,29036,29037,28527,28523,22713,27748,29231,29450,29124
1	307	28140	17030,14091,7766,12705,22373,6028,8610,11421,8129,11070,9411,31071,31196,11987,12883,1607,4319,9571,31299,162,6894,11636,11869,14101,20089,8568,935,32307,1524,2621,4706,6730,10851,11416,6264,2323,13217,1440,19142,22792,22626,32827,11866,19699,31341,6892,23381,11867,26763,27255,27091,27700,26966,26410,5633,27664,27763,28081,28022,17208,28535,3319,13730,24076,28514,27725,27957,28907,27872,28139,27969,29075,28305,27968,28647,29036,29037,28527,28523,22713,27748,29231,29450,29124,28915
1	307	28472	17030,14091,7766,12705,22373,6028,8610,11421,8129,11070,9411,31071,31196,11987,12883,1607,4319,9571,31299,162,6894,11636,11869,14101,20089,8568,935,32307,1524,2621,4706,6730,10851,11416,6264,2323,13217,1440,19142,22792,22626,32827,11866,19699,31341,6892,23381,11867,26763,27255,27091,27700,26966,26410,5633,27664,27763,28081,28022,17208,28535,3319,13730,24076,28514,27725,27957,28907,27872,28139,27969,29075,28305,27968,28647,29036,29037,28527,28523,22713,27748,29231,29450,29124,28915,28140
1	307	28524	17030,14091,7766,12705,22373,6028,8610,11421,8129,11070,9411,31071,31196,11987,12883,1607,4319,9571,31299,162,6894,11636,11869,14101,20089,8568,935,32307,1524,2621,4706,6730,10851,11416,6264,2323,13217,1440,19142,22792,22626,32827,11866,19699,31341,6892,23381,11867,26763,27255,27091,27700,26966,26410,5633,27664,27763,28081,28022,17208,28535,3319,13730,24076,28514,27725,27957,28907,27872,28139,27969,29075,28305,27968,28647,29036,29037,28527,28523,22713,27748,29231,29450,29124,28915,28140,28472
1	307	29463	17030,14091,7766,12705,22373,6028,8610,11421,8129,11070,9411,31071,31196,11987,12883,1607,4319,9571,31299,162,6894,11636,11869,14101,20089,8568,935,32307,1524,2621,4706,6730,10851,11416,6264,2323,13217,1440,19142,22792,22626,32827,11866,19699,31341,6892,23381,11867,26763,27255,27091,27700,26966,26410,5633,27664,27763,28081,28022,17208,28535,3319,13730,24076,28514,27725,27957,28907,27872,28139,27969,29075,28305,27968,28647,29036,29037,28527,28523,22713,27748,29231,29450,29124,28915,28140,28472,28524
1	307	23462	17030,14091,7766,12705,22373,6028,8610,11421,8129,11070,9411,31071,31196,11987,12883,1607,4319,9571,31299,162,6894,11636,11869,14101,20089,8568,935,32307,1524,2621,4706,6730,10851,11416,6264,2323,13217,1440,19142,22792,22626,32827,11866,19699,31341,6892,23381,11867,26763,27255,27091,27700,26966,26410,5633,27664,27763,28081,28022,17208,28535,3319,13730,24076,28514,27725,27957,28907,27872,28139,27969,29075,28305,27968,28647,29036,29037,28527,28523,22713,27748,29231,29450,29124,28915,28140,28472,28524,29463
1	307	28185	17030,14091,7766,12705,22373,6028,8610,11421,8129,11070,9411,31071,31196,11987,12883,1607,4319,9571,31299,162,6894,11636,11869,14101,20089,8568,935,32307,1524,2621,4706,6730,10851,11416,6264,2323,13217,1440,19142,22792,22626,32827,11866,19699,31341,6892,23381,11867,26763,27255,27091,27700,26966,26410,5633,27664,27763,28081,28022,17208,28535,3319,13730,24076,28514,27725,27957,28907,27872,28139,27969,29075,28305,27968,28647,29036,29037,28527,28523,22713,27748,29231,29450,29124,28915,28140,28472,28524,29463,23462
1	307	29170	17030,14091,7766,12705,22373,6028,8610,11421,8129,11070,9411,31071,31196,11987,12883,1607,4319,9571,31299,162,6894,11636,11869,14101,20089,8568,935,32307,1524,2621,4706,6730,10851,11416,6264,2323,13217,1440,19142,22792,22626,32827,11866,19699,31341,6892,23381,11867,26763,27255,27091,27700,26966,26410,5633,27664,27763,28081,28022,17208,28535,3319,13730,24076,28514,27725,27957,28907,27872,28139,27969,29075,28305,27968,28647,29036,29037,28527,28523,22713,27748,29231,29450,29124,28915,28140,28472,28524,29463,23462,28185
1	307	29621	17030,14091,7766,12705,22373,6028,8610,11421,8129,11070,9411,31071,31196,11987,12883,1607,4319,9571,31299,162,6894,11636,11869,14101,20089,8568,935,32307,1524,2621,4706,6730,10851,11416,6264,2323,13217,1440,19142,22792,22626,32827,11866,19699,31341,6892,23381,11867,26763,27255,27091,27700,26966,26410,5633,27664,27763,28081,28022,17208,28535,3319,13730,24076,28514,27725,27957,28907,27872,28139,27969,29075,28305,27968,28647,29036,29037,28527,28523,22713,27748,29231,29450,29124,28915,28140,28472,28524,29463,23462,28185,29170
1	307	29618	17030,14091,7766,12705,22373,6028,8610,11421,8129,11070,9411,31071,31196,11987,12883,1607,4319,9571,31299,162,6894,11636,11869,14101,20089,8568,935,32307,1524,2621,4706,6730,10851,11416,6264,2323,13217,1440,19142,22792,22626,32827,11866,19699,31341,6892,23381,11867,26763,27255,27091,27700,26966,26410,5633,27664,27763,28081,28022,17208,28535,3319,13730,24076,28514,27725,27957,28907,27872,28139,27969,29075,28305,27968,28647,29036,29037,28527,28523,22713,27748,29231,29450,29124,28915,28140,28472,28524,29463,23462,28185,29170,29621
1	307	29622	17030,14091,7766,12705,22373,6028,8610,11421,8129,11070,9411,31071,31196,11987,12883,1607,4319,9571,31299,162,6894,11636,11869,14101,20089,8568,935,32307,1524,2621,4706,6730,10851,11416,6264,2323,13217,1440,19142,22792,22626,32827,11866,19699,31341,6892,23381,11867,26763,27255,27091,27700,26966,26410,5633,27664,27763,28081,28022,17208,28535,3319,13730,24076,28514,27725,27957,28907,27872,28139,27969,29075,28305,27968,28647,29036,29037,28527,28523,22713,27748,29231,29450,29124,28915,28140,28472,28524,29463,23462,28185,29170,29621,29618
1	307	29623	17030,14091,7766,12705,22373,6028,8610,11421,8129,11070,9411,31071,31196,11987,12883,1607,4319,9571,31299,162,6894,11636,11869,14101,20089,8568,935,32307,1524,2621,4706,6730,10851,11416,6264,2323,13217,1440,19142,22792,22626,32827,11866,19699,31341,6892,23381,11867,26763,27255,27091,27700,26966,26410,5633,27664,27763,28081,28022,17208,28535,3319,13730,24076,28514,27725,27957,28907,27872,28139,27969,29075,28305,27968,28647,29036,29037,28527,28523,22713,27748,29231,29450,29124,28915,28140,28472,28524,29463,23462,28185,29170,29621,29618,29622
1	307	29201	17030,14091,7766,12705,22373,6028,8610,11421,8129,11070,9411,31071,31196,11987,12883,1607,4319,9571,31299,162,6894,11636,11869,14101,20089,8568,935,32307,1524,2621,4706,6730,10851,11416,6264,2323,13217,1440,19142,22792,22626,32827,11866,19699,31341,6892,23381,11867,26763,27255,27091,27700,26966,26410,5633,27664,27763,28081,28022,17208,28535,3319,13730,24076,28514,27725,27957,28907,27872,28139,27969,29075,28305,27968,28647,29036,29037,28527,28523,22713,27748,29231,29450,29124,28915,28140,28472,28524,29463,23462,28185,29170,29621,29618,29622,29623
1	307	29730	17030,14091,7766,12705,22373,6028,8610,11421,8129,11070,9411,31071,31196,11987,12883,1607,4319,9571,31299,162,6894,11636,11869,14101,20089,8568,935,32307,1524,2621,4706,6730,10851,11416,6264,2323,13217,1440,19142,22792,22626,32827,11866,19699,31341,6892,23381,11867,26763,27255,27091,27700,26966,26410,5633,27664,27763,28081,28022,17208,28535,3319,13730,24076,28514,27725,27957,28907,27872,28139,27969,29075,28305,27968,28647,29036,29037,28527,28523,22713,27748,29231,29450,29124,28915,28140,28472,28524,29463,23462,28185,29170,29621,29618,29622,29623,29201
1	307	29872	17030,14091,7766,12705,22373,6028,8610,11421,8129,11070,9411,31071,31196,11987,12883,1607,4319,9571,31299,162,6894,11636,11869,14101,20089,8568,935,32307,1524,2621,4706,6730,10851,11416,6264,2323,13217,1440,19142,22792,22626,32827,11866,19699,31341,6892,23381,11867,26763,27255,27091,27700,26966,26410,5633,27664,27763,28081,28022,17208,28535,3319,13730,24076,28514,27725,27957,28907,27872,28139,27969,29075,28305,27968,28647,29036,29037,28527,28523,22713,27748,29231,29450,29124,28915,28140,28472,28524,29463,23462,28185,29170,29621,29618,29622,29623,29201,29730
1	307	29873	17030,14091,7766,12705,22373,6028,8610,11421,8129,11070,9411,31071,31196,11987,12883,1607,4319,9571,31299,162,6894,11636,11869,14101,20089,8568,935,32307,1524,2621,4706,6730,10851,11416,6264,2323,13217,1440,19142,22792,22626,32827,11866,19699,31341,6892,23381,11867,26763,27255,27091,27700,26966,26410,5633,27664,27763,28081,28022,17208,28535,3319,13730,24076,28514,27725,27957,28907,27872,28139,27969,29075,28305,27968,28647,29036,29037,28527,28523,22713,27748,29231,29450,29124,28915,28140,28472,28524,29463,23462,28185,29170,29621,29618,29622,29623,29201,29730,29872
1	307	29800	17030,14091,7766,12705,22373,6028,8610,11421,8129,11070,9411,31071,31196,11987,12883,1607,4319,9571,31299,162,6894,11636,11869,14101,20089,8568,935,32307,1524,2621,4706,6730,10851,11416,6264,2323,13217,1440,19142,22792,22626,32827,11866,19699,31341,6892,23381,11867,26763,27255,27091,27700,26966,26410,5633,27664,27763,28081,28022,17208,28535,3319,13730,24076,28514,27725,27957,28907,27872,28139,27969,29075,28305,27968,28647,29036,29037,28527,28523,22713,27748,29231,29450,29124,28915,28140,28472,28524,29463,23462,28185,29170,29621,29618,29622,29623,29201,29730,29872,29873
1	307	29186	17030,14091,7766,12705,22373,6028,8610,11421,8129,11070,9411,31071,31196,11987,12883,1607,4319,9571,31299,162,6894,11636,11869,14101,20089,8568,935,32307,1524,2621,4706,6730,10851,11416,6264,2323,13217,1440,19142,22792,22626,32827,11866,19699,31341,6892,23381,11867,26763,27255,27091,27700,26966,26410,5633,27664,27763,28081,28022,17208,28535,3319,13730,24076,28514,27725,27957,28907,27872,28139,27969,29075,28305,27968,28647,29036,29037,28527,28523,22713,27748,29231,29450,29124,28915,28140,28472,28524,29463,23462,28185,29170,29621,29618,29622,29623,29201,29730,29872,29873,29800
1	307	28348	17030,14091,7766,12705,22373,6028,8610,11421,8129,11070,9411,31071,31196,11987,12883,1607,4319,9571,31299,162,6894,11636,11869,14101,20089,8568,935,32307,1524,2621,4706,6730,10851,11416,6264,2323,13217,1440,19142,22792,22626,32827,11866,19699,31341,6892,23381,11867,26763,27255,27091,27700,26966,26410,5633,27664,27763,28081,28022,17208,28535,3319,13730,24076,28514,27725,27957,28907,27872,28139,27969,29075,28305,27968,28647,29036,29037,28527,28523,22713,27748,29231,29450,29124,28915,28140,28472,28524,29463,23462,28185,29170,29621,29618,29622,29623,29201,29730,29872,29873,29800,29186
