0	799	6400	0
0	799	4857	0
0	799	20861	0
0	799	8620	0
0	799	19762	0
0	799	7432	0
0	799	25668	0
0	799	4157	0
0	799	6264	0
0	799	7993	0
0	799	9627	0
0	799	11228	0
0	799	12860	0
0	799	14636	0
0	799	17840	0
0	799	11666	0
1	799	7426	0
0	799	11264	7426
1	799	19055	7426
0	799	22092	7426,19055
1	799	10879	7426,19055
1	799	14078	7426,19055,10879
0	799	18589	7426,19055,10879,14078
1	799	20980	7426,19055,10879,14078
0	799	13523	7426,19055,10879,14078,20980
1	799	10198	7426,19055,10879,14078,20980
0	799	601	7426,19055,10879,14078,20980,10198
0	799	9064	7426,19055,10879,14078,20980,10198
0	799	24682	7426,19055,10879,14078,20980,10198
