0	349	5218	0
0	349	8758	0
1	349	11739	0
1	349	12040	11739
1	349	9911	11739,12040
0	349	15796	11739,12040,9911
0	349	16921	11739,12040,9911
1	349	18139	11739,12040,9911
1	349	17387	11739,12040,9911,18139
0	349	20007	11739,12040,9911,18139,17387
1	349	20625	11739,12040,9911,18139,17387
1	349	25568	11739,12040,9911,18139,17387,20625
1	349	26842	11739,12040,9911,18139,17387,20625,25568
0	349	27369	11739,12040,9911,18139,17387,20625,25568,26842
1	349	27586	11739,12040,9911,18139,17387,20625,25568,26842
1	349	23768	11739,12040,9911,18139,17387,20625,25568,26842,27586
0	349	24048	11739,12040,9911,18139,17387,20625,25568,26842,27586,23768
0	349	28021	11739,12040,9911,18139,17387,20625,25568,26842,27586,23768
0	349	14497	11739,12040,9911,18139,17387,20625,25568,26842,27586,23768
1	349	28100	11739,12040,9911,18139,17387,20625,25568,26842,27586,23768
1	349	28479	11739,12040,9911,18139,17387,20625,25568,26842,27586,23768,28100
1	349	20691	11739,12040,9911,18139,17387,20625,25568,26842,27586,23768,28100,28479
1	349	28208	11739,12040,9911,18139,17387,20625,25568,26842,27586,23768,28100,28479,20691
0	349	28609	11739,12040,9911,18139,17387,20625,25568,26842,27586,23768,28100,28479,20691,28208
1	349	28902	11739,12040,9911,18139,17387,20625,25568,26842,27586,23768,28100,28479,20691,28208
1	349	26781	11739,12040,9911,18139,17387,20625,25568,26842,27586,23768,28100,28479,20691,28208,28902
1	349	29132	11739,12040,9911,18139,17387,20625,25568,26842,27586,23768,28100,28479,20691,28208,28902,26781
