1	1209	6704	0
1	1209	31731	6704
1	1209	1653	6704,31731
1	1209	1655	6704,31731,1653
1	1209	1796	6704,31731,1653,1655
1	1209	3264	6704,31731,1653,1655,1796
1	1209	5185	6704,31731,1653,1655,1796,3264
1	1209	8726	6704,31731,1653,1655,1796,3264,5185
1	1209	8931	6704,31731,1653,1655,1796,3264,5185,8726
1	1209	9972	6704,31731,1653,1655,1796,3264,5185,8726,8931
1	1209	3103	6704,31731,1653,1655,1796,3264,5185,8726,8931,9972
1	1209	8198	6704,31731,1653,1655,1796,3264,5185,8726,8931,9972,3103
1	1209	19022	6704,31731,1653,1655,1796,3264,5185,8726,8931,9972,3103,8198
1	1209	20023	6704,31731,1653,1655,1796,3264,5185,8726,8931,9972,3103,8198,19022
1	1209	22990	6704,31731,1653,1655,1796,3264,5185,8726,8931,9972,3103,8198,19022,20023
1	1209	32396	6704,31731,1653,1655,1796,3264,5185,8726,8931,9972,3103,8198,19022,20023,22990
