1	1315	5738	0
1	1315	13796	5738
1	1315	5272	5738,13796
0	1315	13606	5738,13796,5272
0	1315	31853	5738,13796,5272
0	1315	15172	5738,13796,5272
0	1315	16528	5738,13796,5272
1	1315	13600	5738,13796,5272
1	1315	29576	5738,13796,5272,13600
1	1315	27238	5738,13796,5272,13600,29576
1	1315	31289	5738,13796,5272,13600,29576,27238
0	1315	19459	5738,13796,5272,13600,29576,27238,31289
0	1315	83	5738,13796,5272,13600,29576,27238,31289
1	1315	23334	5738,13796,5272,13600,29576,27238,31289
1	1315	24307	5738,13796,5272,13600,29576,27238,31289,23334
1	1315	6561	5738,13796,5272,13600,29576,27238,31289,23334,24307
1	1315	570	5738,13796,5272,13600,29576,27238,31289,23334,24307,6561
0	1315	21563	5738,13796,5272,13600,29576,27238,31289,23334,24307,6561,570
1	1315	31803	5738,13796,5272,13600,29576,27238,31289,23334,24307,6561,570
1	1315	11913	5738,13796,5272,13600,29576,27238,31289,23334,24307,6561,570,31803
1	1315	33120	5738,13796,5272,13600,29576,27238,31289,23334,24307,6561,570,31803,11913
1	1315	2019	5738,13796,5272,13600,29576,27238,31289,23334,24307,6561,570,31803,11913,33120
1	1315	31762	5738,13796,5272,13600,29576,27238,31289,23334,24307,6561,570,31803,11913,33120,2019
1	1315	7215	5738,13796,5272,13600,29576,27238,31289,23334,24307,6561,570,31803,11913,33120,2019,31762
1	1315	3220	5738,13796,5272,13600,29576,27238,31289,23334,24307,6561,570,31803,11913,33120,2019,31762,7215
1	1315	2269	5738,13796,5272,13600,29576,27238,31289,23334,24307,6561,570,31803,11913,33120,2019,31762,7215,3220
0	1315	23623	5738,13796,5272,13600,29576,27238,31289,23334,24307,6561,570,31803,11913,33120,2019,31762,7215,3220,2269
1	1315	31328	5738,13796,5272,13600,29576,27238,31289,23334,24307,6561,570,31803,11913,33120,2019,31762,7215,3220,2269
1	1315	31217	5738,13796,5272,13600,29576,27238,31289,23334,24307,6561,570,31803,11913,33120,2019,31762,7215,3220,2269,31328
1	1315	7329	5738,13796,5272,13600,29576,27238,31289,23334,24307,6561,570,31803,11913,33120,2019,31762,7215,3220,2269,31328,31217
1	1315	2466	5738,13796,5272,13600,29576,27238,31289,23334,24307,6561,570,31803,11913,33120,2019,31762,7215,3220,2269,31328,31217,7329
1	1315	3222	5738,13796,5272,13600,29576,27238,31289,23334,24307,6561,570,31803,11913,33120,2019,31762,7215,3220,2269,31328,31217,7329,2466
1	1315	5215	5738,13796,5272,13600,29576,27238,31289,23334,24307,6561,570,31803,11913,33120,2019,31762,7215,3220,2269,31328,31217,7329,2466,3222
1	1315	5321	5738,13796,5272,13600,29576,27238,31289,23334,24307,6561,570,31803,11913,33120,2019,31762,7215,3220,2269,31328,31217,7329,2466,3222,5215
1	1315	5128	5738,13796,5272,13600,29576,27238,31289,23334,24307,6561,570,31803,11913,33120,2019,31762,7215,3220,2269,31328,31217,7329,2466,3222,5215,5321
1	1315	6528	5738,13796,5272,13600,29576,27238,31289,23334,24307,6561,570,31803,11913,33120,2019,31762,7215,3220,2269,31328,31217,7329,2466,3222,5215,5321,5128
1	1315	5131	5738,13796,5272,13600,29576,27238,31289,23334,24307,6561,570,31803,11913,33120,2019,31762,7215,3220,2269,31328,31217,7329,2466,3222,5215,5321,5128,6528
1	1315	32077	5738,13796,5272,13600,29576,27238,31289,23334,24307,6561,570,31803,11913,33120,2019,31762,7215,3220,2269,31328,31217,7329,2466,3222,5215,5321,5128,6528,5131
0	1315	2665	5738,13796,5272,13600,29576,27238,31289,23334,24307,6561,570,31803,11913,33120,2019,31762,7215,3220,2269,31328,31217,7329,2466,3222,5215,5321,5128,6528,5131,32077
1	1315	8086	5738,13796,5272,13600,29576,27238,31289,23334,24307,6561,570,31803,11913,33120,2019,31762,7215,3220,2269,31328,31217,7329,2466,3222,5215,5321,5128,6528,5131,32077
1	1315	32560	5738,13796,5272,13600,29576,27238,31289,23334,24307,6561,570,31803,11913,33120,2019,31762,7215,3220,2269,31328,31217,7329,2466,3222,5215,5321,5128,6528,5131,32077,8086
0	1315	2057	5738,13796,5272,13600,29576,27238,31289,23334,24307,6561,570,31803,11913,33120,2019,31762,7215,3220,2269,31328,31217,7329,2466,3222,5215,5321,5128,6528,5131,32077,8086,32560
1	1315	4295	5738,13796,5272,13600,29576,27238,31289,23334,24307,6561,570,31803,11913,33120,2019,31762,7215,3220,2269,31328,31217,7329,2466,3222,5215,5321,5128,6528,5131,32077,8086,32560
1	1315	32520	5738,13796,5272,13600,29576,27238,31289,23334,24307,6561,570,31803,11913,33120,2019,31762,7215,3220,2269,31328,31217,7329,2466,3222,5215,5321,5128,6528,5131,32077,8086,32560,4295
1	1315	1074	5738,13796,5272,13600,29576,27238,31289,23334,24307,6561,570,31803,11913,33120,2019,31762,7215,3220,2269,31328,31217,7329,2466,3222,5215,5321,5128,6528,5131,32077,8086,32560,4295,32520
1	1315	6780	5738,13796,5272,13600,29576,27238,31289,23334,24307,6561,570,31803,11913,33120,2019,31762,7215,3220,2269,31328,31217,7329,2466,3222,5215,5321,5128,6528,5131,32077,8086,32560,4295,32520,1074
0	1315	9181	5738,13796,5272,13600,29576,27238,31289,23334,24307,6561,570,31803,11913,33120,2019,31762,7215,3220,2269,31328,31217,7329,2466,3222,5215,5321,5128,6528,5131,32077,8086,32560,4295,32520,1074,6780
1	1315	5880	5738,13796,5272,13600,29576,27238,31289,23334,24307,6561,570,31803,11913,33120,2019,31762,7215,3220,2269,31328,31217,7329,2466,3222,5215,5321,5128,6528,5131,32077,8086,32560,4295,32520,1074,6780
1	1315	6801	5738,13796,5272,13600,29576,27238,31289,23334,24307,6561,570,31803,11913,33120,2019,31762,7215,3220,2269,31328,31217,7329,2466,3222,5215,5321,5128,6528,5131,32077,8086,32560,4295,32520,1074,6780,5880
0	1315	1131	5738,13796,5272,13600,29576,27238,31289,23334,24307,6561,570,31803,11913,33120,2019,31762,7215,3220,2269,31328,31217,7329,2466,3222,5215,5321,5128,6528,5131,32077,8086,32560,4295,32520,1074,6780,5880,6801
1	1315	2037	5738,13796,5272,13600,29576,27238,31289,23334,24307,6561,570,31803,11913,33120,2019,31762,7215,3220,2269,31328,31217,7329,2466,3222,5215,5321,5128,6528,5131,32077,8086,32560,4295,32520,1074,6780,5880,6801
1	1315	2296	5738,13796,5272,13600,29576,27238,31289,23334,24307,6561,570,31803,11913,33120,2019,31762,7215,3220,2269,31328,31217,7329,2466,3222,5215,5321,5128,6528,5131,32077,8086,32560,4295,32520,1074,6780,5880,6801,2037
1	1315	9710	5738,13796,5272,13600,29576,27238,31289,23334,24307,6561,570,31803,11913,33120,2019,31762,7215,3220,2269,31328,31217,7329,2466,3222,5215,5321,5128,6528,5131,32077,8086,32560,4295,32520,1074,6780,5880,6801,2037,2296
1	1315	4334	5738,13796,5272,13600,29576,27238,31289,23334,24307,6561,570,31803,11913,33120,2019,31762,7215,3220,2269,31328,31217,7329,2466,3222,5215,5321,5128,6528,5131,32077,8086,32560,4295,32520,1074,6780,5880,6801,2037,2296,9710
1	1315	10292	5738,13796,5272,13600,29576,27238,31289,23334,24307,6561,570,31803,11913,33120,2019,31762,7215,3220,2269,31328,31217,7329,2466,3222,5215,5321,5128,6528,5131,32077,8086,32560,4295,32520,1074,6780,5880,6801,2037,2296,9710,4334
1	1315	14134	5738,13796,5272,13600,29576,27238,31289,23334,24307,6561,570,31803,11913,33120,2019,31762,7215,3220,2269,31328,31217,7329,2466,3222,5215,5321,5128,6528,5131,32077,8086,32560,4295,32520,1074,6780,5880,6801,2037,2296,9710,4334,10292
1	1315	12549	5738,13796,5272,13600,29576,27238,31289,23334,24307,6561,570,31803,11913,33120,2019,31762,7215,3220,2269,31328,31217,7329,2466,3222,5215,5321,5128,6528,5131,32077,8086,32560,4295,32520,1074,6780,5880,6801,2037,2296,9710,4334,10292,14134
0	1315	13308	5738,13796,5272,13600,29576,27238,31289,23334,24307,6561,570,31803,11913,33120,2019,31762,7215,3220,2269,31328,31217,7329,2466,3222,5215,5321,5128,6528,5131,32077,8086,32560,4295,32520,1074,6780,5880,6801,2037,2296,9710,4334,10292,14134,12549
1	1315	10937	5738,13796,5272,13600,29576,27238,31289,23334,24307,6561,570,31803,11913,33120,2019,31762,7215,3220,2269,31328,31217,7329,2466,3222,5215,5321,5128,6528,5131,32077,8086,32560,4295,32520,1074,6780,5880,6801,2037,2296,9710,4334,10292,14134,12549
1	1315	11869	5738,13796,5272,13600,29576,27238,31289,23334,24307,6561,570,31803,11913,33120,2019,31762,7215,3220,2269,31328,31217,7329,2466,3222,5215,5321,5128,6528,5131,32077,8086,32560,4295,32520,1074,6780,5880,6801,2037,2296,9710,4334,10292,14134,12549,10937
1	1315	14644	5738,13796,5272,13600,29576,27238,31289,23334,24307,6561,570,31803,11913,33120,2019,31762,7215,3220,2269,31328,31217,7329,2466,3222,5215,5321,5128,6528,5131,32077,8086,32560,4295,32520,1074,6780,5880,6801,2037,2296,9710,4334,10292,14134,12549,10937,11869
