0	274	23003	0
0	274	4045	0
0	274	21451	0
1	274	29876	0
0	274	4576	29876
0	274	5331	29876
0	274	5625	29876
0	274	20421	29876
0	274	1379	29876
0	274	6762	29876
0	274	3256	29876
1	274	11866	29876
0	274	13227	29876,11866
0	274	12313	29876,11866
0	274	17634	29876,11866
0	274	18008	29876,11866
0	274	26438	29876,11866
0	274	19620	29876,11866
0	274	13416	29876,11866
1	274	1947	29876,11866
0	274	20105	29876,11866,1947
0	274	17152	29876,11866,1947
0	274	17657	29876,11866,1947
1	274	17915	29876,11866,1947
0	274	10601	29876,11866,1947,17915
0	274	24181	29876,11866,1947,17915
0	274	24929	29876,11866,1947,17915
0	274	23452	29876,11866,1947,17915
0	274	23491	29876,11866,1947,17915
0	274	2836	29876,11866,1947,17915
0	274	22948	29876,11866,1947,17915
0	274	9647	29876,11866,1947,17915
0	274	26063	29876,11866,1947,17915
0	274	837	29876,11866,1947,17915
0	274	20625	29876,11866,1947,17915
0	274	23768	29876,11866,1947,17915
0	274	22646	29876,11866,1947,17915
0	274	29311	29876,11866,1947,17915
0	274	29310	29876,11866,1947,17915
