1	928	10288	0
0	928	18802	10288
1	928	32140	10288
1	928	1505	10288,32140
0	928	5243	10288,32140,1505
1	928	7342	10288,32140,1505
1	928	9082	10288,32140,1505,7342
0	928	14134	10288,32140,1505,7342,9082
1	928	14356	10288,32140,1505,7342,9082
1	928	16780	10288,32140,1505,7342,9082,14356
1	928	16916	10288,32140,1505,7342,9082,14356,16780
1	928	17381	10288,32140,1505,7342,9082,14356,16780,16916
1	928	19698	10288,32140,1505,7342,9082,14356,16780,16916,17381
1	928	31263	10288,32140,1505,7342,9082,14356,16780,16916,17381,19698
1	928	17949	10288,32140,1505,7342,9082,14356,16780,16916,17381,19698,31263
1	928	4699	10288,32140,1505,7342,9082,14356,16780,16916,17381,19698,31263,17949
0	928	6400	10288,32140,1505,7342,9082,14356,16780,16916,17381,19698,31263,17949,4699
1	928	11671	10288,32140,1505,7342,9082,14356,16780,16916,17381,19698,31263,17949,4699
1	928	2129	10288,32140,1505,7342,9082,14356,16780,16916,17381,19698,31263,17949,4699,11671
1	928	4752	10288,32140,1505,7342,9082,14356,16780,16916,17381,19698,31263,17949,4699,11671,2129
0	928	5293	10288,32140,1505,7342,9082,14356,16780,16916,17381,19698,31263,17949,4699,11671,2129,4752
1	928	9064	10288,32140,1505,7342,9082,14356,16780,16916,17381,19698,31263,17949,4699,11671,2129,4752
1	928	5865	10288,32140,1505,7342,9082,14356,16780,16916,17381,19698,31263,17949,4699,11671,2129,4752,9064
1	928	20247	10288,32140,1505,7342,9082,14356,16780,16916,17381,19698,31263,17949,4699,11671,2129,4752,9064,5865
1	928	16395	10288,32140,1505,7342,9082,14356,16780,16916,17381,19698,31263,17949,4699,11671,2129,4752,9064,5865,20247
0	928	19472	10288,32140,1505,7342,9082,14356,16780,16916,17381,19698,31263,17949,4699,11671,2129,4752,9064,5865,20247,16395
1	928	4204	10288,32140,1505,7342,9082,14356,16780,16916,17381,19698,31263,17949,4699,11671,2129,4752,9064,5865,20247,16395
1	928	18835	10288,32140,1505,7342,9082,14356,16780,16916,17381,19698,31263,17949,4699,11671,2129,4752,9064,5865,20247,16395,4204
1	928	19462	10288,32140,1505,7342,9082,14356,16780,16916,17381,19698,31263,17949,4699,11671,2129,4752,9064,5865,20247,16395,4204,18835
0	928	20786	10288,32140,1505,7342,9082,14356,16780,16916,17381,19698,31263,17949,4699,11671,2129,4752,9064,5865,20247,16395,4204,18835,19462
1	928	22434	10288,32140,1505,7342,9082,14356,16780,16916,17381,19698,31263,17949,4699,11671,2129,4752,9064,5865,20247,16395,4204,18835,19462
0	928	13472	10288,32140,1505,7342,9082,14356,16780,16916,17381,19698,31263,17949,4699,11671,2129,4752,9064,5865,20247,16395,4204,18835,19462,22434
0	928	21281	10288,32140,1505,7342,9082,14356,16780,16916,17381,19698,31263,17949,4699,11671,2129,4752,9064,5865,20247,16395,4204,18835,19462,22434
1	928	24945	10288,32140,1505,7342,9082,14356,16780,16916,17381,19698,31263,17949,4699,11671,2129,4752,9064,5865,20247,16395,4204,18835,19462,22434
0	928	12435	10288,32140,1505,7342,9082,14356,16780,16916,17381,19698,31263,17949,4699,11671,2129,4752,9064,5865,20247,16395,4204,18835,19462,22434,24945
1	928	16267	10288,32140,1505,7342,9082,14356,16780,16916,17381,19698,31263,17949,4699,11671,2129,4752,9064,5865,20247,16395,4204,18835,19462,22434,24945
0	928	20888	10288,32140,1505,7342,9082,14356,16780,16916,17381,19698,31263,17949,4699,11671,2129,4752,9064,5865,20247,16395,4204,18835,19462,22434,24945,16267
1	928	22332	10288,32140,1505,7342,9082,14356,16780,16916,17381,19698,31263,17949,4699,11671,2129,4752,9064,5865,20247,16395,4204,18835,19462,22434,24945,16267
1	928	22735	10288,32140,1505,7342,9082,14356,16780,16916,17381,19698,31263,17949,4699,11671,2129,4752,9064,5865,20247,16395,4204,18835,19462,22434,24945,16267,22332
1	928	8743	10288,32140,1505,7342,9082,14356,16780,16916,17381,19698,31263,17949,4699,11671,2129,4752,9064,5865,20247,16395,4204,18835,19462,22434,24945,16267,22332,22735
1	928	3322	10288,32140,1505,7342,9082,14356,16780,16916,17381,19698,31263,17949,4699,11671,2129,4752,9064,5865,20247,16395,4204,18835,19462,22434,24945,16267,22332,22735,8743
1	928	9710	10288,32140,1505,7342,9082,14356,16780,16916,17381,19698,31263,17949,4699,11671,2129,4752,9064,5865,20247,16395,4204,18835,19462,22434,24945,16267,22332,22735,8743,3322
1	928	9824	10288,32140,1505,7342,9082,14356,16780,16916,17381,19698,31263,17949,4699,11671,2129,4752,9064,5865,20247,16395,4204,18835,19462,22434,24945,16267,22332,22735,8743,3322,9710
1	928	20584	10288,32140,1505,7342,9082,14356,16780,16916,17381,19698,31263,17949,4699,11671,2129,4752,9064,5865,20247,16395,4204,18835,19462,22434,24945,16267,22332,22735,8743,3322,9710,9824
1	928	21719	10288,32140,1505,7342,9082,14356,16780,16916,17381,19698,31263,17949,4699,11671,2129,4752,9064,5865,20247,16395,4204,18835,19462,22434,24945,16267,22332,22735,8743,3322,9710,9824,20584
0	928	9156	10288,32140,1505,7342,9082,14356,16780,16916,17381,19698,31263,17949,4699,11671,2129,4752,9064,5865,20247,16395,4204,18835,19462,22434,24945,16267,22332,22735,8743,3322,9710,9824,20584,21719
1	928	26628	10288,32140,1505,7342,9082,14356,16780,16916,17381,19698,31263,17949,4699,11671,2129,4752,9064,5865,20247,16395,4204,18835,19462,22434,24945,16267,22332,22735,8743,3322,9710,9824,20584,21719
1	928	19456	10288,32140,1505,7342,9082,14356,16780,16916,17381,19698,31263,17949,4699,11671,2129,4752,9064,5865,20247,16395,4204,18835,19462,22434,24945,16267,22332,22735,8743,3322,9710,9824,20584,21719,26628
1	928	18795	10288,32140,1505,7342,9082,14356,16780,16916,17381,19698,31263,17949,4699,11671,2129,4752,9064,5865,20247,16395,4204,18835,19462,22434,24945,16267,22332,22735,8743,3322,9710,9824,20584,21719,26628,19456
