0	1818	1100	0
1	1818	32312	0
0	1818	32621	32312
1	1818	4246	32312
0	1818	3481	32312,4246
0	1818	4	32312,4246
1	1818	3430	32312,4246
1	1818	32785	32312,4246,3430
0	1818	31721	32312,4246,3430,32785
1	1818	4208	32312,4246,3430,32785
0	1818	6370	32312,4246,3430,32785,4208
0	1818	6538	32312,4246,3430,32785,4208
1	1818	9210	32312,4246,3430,32785,4208
0	1818	4428	32312,4246,3430,32785,4208,9210
0	1818	7394	32312,4246,3430,32785,4208,9210
0	1818	3775	32312,4246,3430,32785,4208,9210
0	1818	7104	32312,4246,3430,32785,4208,9210
0	1818	13823	32312,4246,3430,32785,4208,9210
0	1818	11213	32312,4246,3430,32785,4208,9210
0	1818	13820	32312,4246,3430,32785,4208,9210
1	1818	17820	32312,4246,3430,32785,4208,9210
1	1818	17215	32312,4246,3430,32785,4208,9210,17820
0	1818	21166	32312,4246,3430,32785,4208,9210,17820,17215
0	1818	23502	32312,4246,3430,32785,4208,9210,17820,17215
0	1818	26822	32312,4246,3430,32785,4208,9210,17820,17215
0	1818	18514	32312,4246,3430,32785,4208,9210,17820,17215
0	1818	21339	32312,4246,3430,32785,4208,9210,17820,17215
0	1818	1232	32312,4246,3430,32785,4208,9210,17820,17215
1	1818	23328	32312,4246,3430,32785,4208,9210,17820,17215
0	1818	25372	32312,4246,3430,32785,4208,9210,17820,17215,23328
1	1818	23303	32312,4246,3430,32785,4208,9210,17820,17215,23328
0	1818	26090	32312,4246,3430,32785,4208,9210,17820,17215,23328,23303
