1	39	4328	0
1	39	6853	4328
1	39	3956	4328,6853
1	39	11564	4328,6853,3956
1	39	5230	4328,6853,3956,11564
1	39	13666	4328,6853,3956,11564,5230
1	39	17130	4328,6853,3956,11564,5230,13666
0	39	13825	4328,6853,3956,11564,5230,13666,17130
0	39	15844	4328,6853,3956,11564,5230,13666,17130
1	39	14122	4328,6853,3956,11564,5230,13666,17130
1	39	16102	4328,6853,3956,11564,5230,13666,17130,14122
1	39	32709	4328,6853,3956,11564,5230,13666,17130,14122,16102
1	39	7213	4328,6853,3956,11564,5230,13666,17130,14122,16102,32709
0	39	16672	4328,6853,3956,11564,5230,13666,17130,14122,16102,32709,7213
1	39	16235	4328,6853,3956,11564,5230,13666,17130,14122,16102,32709,7213
1	39	20564	4328,6853,3956,11564,5230,13666,17130,14122,16102,32709,7213,16235
1	39	20424	4328,6853,3956,11564,5230,13666,17130,14122,16102,32709,7213,16235,20564
1	39	18821	4328,6853,3956,11564,5230,13666,17130,14122,16102,32709,7213,16235,20564,20424
1	39	20627	4328,6853,3956,11564,5230,13666,17130,14122,16102,32709,7213,16235,20564,20424,18821
1	39	22470	4328,6853,3956,11564,5230,13666,17130,14122,16102,32709,7213,16235,20564,20424,18821,20627
1	39	21873	4328,6853,3956,11564,5230,13666,17130,14122,16102,32709,7213,16235,20564,20424,18821,20627,22470
1	39	16261	4328,6853,3956,11564,5230,13666,17130,14122,16102,32709,7213,16235,20564,20424,18821,20627,22470,21873
1	39	9401	4328,6853,3956,11564,5230,13666,17130,14122,16102,32709,7213,16235,20564,20424,18821,20627,22470,21873,16261
1	39	23348	4328,6853,3956,11564,5230,13666,17130,14122,16102,32709,7213,16235,20564,20424,18821,20627,22470,21873,16261,9401
1	39	14821	4328,6853,3956,11564,5230,13666,17130,14122,16102,32709,7213,16235,20564,20424,18821,20627,22470,21873,16261,9401,23348
1	39	1660	4328,6853,3956,11564,5230,13666,17130,14122,16102,32709,7213,16235,20564,20424,18821,20627,22470,21873,16261,9401,23348,14821
1	39	7740	4328,6853,3956,11564,5230,13666,17130,14122,16102,32709,7213,16235,20564,20424,18821,20627,22470,21873,16261,9401,23348,14821,1660
1	39	13435	4328,6853,3956,11564,5230,13666,17130,14122,16102,32709,7213,16235,20564,20424,18821,20627,22470,21873,16261,9401,23348,14821,1660,7740
1	39	17863	4328,6853,3956,11564,5230,13666,17130,14122,16102,32709,7213,16235,20564,20424,18821,20627,22470,21873,16261,9401,23348,14821,1660,7740,13435
1	39	22423	4328,6853,3956,11564,5230,13666,17130,14122,16102,32709,7213,16235,20564,20424,18821,20627,22470,21873,16261,9401,23348,14821,1660,7740,13435,17863
1	39	12093	4328,6853,3956,11564,5230,13666,17130,14122,16102,32709,7213,16235,20564,20424,18821,20627,22470,21873,16261,9401,23348,14821,1660,7740,13435,17863,22423
1	39	12178	4328,6853,3956,11564,5230,13666,17130,14122,16102,32709,7213,16235,20564,20424,18821,20627,22470,21873,16261,9401,23348,14821,1660,7740,13435,17863,22423,12093
1	39	22221	4328,6853,3956,11564,5230,13666,17130,14122,16102,32709,7213,16235,20564,20424,18821,20627,22470,21873,16261,9401,23348,14821,1660,7740,13435,17863,22423,12093,12178
1	39	6025	4328,6853,3956,11564,5230,13666,17130,14122,16102,32709,7213,16235,20564,20424,18821,20627,22470,21873,16261,9401,23348,14821,1660,7740,13435,17863,22423,12093,12178,22221
1	39	23444	4328,6853,3956,11564,5230,13666,17130,14122,16102,32709,7213,16235,20564,20424,18821,20627,22470,21873,16261,9401,23348,14821,1660,7740,13435,17863,22423,12093,12178,22221,6025
1	39	5210	4328,6853,3956,11564,5230,13666,17130,14122,16102,32709,7213,16235,20564,20424,18821,20627,22470,21873,16261,9401,23348,14821,1660,7740,13435,17863,22423,12093,12178,22221,6025,23444
0	39	13865	4328,6853,3956,11564,5230,13666,17130,14122,16102,32709,7213,16235,20564,20424,18821,20627,22470,21873,16261,9401,23348,14821,1660,7740,13435,17863,22423,12093,12178,22221,6025,23444,5210
1	39	32885	4328,6853,3956,11564,5230,13666,17130,14122,16102,32709,7213,16235,20564,20424,18821,20627,22470,21873,16261,9401,23348,14821,1660,7740,13435,17863,22423,12093,12178,22221,6025,23444,5210
1	39	33090	4328,6853,3956,11564,5230,13666,17130,14122,16102,32709,7213,16235,20564,20424,18821,20627,22470,21873,16261,9401,23348,14821,1660,7740,13435,17863,22423,12093,12178,22221,6025,23444,5210,32885
1	39	12087	4328,6853,3956,11564,5230,13666,17130,14122,16102,32709,7213,16235,20564,20424,18821,20627,22470,21873,16261,9401,23348,14821,1660,7740,13435,17863,22423,12093,12178,22221,6025,23444,5210,32885,33090
1	39	15699	4328,6853,3956,11564,5230,13666,17130,14122,16102,32709,7213,16235,20564,20424,18821,20627,22470,21873,16261,9401,23348,14821,1660,7740,13435,17863,22423,12093,12178,22221,6025,23444,5210,32885,33090,12087
1	39	22111	4328,6853,3956,11564,5230,13666,17130,14122,16102,32709,7213,16235,20564,20424,18821,20627,22470,21873,16261,9401,23348,14821,1660,7740,13435,17863,22423,12093,12178,22221,6025,23444,5210,32885,33090,12087,15699
0	39	17551	4328,6853,3956,11564,5230,13666,17130,14122,16102,32709,7213,16235,20564,20424,18821,20627,22470,21873,16261,9401,23348,14821,1660,7740,13435,17863,22423,12093,12178,22221,6025,23444,5210,32885,33090,12087,15699,22111
1	39	18052	4328,6853,3956,11564,5230,13666,17130,14122,16102,32709,7213,16235,20564,20424,18821,20627,22470,21873,16261,9401,23348,14821,1660,7740,13435,17863,22423,12093,12178,22221,6025,23444,5210,32885,33090,12087,15699,22111
1	39	25038	4328,6853,3956,11564,5230,13666,17130,14122,16102,32709,7213,16235,20564,20424,18821,20627,22470,21873,16261,9401,23348,14821,1660,7740,13435,17863,22423,12093,12178,22221,6025,23444,5210,32885,33090,12087,15699,22111,18052
1	39	4282	4328,6853,3956,11564,5230,13666,17130,14122,16102,32709,7213,16235,20564,20424,18821,20627,22470,21873,16261,9401,23348,14821,1660,7740,13435,17863,22423,12093,12178,22221,6025,23444,5210,32885,33090,12087,15699,22111,18052,25038
1	39	6889	4328,6853,3956,11564,5230,13666,17130,14122,16102,32709,7213,16235,20564,20424,18821,20627,22470,21873,16261,9401,23348,14821,1660,7740,13435,17863,22423,12093,12178,22221,6025,23444,5210,32885,33090,12087,15699,22111,18052,25038,4282
1	39	22205	4328,6853,3956,11564,5230,13666,17130,14122,16102,32709,7213,16235,20564,20424,18821,20627,22470,21873,16261,9401,23348,14821,1660,7740,13435,17863,22423,12093,12178,22221,6025,23444,5210,32885,33090,12087,15699,22111,18052,25038,4282,6889
1	39	21767	4328,6853,3956,11564,5230,13666,17130,14122,16102,32709,7213,16235,20564,20424,18821,20627,22470,21873,16261,9401,23348,14821,1660,7740,13435,17863,22423,12093,12178,22221,6025,23444,5210,32885,33090,12087,15699,22111,18052,25038,4282,6889,22205
1	39	11869	4328,6853,3956,11564,5230,13666,17130,14122,16102,32709,7213,16235,20564,20424,18821,20627,22470,21873,16261,9401,23348,14821,1660,7740,13435,17863,22423,12093,12178,22221,6025,23444,5210,32885,33090,12087,15699,22111,18052,25038,4282,6889,22205,21767
1	39	3038	4328,6853,3956,11564,5230,13666,17130,14122,16102,32709,7213,16235,20564,20424,18821,20627,22470,21873,16261,9401,23348,14821,1660,7740,13435,17863,22423,12093,12178,22221,6025,23444,5210,32885,33090,12087,15699,22111,18052,25038,4282,6889,22205,21767,11869
1	39	26379	4328,6853,3956,11564,5230,13666,17130,14122,16102,32709,7213,16235,20564,20424,18821,20627,22470,21873,16261,9401,23348,14821,1660,7740,13435,17863,22423,12093,12178,22221,6025,23444,5210,32885,33090,12087,15699,22111,18052,25038,4282,6889,22205,21767,11869,3038
1	39	24653	4328,6853,3956,11564,5230,13666,17130,14122,16102,32709,7213,16235,20564,20424,18821,20627,22470,21873,16261,9401,23348,14821,1660,7740,13435,17863,22423,12093,12178,22221,6025,23444,5210,32885,33090,12087,15699,22111,18052,25038,4282,6889,22205,21767,11869,3038,26379
1	39	2564	4328,6853,3956,11564,5230,13666,17130,14122,16102,32709,7213,16235,20564,20424,18821,20627,22470,21873,16261,9401,23348,14821,1660,7740,13435,17863,22423,12093,12178,22221,6025,23444,5210,32885,33090,12087,15699,22111,18052,25038,4282,6889,22205,21767,11869,3038,26379,24653
1	39	7758	4328,6853,3956,11564,5230,13666,17130,14122,16102,32709,7213,16235,20564,20424,18821,20627,22470,21873,16261,9401,23348,14821,1660,7740,13435,17863,22423,12093,12178,22221,6025,23444,5210,32885,33090,12087,15699,22111,18052,25038,4282,6889,22205,21767,11869,3038,26379,24653,2564
1	39	9970	4328,6853,3956,11564,5230,13666,17130,14122,16102,32709,7213,16235,20564,20424,18821,20627,22470,21873,16261,9401,23348,14821,1660,7740,13435,17863,22423,12093,12178,22221,6025,23444,5210,32885,33090,12087,15699,22111,18052,25038,4282,6889,22205,21767,11869,3038,26379,24653,2564,7758
0	39	2587	4328,6853,3956,11564,5230,13666,17130,14122,16102,32709,7213,16235,20564,20424,18821,20627,22470,21873,16261,9401,23348,14821,1660,7740,13435,17863,22423,12093,12178,22221,6025,23444,5210,32885,33090,12087,15699,22111,18052,25038,4282,6889,22205,21767,11869,3038,26379,24653,2564,7758,9970
1	39	23760	4328,6853,3956,11564,5230,13666,17130,14122,16102,32709,7213,16235,20564,20424,18821,20627,22470,21873,16261,9401,23348,14821,1660,7740,13435,17863,22423,12093,12178,22221,6025,23444,5210,32885,33090,12087,15699,22111,18052,25038,4282,6889,22205,21767,11869,3038,26379,24653,2564,7758,9970
1	39	20625	4328,6853,3956,11564,5230,13666,17130,14122,16102,32709,7213,16235,20564,20424,18821,20627,22470,21873,16261,9401,23348,14821,1660,7740,13435,17863,22423,12093,12178,22221,6025,23444,5210,32885,33090,12087,15699,22111,18052,25038,4282,6889,22205,21767,11869,3038,26379,24653,2564,7758,9970,23760
1	39	15220	4328,6853,3956,11564,5230,13666,17130,14122,16102,32709,7213,16235,20564,20424,18821,20627,22470,21873,16261,9401,23348,14821,1660,7740,13435,17863,22423,12093,12178,22221,6025,23444,5210,32885,33090,12087,15699,22111,18052,25038,4282,6889,22205,21767,11869,3038,26379,24653,2564,7758,9970,23760,20625
1	39	18819	4328,6853,3956,11564,5230,13666,17130,14122,16102,32709,7213,16235,20564,20424,18821,20627,22470,21873,16261,9401,23348,14821,1660,7740,13435,17863,22423,12093,12178,22221,6025,23444,5210,32885,33090,12087,15699,22111,18052,25038,4282,6889,22205,21767,11869,3038,26379,24653,2564,7758,9970,23760,20625,15220
1	39	16484	4328,6853,3956,11564,5230,13666,17130,14122,16102,32709,7213,16235,20564,20424,18821,20627,22470,21873,16261,9401,23348,14821,1660,7740,13435,17863,22423,12093,12178,22221,6025,23444,5210,32885,33090,12087,15699,22111,18052,25038,4282,6889,22205,21767,11869,3038,26379,24653,2564,7758,9970,23760,20625,15220,18819
1	39	24788	4328,6853,3956,11564,5230,13666,17130,14122,16102,32709,7213,16235,20564,20424,18821,20627,22470,21873,16261,9401,23348,14821,1660,7740,13435,17863,22423,12093,12178,22221,6025,23444,5210,32885,33090,12087,15699,22111,18052,25038,4282,6889,22205,21767,11869,3038,26379,24653,2564,7758,9970,23760,20625,15220,18819,16484
1	39	24786	4328,6853,3956,11564,5230,13666,17130,14122,16102,32709,7213,16235,20564,20424,18821,20627,22470,21873,16261,9401,23348,14821,1660,7740,13435,17863,22423,12093,12178,22221,6025,23444,5210,32885,33090,12087,15699,22111,18052,25038,4282,6889,22205,21767,11869,3038,26379,24653,2564,7758,9970,23760,20625,15220,18819,16484,24788
1	39	23436	4328,6853,3956,11564,5230,13666,17130,14122,16102,32709,7213,16235,20564,20424,18821,20627,22470,21873,16261,9401,23348,14821,1660,7740,13435,17863,22423,12093,12178,22221,6025,23444,5210,32885,33090,12087,15699,22111,18052,25038,4282,6889,22205,21767,11869,3038,26379,24653,2564,7758,9970,23760,20625,15220,18819,16484,24788,24786
1	39	25250	4328,6853,3956,11564,5230,13666,17130,14122,16102,32709,7213,16235,20564,20424,18821,20627,22470,21873,16261,9401,23348,14821,1660,7740,13435,17863,22423,12093,12178,22221,6025,23444,5210,32885,33090,12087,15699,22111,18052,25038,4282,6889,22205,21767,11869,3038,26379,24653,2564,7758,9970,23760,20625,15220,18819,16484,24788,24786,23436
1	39	20971	4328,6853,3956,11564,5230,13666,17130,14122,16102,32709,7213,16235,20564,20424,18821,20627,22470,21873,16261,9401,23348,14821,1660,7740,13435,17863,22423,12093,12178,22221,6025,23444,5210,32885,33090,12087,15699,22111,18052,25038,4282,6889,22205,21767,11869,3038,26379,24653,2564,7758,9970,23760,20625,15220,18819,16484,24788,24786,23436,25250
1	39	24915	4328,6853,3956,11564,5230,13666,17130,14122,16102,32709,7213,16235,20564,20424,18821,20627,22470,21873,16261,9401,23348,14821,1660,7740,13435,17863,22423,12093,12178,22221,6025,23444,5210,32885,33090,12087,15699,22111,18052,25038,4282,6889,22205,21767,11869,3038,26379,24653,2564,7758,9970,23760,20625,15220,18819,16484,24788,24786,23436,25250,20971
1	39	25248	4328,6853,3956,11564,5230,13666,17130,14122,16102,32709,7213,16235,20564,20424,18821,20627,22470,21873,16261,9401,23348,14821,1660,7740,13435,17863,22423,12093,12178,22221,6025,23444,5210,32885,33090,12087,15699,22111,18052,25038,4282,6889,22205,21767,11869,3038,26379,24653,2564,7758,9970,23760,20625,15220,18819,16484,24788,24786,23436,25250,20971,24915
1	39	6432	4328,6853,3956,11564,5230,13666,17130,14122,16102,32709,7213,16235,20564,20424,18821,20627,22470,21873,16261,9401,23348,14821,1660,7740,13435,17863,22423,12093,12178,22221,6025,23444,5210,32885,33090,12087,15699,22111,18052,25038,4282,6889,22205,21767,11869,3038,26379,24653,2564,7758,9970,23760,20625,15220,18819,16484,24788,24786,23436,25250,20971,24915,25248
1	39	21627	4328,6853,3956,11564,5230,13666,17130,14122,16102,32709,7213,16235,20564,20424,18821,20627,22470,21873,16261,9401,23348,14821,1660,7740,13435,17863,22423,12093,12178,22221,6025,23444,5210,32885,33090,12087,15699,22111,18052,25038,4282,6889,22205,21767,11869,3038,26379,24653,2564,7758,9970,23760,20625,15220,18819,16484,24788,24786,23436,25250,20971,24915,25248,6432
1	39	24632	4328,6853,3956,11564,5230,13666,17130,14122,16102,32709,7213,16235,20564,20424,18821,20627,22470,21873,16261,9401,23348,14821,1660,7740,13435,17863,22423,12093,12178,22221,6025,23444,5210,32885,33090,12087,15699,22111,18052,25038,4282,6889,22205,21767,11869,3038,26379,24653,2564,7758,9970,23760,20625,15220,18819,16484,24788,24786,23436,25250,20971,24915,25248,6432,21627
1	39	27113	4328,6853,3956,11564,5230,13666,17130,14122,16102,32709,7213,16235,20564,20424,18821,20627,22470,21873,16261,9401,23348,14821,1660,7740,13435,17863,22423,12093,12178,22221,6025,23444,5210,32885,33090,12087,15699,22111,18052,25038,4282,6889,22205,21767,11869,3038,26379,24653,2564,7758,9970,23760,20625,15220,18819,16484,24788,24786,23436,25250,20971,24915,25248,6432,21627,24632
1	39	23795	4328,6853,3956,11564,5230,13666,17130,14122,16102,32709,7213,16235,20564,20424,18821,20627,22470,21873,16261,9401,23348,14821,1660,7740,13435,17863,22423,12093,12178,22221,6025,23444,5210,32885,33090,12087,15699,22111,18052,25038,4282,6889,22205,21767,11869,3038,26379,24653,2564,7758,9970,23760,20625,15220,18819,16484,24788,24786,23436,25250,20971,24915,25248,6432,21627,24632,27113
1	39	25817	4328,6853,3956,11564,5230,13666,17130,14122,16102,32709,7213,16235,20564,20424,18821,20627,22470,21873,16261,9401,23348,14821,1660,7740,13435,17863,22423,12093,12178,22221,6025,23444,5210,32885,33090,12087,15699,22111,18052,25038,4282,6889,22205,21767,11869,3038,26379,24653,2564,7758,9970,23760,20625,15220,18819,16484,24788,24786,23436,25250,20971,24915,25248,6432,21627,24632,27113,23795
1	39	27263	4328,6853,3956,11564,5230,13666,17130,14122,16102,32709,7213,16235,20564,20424,18821,20627,22470,21873,16261,9401,23348,14821,1660,7740,13435,17863,22423,12093,12178,22221,6025,23444,5210,32885,33090,12087,15699,22111,18052,25038,4282,6889,22205,21767,11869,3038,26379,24653,2564,7758,9970,23760,20625,15220,18819,16484,24788,24786,23436,25250,20971,24915,25248,6432,21627,24632,27113,23795,25817
1	39	26254	4328,6853,3956,11564,5230,13666,17130,14122,16102,32709,7213,16235,20564,20424,18821,20627,22470,21873,16261,9401,23348,14821,1660,7740,13435,17863,22423,12093,12178,22221,6025,23444,5210,32885,33090,12087,15699,22111,18052,25038,4282,6889,22205,21767,11869,3038,26379,24653,2564,7758,9970,23760,20625,15220,18819,16484,24788,24786,23436,25250,20971,24915,25248,6432,21627,24632,27113,23795,25817,27263
1	39	27255	4328,6853,3956,11564,5230,13666,17130,14122,16102,32709,7213,16235,20564,20424,18821,20627,22470,21873,16261,9401,23348,14821,1660,7740,13435,17863,22423,12093,12178,22221,6025,23444,5210,32885,33090,12087,15699,22111,18052,25038,4282,6889,22205,21767,11869,3038,26379,24653,2564,7758,9970,23760,20625,15220,18819,16484,24788,24786,23436,25250,20971,24915,25248,6432,21627,24632,27113,23795,25817,27263,26254
1	39	28291	4328,6853,3956,11564,5230,13666,17130,14122,16102,32709,7213,16235,20564,20424,18821,20627,22470,21873,16261,9401,23348,14821,1660,7740,13435,17863,22423,12093,12178,22221,6025,23444,5210,32885,33090,12087,15699,22111,18052,25038,4282,6889,22205,21767,11869,3038,26379,24653,2564,7758,9970,23760,20625,15220,18819,16484,24788,24786,23436,25250,20971,24915,25248,6432,21627,24632,27113,23795,25817,27263,26254,27255
1	39	27373	4328,6853,3956,11564,5230,13666,17130,14122,16102,32709,7213,16235,20564,20424,18821,20627,22470,21873,16261,9401,23348,14821,1660,7740,13435,17863,22423,12093,12178,22221,6025,23444,5210,32885,33090,12087,15699,22111,18052,25038,4282,6889,22205,21767,11869,3038,26379,24653,2564,7758,9970,23760,20625,15220,18819,16484,24788,24786,23436,25250,20971,24915,25248,6432,21627,24632,27113,23795,25817,27263,26254,27255,28291
1	39	21039	4328,6853,3956,11564,5230,13666,17130,14122,16102,32709,7213,16235,20564,20424,18821,20627,22470,21873,16261,9401,23348,14821,1660,7740,13435,17863,22423,12093,12178,22221,6025,23444,5210,32885,33090,12087,15699,22111,18052,25038,4282,6889,22205,21767,11869,3038,26379,24653,2564,7758,9970,23760,20625,15220,18819,16484,24788,24786,23436,25250,20971,24915,25248,6432,21627,24632,27113,23795,25817,27263,26254,27255,28291,27373
0	39	27919	4328,6853,3956,11564,5230,13666,17130,14122,16102,32709,7213,16235,20564,20424,18821,20627,22470,21873,16261,9401,23348,14821,1660,7740,13435,17863,22423,12093,12178,22221,6025,23444,5210,32885,33090,12087,15699,22111,18052,25038,4282,6889,22205,21767,11869,3038,26379,24653,2564,7758,9970,23760,20625,15220,18819,16484,24788,24786,23436,25250,20971,24915,25248,6432,21627,24632,27113,23795,25817,27263,26254,27255,28291,27373,21039
1	39	27954	4328,6853,3956,11564,5230,13666,17130,14122,16102,32709,7213,16235,20564,20424,18821,20627,22470,21873,16261,9401,23348,14821,1660,7740,13435,17863,22423,12093,12178,22221,6025,23444,5210,32885,33090,12087,15699,22111,18052,25038,4282,6889,22205,21767,11869,3038,26379,24653,2564,7758,9970,23760,20625,15220,18819,16484,24788,24786,23436,25250,20971,24915,25248,6432,21627,24632,27113,23795,25817,27263,26254,27255,28291,27373,21039
1	39	3666	4328,6853,3956,11564,5230,13666,17130,14122,16102,32709,7213,16235,20564,20424,18821,20627,22470,21873,16261,9401,23348,14821,1660,7740,13435,17863,22423,12093,12178,22221,6025,23444,5210,32885,33090,12087,15699,22111,18052,25038,4282,6889,22205,21767,11869,3038,26379,24653,2564,7758,9970,23760,20625,15220,18819,16484,24788,24786,23436,25250,20971,24915,25248,6432,21627,24632,27113,23795,25817,27263,26254,27255,28291,27373,21039,27954
1	39	28514	4328,6853,3956,11564,5230,13666,17130,14122,16102,32709,7213,16235,20564,20424,18821,20627,22470,21873,16261,9401,23348,14821,1660,7740,13435,17863,22423,12093,12178,22221,6025,23444,5210,32885,33090,12087,15699,22111,18052,25038,4282,6889,22205,21767,11869,3038,26379,24653,2564,7758,9970,23760,20625,15220,18819,16484,24788,24786,23436,25250,20971,24915,25248,6432,21627,24632,27113,23795,25817,27263,26254,27255,28291,27373,21039,27954,3666
0	39	32133	4328,6853,3956,11564,5230,13666,17130,14122,16102,32709,7213,16235,20564,20424,18821,20627,22470,21873,16261,9401,23348,14821,1660,7740,13435,17863,22423,12093,12178,22221,6025,23444,5210,32885,33090,12087,15699,22111,18052,25038,4282,6889,22205,21767,11869,3038,26379,24653,2564,7758,9970,23760,20625,15220,18819,16484,24788,24786,23436,25250,20971,24915,25248,6432,21627,24632,27113,23795,25817,27263,26254,27255,28291,27373,21039,27954,3666,28514
1	39	22137	4328,6853,3956,11564,5230,13666,17130,14122,16102,32709,7213,16235,20564,20424,18821,20627,22470,21873,16261,9401,23348,14821,1660,7740,13435,17863,22423,12093,12178,22221,6025,23444,5210,32885,33090,12087,15699,22111,18052,25038,4282,6889,22205,21767,11869,3038,26379,24653,2564,7758,9970,23760,20625,15220,18819,16484,24788,24786,23436,25250,20971,24915,25248,6432,21627,24632,27113,23795,25817,27263,26254,27255,28291,27373,21039,27954,3666,28514
0	39	26401	4328,6853,3956,11564,5230,13666,17130,14122,16102,32709,7213,16235,20564,20424,18821,20627,22470,21873,16261,9401,23348,14821,1660,7740,13435,17863,22423,12093,12178,22221,6025,23444,5210,32885,33090,12087,15699,22111,18052,25038,4282,6889,22205,21767,11869,3038,26379,24653,2564,7758,9970,23760,20625,15220,18819,16484,24788,24786,23436,25250,20971,24915,25248,6432,21627,24632,27113,23795,25817,27263,26254,27255,28291,27373,21039,27954,3666,28514,22137
1	39	26839	4328,6853,3956,11564,5230,13666,17130,14122,16102,32709,7213,16235,20564,20424,18821,20627,22470,21873,16261,9401,23348,14821,1660,7740,13435,17863,22423,12093,12178,22221,6025,23444,5210,32885,33090,12087,15699,22111,18052,25038,4282,6889,22205,21767,11869,3038,26379,24653,2564,7758,9970,23760,20625,15220,18819,16484,24788,24786,23436,25250,20971,24915,25248,6432,21627,24632,27113,23795,25817,27263,26254,27255,28291,27373,21039,27954,3666,28514,22137
1	39	28225	4328,6853,3956,11564,5230,13666,17130,14122,16102,32709,7213,16235,20564,20424,18821,20627,22470,21873,16261,9401,23348,14821,1660,7740,13435,17863,22423,12093,12178,22221,6025,23444,5210,32885,33090,12087,15699,22111,18052,25038,4282,6889,22205,21767,11869,3038,26379,24653,2564,7758,9970,23760,20625,15220,18819,16484,24788,24786,23436,25250,20971,24915,25248,6432,21627,24632,27113,23795,25817,27263,26254,27255,28291,27373,21039,27954,3666,28514,22137,26839
1	39	10481	4328,6853,3956,11564,5230,13666,17130,14122,16102,32709,7213,16235,20564,20424,18821,20627,22470,21873,16261,9401,23348,14821,1660,7740,13435,17863,22423,12093,12178,22221,6025,23444,5210,32885,33090,12087,15699,22111,18052,25038,4282,6889,22205,21767,11869,3038,26379,24653,2564,7758,9970,23760,20625,15220,18819,16484,24788,24786,23436,25250,20971,24915,25248,6432,21627,24632,27113,23795,25817,27263,26254,27255,28291,27373,21039,27954,3666,28514,22137,26839,28225
1	39	27750	4328,6853,3956,11564,5230,13666,17130,14122,16102,32709,7213,16235,20564,20424,18821,20627,22470,21873,16261,9401,23348,14821,1660,7740,13435,17863,22423,12093,12178,22221,6025,23444,5210,32885,33090,12087,15699,22111,18052,25038,4282,6889,22205,21767,11869,3038,26379,24653,2564,7758,9970,23760,20625,15220,18819,16484,24788,24786,23436,25250,20971,24915,25248,6432,21627,24632,27113,23795,25817,27263,26254,27255,28291,27373,21039,27954,3666,28514,22137,26839,28225,10481
1	39	28902	4328,6853,3956,11564,5230,13666,17130,14122,16102,32709,7213,16235,20564,20424,18821,20627,22470,21873,16261,9401,23348,14821,1660,7740,13435,17863,22423,12093,12178,22221,6025,23444,5210,32885,33090,12087,15699,22111,18052,25038,4282,6889,22205,21767,11869,3038,26379,24653,2564,7758,9970,23760,20625,15220,18819,16484,24788,24786,23436,25250,20971,24915,25248,6432,21627,24632,27113,23795,25817,27263,26254,27255,28291,27373,21039,27954,3666,28514,22137,26839,28225,10481,27750
1	39	21881	4328,6853,3956,11564,5230,13666,17130,14122,16102,32709,7213,16235,20564,20424,18821,20627,22470,21873,16261,9401,23348,14821,1660,7740,13435,17863,22423,12093,12178,22221,6025,23444,5210,32885,33090,12087,15699,22111,18052,25038,4282,6889,22205,21767,11869,3038,26379,24653,2564,7758,9970,23760,20625,15220,18819,16484,24788,24786,23436,25250,20971,24915,25248,6432,21627,24632,27113,23795,25817,27263,26254,27255,28291,27373,21039,27954,3666,28514,22137,26839,28225,10481,27750,28902
1	39	28555	4328,6853,3956,11564,5230,13666,17130,14122,16102,32709,7213,16235,20564,20424,18821,20627,22470,21873,16261,9401,23348,14821,1660,7740,13435,17863,22423,12093,12178,22221,6025,23444,5210,32885,33090,12087,15699,22111,18052,25038,4282,6889,22205,21767,11869,3038,26379,24653,2564,7758,9970,23760,20625,15220,18819,16484,24788,24786,23436,25250,20971,24915,25248,6432,21627,24632,27113,23795,25817,27263,26254,27255,28291,27373,21039,27954,3666,28514,22137,26839,28225,10481,27750,28902,21881
1	39	30993	4328,6853,3956,11564,5230,13666,17130,14122,16102,32709,7213,16235,20564,20424,18821,20627,22470,21873,16261,9401,23348,14821,1660,7740,13435,17863,22423,12093,12178,22221,6025,23444,5210,32885,33090,12087,15699,22111,18052,25038,4282,6889,22205,21767,11869,3038,26379,24653,2564,7758,9970,23760,20625,15220,18819,16484,24788,24786,23436,25250,20971,24915,25248,6432,21627,24632,27113,23795,25817,27263,26254,27255,28291,27373,21039,27954,3666,28514,22137,26839,28225,10481,27750,28902,21881,28555
0	39	5887	4328,6853,3956,11564,5230,13666,17130,14122,16102,32709,7213,16235,20564,20424,18821,20627,22470,21873,16261,9401,23348,14821,1660,7740,13435,17863,22423,12093,12178,22221,6025,23444,5210,32885,33090,12087,15699,22111,18052,25038,4282,6889,22205,21767,11869,3038,26379,24653,2564,7758,9970,23760,20625,15220,18819,16484,24788,24786,23436,25250,20971,24915,25248,6432,21627,24632,27113,23795,25817,27263,26254,27255,28291,27373,21039,27954,3666,28514,22137,26839,28225,10481,27750,28902,21881,28555,30993
1	39	9647	4328,6853,3956,11564,5230,13666,17130,14122,16102,32709,7213,16235,20564,20424,18821,20627,22470,21873,16261,9401,23348,14821,1660,7740,13435,17863,22423,12093,12178,22221,6025,23444,5210,32885,33090,12087,15699,22111,18052,25038,4282,6889,22205,21767,11869,3038,26379,24653,2564,7758,9970,23760,20625,15220,18819,16484,24788,24786,23436,25250,20971,24915,25248,6432,21627,24632,27113,23795,25817,27263,26254,27255,28291,27373,21039,27954,3666,28514,22137,26839,28225,10481,27750,28902,21881,28555,30993
1	39	25931	4328,6853,3956,11564,5230,13666,17130,14122,16102,32709,7213,16235,20564,20424,18821,20627,22470,21873,16261,9401,23348,14821,1660,7740,13435,17863,22423,12093,12178,22221,6025,23444,5210,32885,33090,12087,15699,22111,18052,25038,4282,6889,22205,21767,11869,3038,26379,24653,2564,7758,9970,23760,20625,15220,18819,16484,24788,24786,23436,25250,20971,24915,25248,6432,21627,24632,27113,23795,25817,27263,26254,27255,28291,27373,21039,27954,3666,28514,22137,26839,28225,10481,27750,28902,21881,28555,30993,9647
1	39	25932	4328,6853,3956,11564,5230,13666,17130,14122,16102,32709,7213,16235,20564,20424,18821,20627,22470,21873,16261,9401,23348,14821,1660,7740,13435,17863,22423,12093,12178,22221,6025,23444,5210,32885,33090,12087,15699,22111,18052,25038,4282,6889,22205,21767,11869,3038,26379,24653,2564,7758,9970,23760,20625,15220,18819,16484,24788,24786,23436,25250,20971,24915,25248,6432,21627,24632,27113,23795,25817,27263,26254,27255,28291,27373,21039,27954,3666,28514,22137,26839,28225,10481,27750,28902,21881,28555,30993,9647,25931
1	39	20507	4328,6853,3956,11564,5230,13666,17130,14122,16102,32709,7213,16235,20564,20424,18821,20627,22470,21873,16261,9401,23348,14821,1660,7740,13435,17863,22423,12093,12178,22221,6025,23444,5210,32885,33090,12087,15699,22111,18052,25038,4282,6889,22205,21767,11869,3038,26379,24653,2564,7758,9970,23760,20625,15220,18819,16484,24788,24786,23436,25250,20971,24915,25248,6432,21627,24632,27113,23795,25817,27263,26254,27255,28291,27373,21039,27954,3666,28514,22137,26839,28225,10481,27750,28902,21881,28555,30993,9647,25931,25932
1	39	28037	4328,6853,3956,11564,5230,13666,17130,14122,16102,32709,7213,16235,20564,20424,18821,20627,22470,21873,16261,9401,23348,14821,1660,7740,13435,17863,22423,12093,12178,22221,6025,23444,5210,32885,33090,12087,15699,22111,18052,25038,4282,6889,22205,21767,11869,3038,26379,24653,2564,7758,9970,23760,20625,15220,18819,16484,24788,24786,23436,25250,20971,24915,25248,6432,21627,24632,27113,23795,25817,27263,26254,27255,28291,27373,21039,27954,3666,28514,22137,26839,28225,10481,27750,28902,21881,28555,30993,9647,25931,25932,20507
1	39	29362	4328,6853,3956,11564,5230,13666,17130,14122,16102,32709,7213,16235,20564,20424,18821,20627,22470,21873,16261,9401,23348,14821,1660,7740,13435,17863,22423,12093,12178,22221,6025,23444,5210,32885,33090,12087,15699,22111,18052,25038,4282,6889,22205,21767,11869,3038,26379,24653,2564,7758,9970,23760,20625,15220,18819,16484,24788,24786,23436,25250,20971,24915,25248,6432,21627,24632,27113,23795,25817,27263,26254,27255,28291,27373,21039,27954,3666,28514,22137,26839,28225,10481,27750,28902,21881,28555,30993,9647,25931,25932,20507,28037
0	39	33030	4328,6853,3956,11564,5230,13666,17130,14122,16102,32709,7213,16235,20564,20424,18821,20627,22470,21873,16261,9401,23348,14821,1660,7740,13435,17863,22423,12093,12178,22221,6025,23444,5210,32885,33090,12087,15699,22111,18052,25038,4282,6889,22205,21767,11869,3038,26379,24653,2564,7758,9970,23760,20625,15220,18819,16484,24788,24786,23436,25250,20971,24915,25248,6432,21627,24632,27113,23795,25817,27263,26254,27255,28291,27373,21039,27954,3666,28514,22137,26839,28225,10481,27750,28902,21881,28555,30993,9647,25931,25932,20507,28037,29362
0	39	2353	4328,6853,3956,11564,5230,13666,17130,14122,16102,32709,7213,16235,20564,20424,18821,20627,22470,21873,16261,9401,23348,14821,1660,7740,13435,17863,22423,12093,12178,22221,6025,23444,5210,32885,33090,12087,15699,22111,18052,25038,4282,6889,22205,21767,11869,3038,26379,24653,2564,7758,9970,23760,20625,15220,18819,16484,24788,24786,23436,25250,20971,24915,25248,6432,21627,24632,27113,23795,25817,27263,26254,27255,28291,27373,21039,27954,3666,28514,22137,26839,28225,10481,27750,28902,21881,28555,30993,9647,25931,25932,20507,28037,29362
0	39	11843	4328,6853,3956,11564,5230,13666,17130,14122,16102,32709,7213,16235,20564,20424,18821,20627,22470,21873,16261,9401,23348,14821,1660,7740,13435,17863,22423,12093,12178,22221,6025,23444,5210,32885,33090,12087,15699,22111,18052,25038,4282,6889,22205,21767,11869,3038,26379,24653,2564,7758,9970,23760,20625,15220,18819,16484,24788,24786,23436,25250,20971,24915,25248,6432,21627,24632,27113,23795,25817,27263,26254,27255,28291,27373,21039,27954,3666,28514,22137,26839,28225,10481,27750,28902,21881,28555,30993,9647,25931,25932,20507,28037,29362
1	39	24334	4328,6853,3956,11564,5230,13666,17130,14122,16102,32709,7213,16235,20564,20424,18821,20627,22470,21873,16261,9401,23348,14821,1660,7740,13435,17863,22423,12093,12178,22221,6025,23444,5210,32885,33090,12087,15699,22111,18052,25038,4282,6889,22205,21767,11869,3038,26379,24653,2564,7758,9970,23760,20625,15220,18819,16484,24788,24786,23436,25250,20971,24915,25248,6432,21627,24632,27113,23795,25817,27263,26254,27255,28291,27373,21039,27954,3666,28514,22137,26839,28225,10481,27750,28902,21881,28555,30993,9647,25931,25932,20507,28037,29362
0	39	28385	4328,6853,3956,11564,5230,13666,17130,14122,16102,32709,7213,16235,20564,20424,18821,20627,22470,21873,16261,9401,23348,14821,1660,7740,13435,17863,22423,12093,12178,22221,6025,23444,5210,32885,33090,12087,15699,22111,18052,25038,4282,6889,22205,21767,11869,3038,26379,24653,2564,7758,9970,23760,20625,15220,18819,16484,24788,24786,23436,25250,20971,24915,25248,6432,21627,24632,27113,23795,25817,27263,26254,27255,28291,27373,21039,27954,3666,28514,22137,26839,28225,10481,27750,28902,21881,28555,30993,9647,25931,25932,20507,28037,29362,24334
1	39	28967	4328,6853,3956,11564,5230,13666,17130,14122,16102,32709,7213,16235,20564,20424,18821,20627,22470,21873,16261,9401,23348,14821,1660,7740,13435,17863,22423,12093,12178,22221,6025,23444,5210,32885,33090,12087,15699,22111,18052,25038,4282,6889,22205,21767,11869,3038,26379,24653,2564,7758,9970,23760,20625,15220,18819,16484,24788,24786,23436,25250,20971,24915,25248,6432,21627,24632,27113,23795,25817,27263,26254,27255,28291,27373,21039,27954,3666,28514,22137,26839,28225,10481,27750,28902,21881,28555,30993,9647,25931,25932,20507,28037,29362,24334
0	39	29389	4328,6853,3956,11564,5230,13666,17130,14122,16102,32709,7213,16235,20564,20424,18821,20627,22470,21873,16261,9401,23348,14821,1660,7740,13435,17863,22423,12093,12178,22221,6025,23444,5210,32885,33090,12087,15699,22111,18052,25038,4282,6889,22205,21767,11869,3038,26379,24653,2564,7758,9970,23760,20625,15220,18819,16484,24788,24786,23436,25250,20971,24915,25248,6432,21627,24632,27113,23795,25817,27263,26254,27255,28291,27373,21039,27954,3666,28514,22137,26839,28225,10481,27750,28902,21881,28555,30993,9647,25931,25932,20507,28037,29362,24334,28967
