0	1853	14349	0
0	1853	703	0
1	1853	2244	0
0	1853	7179	2244
0	1853	8841	2244
1	1853	9945	2244
0	1853	12734	2244,9945
0	1853	13526	2244,9945
0	1853	13666	2244,9945
0	1853	18596	2244,9945
0	1853	14402	2244,9945
1	1853	2243	2244,9945
0	1853	3822	2244,9945,2243
1	1853	13398	2244,9945,2243
0	1853	13867	2244,9945,2243,13398
0	1853	15029	2244,9945,2243,13398
1	1853	16773	2244,9945,2243,13398
1	1853	32134	2244,9945,2243,13398,16773
1	1853	201	2244,9945,2243,13398,16773,32134
1	1853	5403	2244,9945,2243,13398,16773,32134,201
0	1853	5450	2244,9945,2243,13398,16773,32134,201,5403
1	1853	6208	2244,9945,2243,13398,16773,32134,201,5403
0	1853	9824	2244,9945,2243,13398,16773,32134,201,5403,6208
0	1853	11032	2244,9945,2243,13398,16773,32134,201,5403,6208
1	1853	13472	2244,9945,2243,13398,16773,32134,201,5403,6208
1	1853	14122	2244,9945,2243,13398,16773,32134,201,5403,6208,13472
1	1853	14867	2244,9945,2243,13398,16773,32134,201,5403,6208,13472,14122
0	1853	17396	2244,9945,2243,13398,16773,32134,201,5403,6208,13472,14122,14867
1	1853	17690	2244,9945,2243,13398,16773,32134,201,5403,6208,13472,14122,14867
1	1853	18421	2244,9945,2243,13398,16773,32134,201,5403,6208,13472,14122,14867,17690
1	1853	19710	2244,9945,2243,13398,16773,32134,201,5403,6208,13472,14122,14867,17690,18421
1	1853	5422	2244,9945,2243,13398,16773,32134,201,5403,6208,13472,14122,14867,17690,18421,19710
0	1853	20532	2244,9945,2243,13398,16773,32134,201,5403,6208,13472,14122,14867,17690,18421,19710,5422
0	1853	23394	2244,9945,2243,13398,16773,32134,201,5403,6208,13472,14122,14867,17690,18421,19710,5422
1	1853	14126	2244,9945,2243,13398,16773,32134,201,5403,6208,13472,14122,14867,17690,18421,19710,5422
0	1853	10588	2244,9945,2243,13398,16773,32134,201,5403,6208,13472,14122,14867,17690,18421,19710,5422,14126
1	1853	16294	2244,9945,2243,13398,16773,32134,201,5403,6208,13472,14122,14867,17690,18421,19710,5422,14126
1	1853	32818	2244,9945,2243,13398,16773,32134,201,5403,6208,13472,14122,14867,17690,18421,19710,5422,14126,16294
1	1853	13487	2244,9945,2243,13398,16773,32134,201,5403,6208,13472,14122,14867,17690,18421,19710,5422,14126,16294,32818
1	1853	17645	2244,9945,2243,13398,16773,32134,201,5403,6208,13472,14122,14867,17690,18421,19710,5422,14126,16294,32818,13487
1	1853	20952	2244,9945,2243,13398,16773,32134,201,5403,6208,13472,14122,14867,17690,18421,19710,5422,14126,16294,32818,13487,17645
0	1853	32933	2244,9945,2243,13398,16773,32134,201,5403,6208,13472,14122,14867,17690,18421,19710,5422,14126,16294,32818,13487,17645,20952
0	1853	12870	2244,9945,2243,13398,16773,32134,201,5403,6208,13472,14122,14867,17690,18421,19710,5422,14126,16294,32818,13487,17645,20952
1	1853	18566	2244,9945,2243,13398,16773,32134,201,5403,6208,13472,14122,14867,17690,18421,19710,5422,14126,16294,32818,13487,17645,20952
1	1853	20295	2244,9945,2243,13398,16773,32134,201,5403,6208,13472,14122,14867,17690,18421,19710,5422,14126,16294,32818,13487,17645,20952,18566
0	1853	13372	2244,9945,2243,13398,16773,32134,201,5403,6208,13472,14122,14867,17690,18421,19710,5422,14126,16294,32818,13487,17645,20952,18566,20295
1	1853	14121	2244,9945,2243,13398,16773,32134,201,5403,6208,13472,14122,14867,17690,18421,19710,5422,14126,16294,32818,13487,17645,20952,18566,20295
1	1853	21704	2244,9945,2243,13398,16773,32134,201,5403,6208,13472,14122,14867,17690,18421,19710,5422,14126,16294,32818,13487,17645,20952,18566,20295,14121
1	1853	21974	2244,9945,2243,13398,16773,32134,201,5403,6208,13472,14122,14867,17690,18421,19710,5422,14126,16294,32818,13487,17645,20952,18566,20295,14121,21704
0	1853	22426	2244,9945,2243,13398,16773,32134,201,5403,6208,13472,14122,14867,17690,18421,19710,5422,14126,16294,32818,13487,17645,20952,18566,20295,14121,21704,21974
1	1853	25797	2244,9945,2243,13398,16773,32134,201,5403,6208,13472,14122,14867,17690,18421,19710,5422,14126,16294,32818,13487,17645,20952,18566,20295,14121,21704,21974
1	1853	27300	2244,9945,2243,13398,16773,32134,201,5403,6208,13472,14122,14867,17690,18421,19710,5422,14126,16294,32818,13487,17645,20952,18566,20295,14121,21704,21974,25797
1	1853	23771	2244,9945,2243,13398,16773,32134,201,5403,6208,13472,14122,14867,17690,18421,19710,5422,14126,16294,32818,13487,17645,20952,18566,20295,14121,21704,21974,25797,27300
1	1853	25858	2244,9945,2243,13398,16773,32134,201,5403,6208,13472,14122,14867,17690,18421,19710,5422,14126,16294,32818,13487,17645,20952,18566,20295,14121,21704,21974,25797,27300,23771
1	1853	6093	2244,9945,2243,13398,16773,32134,201,5403,6208,13472,14122,14867,17690,18421,19710,5422,14126,16294,32818,13487,17645,20952,18566,20295,14121,21704,21974,25797,27300,23771,25858
1	1853	9710	2244,9945,2243,13398,16773,32134,201,5403,6208,13472,14122,14867,17690,18421,19710,5422,14126,16294,32818,13487,17645,20952,18566,20295,14121,21704,21974,25797,27300,23771,25858,6093
1	1853	15525	2244,9945,2243,13398,16773,32134,201,5403,6208,13472,14122,14867,17690,18421,19710,5422,14126,16294,32818,13487,17645,20952,18566,20295,14121,21704,21974,25797,27300,23771,25858,6093,9710
1	1853	16825	2244,9945,2243,13398,16773,32134,201,5403,6208,13472,14122,14867,17690,18421,19710,5422,14126,16294,32818,13487,17645,20952,18566,20295,14121,21704,21974,25797,27300,23771,25858,6093,9710,15525
1	1853	18822	2244,9945,2243,13398,16773,32134,201,5403,6208,13472,14122,14867,17690,18421,19710,5422,14126,16294,32818,13487,17645,20952,18566,20295,14121,21704,21974,25797,27300,23771,25858,6093,9710,15525,16825
0	1853	2408	2244,9945,2243,13398,16773,32134,201,5403,6208,13472,14122,14867,17690,18421,19710,5422,14126,16294,32818,13487,17645,20952,18566,20295,14121,21704,21974,25797,27300,23771,25858,6093,9710,15525,16825,18822
0	1853	14143	2244,9945,2243,13398,16773,32134,201,5403,6208,13472,14122,14867,17690,18421,19710,5422,14126,16294,32818,13487,17645,20952,18566,20295,14121,21704,21974,25797,27300,23771,25858,6093,9710,15525,16825,18822
0	1853	21830	2244,9945,2243,13398,16773,32134,201,5403,6208,13472,14122,14867,17690,18421,19710,5422,14126,16294,32818,13487,17645,20952,18566,20295,14121,21704,21974,25797,27300,23771,25858,6093,9710,15525,16825,18822
0	1853	23504	2244,9945,2243,13398,16773,32134,201,5403,6208,13472,14122,14867,17690,18421,19710,5422,14126,16294,32818,13487,17645,20952,18566,20295,14121,21704,21974,25797,27300,23771,25858,6093,9710,15525,16825,18822
0	1853	26206	2244,9945,2243,13398,16773,32134,201,5403,6208,13472,14122,14867,17690,18421,19710,5422,14126,16294,32818,13487,17645,20952,18566,20295,14121,21704,21974,25797,27300,23771,25858,6093,9710,15525,16825,18822
0	1853	17419	2244,9945,2243,13398,16773,32134,201,5403,6208,13472,14122,14867,17690,18421,19710,5422,14126,16294,32818,13487,17645,20952,18566,20295,14121,21704,21974,25797,27300,23771,25858,6093,9710,15525,16825,18822
1	1853	21039	2244,9945,2243,13398,16773,32134,201,5403,6208,13472,14122,14867,17690,18421,19710,5422,14126,16294,32818,13487,17645,20952,18566,20295,14121,21704,21974,25797,27300,23771,25858,6093,9710,15525,16825,18822
1	1853	21537	2244,9945,2243,13398,16773,32134,201,5403,6208,13472,14122,14867,17690,18421,19710,5422,14126,16294,32818,13487,17645,20952,18566,20295,14121,21704,21974,25797,27300,23771,25858,6093,9710,15525,16825,18822,21039
1	1853	21989	2244,9945,2243,13398,16773,32134,201,5403,6208,13472,14122,14867,17690,18421,19710,5422,14126,16294,32818,13487,17645,20952,18566,20295,14121,21704,21974,25797,27300,23771,25858,6093,9710,15525,16825,18822,21039,21537
0	1853	24146	2244,9945,2243,13398,16773,32134,201,5403,6208,13472,14122,14867,17690,18421,19710,5422,14126,16294,32818,13487,17645,20952,18566,20295,14121,21704,21974,25797,27300,23771,25858,6093,9710,15525,16825,18822,21039,21537,21989
0	1853	9525	2244,9945,2243,13398,16773,32134,201,5403,6208,13472,14122,14867,17690,18421,19710,5422,14126,16294,32818,13487,17645,20952,18566,20295,14121,21704,21974,25797,27300,23771,25858,6093,9710,15525,16825,18822,21039,21537,21989
1	1853	19935	2244,9945,2243,13398,16773,32134,201,5403,6208,13472,14122,14867,17690,18421,19710,5422,14126,16294,32818,13487,17645,20952,18566,20295,14121,21704,21974,25797,27300,23771,25858,6093,9710,15525,16825,18822,21039,21537,21989
1	1853	26056	2244,9945,2243,13398,16773,32134,201,5403,6208,13472,14122,14867,17690,18421,19710,5422,14126,16294,32818,13487,17645,20952,18566,20295,14121,21704,21974,25797,27300,23771,25858,6093,9710,15525,16825,18822,21039,21537,21989,19935
0	1853	23103	2244,9945,2243,13398,16773,32134,201,5403,6208,13472,14122,14867,17690,18421,19710,5422,14126,16294,32818,13487,17645,20952,18566,20295,14121,21704,21974,25797,27300,23771,25858,6093,9710,15525,16825,18822,21039,21537,21989,19935,26056
1	1853	25199	2244,9945,2243,13398,16773,32134,201,5403,6208,13472,14122,14867,17690,18421,19710,5422,14126,16294,32818,13487,17645,20952,18566,20295,14121,21704,21974,25797,27300,23771,25858,6093,9710,15525,16825,18822,21039,21537,21989,19935,26056
0	1853	25272	2244,9945,2243,13398,16773,32134,201,5403,6208,13472,14122,14867,17690,18421,19710,5422,14126,16294,32818,13487,17645,20952,18566,20295,14121,21704,21974,25797,27300,23771,25858,6093,9710,15525,16825,18822,21039,21537,21989,19935,26056,25199
0	1853	17066	2244,9945,2243,13398,16773,32134,201,5403,6208,13472,14122,14867,17690,18421,19710,5422,14126,16294,32818,13487,17645,20952,18566,20295,14121,21704,21974,25797,27300,23771,25858,6093,9710,15525,16825,18822,21039,21537,21989,19935,26056,25199
0	1853	26084	2244,9945,2243,13398,16773,32134,201,5403,6208,13472,14122,14867,17690,18421,19710,5422,14126,16294,32818,13487,17645,20952,18566,20295,14121,21704,21974,25797,27300,23771,25858,6093,9710,15525,16825,18822,21039,21537,21989,19935,26056,25199
0	1853	11175	2244,9945,2243,13398,16773,32134,201,5403,6208,13472,14122,14867,17690,18421,19710,5422,14126,16294,32818,13487,17645,20952,18566,20295,14121,21704,21974,25797,27300,23771,25858,6093,9710,15525,16825,18822,21039,21537,21989,19935,26056,25199
0	1853	27619	2244,9945,2243,13398,16773,32134,201,5403,6208,13472,14122,14867,17690,18421,19710,5422,14126,16294,32818,13487,17645,20952,18566,20295,14121,21704,21974,25797,27300,23771,25858,6093,9710,15525,16825,18822,21039,21537,21989,19935,26056,25199
1	1853	25178	2244,9945,2243,13398,16773,32134,201,5403,6208,13472,14122,14867,17690,18421,19710,5422,14126,16294,32818,13487,17645,20952,18566,20295,14121,21704,21974,25797,27300,23771,25858,6093,9710,15525,16825,18822,21039,21537,21989,19935,26056,25199
0	1853	14890	2244,9945,2243,13398,16773,32134,201,5403,6208,13472,14122,14867,17690,18421,19710,5422,14126,16294,32818,13487,17645,20952,18566,20295,14121,21704,21974,25797,27300,23771,25858,6093,9710,15525,16825,18822,21039,21537,21989,19935,26056,25199,25178
1	1853	26439	2244,9945,2243,13398,16773,32134,201,5403,6208,13472,14122,14867,17690,18421,19710,5422,14126,16294,32818,13487,17645,20952,18566,20295,14121,21704,21974,25797,27300,23771,25858,6093,9710,15525,16825,18822,21039,21537,21989,19935,26056,25199,25178
