1	1009	22881	0
0	1009	26925	22881
0	1009	9031	22881
0	1009	31462	22881
0	1009	8107	22881
0	1009	8950	22881
1	1009	4451	22881
0	1009	4773	22881,4451
1	1009	6400	22881,4451
0	1009	27	22881,4451,6400
0	1009	4979	22881,4451,6400
1	1009	6774	22881,4451,6400
0	1009	6916	22881,4451,6400,6774
0	1009	6651	22881,4451,6400,6774
0	1009	6462	22881,4451,6400,6774
0	1009	7580	22881,4451,6400,6774
0	1009	8189	22881,4451,6400,6774
0	1009	6333	22881,4451,6400,6774
1	1009	8515	22881,4451,6400,6774
0	1009	7574	22881,4451,6400,6774,8515
0	1009	8654	22881,4451,6400,6774,8515
0	1009	8942	22881,4451,6400,6774,8515
0	1009	6762	22881,4451,6400,6774,8515
0	1009	10741	22881,4451,6400,6774,8515
0	1009	6858	22881,4451,6400,6774,8515
0	1009	9824	22881,4451,6400,6774,8515
0	1009	10780	22881,4451,6400,6774,8515
0	1009	9616	22881,4451,6400,6774,8515
0	1009	13218	22881,4451,6400,6774,8515
0	1009	1089	22881,4451,6400,6774,8515
0	1009	13977	22881,4451,6400,6774,8515
1	1009	16455	22881,4451,6400,6774,8515
1	1009	19268	22881,4451,6400,6774,8515,16455
1	1009	20280	22881,4451,6400,6774,8515,16455,19268
0	1009	18843	22881,4451,6400,6774,8515,16455,19268,20280
0	1009	22448	22881,4451,6400,6774,8515,16455,19268,20280
0	1009	22314	22881,4451,6400,6774,8515,16455,19268,20280
1	1009	13605	22881,4451,6400,6774,8515,16455,19268,20280
0	1009	20595	22881,4451,6400,6774,8515,16455,19268,20280,13605
0	1009	23417	22881,4451,6400,6774,8515,16455,19268,20280,13605
1	1009	9853	22881,4451,6400,6774,8515,16455,19268,20280,13605
1	1009	20200	22881,4451,6400,6774,8515,16455,19268,20280,13605,9853
1	1009	11600	22881,4451,6400,6774,8515,16455,19268,20280,13605,9853,20200
1	1009	2879	22881,4451,6400,6774,8515,16455,19268,20280,13605,9853,20200,11600
1	1009	17290	22881,4451,6400,6774,8515,16455,19268,20280,13605,9853,20200,11600,2879
0	1009	23696	22881,4451,6400,6774,8515,16455,19268,20280,13605,9853,20200,11600,2879,17290
1	1009	13131	22881,4451,6400,6774,8515,16455,19268,20280,13605,9853,20200,11600,2879,17290
0	1009	24757	22881,4451,6400,6774,8515,16455,19268,20280,13605,9853,20200,11600,2879,17290,13131
0	1009	24381	22881,4451,6400,6774,8515,16455,19268,20280,13605,9853,20200,11600,2879,17290,13131
1	1009	10601	22881,4451,6400,6774,8515,16455,19268,20280,13605,9853,20200,11600,2879,17290,13131
0	1009	26063	22881,4451,6400,6774,8515,16455,19268,20280,13605,9853,20200,11600,2879,17290,13131,10601
0	1009	26241	22881,4451,6400,6774,8515,16455,19268,20280,13605,9853,20200,11600,2879,17290,13131,10601
0	1009	26970	22881,4451,6400,6774,8515,16455,19268,20280,13605,9853,20200,11600,2879,17290,13131,10601
0	1009	24048	22881,4451,6400,6774,8515,16455,19268,20280,13605,9853,20200,11600,2879,17290,13131,10601
0	1009	27052	22881,4451,6400,6774,8515,16455,19268,20280,13605,9853,20200,11600,2879,17290,13131,10601
0	1009	18833	22881,4451,6400,6774,8515,16455,19268,20280,13605,9853,20200,11600,2879,17290,13131,10601
0	1009	23399	22881,4451,6400,6774,8515,16455,19268,20280,13605,9853,20200,11600,2879,17290,13131,10601
1	1009	12289	22881,4451,6400,6774,8515,16455,19268,20280,13605,9853,20200,11600,2879,17290,13131,10601
0	1009	16280	22881,4451,6400,6774,8515,16455,19268,20280,13605,9853,20200,11600,2879,17290,13131,10601,12289
0	1009	28872	22881,4451,6400,6774,8515,16455,19268,20280,13605,9853,20200,11600,2879,17290,13131,10601,12289
0	1009	29132	22881,4451,6400,6774,8515,16455,19268,20280,13605,9853,20200,11600,2879,17290,13131,10601,12289
0	1009	18676	22881,4451,6400,6774,8515,16455,19268,20280,13605,9853,20200,11600,2879,17290,13131,10601,12289
0	1009	28892	22881,4451,6400,6774,8515,16455,19268,20280,13605,9853,20200,11600,2879,17290,13131,10601,12289
0	1009	29494	22881,4451,6400,6774,8515,16455,19268,20280,13605,9853,20200,11600,2879,17290,13131,10601,12289
0	1009	29407	22881,4451,6400,6774,8515,16455,19268,20280,13605,9853,20200,11600,2879,17290,13131,10601,12289
1	1009	13370	22881,4451,6400,6774,8515,16455,19268,20280,13605,9853,20200,11600,2879,17290,13131,10601,12289
