0	926	31239	0
0	926	1526	0
1	926	32140	0
1	926	3267	32140
0	926	3307	32140,3267
0	926	254	32140,3267
1	926	5210	32140,3267
1	926	4696	32140,3267,5210
1	926	32075	32140,3267,5210,4696
1	926	13279	32140,3267,5210,4696,32075
1	926	14102	32140,3267,5210,4696,32075,13279
0	926	8880	32140,3267,5210,4696,32075,13279,14102
0	926	8891	32140,3267,5210,4696,32075,13279,14102
1	926	10178	32140,3267,5210,4696,32075,13279,14102
0	926	14003	32140,3267,5210,4696,32075,13279,14102,10178
0	926	15650	32140,3267,5210,4696,32075,13279,14102,10178
0	926	6052	32140,3267,5210,4696,32075,13279,14102,10178
0	926	15653	32140,3267,5210,4696,32075,13279,14102,10178
0	926	18903	32140,3267,5210,4696,32075,13279,14102,10178
1	926	17191	32140,3267,5210,4696,32075,13279,14102,10178
0	926	19146	32140,3267,5210,4696,32075,13279,14102,10178,17191
0	926	7541	32140,3267,5210,4696,32075,13279,14102,10178,17191
0	926	9484	32140,3267,5210,4696,32075,13279,14102,10178,17191
0	926	18703	32140,3267,5210,4696,32075,13279,14102,10178,17191
1	926	19705	32140,3267,5210,4696,32075,13279,14102,10178,17191
0	926	19620	32140,3267,5210,4696,32075,13279,14102,10178,17191,19705
0	926	19668	32140,3267,5210,4696,32075,13279,14102,10178,17191,19705
0	926	17573	32140,3267,5210,4696,32075,13279,14102,10178,17191,19705
0	926	15753	32140,3267,5210,4696,32075,13279,14102,10178,17191,19705
0	926	22149	32140,3267,5210,4696,32075,13279,14102,10178,17191,19705
0	926	20399	32140,3267,5210,4696,32075,13279,14102,10178,17191,19705
0	926	21180	32140,3267,5210,4696,32075,13279,14102,10178,17191,19705
1	926	23447	32140,3267,5210,4696,32075,13279,14102,10178,17191,19705
0	926	23101	32140,3267,5210,4696,32075,13279,14102,10178,17191,19705,23447
0	926	11720	32140,3267,5210,4696,32075,13279,14102,10178,17191,19705,23447
0	926	21383	32140,3267,5210,4696,32075,13279,14102,10178,17191,19705,23447
0	926	17934	32140,3267,5210,4696,32075,13279,14102,10178,17191,19705,23447
0	926	22593	32140,3267,5210,4696,32075,13279,14102,10178,17191,19705,23447
0	926	24846	32140,3267,5210,4696,32075,13279,14102,10178,17191,19705,23447
1	926	837	32140,3267,5210,4696,32075,13279,14102,10178,17191,19705,23447
1	926	23768	32140,3267,5210,4696,32075,13279,14102,10178,17191,19705,23447,837
1	926	26774	32140,3267,5210,4696,32075,13279,14102,10178,17191,19705,23447,837,23768
1	926	16807	32140,3267,5210,4696,32075,13279,14102,10178,17191,19705,23447,837,23768,26774
1	926	27650	32140,3267,5210,4696,32075,13279,14102,10178,17191,19705,23447,837,23768,26774,16807
0	926	24048	32140,3267,5210,4696,32075,13279,14102,10178,17191,19705,23447,837,23768,26774,16807,27650
1	926	21948	32140,3267,5210,4696,32075,13279,14102,10178,17191,19705,23447,837,23768,26774,16807,27650
1	926	26776	32140,3267,5210,4696,32075,13279,14102,10178,17191,19705,23447,837,23768,26774,16807,27650,21948
0	926	21578	32140,3267,5210,4696,32075,13279,14102,10178,17191,19705,23447,837,23768,26774,16807,27650,21948,26776
