0	1432	2848	0
1	1432	2449	0
1	1432	3164	2449
0	1432	31714	2449,3164
1	1432	2435	2449,3164
1	1432	6801	2449,3164,2435
0	1432	16652	2449,3164,2435,6801
0	1432	32800	2449,3164,2435,6801
0	1432	5180	2449,3164,2435,6801
0	1432	11414	2449,3164,2435,6801
1	1432	864	2449,3164,2435,6801
0	1432	7201	2449,3164,2435,6801,864
0	1432	10009	2449,3164,2435,6801,864
1	1432	11150	2449,3164,2435,6801,864
1	1432	18089	2449,3164,2435,6801,864,11150
0	1432	25991	2449,3164,2435,6801,864,11150,18089
0	1432	7918	2449,3164,2435,6801,864,11150,18089
0	1432	10639	2449,3164,2435,6801,864,11150,18089
0	1432	10843	2449,3164,2435,6801,864,11150,18089
1	1432	12649	2449,3164,2435,6801,864,11150,18089
0	1432	12312	2449,3164,2435,6801,864,11150,18089,12649
1	1432	8063	2449,3164,2435,6801,864,11150,18089,12649
0	1432	2854	2449,3164,2435,6801,864,11150,18089,12649,8063
1	1432	7119	2449,3164,2435,6801,864,11150,18089,12649,8063
0	1432	15144	2449,3164,2435,6801,864,11150,18089,12649,8063,7119
0	1432	31380	2449,3164,2435,6801,864,11150,18089,12649,8063,7119
0	1432	11557	2449,3164,2435,6801,864,11150,18089,12649,8063,7119
1	1432	31162	2449,3164,2435,6801,864,11150,18089,12649,8063,7119
1	1432	10608	2449,3164,2435,6801,864,11150,18089,12649,8063,7119,31162
0	1432	401	2449,3164,2435,6801,864,11150,18089,12649,8063,7119,31162,10608
1	1432	14082	2449,3164,2435,6801,864,11150,18089,12649,8063,7119,31162,10608
0	1432	8625	2449,3164,2435,6801,864,11150,18089,12649,8063,7119,31162,10608,14082
1	1432	31243	2449,3164,2435,6801,864,11150,18089,12649,8063,7119,31162,10608,14082
1	1432	5210	2449,3164,2435,6801,864,11150,18089,12649,8063,7119,31162,10608,14082,31243
0	1432	5733	2449,3164,2435,6801,864,11150,18089,12649,8063,7119,31162,10608,14082,31243,5210
1	1432	1805	2449,3164,2435,6801,864,11150,18089,12649,8063,7119,31162,10608,14082,31243,5210
0	1432	31123	2449,3164,2435,6801,864,11150,18089,12649,8063,7119,31162,10608,14082,31243,5210,1805
0	1432	6802	2449,3164,2435,6801,864,11150,18089,12649,8063,7119,31162,10608,14082,31243,5210,1805
0	1432	29868	2449,3164,2435,6801,864,11150,18089,12649,8063,7119,31162,10608,14082,31243,5210,1805
1	1432	59	2449,3164,2435,6801,864,11150,18089,12649,8063,7119,31162,10608,14082,31243,5210,1805
1	1432	1156	2449,3164,2435,6801,864,11150,18089,12649,8063,7119,31162,10608,14082,31243,5210,1805,59
1	1432	3043	2449,3164,2435,6801,864,11150,18089,12649,8063,7119,31162,10608,14082,31243,5210,1805,59,1156
1	1432	9411	2449,3164,2435,6801,864,11150,18089,12649,8063,7119,31162,10608,14082,31243,5210,1805,59,1156,3043
1	1432	4750	2449,3164,2435,6801,864,11150,18089,12649,8063,7119,31162,10608,14082,31243,5210,1805,59,1156,3043,9411
1	1432	32594	2449,3164,2435,6801,864,11150,18089,12649,8063,7119,31162,10608,14082,31243,5210,1805,59,1156,3043,9411,4750
1	1432	5432	2449,3164,2435,6801,864,11150,18089,12649,8063,7119,31162,10608,14082,31243,5210,1805,59,1156,3043,9411,4750,32594
0	1432	6938	2449,3164,2435,6801,864,11150,18089,12649,8063,7119,31162,10608,14082,31243,5210,1805,59,1156,3043,9411,4750,32594,5432
0	1432	6974	2449,3164,2435,6801,864,11150,18089,12649,8063,7119,31162,10608,14082,31243,5210,1805,59,1156,3043,9411,4750,32594,5432
0	1432	7015	2449,3164,2435,6801,864,11150,18089,12649,8063,7119,31162,10608,14082,31243,5210,1805,59,1156,3043,9411,4750,32594,5432
0	1432	11413	2449,3164,2435,6801,864,11150,18089,12649,8063,7119,31162,10608,14082,31243,5210,1805,59,1156,3043,9411,4750,32594,5432
1	1432	14122	2449,3164,2435,6801,864,11150,18089,12649,8063,7119,31162,10608,14082,31243,5210,1805,59,1156,3043,9411,4750,32594,5432
1	1432	11473	2449,3164,2435,6801,864,11150,18089,12649,8063,7119,31162,10608,14082,31243,5210,1805,59,1156,3043,9411,4750,32594,5432,14122
1	1432	14077	2449,3164,2435,6801,864,11150,18089,12649,8063,7119,31162,10608,14082,31243,5210,1805,59,1156,3043,9411,4750,32594,5432,14122,11473
0	1432	11552	2449,3164,2435,6801,864,11150,18089,12649,8063,7119,31162,10608,14082,31243,5210,1805,59,1156,3043,9411,4750,32594,5432,14122,11473,14077
0	1432	13898	2449,3164,2435,6801,864,11150,18089,12649,8063,7119,31162,10608,14082,31243,5210,1805,59,1156,3043,9411,4750,32594,5432,14122,11473,14077
0	1432	9716	2449,3164,2435,6801,864,11150,18089,12649,8063,7119,31162,10608,14082,31243,5210,1805,59,1156,3043,9411,4750,32594,5432,14122,11473,14077
1	1432	3370	2449,3164,2435,6801,864,11150,18089,12649,8063,7119,31162,10608,14082,31243,5210,1805,59,1156,3043,9411,4750,32594,5432,14122,11473,14077
1	1432	5279	2449,3164,2435,6801,864,11150,18089,12649,8063,7119,31162,10608,14082,31243,5210,1805,59,1156,3043,9411,4750,32594,5432,14122,11473,14077,3370
0	1432	5644	2449,3164,2435,6801,864,11150,18089,12649,8063,7119,31162,10608,14082,31243,5210,1805,59,1156,3043,9411,4750,32594,5432,14122,11473,14077,3370,5279
0	1432	3718	2449,3164,2435,6801,864,11150,18089,12649,8063,7119,31162,10608,14082,31243,5210,1805,59,1156,3043,9411,4750,32594,5432,14122,11473,14077,3370,5279
0	1432	12494	2449,3164,2435,6801,864,11150,18089,12649,8063,7119,31162,10608,14082,31243,5210,1805,59,1156,3043,9411,4750,32594,5432,14122,11473,14077,3370,5279
0	1432	32307	2449,3164,2435,6801,864,11150,18089,12649,8063,7119,31162,10608,14082,31243,5210,1805,59,1156,3043,9411,4750,32594,5432,14122,11473,14077,3370,5279
0	1432	16459	2449,3164,2435,6801,864,11150,18089,12649,8063,7119,31162,10608,14082,31243,5210,1805,59,1156,3043,9411,4750,32594,5432,14122,11473,14077,3370,5279
1	1432	19615	2449,3164,2435,6801,864,11150,18089,12649,8063,7119,31162,10608,14082,31243,5210,1805,59,1156,3043,9411,4750,32594,5432,14122,11473,14077,3370,5279
1	1432	17686	2449,3164,2435,6801,864,11150,18089,12649,8063,7119,31162,10608,14082,31243,5210,1805,59,1156,3043,9411,4750,32594,5432,14122,11473,14077,3370,5279,19615
1	1432	21805	2449,3164,2435,6801,864,11150,18089,12649,8063,7119,31162,10608,14082,31243,5210,1805,59,1156,3043,9411,4750,32594,5432,14122,11473,14077,3370,5279,19615,17686
1	1432	24737	2449,3164,2435,6801,864,11150,18089,12649,8063,7119,31162,10608,14082,31243,5210,1805,59,1156,3043,9411,4750,32594,5432,14122,11473,14077,3370,5279,19615,17686,21805
0	1432	6656	2449,3164,2435,6801,864,11150,18089,12649,8063,7119,31162,10608,14082,31243,5210,1805,59,1156,3043,9411,4750,32594,5432,14122,11473,14077,3370,5279,19615,17686,21805,24737
1	1432	19027	2449,3164,2435,6801,864,11150,18089,12649,8063,7119,31162,10608,14082,31243,5210,1805,59,1156,3043,9411,4750,32594,5432,14122,11473,14077,3370,5279,19615,17686,21805,24737
0	1432	18822	2449,3164,2435,6801,864,11150,18089,12649,8063,7119,31162,10608,14082,31243,5210,1805,59,1156,3043,9411,4750,32594,5432,14122,11473,14077,3370,5279,19615,17686,21805,24737,19027
0	1432	25122	2449,3164,2435,6801,864,11150,18089,12649,8063,7119,31162,10608,14082,31243,5210,1805,59,1156,3043,9411,4750,32594,5432,14122,11473,14077,3370,5279,19615,17686,21805,24737,19027
1	1432	31478	2449,3164,2435,6801,864,11150,18089,12649,8063,7119,31162,10608,14082,31243,5210,1805,59,1156,3043,9411,4750,32594,5432,14122,11473,14077,3370,5279,19615,17686,21805,24737,19027
1	1432	4536	2449,3164,2435,6801,864,11150,18089,12649,8063,7119,31162,10608,14082,31243,5210,1805,59,1156,3043,9411,4750,32594,5432,14122,11473,14077,3370,5279,19615,17686,21805,24737,19027,31478
0	1432	9547	2449,3164,2435,6801,864,11150,18089,12649,8063,7119,31162,10608,14082,31243,5210,1805,59,1156,3043,9411,4750,32594,5432,14122,11473,14077,3370,5279,19615,17686,21805,24737,19027,31478,4536
0	1432	12128	2449,3164,2435,6801,864,11150,18089,12649,8063,7119,31162,10608,14082,31243,5210,1805,59,1156,3043,9411,4750,32594,5432,14122,11473,14077,3370,5279,19615,17686,21805,24737,19027,31478,4536
0	1432	19878	2449,3164,2435,6801,864,11150,18089,12649,8063,7119,31162,10608,14082,31243,5210,1805,59,1156,3043,9411,4750,32594,5432,14122,11473,14077,3370,5279,19615,17686,21805,24737,19027,31478,4536
1	1432	11522	2449,3164,2435,6801,864,11150,18089,12649,8063,7119,31162,10608,14082,31243,5210,1805,59,1156,3043,9411,4750,32594,5432,14122,11473,14077,3370,5279,19615,17686,21805,24737,19027,31478,4536
0	1432	25108	2449,3164,2435,6801,864,11150,18089,12649,8063,7119,31162,10608,14082,31243,5210,1805,59,1156,3043,9411,4750,32594,5432,14122,11473,14077,3370,5279,19615,17686,21805,24737,19027,31478,4536,11522
