1	91	223	0
0	91	2505	223
0	91	4960	223
1	91	7414	223
1	91	7199	223,7414
1	91	8135	223,7414,7199
1	91	8396	223,7414,7199,8135
1	91	6499	223,7414,7199,8135,8396
0	91	9318	223,7414,7199,8135,8396,6499
0	91	12239	223,7414,7199,8135,8396,6499
0	91	10828	223,7414,7199,8135,8396,6499
0	91	10737	223,7414,7199,8135,8396,6499
1	91	13532	223,7414,7199,8135,8396,6499
1	91	212	223,7414,7199,8135,8396,6499,13532
1	91	7307	223,7414,7199,8135,8396,6499,13532,212
0	91	15674	223,7414,7199,8135,8396,6499,13532,212,7307
1	91	17951	223,7414,7199,8135,8396,6499,13532,212,7307
0	91	10740	223,7414,7199,8135,8396,6499,13532,212,7307,17951
0	91	12515	223,7414,7199,8135,8396,6499,13532,212,7307,17951
0	91	19619	223,7414,7199,8135,8396,6499,13532,212,7307,17951
0	91	19895	223,7414,7199,8135,8396,6499,13532,212,7307,17951
0	91	19583	223,7414,7199,8135,8396,6499,13532,212,7307,17951
0	91	17181	223,7414,7199,8135,8396,6499,13532,212,7307,17951
0	91	19938	223,7414,7199,8135,8396,6499,13532,212,7307,17951
1	91	13215	223,7414,7199,8135,8396,6499,13532,212,7307,17951
0	91	21166	223,7414,7199,8135,8396,6499,13532,212,7307,17951,13215
0	91	15210	223,7414,7199,8135,8396,6499,13532,212,7307,17951,13215
1	91	22390	223,7414,7199,8135,8396,6499,13532,212,7307,17951,13215
0	91	21423	223,7414,7199,8135,8396,6499,13532,212,7307,17951,13215,22390
1	91	24031	223,7414,7199,8135,8396,6499,13532,212,7307,17951,13215,22390
0	91	19074	223,7414,7199,8135,8396,6499,13532,212,7307,17951,13215,22390,24031
1	91	21830	223,7414,7199,8135,8396,6499,13532,212,7307,17951,13215,22390,24031
0	91	25126	223,7414,7199,8135,8396,6499,13532,212,7307,17951,13215,22390,24031,21830
0	91	14697	223,7414,7199,8135,8396,6499,13532,212,7307,17951,13215,22390,24031,21830
0	91	24731	223,7414,7199,8135,8396,6499,13532,212,7307,17951,13215,22390,24031,21830
0	91	16426	223,7414,7199,8135,8396,6499,13532,212,7307,17951,13215,22390,24031,21830
1	91	26326	223,7414,7199,8135,8396,6499,13532,212,7307,17951,13215,22390,24031,21830
1	91	25250	223,7414,7199,8135,8396,6499,13532,212,7307,17951,13215,22390,24031,21830,26326
0	91	26113	223,7414,7199,8135,8396,6499,13532,212,7307,17951,13215,22390,24031,21830,26326,25250
0	91	22816	223,7414,7199,8135,8396,6499,13532,212,7307,17951,13215,22390,24031,21830,26326,25250
0	91	24193	223,7414,7199,8135,8396,6499,13532,212,7307,17951,13215,22390,24031,21830,26326,25250
0	91	27229	223,7414,7199,8135,8396,6499,13532,212,7307,17951,13215,22390,24031,21830,26326,25250
1	91	26409	223,7414,7199,8135,8396,6499,13532,212,7307,17951,13215,22390,24031,21830,26326,25250
0	91	26750	223,7414,7199,8135,8396,6499,13532,212,7307,17951,13215,22390,24031,21830,26326,25250,26409
1	91	27830	223,7414,7199,8135,8396,6499,13532,212,7307,17951,13215,22390,24031,21830,26326,25250,26409
1	91	28768	223,7414,7199,8135,8396,6499,13532,212,7307,17951,13215,22390,24031,21830,26326,25250,26409,27830
0	91	28878	223,7414,7199,8135,8396,6499,13532,212,7307,17951,13215,22390,24031,21830,26326,25250,26409,27830,28768
