1	1623	32681	0
0	1623	32305	32681
1	1623	32852	32681
1	1623	5	32681,32852
1	1623	184	32681,32852,5
1	1623	1974	32681,32852,5,184
0	1623	2603	32681,32852,5,184,1974
0	1623	4792	32681,32852,5,184,1974
0	1623	27104	32681,32852,5,184,1974
0	1623	25068	32681,32852,5,184,1974
1	1623	32269	32681,32852,5,184,1974
0	1623	171	32681,32852,5,184,1974,32269
0	1623	2597	32681,32852,5,184,1974,32269
0	1623	3455	32681,32852,5,184,1974,32269
0	1623	5518	32681,32852,5,184,1974,32269
0	1623	2002	32681,32852,5,184,1974,32269
1	1623	1777	32681,32852,5,184,1974,32269
0	1623	3852	32681,32852,5,184,1974,32269,1777
1	1623	3945	32681,32852,5,184,1974,32269,1777
0	1623	2832	32681,32852,5,184,1974,32269,1777,3945
0	1623	31396	32681,32852,5,184,1974,32269,1777,3945
1	1623	5858	32681,32852,5,184,1974,32269,1777,3945
1	1623	6991	32681,32852,5,184,1974,32269,1777,3945,5858
0	1623	5012	32681,32852,5,184,1974,32269,1777,3945,5858,6991
1	1623	28053	32681,32852,5,184,1974,32269,1777,3945,5858,6991
1	1623	1241	32681,32852,5,184,1974,32269,1777,3945,5858,6991,28053
0	1623	31713	32681,32852,5,184,1974,32269,1777,3945,5858,6991,28053,1241
1	1623	10	32681,32852,5,184,1974,32269,1777,3945,5858,6991,28053,1241
1	1623	252	32681,32852,5,184,1974,32269,1777,3945,5858,6991,28053,1241,10
1	1623	4216	32681,32852,5,184,1974,32269,1777,3945,5858,6991,28053,1241,10,252
0	1623	388	32681,32852,5,184,1974,32269,1777,3945,5858,6991,28053,1241,10,252,4216
1	1623	14134	32681,32852,5,184,1974,32269,1777,3945,5858,6991,28053,1241,10,252,4216
1	1623	5030	32681,32852,5,184,1974,32269,1777,3945,5858,6991,28053,1241,10,252,4216,14134
0	1623	14218	32681,32852,5,184,1974,32269,1777,3945,5858,6991,28053,1241,10,252,4216,14134,5030
1	1623	19228	32681,32852,5,184,1974,32269,1777,3945,5858,6991,28053,1241,10,252,4216,14134,5030
0	1623	21011	32681,32852,5,184,1974,32269,1777,3945,5858,6991,28053,1241,10,252,4216,14134,5030,19228
1	1623	16948	32681,32852,5,184,1974,32269,1777,3945,5858,6991,28053,1241,10,252,4216,14134,5030,19228
0	1623	19808	32681,32852,5,184,1974,32269,1777,3945,5858,6991,28053,1241,10,252,4216,14134,5030,19228,16948
1	1623	23708	32681,32852,5,184,1974,32269,1777,3945,5858,6991,28053,1241,10,252,4216,14134,5030,19228,16948
1	1623	13570	32681,32852,5,184,1974,32269,1777,3945,5858,6991,28053,1241,10,252,4216,14134,5030,19228,16948,23708
1	1623	28530	32681,32852,5,184,1974,32269,1777,3945,5858,6991,28053,1241,10,252,4216,14134,5030,19228,16948,23708,13570
1	1623	21269	32681,32852,5,184,1974,32269,1777,3945,5858,6991,28053,1241,10,252,4216,14134,5030,19228,16948,23708,13570,28530
