1	93	15024	0
1	93	18435	15024
0	93	9070	15024,18435
0	93	17069	15024,18435
1	93	18525	15024,18435
1	93	19717	15024,18435,18525
1	93	20589	15024,18435,18525,19717
1	93	22495	15024,18435,18525,19717,20589
1	93	232	15024,18435,18525,19717,20589,22495
0	93	4823	15024,18435,18525,19717,20589,22495,232
1	93	16920	15024,18435,18525,19717,20589,22495,232
1	93	19478	15024,18435,18525,19717,20589,22495,232,16920
1	93	230	15024,18435,18525,19717,20589,22495,232,16920,19478
0	93	9384	15024,18435,18525,19717,20589,22495,232,16920,19478,230
1	93	20275	15024,18435,18525,19717,20589,22495,232,16920,19478,230
1	93	20277	15024,18435,18525,19717,20589,22495,232,16920,19478,230,20275
1	93	20972	15024,18435,18525,19717,20589,22495,232,16920,19478,230,20275,20277
1	93	21526	15024,18435,18525,19717,20589,22495,232,16920,19478,230,20275,20277,20972
1	93	8277	15024,18435,18525,19717,20589,22495,232,16920,19478,230,20275,20277,20972,21526
1	93	1082	15024,18435,18525,19717,20589,22495,232,16920,19478,230,20275,20277,20972,21526,8277
1	93	2140	15024,18435,18525,19717,20589,22495,232,16920,19478,230,20275,20277,20972,21526,8277,1082
1	93	7612	15024,18435,18525,19717,20589,22495,232,16920,19478,230,20275,20277,20972,21526,8277,1082,2140
1	93	8560	15024,18435,18525,19717,20589,22495,232,16920,19478,230,20275,20277,20972,21526,8277,1082,2140,7612
1	93	8851	15024,18435,18525,19717,20589,22495,232,16920,19478,230,20275,20277,20972,21526,8277,1082,2140,7612,8560
1	93	10074	15024,18435,18525,19717,20589,22495,232,16920,19478,230,20275,20277,20972,21526,8277,1082,2140,7612,8560,8851
1	93	11085	15024,18435,18525,19717,20589,22495,232,16920,19478,230,20275,20277,20972,21526,8277,1082,2140,7612,8560,8851,10074
0	93	15675	15024,18435,18525,19717,20589,22495,232,16920,19478,230,20275,20277,20972,21526,8277,1082,2140,7612,8560,8851,10074,11085
0	93	16432	15024,18435,18525,19717,20589,22495,232,16920,19478,230,20275,20277,20972,21526,8277,1082,2140,7612,8560,8851,10074,11085
0	93	16773	15024,18435,18525,19717,20589,22495,232,16920,19478,230,20275,20277,20972,21526,8277,1082,2140,7612,8560,8851,10074,11085
1	93	16781	15024,18435,18525,19717,20589,22495,232,16920,19478,230,20275,20277,20972,21526,8277,1082,2140,7612,8560,8851,10074,11085
1	93	17089	15024,18435,18525,19717,20589,22495,232,16920,19478,230,20275,20277,20972,21526,8277,1082,2140,7612,8560,8851,10074,11085,16781
1	93	17421	15024,18435,18525,19717,20589,22495,232,16920,19478,230,20275,20277,20972,21526,8277,1082,2140,7612,8560,8851,10074,11085,16781,17089
1	93	18331	15024,18435,18525,19717,20589,22495,232,16920,19478,230,20275,20277,20972,21526,8277,1082,2140,7612,8560,8851,10074,11085,16781,17089,17421
1	93	18650	15024,18435,18525,19717,20589,22495,232,16920,19478,230,20275,20277,20972,21526,8277,1082,2140,7612,8560,8851,10074,11085,16781,17089,17421,18331
0	93	18808	15024,18435,18525,19717,20589,22495,232,16920,19478,230,20275,20277,20972,21526,8277,1082,2140,7612,8560,8851,10074,11085,16781,17089,17421,18331,18650
1	93	19779	15024,18435,18525,19717,20589,22495,232,16920,19478,230,20275,20277,20972,21526,8277,1082,2140,7612,8560,8851,10074,11085,16781,17089,17421,18331,18650
1	93	20274	15024,18435,18525,19717,20589,22495,232,16920,19478,230,20275,20277,20972,21526,8277,1082,2140,7612,8560,8851,10074,11085,16781,17089,17421,18331,18650,19779
0	93	20392	15024,18435,18525,19717,20589,22495,232,16920,19478,230,20275,20277,20972,21526,8277,1082,2140,7612,8560,8851,10074,11085,16781,17089,17421,18331,18650,19779,20274
1	93	20906	15024,18435,18525,19717,20589,22495,232,16920,19478,230,20275,20277,20972,21526,8277,1082,2140,7612,8560,8851,10074,11085,16781,17089,17421,18331,18650,19779,20274
1	93	21097	15024,18435,18525,19717,20589,22495,232,16920,19478,230,20275,20277,20972,21526,8277,1082,2140,7612,8560,8851,10074,11085,16781,17089,17421,18331,18650,19779,20274,20906
1	93	23264	15024,18435,18525,19717,20589,22495,232,16920,19478,230,20275,20277,20972,21526,8277,1082,2140,7612,8560,8851,10074,11085,16781,17089,17421,18331,18650,19779,20274,20906,21097
1	93	23564	15024,18435,18525,19717,20589,22495,232,16920,19478,230,20275,20277,20972,21526,8277,1082,2140,7612,8560,8851,10074,11085,16781,17089,17421,18331,18650,19779,20274,20906,21097,23264
0	93	2149	15024,18435,18525,19717,20589,22495,232,16920,19478,230,20275,20277,20972,21526,8277,1082,2140,7612,8560,8851,10074,11085,16781,17089,17421,18331,18650,19779,20274,20906,21097,23264,23564
