0	111	469	0
1	111	3512	0
1	111	4626	3512
1	111	1849	3512,4626
1	111	3181	3512,4626,1849
1	111	8724	3512,4626,1849,3181
0	111	8309	3512,4626,1849,3181,8724
1	111	6732	3512,4626,1849,3181,8724
0	111	11697	3512,4626,1849,3181,8724,6732
1	111	8825	3512,4626,1849,3181,8724,6732
0	111	10025	3512,4626,1849,3181,8724,6732,8825
0	111	10501	3512,4626,1849,3181,8724,6732,8825
0	111	11839	3512,4626,1849,3181,8724,6732,8825
1	111	12161	3512,4626,1849,3181,8724,6732,8825
1	111	9784	3512,4626,1849,3181,8724,6732,8825,12161
1	111	13426	3512,4626,1849,3181,8724,6732,8825,12161,9784
0	111	8761	3512,4626,1849,3181,8724,6732,8825,12161,9784,13426
0	111	1740	3512,4626,1849,3181,8724,6732,8825,12161,9784,13426
1	111	13669	3512,4626,1849,3181,8724,6732,8825,12161,9784,13426
1	111	15211	3512,4626,1849,3181,8724,6732,8825,12161,9784,13426,13669
1	111	10092	3512,4626,1849,3181,8724,6732,8825,12161,9784,13426,13669,15211
1	111	18932	3512,4626,1849,3181,8724,6732,8825,12161,9784,13426,13669,15211,10092
1	111	14177	3512,4626,1849,3181,8724,6732,8825,12161,9784,13426,13669,15211,10092,18932
1	111	20832	3512,4626,1849,3181,8724,6732,8825,12161,9784,13426,13669,15211,10092,18932,14177
0	111	19274	3512,4626,1849,3181,8724,6732,8825,12161,9784,13426,13669,15211,10092,18932,14177,20832
0	111	21959	3512,4626,1849,3181,8724,6732,8825,12161,9784,13426,13669,15211,10092,18932,14177,20832
0	111	20443	3512,4626,1849,3181,8724,6732,8825,12161,9784,13426,13669,15211,10092,18932,14177,20832
1	111	23452	3512,4626,1849,3181,8724,6732,8825,12161,9784,13426,13669,15211,10092,18932,14177,20832
0	111	23158	3512,4626,1849,3181,8724,6732,8825,12161,9784,13426,13669,15211,10092,18932,14177,20832,23452
1	111	23453	3512,4626,1849,3181,8724,6732,8825,12161,9784,13426,13669,15211,10092,18932,14177,20832,23452
1	111	25052	3512,4626,1849,3181,8724,6732,8825,12161,9784,13426,13669,15211,10092,18932,14177,20832,23452,23453
0	111	26759	3512,4626,1849,3181,8724,6732,8825,12161,9784,13426,13669,15211,10092,18932,14177,20832,23452,23453,25052
0	111	26938	3512,4626,1849,3181,8724,6732,8825,12161,9784,13426,13669,15211,10092,18932,14177,20832,23452,23453,25052
1	111	19925	3512,4626,1849,3181,8724,6732,8825,12161,9784,13426,13669,15211,10092,18932,14177,20832,23452,23453,25052
0	111	24056	3512,4626,1849,3181,8724,6732,8825,12161,9784,13426,13669,15211,10092,18932,14177,20832,23452,23453,25052,19925
1	111	10601	3512,4626,1849,3181,8724,6732,8825,12161,9784,13426,13669,15211,10092,18932,14177,20832,23452,23453,25052,19925
1	111	27965	3512,4626,1849,3181,8724,6732,8825,12161,9784,13426,13669,15211,10092,18932,14177,20832,23452,23453,25052,19925,10601
0	111	28089	3512,4626,1849,3181,8724,6732,8825,12161,9784,13426,13669,15211,10092,18932,14177,20832,23452,23453,25052,19925,10601,27965
1	111	28004	3512,4626,1849,3181,8724,6732,8825,12161,9784,13426,13669,15211,10092,18932,14177,20832,23452,23453,25052,19925,10601,27965
1	111	25988	3512,4626,1849,3181,8724,6732,8825,12161,9784,13426,13669,15211,10092,18932,14177,20832,23452,23453,25052,19925,10601,27965,28004
1	111	11544	3512,4626,1849,3181,8724,6732,8825,12161,9784,13426,13669,15211,10092,18932,14177,20832,23452,23453,25052,19925,10601,27965,28004,25988
