0	1577	32731	0
1	1577	30774	0
0	1577	3071	30774
1	1577	26472	30774
1	1577	27688	30774,26472
0	1577	32109	30774,26472,27688
0	1577	6340	30774,26472,27688
0	1577	8527	30774,26472,27688
1	1577	6958	30774,26472,27688
0	1577	6501	30774,26472,27688,6958
0	1577	8528	30774,26472,27688,6958
0	1577	6720	30774,26472,27688,6958
1	1577	7087	30774,26472,27688,6958
0	1577	22836	30774,26472,27688,6958,7087
1	1577	6986	30774,26472,27688,6958,7087
1	1577	4208	30774,26472,27688,6958,7087,6986
1	1577	9894	30774,26472,27688,6958,7087,6986,4208
0	1577	12041	30774,26472,27688,6958,7087,6986,4208,9894
1	1577	3749	30774,26472,27688,6958,7087,6986,4208,9894
0	1577	9936	30774,26472,27688,6958,7087,6986,4208,9894,3749
0	1577	11710	30774,26472,27688,6958,7087,6986,4208,9894,3749
1	1577	4042	30774,26472,27688,6958,7087,6986,4208,9894,3749
1	1577	3636	30774,26472,27688,6958,7087,6986,4208,9894,3749,4042
1	1577	11072	30774,26472,27688,6958,7087,6986,4208,9894,3749,4042,3636
1	1577	12951	30774,26472,27688,6958,7087,6986,4208,9894,3749,4042,3636,11072
0	1577	10044	30774,26472,27688,6958,7087,6986,4208,9894,3749,4042,3636,11072,12951
0	1577	14308	30774,26472,27688,6958,7087,6986,4208,9894,3749,4042,3636,11072,12951
1	1577	13184	30774,26472,27688,6958,7087,6986,4208,9894,3749,4042,3636,11072,12951
1	1577	7031	30774,26472,27688,6958,7087,6986,4208,9894,3749,4042,3636,11072,12951,13184
0	1577	33020	30774,26472,27688,6958,7087,6986,4208,9894,3749,4042,3636,11072,12951,13184,7031
1	1577	12292	30774,26472,27688,6958,7087,6986,4208,9894,3749,4042,3636,11072,12951,13184,7031
1	1577	15123	30774,26472,27688,6958,7087,6986,4208,9894,3749,4042,3636,11072,12951,13184,7031,12292
1	1577	16062	30774,26472,27688,6958,7087,6986,4208,9894,3749,4042,3636,11072,12951,13184,7031,12292,15123
1	1577	13355	30774,26472,27688,6958,7087,6986,4208,9894,3749,4042,3636,11072,12951,13184,7031,12292,15123,16062
0	1577	16460	30774,26472,27688,6958,7087,6986,4208,9894,3749,4042,3636,11072,12951,13184,7031,12292,15123,16062,13355
1	1577	9059	30774,26472,27688,6958,7087,6986,4208,9894,3749,4042,3636,11072,12951,13184,7031,12292,15123,16062,13355
1	1577	16088	30774,26472,27688,6958,7087,6986,4208,9894,3749,4042,3636,11072,12951,13184,7031,12292,15123,16062,13355,9059
1	1577	17120	30774,26472,27688,6958,7087,6986,4208,9894,3749,4042,3636,11072,12951,13184,7031,12292,15123,16062,13355,9059,16088
1	1577	17016	30774,26472,27688,6958,7087,6986,4208,9894,3749,4042,3636,11072,12951,13184,7031,12292,15123,16062,13355,9059,16088,17120
1	1577	18536	30774,26472,27688,6958,7087,6986,4208,9894,3749,4042,3636,11072,12951,13184,7031,12292,15123,16062,13355,9059,16088,17120,17016
1	1577	19668	30774,26472,27688,6958,7087,6986,4208,9894,3749,4042,3636,11072,12951,13184,7031,12292,15123,16062,13355,9059,16088,17120,17016,18536
1	1577	16520	30774,26472,27688,6958,7087,6986,4208,9894,3749,4042,3636,11072,12951,13184,7031,12292,15123,16062,13355,9059,16088,17120,17016,18536,19668
1	1577	20222	30774,26472,27688,6958,7087,6986,4208,9894,3749,4042,3636,11072,12951,13184,7031,12292,15123,16062,13355,9059,16088,17120,17016,18536,19668,16520
1	1577	11869	30774,26472,27688,6958,7087,6986,4208,9894,3749,4042,3636,11072,12951,13184,7031,12292,15123,16062,13355,9059,16088,17120,17016,18536,19668,16520,20222
1	1577	16653	30774,26472,27688,6958,7087,6986,4208,9894,3749,4042,3636,11072,12951,13184,7031,12292,15123,16062,13355,9059,16088,17120,17016,18536,19668,16520,20222,11869
1	1577	9219	30774,26472,27688,6958,7087,6986,4208,9894,3749,4042,3636,11072,12951,13184,7031,12292,15123,16062,13355,9059,16088,17120,17016,18536,19668,16520,20222,11869,16653
1	1577	13043	30774,26472,27688,6958,7087,6986,4208,9894,3749,4042,3636,11072,12951,13184,7031,12292,15123,16062,13355,9059,16088,17120,17016,18536,19668,16520,20222,11869,16653,9219
0	1577	11547	30774,26472,27688,6958,7087,6986,4208,9894,3749,4042,3636,11072,12951,13184,7031,12292,15123,16062,13355,9059,16088,17120,17016,18536,19668,16520,20222,11869,16653,9219,13043
1	1577	2891	30774,26472,27688,6958,7087,6986,4208,9894,3749,4042,3636,11072,12951,13184,7031,12292,15123,16062,13355,9059,16088,17120,17016,18536,19668,16520,20222,11869,16653,9219,13043
1	1577	14072	30774,26472,27688,6958,7087,6986,4208,9894,3749,4042,3636,11072,12951,13184,7031,12292,15123,16062,13355,9059,16088,17120,17016,18536,19668,16520,20222,11869,16653,9219,13043,2891
1	1577	14151	30774,26472,27688,6958,7087,6986,4208,9894,3749,4042,3636,11072,12951,13184,7031,12292,15123,16062,13355,9059,16088,17120,17016,18536,19668,16520,20222,11869,16653,9219,13043,2891,14072
0	1577	21773	30774,26472,27688,6958,7087,6986,4208,9894,3749,4042,3636,11072,12951,13184,7031,12292,15123,16062,13355,9059,16088,17120,17016,18536,19668,16520,20222,11869,16653,9219,13043,2891,14072,14151
0	1577	23451	30774,26472,27688,6958,7087,6986,4208,9894,3749,4042,3636,11072,12951,13184,7031,12292,15123,16062,13355,9059,16088,17120,17016,18536,19668,16520,20222,11869,16653,9219,13043,2891,14072,14151
1	1577	4013	30774,26472,27688,6958,7087,6986,4208,9894,3749,4042,3636,11072,12951,13184,7031,12292,15123,16062,13355,9059,16088,17120,17016,18536,19668,16520,20222,11869,16653,9219,13043,2891,14072,14151
1	1577	17444	30774,26472,27688,6958,7087,6986,4208,9894,3749,4042,3636,11072,12951,13184,7031,12292,15123,16062,13355,9059,16088,17120,17016,18536,19668,16520,20222,11869,16653,9219,13043,2891,14072,14151,4013
1	1577	5219	30774,26472,27688,6958,7087,6986,4208,9894,3749,4042,3636,11072,12951,13184,7031,12292,15123,16062,13355,9059,16088,17120,17016,18536,19668,16520,20222,11869,16653,9219,13043,2891,14072,14151,4013,17444
1	1577	17030	30774,26472,27688,6958,7087,6986,4208,9894,3749,4042,3636,11072,12951,13184,7031,12292,15123,16062,13355,9059,16088,17120,17016,18536,19668,16520,20222,11869,16653,9219,13043,2891,14072,14151,4013,17444,5219
1	1577	24191	30774,26472,27688,6958,7087,6986,4208,9894,3749,4042,3636,11072,12951,13184,7031,12292,15123,16062,13355,9059,16088,17120,17016,18536,19668,16520,20222,11869,16653,9219,13043,2891,14072,14151,4013,17444,5219,17030
0	1577	21596	30774,26472,27688,6958,7087,6986,4208,9894,3749,4042,3636,11072,12951,13184,7031,12292,15123,16062,13355,9059,16088,17120,17016,18536,19668,16520,20222,11869,16653,9219,13043,2891,14072,14151,4013,17444,5219,17030,24191
0	1577	24389	30774,26472,27688,6958,7087,6986,4208,9894,3749,4042,3636,11072,12951,13184,7031,12292,15123,16062,13355,9059,16088,17120,17016,18536,19668,16520,20222,11869,16653,9219,13043,2891,14072,14151,4013,17444,5219,17030,24191
1	1577	23157	30774,26472,27688,6958,7087,6986,4208,9894,3749,4042,3636,11072,12951,13184,7031,12292,15123,16062,13355,9059,16088,17120,17016,18536,19668,16520,20222,11869,16653,9219,13043,2891,14072,14151,4013,17444,5219,17030,24191
1	1577	24884	30774,26472,27688,6958,7087,6986,4208,9894,3749,4042,3636,11072,12951,13184,7031,12292,15123,16062,13355,9059,16088,17120,17016,18536,19668,16520,20222,11869,16653,9219,13043,2891,14072,14151,4013,17444,5219,17030,24191,23157
1	1577	33063	30774,26472,27688,6958,7087,6986,4208,9894,3749,4042,3636,11072,12951,13184,7031,12292,15123,16062,13355,9059,16088,17120,17016,18536,19668,16520,20222,11869,16653,9219,13043,2891,14072,14151,4013,17444,5219,17030,24191,23157,24884
0	1577	16426	30774,26472,27688,6958,7087,6986,4208,9894,3749,4042,3636,11072,12951,13184,7031,12292,15123,16062,13355,9059,16088,17120,17016,18536,19668,16520,20222,11869,16653,9219,13043,2891,14072,14151,4013,17444,5219,17030,24191,23157,24884,33063
0	1577	1511	30774,26472,27688,6958,7087,6986,4208,9894,3749,4042,3636,11072,12951,13184,7031,12292,15123,16062,13355,9059,16088,17120,17016,18536,19668,16520,20222,11869,16653,9219,13043,2891,14072,14151,4013,17444,5219,17030,24191,23157,24884,33063
1	1577	21524	30774,26472,27688,6958,7087,6986,4208,9894,3749,4042,3636,11072,12951,13184,7031,12292,15123,16062,13355,9059,16088,17120,17016,18536,19668,16520,20222,11869,16653,9219,13043,2891,14072,14151,4013,17444,5219,17030,24191,23157,24884,33063
0	1577	23453	30774,26472,27688,6958,7087,6986,4208,9894,3749,4042,3636,11072,12951,13184,7031,12292,15123,16062,13355,9059,16088,17120,17016,18536,19668,16520,20222,11869,16653,9219,13043,2891,14072,14151,4013,17444,5219,17030,24191,23157,24884,33063,21524
1	1577	25414	30774,26472,27688,6958,7087,6986,4208,9894,3749,4042,3636,11072,12951,13184,7031,12292,15123,16062,13355,9059,16088,17120,17016,18536,19668,16520,20222,11869,16653,9219,13043,2891,14072,14151,4013,17444,5219,17030,24191,23157,24884,33063,21524
1	1577	25997	30774,26472,27688,6958,7087,6986,4208,9894,3749,4042,3636,11072,12951,13184,7031,12292,15123,16062,13355,9059,16088,17120,17016,18536,19668,16520,20222,11869,16653,9219,13043,2891,14072,14151,4013,17444,5219,17030,24191,23157,24884,33063,21524,25414
1	1577	2937	30774,26472,27688,6958,7087,6986,4208,9894,3749,4042,3636,11072,12951,13184,7031,12292,15123,16062,13355,9059,16088,17120,17016,18536,19668,16520,20222,11869,16653,9219,13043,2891,14072,14151,4013,17444,5219,17030,24191,23157,24884,33063,21524,25414,25997
1	1577	22784	30774,26472,27688,6958,7087,6986,4208,9894,3749,4042,3636,11072,12951,13184,7031,12292,15123,16062,13355,9059,16088,17120,17016,18536,19668,16520,20222,11869,16653,9219,13043,2891,14072,14151,4013,17444,5219,17030,24191,23157,24884,33063,21524,25414,25997,2937
0	1577	22873	30774,26472,27688,6958,7087,6986,4208,9894,3749,4042,3636,11072,12951,13184,7031,12292,15123,16062,13355,9059,16088,17120,17016,18536,19668,16520,20222,11869,16653,9219,13043,2891,14072,14151,4013,17444,5219,17030,24191,23157,24884,33063,21524,25414,25997,2937,22784
0	1577	23768	30774,26472,27688,6958,7087,6986,4208,9894,3749,4042,3636,11072,12951,13184,7031,12292,15123,16062,13355,9059,16088,17120,17016,18536,19668,16520,20222,11869,16653,9219,13043,2891,14072,14151,4013,17444,5219,17030,24191,23157,24884,33063,21524,25414,25997,2937,22784
0	1577	8110	30774,26472,27688,6958,7087,6986,4208,9894,3749,4042,3636,11072,12951,13184,7031,12292,15123,16062,13355,9059,16088,17120,17016,18536,19668,16520,20222,11869,16653,9219,13043,2891,14072,14151,4013,17444,5219,17030,24191,23157,24884,33063,21524,25414,25997,2937,22784
0	1577	15947	30774,26472,27688,6958,7087,6986,4208,9894,3749,4042,3636,11072,12951,13184,7031,12292,15123,16062,13355,9059,16088,17120,17016,18536,19668,16520,20222,11869,16653,9219,13043,2891,14072,14151,4013,17444,5219,17030,24191,23157,24884,33063,21524,25414,25997,2937,22784
0	1577	24048	30774,26472,27688,6958,7087,6986,4208,9894,3749,4042,3636,11072,12951,13184,7031,12292,15123,16062,13355,9059,16088,17120,17016,18536,19668,16520,20222,11869,16653,9219,13043,2891,14072,14151,4013,17444,5219,17030,24191,23157,24884,33063,21524,25414,25997,2937,22784
0	1577	27287	30774,26472,27688,6958,7087,6986,4208,9894,3749,4042,3636,11072,12951,13184,7031,12292,15123,16062,13355,9059,16088,17120,17016,18536,19668,16520,20222,11869,16653,9219,13043,2891,14072,14151,4013,17444,5219,17030,24191,23157,24884,33063,21524,25414,25997,2937,22784
1	1577	27999	30774,26472,27688,6958,7087,6986,4208,9894,3749,4042,3636,11072,12951,13184,7031,12292,15123,16062,13355,9059,16088,17120,17016,18536,19668,16520,20222,11869,16653,9219,13043,2891,14072,14151,4013,17444,5219,17030,24191,23157,24884,33063,21524,25414,25997,2937,22784
1	1577	26231	30774,26472,27688,6958,7087,6986,4208,9894,3749,4042,3636,11072,12951,13184,7031,12292,15123,16062,13355,9059,16088,17120,17016,18536,19668,16520,20222,11869,16653,9219,13043,2891,14072,14151,4013,17444,5219,17030,24191,23157,24884,33063,21524,25414,25997,2937,22784,27999
0	1577	27936	30774,26472,27688,6958,7087,6986,4208,9894,3749,4042,3636,11072,12951,13184,7031,12292,15123,16062,13355,9059,16088,17120,17016,18536,19668,16520,20222,11869,16653,9219,13043,2891,14072,14151,4013,17444,5219,17030,24191,23157,24884,33063,21524,25414,25997,2937,22784,27999,26231
1	1577	27750	30774,26472,27688,6958,7087,6986,4208,9894,3749,4042,3636,11072,12951,13184,7031,12292,15123,16062,13355,9059,16088,17120,17016,18536,19668,16520,20222,11869,16653,9219,13043,2891,14072,14151,4013,17444,5219,17030,24191,23157,24884,33063,21524,25414,25997,2937,22784,27999,26231
1	1577	27949	30774,26472,27688,6958,7087,6986,4208,9894,3749,4042,3636,11072,12951,13184,7031,12292,15123,16062,13355,9059,16088,17120,17016,18536,19668,16520,20222,11869,16653,9219,13043,2891,14072,14151,4013,17444,5219,17030,24191,23157,24884,33063,21524,25414,25997,2937,22784,27999,26231,27750
