1	482	11955	0
1	482	19620	11955
1	482	19612	11955,19620
1	482	14780	11955,19620,19612
1	482	20385	11955,19620,19612,14780
0	482	19165	11955,19620,19612,14780,20385
1	482	15674	11955,19620,19612,14780,20385
1	482	22070	11955,19620,19612,14780,20385,15674
0	482	20206	11955,19620,19612,14780,20385,15674,22070
0	482	21363	11955,19620,19612,14780,20385,15674,22070
0	482	19018	11955,19620,19612,14780,20385,15674,22070
1	482	22111	11955,19620,19612,14780,20385,15674,22070
0	482	24563	11955,19620,19612,14780,20385,15674,22070,22111
0	482	20088	11955,19620,19612,14780,20385,15674,22070,22111
0	482	20816	11955,19620,19612,14780,20385,15674,22070,22111
0	482	24209	11955,19620,19612,14780,20385,15674,22070,22111
1	482	15221	11955,19620,19612,14780,20385,15674,22070,22111
1	482	24789	11955,19620,19612,14780,20385,15674,22070,22111,15221
1	482	23128	11955,19620,19612,14780,20385,15674,22070,22111,15221,24789
0	482	23760	11955,19620,19612,14780,20385,15674,22070,22111,15221,24789,23128
1	482	24785	11955,19620,19612,14780,20385,15674,22070,22111,15221,24789,23128
1	482	24795	11955,19620,19612,14780,20385,15674,22070,22111,15221,24789,23128,24785
0	482	25248	11955,19620,19612,14780,20385,15674,22070,22111,15221,24789,23128,24785,24795
0	482	25250	11955,19620,19612,14780,20385,15674,22070,22111,15221,24789,23128,24785,24795
1	482	25817	11955,19620,19612,14780,20385,15674,22070,22111,15221,24789,23128,24785,24795
0	482	26583	11955,19620,19612,14780,20385,15674,22070,22111,15221,24789,23128,24785,24795,25817
1	482	27391	11955,19620,19612,14780,20385,15674,22070,22111,15221,24789,23128,24785,24795,25817
0	482	27447	11955,19620,19612,14780,20385,15674,22070,22111,15221,24789,23128,24785,24795,25817,27391
1	482	27650	11955,19620,19612,14780,20385,15674,22070,22111,15221,24789,23128,24785,24795,25817,27391
1	482	26901	11955,19620,19612,14780,20385,15674,22070,22111,15221,24789,23128,24785,24795,25817,27391,27650
1	482	14947	11955,19620,19612,14780,20385,15674,22070,22111,15221,24789,23128,24785,24795,25817,27391,27650,26901
1	482	29575	11955,19620,19612,14780,20385,15674,22070,22111,15221,24789,23128,24785,24795,25817,27391,27650,26901,14947
