1	1671	7678	0
1	1671	10061	7678
1	1671	8923	7678,10061
1	1671	15607	7678,10061,8923
0	1671	8581	7678,10061,8923,15607
0	1671	2379	7678,10061,8923,15607
1	1671	12588	7678,10061,8923,15607
1	1671	9434	7678,10061,8923,15607,12588
0	1671	12736	7678,10061,8923,15607,12588,9434
0	1671	16273	7678,10061,8923,15607,12588,9434
1	1671	18183	7678,10061,8923,15607,12588,9434
0	1671	9729	7678,10061,8923,15607,12588,9434,18183
0	1671	13794	7678,10061,8923,15607,12588,9434,18183
1	1671	14723	7678,10061,8923,15607,12588,9434,18183
1	1671	16092	7678,10061,8923,15607,12588,9434,18183,14723
0	1671	4855	7678,10061,8923,15607,12588,9434,18183,14723,16092
0	1671	13224	7678,10061,8923,15607,12588,9434,18183,14723,16092
0	1671	19371	7678,10061,8923,15607,12588,9434,18183,14723,16092
0	1671	19608	7678,10061,8923,15607,12588,9434,18183,14723,16092
0	1671	17293	7678,10061,8923,15607,12588,9434,18183,14723,16092
0	1671	21955	7678,10061,8923,15607,12588,9434,18183,14723,16092
0	1671	17236	7678,10061,8923,15607,12588,9434,18183,14723,16092
1	1671	8527	7678,10061,8923,15607,12588,9434,18183,14723,16092
1	1671	16652	7678,10061,8923,15607,12588,9434,18183,14723,16092,8527
1	1671	3749	7678,10061,8923,15607,12588,9434,18183,14723,16092,8527,16652
1	1671	11175	7678,10061,8923,15607,12588,9434,18183,14723,16092,8527,16652,3749
1	1671	25239	7678,10061,8923,15607,12588,9434,18183,14723,16092,8527,16652,3749,11175
1	1671	18489	7678,10061,8923,15607,12588,9434,18183,14723,16092,8527,16652,3749,11175,25239
0	1671	21812	7678,10061,8923,15607,12588,9434,18183,14723,16092,8527,16652,3749,11175,25239,18489
1	1671	17691	7678,10061,8923,15607,12588,9434,18183,14723,16092,8527,16652,3749,11175,25239,18489
1	1671	17692	7678,10061,8923,15607,12588,9434,18183,14723,16092,8527,16652,3749,11175,25239,18489,17691
0	1671	21946	7678,10061,8923,15607,12588,9434,18183,14723,16092,8527,16652,3749,11175,25239,18489,17691,17692
1	1671	11869	7678,10061,8923,15607,12588,9434,18183,14723,16092,8527,16652,3749,11175,25239,18489,17691,17692
1	1671	7489	7678,10061,8923,15607,12588,9434,18183,14723,16092,8527,16652,3749,11175,25239,18489,17691,17692,11869
1	1671	17695	7678,10061,8923,15607,12588,9434,18183,14723,16092,8527,16652,3749,11175,25239,18489,17691,17692,11869,7489
0	1671	28838	7678,10061,8923,15607,12588,9434,18183,14723,16092,8527,16652,3749,11175,25239,18489,17691,17692,11869,7489,17695
1	1671	28869	7678,10061,8923,15607,12588,9434,18183,14723,16092,8527,16652,3749,11175,25239,18489,17691,17692,11869,7489,17695
1	1671	28846	7678,10061,8923,15607,12588,9434,18183,14723,16092,8527,16652,3749,11175,25239,18489,17691,17692,11869,7489,17695,28869
