0	1823	6864	0
1	1823	16772	0
0	1823	19361	16772
1	1823	881	16772
0	1823	19970	16772,881
1	1823	523	16772,881
0	1823	955	16772,881,523
1	1823	34	16772,881,523
1	1823	26930	16772,881,523,34
1	1823	243	16772,881,523,34,26930
0	1823	32481	16772,881,523,34,26930,243
1	1823	4961	16772,881,523,34,26930,243
1	1823	2195	16772,881,523,34,26930,243,4961
0	1823	2828	16772,881,523,34,26930,243,4961,2195
1	1823	2684	16772,881,523,34,26930,243,4961,2195
0	1823	5331	16772,881,523,34,26930,243,4961,2195,2684
0	1823	3733	16772,881,523,34,26930,243,4961,2195,2684
1	1823	5591	16772,881,523,34,26930,243,4961,2195,2684
0	1823	5708	16772,881,523,34,26930,243,4961,2195,2684,5591
1	1823	7493	16772,881,523,34,26930,243,4961,2195,2684,5591
0	1823	7284	16772,881,523,34,26930,243,4961,2195,2684,5591,7493
0	1823	31029	16772,881,523,34,26930,243,4961,2195,2684,5591,7493
0	1823	7036	16772,881,523,34,26930,243,4961,2195,2684,5591,7493
0	1823	8189	16772,881,523,34,26930,243,4961,2195,2684,5591,7493
0	1823	8330	16772,881,523,34,26930,243,4961,2195,2684,5591,7493
1	1823	8848	16772,881,523,34,26930,243,4961,2195,2684,5591,7493
0	1823	9060	16772,881,523,34,26930,243,4961,2195,2684,5591,7493,8848
1	1823	8979	16772,881,523,34,26930,243,4961,2195,2684,5591,7493,8848
0	1823	9162	16772,881,523,34,26930,243,4961,2195,2684,5591,7493,8848,8979
0	1823	10052	16772,881,523,34,26930,243,4961,2195,2684,5591,7493,8848,8979
0	1823	9580	16772,881,523,34,26930,243,4961,2195,2684,5591,7493,8848,8979
0	1823	7780	16772,881,523,34,26930,243,4961,2195,2684,5591,7493,8848,8979
0	1823	10377	16772,881,523,34,26930,243,4961,2195,2684,5591,7493,8848,8979
0	1823	9866	16772,881,523,34,26930,243,4961,2195,2684,5591,7493,8848,8979
0	1823	8758	16772,881,523,34,26930,243,4961,2195,2684,5591,7493,8848,8979
0	1823	6818	16772,881,523,34,26930,243,4961,2195,2684,5591,7493,8848,8979
0	1823	9895	16772,881,523,34,26930,243,4961,2195,2684,5591,7493,8848,8979
0	1823	7976	16772,881,523,34,26930,243,4961,2195,2684,5591,7493,8848,8979
0	1823	8729	16772,881,523,34,26930,243,4961,2195,2684,5591,7493,8848,8979
0	1823	8659	16772,881,523,34,26930,243,4961,2195,2684,5591,7493,8848,8979
0	1823	9616	16772,881,523,34,26930,243,4961,2195,2684,5591,7493,8848,8979
0	1823	9908	16772,881,523,34,26930,243,4961,2195,2684,5591,7493,8848,8979
0	1823	7931	16772,881,523,34,26930,243,4961,2195,2684,5591,7493,8848,8979
0	1823	9984	16772,881,523,34,26930,243,4961,2195,2684,5591,7493,8848,8979
1	1823	12441	16772,881,523,34,26930,243,4961,2195,2684,5591,7493,8848,8979
1	1823	9411	16772,881,523,34,26930,243,4961,2195,2684,5591,7493,8848,8979,12441
1	1823	7304	16772,881,523,34,26930,243,4961,2195,2684,5591,7493,8848,8979,12441,9411
1	1823	14501	16772,881,523,34,26930,243,4961,2195,2684,5591,7493,8848,8979,12441,9411,7304
0	1823	929	16772,881,523,34,26930,243,4961,2195,2684,5591,7493,8848,8979,12441,9411,7304,14501
0	1823	4436	16772,881,523,34,26930,243,4961,2195,2684,5591,7493,8848,8979,12441,9411,7304,14501
1	1823	14341	16772,881,523,34,26930,243,4961,2195,2684,5591,7493,8848,8979,12441,9411,7304,14501
0	1823	11862	16772,881,523,34,26930,243,4961,2195,2684,5591,7493,8848,8979,12441,9411,7304,14501,14341
0	1823	15072	16772,881,523,34,26930,243,4961,2195,2684,5591,7493,8848,8979,12441,9411,7304,14501,14341
0	1823	10766	16772,881,523,34,26930,243,4961,2195,2684,5591,7493,8848,8979,12441,9411,7304,14501,14341
0	1823	965	16772,881,523,34,26930,243,4961,2195,2684,5591,7493,8848,8979,12441,9411,7304,14501,14341
1	1823	9826	16772,881,523,34,26930,243,4961,2195,2684,5591,7493,8848,8979,12441,9411,7304,14501,14341
0	1823	981	16772,881,523,34,26930,243,4961,2195,2684,5591,7493,8848,8979,12441,9411,7304,14501,14341,9826
0	1823	1925	16772,881,523,34,26930,243,4961,2195,2684,5591,7493,8848,8979,12441,9411,7304,14501,14341,9826
0	1823	7341	16772,881,523,34,26930,243,4961,2195,2684,5591,7493,8848,8979,12441,9411,7304,14501,14341,9826
0	1823	17018	16772,881,523,34,26930,243,4961,2195,2684,5591,7493,8848,8979,12441,9411,7304,14501,14341,9826
0	1823	9869	16772,881,523,34,26930,243,4961,2195,2684,5591,7493,8848,8979,12441,9411,7304,14501,14341,9826
0	1823	18155	16772,881,523,34,26930,243,4961,2195,2684,5591,7493,8848,8979,12441,9411,7304,14501,14341,9826
0	1823	22506	16772,881,523,34,26930,243,4961,2195,2684,5591,7493,8848,8979,12441,9411,7304,14501,14341,9826
0	1823	17621	16772,881,523,34,26930,243,4961,2195,2684,5591,7493,8848,8979,12441,9411,7304,14501,14341,9826
0	1823	16457	16772,881,523,34,26930,243,4961,2195,2684,5591,7493,8848,8979,12441,9411,7304,14501,14341,9826
1	1823	19636	16772,881,523,34,26930,243,4961,2195,2684,5591,7493,8848,8979,12441,9411,7304,14501,14341,9826
0	1823	17773	16772,881,523,34,26930,243,4961,2195,2684,5591,7493,8848,8979,12441,9411,7304,14501,14341,9826,19636
0	1823	18383	16772,881,523,34,26930,243,4961,2195,2684,5591,7493,8848,8979,12441,9411,7304,14501,14341,9826,19636
1	1823	20280	16772,881,523,34,26930,243,4961,2195,2684,5591,7493,8848,8979,12441,9411,7304,14501,14341,9826,19636
0	1823	19238	16772,881,523,34,26930,243,4961,2195,2684,5591,7493,8848,8979,12441,9411,7304,14501,14341,9826,19636,20280
0	1823	13935	16772,881,523,34,26930,243,4961,2195,2684,5591,7493,8848,8979,12441,9411,7304,14501,14341,9826,19636,20280
0	1823	6802	16772,881,523,34,26930,243,4961,2195,2684,5591,7493,8848,8979,12441,9411,7304,14501,14341,9826,19636,20280
0	1823	33068	16772,881,523,34,26930,243,4961,2195,2684,5591,7493,8848,8979,12441,9411,7304,14501,14341,9826,19636,20280
0	1823	19805	16772,881,523,34,26930,243,4961,2195,2684,5591,7493,8848,8979,12441,9411,7304,14501,14341,9826,19636,20280
0	1823	19376	16772,881,523,34,26930,243,4961,2195,2684,5591,7493,8848,8979,12441,9411,7304,14501,14341,9826,19636,20280
0	1823	15574	16772,881,523,34,26930,243,4961,2195,2684,5591,7493,8848,8979,12441,9411,7304,14501,14341,9826,19636,20280
0	1823	8204	16772,881,523,34,26930,243,4961,2195,2684,5591,7493,8848,8979,12441,9411,7304,14501,14341,9826,19636,20280
0	1823	15650	16772,881,523,34,26930,243,4961,2195,2684,5591,7493,8848,8979,12441,9411,7304,14501,14341,9826,19636,20280
0	1823	17659	16772,881,523,34,26930,243,4961,2195,2684,5591,7493,8848,8979,12441,9411,7304,14501,14341,9826,19636,20280
1	1823	18053	16772,881,523,34,26930,243,4961,2195,2684,5591,7493,8848,8979,12441,9411,7304,14501,14341,9826,19636,20280
0	1823	6849	16772,881,523,34,26930,243,4961,2195,2684,5591,7493,8848,8979,12441,9411,7304,14501,14341,9826,19636,20280,18053
1	1823	9968	16772,881,523,34,26930,243,4961,2195,2684,5591,7493,8848,8979,12441,9411,7304,14501,14341,9826,19636,20280,18053
1	1823	13768	16772,881,523,34,26930,243,4961,2195,2684,5591,7493,8848,8979,12441,9411,7304,14501,14341,9826,19636,20280,18053,9968
1	1823	13920	16772,881,523,34,26930,243,4961,2195,2684,5591,7493,8848,8979,12441,9411,7304,14501,14341,9826,19636,20280,18053,9968,13768
0	1823	20693	16772,881,523,34,26930,243,4961,2195,2684,5591,7493,8848,8979,12441,9411,7304,14501,14341,9826,19636,20280,18053,9968,13768,13920
1	1823	20637	16772,881,523,34,26930,243,4961,2195,2684,5591,7493,8848,8979,12441,9411,7304,14501,14341,9826,19636,20280,18053,9968,13768,13920
1	1823	8671	16772,881,523,34,26930,243,4961,2195,2684,5591,7493,8848,8979,12441,9411,7304,14501,14341,9826,19636,20280,18053,9968,13768,13920,20637
0	1823	12475	16772,881,523,34,26930,243,4961,2195,2684,5591,7493,8848,8979,12441,9411,7304,14501,14341,9826,19636,20280,18053,9968,13768,13920,20637,8671
0	1823	21954	16772,881,523,34,26930,243,4961,2195,2684,5591,7493,8848,8979,12441,9411,7304,14501,14341,9826,19636,20280,18053,9968,13768,13920,20637,8671
0	1823	19232	16772,881,523,34,26930,243,4961,2195,2684,5591,7493,8848,8979,12441,9411,7304,14501,14341,9826,19636,20280,18053,9968,13768,13920,20637,8671
1	1823	17928	16772,881,523,34,26930,243,4961,2195,2684,5591,7493,8848,8979,12441,9411,7304,14501,14341,9826,19636,20280,18053,9968,13768,13920,20637,8671
0	1823	18220	16772,881,523,34,26930,243,4961,2195,2684,5591,7493,8848,8979,12441,9411,7304,14501,14341,9826,19636,20280,18053,9968,13768,13920,20637,8671,17928
1	1823	4017	16772,881,523,34,26930,243,4961,2195,2684,5591,7493,8848,8979,12441,9411,7304,14501,14341,9826,19636,20280,18053,9968,13768,13920,20637,8671,17928
0	1823	21169	16772,881,523,34,26930,243,4961,2195,2684,5591,7493,8848,8979,12441,9411,7304,14501,14341,9826,19636,20280,18053,9968,13768,13920,20637,8671,17928,4017
0	1823	20412	16772,881,523,34,26930,243,4961,2195,2684,5591,7493,8848,8979,12441,9411,7304,14501,14341,9826,19636,20280,18053,9968,13768,13920,20637,8671,17928,4017
1	1823	15830	16772,881,523,34,26930,243,4961,2195,2684,5591,7493,8848,8979,12441,9411,7304,14501,14341,9826,19636,20280,18053,9968,13768,13920,20637,8671,17928,4017
0	1823	23449	16772,881,523,34,26930,243,4961,2195,2684,5591,7493,8848,8979,12441,9411,7304,14501,14341,9826,19636,20280,18053,9968,13768,13920,20637,8671,17928,4017,15830
0	1823	23453	16772,881,523,34,26930,243,4961,2195,2684,5591,7493,8848,8979,12441,9411,7304,14501,14341,9826,19636,20280,18053,9968,13768,13920,20637,8671,17928,4017,15830
0	1823	20765	16772,881,523,34,26930,243,4961,2195,2684,5591,7493,8848,8979,12441,9411,7304,14501,14341,9826,19636,20280,18053,9968,13768,13920,20637,8671,17928,4017,15830
0	1823	19019	16772,881,523,34,26930,243,4961,2195,2684,5591,7493,8848,8979,12441,9411,7304,14501,14341,9826,19636,20280,18053,9968,13768,13920,20637,8671,17928,4017,15830
0	1823	23587	16772,881,523,34,26930,243,4961,2195,2684,5591,7493,8848,8979,12441,9411,7304,14501,14341,9826,19636,20280,18053,9968,13768,13920,20637,8671,17928,4017,15830
0	1823	22593	16772,881,523,34,26930,243,4961,2195,2684,5591,7493,8848,8979,12441,9411,7304,14501,14341,9826,19636,20280,18053,9968,13768,13920,20637,8671,17928,4017,15830
0	1823	19164	16772,881,523,34,26930,243,4961,2195,2684,5591,7493,8848,8979,12441,9411,7304,14501,14341,9826,19636,20280,18053,9968,13768,13920,20637,8671,17928,4017,15830
1	1823	20200	16772,881,523,34,26930,243,4961,2195,2684,5591,7493,8848,8979,12441,9411,7304,14501,14341,9826,19636,20280,18053,9968,13768,13920,20637,8671,17928,4017,15830
1	1823	19185	16772,881,523,34,26930,243,4961,2195,2684,5591,7493,8848,8979,12441,9411,7304,14501,14341,9826,19636,20280,18053,9968,13768,13920,20637,8671,17928,4017,15830,20200
0	1823	23494	16772,881,523,34,26930,243,4961,2195,2684,5591,7493,8848,8979,12441,9411,7304,14501,14341,9826,19636,20280,18053,9968,13768,13920,20637,8671,17928,4017,15830,20200,19185
0	1823	16012	16772,881,523,34,26930,243,4961,2195,2684,5591,7493,8848,8979,12441,9411,7304,14501,14341,9826,19636,20280,18053,9968,13768,13920,20637,8671,17928,4017,15830,20200,19185
0	1823	19617	16772,881,523,34,26930,243,4961,2195,2684,5591,7493,8848,8979,12441,9411,7304,14501,14341,9826,19636,20280,18053,9968,13768,13920,20637,8671,17928,4017,15830,20200,19185
0	1823	21159	16772,881,523,34,26930,243,4961,2195,2684,5591,7493,8848,8979,12441,9411,7304,14501,14341,9826,19636,20280,18053,9968,13768,13920,20637,8671,17928,4017,15830,20200,19185
0	1823	21162	16772,881,523,34,26930,243,4961,2195,2684,5591,7493,8848,8979,12441,9411,7304,14501,14341,9826,19636,20280,18053,9968,13768,13920,20637,8671,17928,4017,15830,20200,19185
0	1823	25156	16772,881,523,34,26930,243,4961,2195,2684,5591,7493,8848,8979,12441,9411,7304,14501,14341,9826,19636,20280,18053,9968,13768,13920,20637,8671,17928,4017,15830,20200,19185
0	1823	25154	16772,881,523,34,26930,243,4961,2195,2684,5591,7493,8848,8979,12441,9411,7304,14501,14341,9826,19636,20280,18053,9968,13768,13920,20637,8671,17928,4017,15830,20200,19185
0	1823	25020	16772,881,523,34,26930,243,4961,2195,2684,5591,7493,8848,8979,12441,9411,7304,14501,14341,9826,19636,20280,18053,9968,13768,13920,20637,8671,17928,4017,15830,20200,19185
0	1823	24929	16772,881,523,34,26930,243,4961,2195,2684,5591,7493,8848,8979,12441,9411,7304,14501,14341,9826,19636,20280,18053,9968,13768,13920,20637,8671,17928,4017,15830,20200,19185
0	1823	26066	16772,881,523,34,26930,243,4961,2195,2684,5591,7493,8848,8979,12441,9411,7304,14501,14341,9826,19636,20280,18053,9968,13768,13920,20637,8671,17928,4017,15830,20200,19185
0	1823	26361	16772,881,523,34,26930,243,4961,2195,2684,5591,7493,8848,8979,12441,9411,7304,14501,14341,9826,19636,20280,18053,9968,13768,13920,20637,8671,17928,4017,15830,20200,19185
0	1823	19746	16772,881,523,34,26930,243,4961,2195,2684,5591,7493,8848,8979,12441,9411,7304,14501,14341,9826,19636,20280,18053,9968,13768,13920,20637,8671,17928,4017,15830,20200,19185
0	1823	25493	16772,881,523,34,26930,243,4961,2195,2684,5591,7493,8848,8979,12441,9411,7304,14501,14341,9826,19636,20280,18053,9968,13768,13920,20637,8671,17928,4017,15830,20200,19185
0	1823	23780	16772,881,523,34,26930,243,4961,2195,2684,5591,7493,8848,8979,12441,9411,7304,14501,14341,9826,19636,20280,18053,9968,13768,13920,20637,8671,17928,4017,15830,20200,19185
0	1823	10601	16772,881,523,34,26930,243,4961,2195,2684,5591,7493,8848,8979,12441,9411,7304,14501,14341,9826,19636,20280,18053,9968,13768,13920,20637,8671,17928,4017,15830,20200,19185
0	1823	24846	16772,881,523,34,26930,243,4961,2195,2684,5591,7493,8848,8979,12441,9411,7304,14501,14341,9826,19636,20280,18053,9968,13768,13920,20637,8671,17928,4017,15830,20200,19185
1	1823	25237	16772,881,523,34,26930,243,4961,2195,2684,5591,7493,8848,8979,12441,9411,7304,14501,14341,9826,19636,20280,18053,9968,13768,13920,20637,8671,17928,4017,15830,20200,19185
0	1823	22622	16772,881,523,34,26930,243,4961,2195,2684,5591,7493,8848,8979,12441,9411,7304,14501,14341,9826,19636,20280,18053,9968,13768,13920,20637,8671,17928,4017,15830,20200,19185,25237
0	1823	23190	16772,881,523,34,26930,243,4961,2195,2684,5591,7493,8848,8979,12441,9411,7304,14501,14341,9826,19636,20280,18053,9968,13768,13920,20637,8671,17928,4017,15830,20200,19185,25237
0	1823	26749	16772,881,523,34,26930,243,4961,2195,2684,5591,7493,8848,8979,12441,9411,7304,14501,14341,9826,19636,20280,18053,9968,13768,13920,20637,8671,17928,4017,15830,20200,19185,25237
1	1823	26775	16772,881,523,34,26930,243,4961,2195,2684,5591,7493,8848,8979,12441,9411,7304,14501,14341,9826,19636,20280,18053,9968,13768,13920,20637,8671,17928,4017,15830,20200,19185,25237
1	1823	26872	16772,881,523,34,26930,243,4961,2195,2684,5591,7493,8848,8979,12441,9411,7304,14501,14341,9826,19636,20280,18053,9968,13768,13920,20637,8671,17928,4017,15830,20200,19185,25237,26775
0	1823	27395	16772,881,523,34,26930,243,4961,2195,2684,5591,7493,8848,8979,12441,9411,7304,14501,14341,9826,19636,20280,18053,9968,13768,13920,20637,8671,17928,4017,15830,20200,19185,25237,26775,26872
0	1823	24048	16772,881,523,34,26930,243,4961,2195,2684,5591,7493,8848,8979,12441,9411,7304,14501,14341,9826,19636,20280,18053,9968,13768,13920,20637,8671,17928,4017,15830,20200,19185,25237,26775,26872
0	1823	23143	16772,881,523,34,26930,243,4961,2195,2684,5591,7493,8848,8979,12441,9411,7304,14501,14341,9826,19636,20280,18053,9968,13768,13920,20637,8671,17928,4017,15830,20200,19185,25237,26775,26872
0	1823	22988	16772,881,523,34,26930,243,4961,2195,2684,5591,7493,8848,8979,12441,9411,7304,14501,14341,9826,19636,20280,18053,9968,13768,13920,20637,8671,17928,4017,15830,20200,19185,25237,26775,26872
0	1823	27613	16772,881,523,34,26930,243,4961,2195,2684,5591,7493,8848,8979,12441,9411,7304,14501,14341,9826,19636,20280,18053,9968,13768,13920,20637,8671,17928,4017,15830,20200,19185,25237,26775,26872
0	1823	3869	16772,881,523,34,26930,243,4961,2195,2684,5591,7493,8848,8979,12441,9411,7304,14501,14341,9826,19636,20280,18053,9968,13768,13920,20637,8671,17928,4017,15830,20200,19185,25237,26775,26872
0	1823	27509	16772,881,523,34,26930,243,4961,2195,2684,5591,7493,8848,8979,12441,9411,7304,14501,14341,9826,19636,20280,18053,9968,13768,13920,20637,8671,17928,4017,15830,20200,19185,25237,26775,26872
0	1823	28488	16772,881,523,34,26930,243,4961,2195,2684,5591,7493,8848,8979,12441,9411,7304,14501,14341,9826,19636,20280,18053,9968,13768,13920,20637,8671,17928,4017,15830,20200,19185,25237,26775,26872
1	1823	28988	16772,881,523,34,26930,243,4961,2195,2684,5591,7493,8848,8979,12441,9411,7304,14501,14341,9826,19636,20280,18053,9968,13768,13920,20637,8671,17928,4017,15830,20200,19185,25237,26775,26872
1	1823	24455	16772,881,523,34,26930,243,4961,2195,2684,5591,7493,8848,8979,12441,9411,7304,14501,14341,9826,19636,20280,18053,9968,13768,13920,20637,8671,17928,4017,15830,20200,19185,25237,26775,26872,28988
0	1823	28475	16772,881,523,34,26930,243,4961,2195,2684,5591,7493,8848,8979,12441,9411,7304,14501,14341,9826,19636,20280,18053,9968,13768,13920,20637,8671,17928,4017,15830,20200,19185,25237,26775,26872,28988,24455
0	1823	29099	16772,881,523,34,26930,243,4961,2195,2684,5591,7493,8848,8979,12441,9411,7304,14501,14341,9826,19636,20280,18053,9968,13768,13920,20637,8671,17928,4017,15830,20200,19185,25237,26775,26872,28988,24455
0	1823	18531	16772,881,523,34,26930,243,4961,2195,2684,5591,7493,8848,8979,12441,9411,7304,14501,14341,9826,19636,20280,18053,9968,13768,13920,20637,8671,17928,4017,15830,20200,19185,25237,26775,26872,28988,24455
0	1823	29275	16772,881,523,34,26930,243,4961,2195,2684,5591,7493,8848,8979,12441,9411,7304,14501,14341,9826,19636,20280,18053,9968,13768,13920,20637,8671,17928,4017,15830,20200,19185,25237,26775,26872,28988,24455
0	1823	28872	16772,881,523,34,26930,243,4961,2195,2684,5591,7493,8848,8979,12441,9411,7304,14501,14341,9826,19636,20280,18053,9968,13768,13920,20637,8671,17928,4017,15830,20200,19185,25237,26775,26872,28988,24455
0	1823	31194	16772,881,523,34,26930,243,4961,2195,2684,5591,7493,8848,8979,12441,9411,7304,14501,14341,9826,19636,20280,18053,9968,13768,13920,20637,8671,17928,4017,15830,20200,19185,25237,26775,26872,28988,24455,30549,30580,7397,30555
