1	1249	32093	0
0	1249	33105	32093
1	1249	32147	32093
0	1249	7031	32093,32147
1	1249	9101	32093,32147
1	1249	3686	32093,32147,9101
1	1249	9435	32093,32147,9101,3686
1	1249	1543	32093,32147,9101,3686,9435
1	1249	2943	32093,32147,9101,3686,9435,1543
1	1249	4538	32093,32147,9101,3686,9435,1543,2943
0	1249	15352	32093,32147,9101,3686,9435,1543,2943,4538
1	1249	9268	32093,32147,9101,3686,9435,1543,2943,4538
0	1249	11859	32093,32147,9101,3686,9435,1543,2943,4538,9268
0	1249	15114	32093,32147,9101,3686,9435,1543,2943,4538,9268
0	1249	31190	32093,32147,9101,3686,9435,1543,2943,4538,9268
1	1249	720	32093,32147,9101,3686,9435,1543,2943,4538,9268
0	1249	10754	32093,32147,9101,3686,9435,1543,2943,4538,9268,720
0	1249	13567	32093,32147,9101,3686,9435,1543,2943,4538,9268,720
0	1249	9201	32093,32147,9101,3686,9435,1543,2943,4538,9268,720
1	1249	3148	32093,32147,9101,3686,9435,1543,2943,4538,9268,720
0	1249	9976	32093,32147,9101,3686,9435,1543,2943,4538,9268,720,3148
0	1249	15762	32093,32147,9101,3686,9435,1543,2943,4538,9268,720,3148
0	1249	7483	32093,32147,9101,3686,9435,1543,2943,4538,9268,720,3148
0	1249	643	32093,32147,9101,3686,9435,1543,2943,4538,9268,720,3148
0	1249	15107	32093,32147,9101,3686,9435,1543,2943,4538,9268,720,3148
1	1249	12773	32093,32147,9101,3686,9435,1543,2943,4538,9268,720,3148
1	1249	11040	32093,32147,9101,3686,9435,1543,2943,4538,9268,720,3148,12773
1	1249	4317	32093,32147,9101,3686,9435,1543,2943,4538,9268,720,3148,12773,11040
1	1249	5989	32093,32147,9101,3686,9435,1543,2943,4538,9268,720,3148,12773,11040,4317
1	1249	4636	32093,32147,9101,3686,9435,1543,2943,4538,9268,720,3148,12773,11040,4317,5989
0	1249	10557	32093,32147,9101,3686,9435,1543,2943,4538,9268,720,3148,12773,11040,4317,5989,4636
0	1249	22371	32093,32147,9101,3686,9435,1543,2943,4538,9268,720,3148,12773,11040,4317,5989,4636
1	1249	24331	32093,32147,9101,3686,9435,1543,2943,4538,9268,720,3148,12773,11040,4317,5989,4636
0	1249	338	32093,32147,9101,3686,9435,1543,2943,4538,9268,720,3148,12773,11040,4317,5989,4636,24331
0	1249	27551	32093,32147,9101,3686,9435,1543,2943,4538,9268,720,3148,12773,11040,4317,5989,4636,24331
1	1249	14349	32093,32147,9101,3686,9435,1543,2943,4538,9268,720,3148,12773,11040,4317,5989,4636,24331
1	1249	22184	32093,32147,9101,3686,9435,1543,2943,4538,9268,720,3148,12773,11040,4317,5989,4636,24331,14349
0	1249	17826	32093,32147,9101,3686,9435,1543,2943,4538,9268,720,3148,12773,11040,4317,5989,4636,24331,14349,22184
1	1249	16885	32093,32147,9101,3686,9435,1543,2943,4538,9268,720,3148,12773,11040,4317,5989,4636,24331,14349,22184
0	1249	20140	32093,32147,9101,3686,9435,1543,2943,4538,9268,720,3148,12773,11040,4317,5989,4636,24331,14349,22184,16885
0	1249	21515	32093,32147,9101,3686,9435,1543,2943,4538,9268,720,3148,12773,11040,4317,5989,4636,24331,14349,22184,16885
