1	234	590	0
1	234	7454	590
1	234	8340	590,7454
1	234	31030	590,7454,8340
1	234	10337	590,7454,8340,31030
1	234	10963	590,7454,8340,31030,10337
1	234	10750	590,7454,8340,31030,10337,10963
0	234	13181	590,7454,8340,31030,10337,10963,10750
1	234	18893	590,7454,8340,31030,10337,10963,10750
1	234	31806	590,7454,8340,31030,10337,10963,10750,18893
0	234	32679	590,7454,8340,31030,10337,10963,10750,18893,31806
0	234	53	590,7454,8340,31030,10337,10963,10750,18893,31806
0	234	9885	590,7454,8340,31030,10337,10963,10750,18893,31806
1	234	5210	590,7454,8340,31030,10337,10963,10750,18893,31806
1	234	2594	590,7454,8340,31030,10337,10963,10750,18893,31806,5210
1	234	4138	590,7454,8340,31030,10337,10963,10750,18893,31806,5210,2594
1	234	9413	590,7454,8340,31030,10337,10963,10750,18893,31806,5210,2594,4138
1	234	6801	590,7454,8340,31030,10337,10963,10750,18893,31806,5210,2594,4138,9413
1	234	7613	590,7454,8340,31030,10337,10963,10750,18893,31806,5210,2594,4138,9413,6801
1	234	5828	590,7454,8340,31030,10337,10963,10750,18893,31806,5210,2594,4138,9413,6801,7613
1	234	6626	590,7454,8340,31030,10337,10963,10750,18893,31806,5210,2594,4138,9413,6801,7613,5828
1	234	8455	590,7454,8340,31030,10337,10963,10750,18893,31806,5210,2594,4138,9413,6801,7613,5828,6626
1	234	32301	590,7454,8340,31030,10337,10963,10750,18893,31806,5210,2594,4138,9413,6801,7613,5828,6626,8455
1	234	162	590,7454,8340,31030,10337,10963,10750,18893,31806,5210,2594,4138,9413,6801,7613,5828,6626,8455,32301
1	234	9982	590,7454,8340,31030,10337,10963,10750,18893,31806,5210,2594,4138,9413,6801,7613,5828,6626,8455,32301,162
1	234	12849	590,7454,8340,31030,10337,10963,10750,18893,31806,5210,2594,4138,9413,6801,7613,5828,6626,8455,32301,162,9982
1	234	4320	590,7454,8340,31030,10337,10963,10750,18893,31806,5210,2594,4138,9413,6801,7613,5828,6626,8455,32301,162,9982,12849
0	234	11160	590,7454,8340,31030,10337,10963,10750,18893,31806,5210,2594,4138,9413,6801,7613,5828,6626,8455,32301,162,9982,12849,4320
1	234	361	590,7454,8340,31030,10337,10963,10750,18893,31806,5210,2594,4138,9413,6801,7613,5828,6626,8455,32301,162,9982,12849,4320
0	234	31657	590,7454,8340,31030,10337,10963,10750,18893,31806,5210,2594,4138,9413,6801,7613,5828,6626,8455,32301,162,9982,12849,4320,361
1	234	18470	590,7454,8340,31030,10337,10963,10750,18893,31806,5210,2594,4138,9413,6801,7613,5828,6626,8455,32301,162,9982,12849,4320,361
1	234	33125	590,7454,8340,31030,10337,10963,10750,18893,31806,5210,2594,4138,9413,6801,7613,5828,6626,8455,32301,162,9982,12849,4320,361,18470
1	234	20808	590,7454,8340,31030,10337,10963,10750,18893,31806,5210,2594,4138,9413,6801,7613,5828,6626,8455,32301,162,9982,12849,4320,361,18470,33125
1	234	6897	590,7454,8340,31030,10337,10963,10750,18893,31806,5210,2594,4138,9413,6801,7613,5828,6626,8455,32301,162,9982,12849,4320,361,18470,33125,20808
1	234	7928	590,7454,8340,31030,10337,10963,10750,18893,31806,5210,2594,4138,9413,6801,7613,5828,6626,8455,32301,162,9982,12849,4320,361,18470,33125,20808,6897
0	234	18331	590,7454,8340,31030,10337,10963,10750,18893,31806,5210,2594,4138,9413,6801,7613,5828,6626,8455,32301,162,9982,12849,4320,361,18470,33125,20808,6897,7928
1	234	9588	590,7454,8340,31030,10337,10963,10750,18893,31806,5210,2594,4138,9413,6801,7613,5828,6626,8455,32301,162,9982,12849,4320,361,18470,33125,20808,6897,7928
1	234	18325	590,7454,8340,31030,10337,10963,10750,18893,31806,5210,2594,4138,9413,6801,7613,5828,6626,8455,32301,162,9982,12849,4320,361,18470,33125,20808,6897,7928,9588
0	234	5011	590,7454,8340,31030,10337,10963,10750,18893,31806,5210,2594,4138,9413,6801,7613,5828,6626,8455,32301,162,9982,12849,4320,361,18470,33125,20808,6897,7928,9588,18325
1	234	6057	590,7454,8340,31030,10337,10963,10750,18893,31806,5210,2594,4138,9413,6801,7613,5828,6626,8455,32301,162,9982,12849,4320,361,18470,33125,20808,6897,7928,9588,18325
0	234	8483	590,7454,8340,31030,10337,10963,10750,18893,31806,5210,2594,4138,9413,6801,7613,5828,6626,8455,32301,162,9982,12849,4320,361,18470,33125,20808,6897,7928,9588,18325,6057
0	234	18328	590,7454,8340,31030,10337,10963,10750,18893,31806,5210,2594,4138,9413,6801,7613,5828,6626,8455,32301,162,9982,12849,4320,361,18470,33125,20808,6897,7928,9588,18325,6057
1	234	16773	590,7454,8340,31030,10337,10963,10750,18893,31806,5210,2594,4138,9413,6801,7613,5828,6626,8455,32301,162,9982,12849,4320,361,18470,33125,20808,6897,7928,9588,18325,6057
1	234	1242	590,7454,8340,31030,10337,10963,10750,18893,31806,5210,2594,4138,9413,6801,7613,5828,6626,8455,32301,162,9982,12849,4320,361,18470,33125,20808,6897,7928,9588,18325,6057,16773
1	234	1660	590,7454,8340,31030,10337,10963,10750,18893,31806,5210,2594,4138,9413,6801,7613,5828,6626,8455,32301,162,9982,12849,4320,361,18470,33125,20808,6897,7928,9588,18325,6057,16773,1242
1	234	18971	590,7454,8340,31030,10337,10963,10750,18893,31806,5210,2594,4138,9413,6801,7613,5828,6626,8455,32301,162,9982,12849,4320,361,18470,33125,20808,6897,7928,9588,18325,6057,16773,1242,1660
1	234	3921	590,7454,8340,31030,10337,10963,10750,18893,31806,5210,2594,4138,9413,6801,7613,5828,6626,8455,32301,162,9982,12849,4320,361,18470,33125,20808,6897,7928,9588,18325,6057,16773,1242,1660,18971
1	234	31940	590,7454,8340,31030,10337,10963,10750,18893,31806,5210,2594,4138,9413,6801,7613,5828,6626,8455,32301,162,9982,12849,4320,361,18470,33125,20808,6897,7928,9588,18325,6057,16773,1242,1660,18971,3921
0	234	32206	590,7454,8340,31030,10337,10963,10750,18893,31806,5210,2594,4138,9413,6801,7613,5828,6626,8455,32301,162,9982,12849,4320,361,18470,33125,20808,6897,7928,9588,18325,6057,16773,1242,1660,18971,3921,31940
1	234	27104	590,7454,8340,31030,10337,10963,10750,18893,31806,5210,2594,4138,9413,6801,7613,5828,6626,8455,32301,162,9982,12849,4320,361,18470,33125,20808,6897,7928,9588,18325,6057,16773,1242,1660,18971,3921,31940
1	234	32401	590,7454,8340,31030,10337,10963,10750,18893,31806,5210,2594,4138,9413,6801,7613,5828,6626,8455,32301,162,9982,12849,4320,361,18470,33125,20808,6897,7928,9588,18325,6057,16773,1242,1660,18971,3921,31940,27104
0	234	1799	590,7454,8340,31030,10337,10963,10750,18893,31806,5210,2594,4138,9413,6801,7613,5828,6626,8455,32301,162,9982,12849,4320,361,18470,33125,20808,6897,7928,9588,18325,6057,16773,1242,1660,18971,3921,31940,27104,32401
1	234	18706	590,7454,8340,31030,10337,10963,10750,18893,31806,5210,2594,4138,9413,6801,7613,5828,6626,8455,32301,162,9982,12849,4320,361,18470,33125,20808,6897,7928,9588,18325,6057,16773,1242,1660,18971,3921,31940,27104,32401
1	234	10897	590,7454,8340,31030,10337,10963,10750,18893,31806,5210,2594,4138,9413,6801,7613,5828,6626,8455,32301,162,9982,12849,4320,361,18470,33125,20808,6897,7928,9588,18325,6057,16773,1242,1660,18971,3921,31940,27104,32401,18706
1	234	2323	590,7454,8340,31030,10337,10963,10750,18893,31806,5210,2594,4138,9413,6801,7613,5828,6626,8455,32301,162,9982,12849,4320,361,18470,33125,20808,6897,7928,9588,18325,6057,16773,1242,1660,18971,3921,31940,27104,32401,18706,10897
0	234	7043	590,7454,8340,31030,10337,10963,10750,18893,31806,5210,2594,4138,9413,6801,7613,5828,6626,8455,32301,162,9982,12849,4320,361,18470,33125,20808,6897,7928,9588,18325,6057,16773,1242,1660,18971,3921,31940,27104,32401,18706,10897,2323
1	234	16769	590,7454,8340,31030,10337,10963,10750,18893,31806,5210,2594,4138,9413,6801,7613,5828,6626,8455,32301,162,9982,12849,4320,361,18470,33125,20808,6897,7928,9588,18325,6057,16773,1242,1660,18971,3921,31940,27104,32401,18706,10897,2323
1	234	18843	590,7454,8340,31030,10337,10963,10750,18893,31806,5210,2594,4138,9413,6801,7613,5828,6626,8455,32301,162,9982,12849,4320,361,18470,33125,20808,6897,7928,9588,18325,6057,16773,1242,1660,18971,3921,31940,27104,32401,18706,10897,2323,16769
1	234	19528	590,7454,8340,31030,10337,10963,10750,18893,31806,5210,2594,4138,9413,6801,7613,5828,6626,8455,32301,162,9982,12849,4320,361,18470,33125,20808,6897,7928,9588,18325,6057,16773,1242,1660,18971,3921,31940,27104,32401,18706,10897,2323,16769,18843
0	234	25959	590,7454,8340,31030,10337,10963,10750,18893,31806,5210,2594,4138,9413,6801,7613,5828,6626,8455,32301,162,9982,12849,4320,361,18470,33125,20808,6897,7928,9588,18325,6057,16773,1242,1660,18971,3921,31940,27104,32401,18706,10897,2323,16769,18843,19528
0	234	25156	590,7454,8340,31030,10337,10963,10750,18893,31806,5210,2594,4138,9413,6801,7613,5828,6626,8455,32301,162,9982,12849,4320,361,18470,33125,20808,6897,7928,9588,18325,6057,16773,1242,1660,18971,3921,31940,27104,32401,18706,10897,2323,16769,18843,19528
0	234	18085	590,7454,8340,31030,10337,10963,10750,18893,31806,5210,2594,4138,9413,6801,7613,5828,6626,8455,32301,162,9982,12849,4320,361,18470,33125,20808,6897,7928,9588,18325,6057,16773,1242,1660,18971,3921,31940,27104,32401,18706,10897,2323,16769,18843,19528
0	234	25546	590,7454,8340,31030,10337,10963,10750,18893,31806,5210,2594,4138,9413,6801,7613,5828,6626,8455,32301,162,9982,12849,4320,361,18470,33125,20808,6897,7928,9588,18325,6057,16773,1242,1660,18971,3921,31940,27104,32401,18706,10897,2323,16769,18843,19528
1	234	19640	590,7454,8340,31030,10337,10963,10750,18893,31806,5210,2594,4138,9413,6801,7613,5828,6626,8455,32301,162,9982,12849,4320,361,18470,33125,20808,6897,7928,9588,18325,6057,16773,1242,1660,18971,3921,31940,27104,32401,18706,10897,2323,16769,18843,19528
1	234	28773	590,7454,8340,31030,10337,10963,10750,18893,31806,5210,2594,4138,9413,6801,7613,5828,6626,8455,32301,162,9982,12849,4320,361,18470,33125,20808,6897,7928,9588,18325,6057,16773,1242,1660,18971,3921,31940,27104,32401,18706,10897,2323,16769,18843,19528,19640
