1	246	5738	0
0	246	8609	5738
0	246	14593	5738
1	246	8687	5738
0	246	12566	5738,8687
1	246	5616	5738,8687
1	246	231	5738,8687,5616
0	246	8275	5738,8687,5616,231
0	246	8417	5738,8687,5616,231
0	246	3683	5738,8687,5616,231
1	246	12727	5738,8687,5616,231
0	246	23149	5738,8687,5616,231,12727
1	246	23481	5738,8687,5616,231,12727
1	246	24229	5738,8687,5616,231,12727,23481
1	246	28773	5738,8687,5616,231,12727,23481,24229
0	246	31780	5738,8687,5616,231,12727,23481,24229,28773
1	246	4210	5738,8687,5616,231,12727,23481,24229,28773
0	246	4773	5738,8687,5616,231,12727,23481,24229,28773,4210
1	246	2690	5738,8687,5616,231,12727,23481,24229,28773,4210
0	246	5526	5738,8687,5616,231,12727,23481,24229,28773,4210,2690
1	246	13181	5738,8687,5616,231,12727,23481,24229,28773,4210,2690
1	246	6400	5738,8687,5616,231,12727,23481,24229,28773,4210,2690,13181
1	246	3364	5738,8687,5616,231,12727,23481,24229,28773,4210,2690,13181,6400
1	246	5075	5738,8687,5616,231,12727,23481,24229,28773,4210,2690,13181,6400,3364
1	246	32808	5738,8687,5616,231,12727,23481,24229,28773,4210,2690,13181,6400,3364,5075
0	246	3497	5738,8687,5616,231,12727,23481,24229,28773,4210,2690,13181,6400,3364,5075,32808
1	246	32211	5738,8687,5616,231,12727,23481,24229,28773,4210,2690,13181,6400,3364,5075,32808
1	246	10620	5738,8687,5616,231,12727,23481,24229,28773,4210,2690,13181,6400,3364,5075,32808,32211
1	246	16963	5738,8687,5616,231,12727,23481,24229,28773,4210,2690,13181,6400,3364,5075,32808,32211,10620
0	246	7199	5738,8687,5616,231,12727,23481,24229,28773,4210,2690,13181,6400,3364,5075,32808,32211,10620,16963
1	246	6216	5738,8687,5616,231,12727,23481,24229,28773,4210,2690,13181,6400,3364,5075,32808,32211,10620,16963
1	246	8514	5738,8687,5616,231,12727,23481,24229,28773,4210,2690,13181,6400,3364,5075,32808,32211,10620,16963,6216
1	246	6889	5738,8687,5616,231,12727,23481,24229,28773,4210,2690,13181,6400,3364,5075,32808,32211,10620,16963,6216,8514
1	246	6890	5738,8687,5616,231,12727,23481,24229,28773,4210,2690,13181,6400,3364,5075,32808,32211,10620,16963,6216,8514,6889
0	246	7033	5738,8687,5616,231,12727,23481,24229,28773,4210,2690,13181,6400,3364,5075,32808,32211,10620,16963,6216,8514,6889,6890
0	246	9692	5738,8687,5616,231,12727,23481,24229,28773,4210,2690,13181,6400,3364,5075,32808,32211,10620,16963,6216,8514,6889,6890
1	246	11004	5738,8687,5616,231,12727,23481,24229,28773,4210,2690,13181,6400,3364,5075,32808,32211,10620,16963,6216,8514,6889,6890
1	246	18171	5738,8687,5616,231,12727,23481,24229,28773,4210,2690,13181,6400,3364,5075,32808,32211,10620,16963,6216,8514,6889,6890,11004
1	246	3298	5738,8687,5616,231,12727,23481,24229,28773,4210,2690,13181,6400,3364,5075,32808,32211,10620,16963,6216,8514,6889,6890,11004,18171
1	246	4882	5738,8687,5616,231,12727,23481,24229,28773,4210,2690,13181,6400,3364,5075,32808,32211,10620,16963,6216,8514,6889,6890,11004,18171,3298
1	246	7088	5738,8687,5616,231,12727,23481,24229,28773,4210,2690,13181,6400,3364,5075,32808,32211,10620,16963,6216,8514,6889,6890,11004,18171,3298,4882
1	246	11995	5738,8687,5616,231,12727,23481,24229,28773,4210,2690,13181,6400,3364,5075,32808,32211,10620,16963,6216,8514,6889,6890,11004,18171,3298,4882,7088
0	246	4366	5738,8687,5616,231,12727,23481,24229,28773,4210,2690,13181,6400,3364,5075,32808,32211,10620,16963,6216,8514,6889,6890,11004,18171,3298,4882,7088,11995
0	246	8957	5738,8687,5616,231,12727,23481,24229,28773,4210,2690,13181,6400,3364,5075,32808,32211,10620,16963,6216,8514,6889,6890,11004,18171,3298,4882,7088,11995
1	246	9901	5738,8687,5616,231,12727,23481,24229,28773,4210,2690,13181,6400,3364,5075,32808,32211,10620,16963,6216,8514,6889,6890,11004,18171,3298,4882,7088,11995
1	246	7780	5738,8687,5616,231,12727,23481,24229,28773,4210,2690,13181,6400,3364,5075,32808,32211,10620,16963,6216,8514,6889,6890,11004,18171,3298,4882,7088,11995,9901
0	246	9164	5738,8687,5616,231,12727,23481,24229,28773,4210,2690,13181,6400,3364,5075,32808,32211,10620,16963,6216,8514,6889,6890,11004,18171,3298,4882,7088,11995,9901,7780
0	246	11060	5738,8687,5616,231,12727,23481,24229,28773,4210,2690,13181,6400,3364,5075,32808,32211,10620,16963,6216,8514,6889,6890,11004,18171,3298,4882,7088,11995,9901,7780
1	246	9022	5738,8687,5616,231,12727,23481,24229,28773,4210,2690,13181,6400,3364,5075,32808,32211,10620,16963,6216,8514,6889,6890,11004,18171,3298,4882,7088,11995,9901,7780
0	246	8224	5738,8687,5616,231,12727,23481,24229,28773,4210,2690,13181,6400,3364,5075,32808,32211,10620,16963,6216,8514,6889,6890,11004,18171,3298,4882,7088,11995,9901,7780,9022
1	246	9051	5738,8687,5616,231,12727,23481,24229,28773,4210,2690,13181,6400,3364,5075,32808,32211,10620,16963,6216,8514,6889,6890,11004,18171,3298,4882,7088,11995,9901,7780,9022
0	246	13717	5738,8687,5616,231,12727,23481,24229,28773,4210,2690,13181,6400,3364,5075,32808,32211,10620,16963,6216,8514,6889,6890,11004,18171,3298,4882,7088,11995,9901,7780,9022,9051
1	246	9101	5738,8687,5616,231,12727,23481,24229,28773,4210,2690,13181,6400,3364,5075,32808,32211,10620,16963,6216,8514,6889,6890,11004,18171,3298,4882,7088,11995,9901,7780,9022,9051
1	246	12418	5738,8687,5616,231,12727,23481,24229,28773,4210,2690,13181,6400,3364,5075,32808,32211,10620,16963,6216,8514,6889,6890,11004,18171,3298,4882,7088,11995,9901,7780,9022,9051,9101
0	246	12161	5738,8687,5616,231,12727,23481,24229,28773,4210,2690,13181,6400,3364,5075,32808,32211,10620,16963,6216,8514,6889,6890,11004,18171,3298,4882,7088,11995,9901,7780,9022,9051,9101,12418
1	246	14341	5738,8687,5616,231,12727,23481,24229,28773,4210,2690,13181,6400,3364,5075,32808,32211,10620,16963,6216,8514,6889,6890,11004,18171,3298,4882,7088,11995,9901,7780,9022,9051,9101,12418
1	246	4369	5738,8687,5616,231,12727,23481,24229,28773,4210,2690,13181,6400,3364,5075,32808,32211,10620,16963,6216,8514,6889,6890,11004,18171,3298,4882,7088,11995,9901,7780,9022,9051,9101,12418,14341
1	246	9702	5738,8687,5616,231,12727,23481,24229,28773,4210,2690,13181,6400,3364,5075,32808,32211,10620,16963,6216,8514,6889,6890,11004,18171,3298,4882,7088,11995,9901,7780,9022,9051,9101,12418,14341,4369
1	246	9940	5738,8687,5616,231,12727,23481,24229,28773,4210,2690,13181,6400,3364,5075,32808,32211,10620,16963,6216,8514,6889,6890,11004,18171,3298,4882,7088,11995,9901,7780,9022,9051,9101,12418,14341,4369,9702
1	246	13435	5738,8687,5616,231,12727,23481,24229,28773,4210,2690,13181,6400,3364,5075,32808,32211,10620,16963,6216,8514,6889,6890,11004,18171,3298,4882,7088,11995,9901,7780,9022,9051,9101,12418,14341,4369,9702,9940
0	246	15280	5738,8687,5616,231,12727,23481,24229,28773,4210,2690,13181,6400,3364,5075,32808,32211,10620,16963,6216,8514,6889,6890,11004,18171,3298,4882,7088,11995,9901,7780,9022,9051,9101,12418,14341,4369,9702,9940,13435
1	246	9703	5738,8687,5616,231,12727,23481,24229,28773,4210,2690,13181,6400,3364,5075,32808,32211,10620,16963,6216,8514,6889,6890,11004,18171,3298,4882,7088,11995,9901,7780,9022,9051,9101,12418,14341,4369,9702,9940,13435
0	246	162	5738,8687,5616,231,12727,23481,24229,28773,4210,2690,13181,6400,3364,5075,32808,32211,10620,16963,6216,8514,6889,6890,11004,18171,3298,4882,7088,11995,9901,7780,9022,9051,9101,12418,14341,4369,9702,9940,13435,9703
0	246	12395	5738,8687,5616,231,12727,23481,24229,28773,4210,2690,13181,6400,3364,5075,32808,32211,10620,16963,6216,8514,6889,6890,11004,18171,3298,4882,7088,11995,9901,7780,9022,9051,9101,12418,14341,4369,9702,9940,13435,9703
0	246	3192	5738,8687,5616,231,12727,23481,24229,28773,4210,2690,13181,6400,3364,5075,32808,32211,10620,16963,6216,8514,6889,6890,11004,18171,3298,4882,7088,11995,9901,7780,9022,9051,9101,12418,14341,4369,9702,9940,13435,9703
0	246	14610	5738,8687,5616,231,12727,23481,24229,28773,4210,2690,13181,6400,3364,5075,32808,32211,10620,16963,6216,8514,6889,6890,11004,18171,3298,4882,7088,11995,9901,7780,9022,9051,9101,12418,14341,4369,9702,9940,13435,9703
0	246	15706	5738,8687,5616,231,12727,23481,24229,28773,4210,2690,13181,6400,3364,5075,32808,32211,10620,16963,6216,8514,6889,6890,11004,18171,3298,4882,7088,11995,9901,7780,9022,9051,9101,12418,14341,4369,9702,9940,13435,9703
1	246	15032	5738,8687,5616,231,12727,23481,24229,28773,4210,2690,13181,6400,3364,5075,32808,32211,10620,16963,6216,8514,6889,6890,11004,18171,3298,4882,7088,11995,9901,7780,9022,9051,9101,12418,14341,4369,9702,9940,13435,9703
1	246	4195	5738,8687,5616,231,12727,23481,24229,28773,4210,2690,13181,6400,3364,5075,32808,32211,10620,16963,6216,8514,6889,6890,11004,18171,3298,4882,7088,11995,9901,7780,9022,9051,9101,12418,14341,4369,9702,9940,13435,9703,15032
0	246	15189	5738,8687,5616,231,12727,23481,24229,28773,4210,2690,13181,6400,3364,5075,32808,32211,10620,16963,6216,8514,6889,6890,11004,18171,3298,4882,7088,11995,9901,7780,9022,9051,9101,12418,14341,4369,9702,9940,13435,9703,15032,4195
1	246	9028	5738,8687,5616,231,12727,23481,24229,28773,4210,2690,13181,6400,3364,5075,32808,32211,10620,16963,6216,8514,6889,6890,11004,18171,3298,4882,7088,11995,9901,7780,9022,9051,9101,12418,14341,4369,9702,9940,13435,9703,15032,4195
1	246	11867	5738,8687,5616,231,12727,23481,24229,28773,4210,2690,13181,6400,3364,5075,32808,32211,10620,16963,6216,8514,6889,6890,11004,18171,3298,4882,7088,11995,9901,7780,9022,9051,9101,12418,14341,4369,9702,9940,13435,9703,15032,4195,9028
1	246	15218	5738,8687,5616,231,12727,23481,24229,28773,4210,2690,13181,6400,3364,5075,32808,32211,10620,16963,6216,8514,6889,6890,11004,18171,3298,4882,7088,11995,9901,7780,9022,9051,9101,12418,14341,4369,9702,9940,13435,9703,15032,4195,9028,11867
1	246	22317	5738,8687,5616,231,12727,23481,24229,28773,4210,2690,13181,6400,3364,5075,32808,32211,10620,16963,6216,8514,6889,6890,11004,18171,3298,4882,7088,11995,9901,7780,9022,9051,9101,12418,14341,4369,9702,9940,13435,9703,15032,4195,9028,11867,15218
1	246	20113	5738,8687,5616,231,12727,23481,24229,28773,4210,2690,13181,6400,3364,5075,32808,32211,10620,16963,6216,8514,6889,6890,11004,18171,3298,4882,7088,11995,9901,7780,9022,9051,9101,12418,14341,4369,9702,9940,13435,9703,15032,4195,9028,11867,15218,22317
0	246	17929	5738,8687,5616,231,12727,23481,24229,28773,4210,2690,13181,6400,3364,5075,32808,32211,10620,16963,6216,8514,6889,6890,11004,18171,3298,4882,7088,11995,9901,7780,9022,9051,9101,12418,14341,4369,9702,9940,13435,9703,15032,4195,9028,11867,15218,22317,20113
1	246	21410	5738,8687,5616,231,12727,23481,24229,28773,4210,2690,13181,6400,3364,5075,32808,32211,10620,16963,6216,8514,6889,6890,11004,18171,3298,4882,7088,11995,9901,7780,9022,9051,9101,12418,14341,4369,9702,9940,13435,9703,15032,4195,9028,11867,15218,22317,20113
0	246	22097	5738,8687,5616,231,12727,23481,24229,28773,4210,2690,13181,6400,3364,5075,32808,32211,10620,16963,6216,8514,6889,6890,11004,18171,3298,4882,7088,11995,9901,7780,9022,9051,9101,12418,14341,4369,9702,9940,13435,9703,15032,4195,9028,11867,15218,22317,20113,21410
0	246	23158	5738,8687,5616,231,12727,23481,24229,28773,4210,2690,13181,6400,3364,5075,32808,32211,10620,16963,6216,8514,6889,6890,11004,18171,3298,4882,7088,11995,9901,7780,9022,9051,9101,12418,14341,4369,9702,9940,13435,9703,15032,4195,9028,11867,15218,22317,20113,21410
1	246	23127	5738,8687,5616,231,12727,23481,24229,28773,4210,2690,13181,6400,3364,5075,32808,32211,10620,16963,6216,8514,6889,6890,11004,18171,3298,4882,7088,11995,9901,7780,9022,9051,9101,12418,14341,4369,9702,9940,13435,9703,15032,4195,9028,11867,15218,22317,20113,21410
0	246	22384	5738,8687,5616,231,12727,23481,24229,28773,4210,2690,13181,6400,3364,5075,32808,32211,10620,16963,6216,8514,6889,6890,11004,18171,3298,4882,7088,11995,9901,7780,9022,9051,9101,12418,14341,4369,9702,9940,13435,9703,15032,4195,9028,11867,15218,22317,20113,21410,23127
1	246	24728	5738,8687,5616,231,12727,23481,24229,28773,4210,2690,13181,6400,3364,5075,32808,32211,10620,16963,6216,8514,6889,6890,11004,18171,3298,4882,7088,11995,9901,7780,9022,9051,9101,12418,14341,4369,9702,9940,13435,9703,15032,4195,9028,11867,15218,22317,20113,21410,23127
1	246	13865	5738,8687,5616,231,12727,23481,24229,28773,4210,2690,13181,6400,3364,5075,32808,32211,10620,16963,6216,8514,6889,6890,11004,18171,3298,4882,7088,11995,9901,7780,9022,9051,9101,12418,14341,4369,9702,9940,13435,9703,15032,4195,9028,11867,15218,22317,20113,21410,23127,24728
0	246	25007	5738,8687,5616,231,12727,23481,24229,28773,4210,2690,13181,6400,3364,5075,32808,32211,10620,16963,6216,8514,6889,6890,11004,18171,3298,4882,7088,11995,9901,7780,9022,9051,9101,12418,14341,4369,9702,9940,13435,9703,15032,4195,9028,11867,15218,22317,20113,21410,23127,24728,13865
1	246	24731	5738,8687,5616,231,12727,23481,24229,28773,4210,2690,13181,6400,3364,5075,32808,32211,10620,16963,6216,8514,6889,6890,11004,18171,3298,4882,7088,11995,9901,7780,9022,9051,9101,12418,14341,4369,9702,9940,13435,9703,15032,4195,9028,11867,15218,22317,20113,21410,23127,24728,13865
0	246	25038	5738,8687,5616,231,12727,23481,24229,28773,4210,2690,13181,6400,3364,5075,32808,32211,10620,16963,6216,8514,6889,6890,11004,18171,3298,4882,7088,11995,9901,7780,9022,9051,9101,12418,14341,4369,9702,9940,13435,9703,15032,4195,9028,11867,15218,22317,20113,21410,23127,24728,13865,24731
1	246	1865	5738,8687,5616,231,12727,23481,24229,28773,4210,2690,13181,6400,3364,5075,32808,32211,10620,16963,6216,8514,6889,6890,11004,18171,3298,4882,7088,11995,9901,7780,9022,9051,9101,12418,14341,4369,9702,9940,13435,9703,15032,4195,9028,11867,15218,22317,20113,21410,23127,24728,13865,24731
0	246	24195	5738,8687,5616,231,12727,23481,24229,28773,4210,2690,13181,6400,3364,5075,32808,32211,10620,16963,6216,8514,6889,6890,11004,18171,3298,4882,7088,11995,9901,7780,9022,9051,9101,12418,14341,4369,9702,9940,13435,9703,15032,4195,9028,11867,15218,22317,20113,21410,23127,24728,13865,24731,1865
1	246	19418	5738,8687,5616,231,12727,23481,24229,28773,4210,2690,13181,6400,3364,5075,32808,32211,10620,16963,6216,8514,6889,6890,11004,18171,3298,4882,7088,11995,9901,7780,9022,9051,9101,12418,14341,4369,9702,9940,13435,9703,15032,4195,9028,11867,15218,22317,20113,21410,23127,24728,13865,24731,1865
0	246	24653	5738,8687,5616,231,12727,23481,24229,28773,4210,2690,13181,6400,3364,5075,32808,32211,10620,16963,6216,8514,6889,6890,11004,18171,3298,4882,7088,11995,9901,7780,9022,9051,9101,12418,14341,4369,9702,9940,13435,9703,15032,4195,9028,11867,15218,22317,20113,21410,23127,24728,13865,24731,1865,19418
1	246	22111	5738,8687,5616,231,12727,23481,24229,28773,4210,2690,13181,6400,3364,5075,32808,32211,10620,16963,6216,8514,6889,6890,11004,18171,3298,4882,7088,11995,9901,7780,9022,9051,9101,12418,14341,4369,9702,9940,13435,9703,15032,4195,9028,11867,15218,22317,20113,21410,23127,24728,13865,24731,1865,19418
0	246	15221	5738,8687,5616,231,12727,23481,24229,28773,4210,2690,13181,6400,3364,5075,32808,32211,10620,16963,6216,8514,6889,6890,11004,18171,3298,4882,7088,11995,9901,7780,9022,9051,9101,12418,14341,4369,9702,9940,13435,9703,15032,4195,9028,11867,15218,22317,20113,21410,23127,24728,13865,24731,1865,19418,22111
1	246	15220	5738,8687,5616,231,12727,23481,24229,28773,4210,2690,13181,6400,3364,5075,32808,32211,10620,16963,6216,8514,6889,6890,11004,18171,3298,4882,7088,11995,9901,7780,9022,9051,9101,12418,14341,4369,9702,9940,13435,9703,15032,4195,9028,11867,15218,22317,20113,21410,23127,24728,13865,24731,1865,19418,22111
1	246	24384	5738,8687,5616,231,12727,23481,24229,28773,4210,2690,13181,6400,3364,5075,32808,32211,10620,16963,6216,8514,6889,6890,11004,18171,3298,4882,7088,11995,9901,7780,9022,9051,9101,12418,14341,4369,9702,9940,13435,9703,15032,4195,9028,11867,15218,22317,20113,21410,23127,24728,13865,24731,1865,19418,22111,15220
0	246	24196	5738,8687,5616,231,12727,23481,24229,28773,4210,2690,13181,6400,3364,5075,32808,32211,10620,16963,6216,8514,6889,6890,11004,18171,3298,4882,7088,11995,9901,7780,9022,9051,9101,12418,14341,4369,9702,9940,13435,9703,15032,4195,9028,11867,15218,22317,20113,21410,23127,24728,13865,24731,1865,19418,22111,15220,24384
0	246	24785	5738,8687,5616,231,12727,23481,24229,28773,4210,2690,13181,6400,3364,5075,32808,32211,10620,16963,6216,8514,6889,6890,11004,18171,3298,4882,7088,11995,9901,7780,9022,9051,9101,12418,14341,4369,9702,9940,13435,9703,15032,4195,9028,11867,15218,22317,20113,21410,23127,24728,13865,24731,1865,19418,22111,15220,24384
1	246	24795	5738,8687,5616,231,12727,23481,24229,28773,4210,2690,13181,6400,3364,5075,32808,32211,10620,16963,6216,8514,6889,6890,11004,18171,3298,4882,7088,11995,9901,7780,9022,9051,9101,12418,14341,4369,9702,9940,13435,9703,15032,4195,9028,11867,15218,22317,20113,21410,23127,24728,13865,24731,1865,19418,22111,15220,24384
0	246	24797	5738,8687,5616,231,12727,23481,24229,28773,4210,2690,13181,6400,3364,5075,32808,32211,10620,16963,6216,8514,6889,6890,11004,18171,3298,4882,7088,11995,9901,7780,9022,9051,9101,12418,14341,4369,9702,9940,13435,9703,15032,4195,9028,11867,15218,22317,20113,21410,23127,24728,13865,24731,1865,19418,22111,15220,24384,24795
1	246	14697	5738,8687,5616,231,12727,23481,24229,28773,4210,2690,13181,6400,3364,5075,32808,32211,10620,16963,6216,8514,6889,6890,11004,18171,3298,4882,7088,11995,9901,7780,9022,9051,9101,12418,14341,4369,9702,9940,13435,9703,15032,4195,9028,11867,15218,22317,20113,21410,23127,24728,13865,24731,1865,19418,22111,15220,24384,24795
0	246	24786	5738,8687,5616,231,12727,23481,24229,28773,4210,2690,13181,6400,3364,5075,32808,32211,10620,16963,6216,8514,6889,6890,11004,18171,3298,4882,7088,11995,9901,7780,9022,9051,9101,12418,14341,4369,9702,9940,13435,9703,15032,4195,9028,11867,15218,22317,20113,21410,23127,24728,13865,24731,1865,19418,22111,15220,24384,24795,14697
0	246	16426	5738,8687,5616,231,12727,23481,24229,28773,4210,2690,13181,6400,3364,5075,32808,32211,10620,16963,6216,8514,6889,6890,11004,18171,3298,4882,7088,11995,9901,7780,9022,9051,9101,12418,14341,4369,9702,9940,13435,9703,15032,4195,9028,11867,15218,22317,20113,21410,23127,24728,13865,24731,1865,19418,22111,15220,24384,24795,14697
0	246	24787	5738,8687,5616,231,12727,23481,24229,28773,4210,2690,13181,6400,3364,5075,32808,32211,10620,16963,6216,8514,6889,6890,11004,18171,3298,4882,7088,11995,9901,7780,9022,9051,9101,12418,14341,4369,9702,9940,13435,9703,15032,4195,9028,11867,15218,22317,20113,21410,23127,24728,13865,24731,1865,19418,22111,15220,24384,24795,14697
1	246	26111	5738,8687,5616,231,12727,23481,24229,28773,4210,2690,13181,6400,3364,5075,32808,32211,10620,16963,6216,8514,6889,6890,11004,18171,3298,4882,7088,11995,9901,7780,9022,9051,9101,12418,14341,4369,9702,9940,13435,9703,15032,4195,9028,11867,15218,22317,20113,21410,23127,24728,13865,24731,1865,19418,22111,15220,24384,24795,14697
1	246	26113	5738,8687,5616,231,12727,23481,24229,28773,4210,2690,13181,6400,3364,5075,32808,32211,10620,16963,6216,8514,6889,6890,11004,18171,3298,4882,7088,11995,9901,7780,9022,9051,9101,12418,14341,4369,9702,9940,13435,9703,15032,4195,9028,11867,15218,22317,20113,21410,23127,24728,13865,24731,1865,19418,22111,15220,24384,24795,14697,26111
1	246	25248	5738,8687,5616,231,12727,23481,24229,28773,4210,2690,13181,6400,3364,5075,32808,32211,10620,16963,6216,8514,6889,6890,11004,18171,3298,4882,7088,11995,9901,7780,9022,9051,9101,12418,14341,4369,9702,9940,13435,9703,15032,4195,9028,11867,15218,22317,20113,21410,23127,24728,13865,24731,1865,19418,22111,15220,24384,24795,14697,26111,26113
0	246	23436	5738,8687,5616,231,12727,23481,24229,28773,4210,2690,13181,6400,3364,5075,32808,32211,10620,16963,6216,8514,6889,6890,11004,18171,3298,4882,7088,11995,9901,7780,9022,9051,9101,12418,14341,4369,9702,9940,13435,9703,15032,4195,9028,11867,15218,22317,20113,21410,23127,24728,13865,24731,1865,19418,22111,15220,24384,24795,14697,26111,26113,25248
0	246	25250	5738,8687,5616,231,12727,23481,24229,28773,4210,2690,13181,6400,3364,5075,32808,32211,10620,16963,6216,8514,6889,6890,11004,18171,3298,4882,7088,11995,9901,7780,9022,9051,9101,12418,14341,4369,9702,9940,13435,9703,15032,4195,9028,11867,15218,22317,20113,21410,23127,24728,13865,24731,1865,19418,22111,15220,24384,24795,14697,26111,26113,25248
1	246	837	5738,8687,5616,231,12727,23481,24229,28773,4210,2690,13181,6400,3364,5075,32808,32211,10620,16963,6216,8514,6889,6890,11004,18171,3298,4882,7088,11995,9901,7780,9022,9051,9101,12418,14341,4369,9702,9940,13435,9703,15032,4195,9028,11867,15218,22317,20113,21410,23127,24728,13865,24731,1865,19418,22111,15220,24384,24795,14697,26111,26113,25248
0	246	25817	5738,8687,5616,231,12727,23481,24229,28773,4210,2690,13181,6400,3364,5075,32808,32211,10620,16963,6216,8514,6889,6890,11004,18171,3298,4882,7088,11995,9901,7780,9022,9051,9101,12418,14341,4369,9702,9940,13435,9703,15032,4195,9028,11867,15218,22317,20113,21410,23127,24728,13865,24731,1865,19418,22111,15220,24384,24795,14697,26111,26113,25248,837
0	246	5372	5738,8687,5616,231,12727,23481,24229,28773,4210,2690,13181,6400,3364,5075,32808,32211,10620,16963,6216,8514,6889,6890,11004,18171,3298,4882,7088,11995,9901,7780,9022,9051,9101,12418,14341,4369,9702,9940,13435,9703,15032,4195,9028,11867,15218,22317,20113,21410,23127,24728,13865,24731,1865,19418,22111,15220,24384,24795,14697,26111,26113,25248,837
0	246	23768	5738,8687,5616,231,12727,23481,24229,28773,4210,2690,13181,6400,3364,5075,32808,32211,10620,16963,6216,8514,6889,6890,11004,18171,3298,4882,7088,11995,9901,7780,9022,9051,9101,12418,14341,4369,9702,9940,13435,9703,15032,4195,9028,11867,15218,22317,20113,21410,23127,24728,13865,24731,1865,19418,22111,15220,24384,24795,14697,26111,26113,25248,837
0	246	26323	5738,8687,5616,231,12727,23481,24229,28773,4210,2690,13181,6400,3364,5075,32808,32211,10620,16963,6216,8514,6889,6890,11004,18171,3298,4882,7088,11995,9901,7780,9022,9051,9101,12418,14341,4369,9702,9940,13435,9703,15032,4195,9028,11867,15218,22317,20113,21410,23127,24728,13865,24731,1865,19418,22111,15220,24384,24795,14697,26111,26113,25248,837
1	246	25832	5738,8687,5616,231,12727,23481,24229,28773,4210,2690,13181,6400,3364,5075,32808,32211,10620,16963,6216,8514,6889,6890,11004,18171,3298,4882,7088,11995,9901,7780,9022,9051,9101,12418,14341,4369,9702,9940,13435,9703,15032,4195,9028,11867,15218,22317,20113,21410,23127,24728,13865,24731,1865,19418,22111,15220,24384,24795,14697,26111,26113,25248,837
0	246	24048	5738,8687,5616,231,12727,23481,24229,28773,4210,2690,13181,6400,3364,5075,32808,32211,10620,16963,6216,8514,6889,6890,11004,18171,3298,4882,7088,11995,9901,7780,9022,9051,9101,12418,14341,4369,9702,9940,13435,9703,15032,4195,9028,11867,15218,22317,20113,21410,23127,24728,13865,24731,1865,19418,22111,15220,24384,24795,14697,26111,26113,25248,837,25832
0	246	6139	5738,8687,5616,231,12727,23481,24229,28773,4210,2690,13181,6400,3364,5075,32808,32211,10620,16963,6216,8514,6889,6890,11004,18171,3298,4882,7088,11995,9901,7780,9022,9051,9101,12418,14341,4369,9702,9940,13435,9703,15032,4195,9028,11867,15218,22317,20113,21410,23127,24728,13865,24731,1865,19418,22111,15220,24384,24795,14697,26111,26113,25248,837,25832
1	246	28064	5738,8687,5616,231,12727,23481,24229,28773,4210,2690,13181,6400,3364,5075,32808,32211,10620,16963,6216,8514,6889,6890,11004,18171,3298,4882,7088,11995,9901,7780,9022,9051,9101,12418,14341,4369,9702,9940,13435,9703,15032,4195,9028,11867,15218,22317,20113,21410,23127,24728,13865,24731,1865,19418,22111,15220,24384,24795,14697,26111,26113,25248,837,25832
1	246	23316	5738,8687,5616,231,12727,23481,24229,28773,4210,2690,13181,6400,3364,5075,32808,32211,10620,16963,6216,8514,6889,6890,11004,18171,3298,4882,7088,11995,9901,7780,9022,9051,9101,12418,14341,4369,9702,9940,13435,9703,15032,4195,9028,11867,15218,22317,20113,21410,23127,24728,13865,24731,1865,19418,22111,15220,24384,24795,14697,26111,26113,25248,837,25832,28064
0	246	10601	5738,8687,5616,231,12727,23481,24229,28773,4210,2690,13181,6400,3364,5075,32808,32211,10620,16963,6216,8514,6889,6890,11004,18171,3298,4882,7088,11995,9901,7780,9022,9051,9101,12418,14341,4369,9702,9940,13435,9703,15032,4195,9028,11867,15218,22317,20113,21410,23127,24728,13865,24731,1865,19418,22111,15220,24384,24795,14697,26111,26113,25248,837,25832,28064,23316
0	246	28207	5738,8687,5616,231,12727,23481,24229,28773,4210,2690,13181,6400,3364,5075,32808,32211,10620,16963,6216,8514,6889,6890,11004,18171,3298,4882,7088,11995,9901,7780,9022,9051,9101,12418,14341,4369,9702,9940,13435,9703,15032,4195,9028,11867,15218,22317,20113,21410,23127,24728,13865,24731,1865,19418,22111,15220,24384,24795,14697,26111,26113,25248,837,25832,28064,23316
0	246	23878	5738,8687,5616,231,12727,23481,24229,28773,4210,2690,13181,6400,3364,5075,32808,32211,10620,16963,6216,8514,6889,6890,11004,18171,3298,4882,7088,11995,9901,7780,9022,9051,9101,12418,14341,4369,9702,9940,13435,9703,15032,4195,9028,11867,15218,22317,20113,21410,23127,24728,13865,24731,1865,19418,22111,15220,24384,24795,14697,26111,26113,25248,837,25832,28064,23316
