1	777	19771	0
1	777	5088	19771
1	777	1565	19771,5088
1	777	31940	19771,5088,1565
1	777	31523	19771,5088,1565,31940
1	777	4682	19771,5088,1565,31940,31523
0	777	5732	19771,5088,1565,31940,31523,4682
1	777	32272	19771,5088,1565,31940,31523,4682
1	777	3363	19771,5088,1565,31940,31523,4682,32272
0	777	2440	19771,5088,1565,31940,31523,4682,32272,3363
1	777	7965	19771,5088,1565,31940,31523,4682,32272,3363
1	777	6468	19771,5088,1565,31940,31523,4682,32272,3363,7965
1	777	8145	19771,5088,1565,31940,31523,4682,32272,3363,7965,6468
1	777	8339	19771,5088,1565,31940,31523,4682,32272,3363,7965,6468,8145
0	777	9060	19771,5088,1565,31940,31523,4682,32272,3363,7965,6468,8145,8339
1	777	6958	19771,5088,1565,31940,31523,4682,32272,3363,7965,6468,8145,8339
1	777	9303	19771,5088,1565,31940,31523,4682,32272,3363,7965,6468,8145,8339,6958
1	777	8182	19771,5088,1565,31940,31523,4682,32272,3363,7965,6468,8145,8339,6958,9303
0	777	9689	19771,5088,1565,31940,31523,4682,32272,3363,7965,6468,8145,8339,6958,9303,8182
1	777	9948	19771,5088,1565,31940,31523,4682,32272,3363,7965,6468,8145,8339,6958,9303,8182
1	777	9498	19771,5088,1565,31940,31523,4682,32272,3363,7965,6468,8145,8339,6958,9303,8182,9948
1	777	9252	19771,5088,1565,31940,31523,4682,32272,3363,7965,6468,8145,8339,6958,9303,8182,9948,9498
0	777	8748	19771,5088,1565,31940,31523,4682,32272,3363,7965,6468,8145,8339,6958,9303,8182,9948,9498,9252
1	777	21266	19771,5088,1565,31940,31523,4682,32272,3363,7965,6468,8145,8339,6958,9303,8182,9948,9498,9252
1	777	8675	19771,5088,1565,31940,31523,4682,32272,3363,7965,6468,8145,8339,6958,9303,8182,9948,9498,9252,21266
1	777	9253	19771,5088,1565,31940,31523,4682,32272,3363,7965,6468,8145,8339,6958,9303,8182,9948,9498,9252,21266,8675
1	777	10272	19771,5088,1565,31940,31523,4682,32272,3363,7965,6468,8145,8339,6958,9303,8182,9948,9498,9252,21266,8675,9253
1	777	9907	19771,5088,1565,31940,31523,4682,32272,3363,7965,6468,8145,8339,6958,9303,8182,9948,9498,9252,21266,8675,9253,10272
1	777	9909	19771,5088,1565,31940,31523,4682,32272,3363,7965,6468,8145,8339,6958,9303,8182,9948,9498,9252,21266,8675,9253,10272,9907
0	777	10687	19771,5088,1565,31940,31523,4682,32272,3363,7965,6468,8145,8339,6958,9303,8182,9948,9498,9252,21266,8675,9253,10272,9907,9909
1	777	14062	19771,5088,1565,31940,31523,4682,32272,3363,7965,6468,8145,8339,6958,9303,8182,9948,9498,9252,21266,8675,9253,10272,9907,9909
0	777	13867	19771,5088,1565,31940,31523,4682,32272,3363,7965,6468,8145,8339,6958,9303,8182,9948,9498,9252,21266,8675,9253,10272,9907,9909,14062
1	777	12451	19771,5088,1565,31940,31523,4682,32272,3363,7965,6468,8145,8339,6958,9303,8182,9948,9498,9252,21266,8675,9253,10272,9907,9909,14062
0	777	16862	19771,5088,1565,31940,31523,4682,32272,3363,7965,6468,8145,8339,6958,9303,8182,9948,9498,9252,21266,8675,9253,10272,9907,9909,14062,12451
0	777	16133	19771,5088,1565,31940,31523,4682,32272,3363,7965,6468,8145,8339,6958,9303,8182,9948,9498,9252,21266,8675,9253,10272,9907,9909,14062,12451
1	777	16754	19771,5088,1565,31940,31523,4682,32272,3363,7965,6468,8145,8339,6958,9303,8182,9948,9498,9252,21266,8675,9253,10272,9907,9909,14062,12451
1	777	14063	19771,5088,1565,31940,31523,4682,32272,3363,7965,6468,8145,8339,6958,9303,8182,9948,9498,9252,21266,8675,9253,10272,9907,9909,14062,12451,16754
1	777	16049	19771,5088,1565,31940,31523,4682,32272,3363,7965,6468,8145,8339,6958,9303,8182,9948,9498,9252,21266,8675,9253,10272,9907,9909,14062,12451,16754,14063
1	777	6091	19771,5088,1565,31940,31523,4682,32272,3363,7965,6468,8145,8339,6958,9303,8182,9948,9498,9252,21266,8675,9253,10272,9907,9909,14062,12451,16754,14063,16049
1	777	15822	19771,5088,1565,31940,31523,4682,32272,3363,7965,6468,8145,8339,6958,9303,8182,9948,9498,9252,21266,8675,9253,10272,9907,9909,14062,12451,16754,14063,16049,6091
1	777	11898	19771,5088,1565,31940,31523,4682,32272,3363,7965,6468,8145,8339,6958,9303,8182,9948,9498,9252,21266,8675,9253,10272,9907,9909,14062,12451,16754,14063,16049,6091,15822
1	777	16753	19771,5088,1565,31940,31523,4682,32272,3363,7965,6468,8145,8339,6958,9303,8182,9948,9498,9252,21266,8675,9253,10272,9907,9909,14062,12451,16754,14063,16049,6091,15822,11898
1	777	5992	19771,5088,1565,31940,31523,4682,32272,3363,7965,6468,8145,8339,6958,9303,8182,9948,9498,9252,21266,8675,9253,10272,9907,9909,14062,12451,16754,14063,16049,6091,15822,11898,16753
1	777	11168	19771,5088,1565,31940,31523,4682,32272,3363,7965,6468,8145,8339,6958,9303,8182,9948,9498,9252,21266,8675,9253,10272,9907,9909,14062,12451,16754,14063,16049,6091,15822,11898,16753,5992
1	777	1440	19771,5088,1565,31940,31523,4682,32272,3363,7965,6468,8145,8339,6958,9303,8182,9948,9498,9252,21266,8675,9253,10272,9907,9909,14062,12451,16754,14063,16049,6091,15822,11898,16753,5992,11168
1	777	20751	19771,5088,1565,31940,31523,4682,32272,3363,7965,6468,8145,8339,6958,9303,8182,9948,9498,9252,21266,8675,9253,10272,9907,9909,14062,12451,16754,14063,16049,6091,15822,11898,16753,5992,11168,1440
1	777	15108	19771,5088,1565,31940,31523,4682,32272,3363,7965,6468,8145,8339,6958,9303,8182,9948,9498,9252,21266,8675,9253,10272,9907,9909,14062,12451,16754,14063,16049,6091,15822,11898,16753,5992,11168,1440,20751
1	777	21114	19771,5088,1565,31940,31523,4682,32272,3363,7965,6468,8145,8339,6958,9303,8182,9948,9498,9252,21266,8675,9253,10272,9907,9909,14062,12451,16754,14063,16049,6091,15822,11898,16753,5992,11168,1440,20751,15108
1	777	23038	19771,5088,1565,31940,31523,4682,32272,3363,7965,6468,8145,8339,6958,9303,8182,9948,9498,9252,21266,8675,9253,10272,9907,9909,14062,12451,16754,14063,16049,6091,15822,11898,16753,5992,11168,1440,20751,15108,21114
1	777	23447	19771,5088,1565,31940,31523,4682,32272,3363,7965,6468,8145,8339,6958,9303,8182,9948,9498,9252,21266,8675,9253,10272,9907,9909,14062,12451,16754,14063,16049,6091,15822,11898,16753,5992,11168,1440,20751,15108,21114,23038
1	777	23118	19771,5088,1565,31940,31523,4682,32272,3363,7965,6468,8145,8339,6958,9303,8182,9948,9498,9252,21266,8675,9253,10272,9907,9909,14062,12451,16754,14063,16049,6091,15822,11898,16753,5992,11168,1440,20751,15108,21114,23038,23447
1	777	23259	19771,5088,1565,31940,31523,4682,32272,3363,7965,6468,8145,8339,6958,9303,8182,9948,9498,9252,21266,8675,9253,10272,9907,9909,14062,12451,16754,14063,16049,6091,15822,11898,16753,5992,11168,1440,20751,15108,21114,23038,23447,23118
1	777	23920	19771,5088,1565,31940,31523,4682,32272,3363,7965,6468,8145,8339,6958,9303,8182,9948,9498,9252,21266,8675,9253,10272,9907,9909,14062,12451,16754,14063,16049,6091,15822,11898,16753,5992,11168,1440,20751,15108,21114,23038,23447,23118,23259
1	777	11869	19771,5088,1565,31940,31523,4682,32272,3363,7965,6468,8145,8339,6958,9303,8182,9948,9498,9252,21266,8675,9253,10272,9907,9909,14062,12451,16754,14063,16049,6091,15822,11898,16753,5992,11168,1440,20751,15108,21114,23038,23447,23118,23259,23920
1	777	15219	19771,5088,1565,31940,31523,4682,32272,3363,7965,6468,8145,8339,6958,9303,8182,9948,9498,9252,21266,8675,9253,10272,9907,9909,14062,12451,16754,14063,16049,6091,15822,11898,16753,5992,11168,1440,20751,15108,21114,23038,23447,23118,23259,23920,11869
1	777	23491	19771,5088,1565,31940,31523,4682,32272,3363,7965,6468,8145,8339,6958,9303,8182,9948,9498,9252,21266,8675,9253,10272,9907,9909,14062,12451,16754,14063,16049,6091,15822,11898,16753,5992,11168,1440,20751,15108,21114,23038,23447,23118,23259,23920,11869,15219
1	777	24549	19771,5088,1565,31940,31523,4682,32272,3363,7965,6468,8145,8339,6958,9303,8182,9948,9498,9252,21266,8675,9253,10272,9907,9909,14062,12451,16754,14063,16049,6091,15822,11898,16753,5992,11168,1440,20751,15108,21114,23038,23447,23118,23259,23920,11869,15219,23491
1	777	9254	19771,5088,1565,31940,31523,4682,32272,3363,7965,6468,8145,8339,6958,9303,8182,9948,9498,9252,21266,8675,9253,10272,9907,9909,14062,12451,16754,14063,16049,6091,15822,11898,16753,5992,11168,1440,20751,15108,21114,23038,23447,23118,23259,23920,11869,15219,23491,24549
1	777	23452	19771,5088,1565,31940,31523,4682,32272,3363,7965,6468,8145,8339,6958,9303,8182,9948,9498,9252,21266,8675,9253,10272,9907,9909,14062,12451,16754,14063,16049,6091,15822,11898,16753,5992,11168,1440,20751,15108,21114,23038,23447,23118,23259,23920,11869,15219,23491,24549,9254
1	777	19712	19771,5088,1565,31940,31523,4682,32272,3363,7965,6468,8145,8339,6958,9303,8182,9948,9498,9252,21266,8675,9253,10272,9907,9909,14062,12451,16754,14063,16049,6091,15822,11898,16753,5992,11168,1440,20751,15108,21114,23038,23447,23118,23259,23920,11869,15219,23491,24549,9254,23452
1	777	6805	19771,5088,1565,31940,31523,4682,32272,3363,7965,6468,8145,8339,6958,9303,8182,9948,9498,9252,21266,8675,9253,10272,9907,9909,14062,12451,16754,14063,16049,6091,15822,11898,16753,5992,11168,1440,20751,15108,21114,23038,23447,23118,23259,23920,11869,15219,23491,24549,9254,23452,19712
1	777	25414	19771,5088,1565,31940,31523,4682,32272,3363,7965,6468,8145,8339,6958,9303,8182,9948,9498,9252,21266,8675,9253,10272,9907,9909,14062,12451,16754,14063,16049,6091,15822,11898,16753,5992,11168,1440,20751,15108,21114,23038,23447,23118,23259,23920,11869,15219,23491,24549,9254,23452,19712,6805
1	777	23699	19771,5088,1565,31940,31523,4682,32272,3363,7965,6468,8145,8339,6958,9303,8182,9948,9498,9252,21266,8675,9253,10272,9907,9909,14062,12451,16754,14063,16049,6091,15822,11898,16753,5992,11168,1440,20751,15108,21114,23038,23447,23118,23259,23920,11869,15219,23491,24549,9254,23452,19712,6805,25414
1	777	27585	19771,5088,1565,31940,31523,4682,32272,3363,7965,6468,8145,8339,6958,9303,8182,9948,9498,9252,21266,8675,9253,10272,9907,9909,14062,12451,16754,14063,16049,6091,15822,11898,16753,5992,11168,1440,20751,15108,21114,23038,23447,23118,23259,23920,11869,15219,23491,24549,9254,23452,19712,6805,25414,23699
1	777	6979	19771,5088,1565,31940,31523,4682,32272,3363,7965,6468,8145,8339,6958,9303,8182,9948,9498,9252,21266,8675,9253,10272,9907,9909,14062,12451,16754,14063,16049,6091,15822,11898,16753,5992,11168,1440,20751,15108,21114,23038,23447,23118,23259,23920,11869,15219,23491,24549,9254,23452,19712,6805,25414,23699,27585
1	777	27965	19771,5088,1565,31940,31523,4682,32272,3363,7965,6468,8145,8339,6958,9303,8182,9948,9498,9252,21266,8675,9253,10272,9907,9909,14062,12451,16754,14063,16049,6091,15822,11898,16753,5992,11168,1440,20751,15108,21114,23038,23447,23118,23259,23920,11869,15219,23491,24549,9254,23452,19712,6805,25414,23699,27585,6979
1	777	8892	19771,5088,1565,31940,31523,4682,32272,3363,7965,6468,8145,8339,6958,9303,8182,9948,9498,9252,21266,8675,9253,10272,9907,9909,14062,12451,16754,14063,16049,6091,15822,11898,16753,5992,11168,1440,20751,15108,21114,23038,23447,23118,23259,23920,11869,15219,23491,24549,9254,23452,19712,6805,25414,23699,27585,6979,27965
1	777	21684	19771,5088,1565,31940,31523,4682,32272,3363,7965,6468,8145,8339,6958,9303,8182,9948,9498,9252,21266,8675,9253,10272,9907,9909,14062,12451,16754,14063,16049,6091,15822,11898,16753,5992,11168,1440,20751,15108,21114,23038,23447,23118,23259,23920,11869,15219,23491,24549,9254,23452,19712,6805,25414,23699,27585,6979,27965,8892
1	777	21395	19771,5088,1565,31940,31523,4682,32272,3363,7965,6468,8145,8339,6958,9303,8182,9948,9498,9252,21266,8675,9253,10272,9907,9909,14062,12451,16754,14063,16049,6091,15822,11898,16753,5992,11168,1440,20751,15108,21114,23038,23447,23118,23259,23920,11869,15219,23491,24549,9254,23452,19712,6805,25414,23699,27585,6979,27965,8892,21684
