1	1562	17995	0
1	1562	3260	17995
0	1562	312	17995,3260
1	1562	7488	17995,3260
1	1562	13125	17995,3260,7488
1	1562	13841	17995,3260,7488,13125
1	1562	15295	17995,3260,7488,13125,13841
1	1562	19839	17995,3260,7488,13125,13841,15295
1	1562	22633	17995,3260,7488,13125,13841,15295,19839
1	1562	22637	17995,3260,7488,13125,13841,15295,19839,22633
1	1562	22642	17995,3260,7488,13125,13841,15295,19839,22633,22637
1	1562	17787	17995,3260,7488,13125,13841,15295,19839,22633,22637,22642
1	1562	18117	17995,3260,7488,13125,13841,15295,19839,22633,22637,22642,17787
1	1562	21031	17995,3260,7488,13125,13841,15295,19839,22633,22637,22642,17787,18117
1	1562	22102	17995,3260,7488,13125,13841,15295,19839,22633,22637,22642,17787,18117,21031
1	1562	26055	17995,3260,7488,13125,13841,15295,19839,22633,22637,22642,17787,18117,21031,22102
1	1562	28238	17995,3260,7488,13125,13841,15295,19839,22633,22637,22642,17787,18117,21031,22102,26055
1	1562	31129	17995,3260,7488,13125,13841,15295,19839,22633,22637,22642,17787,18117,21031,22102,26055,28238
1	1562	25181	17995,3260,7488,13125,13841,15295,19839,22633,22637,22642,17787,18117,21031,22102,26055,28238,31129
1	1562	31694	17995,3260,7488,13125,13841,15295,19839,22633,22637,22642,17787,18117,21031,22102,26055,28238,31129,25181
1	1562	32634	17995,3260,7488,13125,13841,15295,19839,22633,22637,22642,17787,18117,21031,22102,26055,28238,31129,25181,31694
1	1562	32054	17995,3260,7488,13125,13841,15295,19839,22633,22637,22642,17787,18117,21031,22102,26055,28238,31129,25181,31694,32634
1	1562	32065	17995,3260,7488,13125,13841,15295,19839,22633,22637,22642,17787,18117,21031,22102,26055,28238,31129,25181,31694,32634,32054
1	1562	19771	17995,3260,7488,13125,13841,15295,19839,22633,22637,22642,17787,18117,21031,22102,26055,28238,31129,25181,31694,32634,32054,32065
1	1562	32053	17995,3260,7488,13125,13841,15295,19839,22633,22637,22642,17787,18117,21031,22102,26055,28238,31129,25181,31694,32634,32054,32065,19771
1	1562	210	17995,3260,7488,13125,13841,15295,19839,22633,22637,22642,17787,18117,21031,22102,26055,28238,31129,25181,31694,32634,32054,32065,19771,32053
1	1562	32832	17995,3260,7488,13125,13841,15295,19839,22633,22637,22642,17787,18117,21031,22102,26055,28238,31129,25181,31694,32634,32054,32065,19771,32053,210
1	1562	12535	17995,3260,7488,13125,13841,15295,19839,22633,22637,22642,17787,18117,21031,22102,26055,28238,31129,25181,31694,32634,32054,32065,19771,32053,210,32832
1	1562	21563	17995,3260,7488,13125,13841,15295,19839,22633,22637,22642,17787,18117,21031,22102,26055,28238,31129,25181,31694,32634,32054,32065,19771,32053,210,32832,12535
1	1562	30898	17995,3260,7488,13125,13841,15295,19839,22633,22637,22642,17787,18117,21031,22102,26055,28238,31129,25181,31694,32634,32054,32065,19771,32053,210,32832,12535,21563
1	1562	1047	17995,3260,7488,13125,13841,15295,19839,22633,22637,22642,17787,18117,21031,22102,26055,28238,31129,25181,31694,32634,32054,32065,19771,32053,210,32832,12535,21563,30898
1	1562	881	17995,3260,7488,13125,13841,15295,19839,22633,22637,22642,17787,18117,21031,22102,26055,28238,31129,25181,31694,32634,32054,32065,19771,32053,210,32832,12535,21563,30898,1047
1	1562	878	17995,3260,7488,13125,13841,15295,19839,22633,22637,22642,17787,18117,21031,22102,26055,28238,31129,25181,31694,32634,32054,32065,19771,32053,210,32832,12535,21563,30898,1047,881
1	1562	883	17995,3260,7488,13125,13841,15295,19839,22633,22637,22642,17787,18117,21031,22102,26055,28238,31129,25181,31694,32634,32054,32065,19771,32053,210,32832,12535,21563,30898,1047,881,878
1	1562	1415	17995,3260,7488,13125,13841,15295,19839,22633,22637,22642,17787,18117,21031,22102,26055,28238,31129,25181,31694,32634,32054,32065,19771,32053,210,32832,12535,21563,30898,1047,881,878,883
1	1562	2104	17995,3260,7488,13125,13841,15295,19839,22633,22637,22642,17787,18117,21031,22102,26055,28238,31129,25181,31694,32634,32054,32065,19771,32053,210,32832,12535,21563,30898,1047,881,878,883,1415
1	1562	32378	17995,3260,7488,13125,13841,15295,19839,22633,22637,22642,17787,18117,21031,22102,26055,28238,31129,25181,31694,32634,32054,32065,19771,32053,210,32832,12535,21563,30898,1047,881,878,883,1415,2104
1	1562	3076	17995,3260,7488,13125,13841,15295,19839,22633,22637,22642,17787,18117,21031,22102,26055,28238,31129,25181,31694,32634,32054,32065,19771,32053,210,32832,12535,21563,30898,1047,881,878,883,1415,2104,32378
1	1562	31090	17995,3260,7488,13125,13841,15295,19839,22633,22637,22642,17787,18117,21031,22102,26055,28238,31129,25181,31694,32634,32054,32065,19771,32053,210,32832,12535,21563,30898,1047,881,878,883,1415,2104,32378,3076
1	1562	17686	17995,3260,7488,13125,13841,15295,19839,22633,22637,22642,17787,18117,21031,22102,26055,28238,31129,25181,31694,32634,32054,32065,19771,32053,210,32832,12535,21563,30898,1047,881,878,883,1415,2104,32378,3076,31090
1	1562	17690	17995,3260,7488,13125,13841,15295,19839,22633,22637,22642,17787,18117,21031,22102,26055,28238,31129,25181,31694,32634,32054,32065,19771,32053,210,32832,12535,21563,30898,1047,881,878,883,1415,2104,32378,3076,31090,17686
1	1562	17689	17995,3260,7488,13125,13841,15295,19839,22633,22637,22642,17787,18117,21031,22102,26055,28238,31129,25181,31694,32634,32054,32065,19771,32053,210,32832,12535,21563,30898,1047,881,878,883,1415,2104,32378,3076,31090,17686,17690
1	1562	17687	17995,3260,7488,13125,13841,15295,19839,22633,22637,22642,17787,18117,21031,22102,26055,28238,31129,25181,31694,32634,32054,32065,19771,32053,210,32832,12535,21563,30898,1047,881,878,883,1415,2104,32378,3076,31090,17686,17690,17689
