1	585	31630	0
0	585	9398	31630
0	585	5215	31630
0	585	1100	31630
0	585	30774	31630
1	585	917	31630
1	585	3162	31630,917
1	585	4840	31630,917,3162
0	585	883	31630,917,3162,4840
1	585	1242	31630,917,3162,4840
1	585	1384	31630,917,3162,4840,1242
1	585	1819	31630,917,3162,4840,1242,1384
1	585	2240	31630,917,3162,4840,1242,1384,1819
1	585	3264	31630,917,3162,4840,1242,1384,1819,2240
1	585	3005	31630,917,3162,4840,1242,1384,1819,2240,3264
0	585	31240	31630,917,3162,4840,1242,1384,1819,2240,3264,3005
0	585	2397	31630,917,3162,4840,1242,1384,1819,2240,3264,3005
0	585	1422	31630,917,3162,4840,1242,1384,1819,2240,3264,3005
0	585	3047	31630,917,3162,4840,1242,1384,1819,2240,3264,3005
0	585	1879	31630,917,3162,4840,1242,1384,1819,2240,3264,3005
0	585	8527	31630,917,3162,4840,1242,1384,1819,2240,3264,3005
1	585	8497	31630,917,3162,4840,1242,1384,1819,2240,3264,3005
1	585	8848	31630,917,3162,4840,1242,1384,1819,2240,3264,3005,8497
0	585	28773	31630,917,3162,4840,1242,1384,1819,2240,3264,3005,8497,8848
1	585	6556	31630,917,3162,4840,1242,1384,1819,2240,3264,3005,8497,8848
1	585	6743	31630,917,3162,4840,1242,1384,1819,2240,3264,3005,8497,8848,6556
1	585	8631	31630,917,3162,4840,1242,1384,1819,2240,3264,3005,8497,8848,6556,6743
1	585	6434	31630,917,3162,4840,1242,1384,1819,2240,3264,3005,8497,8848,6556,6743,8631
0	585	31382	31630,917,3162,4840,1242,1384,1819,2240,3264,3005,8497,8848,6556,6743,8631,6434
0	585	7384	31630,917,3162,4840,1242,1384,1819,2240,3264,3005,8497,8848,6556,6743,8631,6434
1	585	24203	31630,917,3162,4840,1242,1384,1819,2240,3264,3005,8497,8848,6556,6743,8631,6434
0	585	30602	31630,917,3162,4840,1242,1384,1819,2240,3264,3005,8497,8848,6556,6743,8631,6434,24203
0	585	32082	31630,917,3162,4840,1242,1384,1819,2240,3264,3005,8497,8848,6556,6743,8631,6434,24203
0	585	32161	31630,917,3162,4840,1242,1384,1819,2240,3264,3005,8497,8848,6556,6743,8631,6434,24203
1	585	189	31630,917,3162,4840,1242,1384,1819,2240,3264,3005,8497,8848,6556,6743,8631,6434,24203
1	585	512	31630,917,3162,4840,1242,1384,1819,2240,3264,3005,8497,8848,6556,6743,8631,6434,24203,189
0	585	8942	31630,917,3162,4840,1242,1384,1819,2240,3264,3005,8497,8848,6556,6743,8631,6434,24203,189,512
1	585	13895	31630,917,3162,4840,1242,1384,1819,2240,3264,3005,8497,8848,6556,6743,8631,6434,24203,189,512
0	585	17087	31630,917,3162,4840,1242,1384,1819,2240,3264,3005,8497,8848,6556,6743,8631,6434,24203,189,512,13895
0	585	20985	31630,917,3162,4840,1242,1384,1819,2240,3264,3005,8497,8848,6556,6743,8631,6434,24203,189,512,13895
0	585	25678	31630,917,3162,4840,1242,1384,1819,2240,3264,3005,8497,8848,6556,6743,8631,6434,24203,189,512,13895
0	585	32063	31630,917,3162,4840,1242,1384,1819,2240,3264,3005,8497,8848,6556,6743,8631,6434,24203,189,512,13895
0	585	3770	31630,917,3162,4840,1242,1384,1819,2240,3264,3005,8497,8848,6556,6743,8631,6434,24203,189,512,13895
1	585	3391	31630,917,3162,4840,1242,1384,1819,2240,3264,3005,8497,8848,6556,6743,8631,6434,24203,189,512,13895
1	585	6888	31630,917,3162,4840,1242,1384,1819,2240,3264,3005,8497,8848,6556,6743,8631,6434,24203,189,512,13895,3391
0	585	32675	31630,917,3162,4840,1242,1384,1819,2240,3264,3005,8497,8848,6556,6743,8631,6434,24203,189,512,13895,3391,6888
1	585	1797	31630,917,3162,4840,1242,1384,1819,2240,3264,3005,8497,8848,6556,6743,8631,6434,24203,189,512,13895,3391,6888
0	585	10812	31630,917,3162,4840,1242,1384,1819,2240,3264,3005,8497,8848,6556,6743,8631,6434,24203,189,512,13895,3391,6888,1797
0	585	11308	31630,917,3162,4840,1242,1384,1819,2240,3264,3005,8497,8848,6556,6743,8631,6434,24203,189,512,13895,3391,6888,1797
1	585	4954	31630,917,3162,4840,1242,1384,1819,2240,3264,3005,8497,8848,6556,6743,8631,6434,24203,189,512,13895,3391,6888,1797
0	585	8726	31630,917,3162,4840,1242,1384,1819,2240,3264,3005,8497,8848,6556,6743,8631,6434,24203,189,512,13895,3391,6888,1797,4954
0	585	9775	31630,917,3162,4840,1242,1384,1819,2240,3264,3005,8497,8848,6556,6743,8631,6434,24203,189,512,13895,3391,6888,1797,4954
0	585	3486	31630,917,3162,4840,1242,1384,1819,2240,3264,3005,8497,8848,6556,6743,8631,6434,24203,189,512,13895,3391,6888,1797,4954
1	585	3955	31630,917,3162,4840,1242,1384,1819,2240,3264,3005,8497,8848,6556,6743,8631,6434,24203,189,512,13895,3391,6888,1797,4954
0	585	9182	31630,917,3162,4840,1242,1384,1819,2240,3264,3005,8497,8848,6556,6743,8631,6434,24203,189,512,13895,3391,6888,1797,4954,3955
0	585	6038	31630,917,3162,4840,1242,1384,1819,2240,3264,3005,8497,8848,6556,6743,8631,6434,24203,189,512,13895,3391,6888,1797,4954,3955
0	585	7780	31630,917,3162,4840,1242,1384,1819,2240,3264,3005,8497,8848,6556,6743,8631,6434,24203,189,512,13895,3391,6888,1797,4954,3955
0	585	6818	31630,917,3162,4840,1242,1384,1819,2240,3264,3005,8497,8848,6556,6743,8631,6434,24203,189,512,13895,3391,6888,1797,4954,3955
0	585	9462	31630,917,3162,4840,1242,1384,1819,2240,3264,3005,8497,8848,6556,6743,8631,6434,24203,189,512,13895,3391,6888,1797,4954,3955
0	585	11947	31630,917,3162,4840,1242,1384,1819,2240,3264,3005,8497,8848,6556,6743,8631,6434,24203,189,512,13895,3391,6888,1797,4954,3955
0	585	7859	31630,917,3162,4840,1242,1384,1819,2240,3264,3005,8497,8848,6556,6743,8631,6434,24203,189,512,13895,3391,6888,1797,4954,3955
0	585	4698	31630,917,3162,4840,1242,1384,1819,2240,3264,3005,8497,8848,6556,6743,8631,6434,24203,189,512,13895,3391,6888,1797,4954,3955
1	585	10937	31630,917,3162,4840,1242,1384,1819,2240,3264,3005,8497,8848,6556,6743,8631,6434,24203,189,512,13895,3391,6888,1797,4954,3955
0	585	977	31630,917,3162,4840,1242,1384,1819,2240,3264,3005,8497,8848,6556,6743,8631,6434,24203,189,512,13895,3391,6888,1797,4954,3955,10937
1	585	9905	31630,917,3162,4840,1242,1384,1819,2240,3264,3005,8497,8848,6556,6743,8631,6434,24203,189,512,13895,3391,6888,1797,4954,3955,10937
1	585	11160	31630,917,3162,4840,1242,1384,1819,2240,3264,3005,8497,8848,6556,6743,8631,6434,24203,189,512,13895,3391,6888,1797,4954,3955,10937,9905
0	585	9616	31630,917,3162,4840,1242,1384,1819,2240,3264,3005,8497,8848,6556,6743,8631,6434,24203,189,512,13895,3391,6888,1797,4954,3955,10937,9905,11160
1	585	12670	31630,917,3162,4840,1242,1384,1819,2240,3264,3005,8497,8848,6556,6743,8631,6434,24203,189,512,13895,3391,6888,1797,4954,3955,10937,9905,11160
0	585	8224	31630,917,3162,4840,1242,1384,1819,2240,3264,3005,8497,8848,6556,6743,8631,6434,24203,189,512,13895,3391,6888,1797,4954,3955,10937,9905,11160,12670
0	585	12941	31630,917,3162,4840,1242,1384,1819,2240,3264,3005,8497,8848,6556,6743,8631,6434,24203,189,512,13895,3391,6888,1797,4954,3955,10937,9905,11160,12670
0	585	325	31630,917,3162,4840,1242,1384,1819,2240,3264,3005,8497,8848,6556,6743,8631,6434,24203,189,512,13895,3391,6888,1797,4954,3955,10937,9905,11160,12670
1	585	4814	31630,917,3162,4840,1242,1384,1819,2240,3264,3005,8497,8848,6556,6743,8631,6434,24203,189,512,13895,3391,6888,1797,4954,3955,10937,9905,11160,12670
1	585	10715	31630,917,3162,4840,1242,1384,1819,2240,3264,3005,8497,8848,6556,6743,8631,6434,24203,189,512,13895,3391,6888,1797,4954,3955,10937,9905,11160,12670,4814
0	585	1440	31630,917,3162,4840,1242,1384,1819,2240,3264,3005,8497,8848,6556,6743,8631,6434,24203,189,512,13895,3391,6888,1797,4954,3955,10937,9905,11160,12670,4814,10715
1	585	6894	31630,917,3162,4840,1242,1384,1819,2240,3264,3005,8497,8848,6556,6743,8631,6434,24203,189,512,13895,3391,6888,1797,4954,3955,10937,9905,11160,12670,4814,10715
0	585	25054	31630,917,3162,4840,1242,1384,1819,2240,3264,3005,8497,8848,6556,6743,8631,6434,24203,189,512,13895,3391,6888,1797,4954,3955,10937,9905,11160,12670,4814,10715,6894
0	585	12688	31630,917,3162,4840,1242,1384,1819,2240,3264,3005,8497,8848,6556,6743,8631,6434,24203,189,512,13895,3391,6888,1797,4954,3955,10937,9905,11160,12670,4814,10715,6894
0	585	14828	31630,917,3162,4840,1242,1384,1819,2240,3264,3005,8497,8848,6556,6743,8631,6434,24203,189,512,13895,3391,6888,1797,4954,3955,10937,9905,11160,12670,4814,10715,6894
0	585	13389	31630,917,3162,4840,1242,1384,1819,2240,3264,3005,8497,8848,6556,6743,8631,6434,24203,189,512,13895,3391,6888,1797,4954,3955,10937,9905,11160,12670,4814,10715,6894
0	585	261	31630,917,3162,4840,1242,1384,1819,2240,3264,3005,8497,8848,6556,6743,8631,6434,24203,189,512,13895,3391,6888,1797,4954,3955,10937,9905,11160,12670,4814,10715,6894
0	585	10952	31630,917,3162,4840,1242,1384,1819,2240,3264,3005,8497,8848,6556,6743,8631,6434,24203,189,512,13895,3391,6888,1797,4954,3955,10937,9905,11160,12670,4814,10715,6894
1	585	14616	31630,917,3162,4840,1242,1384,1819,2240,3264,3005,8497,8848,6556,6743,8631,6434,24203,189,512,13895,3391,6888,1797,4954,3955,10937,9905,11160,12670,4814,10715,6894
1	585	15212	31630,917,3162,4840,1242,1384,1819,2240,3264,3005,8497,8848,6556,6743,8631,6434,24203,189,512,13895,3391,6888,1797,4954,3955,10937,9905,11160,12670,4814,10715,6894,14616
1	585	14807	31630,917,3162,4840,1242,1384,1819,2240,3264,3005,8497,8848,6556,6743,8631,6434,24203,189,512,13895,3391,6888,1797,4954,3955,10937,9905,11160,12670,4814,10715,6894,14616,15212
0	585	10034	31630,917,3162,4840,1242,1384,1819,2240,3264,3005,8497,8848,6556,6743,8631,6434,24203,189,512,13895,3391,6888,1797,4954,3955,10937,9905,11160,12670,4814,10715,6894,14616,15212,14807
1	585	15796	31630,917,3162,4840,1242,1384,1819,2240,3264,3005,8497,8848,6556,6743,8631,6434,24203,189,512,13895,3391,6888,1797,4954,3955,10937,9905,11160,12670,4814,10715,6894,14616,15212,14807
1	585	12719	31630,917,3162,4840,1242,1384,1819,2240,3264,3005,8497,8848,6556,6743,8631,6434,24203,189,512,13895,3391,6888,1797,4954,3955,10937,9905,11160,12670,4814,10715,6894,14616,15212,14807,15796
1	585	16062	31630,917,3162,4840,1242,1384,1819,2240,3264,3005,8497,8848,6556,6743,8631,6434,24203,189,512,13895,3391,6888,1797,4954,3955,10937,9905,11160,12670,4814,10715,6894,14616,15212,14807,15796,12719
1	585	15248	31630,917,3162,4840,1242,1384,1819,2240,3264,3005,8497,8848,6556,6743,8631,6434,24203,189,512,13895,3391,6888,1797,4954,3955,10937,9905,11160,12670,4814,10715,6894,14616,15212,14807,15796,12719,16062
0	585	17283	31630,917,3162,4840,1242,1384,1819,2240,3264,3005,8497,8848,6556,6743,8631,6434,24203,189,512,13895,3391,6888,1797,4954,3955,10937,9905,11160,12670,4814,10715,6894,14616,15212,14807,15796,12719,16062,15248
1	585	17606	31630,917,3162,4840,1242,1384,1819,2240,3264,3005,8497,8848,6556,6743,8631,6434,24203,189,512,13895,3391,6888,1797,4954,3955,10937,9905,11160,12670,4814,10715,6894,14616,15212,14807,15796,12719,16062,15248
0	585	16001	31630,917,3162,4840,1242,1384,1819,2240,3264,3005,8497,8848,6556,6743,8631,6434,24203,189,512,13895,3391,6888,1797,4954,3955,10937,9905,11160,12670,4814,10715,6894,14616,15212,14807,15796,12719,16062,15248,17606
0	585	17170	31630,917,3162,4840,1242,1384,1819,2240,3264,3005,8497,8848,6556,6743,8631,6434,24203,189,512,13895,3391,6888,1797,4954,3955,10937,9905,11160,12670,4814,10715,6894,14616,15212,14807,15796,12719,16062,15248,17606
0	585	3718	31630,917,3162,4840,1242,1384,1819,2240,3264,3005,8497,8848,6556,6743,8631,6434,24203,189,512,13895,3391,6888,1797,4954,3955,10937,9905,11160,12670,4814,10715,6894,14616,15212,14807,15796,12719,16062,15248,17606
0	585	17805	31630,917,3162,4840,1242,1384,1819,2240,3264,3005,8497,8848,6556,6743,8631,6434,24203,189,512,13895,3391,6888,1797,4954,3955,10937,9905,11160,12670,4814,10715,6894,14616,15212,14807,15796,12719,16062,15248,17606
0	585	13935	31630,917,3162,4840,1242,1384,1819,2240,3264,3005,8497,8848,6556,6743,8631,6434,24203,189,512,13895,3391,6888,1797,4954,3955,10937,9905,11160,12670,4814,10715,6894,14616,15212,14807,15796,12719,16062,15248,17606
1	585	16455	31630,917,3162,4840,1242,1384,1819,2240,3264,3005,8497,8848,6556,6743,8631,6434,24203,189,512,13895,3391,6888,1797,4954,3955,10937,9905,11160,12670,4814,10715,6894,14616,15212,14807,15796,12719,16062,15248,17606
0	585	18157	31630,917,3162,4840,1242,1384,1819,2240,3264,3005,8497,8848,6556,6743,8631,6434,24203,189,512,13895,3391,6888,1797,4954,3955,10937,9905,11160,12670,4814,10715,6894,14616,15212,14807,15796,12719,16062,15248,17606,16455
1	585	15218	31630,917,3162,4840,1242,1384,1819,2240,3264,3005,8497,8848,6556,6743,8631,6434,24203,189,512,13895,3391,6888,1797,4954,3955,10937,9905,11160,12670,4814,10715,6894,14616,15212,14807,15796,12719,16062,15248,17606,16455
1	585	19176	31630,917,3162,4840,1242,1384,1819,2240,3264,3005,8497,8848,6556,6743,8631,6434,24203,189,512,13895,3391,6888,1797,4954,3955,10937,9905,11160,12670,4814,10715,6894,14616,15212,14807,15796,12719,16062,15248,17606,16455,15218
1	585	19929	31630,917,3162,4840,1242,1384,1819,2240,3264,3005,8497,8848,6556,6743,8631,6434,24203,189,512,13895,3391,6888,1797,4954,3955,10937,9905,11160,12670,4814,10715,6894,14616,15212,14807,15796,12719,16062,15248,17606,16455,15218,19176
1	585	15230	31630,917,3162,4840,1242,1384,1819,2240,3264,3005,8497,8848,6556,6743,8631,6434,24203,189,512,13895,3391,6888,1797,4954,3955,10937,9905,11160,12670,4814,10715,6894,14616,15212,14807,15796,12719,16062,15248,17606,16455,15218,19176,19929
0	585	18356	31630,917,3162,4840,1242,1384,1819,2240,3264,3005,8497,8848,6556,6743,8631,6434,24203,189,512,13895,3391,6888,1797,4954,3955,10937,9905,11160,12670,4814,10715,6894,14616,15212,14807,15796,12719,16062,15248,17606,16455,15218,19176,19929,15230
0	585	16409	31630,917,3162,4840,1242,1384,1819,2240,3264,3005,8497,8848,6556,6743,8631,6434,24203,189,512,13895,3391,6888,1797,4954,3955,10937,9905,11160,12670,4814,10715,6894,14616,15212,14807,15796,12719,16062,15248,17606,16455,15218,19176,19929,15230
1	585	16467	31630,917,3162,4840,1242,1384,1819,2240,3264,3005,8497,8848,6556,6743,8631,6434,24203,189,512,13895,3391,6888,1797,4954,3955,10937,9905,11160,12670,4814,10715,6894,14616,15212,14807,15796,12719,16062,15248,17606,16455,15218,19176,19929,15230
0	585	13883	31630,917,3162,4840,1242,1384,1819,2240,3264,3005,8497,8848,6556,6743,8631,6434,24203,189,512,13895,3391,6888,1797,4954,3955,10937,9905,11160,12670,4814,10715,6894,14616,15212,14807,15796,12719,16062,15248,17606,16455,15218,19176,19929,15230,16467
0	585	20438	31630,917,3162,4840,1242,1384,1819,2240,3264,3005,8497,8848,6556,6743,8631,6434,24203,189,512,13895,3391,6888,1797,4954,3955,10937,9905,11160,12670,4814,10715,6894,14616,15212,14807,15796,12719,16062,15248,17606,16455,15218,19176,19929,15230,16467
1	585	4272	31630,917,3162,4840,1242,1384,1819,2240,3264,3005,8497,8848,6556,6743,8631,6434,24203,189,512,13895,3391,6888,1797,4954,3955,10937,9905,11160,12670,4814,10715,6894,14616,15212,14807,15796,12719,16062,15248,17606,16455,15218,19176,19929,15230,16467
1	585	8349	31630,917,3162,4840,1242,1384,1819,2240,3264,3005,8497,8848,6556,6743,8631,6434,24203,189,512,13895,3391,6888,1797,4954,3955,10937,9905,11160,12670,4814,10715,6894,14616,15212,14807,15796,12719,16062,15248,17606,16455,15218,19176,19929,15230,16467,4272
0	585	19784	31630,917,3162,4840,1242,1384,1819,2240,3264,3005,8497,8848,6556,6743,8631,6434,24203,189,512,13895,3391,6888,1797,4954,3955,10937,9905,11160,12670,4814,10715,6894,14616,15212,14807,15796,12719,16062,15248,17606,16455,15218,19176,19929,15230,16467,4272,8349
0	585	19508	31630,917,3162,4840,1242,1384,1819,2240,3264,3005,8497,8848,6556,6743,8631,6434,24203,189,512,13895,3391,6888,1797,4954,3955,10937,9905,11160,12670,4814,10715,6894,14616,15212,14807,15796,12719,16062,15248,17606,16455,15218,19176,19929,15230,16467,4272,8349
0	585	11255	31630,917,3162,4840,1242,1384,1819,2240,3264,3005,8497,8848,6556,6743,8631,6434,24203,189,512,13895,3391,6888,1797,4954,3955,10937,9905,11160,12670,4814,10715,6894,14616,15212,14807,15796,12719,16062,15248,17606,16455,15218,19176,19929,15230,16467,4272,8349
1	585	4058	31630,917,3162,4840,1242,1384,1819,2240,3264,3005,8497,8848,6556,6743,8631,6434,24203,189,512,13895,3391,6888,1797,4954,3955,10937,9905,11160,12670,4814,10715,6894,14616,15212,14807,15796,12719,16062,15248,17606,16455,15218,19176,19929,15230,16467,4272,8349
0	585	11547	31630,917,3162,4840,1242,1384,1819,2240,3264,3005,8497,8848,6556,6743,8631,6434,24203,189,512,13895,3391,6888,1797,4954,3955,10937,9905,11160,12670,4814,10715,6894,14616,15212,14807,15796,12719,16062,15248,17606,16455,15218,19176,19929,15230,16467,4272,8349,4058
0	585	21164	31630,917,3162,4840,1242,1384,1819,2240,3264,3005,8497,8848,6556,6743,8631,6434,24203,189,512,13895,3391,6888,1797,4954,3955,10937,9905,11160,12670,4814,10715,6894,14616,15212,14807,15796,12719,16062,15248,17606,16455,15218,19176,19929,15230,16467,4272,8349,4058
0	585	16042	31630,917,3162,4840,1242,1384,1819,2240,3264,3005,8497,8848,6556,6743,8631,6434,24203,189,512,13895,3391,6888,1797,4954,3955,10937,9905,11160,12670,4814,10715,6894,14616,15212,14807,15796,12719,16062,15248,17606,16455,15218,19176,19929,15230,16467,4272,8349,4058
1	585	107	31630,917,3162,4840,1242,1384,1819,2240,3264,3005,8497,8848,6556,6743,8631,6434,24203,189,512,13895,3391,6888,1797,4954,3955,10937,9905,11160,12670,4814,10715,6894,14616,15212,14807,15796,12719,16062,15248,17606,16455,15218,19176,19929,15230,16467,4272,8349,4058
1	585	7482	31630,917,3162,4840,1242,1384,1819,2240,3264,3005,8497,8848,6556,6743,8631,6434,24203,189,512,13895,3391,6888,1797,4954,3955,10937,9905,11160,12670,4814,10715,6894,14616,15212,14807,15796,12719,16062,15248,17606,16455,15218,19176,19929,15230,16467,4272,8349,4058,107
0	585	17399	31630,917,3162,4840,1242,1384,1819,2240,3264,3005,8497,8848,6556,6743,8631,6434,24203,189,512,13895,3391,6888,1797,4954,3955,10937,9905,11160,12670,4814,10715,6894,14616,15212,14807,15796,12719,16062,15248,17606,16455,15218,19176,19929,15230,16467,4272,8349,4058,107,7482
1	585	15106	31630,917,3162,4840,1242,1384,1819,2240,3264,3005,8497,8848,6556,6743,8631,6434,24203,189,512,13895,3391,6888,1797,4954,3955,10937,9905,11160,12670,4814,10715,6894,14616,15212,14807,15796,12719,16062,15248,17606,16455,15218,19176,19929,15230,16467,4272,8349,4058,107,7482
0	585	16389	31630,917,3162,4840,1242,1384,1819,2240,3264,3005,8497,8848,6556,6743,8631,6434,24203,189,512,13895,3391,6888,1797,4954,3955,10937,9905,11160,12670,4814,10715,6894,14616,15212,14807,15796,12719,16062,15248,17606,16455,15218,19176,19929,15230,16467,4272,8349,4058,107,7482,15106
1	585	11869	31630,917,3162,4840,1242,1384,1819,2240,3264,3005,8497,8848,6556,6743,8631,6434,24203,189,512,13895,3391,6888,1797,4954,3955,10937,9905,11160,12670,4814,10715,6894,14616,15212,14807,15796,12719,16062,15248,17606,16455,15218,19176,19929,15230,16467,4272,8349,4058,107,7482,15106
1	585	17863	31630,917,3162,4840,1242,1384,1819,2240,3264,3005,8497,8848,6556,6743,8631,6434,24203,189,512,13895,3391,6888,1797,4954,3955,10937,9905,11160,12670,4814,10715,6894,14616,15212,14807,15796,12719,16062,15248,17606,16455,15218,19176,19929,15230,16467,4272,8349,4058,107,7482,15106,11869
0	585	19881	31630,917,3162,4840,1242,1384,1819,2240,3264,3005,8497,8848,6556,6743,8631,6434,24203,189,512,13895,3391,6888,1797,4954,3955,10937,9905,11160,12670,4814,10715,6894,14616,15212,14807,15796,12719,16062,15248,17606,16455,15218,19176,19929,15230,16467,4272,8349,4058,107,7482,15106,11869,17863
1	585	12488	31630,917,3162,4840,1242,1384,1819,2240,3264,3005,8497,8848,6556,6743,8631,6434,24203,189,512,13895,3391,6888,1797,4954,3955,10937,9905,11160,12670,4814,10715,6894,14616,15212,14807,15796,12719,16062,15248,17606,16455,15218,19176,19929,15230,16467,4272,8349,4058,107,7482,15106,11869,17863
0	585	20574	31630,917,3162,4840,1242,1384,1819,2240,3264,3005,8497,8848,6556,6743,8631,6434,24203,189,512,13895,3391,6888,1797,4954,3955,10937,9905,11160,12670,4814,10715,6894,14616,15212,14807,15796,12719,16062,15248,17606,16455,15218,19176,19929,15230,16467,4272,8349,4058,107,7482,15106,11869,17863,12488
0	585	24931	31630,917,3162,4840,1242,1384,1819,2240,3264,3005,8497,8848,6556,6743,8631,6434,24203,189,512,13895,3391,6888,1797,4954,3955,10937,9905,11160,12670,4814,10715,6894,14616,15212,14807,15796,12719,16062,15248,17606,16455,15218,19176,19929,15230,16467,4272,8349,4058,107,7482,15106,11869,17863,12488
0	585	25154	31630,917,3162,4840,1242,1384,1819,2240,3264,3005,8497,8848,6556,6743,8631,6434,24203,189,512,13895,3391,6888,1797,4954,3955,10937,9905,11160,12670,4814,10715,6894,14616,15212,14807,15796,12719,16062,15248,17606,16455,15218,19176,19929,15230,16467,4272,8349,4058,107,7482,15106,11869,17863,12488
0	585	20954	31630,917,3162,4840,1242,1384,1819,2240,3264,3005,8497,8848,6556,6743,8631,6434,24203,189,512,13895,3391,6888,1797,4954,3955,10937,9905,11160,12670,4814,10715,6894,14616,15212,14807,15796,12719,16062,15248,17606,16455,15218,19176,19929,15230,16467,4272,8349,4058,107,7482,15106,11869,17863,12488
1	585	22823	31630,917,3162,4840,1242,1384,1819,2240,3264,3005,8497,8848,6556,6743,8631,6434,24203,189,512,13895,3391,6888,1797,4954,3955,10937,9905,11160,12670,4814,10715,6894,14616,15212,14807,15796,12719,16062,15248,17606,16455,15218,19176,19929,15230,16467,4272,8349,4058,107,7482,15106,11869,17863,12488
0	585	24385	31630,917,3162,4840,1242,1384,1819,2240,3264,3005,8497,8848,6556,6743,8631,6434,24203,189,512,13895,3391,6888,1797,4954,3955,10937,9905,11160,12670,4814,10715,6894,14616,15212,14807,15796,12719,16062,15248,17606,16455,15218,19176,19929,15230,16467,4272,8349,4058,107,7482,15106,11869,17863,12488,22823
0	585	25052	31630,917,3162,4840,1242,1384,1819,2240,3264,3005,8497,8848,6556,6743,8631,6434,24203,189,512,13895,3391,6888,1797,4954,3955,10937,9905,11160,12670,4814,10715,6894,14616,15212,14807,15796,12719,16062,15248,17606,16455,15218,19176,19929,15230,16467,4272,8349,4058,107,7482,15106,11869,17863,12488,22823
0	585	23157	31630,917,3162,4840,1242,1384,1819,2240,3264,3005,8497,8848,6556,6743,8631,6434,24203,189,512,13895,3391,6888,1797,4954,3955,10937,9905,11160,12670,4814,10715,6894,14616,15212,14807,15796,12719,16062,15248,17606,16455,15218,19176,19929,15230,16467,4272,8349,4058,107,7482,15106,11869,17863,12488,22823
0	585	13699	31630,917,3162,4840,1242,1384,1819,2240,3264,3005,8497,8848,6556,6743,8631,6434,24203,189,512,13895,3391,6888,1797,4954,3955,10937,9905,11160,12670,4814,10715,6894,14616,15212,14807,15796,12719,16062,15248,17606,16455,15218,19176,19929,15230,16467,4272,8349,4058,107,7482,15106,11869,17863,12488,22823
0	585	18678	31630,917,3162,4840,1242,1384,1819,2240,3264,3005,8497,8848,6556,6743,8631,6434,24203,189,512,13895,3391,6888,1797,4954,3955,10937,9905,11160,12670,4814,10715,6894,14616,15212,14807,15796,12719,16062,15248,17606,16455,15218,19176,19929,15230,16467,4272,8349,4058,107,7482,15106,11869,17863,12488,22823
0	585	12698	31630,917,3162,4840,1242,1384,1819,2240,3264,3005,8497,8848,6556,6743,8631,6434,24203,189,512,13895,3391,6888,1797,4954,3955,10937,9905,11160,12670,4814,10715,6894,14616,15212,14807,15796,12719,16062,15248,17606,16455,15218,19176,19929,15230,16467,4272,8349,4058,107,7482,15106,11869,17863,12488,22823
0	585	15806	31630,917,3162,4840,1242,1384,1819,2240,3264,3005,8497,8848,6556,6743,8631,6434,24203,189,512,13895,3391,6888,1797,4954,3955,10937,9905,11160,12670,4814,10715,6894,14616,15212,14807,15796,12719,16062,15248,17606,16455,15218,19176,19929,15230,16467,4272,8349,4058,107,7482,15106,11869,17863,12488,22823
0	585	25775	31630,917,3162,4840,1242,1384,1819,2240,3264,3005,8497,8848,6556,6743,8631,6434,24203,189,512,13895,3391,6888,1797,4954,3955,10937,9905,11160,12670,4814,10715,6894,14616,15212,14807,15796,12719,16062,15248,17606,16455,15218,19176,19929,15230,16467,4272,8349,4058,107,7482,15106,11869,17863,12488,22823
0	585	4944	31630,917,3162,4840,1242,1384,1819,2240,3264,3005,8497,8848,6556,6743,8631,6434,24203,189,512,13895,3391,6888,1797,4954,3955,10937,9905,11160,12670,4814,10715,6894,14616,15212,14807,15796,12719,16062,15248,17606,16455,15218,19176,19929,15230,16467,4272,8349,4058,107,7482,15106,11869,17863,12488,22823
1	585	23760	31630,917,3162,4840,1242,1384,1819,2240,3264,3005,8497,8848,6556,6743,8631,6434,24203,189,512,13895,3391,6888,1797,4954,3955,10937,9905,11160,12670,4814,10715,6894,14616,15212,14807,15796,12719,16062,15248,17606,16455,15218,19176,19929,15230,16467,4272,8349,4058,107,7482,15106,11869,17863,12488,22823
0	585	24628	31630,917,3162,4840,1242,1384,1819,2240,3264,3005,8497,8848,6556,6743,8631,6434,24203,189,512,13895,3391,6888,1797,4954,3955,10937,9905,11160,12670,4814,10715,6894,14616,15212,14807,15796,12719,16062,15248,17606,16455,15218,19176,19929,15230,16467,4272,8349,4058,107,7482,15106,11869,17863,12488,22823,23760
1	585	25242	31630,917,3162,4840,1242,1384,1819,2240,3264,3005,8497,8848,6556,6743,8631,6434,24203,189,512,13895,3391,6888,1797,4954,3955,10937,9905,11160,12670,4814,10715,6894,14616,15212,14807,15796,12719,16062,15248,17606,16455,15218,19176,19929,15230,16467,4272,8349,4058,107,7482,15106,11869,17863,12488,22823,23760
0	585	22784	31630,917,3162,4840,1242,1384,1819,2240,3264,3005,8497,8848,6556,6743,8631,6434,24203,189,512,13895,3391,6888,1797,4954,3955,10937,9905,11160,12670,4814,10715,6894,14616,15212,14807,15796,12719,16062,15248,17606,16455,15218,19176,19929,15230,16467,4272,8349,4058,107,7482,15106,11869,17863,12488,22823,23760,25242
1	585	23768	31630,917,3162,4840,1242,1384,1819,2240,3264,3005,8497,8848,6556,6743,8631,6434,24203,189,512,13895,3391,6888,1797,4954,3955,10937,9905,11160,12670,4814,10715,6894,14616,15212,14807,15796,12719,16062,15248,17606,16455,15218,19176,19929,15230,16467,4272,8349,4058,107,7482,15106,11869,17863,12488,22823,23760,25242
0	585	24947	31630,917,3162,4840,1242,1384,1819,2240,3264,3005,8497,8848,6556,6743,8631,6434,24203,189,512,13895,3391,6888,1797,4954,3955,10937,9905,11160,12670,4814,10715,6894,14616,15212,14807,15796,12719,16062,15248,17606,16455,15218,19176,19929,15230,16467,4272,8349,4058,107,7482,15106,11869,17863,12488,22823,23760,25242,23768
1	585	27746	31630,917,3162,4840,1242,1384,1819,2240,3264,3005,8497,8848,6556,6743,8631,6434,24203,189,512,13895,3391,6888,1797,4954,3955,10937,9905,11160,12670,4814,10715,6894,14616,15212,14807,15796,12719,16062,15248,17606,16455,15218,19176,19929,15230,16467,4272,8349,4058,107,7482,15106,11869,17863,12488,22823,23760,25242,23768
0	585	17014	31630,917,3162,4840,1242,1384,1819,2240,3264,3005,8497,8848,6556,6743,8631,6434,24203,189,512,13895,3391,6888,1797,4954,3955,10937,9905,11160,12670,4814,10715,6894,14616,15212,14807,15796,12719,16062,15248,17606,16455,15218,19176,19929,15230,16467,4272,8349,4058,107,7482,15106,11869,17863,12488,22823,23760,25242,23768,27746
1	585	18822	31630,917,3162,4840,1242,1384,1819,2240,3264,3005,8497,8848,6556,6743,8631,6434,24203,189,512,13895,3391,6888,1797,4954,3955,10937,9905,11160,12670,4814,10715,6894,14616,15212,14807,15796,12719,16062,15248,17606,16455,15218,19176,19929,15230,16467,4272,8349,4058,107,7482,15106,11869,17863,12488,22823,23760,25242,23768,27746
0	585	25578	31630,917,3162,4840,1242,1384,1819,2240,3264,3005,8497,8848,6556,6743,8631,6434,24203,189,512,13895,3391,6888,1797,4954,3955,10937,9905,11160,12670,4814,10715,6894,14616,15212,14807,15796,12719,16062,15248,17606,16455,15218,19176,19929,15230,16467,4272,8349,4058,107,7482,15106,11869,17863,12488,22823,23760,25242,23768,27746,18822
0	585	25866	31630,917,3162,4840,1242,1384,1819,2240,3264,3005,8497,8848,6556,6743,8631,6434,24203,189,512,13895,3391,6888,1797,4954,3955,10937,9905,11160,12670,4814,10715,6894,14616,15212,14807,15796,12719,16062,15248,17606,16455,15218,19176,19929,15230,16467,4272,8349,4058,107,7482,15106,11869,17863,12488,22823,23760,25242,23768,27746,18822
1	585	27104	31630,917,3162,4840,1242,1384,1819,2240,3264,3005,8497,8848,6556,6743,8631,6434,24203,189,512,13895,3391,6888,1797,4954,3955,10937,9905,11160,12670,4814,10715,6894,14616,15212,14807,15796,12719,16062,15248,17606,16455,15218,19176,19929,15230,16467,4272,8349,4058,107,7482,15106,11869,17863,12488,22823,23760,25242,23768,27746,18822
0	585	21767	31630,917,3162,4840,1242,1384,1819,2240,3264,3005,8497,8848,6556,6743,8631,6434,24203,189,512,13895,3391,6888,1797,4954,3955,10937,9905,11160,12670,4814,10715,6894,14616,15212,14807,15796,12719,16062,15248,17606,16455,15218,19176,19929,15230,16467,4272,8349,4058,107,7482,15106,11869,17863,12488,22823,23760,25242,23768,27746,18822,27104
0	585	27919	31630,917,3162,4840,1242,1384,1819,2240,3264,3005,8497,8848,6556,6743,8631,6434,24203,189,512,13895,3391,6888,1797,4954,3955,10937,9905,11160,12670,4814,10715,6894,14616,15212,14807,15796,12719,16062,15248,17606,16455,15218,19176,19929,15230,16467,4272,8349,4058,107,7482,15106,11869,17863,12488,22823,23760,25242,23768,27746,18822,27104
1	585	14792	31630,917,3162,4840,1242,1384,1819,2240,3264,3005,8497,8848,6556,6743,8631,6434,24203,189,512,13895,3391,6888,1797,4954,3955,10937,9905,11160,12670,4814,10715,6894,14616,15212,14807,15796,12719,16062,15248,17606,16455,15218,19176,19929,15230,16467,4272,8349,4058,107,7482,15106,11869,17863,12488,22823,23760,25242,23768,27746,18822,27104
0	585	27625	31630,917,3162,4840,1242,1384,1819,2240,3264,3005,8497,8848,6556,6743,8631,6434,24203,189,512,13895,3391,6888,1797,4954,3955,10937,9905,11160,12670,4814,10715,6894,14616,15212,14807,15796,12719,16062,15248,17606,16455,15218,19176,19929,15230,16467,4272,8349,4058,107,7482,15106,11869,17863,12488,22823,23760,25242,23768,27746,18822,27104,14792
0	585	12101	31630,917,3162,4840,1242,1384,1819,2240,3264,3005,8497,8848,6556,6743,8631,6434,24203,189,512,13895,3391,6888,1797,4954,3955,10937,9905,11160,12670,4814,10715,6894,14616,15212,14807,15796,12719,16062,15248,17606,16455,15218,19176,19929,15230,16467,4272,8349,4058,107,7482,15106,11869,17863,12488,22823,23760,25242,23768,27746,18822,27104,14792
1	585	28530	31630,917,3162,4840,1242,1384,1819,2240,3264,3005,8497,8848,6556,6743,8631,6434,24203,189,512,13895,3391,6888,1797,4954,3955,10937,9905,11160,12670,4814,10715,6894,14616,15212,14807,15796,12719,16062,15248,17606,16455,15218,19176,19929,15230,16467,4272,8349,4058,107,7482,15106,11869,17863,12488,22823,23760,25242,23768,27746,18822,27104,14792
1	585	27624	31630,917,3162,4840,1242,1384,1819,2240,3264,3005,8497,8848,6556,6743,8631,6434,24203,189,512,13895,3391,6888,1797,4954,3955,10937,9905,11160,12670,4814,10715,6894,14616,15212,14807,15796,12719,16062,15248,17606,16455,15218,19176,19929,15230,16467,4272,8349,4058,107,7482,15106,11869,17863,12488,22823,23760,25242,23768,27746,18822,27104,14792,28530
1	585	27879	31630,917,3162,4840,1242,1384,1819,2240,3264,3005,8497,8848,6556,6743,8631,6434,24203,189,512,13895,3391,6888,1797,4954,3955,10937,9905,11160,12670,4814,10715,6894,14616,15212,14807,15796,12719,16062,15248,17606,16455,15218,19176,19929,15230,16467,4272,8349,4058,107,7482,15106,11869,17863,12488,22823,23760,25242,23768,27746,18822,27104,14792,28530,27624
1	585	25988	31630,917,3162,4840,1242,1384,1819,2240,3264,3005,8497,8848,6556,6743,8631,6434,24203,189,512,13895,3391,6888,1797,4954,3955,10937,9905,11160,12670,4814,10715,6894,14616,15212,14807,15796,12719,16062,15248,17606,16455,15218,19176,19929,15230,16467,4272,8349,4058,107,7482,15106,11869,17863,12488,22823,23760,25242,23768,27746,18822,27104,14792,28530,27624,27879
0	585	24634	31630,917,3162,4840,1242,1384,1819,2240,3264,3005,8497,8848,6556,6743,8631,6434,24203,189,512,13895,3391,6888,1797,4954,3955,10937,9905,11160,12670,4814,10715,6894,14616,15212,14807,15796,12719,16062,15248,17606,16455,15218,19176,19929,15230,16467,4272,8349,4058,107,7482,15106,11869,17863,12488,22823,23760,25242,23768,27746,18822,27104,14792,28530,27624,27879,25988
0	585	26781	31630,917,3162,4840,1242,1384,1819,2240,3264,3005,8497,8848,6556,6743,8631,6434,24203,189,512,13895,3391,6888,1797,4954,3955,10937,9905,11160,12670,4814,10715,6894,14616,15212,14807,15796,12719,16062,15248,17606,16455,15218,19176,19929,15230,16467,4272,8349,4058,107,7482,15106,11869,17863,12488,22823,23760,25242,23768,27746,18822,27104,14792,28530,27624,27879,25988
0	585	29260	31630,917,3162,4840,1242,1384,1819,2240,3264,3005,8497,8848,6556,6743,8631,6434,24203,189,512,13895,3391,6888,1797,4954,3955,10937,9905,11160,12670,4814,10715,6894,14616,15212,14807,15796,12719,16062,15248,17606,16455,15218,19176,19929,15230,16467,4272,8349,4058,107,7482,15106,11869,17863,12488,22823,23760,25242,23768,27746,18822,27104,14792,28530,27624,27879,25988
0	585	29108	31630,917,3162,4840,1242,1384,1819,2240,3264,3005,8497,8848,6556,6743,8631,6434,24203,189,512,13895,3391,6888,1797,4954,3955,10937,9905,11160,12670,4814,10715,6894,14616,15212,14807,15796,12719,16062,15248,17606,16455,15218,19176,19929,15230,16467,4272,8349,4058,107,7482,15106,11869,17863,12488,22823,23760,25242,23768,27746,18822,27104,14792,28530,27624,27879,25988
