0	356	31334	0
0	356	13087	0
0	356	56	0
0	356	12641	0
0	356	23774	0
1	356	20416	0
0	356	6996	20416
0	356	18578	20416
0	356	19926	20416
0	356	31796	20416
0	356	32099	20416
0	356	32102	20416
0	356	31725	20416
0	356	32286	20416
0	356	2429	20416
0	356	32232	20416
0	356	3984	20416
0	356	4258	20416
0	356	4328	20416
0	356	4939	20416
0	356	1063	20416
0	356	5049	20416
0	356	9152	20416
0	356	1643	20416
0	356	29550	20416
0	356	19003	20416
1	356	5210	20416
1	356	5749	20416,5210
0	356	7225	20416,5210,5749
1	356	10839	20416,5210,5749
1	356	8895	20416,5210,5749,10839
0	356	429	20416,5210,5749,10839,8895
0	356	10999	20416,5210,5749,10839,8895
0	356	11000	20416,5210,5749,10839,8895
0	356	10678	20416,5210,5749,10839,8895
0	356	8537	20416,5210,5749,10839,8895
0	356	10911	20416,5210,5749,10839,8895
0	356	7124	20416,5210,5749,10839,8895
0	356	2807	20416,5210,5749,10839,8895
0	356	12156	20416,5210,5749,10839,8895
0	356	10238	20416,5210,5749,10839,8895
0	356	13119	20416,5210,5749,10839,8895
0	356	14745	20416,5210,5749,10839,8895
0	356	15122	20416,5210,5749,10839,8895
0	356	13399	20416,5210,5749,10839,8895
0	356	13794	20416,5210,5749,10839,8895
0	356	11637	20416,5210,5749,10839,8895
0	356	5875	20416,5210,5749,10839,8895
0	356	12925	20416,5210,5749,10839,8895
0	356	15996	20416,5210,5749,10839,8895
0	356	13862	20416,5210,5749,10839,8895
1	356	19548	20416,5210,5749,10839,8895
0	356	22806	20416,5210,5749,10839,8895,19548
