1	1092	7712	0
0	1092	18320	7712
0	1092	13292	7712
1	1092	8560	7712
0	1092	9414	7712,8560
1	1092	9647	7712,8560
1	1092	18679	7712,8560,9647
0	1092	13038	7712,8560,9647,18679
1	1092	18396	7712,8560,9647,18679
0	1092	13578	7712,8560,9647,18679,18396
1	1092	24107	7712,8560,9647,18679,18396
0	1092	21358	7712,8560,9647,18679,18396,24107
1	1092	24691	7712,8560,9647,18679,18396,24107
1	1092	21916	7712,8560,9647,18679,18396,24107,24691
0	1092	22848	7712,8560,9647,18679,18396,24107,24691,21916
0	1092	22986	7712,8560,9647,18679,18396,24107,24691,21916
1	1092	10601	7712,8560,9647,18679,18396,24107,24691,21916
1	1092	12227	7712,8560,9647,18679,18396,24107,24691,21916,10601
1	1092	18429	7712,8560,9647,18679,18396,24107,24691,21916,10601,12227
1	1092	20434	7712,8560,9647,18679,18396,24107,24691,21916,10601,12227,18429
1	1092	20907	7712,8560,9647,18679,18396,24107,24691,21916,10601,12227,18429,20434
1	1092	20982	7712,8560,9647,18679,18396,24107,24691,21916,10601,12227,18429,20434,20907
0	1092	23030	7712,8560,9647,18679,18396,24107,24691,21916,10601,12227,18429,20434,20907,20982
