1	1684	14478	0
0	1684	9968	14478
0	1684	18806	14478
0	1684	33105	14478
0	1684	1798	14478
0	1684	16217	14478
0	1684	2012	14478
0	1684	17614	14478
1	1684	19309	14478
0	1684	32886	14478,19309
1	1684	14749	14478,19309
0	1684	18429	14478,19309,14749
0	1684	20283	14478,19309,14749
0	1684	2422	14478,19309,14749
0	1684	20663	14478,19309,14749
1	1684	8388	14478,19309,14749
0	1684	13976	14478,19309,14749,8388
1	1684	3753	14478,19309,14749,8388
0	1684	9853	14478,19309,14749,8388,3753
1	1684	10639	14478,19309,14749,8388,3753
1	1684	11866	14478,19309,14749,8388,3753,10639
0	1684	13223	14478,19309,14749,8388,3753,10639,11866
0	1684	15386	14478,19309,14749,8388,3753,10639,11866
0	1684	16182	14478,19309,14749,8388,3753,10639,11866
0	1684	18720	14478,19309,14749,8388,3753,10639,11866
0	1684	12234	14478,19309,14749,8388,3753,10639,11866
0	1684	21662	14478,19309,14749,8388,3753,10639,11866
0	1684	20747	14478,19309,14749,8388,3753,10639,11866
1	1684	29539	14478,19309,14749,8388,3753,10639,11866
0	1684	4714	14478,19309,14749,8388,3753,10639,11866,29539
1	1684	8995	14478,19309,14749,8388,3753,10639,11866,29539
0	1684	21071	14478,19309,14749,8388,3753,10639,11866,29539,8995
1	1684	21384	14478,19309,14749,8388,3753,10639,11866,29539,8995
0	1684	1505	14478,19309,14749,8388,3753,10639,11866,29539,8995,21384
0	1684	33014	14478,19309,14749,8388,3753,10639,11866,29539,8995,21384
0	1684	3140	14478,19309,14749,8388,3753,10639,11866,29539,8995,21384
1	1684	8241	14478,19309,14749,8388,3753,10639,11866,29539,8995,21384
1	1684	9474	14478,19309,14749,8388,3753,10639,11866,29539,8995,21384,8241
0	1684	11843	14478,19309,14749,8388,3753,10639,11866,29539,8995,21384,8241,9474
1	1684	22838	14478,19309,14749,8388,3753,10639,11866,29539,8995,21384,8241,9474
0	1684	20266	14478,19309,14749,8388,3753,10639,11866,29539,8995,21384,8241,9474,22838
0	1684	25804	14478,19309,14749,8388,3753,10639,11866,29539,8995,21384,8241,9474,22838
1	1684	4294	14478,19309,14749,8388,3753,10639,11866,29539,8995,21384,8241,9474,22838
1	1684	20112	14478,19309,14749,8388,3753,10639,11866,29539,8995,21384,8241,9474,22838,4294
0	1684	21339	14478,19309,14749,8388,3753,10639,11866,29539,8995,21384,8241,9474,22838,4294,20112
0	1684	23143	14478,19309,14749,8388,3753,10639,11866,29539,8995,21384,8241,9474,22838,4294,20112
0	1684	25364	14478,19309,14749,8388,3753,10639,11866,29539,8995,21384,8241,9474,22838,4294,20112
0	1684	19818	14478,19309,14749,8388,3753,10639,11866,29539,8995,21384,8241,9474,22838,4294,20112
1	1684	20045	14478,19309,14749,8388,3753,10639,11866,29539,8995,21384,8241,9474,22838,4294,20112
0	1684	23847	14478,19309,14749,8388,3753,10639,11866,29539,8995,21384,8241,9474,22838,4294,20112,20045
0	1684	24861	14478,19309,14749,8388,3753,10639,11866,29539,8995,21384,8241,9474,22838,4294,20112,20045
0	1684	29124	14478,19309,14749,8388,3753,10639,11866,29539,8995,21384,8241,9474,22838,4294,20112,20045
