0	227	15426	0
1	227	32196	0
0	227	2408	32196
0	227	4364	32196
0	227	17474	32196
1	227	15900	32196
1	227	14927	32196,15900
1	227	17025	32196,15900,14927
1	227	17419	32196,15900,14927,17025
0	227	17662	32196,15900,14927,17025,17419
1	227	10587	32196,15900,14927,17025,17419
0	227	13807	32196,15900,14927,17025,17419,10587
1	227	16287	32196,15900,14927,17025,17419,10587
1	227	17619	32196,15900,14927,17025,17419,10587,16287
1	227	18645	32196,15900,14927,17025,17419,10587,16287,17619
1	227	19527	32196,15900,14927,17025,17419,10587,16287,17619,18645
1	227	1660	32196,15900,14927,17025,17419,10587,16287,17619,18645,19527
1	227	416	32196,15900,14927,17025,17419,10587,16287,17619,18645,19527,1660
1	227	4386	32196,15900,14927,17025,17419,10587,16287,17619,18645,19527,1660,416
0	227	16387	32196,15900,14927,17025,17419,10587,16287,17619,18645,19527,1660,416,4386
0	227	24095	32196,15900,14927,17025,17419,10587,16287,17619,18645,19527,1660,416,4386
1	227	27382	32196,15900,14927,17025,17419,10587,16287,17619,18645,19527,1660,416,4386
