0	1663	32351	0
1	1663	75	0
1	1663	27983	75
1	1663	9462	75,27983
1	1663	9912	75,27983,9462
0	1663	14122	75,27983,9462,9912
0	1663	15019	75,27983,9462,9912
1	1663	11959	75,27983,9462,9912
1	1663	15853	75,27983,9462,9912,11959
0	1663	18519	75,27983,9462,9912,11959,15853
0	1663	13670	75,27983,9462,9912,11959,15853
1	1663	21172	75,27983,9462,9912,11959,15853
0	1663	23156	75,27983,9462,9912,11959,15853,21172
0	1663	23313	75,27983,9462,9912,11959,15853,21172
0	1663	24361	75,27983,9462,9912,11959,15853,21172
1	1663	24191	75,27983,9462,9912,11959,15853,21172
1	1663	25338	75,27983,9462,9912,11959,15853,21172,24191
0	1663	22588	75,27983,9462,9912,11959,15853,21172,24191,25338
0	1663	24787	75,27983,9462,9912,11959,15853,21172,24191,25338
1	1663	15218	75,27983,9462,9912,11959,15853,21172,24191,25338
1	1663	20625	75,27983,9462,9912,11959,15853,21172,24191,25338,15218
0	1663	24730	75,27983,9462,9912,11959,15853,21172,24191,25338,15218,20625
1	1663	23453	75,27983,9462,9912,11959,15853,21172,24191,25338,15218,20625
0	1663	26196	75,27983,9462,9912,11959,15853,21172,24191,25338,15218,20625,23453
0	1663	23322	75,27983,9462,9912,11959,15853,21172,24191,25338,15218,20625,23453
0	1663	25248	75,27983,9462,9912,11959,15853,21172,24191,25338,15218,20625,23453
1	1663	25250	75,27983,9462,9912,11959,15853,21172,24191,25338,15218,20625,23453
0	1663	25406	75,27983,9462,9912,11959,15853,21172,24191,25338,15218,20625,23453,25250
1	1663	1865	75,27983,9462,9912,11959,15853,21172,24191,25338,15218,20625,23453,25250
0	1663	24846	75,27983,9462,9912,11959,15853,21172,24191,25338,15218,20625,23453,25250,1865
0	1663	27151	75,27983,9462,9912,11959,15853,21172,24191,25338,15218,20625,23453,25250,1865
0	1663	23477	75,27983,9462,9912,11959,15853,21172,24191,25338,15218,20625,23453,25250,1865
1	1663	25817	75,27983,9462,9912,11959,15853,21172,24191,25338,15218,20625,23453,25250,1865
1	1663	26774	75,27983,9462,9912,11959,15853,21172,24191,25338,15218,20625,23453,25250,1865,25817
1	1663	10877	75,27983,9462,9912,11959,15853,21172,24191,25338,15218,20625,23453,25250,1865,25817,26774
0	1663	27484	75,27983,9462,9912,11959,15853,21172,24191,25338,15218,20625,23453,25250,1865,25817,26774,10877
1	1663	27586	75,27983,9462,9912,11959,15853,21172,24191,25338,15218,20625,23453,25250,1865,25817,26774,10877
1	1663	27619	75,27983,9462,9912,11959,15853,21172,24191,25338,15218,20625,23453,25250,1865,25817,26774,10877,27586
1	1663	27394	75,27983,9462,9912,11959,15853,21172,24191,25338,15218,20625,23453,25250,1865,25817,26774,10877,27586,27619
0	1663	24048	75,27983,9462,9912,11959,15853,21172,24191,25338,15218,20625,23453,25250,1865,25817,26774,10877,27586,27619,27394
1	1663	25892	75,27983,9462,9912,11959,15853,21172,24191,25338,15218,20625,23453,25250,1865,25817,26774,10877,27586,27619,27394
0	1663	28145	75,27983,9462,9912,11959,15853,21172,24191,25338,15218,20625,23453,25250,1865,25817,26774,10877,27586,27619,27394,25892
1	1663	26781	75,27983,9462,9912,11959,15853,21172,24191,25338,15218,20625,23453,25250,1865,25817,26774,10877,27586,27619,27394,25892
0	1663	28161	75,27983,9462,9912,11959,15853,21172,24191,25338,15218,20625,23453,25250,1865,25817,26774,10877,27586,27619,27394,25892,26781
1	1663	837	75,27983,9462,9912,11959,15853,21172,24191,25338,15218,20625,23453,25250,1865,25817,26774,10877,27586,27619,27394,25892,26781
0	1663	28280	75,27983,9462,9912,11959,15853,21172,24191,25338,15218,20625,23453,25250,1865,25817,26774,10877,27586,27619,27394,25892,26781,837
0	1663	28877	75,27983,9462,9912,11959,15853,21172,24191,25338,15218,20625,23453,25250,1865,25817,26774,10877,27586,27619,27394,25892,26781,837
0	1663	26516	75,27983,9462,9912,11959,15853,21172,24191,25338,15218,20625,23453,25250,1865,25817,26774,10877,27586,27619,27394,25892,26781,837
