0	1589	31368	0
0	1589	13796	0
1	1589	13018	0
0	1589	6341	13018
0	1589	4642	13018
1	1589	19361	13018
0	1589	17220	13018,19361
1	1589	23202	13018,19361
0	1589	28784	13018,19361,23202
0	1589	596	13018,19361,23202
0	1589	15577	13018,19361,23202
0	1589	31105	13018,19361,23202
0	1589	31561	13018,19361,23202
1	1589	32385	13018,19361,23202
0	1589	32449	13018,19361,23202,32385
0	1589	507	13018,19361,23202,32385
0	1589	105	13018,19361,23202,32385
1	1589	25200	13018,19361,23202,32385
1	1589	1374	13018,19361,23202,32385,25200
0	1589	30103	13018,19361,23202,32385,25200,1374
0	1589	32189	13018,19361,23202,32385,25200,1374
0	1589	31849	13018,19361,23202,32385,25200,1374
0	1589	1425	13018,19361,23202,32385,25200,1374
0	1589	2199	13018,19361,23202,32385,25200,1374
1	1589	32903	13018,19361,23202,32385,25200,1374
0	1589	24793	13018,19361,23202,32385,25200,1374,32903
1	1589	28248	13018,19361,23202,32385,25200,1374,32903
0	1589	1877	13018,19361,23202,32385,25200,1374,32903,28248
0	1589	28867	13018,19361,23202,32385,25200,1374,32903,28248
1	1589	31340	13018,19361,23202,32385,25200,1374,32903,28248
0	1589	32173	13018,19361,23202,32385,25200,1374,32903,28248,31340
1	1589	1384	13018,19361,23202,32385,25200,1374,32903,28248,31340
0	1589	6556	13018,19361,23202,32385,25200,1374,32903,28248,31340,1384
0	1589	17	13018,19361,23202,32385,25200,1374,32903,28248,31340,1384
1	1589	5210	13018,19361,23202,32385,25200,1374,32903,28248,31340,1384
0	1589	31962	13018,19361,23202,32385,25200,1374,32903,28248,31340,1384,5210
1	1589	2513	13018,19361,23202,32385,25200,1374,32903,28248,31340,1384,5210
0	1589	5230	13018,19361,23202,32385,25200,1374,32903,28248,31340,1384,5210,2513
1	1589	7018	13018,19361,23202,32385,25200,1374,32903,28248,31340,1384,5210,2513
1	1589	8488	13018,19361,23202,32385,25200,1374,32903,28248,31340,1384,5210,2513,7018
0	1589	7365	13018,19361,23202,32385,25200,1374,32903,28248,31340,1384,5210,2513,7018,8488
1	1589	8170	13018,19361,23202,32385,25200,1374,32903,28248,31340,1384,5210,2513,7018,8488
0	1589	6278	13018,19361,23202,32385,25200,1374,32903,28248,31340,1384,5210,2513,7018,8488,8170
0	1589	7001	13018,19361,23202,32385,25200,1374,32903,28248,31340,1384,5210,2513,7018,8488,8170
1	1589	18858	13018,19361,23202,32385,25200,1374,32903,28248,31340,1384,5210,2513,7018,8488,8170
0	1589	6743	13018,19361,23202,32385,25200,1374,32903,28248,31340,1384,5210,2513,7018,8488,8170,18858
1	1589	32930	13018,19361,23202,32385,25200,1374,32903,28248,31340,1384,5210,2513,7018,8488,8170,18858
1	1589	2323	13018,19361,23202,32385,25200,1374,32903,28248,31340,1384,5210,2513,7018,8488,8170,18858,32930
0	1589	11739	13018,19361,23202,32385,25200,1374,32903,28248,31340,1384,5210,2513,7018,8488,8170,18858,32930,2323
0	1589	31512	13018,19361,23202,32385,25200,1374,32903,28248,31340,1384,5210,2513,7018,8488,8170,18858,32930,2323
1	1589	14298	13018,19361,23202,32385,25200,1374,32903,28248,31340,1384,5210,2513,7018,8488,8170,18858,32930,2323
0	1589	7834	13018,19361,23202,32385,25200,1374,32903,28248,31340,1384,5210,2513,7018,8488,8170,18858,32930,2323,14298
0	1589	14562	13018,19361,23202,32385,25200,1374,32903,28248,31340,1384,5210,2513,7018,8488,8170,18858,32930,2323,14298
0	1589	13236	13018,19361,23202,32385,25200,1374,32903,28248,31340,1384,5210,2513,7018,8488,8170,18858,32930,2323,14298
0	1589	9915	13018,19361,23202,32385,25200,1374,32903,28248,31340,1384,5210,2513,7018,8488,8170,18858,32930,2323,14298
1	1589	8961	13018,19361,23202,32385,25200,1374,32903,28248,31340,1384,5210,2513,7018,8488,8170,18858,32930,2323,14298
1	1589	12408	13018,19361,23202,32385,25200,1374,32903,28248,31340,1384,5210,2513,7018,8488,8170,18858,32930,2323,14298,8961
1	1589	4637	13018,19361,23202,32385,25200,1374,32903,28248,31340,1384,5210,2513,7018,8488,8170,18858,32930,2323,14298,8961,12408
0	1589	780	13018,19361,23202,32385,25200,1374,32903,28248,31340,1384,5210,2513,7018,8488,8170,18858,32930,2323,14298,8961,12408,4637
1	1589	10934	13018,19361,23202,32385,25200,1374,32903,28248,31340,1384,5210,2513,7018,8488,8170,18858,32930,2323,14298,8961,12408,4637
1	1589	14258	13018,19361,23202,32385,25200,1374,32903,28248,31340,1384,5210,2513,7018,8488,8170,18858,32930,2323,14298,8961,12408,4637,10934
0	1589	18441	13018,19361,23202,32385,25200,1374,32903,28248,31340,1384,5210,2513,7018,8488,8170,18858,32930,2323,14298,8961,12408,4637,10934,14258
1	1589	17390	13018,19361,23202,32385,25200,1374,32903,28248,31340,1384,5210,2513,7018,8488,8170,18858,32930,2323,14298,8961,12408,4637,10934,14258
0	1589	17607	13018,19361,23202,32385,25200,1374,32903,28248,31340,1384,5210,2513,7018,8488,8170,18858,32930,2323,14298,8961,12408,4637,10934,14258,17390
1	1589	3648	13018,19361,23202,32385,25200,1374,32903,28248,31340,1384,5210,2513,7018,8488,8170,18858,32930,2323,14298,8961,12408,4637,10934,14258,17390
1	1589	9772	13018,19361,23202,32385,25200,1374,32903,28248,31340,1384,5210,2513,7018,8488,8170,18858,32930,2323,14298,8961,12408,4637,10934,14258,17390,3648
0	1589	14257	13018,19361,23202,32385,25200,1374,32903,28248,31340,1384,5210,2513,7018,8488,8170,18858,32930,2323,14298,8961,12408,4637,10934,14258,17390,3648,9772
0	1589	3159	13018,19361,23202,32385,25200,1374,32903,28248,31340,1384,5210,2513,7018,8488,8170,18858,32930,2323,14298,8961,12408,4637,10934,14258,17390,3648,9772
0	1589	16342	13018,19361,23202,32385,25200,1374,32903,28248,31340,1384,5210,2513,7018,8488,8170,18858,32930,2323,14298,8961,12408,4637,10934,14258,17390,3648,9772
0	1589	17468	13018,19361,23202,32385,25200,1374,32903,28248,31340,1384,5210,2513,7018,8488,8170,18858,32930,2323,14298,8961,12408,4637,10934,14258,17390,3648,9772
1	1589	3794	13018,19361,23202,32385,25200,1374,32903,28248,31340,1384,5210,2513,7018,8488,8170,18858,32930,2323,14298,8961,12408,4637,10934,14258,17390,3648,9772
1	1589	13908	13018,19361,23202,32385,25200,1374,32903,28248,31340,1384,5210,2513,7018,8488,8170,18858,32930,2323,14298,8961,12408,4637,10934,14258,17390,3648,9772,3794
0	1589	18779	13018,19361,23202,32385,25200,1374,32903,28248,31340,1384,5210,2513,7018,8488,8170,18858,32930,2323,14298,8961,12408,4637,10934,14258,17390,3648,9772,3794,13908
1	1589	18470	13018,19361,23202,32385,25200,1374,32903,28248,31340,1384,5210,2513,7018,8488,8170,18858,32930,2323,14298,8961,12408,4637,10934,14258,17390,3648,9772,3794,13908
0	1589	13820	13018,19361,23202,32385,25200,1374,32903,28248,31340,1384,5210,2513,7018,8488,8170,18858,32930,2323,14298,8961,12408,4637,10934,14258,17390,3648,9772,3794,13908,18470
1	1589	13446	13018,19361,23202,32385,25200,1374,32903,28248,31340,1384,5210,2513,7018,8488,8170,18858,32930,2323,14298,8961,12408,4637,10934,14258,17390,3648,9772,3794,13908,18470
1	1589	31633	13018,19361,23202,32385,25200,1374,32903,28248,31340,1384,5210,2513,7018,8488,8170,18858,32930,2323,14298,8961,12408,4637,10934,14258,17390,3648,9772,3794,13908,18470,13446
0	1589	17718	13018,19361,23202,32385,25200,1374,32903,28248,31340,1384,5210,2513,7018,8488,8170,18858,32930,2323,14298,8961,12408,4637,10934,14258,17390,3648,9772,3794,13908,18470,13446,31633
1	1589	12661	13018,19361,23202,32385,25200,1374,32903,28248,31340,1384,5210,2513,7018,8488,8170,18858,32930,2323,14298,8961,12408,4637,10934,14258,17390,3648,9772,3794,13908,18470,13446,31633
0	1589	13948	13018,19361,23202,32385,25200,1374,32903,28248,31340,1384,5210,2513,7018,8488,8170,18858,32930,2323,14298,8961,12408,4637,10934,14258,17390,3648,9772,3794,13908,18470,13446,31633,12661
0	1589	13105	13018,19361,23202,32385,25200,1374,32903,28248,31340,1384,5210,2513,7018,8488,8170,18858,32930,2323,14298,8961,12408,4637,10934,14258,17390,3648,9772,3794,13908,18470,13446,31633,12661
0	1589	10195	13018,19361,23202,32385,25200,1374,32903,28248,31340,1384,5210,2513,7018,8488,8170,18858,32930,2323,14298,8961,12408,4637,10934,14258,17390,3648,9772,3794,13908,18470,13446,31633,12661
0	1589	12911	13018,19361,23202,32385,25200,1374,32903,28248,31340,1384,5210,2513,7018,8488,8170,18858,32930,2323,14298,8961,12408,4637,10934,14258,17390,3648,9772,3794,13908,18470,13446,31633,12661
1	1589	19042	13018,19361,23202,32385,25200,1374,32903,28248,31340,1384,5210,2513,7018,8488,8170,18858,32930,2323,14298,8961,12408,4637,10934,14258,17390,3648,9772,3794,13908,18470,13446,31633,12661
0	1589	6665	13018,19361,23202,32385,25200,1374,32903,28248,31340,1384,5210,2513,7018,8488,8170,18858,32930,2323,14298,8961,12408,4637,10934,14258,17390,3648,9772,3794,13908,18470,13446,31633,12661,19042
0	1589	16547	13018,19361,23202,32385,25200,1374,32903,28248,31340,1384,5210,2513,7018,8488,8170,18858,32930,2323,14298,8961,12408,4637,10934,14258,17390,3648,9772,3794,13908,18470,13446,31633,12661,19042
0	1589	14869	13018,19361,23202,32385,25200,1374,32903,28248,31340,1384,5210,2513,7018,8488,8170,18858,32930,2323,14298,8961,12408,4637,10934,14258,17390,3648,9772,3794,13908,18470,13446,31633,12661,19042
0	1589	9039	13018,19361,23202,32385,25200,1374,32903,28248,31340,1384,5210,2513,7018,8488,8170,18858,32930,2323,14298,8961,12408,4637,10934,14258,17390,3648,9772,3794,13908,18470,13446,31633,12661,19042
0	1589	25964	13018,19361,23202,32385,25200,1374,32903,28248,31340,1384,5210,2513,7018,8488,8170,18858,32930,2323,14298,8961,12408,4637,10934,14258,17390,3648,9772,3794,13908,18470,13446,31633,12661,19042
0	1589	32089	13018,19361,23202,32385,25200,1374,32903,28248,31340,1384,5210,2513,7018,8488,8170,18858,32930,2323,14298,8961,12408,4637,10934,14258,17390,3648,9772,3794,13908,18470,13446,31633,12661,19042
1	1589	473	13018,19361,23202,32385,25200,1374,32903,28248,31340,1384,5210,2513,7018,8488,8170,18858,32930,2323,14298,8961,12408,4637,10934,14258,17390,3648,9772,3794,13908,18470,13446,31633,12661,19042
1	1589	5450	13018,19361,23202,32385,25200,1374,32903,28248,31340,1384,5210,2513,7018,8488,8170,18858,32930,2323,14298,8961,12408,4637,10934,14258,17390,3648,9772,3794,13908,18470,13446,31633,12661,19042,473
0	1589	19237	13018,19361,23202,32385,25200,1374,32903,28248,31340,1384,5210,2513,7018,8488,8170,18858,32930,2323,14298,8961,12408,4637,10934,14258,17390,3648,9772,3794,13908,18470,13446,31633,12661,19042,473,5450
0	1589	13151	13018,19361,23202,32385,25200,1374,32903,28248,31340,1384,5210,2513,7018,8488,8170,18858,32930,2323,14298,8961,12408,4637,10934,14258,17390,3648,9772,3794,13908,18470,13446,31633,12661,19042,473,5450
0	1589	6037	13018,19361,23202,32385,25200,1374,32903,28248,31340,1384,5210,2513,7018,8488,8170,18858,32930,2323,14298,8961,12408,4637,10934,14258,17390,3648,9772,3794,13908,18470,13446,31633,12661,19042,473,5450
0	1589	25346	13018,19361,23202,32385,25200,1374,32903,28248,31340,1384,5210,2513,7018,8488,8170,18858,32930,2323,14298,8961,12408,4637,10934,14258,17390,3648,9772,3794,13908,18470,13446,31633,12661,19042,473,5450
1	1589	26517	13018,19361,23202,32385,25200,1374,32903,28248,31340,1384,5210,2513,7018,8488,8170,18858,32930,2323,14298,8961,12408,4637,10934,14258,17390,3648,9772,3794,13908,18470,13446,31633,12661,19042,473,5450
1	1589	25900	13018,19361,23202,32385,25200,1374,32903,28248,31340,1384,5210,2513,7018,8488,8170,18858,32930,2323,14298,8961,12408,4637,10934,14258,17390,3648,9772,3794,13908,18470,13446,31633,12661,19042,473,5450,26517
0	1589	16046	13018,19361,23202,32385,25200,1374,32903,28248,31340,1384,5210,2513,7018,8488,8170,18858,32930,2323,14298,8961,12408,4637,10934,14258,17390,3648,9772,3794,13908,18470,13446,31633,12661,19042,473,5450,26517,25900
1	1589	10120	13018,19361,23202,32385,25200,1374,32903,28248,31340,1384,5210,2513,7018,8488,8170,18858,32930,2323,14298,8961,12408,4637,10934,14258,17390,3648,9772,3794,13908,18470,13446,31633,12661,19042,473,5450,26517,25900
0	1589	32253	13018,19361,23202,32385,25200,1374,32903,28248,31340,1384,5210,2513,7018,8488,8170,18858,32930,2323,14298,8961,12408,4637,10934,14258,17390,3648,9772,3794,13908,18470,13446,31633,12661,19042,473,5450,26517,25900,10120
0	1589	27660	13018,19361,23202,32385,25200,1374,32903,28248,31340,1384,5210,2513,7018,8488,8170,18858,32930,2323,14298,8961,12408,4637,10934,14258,17390,3648,9772,3794,13908,18470,13446,31633,12661,19042,473,5450,26517,25900,10120
0	1589	7864	13018,19361,23202,32385,25200,1374,32903,28248,31340,1384,5210,2513,7018,8488,8170,18858,32930,2323,14298,8961,12408,4637,10934,14258,17390,3648,9772,3794,13908,18470,13446,31633,12661,19042,473,5450,26517,25900,10120
1	1589	28396	13018,19361,23202,32385,25200,1374,32903,28248,31340,1384,5210,2513,7018,8488,8170,18858,32930,2323,14298,8961,12408,4637,10934,14258,17390,3648,9772,3794,13908,18470,13446,31633,12661,19042,473,5450,26517,25900,10120
0	1589	15574	13018,19361,23202,32385,25200,1374,32903,28248,31340,1384,5210,2513,7018,8488,8170,18858,32930,2323,14298,8961,12408,4637,10934,14258,17390,3648,9772,3794,13908,18470,13446,31633,12661,19042,473,5450,26517,25900,10120,28396
1	1589	14279	13018,19361,23202,32385,25200,1374,32903,28248,31340,1384,5210,2513,7018,8488,8170,18858,32930,2323,14298,8961,12408,4637,10934,14258,17390,3648,9772,3794,13908,18470,13446,31633,12661,19042,473,5450,26517,25900,10120,28396
