0	487	17096	0
1	487	31913	0
1	487	4167	31913
1	487	18397	31913,4167
1	487	798	31913,4167,18397
0	487	31018	31913,4167,18397,798
1	487	1075	31913,4167,18397,798
1	487	30824	31913,4167,18397,798,1075
1	487	1845	31913,4167,18397,798,1075,30824
1	487	247	31913,4167,18397,798,1075,30824,1845
1	487	3077	31913,4167,18397,798,1075,30824,1845,247
1	487	4184	31913,4167,18397,798,1075,30824,1845,247,3077
1	487	5171	31913,4167,18397,798,1075,30824,1845,247,3077,4184
1	487	5727	31913,4167,18397,798,1075,30824,1845,247,3077,4184,5171
1	487	740	31913,4167,18397,798,1075,30824,1845,247,3077,4184,5171,5727
1	487	5649	31913,4167,18397,798,1075,30824,1845,247,3077,4184,5171,5727,740
0	487	10649	31913,4167,18397,798,1075,30824,1845,247,3077,4184,5171,5727,740,5649
1	487	31984	31913,4167,18397,798,1075,30824,1845,247,3077,4184,5171,5727,740,5649
0	487	6713	31913,4167,18397,798,1075,30824,1845,247,3077,4184,5171,5727,740,5649,31984
1	487	9235	31913,4167,18397,798,1075,30824,1845,247,3077,4184,5171,5727,740,5649,31984
1	487	10731	31913,4167,18397,798,1075,30824,1845,247,3077,4184,5171,5727,740,5649,31984,9235
1	487	32808	31913,4167,18397,798,1075,30824,1845,247,3077,4184,5171,5727,740,5649,31984,9235,10731
1	487	12360	31913,4167,18397,798,1075,30824,1845,247,3077,4184,5171,5727,740,5649,31984,9235,10731,32808
1	487	4740	31913,4167,18397,798,1075,30824,1845,247,3077,4184,5171,5727,740,5649,31984,9235,10731,32808,12360
0	487	4260	31913,4167,18397,798,1075,30824,1845,247,3077,4184,5171,5727,740,5649,31984,9235,10731,32808,12360,4740
1	487	6040	31913,4167,18397,798,1075,30824,1845,247,3077,4184,5171,5727,740,5649,31984,9235,10731,32808,12360,4740
1	487	15022	31913,4167,18397,798,1075,30824,1845,247,3077,4184,5171,5727,740,5649,31984,9235,10731,32808,12360,4740,6040
1	487	12719	31913,4167,18397,798,1075,30824,1845,247,3077,4184,5171,5727,740,5649,31984,9235,10731,32808,12360,4740,6040,15022
1	487	13482	31913,4167,18397,798,1075,30824,1845,247,3077,4184,5171,5727,740,5649,31984,9235,10731,32808,12360,4740,6040,15022,12719
1	487	1660	31913,4167,18397,798,1075,30824,1845,247,3077,4184,5171,5727,740,5649,31984,9235,10731,32808,12360,4740,6040,15022,12719,13482
1	487	15871	31913,4167,18397,798,1075,30824,1845,247,3077,4184,5171,5727,740,5649,31984,9235,10731,32808,12360,4740,6040,15022,12719,13482,1660
1	487	31126	31913,4167,18397,798,1075,30824,1845,247,3077,4184,5171,5727,740,5649,31984,9235,10731,32808,12360,4740,6040,15022,12719,13482,1660,15871
1	487	16885	31913,4167,18397,798,1075,30824,1845,247,3077,4184,5171,5727,740,5649,31984,9235,10731,32808,12360,4740,6040,15022,12719,13482,1660,15871,31126
1	487	15574	31913,4167,18397,798,1075,30824,1845,247,3077,4184,5171,5727,740,5649,31984,9235,10731,32808,12360,4740,6040,15022,12719,13482,1660,15871,31126,16885
1	487	7305	31913,4167,18397,798,1075,30824,1845,247,3077,4184,5171,5727,740,5649,31984,9235,10731,32808,12360,4740,6040,15022,12719,13482,1660,15871,31126,16885,15574
1	487	13122	31913,4167,18397,798,1075,30824,1845,247,3077,4184,5171,5727,740,5649,31984,9235,10731,32808,12360,4740,6040,15022,12719,13482,1660,15871,31126,16885,15574,7305
1	487	24320	31913,4167,18397,798,1075,30824,1845,247,3077,4184,5171,5727,740,5649,31984,9235,10731,32808,12360,4740,6040,15022,12719,13482,1660,15871,31126,16885,15574,7305,13122
0	487	24577	31913,4167,18397,798,1075,30824,1845,247,3077,4184,5171,5727,740,5649,31984,9235,10731,32808,12360,4740,6040,15022,12719,13482,1660,15871,31126,16885,15574,7305,13122,24320
1	487	24288	31913,4167,18397,798,1075,30824,1845,247,3077,4184,5171,5727,740,5649,31984,9235,10731,32808,12360,4740,6040,15022,12719,13482,1660,15871,31126,16885,15574,7305,13122,24320
1	487	24214	31913,4167,18397,798,1075,30824,1845,247,3077,4184,5171,5727,740,5649,31984,9235,10731,32808,12360,4740,6040,15022,12719,13482,1660,15871,31126,16885,15574,7305,13122,24320,24288
0	487	23890	31913,4167,18397,798,1075,30824,1845,247,3077,4184,5171,5727,740,5649,31984,9235,10731,32808,12360,4740,6040,15022,12719,13482,1660,15871,31126,16885,15574,7305,13122,24320,24288,24214
1	487	23200	31913,4167,18397,798,1075,30824,1845,247,3077,4184,5171,5727,740,5649,31984,9235,10731,32808,12360,4740,6040,15022,12719,13482,1660,15871,31126,16885,15574,7305,13122,24320,24288,24214
1	487	22622	31913,4167,18397,798,1075,30824,1845,247,3077,4184,5171,5727,740,5649,31984,9235,10731,32808,12360,4740,6040,15022,12719,13482,1660,15871,31126,16885,15574,7305,13122,24320,24288,24214,23200
1	487	14077	31913,4167,18397,798,1075,30824,1845,247,3077,4184,5171,5727,740,5649,31984,9235,10731,32808,12360,4740,6040,15022,12719,13482,1660,15871,31126,16885,15574,7305,13122,24320,24288,24214,23200,22622
1	487	6877	31913,4167,18397,798,1075,30824,1845,247,3077,4184,5171,5727,740,5649,31984,9235,10731,32808,12360,4740,6040,15022,12719,13482,1660,15871,31126,16885,15574,7305,13122,24320,24288,24214,23200,22622,14077
1	487	24576	31913,4167,18397,798,1075,30824,1845,247,3077,4184,5171,5727,740,5649,31984,9235,10731,32808,12360,4740,6040,15022,12719,13482,1660,15871,31126,16885,15574,7305,13122,24320,24288,24214,23200,22622,14077,6877
1	487	20032	31913,4167,18397,798,1075,30824,1845,247,3077,4184,5171,5727,740,5649,31984,9235,10731,32808,12360,4740,6040,15022,12719,13482,1660,15871,31126,16885,15574,7305,13122,24320,24288,24214,23200,22622,14077,6877,24576
1	487	16934	31913,4167,18397,798,1075,30824,1845,247,3077,4184,5171,5727,740,5649,31984,9235,10731,32808,12360,4740,6040,15022,12719,13482,1660,15871,31126,16885,15574,7305,13122,24320,24288,24214,23200,22622,14077,6877,24576,20032
1	487	22873	31913,4167,18397,798,1075,30824,1845,247,3077,4184,5171,5727,740,5649,31984,9235,10731,32808,12360,4740,6040,15022,12719,13482,1660,15871,31126,16885,15574,7305,13122,24320,24288,24214,23200,22622,14077,6877,24576,20032,16934
1	487	24294	31913,4167,18397,798,1075,30824,1845,247,3077,4184,5171,5727,740,5649,31984,9235,10731,32808,12360,4740,6040,15022,12719,13482,1660,15871,31126,16885,15574,7305,13122,24320,24288,24214,23200,22622,14077,6877,24576,20032,16934,22873
1	487	24396	31913,4167,18397,798,1075,30824,1845,247,3077,4184,5171,5727,740,5649,31984,9235,10731,32808,12360,4740,6040,15022,12719,13482,1660,15871,31126,16885,15574,7305,13122,24320,24288,24214,23200,22622,14077,6877,24576,20032,16934,22873,24294
1	487	21742	31913,4167,18397,798,1075,30824,1845,247,3077,4184,5171,5727,740,5649,31984,9235,10731,32808,12360,4740,6040,15022,12719,13482,1660,15871,31126,16885,15574,7305,13122,24320,24288,24214,23200,22622,14077,6877,24576,20032,16934,22873,24294,24396
1	487	27585	31913,4167,18397,798,1075,30824,1845,247,3077,4184,5171,5727,740,5649,31984,9235,10731,32808,12360,4740,6040,15022,12719,13482,1660,15871,31126,16885,15574,7305,13122,24320,24288,24214,23200,22622,14077,6877,24576,20032,16934,22873,24294,24396,21742
1	487	15583	31913,4167,18397,798,1075,30824,1845,247,3077,4184,5171,5727,740,5649,31984,9235,10731,32808,12360,4740,6040,15022,12719,13482,1660,15871,31126,16885,15574,7305,13122,24320,24288,24214,23200,22622,14077,6877,24576,20032,16934,22873,24294,24396,21742,27585
1	487	28449	31913,4167,18397,798,1075,30824,1845,247,3077,4184,5171,5727,740,5649,31984,9235,10731,32808,12360,4740,6040,15022,12719,13482,1660,15871,31126,16885,15574,7305,13122,24320,24288,24214,23200,22622,14077,6877,24576,20032,16934,22873,24294,24396,21742,27585,15583
1	487	28312	31913,4167,18397,798,1075,30824,1845,247,3077,4184,5171,5727,740,5649,31984,9235,10731,32808,12360,4740,6040,15022,12719,13482,1660,15871,31126,16885,15574,7305,13122,24320,24288,24214,23200,22622,14077,6877,24576,20032,16934,22873,24294,24396,21742,27585,15583,28449
1	487	28448	31913,4167,18397,798,1075,30824,1845,247,3077,4184,5171,5727,740,5649,31984,9235,10731,32808,12360,4740,6040,15022,12719,13482,1660,15871,31126,16885,15574,7305,13122,24320,24288,24214,23200,22622,14077,6877,24576,20032,16934,22873,24294,24396,21742,27585,15583,28449,28312
1	487	24784	31913,4167,18397,798,1075,30824,1845,247,3077,4184,5171,5727,740,5649,31984,9235,10731,32808,12360,4740,6040,15022,12719,13482,1660,15871,31126,16885,15574,7305,13122,24320,24288,24214,23200,22622,14077,6877,24576,20032,16934,22873,24294,24396,21742,27585,15583,28449,28312,28448
1	487	26829	31913,4167,18397,798,1075,30824,1845,247,3077,4184,5171,5727,740,5649,31984,9235,10731,32808,12360,4740,6040,15022,12719,13482,1660,15871,31126,16885,15574,7305,13122,24320,24288,24214,23200,22622,14077,6877,24576,20032,16934,22873,24294,24396,21742,27585,15583,28449,28312,28448,24784
1	487	15600	31913,4167,18397,798,1075,30824,1845,247,3077,4184,5171,5727,740,5649,31984,9235,10731,32808,12360,4740,6040,15022,12719,13482,1660,15871,31126,16885,15574,7305,13122,24320,24288,24214,23200,22622,14077,6877,24576,20032,16934,22873,24294,24396,21742,27585,15583,28449,28312,28448,24784,26829
1	487	24173	31913,4167,18397,798,1075,30824,1845,247,3077,4184,5171,5727,740,5649,31984,9235,10731,32808,12360,4740,6040,15022,12719,13482,1660,15871,31126,16885,15574,7305,13122,24320,24288,24214,23200,22622,14077,6877,24576,20032,16934,22873,24294,24396,21742,27585,15583,28449,28312,28448,24784,26829,15600
1	487	27494	31913,4167,18397,798,1075,30824,1845,247,3077,4184,5171,5727,740,5649,31984,9235,10731,32808,12360,4740,6040,15022,12719,13482,1660,15871,31126,16885,15574,7305,13122,24320,24288,24214,23200,22622,14077,6877,24576,20032,16934,22873,24294,24396,21742,27585,15583,28449,28312,28448,24784,26829,15600,24173
1	487	22718	31913,4167,18397,798,1075,30824,1845,247,3077,4184,5171,5727,740,5649,31984,9235,10731,32808,12360,4740,6040,15022,12719,13482,1660,15871,31126,16885,15574,7305,13122,24320,24288,24214,23200,22622,14077,6877,24576,20032,16934,22873,24294,24396,21742,27585,15583,28449,28312,28448,24784,26829,15600,24173,27494
1	487	2323	31913,4167,18397,798,1075,30824,1845,247,3077,4184,5171,5727,740,5649,31984,9235,10731,32808,12360,4740,6040,15022,12719,13482,1660,15871,31126,16885,15574,7305,13122,24320,24288,24214,23200,22622,14077,6877,24576,20032,16934,22873,24294,24396,21742,27585,15583,28449,28312,28448,24784,26829,15600,24173,27494,22718
1	487	15626	31913,4167,18397,798,1075,30824,1845,247,3077,4184,5171,5727,740,5649,31984,9235,10731,32808,12360,4740,6040,15022,12719,13482,1660,15871,31126,16885,15574,7305,13122,24320,24288,24214,23200,22622,14077,6877,24576,20032,16934,22873,24294,24396,21742,27585,15583,28449,28312,28448,24784,26829,15600,24173,27494,22718,2323
1	487	19884	31913,4167,18397,798,1075,30824,1845,247,3077,4184,5171,5727,740,5649,31984,9235,10731,32808,12360,4740,6040,15022,12719,13482,1660,15871,31126,16885,15574,7305,13122,24320,24288,24214,23200,22622,14077,6877,24576,20032,16934,22873,24294,24396,21742,27585,15583,28449,28312,28448,24784,26829,15600,24173,27494,22718,2323,15626
1	487	29330	31913,4167,18397,798,1075,30824,1845,247,3077,4184,5171,5727,740,5649,31984,9235,10731,32808,12360,4740,6040,15022,12719,13482,1660,15871,31126,16885,15574,7305,13122,24320,24288,24214,23200,22622,14077,6877,24576,20032,16934,22873,24294,24396,21742,27585,15583,28449,28312,28448,24784,26829,15600,24173,27494,22718,2323,15626,19884
0	487	13401	31913,4167,18397,798,1075,30824,1845,247,3077,4184,5171,5727,740,5649,31984,9235,10731,32808,12360,4740,6040,15022,12719,13482,1660,15871,31126,16885,15574,7305,13122,24320,24288,24214,23200,22622,14077,6877,24576,20032,16934,22873,24294,24396,21742,27585,15583,28449,28312,28448,24784,26829,15600,24173,27494,22718,2323,15626,19884,29330
1	487	15028	31913,4167,18397,798,1075,30824,1845,247,3077,4184,5171,5727,740,5649,31984,9235,10731,32808,12360,4740,6040,15022,12719,13482,1660,15871,31126,16885,15574,7305,13122,24320,24288,24214,23200,22622,14077,6877,24576,20032,16934,22873,24294,24396,21742,27585,15583,28449,28312,28448,24784,26829,15600,24173,27494,22718,2323,15626,19884,29330
1	487	15316	31913,4167,18397,798,1075,30824,1845,247,3077,4184,5171,5727,740,5649,31984,9235,10731,32808,12360,4740,6040,15022,12719,13482,1660,15871,31126,16885,15574,7305,13122,24320,24288,24214,23200,22622,14077,6877,24576,20032,16934,22873,24294,24396,21742,27585,15583,28449,28312,28448,24784,26829,15600,24173,27494,22718,2323,15626,19884,29330,15028
1	487	23448	31913,4167,18397,798,1075,30824,1845,247,3077,4184,5171,5727,740,5649,31984,9235,10731,32808,12360,4740,6040,15022,12719,13482,1660,15871,31126,16885,15574,7305,13122,24320,24288,24214,23200,22622,14077,6877,24576,20032,16934,22873,24294,24396,21742,27585,15583,28449,28312,28448,24784,26829,15600,24173,27494,22718,2323,15626,19884,29330,15028,15316
1	487	17634	31913,4167,18397,798,1075,30824,1845,247,3077,4184,5171,5727,740,5649,31984,9235,10731,32808,12360,4740,6040,15022,12719,13482,1660,15871,31126,16885,15574,7305,13122,24320,24288,24214,23200,22622,14077,6877,24576,20032,16934,22873,24294,24396,21742,27585,15583,28449,28312,28448,24784,26829,15600,24173,27494,22718,2323,15626,19884,29330,15028,15316,23448
1	487	5123	31913,4167,18397,798,1075,30824,1845,247,3077,4184,5171,5727,740,5649,31984,9235,10731,32808,12360,4740,6040,15022,12719,13482,1660,15871,31126,16885,15574,7305,13122,24320,24288,24214,23200,22622,14077,6877,24576,20032,16934,22873,24294,24396,21742,27585,15583,28449,28312,28448,24784,26829,15600,24173,27494,22718,2323,15626,19884,29330,15028,15316,23448,17634
1	487	14686	31913,4167,18397,798,1075,30824,1845,247,3077,4184,5171,5727,740,5649,31984,9235,10731,32808,12360,4740,6040,15022,12719,13482,1660,15871,31126,16885,15574,7305,13122,24320,24288,24214,23200,22622,14077,6877,24576,20032,16934,22873,24294,24396,21742,27585,15583,28449,28312,28448,24784,26829,15600,24173,27494,22718,2323,15626,19884,29330,15028,15316,23448,17634,5123
1	487	10705	31913,4167,18397,798,1075,30824,1845,247,3077,4184,5171,5727,740,5649,31984,9235,10731,32808,12360,4740,6040,15022,12719,13482,1660,15871,31126,16885,15574,7305,13122,24320,24288,24214,23200,22622,14077,6877,24576,20032,16934,22873,24294,24396,21742,27585,15583,28449,28312,28448,24784,26829,15600,24173,27494,22718,2323,15626,19884,29330,15028,15316,23448,17634,5123,14686
1	487	29085	31913,4167,18397,798,1075,30824,1845,247,3077,4184,5171,5727,740,5649,31984,9235,10731,32808,12360,4740,6040,15022,12719,13482,1660,15871,31126,16885,15574,7305,13122,24320,24288,24214,23200,22622,14077,6877,24576,20032,16934,22873,24294,24396,21742,27585,15583,28449,28312,28448,24784,26829,15600,24173,27494,22718,2323,15626,19884,29330,15028,15316,23448,17634,5123,14686,10705
1	487	28140	31913,4167,18397,798,1075,30824,1845,247,3077,4184,5171,5727,740,5649,31984,9235,10731,32808,12360,4740,6040,15022,12719,13482,1660,15871,31126,16885,15574,7305,13122,24320,24288,24214,23200,22622,14077,6877,24576,20032,16934,22873,24294,24396,21742,27585,15583,28449,28312,28448,24784,26829,15600,24173,27494,22718,2323,15626,19884,29330,15028,15316,23448,17634,5123,14686,10705,29085
1	487	11482	31913,4167,18397,798,1075,30824,1845,247,3077,4184,5171,5727,740,5649,31984,9235,10731,32808,12360,4740,6040,15022,12719,13482,1660,15871,31126,16885,15574,7305,13122,24320,24288,24214,23200,22622,14077,6877,24576,20032,16934,22873,24294,24396,21742,27585,15583,28449,28312,28448,24784,26829,15600,24173,27494,22718,2323,15626,19884,29330,15028,15316,23448,17634,5123,14686,10705,29085,28140
1	487	29730	31913,4167,18397,798,1075,30824,1845,247,3077,4184,5171,5727,740,5649,31984,9235,10731,32808,12360,4740,6040,15022,12719,13482,1660,15871,31126,16885,15574,7305,13122,24320,24288,24214,23200,22622,14077,6877,24576,20032,16934,22873,24294,24396,21742,27585,15583,28449,28312,28448,24784,26829,15600,24173,27494,22718,2323,15626,19884,29330,15028,15316,23448,17634,5123,14686,10705,29085,28140,11482
1	487	31478	31913,4167,18397,798,1075,30824,1845,247,3077,4184,5171,5727,740,5649,31984,9235,10731,32808,12360,4740,6040,15022,12719,13482,1660,15871,31126,16885,15574,7305,13122,24320,24288,24214,23200,22622,14077,6877,24576,20032,16934,22873,24294,24396,21742,27585,15583,28449,28312,28448,24784,26829,15600,24173,27494,22718,2323,15626,19884,29330,15028,15316,23448,17634,5123,14686,10705,29085,28140,11482,29730
1	487	14979	31913,4167,18397,798,1075,30824,1845,247,3077,4184,5171,5727,740,5649,31984,9235,10731,32808,12360,4740,6040,15022,12719,13482,1660,15871,31126,16885,15574,7305,13122,24320,24288,24214,23200,22622,14077,6877,24576,20032,16934,22873,24294,24396,21742,27585,15583,28449,28312,28448,24784,26829,15600,24173,27494,22718,2323,15626,19884,29330,15028,15316,23448,17634,5123,14686,10705,29085,28140,11482,29730,31478
1	487	2023	31913,4167,18397,798,1075,30824,1845,247,3077,4184,5171,5727,740,5649,31984,9235,10731,32808,12360,4740,6040,15022,12719,13482,1660,15871,31126,16885,15574,7305,13122,24320,24288,24214,23200,22622,14077,6877,24576,20032,16934,22873,24294,24396,21742,27585,15583,28449,28312,28448,24784,26829,15600,24173,27494,22718,2323,15626,19884,29330,15028,15316,23448,17634,5123,14686,10705,29085,28140,11482,29730,31478,14979
1	487	31057	31913,4167,18397,798,1075,30824,1845,247,3077,4184,5171,5727,740,5649,31984,9235,10731,32808,12360,4740,6040,15022,12719,13482,1660,15871,31126,16885,15574,7305,13122,24320,24288,24214,23200,22622,14077,6877,24576,20032,16934,22873,24294,24396,21742,27585,15583,28449,28312,28448,24784,26829,15600,24173,27494,22718,2323,15626,19884,29330,15028,15316,23448,17634,5123,14686,10705,29085,28140,11482,29730,31478,14979,2023
1	487	17476	31913,4167,18397,798,1075,30824,1845,247,3077,4184,5171,5727,740,5649,31984,9235,10731,32808,12360,4740,6040,15022,12719,13482,1660,15871,31126,16885,15574,7305,13122,24320,24288,24214,23200,22622,14077,6877,24576,20032,16934,22873,24294,24396,21742,27585,15583,28449,28312,28448,24784,26829,15600,24173,27494,22718,2323,15626,19884,29330,15028,15316,23448,17634,5123,14686,10705,29085,28140,11482,29730,31478,14979,2023,31057
1	487	10704	31913,4167,18397,798,1075,30824,1845,247,3077,4184,5171,5727,740,5649,31984,9235,10731,32808,12360,4740,6040,15022,12719,13482,1660,15871,31126,16885,15574,7305,13122,24320,24288,24214,23200,22622,14077,6877,24576,20032,16934,22873,24294,24396,21742,27585,15583,28449,28312,28448,24784,26829,15600,24173,27494,22718,2323,15626,19884,29330,15028,15316,23448,17634,5123,14686,10705,29085,28140,11482,29730,31478,14979,2023,31057,17476
1	487	12660	31913,4167,18397,798,1075,30824,1845,247,3077,4184,5171,5727,740,5649,31984,9235,10731,32808,12360,4740,6040,15022,12719,13482,1660,15871,31126,16885,15574,7305,13122,24320,24288,24214,23200,22622,14077,6877,24576,20032,16934,22873,24294,24396,21742,27585,15583,28449,28312,28448,24784,26829,15600,24173,27494,22718,2323,15626,19884,29330,15028,15316,23448,17634,5123,14686,10705,29085,28140,11482,29730,31478,14979,2023,31057,17476,10704
1	487	15275	31913,4167,18397,798,1075,30824,1845,247,3077,4184,5171,5727,740,5649,31984,9235,10731,32808,12360,4740,6040,15022,12719,13482,1660,15871,31126,16885,15574,7305,13122,24320,24288,24214,23200,22622,14077,6877,24576,20032,16934,22873,24294,24396,21742,27585,15583,28449,28312,28448,24784,26829,15600,24173,27494,22718,2323,15626,19884,29330,15028,15316,23448,17634,5123,14686,10705,29085,28140,11482,29730,31478,14979,2023,31057,17476,10704,12660
1	487	176	31913,4167,18397,798,1075,30824,1845,247,3077,4184,5171,5727,740,5649,31984,9235,10731,32808,12360,4740,6040,15022,12719,13482,1660,15871,31126,16885,15574,7305,13122,24320,24288,24214,23200,22622,14077,6877,24576,20032,16934,22873,24294,24396,21742,27585,15583,28449,28312,28448,24784,26829,15600,24173,27494,22718,2323,15626,19884,29330,15028,15316,23448,17634,5123,14686,10705,29085,28140,11482,29730,31478,14979,2023,31057,17476,10704,12660,15275
1	487	21126	31913,4167,18397,798,1075,30824,1845,247,3077,4184,5171,5727,740,5649,31984,9235,10731,32808,12360,4740,6040,15022,12719,13482,1660,15871,31126,16885,15574,7305,13122,24320,24288,24214,23200,22622,14077,6877,24576,20032,16934,22873,24294,24396,21742,27585,15583,28449,28312,28448,24784,26829,15600,24173,27494,22718,2323,15626,19884,29330,15028,15316,23448,17634,5123,14686,10705,29085,28140,11482,29730,31478,14979,2023,31057,17476,10704,12660,15275,176
1	487	24489	31913,4167,18397,798,1075,30824,1845,247,3077,4184,5171,5727,740,5649,31984,9235,10731,32808,12360,4740,6040,15022,12719,13482,1660,15871,31126,16885,15574,7305,13122,24320,24288,24214,23200,22622,14077,6877,24576,20032,16934,22873,24294,24396,21742,27585,15583,28449,28312,28448,24784,26829,15600,24173,27494,22718,2323,15626,19884,29330,15028,15316,23448,17634,5123,14686,10705,29085,28140,11482,29730,31478,14979,2023,31057,17476,10704,12660,15275,176,21126
1	487	21404	31913,4167,18397,798,1075,30824,1845,247,3077,4184,5171,5727,740,5649,31984,9235,10731,32808,12360,4740,6040,15022,12719,13482,1660,15871,31126,16885,15574,7305,13122,24320,24288,24214,23200,22622,14077,6877,24576,20032,16934,22873,24294,24396,21742,27585,15583,28449,28312,28448,24784,26829,15600,24173,27494,22718,2323,15626,19884,29330,15028,15316,23448,17634,5123,14686,10705,29085,28140,11482,29730,31478,14979,2023,31057,17476,10704,12660,15275,176,21126,24489
1	487	27109	31913,4167,18397,798,1075,30824,1845,247,3077,4184,5171,5727,740,5649,31984,9235,10731,32808,12360,4740,6040,15022,12719,13482,1660,15871,31126,16885,15574,7305,13122,24320,24288,24214,23200,22622,14077,6877,24576,20032,16934,22873,24294,24396,21742,27585,15583,28449,28312,28448,24784,26829,15600,24173,27494,22718,2323,15626,19884,29330,15028,15316,23448,17634,5123,14686,10705,29085,28140,11482,29730,31478,14979,2023,31057,17476,10704,12660,15275,176,21126,24489,21404
1	487	7353	31913,4167,18397,798,1075,30824,1845,247,3077,4184,5171,5727,740,5649,31984,9235,10731,32808,12360,4740,6040,15022,12719,13482,1660,15871,31126,16885,15574,7305,13122,24320,24288,24214,23200,22622,14077,6877,24576,20032,16934,22873,24294,24396,21742,27585,15583,28449,28312,28448,24784,26829,15600,24173,27494,22718,2323,15626,19884,29330,15028,15316,23448,17634,5123,14686,10705,29085,28140,11482,29730,31478,14979,2023,31057,17476,10704,12660,15275,176,21126,24489,21404,27109
