1	1750	31184	0
0	1750	31511	31184
0	1750	24049	31184
0	1750	59	31184
0	1750	22881	31184
0	1750	5696	31184
1	1750	23602	31184
0	1750	786	31184,23602
1	1750	922	31184,23602
1	1750	32778	31184,23602,922
1	1750	3368	31184,23602,922,32778
1	1750	3265	31184,23602,922,32778,3368
0	1750	2466	31184,23602,922,32778,3368,3265
1	1750	6538	31184,23602,922,32778,3368,3265
1	1750	6780	31184,23602,922,32778,3368,3265,6538
1	1750	3220	31184,23602,922,32778,3368,3265,6538,6780
1	1750	3927	31184,23602,922,32778,3368,3265,6538,6780,3220
1	1750	18163	31184,23602,922,32778,3368,3265,6538,6780,3220,3927
0	1750	2947	31184,23602,922,32778,3368,3265,6538,6780,3220,3927,18163
1	1750	7764	31184,23602,922,32778,3368,3265,6538,6780,3220,3927,18163
1	1750	7834	31184,23602,922,32778,3368,3265,6538,6780,3220,3927,18163,7764
0	1750	8438	31184,23602,922,32778,3368,3265,6538,6780,3220,3927,18163,7764,7834
1	1750	19405	31184,23602,922,32778,3368,3265,6538,6780,3220,3927,18163,7764,7834
0	1750	2353	31184,23602,922,32778,3368,3265,6538,6780,3220,3927,18163,7764,7834,19405
0	1750	12622	31184,23602,922,32778,3368,3265,6538,6780,3220,3927,18163,7764,7834,19405
0	1750	2275	31184,23602,922,32778,3368,3265,6538,6780,3220,3927,18163,7764,7834,19405
0	1750	14216	31184,23602,922,32778,3368,3265,6538,6780,3220,3927,18163,7764,7834,19405
1	1750	14346	31184,23602,922,32778,3368,3265,6538,6780,3220,3927,18163,7764,7834,19405
1	1750	15833	31184,23602,922,32778,3368,3265,6538,6780,3220,3927,18163,7764,7834,19405,14346
0	1750	14821	31184,23602,922,32778,3368,3265,6538,6780,3220,3927,18163,7764,7834,19405,14346,15833
1	1750	16946	31184,23602,922,32778,3368,3265,6538,6780,3220,3927,18163,7764,7834,19405,14346,15833
1	1750	3222	31184,23602,922,32778,3368,3265,6538,6780,3220,3927,18163,7764,7834,19405,14346,15833,16946
0	1750	18905	31184,23602,922,32778,3368,3265,6538,6780,3220,3927,18163,7764,7834,19405,14346,15833,16946,3222
1	1750	20158	31184,23602,922,32778,3368,3265,6538,6780,3220,3927,18163,7764,7834,19405,14346,15833,16946,3222
0	1750	17462	31184,23602,922,32778,3368,3265,6538,6780,3220,3927,18163,7764,7834,19405,14346,15833,16946,3222,20158
1	1750	8745	31184,23602,922,32778,3368,3265,6538,6780,3220,3927,18163,7764,7834,19405,14346,15833,16946,3222,20158
1	1750	15563	31184,23602,922,32778,3368,3265,6538,6780,3220,3927,18163,7764,7834,19405,14346,15833,16946,3222,20158,8745
0	1750	16115	31184,23602,922,32778,3368,3265,6538,6780,3220,3927,18163,7764,7834,19405,14346,15833,16946,3222,20158,8745,15563
0	1750	19329	31184,23602,922,32778,3368,3265,6538,6780,3220,3927,18163,7764,7834,19405,14346,15833,16946,3222,20158,8745,15563
0	1750	13901	31184,23602,922,32778,3368,3265,6538,6780,3220,3927,18163,7764,7834,19405,14346,15833,16946,3222,20158,8745,15563
1	1750	17912	31184,23602,922,32778,3368,3265,6538,6780,3220,3927,18163,7764,7834,19405,14346,15833,16946,3222,20158,8745,15563
0	1750	17035	31184,23602,922,32778,3368,3265,6538,6780,3220,3927,18163,7764,7834,19405,14346,15833,16946,3222,20158,8745,15563,17912
0	1750	13184	31184,23602,922,32778,3368,3265,6538,6780,3220,3927,18163,7764,7834,19405,14346,15833,16946,3222,20158,8745,15563,17912
0	1750	20212	31184,23602,922,32778,3368,3265,6538,6780,3220,3927,18163,7764,7834,19405,14346,15833,16946,3222,20158,8745,15563,17912
1	1750	15393	31184,23602,922,32778,3368,3265,6538,6780,3220,3927,18163,7764,7834,19405,14346,15833,16946,3222,20158,8745,15563,17912
0	1750	21490	31184,23602,922,32778,3368,3265,6538,6780,3220,3927,18163,7764,7834,19405,14346,15833,16946,3222,20158,8745,15563,17912,15393
1	1750	21937	31184,23602,922,32778,3368,3265,6538,6780,3220,3927,18163,7764,7834,19405,14346,15833,16946,3222,20158,8745,15563,17912,15393
0	1750	19447	31184,23602,922,32778,3368,3265,6538,6780,3220,3927,18163,7764,7834,19405,14346,15833,16946,3222,20158,8745,15563,17912,15393,21937
0	1750	19589	31184,23602,922,32778,3368,3265,6538,6780,3220,3927,18163,7764,7834,19405,14346,15833,16946,3222,20158,8745,15563,17912,15393,21937
0	1750	19911	31184,23602,922,32778,3368,3265,6538,6780,3220,3927,18163,7764,7834,19405,14346,15833,16946,3222,20158,8745,15563,17912,15393,21937
0	1750	23452	31184,23602,922,32778,3368,3265,6538,6780,3220,3927,18163,7764,7834,19405,14346,15833,16946,3222,20158,8745,15563,17912,15393,21937
0	1750	7052	31184,23602,922,32778,3368,3265,6538,6780,3220,3927,18163,7764,7834,19405,14346,15833,16946,3222,20158,8745,15563,17912,15393,21937
1	1750	23766	31184,23602,922,32778,3368,3265,6538,6780,3220,3927,18163,7764,7834,19405,14346,15833,16946,3222,20158,8745,15563,17912,15393,21937
0	1750	19682	31184,23602,922,32778,3368,3265,6538,6780,3220,3927,18163,7764,7834,19405,14346,15833,16946,3222,20158,8745,15563,17912,15393,21937,23766
0	1750	17997	31184,23602,922,32778,3368,3265,6538,6780,3220,3927,18163,7764,7834,19405,14346,15833,16946,3222,20158,8745,15563,17912,15393,21937,23766
1	1750	25346	31184,23602,922,32778,3368,3265,6538,6780,3220,3927,18163,7764,7834,19405,14346,15833,16946,3222,20158,8745,15563,17912,15393,21937,23766
0	1750	10340	31184,23602,922,32778,3368,3265,6538,6780,3220,3927,18163,7764,7834,19405,14346,15833,16946,3222,20158,8745,15563,17912,15393,21937,23766,25346
1	1750	21408	31184,23602,922,32778,3368,3265,6538,6780,3220,3927,18163,7764,7834,19405,14346,15833,16946,3222,20158,8745,15563,17912,15393,21937,23766,25346
0	1750	23229	31184,23602,922,32778,3368,3265,6538,6780,3220,3927,18163,7764,7834,19405,14346,15833,16946,3222,20158,8745,15563,17912,15393,21937,23766,25346,21408
0	1750	25653	31184,23602,922,32778,3368,3265,6538,6780,3220,3927,18163,7764,7834,19405,14346,15833,16946,3222,20158,8745,15563,17912,15393,21937,23766,25346,21408
1	1750	19394	31184,23602,922,32778,3368,3265,6538,6780,3220,3927,18163,7764,7834,19405,14346,15833,16946,3222,20158,8745,15563,17912,15393,21937,23766,25346,21408
0	1750	25214	31184,23602,922,32778,3368,3265,6538,6780,3220,3927,18163,7764,7834,19405,14346,15833,16946,3222,20158,8745,15563,17912,15393,21937,23766,25346,21408,19394
1	1750	12739	31184,23602,922,32778,3368,3265,6538,6780,3220,3927,18163,7764,7834,19405,14346,15833,16946,3222,20158,8745,15563,17912,15393,21937,23766,25346,21408,19394
0	1750	25455	31184,23602,922,32778,3368,3265,6538,6780,3220,3927,18163,7764,7834,19405,14346,15833,16946,3222,20158,8745,15563,17912,15393,21937,23766,25346,21408,19394,12739
1	1750	25514	31184,23602,922,32778,3368,3265,6538,6780,3220,3927,18163,7764,7834,19405,14346,15833,16946,3222,20158,8745,15563,17912,15393,21937,23766,25346,21408,19394,12739
0	1750	25494	31184,23602,922,32778,3368,3265,6538,6780,3220,3927,18163,7764,7834,19405,14346,15833,16946,3222,20158,8745,15563,17912,15393,21937,23766,25346,21408,19394,12739,25514
0	1750	26164	31184,23602,922,32778,3368,3265,6538,6780,3220,3927,18163,7764,7834,19405,14346,15833,16946,3222,20158,8745,15563,17912,15393,21937,23766,25346,21408,19394,12739,25514
1	1750	25988	31184,23602,922,32778,3368,3265,6538,6780,3220,3927,18163,7764,7834,19405,14346,15833,16946,3222,20158,8745,15563,17912,15393,21937,23766,25346,21408,19394,12739,25514
1	1750	13052	31184,23602,922,32778,3368,3265,6538,6780,3220,3927,18163,7764,7834,19405,14346,15833,16946,3222,20158,8745,15563,17912,15393,21937,23766,25346,21408,19394,12739,25514,25988
0	1750	24404	31184,23602,922,32778,3368,3265,6538,6780,3220,3927,18163,7764,7834,19405,14346,15833,16946,3222,20158,8745,15563,17912,15393,21937,23766,25346,21408,19394,12739,25514,25988,13052
0	1750	27434	31184,23602,922,32778,3368,3265,6538,6780,3220,3927,18163,7764,7834,19405,14346,15833,16946,3222,20158,8745,15563,17912,15393,21937,23766,25346,21408,19394,12739,25514,25988,13052
0	1750	16088	31184,23602,922,32778,3368,3265,6538,6780,3220,3927,18163,7764,7834,19405,14346,15833,16946,3222,20158,8745,15563,17912,15393,21937,23766,25346,21408,19394,12739,25514,25988,13052
0	1750	26000	31184,23602,922,32778,3368,3265,6538,6780,3220,3927,18163,7764,7834,19405,14346,15833,16946,3222,20158,8745,15563,17912,15393,21937,23766,25346,21408,19394,12739,25514,25988,13052
0	1750	32725	31184,23602,922,32778,3368,3265,6538,6780,3220,3927,18163,7764,7834,19405,14346,15833,16946,3222,20158,8745,15563,17912,15393,21937,23766,25346,21408,19394,12739,25514,25988,13052
0	1750	20940	31184,23602,922,32778,3368,3265,6538,6780,3220,3927,18163,7764,7834,19405,14346,15833,16946,3222,20158,8745,15563,17912,15393,21937,23766,25346,21408,19394,12739,25514,25988,13052
1	1750	25495	31184,23602,922,32778,3368,3265,6538,6780,3220,3927,18163,7764,7834,19405,14346,15833,16946,3222,20158,8745,15563,17912,15393,21937,23766,25346,21408,19394,12739,25514,25988,13052
1	1750	27418	31184,23602,922,32778,3368,3265,6538,6780,3220,3927,18163,7764,7834,19405,14346,15833,16946,3222,20158,8745,15563,17912,15393,21937,23766,25346,21408,19394,12739,25514,25988,13052,25495
0	1750	27041	31184,23602,922,32778,3368,3265,6538,6780,3220,3927,18163,7764,7834,19405,14346,15833,16946,3222,20158,8745,15563,17912,15393,21937,23766,25346,21408,19394,12739,25514,25988,13052,25495,27418
0	1750	27770	31184,23602,922,32778,3368,3265,6538,6780,3220,3927,18163,7764,7834,19405,14346,15833,16946,3222,20158,8745,15563,17912,15393,21937,23766,25346,21408,19394,12739,25514,25988,13052,25495,27418
1	1750	7844	31184,23602,922,32778,3368,3265,6538,6780,3220,3927,18163,7764,7834,19405,14346,15833,16946,3222,20158,8745,15563,17912,15393,21937,23766,25346,21408,19394,12739,25514,25988,13052,25495,27418
1	1750	13730	31184,23602,922,32778,3368,3265,6538,6780,3220,3927,18163,7764,7834,19405,14346,15833,16946,3222,20158,8745,15563,17912,15393,21937,23766,25346,21408,19394,12739,25514,25988,13052,25495,27418,7844
0	1750	26839	31184,23602,922,32778,3368,3265,6538,6780,3220,3927,18163,7764,7834,19405,14346,15833,16946,3222,20158,8745,15563,17912,15393,21937,23766,25346,21408,19394,12739,25514,25988,13052,25495,27418,7844,13730
0	1750	17949	31184,23602,922,32778,3368,3265,6538,6780,3220,3927,18163,7764,7834,19405,14346,15833,16946,3222,20158,8745,15563,17912,15393,21937,23766,25346,21408,19394,12739,25514,25988,13052,25495,27418,7844,13730
0	1750	20010	31184,23602,922,32778,3368,3265,6538,6780,3220,3927,18163,7764,7834,19405,14346,15833,16946,3222,20158,8745,15563,17912,15393,21937,23766,25346,21408,19394,12739,25514,25988,13052,25495,27418,7844,13730
0	1750	22702	31184,23602,922,32778,3368,3265,6538,6780,3220,3927,18163,7764,7834,19405,14346,15833,16946,3222,20158,8745,15563,17912,15393,21937,23766,25346,21408,19394,12739,25514,25988,13052,25495,27418,7844,13730
0	1750	22733	31184,23602,922,32778,3368,3265,6538,6780,3220,3927,18163,7764,7834,19405,14346,15833,16946,3222,20158,8745,15563,17912,15393,21937,23766,25346,21408,19394,12739,25514,25988,13052,25495,27418,7844,13730
0	1750	26781	31184,23602,922,32778,3368,3265,6538,6780,3220,3927,18163,7764,7834,19405,14346,15833,16946,3222,20158,8745,15563,17912,15393,21937,23766,25346,21408,19394,12739,25514,25988,13052,25495,27418,7844,13730
0	1750	27981	31184,23602,922,32778,3368,3265,6538,6780,3220,3927,18163,7764,7834,19405,14346,15833,16946,3222,20158,8745,15563,17912,15393,21937,23766,25346,21408,19394,12739,25514,25988,13052,25495,27418,7844,13730
0	1750	24631	31184,23602,922,32778,3368,3265,6538,6780,3220,3927,18163,7764,7834,19405,14346,15833,16946,3222,20158,8745,15563,17912,15393,21937,23766,25346,21408,19394,12739,25514,25988,13052,25495,27418,7844,13730
1	1750	28555	31184,23602,922,32778,3368,3265,6538,6780,3220,3927,18163,7764,7834,19405,14346,15833,16946,3222,20158,8745,15563,17912,15393,21937,23766,25346,21408,19394,12739,25514,25988,13052,25495,27418,7844,13730
0	1750	28879	31184,23602,922,32778,3368,3265,6538,6780,3220,3927,18163,7764,7834,19405,14346,15833,16946,3222,20158,8745,15563,17912,15393,21937,23766,25346,21408,19394,12739,25514,25988,13052,25495,27418,7844,13730,28555
1	1750	28902	31184,23602,922,32778,3368,3265,6538,6780,3220,3927,18163,7764,7834,19405,14346,15833,16946,3222,20158,8745,15563,17912,15393,21937,23766,25346,21408,19394,12739,25514,25988,13052,25495,27418,7844,13730,28555
1	1750	29109	31184,23602,922,32778,3368,3265,6538,6780,3220,3927,18163,7764,7834,19405,14346,15833,16946,3222,20158,8745,15563,17912,15393,21937,23766,25346,21408,19394,12739,25514,25988,13052,25495,27418,7844,13730,28555,28902
0	1750	4596	31184,23602,922,32778,3368,3265,6538,6780,3220,3927,18163,7764,7834,19405,14346,15833,16946,3222,20158,8745,15563,17912,15393,21937,23766,25346,21408,19394,12739,25514,25988,13052,25495,27418,7844,13730,28555,28902,29109
1	1750	29132	31184,23602,922,32778,3368,3265,6538,6780,3220,3927,18163,7764,7834,19405,14346,15833,16946,3222,20158,8745,15563,17912,15393,21937,23766,25346,21408,19394,12739,25514,25988,13052,25495,27418,7844,13730,28555,28902,29109
1	1750	20762	31184,23602,922,32778,3368,3265,6538,6780,3220,3927,18163,7764,7834,19405,14346,15833,16946,3222,20158,8745,15563,17912,15393,21937,23766,25346,21408,19394,12739,25514,25988,13052,25495,27418,7844,13730,28555,28902,29109,29132
1	1750	26341	31184,23602,922,32778,3368,3265,6538,6780,3220,3927,18163,7764,7834,19405,14346,15833,16946,3222,20158,8745,15563,17912,15393,21937,23766,25346,21408,19394,12739,25514,25988,13052,25495,27418,7844,13730,28555,28902,29109,29132,20762
0	1750	29108	31184,23602,922,32778,3368,3265,6538,6780,3220,3927,18163,7764,7834,19405,14346,15833,16946,3222,20158,8745,15563,17912,15393,21937,23766,25346,21408,19394,12739,25514,25988,13052,25495,27418,7844,13730,28555,28902,29109,29132,20762,26341
1	1750	29125	31184,23602,922,32778,3368,3265,6538,6780,3220,3927,18163,7764,7834,19405,14346,15833,16946,3222,20158,8745,15563,17912,15393,21937,23766,25346,21408,19394,12739,25514,25988,13052,25495,27418,7844,13730,28555,28902,29109,29132,20762,26341
1	1750	13551	31184,23602,922,32778,3368,3265,6538,6780,3220,3927,18163,7764,7834,19405,14346,15833,16946,3222,20158,8745,15563,17912,15393,21937,23766,25346,21408,19394,12739,25514,25988,13052,25495,27418,7844,13730,28555,28902,29109,29132,20762,26341,29125
1	1750	17972	31184,23602,922,32778,3368,3265,6538,6780,3220,3927,18163,7764,7834,19405,14346,15833,16946,3222,20158,8745,15563,17912,15393,21937,23766,25346,21408,19394,12739,25514,25988,13052,25495,27418,7844,13730,28555,28902,29109,29132,20762,26341,29125,13551
