0	861	31363	0
1	861	3553	0
0	861	32147	3553
0	861	32407	3553
0	861	32660	3553
0	861	2829	3553
1	861	31677	3553
1	861	5726	3553,31677
0	861	8081	3553,31677,5726
0	861	18825	3553,31677,5726
0	861	142	3553,31677,5726
0	861	9012	3553,31677,5726
0	861	7033	3553,31677,5726
0	861	9789	3553,31677,5726
0	861	9462	3553,31677,5726
0	861	12651	3553,31677,5726
0	861	11410	3553,31677,5726
0	861	14949	3553,31677,5726
0	861	15855	3553,31677,5726
0	861	25054	3553,31677,5726
1	861	16058	3553,31677,5726
0	861	16224	3553,31677,5726,16058
0	861	14066	3553,31677,5726,16058
0	861	14284	3553,31677,5726,16058
1	861	16557	3553,31677,5726,16058
0	861	10500	3553,31677,5726,16058,16557
1	861	14841	3553,31677,5726,16058,16557
1	861	18895	3553,31677,5726,16058,16557,14841
0	861	708	3553,31677,5726,16058,16557,14841,18895
0	861	18773	3553,31677,5726,16058,16557,14841,18895
1	861	18971	3553,31677,5726,16058,16557,14841,18895
0	861	1515	3553,31677,5726,16058,16557,14841,18895,18971
0	861	8289	3553,31677,5726,16058,16557,14841,18895,18971
0	861	3596	3553,31677,5726,16058,16557,14841,18895,18971
0	861	7993	3553,31677,5726,16058,16557,14841,18895,18971
0	861	20105	3553,31677,5726,16058,16557,14841,18895,18971
0	861	20693	3553,31677,5726,16058,16557,14841,18895,18971
0	861	19162	3553,31677,5726,16058,16557,14841,18895,18971
1	861	19757	3553,31677,5726,16058,16557,14841,18895,18971
0	861	19134	3553,31677,5726,16058,16557,14841,18895,18971,19757
0	861	17132	3553,31677,5726,16058,16557,14841,18895,18971,19757
0	861	21497	3553,31677,5726,16058,16557,14841,18895,18971,19757
0	861	22459	3553,31677,5726,16058,16557,14841,18895,18971,19757
0	861	3749	3553,31677,5726,16058,16557,14841,18895,18971,19757
0	861	23490	3553,31677,5726,16058,16557,14841,18895,18971,19757
0	861	20711	3553,31677,5726,16058,16557,14841,18895,18971,19757
0	861	21440	3553,31677,5726,16058,16557,14841,18895,18971,19757
0	861	24600	3553,31677,5726,16058,16557,14841,18895,18971,19757
0	861	25556	3553,31677,5726,16058,16557,14841,18895,18971,19757
0	861	25057	3553,31677,5726,16058,16557,14841,18895,18971,19757
0	861	19418	3553,31677,5726,16058,16557,14841,18895,18971,19757
1	861	25476	3553,31677,5726,16058,16557,14841,18895,18971,19757
0	861	12649	3553,31677,5726,16058,16557,14841,18895,18971,19757,25476
0	861	24006	3553,31677,5726,16058,16557,14841,18895,18971,19757,25476
0	861	19041	3553,31677,5726,16058,16557,14841,18895,18971,19757,25476
0	861	25250	3553,31677,5726,16058,16557,14841,18895,18971,19757,25476
1	861	11011	3553,31677,5726,16058,16557,14841,18895,18971,19757,25476
0	861	22104	3553,31677,5726,16058,16557,14841,18895,18971,19757,25476,11011
1	861	20625	3553,31677,5726,16058,16557,14841,18895,18971,19757,25476,11011
0	861	24354	3553,31677,5726,16058,16557,14841,18895,18971,19757,25476,11011,20625
0	861	23866	3553,31677,5726,16058,16557,14841,18895,18971,19757,25476,11011,20625
0	861	25658	3553,31677,5726,16058,16557,14841,18895,18971,19757,25476,11011,20625
0	861	26063	3553,31677,5726,16058,16557,14841,18895,18971,19757,25476,11011,20625
0	861	26867	3553,31677,5726,16058,16557,14841,18895,18971,19757,25476,11011,20625
0	861	25659	3553,31677,5726,16058,16557,14841,18895,18971,19757,25476,11011,20625
1	861	20836	3553,31677,5726,16058,16557,14841,18895,18971,19757,25476,11011,20625
0	861	13290	3553,31677,5726,16058,16557,14841,18895,18971,19757,25476,11011,20625,20836
0	861	20790	3553,31677,5726,16058,16557,14841,18895,18971,19757,25476,11011,20625,20836
1	861	23768	3553,31677,5726,16058,16557,14841,18895,18971,19757,25476,11011,20625,20836
0	861	25987	3553,31677,5726,16058,16557,14841,18895,18971,19757,25476,11011,20625,20836,23768
0	861	10503	3553,31677,5726,16058,16557,14841,18895,18971,19757,25476,11011,20625,20836,23768
0	861	24045	3553,31677,5726,16058,16557,14841,18895,18971,19757,25476,11011,20625,20836,23768
0	861	26907	3553,31677,5726,16058,16557,14841,18895,18971,19757,25476,11011,20625,20836,23768
0	861	3869	3553,31677,5726,16058,16557,14841,18895,18971,19757,25476,11011,20625,20836,23768
0	861	24496	3553,31677,5726,16058,16557,14841,18895,18971,19757,25476,11011,20625,20836,23768
0	861	26781	3553,31677,5726,16058,16557,14841,18895,18971,19757,25476,11011,20625,20836,23768
0	861	10867	3553,31677,5726,16058,16557,14841,18895,18971,19757,25476,11011,20625,20836,23768
1	861	24956	3553,31677,5726,16058,16557,14841,18895,18971,19757,25476,11011,20625,20836,23768
0	861	28879	3553,31677,5726,16058,16557,14841,18895,18971,19757,25476,11011,20625,20836,23768,24956
0	861	24590	3553,31677,5726,16058,16557,14841,18895,18971,19757,25476,11011,20625,20836,23768,24956
0	861	17558	3553,31677,5726,16058,16557,14841,18895,18971,19757,25476,11011,20625,20836,23768,24956
0	861	27577	3553,31677,5726,16058,16557,14841,18895,18971,19757,25476,11011,20625,20836,23768,24956
1	861	29308	3553,31677,5726,16058,16557,14841,18895,18971,19757,25476,11011,20625,20836,23768,24956
1	861	10648	3553,31677,5726,16058,16557,14841,18895,18971,19757,25476,11011,20625,20836,23768,24956,29308
