1	1303	9433	0
1	1303	8112	9433
0	1303	10418	9433,8112
0	1303	19942	9433,8112
1	1303	19139	9433,8112
0	1303	13119	9433,8112,19139
1	1303	31318	9433,8112,19139
1	1303	32864	9433,8112,19139,31318
0	1303	1553	9433,8112,19139,31318,32864
0	1303	8654	9433,8112,19139,31318,32864
1	1303	12490	9433,8112,19139,31318,32864
1	1303	17051	9433,8112,19139,31318,32864,12490
1	1303	13783	9433,8112,19139,31318,32864,12490,17051
1	1303	6603	9433,8112,19139,31318,32864,12490,17051,13783
0	1303	31651	9433,8112,19139,31318,32864,12490,17051,13783,6603
1	1303	2033	9433,8112,19139,31318,32864,12490,17051,13783,6603
1	1303	16615	9433,8112,19139,31318,32864,12490,17051,13783,6603,2033
1	1303	33105	9433,8112,19139,31318,32864,12490,17051,13783,6603,2033,16615
1	1303	2589	9433,8112,19139,31318,32864,12490,17051,13783,6603,2033,16615,33105
1	1303	5016	9433,8112,19139,31318,32864,12490,17051,13783,6603,2033,16615,33105,2589
0	1303	5196	9433,8112,19139,31318,32864,12490,17051,13783,6603,2033,16615,33105,2589,5016
1	1303	9519	9433,8112,19139,31318,32864,12490,17051,13783,6603,2033,16615,33105,2589,5016
1	1303	15385	9433,8112,19139,31318,32864,12490,17051,13783,6603,2033,16615,33105,2589,5016,9519
1	1303	17419	9433,8112,19139,31318,32864,12490,17051,13783,6603,2033,16615,33105,2589,5016,9519,15385
1	1303	17585	9433,8112,19139,31318,32864,12490,17051,13783,6603,2033,16615,33105,2589,5016,9519,15385,17419
1	1303	18092	9433,8112,19139,31318,32864,12490,17051,13783,6603,2033,16615,33105,2589,5016,9519,15385,17419,17585
1	1303	18843	9433,8112,19139,31318,32864,12490,17051,13783,6603,2033,16615,33105,2589,5016,9519,15385,17419,17585,18092
0	1303	19099	9433,8112,19139,31318,32864,12490,17051,13783,6603,2033,16615,33105,2589,5016,9519,15385,17419,17585,18092,18843
0	1303	19508	9433,8112,19139,31318,32864,12490,17051,13783,6603,2033,16615,33105,2589,5016,9519,15385,17419,17585,18092,18843
0	1303	9235	9433,8112,19139,31318,32864,12490,17051,13783,6603,2033,16615,33105,2589,5016,9519,15385,17419,17585,18092,18843
0	1303	11869	9433,8112,19139,31318,32864,12490,17051,13783,6603,2033,16615,33105,2589,5016,9519,15385,17419,17585,18092,18843
1	1303	18822	9433,8112,19139,31318,32864,12490,17051,13783,6603,2033,16615,33105,2589,5016,9519,15385,17419,17585,18092,18843
1	1303	10161	9433,8112,19139,31318,32864,12490,17051,13783,6603,2033,16615,33105,2589,5016,9519,15385,17419,17585,18092,18843,18822
1	1303	12460	9433,8112,19139,31318,32864,12490,17051,13783,6603,2033,16615,33105,2589,5016,9519,15385,17419,17585,18092,18843,18822,10161
1	1303	31715	9433,8112,19139,31318,32864,12490,17051,13783,6603,2033,16615,33105,2589,5016,9519,15385,17419,17585,18092,18843,18822,10161,12460
1	1303	20192	9433,8112,19139,31318,32864,12490,17051,13783,6603,2033,16615,33105,2589,5016,9519,15385,17419,17585,18092,18843,18822,10161,12460,31715
1	1303	19049	9433,8112,19139,31318,32864,12490,17051,13783,6603,2033,16615,33105,2589,5016,9519,15385,17419,17585,18092,18843,18822,10161,12460,31715,20192
1	1303	31167	9433,8112,19139,31318,32864,12490,17051,13783,6603,2033,16615,33105,2589,5016,9519,15385,17419,17585,18092,18843,18822,10161,12460,31715,20192,19049
1	1303	6093	9433,8112,19139,31318,32864,12490,17051,13783,6603,2033,16615,33105,2589,5016,9519,15385,17419,17585,18092,18843,18822,10161,12460,31715,20192,19049,31167
1	1303	9693	9433,8112,19139,31318,32864,12490,17051,13783,6603,2033,16615,33105,2589,5016,9519,15385,17419,17585,18092,18843,18822,10161,12460,31715,20192,19049,31167,6093
0	1303	21690	9433,8112,19139,31318,32864,12490,17051,13783,6603,2033,16615,33105,2589,5016,9519,15385,17419,17585,18092,18843,18822,10161,12460,31715,20192,19049,31167,6093,9693
