1	59	14207	0
0	59	4436	14207
1	59	22903	14207
1	59	178	14207,22903
1	59	3043	14207,22903,178
1	59	3314	14207,22903,178,3043
1	59	4192	14207,22903,178,3043,3314
0	59	6431	14207,22903,178,3043,3314,4192
1	59	7981	14207,22903,178,3043,3314,4192
1	59	4256	14207,22903,178,3043,3314,4192,7981
1	59	8671	14207,22903,178,3043,3314,4192,7981,4256
0	59	9500	14207,22903,178,3043,3314,4192,7981,4256,8671
1	59	11855	14207,22903,178,3043,3314,4192,7981,4256,8671
1	59	15267	14207,22903,178,3043,3314,4192,7981,4256,8671,11855
1	59	21903	14207,22903,178,3043,3314,4192,7981,4256,8671,11855,15267
1	59	2789	14207,22903,178,3043,3314,4192,7981,4256,8671,11855,15267,21903
1	59	9588	14207,22903,178,3043,3314,4192,7981,4256,8671,11855,15267,21903,2789
0	59	10103	14207,22903,178,3043,3314,4192,7981,4256,8671,11855,15267,21903,2789,9588
1	59	6264	14207,22903,178,3043,3314,4192,7981,4256,8671,11855,15267,21903,2789,9588
1	59	14108	14207,22903,178,3043,3314,4192,7981,4256,8671,11855,15267,21903,2789,9588,6264
1	59	12574	14207,22903,178,3043,3314,4192,7981,4256,8671,11855,15267,21903,2789,9588,6264,14108
1	59	22067	14207,22903,178,3043,3314,4192,7981,4256,8671,11855,15267,21903,2789,9588,6264,14108,12574
0	59	4058	14207,22903,178,3043,3314,4192,7981,4256,8671,11855,15267,21903,2789,9588,6264,14108,12574,22067
1	59	11540	14207,22903,178,3043,3314,4192,7981,4256,8671,11855,15267,21903,2789,9588,6264,14108,12574,22067
1	59	180	14207,22903,178,3043,3314,4192,7981,4256,8671,11855,15267,21903,2789,9588,6264,14108,12574,22067,11540
1	59	6145	14207,22903,178,3043,3314,4192,7981,4256,8671,11855,15267,21903,2789,9588,6264,14108,12574,22067,11540,180
1	59	11751	14207,22903,178,3043,3314,4192,7981,4256,8671,11855,15267,21903,2789,9588,6264,14108,12574,22067,11540,180,6145
1	59	21460	14207,22903,178,3043,3314,4192,7981,4256,8671,11855,15267,21903,2789,9588,6264,14108,12574,22067,11540,180,6145,11751
1	59	10993	14207,22903,178,3043,3314,4192,7981,4256,8671,11855,15267,21903,2789,9588,6264,14108,12574,22067,11540,180,6145,11751,21460
1	59	6437	14207,22903,178,3043,3314,4192,7981,4256,8671,11855,15267,21903,2789,9588,6264,14108,12574,22067,11540,180,6145,11751,21460,10993
0	59	22622	14207,22903,178,3043,3314,4192,7981,4256,8671,11855,15267,21903,2789,9588,6264,14108,12574,22067,11540,180,6145,11751,21460,10993,6437
0	59	22187	14207,22903,178,3043,3314,4192,7981,4256,8671,11855,15267,21903,2789,9588,6264,14108,12574,22067,11540,180,6145,11751,21460,10993,6437
1	59	6958	14207,22903,178,3043,3314,4192,7981,4256,8671,11855,15267,21903,2789,9588,6264,14108,12574,22067,11540,180,6145,11751,21460,10993,6437
1	59	13131	14207,22903,178,3043,3314,4192,7981,4256,8671,11855,15267,21903,2789,9588,6264,14108,12574,22067,11540,180,6145,11751,21460,10993,6437,6958
1	59	23143	14207,22903,178,3043,3314,4192,7981,4256,8671,11855,15267,21903,2789,9588,6264,14108,12574,22067,11540,180,6145,11751,21460,10993,6437,6958,13131
1	59	26269	14207,22903,178,3043,3314,4192,7981,4256,8671,11855,15267,21903,2789,9588,6264,14108,12574,22067,11540,180,6145,11751,21460,10993,6437,6958,13131,23143
1	59	24854	14207,22903,178,3043,3314,4192,7981,4256,8671,11855,15267,21903,2789,9588,6264,14108,12574,22067,11540,180,6145,11751,21460,10993,6437,6958,13131,23143,26269
1	59	18299	14207,22903,178,3043,3314,4192,7981,4256,8671,11855,15267,21903,2789,9588,6264,14108,12574,22067,11540,180,6145,11751,21460,10993,6437,6958,13131,23143,26269,24854
1	59	21923	14207,22903,178,3043,3314,4192,7981,4256,8671,11855,15267,21903,2789,9588,6264,14108,12574,22067,11540,180,6145,11751,21460,10993,6437,6958,13131,23143,26269,24854,18299
0	59	1760	14207,22903,178,3043,3314,4192,7981,4256,8671,11855,15267,21903,2789,9588,6264,14108,12574,22067,11540,180,6145,11751,21460,10993,6437,6958,13131,23143,26269,24854,18299,21923
1	59	6161	14207,22903,178,3043,3314,4192,7981,4256,8671,11855,15267,21903,2789,9588,6264,14108,12574,22067,11540,180,6145,11751,21460,10993,6437,6958,13131,23143,26269,24854,18299,21923
1	59	7648	14207,22903,178,3043,3314,4192,7981,4256,8671,11855,15267,21903,2789,9588,6264,14108,12574,22067,11540,180,6145,11751,21460,10993,6437,6958,13131,23143,26269,24854,18299,21923,6161
1	59	21753	14207,22903,178,3043,3314,4192,7981,4256,8671,11855,15267,21903,2789,9588,6264,14108,12574,22067,11540,180,6145,11751,21460,10993,6437,6958,13131,23143,26269,24854,18299,21923,6161,7648
1	59	27025	14207,22903,178,3043,3314,4192,7981,4256,8671,11855,15267,21903,2789,9588,6264,14108,12574,22067,11540,180,6145,11751,21460,10993,6437,6958,13131,23143,26269,24854,18299,21923,6161,7648,21753
1	59	17740	14207,22903,178,3043,3314,4192,7981,4256,8671,11855,15267,21903,2789,9588,6264,14108,12574,22067,11540,180,6145,11751,21460,10993,6437,6958,13131,23143,26269,24854,18299,21923,6161,7648,21753,27025
1	59	21333	14207,22903,178,3043,3314,4192,7981,4256,8671,11855,15267,21903,2789,9588,6264,14108,12574,22067,11540,180,6145,11751,21460,10993,6437,6958,13131,23143,26269,24854,18299,21923,6161,7648,21753,27025,17740
1	59	21336	14207,22903,178,3043,3314,4192,7981,4256,8671,11855,15267,21903,2789,9588,6264,14108,12574,22067,11540,180,6145,11751,21460,10993,6437,6958,13131,23143,26269,24854,18299,21923,6161,7648,21753,27025,17740,21333
1	59	4320	14207,22903,178,3043,3314,4192,7981,4256,8671,11855,15267,21903,2789,9588,6264,14108,12574,22067,11540,180,6145,11751,21460,10993,6437,6958,13131,23143,26269,24854,18299,21923,6161,7648,21753,27025,17740,21333,21336
0	59	32171	14207,22903,178,3043,3314,4192,7981,4256,8671,11855,15267,21903,2789,9588,6264,14108,12574,22067,11540,180,6145,11751,21460,10993,6437,6958,13131,23143,26269,24854,18299,21923,6161,7648,21753,27025,17740,21333,21336,4320
1	59	26138	14207,22903,178,3043,3314,4192,7981,4256,8671,11855,15267,21903,2789,9588,6264,14108,12574,22067,11540,180,6145,11751,21460,10993,6437,6958,13131,23143,26269,24854,18299,21923,6161,7648,21753,27025,17740,21333,21336,4320
1	59	27118	14207,22903,178,3043,3314,4192,7981,4256,8671,11855,15267,21903,2789,9588,6264,14108,12574,22067,11540,180,6145,11751,21460,10993,6437,6958,13131,23143,26269,24854,18299,21923,6161,7648,21753,27025,17740,21333,21336,4320,26138
1	59	31057	14207,22903,178,3043,3314,4192,7981,4256,8671,11855,15267,21903,2789,9588,6264,14108,12574,22067,11540,180,6145,11751,21460,10993,6437,6958,13131,23143,26269,24854,18299,21923,6161,7648,21753,27025,17740,21333,21336,4320,26138,27118
1	59	14254	14207,22903,178,3043,3314,4192,7981,4256,8671,11855,15267,21903,2789,9588,6264,14108,12574,22067,11540,180,6145,11751,21460,10993,6437,6958,13131,23143,26269,24854,18299,21923,6161,7648,21753,27025,17740,21333,21336,4320,26138,27118,31057
0	59	24954	14207,22903,178,3043,3314,4192,7981,4256,8671,11855,15267,21903,2789,9588,6264,14108,12574,22067,11540,180,6145,11751,21460,10993,6437,6958,13131,23143,26269,24854,18299,21923,6161,7648,21753,27025,17740,21333,21336,4320,26138,27118,31057,14254
1	59	18825	14207,22903,178,3043,3314,4192,7981,4256,8671,11855,15267,21903,2789,9588,6264,14108,12574,22067,11540,180,6145,11751,21460,10993,6437,6958,13131,23143,26269,24854,18299,21923,6161,7648,21753,27025,17740,21333,21336,4320,26138,27118,31057,14254
1	59	19765	14207,22903,178,3043,3314,4192,7981,4256,8671,11855,15267,21903,2789,9588,6264,14108,12574,22067,11540,180,6145,11751,21460,10993,6437,6958,13131,23143,26269,24854,18299,21923,6161,7648,21753,27025,17740,21333,21336,4320,26138,27118,31057,14254,18825
1	59	7799	14207,22903,178,3043,3314,4192,7981,4256,8671,11855,15267,21903,2789,9588,6264,14108,12574,22067,11540,180,6145,11751,21460,10993,6437,6958,13131,23143,26269,24854,18299,21923,6161,7648,21753,27025,17740,21333,21336,4320,26138,27118,31057,14254,18825,19765
0	59	8433	14207,22903,178,3043,3314,4192,7981,4256,8671,11855,15267,21903,2789,9588,6264,14108,12574,22067,11540,180,6145,11751,21460,10993,6437,6958,13131,23143,26269,24854,18299,21923,6161,7648,21753,27025,17740,21333,21336,4320,26138,27118,31057,14254,18825,19765,7799
0	59	19466	14207,22903,178,3043,3314,4192,7981,4256,8671,11855,15267,21903,2789,9588,6264,14108,12574,22067,11540,180,6145,11751,21460,10993,6437,6958,13131,23143,26269,24854,18299,21923,6161,7648,21753,27025,17740,21333,21336,4320,26138,27118,31057,14254,18825,19765,7799
1	59	18844	14207,22903,178,3043,3314,4192,7981,4256,8671,11855,15267,21903,2789,9588,6264,14108,12574,22067,11540,180,6145,11751,21460,10993,6437,6958,13131,23143,26269,24854,18299,21923,6161,7648,21753,27025,17740,21333,21336,4320,26138,27118,31057,14254,18825,19765,7799
1	59	20165	14207,22903,178,3043,3314,4192,7981,4256,8671,11855,15267,21903,2789,9588,6264,14108,12574,22067,11540,180,6145,11751,21460,10993,6437,6958,13131,23143,26269,24854,18299,21923,6161,7648,21753,27025,17740,21333,21336,4320,26138,27118,31057,14254,18825,19765,7799,18844
1	59	28966	14207,22903,178,3043,3314,4192,7981,4256,8671,11855,15267,21903,2789,9588,6264,14108,12574,22067,11540,180,6145,11751,21460,10993,6437,6958,13131,23143,26269,24854,18299,21923,6161,7648,21753,27025,17740,21333,21336,4320,26138,27118,31057,14254,18825,19765,7799,18844,20165
0	59	27515	14207,22903,178,3043,3314,4192,7981,4256,8671,11855,15267,21903,2789,9588,6264,14108,12574,22067,11540,180,6145,11751,21460,10993,6437,6958,13131,23143,26269,24854,18299,21923,6161,7648,21753,27025,17740,21333,21336,4320,26138,27118,31057,14254,18825,19765,7799,18844,20165,28966
1	59	26144	14207,22903,178,3043,3314,4192,7981,4256,8671,11855,15267,21903,2789,9588,6264,14108,12574,22067,11540,180,6145,11751,21460,10993,6437,6958,13131,23143,26269,24854,18299,21923,6161,7648,21753,27025,17740,21333,21336,4320,26138,27118,31057,14254,18825,19765,7799,18844,20165,28966
1	59	23081	14207,22903,178,3043,3314,4192,7981,4256,8671,11855,15267,21903,2789,9588,6264,14108,12574,22067,11540,180,6145,11751,21460,10993,6437,6958,13131,23143,26269,24854,18299,21923,6161,7648,21753,27025,17740,21333,21336,4320,26138,27118,31057,14254,18825,19765,7799,18844,20165,28966,26144
