1	170	28048	0
0	170	32344	28048
1	170	1486	28048
1	170	11198	28048,1486
0	170	23736	28048,1486,11198
1	170	32980	28048,1486,11198
1	170	31991	28048,1486,11198,32980
1	170	674	28048,1486,11198,32980,31991
1	170	31654	28048,1486,11198,32980,31991,674
1	170	2290	28048,1486,11198,32980,31991,674,31654
1	170	2699	28048,1486,11198,32980,31991,674,31654,2290
0	170	3391	28048,1486,11198,32980,31991,674,31654,2290,2699
0	170	3011	28048,1486,11198,32980,31991,674,31654,2290,2699
1	170	3220	28048,1486,11198,32980,31991,674,31654,2290,2699
0	170	4104	28048,1486,11198,32980,31991,674,31654,2290,2699,3220
0	170	1717	28048,1486,11198,32980,31991,674,31654,2290,2699,3220
0	170	4576	28048,1486,11198,32980,31991,674,31654,2290,2699,3220
0	170	5523	28048,1486,11198,32980,31991,674,31654,2290,2699,3220
0	170	5814	28048,1486,11198,32980,31991,674,31654,2290,2699,3220
0	170	5671	28048,1486,11198,32980,31991,674,31654,2290,2699,3220
0	170	5702	28048,1486,11198,32980,31991,674,31654,2290,2699,3220
0	170	4773	28048,1486,11198,32980,31991,674,31654,2290,2699,3220
1	170	5348	28048,1486,11198,32980,31991,674,31654,2290,2699,3220
0	170	5353	28048,1486,11198,32980,31991,674,31654,2290,2699,3220,5348
0	170	4979	28048,1486,11198,32980,31991,674,31654,2290,2699,3220,5348
1	170	6463	28048,1486,11198,32980,31991,674,31654,2290,2699,3220,5348
0	170	6636	28048,1486,11198,32980,31991,674,31654,2290,2699,3220,5348,6463
0	170	6916	28048,1486,11198,32980,31991,674,31654,2290,2699,3220,5348,6463
1	170	7104	28048,1486,11198,32980,31991,674,31654,2290,2699,3220,5348,6463
1	170	7991	28048,1486,11198,32980,31991,674,31654,2290,2699,3220,5348,6463,7104
1	170	4066	28048,1486,11198,32980,31991,674,31654,2290,2699,3220,5348,6463,7104,7991
1	170	22131	28048,1486,11198,32980,31991,674,31654,2290,2699,3220,5348,6463,7104,7991,4066
0	170	6231	28048,1486,11198,32980,31991,674,31654,2290,2699,3220,5348,6463,7104,7991,4066,22131
0	170	6994	28048,1486,11198,32980,31991,674,31654,2290,2699,3220,5348,6463,7104,7991,4066,22131
1	170	8527	28048,1486,11198,32980,31991,674,31654,2290,2699,3220,5348,6463,7104,7991,4066,22131
0	170	9160	28048,1486,11198,32980,31991,674,31654,2290,2699,3220,5348,6463,7104,7991,4066,22131,8527
1	170	6762	28048,1486,11198,32980,31991,674,31654,2290,2699,3220,5348,6463,7104,7991,4066,22131,8527
1	170	6484	28048,1486,11198,32980,31991,674,31654,2290,2699,3220,5348,6463,7104,7991,4066,22131,8527,6762
0	170	9439	28048,1486,11198,32980,31991,674,31654,2290,2699,3220,5348,6463,7104,7991,4066,22131,8527,6762,6484
1	170	6858	28048,1486,11198,32980,31991,674,31654,2290,2699,3220,5348,6463,7104,7991,4066,22131,8527,6762,6484
0	170	9462	28048,1486,11198,32980,31991,674,31654,2290,2699,3220,5348,6463,7104,7991,4066,22131,8527,6762,6484,6858
0	170	7990	28048,1486,11198,32980,31991,674,31654,2290,2699,3220,5348,6463,7104,7991,4066,22131,8527,6762,6484,6858
0	170	7859	28048,1486,11198,32980,31991,674,31654,2290,2699,3220,5348,6463,7104,7991,4066,22131,8527,6762,6484,6858
0	170	9616	28048,1486,11198,32980,31991,674,31654,2290,2699,3220,5348,6463,7104,7991,4066,22131,8527,6762,6484,6858
0	170	12670	28048,1486,11198,32980,31991,674,31654,2290,2699,3220,5348,6463,7104,7991,4066,22131,8527,6762,6484,6858
0	170	8729	28048,1486,11198,32980,31991,674,31654,2290,2699,3220,5348,6463,7104,7991,4066,22131,8527,6762,6484,6858
0	170	10639	28048,1486,11198,32980,31991,674,31654,2290,2699,3220,5348,6463,7104,7991,4066,22131,8527,6762,6484,6858
0	170	13223	28048,1486,11198,32980,31991,674,31654,2290,2699,3220,5348,6463,7104,7991,4066,22131,8527,6762,6484,6858
0	170	14006	28048,1486,11198,32980,31991,674,31654,2290,2699,3220,5348,6463,7104,7991,4066,22131,8527,6762,6484,6858
0	170	12291	28048,1486,11198,32980,31991,674,31654,2290,2699,3220,5348,6463,7104,7991,4066,22131,8527,6762,6484,6858
0	170	10712	28048,1486,11198,32980,31991,674,31654,2290,2699,3220,5348,6463,7104,7991,4066,22131,8527,6762,6484,6858
1	170	10029	28048,1486,11198,32980,31991,674,31654,2290,2699,3220,5348,6463,7104,7991,4066,22131,8527,6762,6484,6858
0	170	12451	28048,1486,11198,32980,31991,674,31654,2290,2699,3220,5348,6463,7104,7991,4066,22131,8527,6762,6484,6858,10029
1	170	5416	28048,1486,11198,32980,31991,674,31654,2290,2699,3220,5348,6463,7104,7991,4066,22131,8527,6762,6484,6858,10029
1	170	8462	28048,1486,11198,32980,31991,674,31654,2290,2699,3220,5348,6463,7104,7991,4066,22131,8527,6762,6484,6858,10029,5416
0	170	15123	28048,1486,11198,32980,31991,674,31654,2290,2699,3220,5348,6463,7104,7991,4066,22131,8527,6762,6484,6858,10029,5416,8462
1	170	31412	28048,1486,11198,32980,31991,674,31654,2290,2699,3220,5348,6463,7104,7991,4066,22131,8527,6762,6484,6858,10029,5416,8462
1	170	16222	28048,1486,11198,32980,31991,674,31654,2290,2699,3220,5348,6463,7104,7991,4066,22131,8527,6762,6484,6858,10029,5416,8462,31412
0	170	6854	28048,1486,11198,32980,31991,674,31654,2290,2699,3220,5348,6463,7104,7991,4066,22131,8527,6762,6484,6858,10029,5416,8462,31412,16222
0	170	16630	28048,1486,11198,32980,31991,674,31654,2290,2699,3220,5348,6463,7104,7991,4066,22131,8527,6762,6484,6858,10029,5416,8462,31412,16222
1	170	16085	28048,1486,11198,32980,31991,674,31654,2290,2699,3220,5348,6463,7104,7991,4066,22131,8527,6762,6484,6858,10029,5416,8462,31412,16222
0	170	15248	28048,1486,11198,32980,31991,674,31654,2290,2699,3220,5348,6463,7104,7991,4066,22131,8527,6762,6484,6858,10029,5416,8462,31412,16222,16085
0	170	17540	28048,1486,11198,32980,31991,674,31654,2290,2699,3220,5348,6463,7104,7991,4066,22131,8527,6762,6484,6858,10029,5416,8462,31412,16222,16085
0	170	16939	28048,1486,11198,32980,31991,674,31654,2290,2699,3220,5348,6463,7104,7991,4066,22131,8527,6762,6484,6858,10029,5416,8462,31412,16222,16085
1	170	17661	28048,1486,11198,32980,31991,674,31654,2290,2699,3220,5348,6463,7104,7991,4066,22131,8527,6762,6484,6858,10029,5416,8462,31412,16222,16085
0	170	16878	28048,1486,11198,32980,31991,674,31654,2290,2699,3220,5348,6463,7104,7991,4066,22131,8527,6762,6484,6858,10029,5416,8462,31412,16222,16085,17661
0	170	18903	28048,1486,11198,32980,31991,674,31654,2290,2699,3220,5348,6463,7104,7991,4066,22131,8527,6762,6484,6858,10029,5416,8462,31412,16222,16085,17661
0	170	9852	28048,1486,11198,32980,31991,674,31654,2290,2699,3220,5348,6463,7104,7991,4066,22131,8527,6762,6484,6858,10029,5416,8462,31412,16222,16085,17661
1	170	18611	28048,1486,11198,32980,31991,674,31654,2290,2699,3220,5348,6463,7104,7991,4066,22131,8527,6762,6484,6858,10029,5416,8462,31412,16222,16085,17661
1	170	19276	28048,1486,11198,32980,31991,674,31654,2290,2699,3220,5348,6463,7104,7991,4066,22131,8527,6762,6484,6858,10029,5416,8462,31412,16222,16085,17661,18611
0	170	16438	28048,1486,11198,32980,31991,674,31654,2290,2699,3220,5348,6463,7104,7991,4066,22131,8527,6762,6484,6858,10029,5416,8462,31412,16222,16085,17661,18611,19276
1	170	18355	28048,1486,11198,32980,31991,674,31654,2290,2699,3220,5348,6463,7104,7991,4066,22131,8527,6762,6484,6858,10029,5416,8462,31412,16222,16085,17661,18611,19276
0	170	15602	28048,1486,11198,32980,31991,674,31654,2290,2699,3220,5348,6463,7104,7991,4066,22131,8527,6762,6484,6858,10029,5416,8462,31412,16222,16085,17661,18611,19276,18355
0	170	7027	28048,1486,11198,32980,31991,674,31654,2290,2699,3220,5348,6463,7104,7991,4066,22131,8527,6762,6484,6858,10029,5416,8462,31412,16222,16085,17661,18611,19276,18355
1	170	14444	28048,1486,11198,32980,31991,674,31654,2290,2699,3220,5348,6463,7104,7991,4066,22131,8527,6762,6484,6858,10029,5416,8462,31412,16222,16085,17661,18611,19276,18355
0	170	18935	28048,1486,11198,32980,31991,674,31654,2290,2699,3220,5348,6463,7104,7991,4066,22131,8527,6762,6484,6858,10029,5416,8462,31412,16222,16085,17661,18611,19276,18355,14444
0	170	18030	28048,1486,11198,32980,31991,674,31654,2290,2699,3220,5348,6463,7104,7991,4066,22131,8527,6762,6484,6858,10029,5416,8462,31412,16222,16085,17661,18611,19276,18355,14444
0	170	19824	28048,1486,11198,32980,31991,674,31654,2290,2699,3220,5348,6463,7104,7991,4066,22131,8527,6762,6484,6858,10029,5416,8462,31412,16222,16085,17661,18611,19276,18355,14444
0	170	19376	28048,1486,11198,32980,31991,674,31654,2290,2699,3220,5348,6463,7104,7991,4066,22131,8527,6762,6484,6858,10029,5416,8462,31412,16222,16085,17661,18611,19276,18355,14444
0	170	20442	28048,1486,11198,32980,31991,674,31654,2290,2699,3220,5348,6463,7104,7991,4066,22131,8527,6762,6484,6858,10029,5416,8462,31412,16222,16085,17661,18611,19276,18355,14444
0	170	19928	28048,1486,11198,32980,31991,674,31654,2290,2699,3220,5348,6463,7104,7991,4066,22131,8527,6762,6484,6858,10029,5416,8462,31412,16222,16085,17661,18611,19276,18355,14444
1	170	20950	28048,1486,11198,32980,31991,674,31654,2290,2699,3220,5348,6463,7104,7991,4066,22131,8527,6762,6484,6858,10029,5416,8462,31412,16222,16085,17661,18611,19276,18355,14444
0	170	17168	28048,1486,11198,32980,31991,674,31654,2290,2699,3220,5348,6463,7104,7991,4066,22131,8527,6762,6484,6858,10029,5416,8462,31412,16222,16085,17661,18611,19276,18355,14444,20950
0	170	22182	28048,1486,11198,32980,31991,674,31654,2290,2699,3220,5348,6463,7104,7991,4066,22131,8527,6762,6484,6858,10029,5416,8462,31412,16222,16085,17661,18611,19276,18355,14444,20950
1	170	15580	28048,1486,11198,32980,31991,674,31654,2290,2699,3220,5348,6463,7104,7991,4066,22131,8527,6762,6484,6858,10029,5416,8462,31412,16222,16085,17661,18611,19276,18355,14444,20950
0	170	21114	28048,1486,11198,32980,31991,674,31654,2290,2699,3220,5348,6463,7104,7991,4066,22131,8527,6762,6484,6858,10029,5416,8462,31412,16222,16085,17661,18611,19276,18355,14444,20950,15580
1	170	13830	28048,1486,11198,32980,31991,674,31654,2290,2699,3220,5348,6463,7104,7991,4066,22131,8527,6762,6484,6858,10029,5416,8462,31412,16222,16085,17661,18611,19276,18355,14444,20950,15580
1	170	21407	28048,1486,11198,32980,31991,674,31654,2290,2699,3220,5348,6463,7104,7991,4066,22131,8527,6762,6484,6858,10029,5416,8462,31412,16222,16085,17661,18611,19276,18355,14444,20950,15580,13830
0	170	21586	28048,1486,11198,32980,31991,674,31654,2290,2699,3220,5348,6463,7104,7991,4066,22131,8527,6762,6484,6858,10029,5416,8462,31412,16222,16085,17661,18611,19276,18355,14444,20950,15580,13830,21407
1	170	23447	28048,1486,11198,32980,31991,674,31654,2290,2699,3220,5348,6463,7104,7991,4066,22131,8527,6762,6484,6858,10029,5416,8462,31412,16222,16085,17661,18611,19276,18355,14444,20950,15580,13830,21407
1	170	16645	28048,1486,11198,32980,31991,674,31654,2290,2699,3220,5348,6463,7104,7991,4066,22131,8527,6762,6484,6858,10029,5416,8462,31412,16222,16085,17661,18611,19276,18355,14444,20950,15580,13830,21407,23447
0	170	20976	28048,1486,11198,32980,31991,674,31654,2290,2699,3220,5348,6463,7104,7991,4066,22131,8527,6762,6484,6858,10029,5416,8462,31412,16222,16085,17661,18611,19276,18355,14444,20950,15580,13830,21407,23447,16645
1	170	29467	28048,1486,11198,32980,31991,674,31654,2290,2699,3220,5348,6463,7104,7991,4066,22131,8527,6762,6484,6858,10029,5416,8462,31412,16222,16085,17661,18611,19276,18355,14444,20950,15580,13830,21407,23447,16645
1	170	19954	28048,1486,11198,32980,31991,674,31654,2290,2699,3220,5348,6463,7104,7991,4066,22131,8527,6762,6484,6858,10029,5416,8462,31412,16222,16085,17661,18611,19276,18355,14444,20950,15580,13830,21407,23447,16645,29467
1	170	23497	28048,1486,11198,32980,31991,674,31654,2290,2699,3220,5348,6463,7104,7991,4066,22131,8527,6762,6484,6858,10029,5416,8462,31412,16222,16085,17661,18611,19276,18355,14444,20950,15580,13830,21407,23447,16645,29467,19954
1	170	22227	28048,1486,11198,32980,31991,674,31654,2290,2699,3220,5348,6463,7104,7991,4066,22131,8527,6762,6484,6858,10029,5416,8462,31412,16222,16085,17661,18611,19276,18355,14444,20950,15580,13830,21407,23447,16645,29467,19954,23497
0	170	21006	28048,1486,11198,32980,31991,674,31654,2290,2699,3220,5348,6463,7104,7991,4066,22131,8527,6762,6484,6858,10029,5416,8462,31412,16222,16085,17661,18611,19276,18355,14444,20950,15580,13830,21407,23447,16645,29467,19954,23497,22227
0	170	25524	28048,1486,11198,32980,31991,674,31654,2290,2699,3220,5348,6463,7104,7991,4066,22131,8527,6762,6484,6858,10029,5416,8462,31412,16222,16085,17661,18611,19276,18355,14444,20950,15580,13830,21407,23447,16645,29467,19954,23497,22227
1	170	22214	28048,1486,11198,32980,31991,674,31654,2290,2699,3220,5348,6463,7104,7991,4066,22131,8527,6762,6484,6858,10029,5416,8462,31412,16222,16085,17661,18611,19276,18355,14444,20950,15580,13830,21407,23447,16645,29467,19954,23497,22227
0	170	25055	28048,1486,11198,32980,31991,674,31654,2290,2699,3220,5348,6463,7104,7991,4066,22131,8527,6762,6484,6858,10029,5416,8462,31412,16222,16085,17661,18611,19276,18355,14444,20950,15580,13830,21407,23447,16645,29467,19954,23497,22227,22214
0	170	26112	28048,1486,11198,32980,31991,674,31654,2290,2699,3220,5348,6463,7104,7991,4066,22131,8527,6762,6484,6858,10029,5416,8462,31412,16222,16085,17661,18611,19276,18355,14444,20950,15580,13830,21407,23447,16645,29467,19954,23497,22227,22214
0	170	25301	28048,1486,11198,32980,31991,674,31654,2290,2699,3220,5348,6463,7104,7991,4066,22131,8527,6762,6484,6858,10029,5416,8462,31412,16222,16085,17661,18611,19276,18355,14444,20950,15580,13830,21407,23447,16645,29467,19954,23497,22227,22214
0	170	17910	28048,1486,11198,32980,31991,674,31654,2290,2699,3220,5348,6463,7104,7991,4066,22131,8527,6762,6484,6858,10029,5416,8462,31412,16222,16085,17661,18611,19276,18355,14444,20950,15580,13830,21407,23447,16645,29467,19954,23497,22227,22214
0	170	26163	28048,1486,11198,32980,31991,674,31654,2290,2699,3220,5348,6463,7104,7991,4066,22131,8527,6762,6484,6858,10029,5416,8462,31412,16222,16085,17661,18611,19276,18355,14444,20950,15580,13830,21407,23447,16645,29467,19954,23497,22227,22214
1	170	21797	28048,1486,11198,32980,31991,674,31654,2290,2699,3220,5348,6463,7104,7991,4066,22131,8527,6762,6484,6858,10029,5416,8462,31412,16222,16085,17661,18611,19276,18355,14444,20950,15580,13830,21407,23447,16645,29467,19954,23497,22227,22214
1	170	29638	28048,1486,11198,32980,31991,674,31654,2290,2699,3220,5348,6463,7104,7991,4066,22131,8527,6762,6484,6858,10029,5416,8462,31412,16222,16085,17661,18611,19276,18355,14444,20950,15580,13830,21407,23447,16645,29467,19954,23497,22227,22214,21797
1	170	22811	28048,1486,11198,32980,31991,674,31654,2290,2699,3220,5348,6463,7104,7991,4066,22131,8527,6762,6484,6858,10029,5416,8462,31412,16222,16085,17661,18611,19276,18355,14444,20950,15580,13830,21407,23447,16645,29467,19954,23497,22227,22214,21797,29638
0	170	25845	28048,1486,11198,32980,31991,674,31654,2290,2699,3220,5348,6463,7104,7991,4066,22131,8527,6762,6484,6858,10029,5416,8462,31412,16222,16085,17661,18611,19276,18355,14444,20950,15580,13830,21407,23447,16645,29467,19954,23497,22227,22214,21797,29638,22811
0	170	27435	28048,1486,11198,32980,31991,674,31654,2290,2699,3220,5348,6463,7104,7991,4066,22131,8527,6762,6484,6858,10029,5416,8462,31412,16222,16085,17661,18611,19276,18355,14444,20950,15580,13830,21407,23447,16645,29467,19954,23497,22227,22214,21797,29638,22811
0	170	24510	28048,1486,11198,32980,31991,674,31654,2290,2699,3220,5348,6463,7104,7991,4066,22131,8527,6762,6484,6858,10029,5416,8462,31412,16222,16085,17661,18611,19276,18355,14444,20950,15580,13830,21407,23447,16645,29467,19954,23497,22227,22214,21797,29638,22811
1	170	28225	28048,1486,11198,32980,31991,674,31654,2290,2699,3220,5348,6463,7104,7991,4066,22131,8527,6762,6484,6858,10029,5416,8462,31412,16222,16085,17661,18611,19276,18355,14444,20950,15580,13830,21407,23447,16645,29467,19954,23497,22227,22214,21797,29638,22811
1	170	21948	28048,1486,11198,32980,31991,674,31654,2290,2699,3220,5348,6463,7104,7991,4066,22131,8527,6762,6484,6858,10029,5416,8462,31412,16222,16085,17661,18611,19276,18355,14444,20950,15580,13830,21407,23447,16645,29467,19954,23497,22227,22214,21797,29638,22811,28225
0	170	23317	28048,1486,11198,32980,31991,674,31654,2290,2699,3220,5348,6463,7104,7991,4066,22131,8527,6762,6484,6858,10029,5416,8462,31412,16222,16085,17661,18611,19276,18355,14444,20950,15580,13830,21407,23447,16645,29467,19954,23497,22227,22214,21797,29638,22811,28225,21948
1	170	28892	28048,1486,11198,32980,31991,674,31654,2290,2699,3220,5348,6463,7104,7991,4066,22131,8527,6762,6484,6858,10029,5416,8462,31412,16222,16085,17661,18611,19276,18355,14444,20950,15580,13830,21407,23447,16645,29467,19954,23497,22227,22214,21797,29638,22811,28225,21948
0	170	28437	28048,1486,11198,32980,31991,674,31654,2290,2699,3220,5348,6463,7104,7991,4066,22131,8527,6762,6484,6858,10029,5416,8462,31412,16222,16085,17661,18611,19276,18355,14444,20950,15580,13830,21407,23447,16645,29467,19954,23497,22227,22214,21797,29638,22811,28225,21948,28892
1	170	25706	28048,1486,11198,32980,31991,674,31654,2290,2699,3220,5348,6463,7104,7991,4066,22131,8527,6762,6484,6858,10029,5416,8462,31412,16222,16085,17661,18611,19276,18355,14444,20950,15580,13830,21407,23447,16645,29467,19954,23497,22227,22214,21797,29638,22811,28225,21948,28892
1	170	28956	28048,1486,11198,32980,31991,674,31654,2290,2699,3220,5348,6463,7104,7991,4066,22131,8527,6762,6484,6858,10029,5416,8462,31412,16222,16085,17661,18611,19276,18355,14444,20950,15580,13830,21407,23447,16645,29467,19954,23497,22227,22214,21797,29638,22811,28225,21948,28892,25706
0	170	29308	28048,1486,11198,32980,31991,674,31654,2290,2699,3220,5348,6463,7104,7991,4066,22131,8527,6762,6484,6858,10029,5416,8462,31412,16222,16085,17661,18611,19276,18355,14444,20950,15580,13830,21407,23447,16645,29467,19954,23497,22227,22214,21797,29638,22811,28225,21948,28892,25706,28956
0	170	28998	28048,1486,11198,32980,31991,674,31654,2290,2699,3220,5348,6463,7104,7991,4066,22131,8527,6762,6484,6858,10029,5416,8462,31412,16222,16085,17661,18611,19276,18355,14444,20950,15580,13830,21407,23447,16645,29467,19954,23497,22227,22214,21797,29638,22811,28225,21948,28892,25706,28956
