0	582	27306	0
1	582	32339	0
1	582	32473	32339
0	582	25586	32339,32473
0	582	3248	32339,32473
0	582	32200	32339,32473
0	582	4244	32339,32473
1	582	372	32339,32473
1	582	496	32339,32473,372
1	582	26472	32339,32473,372,496
1	582	2689	32339,32473,372,496,26472
1	582	2996	32339,32473,372,496,26472,2689
1	582	25478	32339,32473,372,496,26472,2689,2996
1	582	471	32339,32473,372,496,26472,2689,2996,25478
0	582	3127	32339,32473,372,496,26472,2689,2996,25478,471
0	582	5230	32339,32473,372,496,26472,2689,2996,25478,471
0	582	4532	32339,32473,372,496,26472,2689,2996,25478,471
1	582	4127	32339,32473,372,496,26472,2689,2996,25478,471
0	582	4773	32339,32473,372,496,26472,2689,2996,25478,471,4127
1	582	2819	32339,32473,372,496,26472,2689,2996,25478,471,4127
1	582	5533	32339,32473,372,496,26472,2689,2996,25478,471,4127,2819
1	582	7815	32339,32473,372,496,26472,2689,2996,25478,471,4127,2819,5533
1	582	24737	32339,32473,372,496,26472,2689,2996,25478,471,4127,2819,5533,7815
1	582	11104	32339,32473,372,496,26472,2689,2996,25478,471,4127,2819,5533,7815,24737
0	582	7810	32339,32473,372,496,26472,2689,2996,25478,471,4127,2819,5533,7815,24737,11104
1	582	13373	32339,32473,372,496,26472,2689,2996,25478,471,4127,2819,5533,7815,24737,11104
0	582	405	32339,32473,372,496,26472,2689,2996,25478,471,4127,2819,5533,7815,24737,11104,13373
1	582	8206	32339,32473,372,496,26472,2689,2996,25478,471,4127,2819,5533,7815,24737,11104,13373
0	582	12525	32339,32473,372,496,26472,2689,2996,25478,471,4127,2819,5533,7815,24737,11104,13373,8206
1	582	18316	32339,32473,372,496,26472,2689,2996,25478,471,4127,2819,5533,7815,24737,11104,13373,8206
1	582	10877	32339,32473,372,496,26472,2689,2996,25478,471,4127,2819,5533,7815,24737,11104,13373,8206,18316
1	582	16001	32339,32473,372,496,26472,2689,2996,25478,471,4127,2819,5533,7815,24737,11104,13373,8206,18316,10877
1	582	31613	32339,32473,372,496,26472,2689,2996,25478,471,4127,2819,5533,7815,24737,11104,13373,8206,18316,10877,16001
1	582	17269	32339,32473,372,496,26472,2689,2996,25478,471,4127,2819,5533,7815,24737,11104,13373,8206,18316,10877,16001,31613
1	582	15623	32339,32473,372,496,26472,2689,2996,25478,471,4127,2819,5533,7815,24737,11104,13373,8206,18316,10877,16001,31613,17269
1	582	13526	32339,32473,372,496,26472,2689,2996,25478,471,4127,2819,5533,7815,24737,11104,13373,8206,18316,10877,16001,31613,17269,15623
1	582	21634	32339,32473,372,496,26472,2689,2996,25478,471,4127,2819,5533,7815,24737,11104,13373,8206,18316,10877,16001,31613,17269,15623,13526
1	582	9880	32339,32473,372,496,26472,2689,2996,25478,471,4127,2819,5533,7815,24737,11104,13373,8206,18316,10877,16001,31613,17269,15623,13526,21634
0	582	22399	32339,32473,372,496,26472,2689,2996,25478,471,4127,2819,5533,7815,24737,11104,13373,8206,18316,10877,16001,31613,17269,15623,13526,21634,9880
0	582	23206	32339,32473,372,496,26472,2689,2996,25478,471,4127,2819,5533,7815,24737,11104,13373,8206,18316,10877,16001,31613,17269,15623,13526,21634,9880
1	582	24385	32339,32473,372,496,26472,2689,2996,25478,471,4127,2819,5533,7815,24737,11104,13373,8206,18316,10877,16001,31613,17269,15623,13526,21634,9880
0	582	21836	32339,32473,372,496,26472,2689,2996,25478,471,4127,2819,5533,7815,24737,11104,13373,8206,18316,10877,16001,31613,17269,15623,13526,21634,9880,24385
0	582	11149	32339,32473,372,496,26472,2689,2996,25478,471,4127,2819,5533,7815,24737,11104,13373,8206,18316,10877,16001,31613,17269,15623,13526,21634,9880,24385
1	582	13732	32339,32473,372,496,26472,2689,2996,25478,471,4127,2819,5533,7815,24737,11104,13373,8206,18316,10877,16001,31613,17269,15623,13526,21634,9880,24385
1	582	10601	32339,32473,372,496,26472,2689,2996,25478,471,4127,2819,5533,7815,24737,11104,13373,8206,18316,10877,16001,31613,17269,15623,13526,21634,9880,24385,13732
0	582	23934	32339,32473,372,496,26472,2689,2996,25478,471,4127,2819,5533,7815,24737,11104,13373,8206,18316,10877,16001,31613,17269,15623,13526,21634,9880,24385,13732,10601
1	582	26181	32339,32473,372,496,26472,2689,2996,25478,471,4127,2819,5533,7815,24737,11104,13373,8206,18316,10877,16001,31613,17269,15623,13526,21634,9880,24385,13732,10601
1	582	26945	32339,32473,372,496,26472,2689,2996,25478,471,4127,2819,5533,7815,24737,11104,13373,8206,18316,10877,16001,31613,17269,15623,13526,21634,9880,24385,13732,10601,26181
1	582	26659	32339,32473,372,496,26472,2689,2996,25478,471,4127,2819,5533,7815,24737,11104,13373,8206,18316,10877,16001,31613,17269,15623,13526,21634,9880,24385,13732,10601,26181,26945
0	582	25846	32339,32473,372,496,26472,2689,2996,25478,471,4127,2819,5533,7815,24737,11104,13373,8206,18316,10877,16001,31613,17269,15623,13526,21634,9880,24385,13732,10601,26181,26945,26659
1	582	26452	32339,32473,372,496,26472,2689,2996,25478,471,4127,2819,5533,7815,24737,11104,13373,8206,18316,10877,16001,31613,17269,15623,13526,21634,9880,24385,13732,10601,26181,26945,26659
0	582	26747	32339,32473,372,496,26472,2689,2996,25478,471,4127,2819,5533,7815,24737,11104,13373,8206,18316,10877,16001,31613,17269,15623,13526,21634,9880,24385,13732,10601,26181,26945,26659,26452
1	582	21475	32339,32473,372,496,26472,2689,2996,25478,471,4127,2819,5533,7815,24737,11104,13373,8206,18316,10877,16001,31613,17269,15623,13526,21634,9880,24385,13732,10601,26181,26945,26659,26452
1	582	27440	32339,32473,372,496,26472,2689,2996,25478,471,4127,2819,5533,7815,24737,11104,13373,8206,18316,10877,16001,31613,17269,15623,13526,21634,9880,24385,13732,10601,26181,26945,26659,26452,21475
0	582	27879	32339,32473,372,496,26472,2689,2996,25478,471,4127,2819,5533,7815,24737,11104,13373,8206,18316,10877,16001,31613,17269,15623,13526,21634,9880,24385,13732,10601,26181,26945,26659,26452,21475,27440
0	582	28203	32339,32473,372,496,26472,2689,2996,25478,471,4127,2819,5533,7815,24737,11104,13373,8206,18316,10877,16001,31613,17269,15623,13526,21634,9880,24385,13732,10601,26181,26945,26659,26452,21475,27440
1	582	17593	32339,32473,372,496,26472,2689,2996,25478,471,4127,2819,5533,7815,24737,11104,13373,8206,18316,10877,16001,31613,17269,15623,13526,21634,9880,24385,13732,10601,26181,26945,26659,26452,21475,27440
0	582	20444	32339,32473,372,496,26472,2689,2996,25478,471,4127,2819,5533,7815,24737,11104,13373,8206,18316,10877,16001,31613,17269,15623,13526,21634,9880,24385,13732,10601,26181,26945,26659,26452,21475,27440,17593
1	582	24097	32339,32473,372,496,26472,2689,2996,25478,471,4127,2819,5533,7815,24737,11104,13373,8206,18316,10877,16001,31613,17269,15623,13526,21634,9880,24385,13732,10601,26181,26945,26659,26452,21475,27440,17593
1	582	28504	32339,32473,372,496,26472,2689,2996,25478,471,4127,2819,5533,7815,24737,11104,13373,8206,18316,10877,16001,31613,17269,15623,13526,21634,9880,24385,13732,10601,26181,26945,26659,26452,21475,27440,17593,24097
0	582	28879	32339,32473,372,496,26472,2689,2996,25478,471,4127,2819,5533,7815,24737,11104,13373,8206,18316,10877,16001,31613,17269,15623,13526,21634,9880,24385,13732,10601,26181,26945,26659,26452,21475,27440,17593,24097,28504
1	582	29308	32339,32473,372,496,26472,2689,2996,25478,471,4127,2819,5533,7815,24737,11104,13373,8206,18316,10877,16001,31613,17269,15623,13526,21634,9880,24385,13732,10601,26181,26945,26659,26452,21475,27440,17593,24097,28504
