1	401	19696	0
1	401	3932	19696
1	401	11389	19696,3932
1	401	31636	19696,3932,11389
1	401	10144	19696,3932,11389,31636
1	401	11723	19696,3932,11389,31636,10144
1	401	10970	19696,3932,11389,31636,10144,11723
0	401	9188	19696,3932,11389,31636,10144,11723,10970
1	401	6520	19696,3932,11389,31636,10144,11723,10970
1	401	9970	19696,3932,11389,31636,10144,11723,10970,6520
0	401	27654	19696,3932,11389,31636,10144,11723,10970,6520,9970
0	401	12768	19696,3932,11389,31636,10144,11723,10970,6520,9970
1	401	5475	19696,3932,11389,31636,10144,11723,10970,6520,9970
1	401	15048	19696,3932,11389,31636,10144,11723,10970,6520,9970,5475
1	401	17822	19696,3932,11389,31636,10144,11723,10970,6520,9970,5475,15048
1	401	23094	19696,3932,11389,31636,10144,11723,10970,6520,9970,5475,15048,17822
0	401	31721	19696,3932,11389,31636,10144,11723,10970,6520,9970,5475,15048,17822,23094
1	401	31965	19696,3932,11389,31636,10144,11723,10970,6520,9970,5475,15048,17822,23094
1	401	32294	19696,3932,11389,31636,10144,11723,10970,6520,9970,5475,15048,17822,23094,31965
1	401	105	19696,3932,11389,31636,10144,11723,10970,6520,9970,5475,15048,17822,23094,31965,32294
1	401	1784	19696,3932,11389,31636,10144,11723,10970,6520,9970,5475,15048,17822,23094,31965,32294,105
1	401	1998	19696,3932,11389,31636,10144,11723,10970,6520,9970,5475,15048,17822,23094,31965,32294,105,1784
1	401	2195	19696,3932,11389,31636,10144,11723,10970,6520,9970,5475,15048,17822,23094,31965,32294,105,1784,1998
1	401	3273	19696,3932,11389,31636,10144,11723,10970,6520,9970,5475,15048,17822,23094,31965,32294,105,1784,1998,2195
0	401	3391	19696,3932,11389,31636,10144,11723,10970,6520,9970,5475,15048,17822,23094,31965,32294,105,1784,1998,2195,3273
1	401	4292	19696,3932,11389,31636,10144,11723,10970,6520,9970,5475,15048,17822,23094,31965,32294,105,1784,1998,2195,3273
1	401	6401	19696,3932,11389,31636,10144,11723,10970,6520,9970,5475,15048,17822,23094,31965,32294,105,1784,1998,2195,3273,4292
1	401	6762	19696,3932,11389,31636,10144,11723,10970,6520,9970,5475,15048,17822,23094,31965,32294,105,1784,1998,2195,3273,4292,6401
1	401	6786	19696,3932,11389,31636,10144,11723,10970,6520,9970,5475,15048,17822,23094,31965,32294,105,1784,1998,2195,3273,4292,6401,6762
0	401	6961	19696,3932,11389,31636,10144,11723,10970,6520,9970,5475,15048,17822,23094,31965,32294,105,1784,1998,2195,3273,4292,6401,6762,6786
1	401	7374	19696,3932,11389,31636,10144,11723,10970,6520,9970,5475,15048,17822,23094,31965,32294,105,1784,1998,2195,3273,4292,6401,6762,6786
1	401	7780	19696,3932,11389,31636,10144,11723,10970,6520,9970,5475,15048,17822,23094,31965,32294,105,1784,1998,2195,3273,4292,6401,6762,6786,7374
1	401	7915	19696,3932,11389,31636,10144,11723,10970,6520,9970,5475,15048,17822,23094,31965,32294,105,1784,1998,2195,3273,4292,6401,6762,6786,7374,7780
1	401	8527	19696,3932,11389,31636,10144,11723,10970,6520,9970,5475,15048,17822,23094,31965,32294,105,1784,1998,2195,3273,4292,6401,6762,6786,7374,7780,7915
1	401	9703	19696,3932,11389,31636,10144,11723,10970,6520,9970,5475,15048,17822,23094,31965,32294,105,1784,1998,2195,3273,4292,6401,6762,6786,7374,7780,7915,8527
1	401	9765	19696,3932,11389,31636,10144,11723,10970,6520,9970,5475,15048,17822,23094,31965,32294,105,1784,1998,2195,3273,4292,6401,6762,6786,7374,7780,7915,8527,9703
0	401	10155	19696,3932,11389,31636,10144,11723,10970,6520,9970,5475,15048,17822,23094,31965,32294,105,1784,1998,2195,3273,4292,6401,6762,6786,7374,7780,7915,8527,9703,9765
1	401	12290	19696,3932,11389,31636,10144,11723,10970,6520,9970,5475,15048,17822,23094,31965,32294,105,1784,1998,2195,3273,4292,6401,6762,6786,7374,7780,7915,8527,9703,9765
1	401	16185	19696,3932,11389,31636,10144,11723,10970,6520,9970,5475,15048,17822,23094,31965,32294,105,1784,1998,2195,3273,4292,6401,6762,6786,7374,7780,7915,8527,9703,9765,12290
1	401	11160	19696,3932,11389,31636,10144,11723,10970,6520,9970,5475,15048,17822,23094,31965,32294,105,1784,1998,2195,3273,4292,6401,6762,6786,7374,7780,7915,8527,9703,9765,12290,16185
0	401	32407	19696,3932,11389,31636,10144,11723,10970,6520,9970,5475,15048,17822,23094,31965,32294,105,1784,1998,2195,3273,4292,6401,6762,6786,7374,7780,7915,8527,9703,9765,12290,16185,11160
1	401	13443	19696,3932,11389,31636,10144,11723,10970,6520,9970,5475,15048,17822,23094,31965,32294,105,1784,1998,2195,3273,4292,6401,6762,6786,7374,7780,7915,8527,9703,9765,12290,16185,11160
0	401	32406	19696,3932,11389,31636,10144,11723,10970,6520,9970,5475,15048,17822,23094,31965,32294,105,1784,1998,2195,3273,4292,6401,6762,6786,7374,7780,7915,8527,9703,9765,12290,16185,11160,13443
1	401	3694	19696,3932,11389,31636,10144,11723,10970,6520,9970,5475,15048,17822,23094,31965,32294,105,1784,1998,2195,3273,4292,6401,6762,6786,7374,7780,7915,8527,9703,9765,12290,16185,11160,13443
1	401	8671	19696,3932,11389,31636,10144,11723,10970,6520,9970,5475,15048,17822,23094,31965,32294,105,1784,1998,2195,3273,4292,6401,6762,6786,7374,7780,7915,8527,9703,9765,12290,16185,11160,13443,3694
0	401	2323	19696,3932,11389,31636,10144,11723,10970,6520,9970,5475,15048,17822,23094,31965,32294,105,1784,1998,2195,3273,4292,6401,6762,6786,7374,7780,7915,8527,9703,9765,12290,16185,11160,13443,3694,8671
0	401	7593	19696,3932,11389,31636,10144,11723,10970,6520,9970,5475,15048,17822,23094,31965,32294,105,1784,1998,2195,3273,4292,6401,6762,6786,7374,7780,7915,8527,9703,9765,12290,16185,11160,13443,3694,8671
1	401	8297	19696,3932,11389,31636,10144,11723,10970,6520,9970,5475,15048,17822,23094,31965,32294,105,1784,1998,2195,3273,4292,6401,6762,6786,7374,7780,7915,8527,9703,9765,12290,16185,11160,13443,3694,8671
0	401	8210	19696,3932,11389,31636,10144,11723,10970,6520,9970,5475,15048,17822,23094,31965,32294,105,1784,1998,2195,3273,4292,6401,6762,6786,7374,7780,7915,8527,9703,9765,12290,16185,11160,13443,3694,8671,8297
0	401	26438	19696,3932,11389,31636,10144,11723,10970,6520,9970,5475,15048,17822,23094,31965,32294,105,1784,1998,2195,3273,4292,6401,6762,6786,7374,7780,7915,8527,9703,9765,12290,16185,11160,13443,3694,8671,8297
1	401	740	19696,3932,11389,31636,10144,11723,10970,6520,9970,5475,15048,17822,23094,31965,32294,105,1784,1998,2195,3273,4292,6401,6762,6786,7374,7780,7915,8527,9703,9765,12290,16185,11160,13443,3694,8671,8297
1	401	16753	19696,3932,11389,31636,10144,11723,10970,6520,9970,5475,15048,17822,23094,31965,32294,105,1784,1998,2195,3273,4292,6401,6762,6786,7374,7780,7915,8527,9703,9765,12290,16185,11160,13443,3694,8671,8297,740
1	401	17313	19696,3932,11389,31636,10144,11723,10970,6520,9970,5475,15048,17822,23094,31965,32294,105,1784,1998,2195,3273,4292,6401,6762,6786,7374,7780,7915,8527,9703,9765,12290,16185,11160,13443,3694,8671,8297,740,16753
1	401	27167	19696,3932,11389,31636,10144,11723,10970,6520,9970,5475,15048,17822,23094,31965,32294,105,1784,1998,2195,3273,4292,6401,6762,6786,7374,7780,7915,8527,9703,9765,12290,16185,11160,13443,3694,8671,8297,740,16753,17313
1	401	3780	19696,3932,11389,31636,10144,11723,10970,6520,9970,5475,15048,17822,23094,31965,32294,105,1784,1998,2195,3273,4292,6401,6762,6786,7374,7780,7915,8527,9703,9765,12290,16185,11160,13443,3694,8671,8297,740,16753,17313,27167
0	401	9824	19696,3932,11389,31636,10144,11723,10970,6520,9970,5475,15048,17822,23094,31965,32294,105,1784,1998,2195,3273,4292,6401,6762,6786,7374,7780,7915,8527,9703,9765,12290,16185,11160,13443,3694,8671,8297,740,16753,17313,27167,3780
